T	LX	LY	RX	RY
0	0	0	0	0
20	-1,0000000003174E-5	0	0,0025499999999994	0,65536
40	0,65535	0,65535	0,65537	0,65536
60	0,65536	0,65536	0,65537	1,31072
80	1,31072	0,65535	1,31073	1,31072
100	1,31072	0,65535	1,96609	1,31072
120	1,96609	1,31071	1,96611	1,96608
140	1,96609	1,96608	2,62147	1,96608
160	2,62146	1,96607	2,62148	1,96608
180	2,62146	1,96608	2,62148	1,96608
200	2,62147	1,96607	2,62148	1,96608
220	3,27683	1,96607	2,62149	1,96607
240	3,27684	1,31071	2,62149	1,96607
260	3,27684	1,96607	3,27686	1,96607
280	3,27685	1,96606	3,27686	1,96607
300	2,62149	1,31071	3,27687	1,96607
320	3,27685	1,96607	2,62151	1,96607
340	3,27685	1,3107	2,62151	1,96607
360	3,27685	1,3107	2,62151	1,31071
380	2,6215	0,65534	5,24296	1,3107
400	11,14125	1,31069	13,10736	1,96605
420	11,14124	1,96605	10,48588	2,62142
440	6,55367	1,96606	-1,9999999999243E-5	2,62143
460	-0,6554	2,62143	0,65535000000001	3,2768
480	1,3107	3,27679	0,65535000000001	3,2768
500	1,3107	3,27679	1,31072	3,93216
520	1,96607	3,93216	1,96609	4,58753
540	1,96608	4,58753	1,96609	5,24289
560	1,96608	5,24289	1,96609	5,89826
580	1,96608	5,89825	1,96609	5,89826
600	3,93218	5,89825	7,8644	6,55362
620	9,17513	6,55361	9,17514	7,20899
640	8,51976	7,20898	8,51978	7,86435
660	9,17513	7,86433	9,17514	7,86434
680	9,17513	7,86434	9,17514	7,86434
700	9,17513	7,86433	9,17515	7,86434
720	9,17513	7,86433	9,17515	8,5197
740	9,17513	7,86433	9,17514	8,5197
760	9,17514	7,86433	8,51979	8,51969
780	8,51978	8,51969	8,51979	8,5197
800	8,51978	8,51969	8,5198	8,5197
820	8,51978	8,51969	7,86443	9,17506
840	8,51978	8,51969	7,86443	9,17506
860	7,86442	8,51969	7,86443	9,17506
880	7,86442	9,17505	7,86443	9,17506
900	7,86442	9,17505	8,51979	9,17506
920	7,86442	9,17505	7,86443	9,17506
940	7,20906	9,17506	7,20908	9,17506
960	7,86443	9,17505	11,79664	9,17505
980	12,45201	8,51968	11,14129	9,83041
1000	11,14128	9,83041	11,14384	10,48579
1020	11,14128	9,83042	10,48593	10,48578
1040	11,14127	9,83042	11,14128	9,83042
1060	11,14127	9,83041	11,79664	9,83042
1080	12,45198	9,17505	12,45199	9,83041
1100	12,45197	9,17505	12,45198	9,83042
1120	12,45198	9,17505	12,45199	9,83041
1140	12,45198	9,17505	12,45199	9,83042
1160	12,45198	9,17505	12,45199	9,83041
1180	12,45198	9,17505	12,45198	9,17505
1200	12,45198	9,17505	11,79663	9,17505
1220	12,45197	9,17504	12,45199	9,17505
1240	12,45197	9,17505	11,79663	9,17505
1260	12,45198	9,17504	15,07345	9,17504
1280	21,62712	9,17503	24,90399	9,83039
1300	24,24862	9,83039	23,59326	10,48577
1320	23,59325	10,48576	24,24862	10,48576
1340	24,2486	10,48576	23,59326	10,48576
1360	23,59324	10,48576	24,24861	10,48576
1380	23,59324	10,48576	23,59324	10,48577
1400	23,59323	10,48577	23,59324	11,14113
1420	23,59323	11,14112	22,93788	11,14113
1440	22,93787	11,14112	22,93788	10,48577
1460	22,28251	10,48577	22,28251	11,14113
1480	22,28251	10,48576	22,28251	11,14113
1500	22,2825	10,48577	22,28251	10,48577
1520	22,2825	10,48576	21,62715	10,48577
1540	21,62714	10,48576	21,62716	10,48577
1560	25,55934	10,48576	32,11305	10,48575
1580	33,42379	11,14111	31,45771	11,79648
1600	31,45769	11,79648	31,45771	11,79649
1620	31,4577	11,79648	31,45771	11,79648
1640	31,4577	11,14112	31,45771	11,14112
1660	31,4577	11,14112	31,45771	11,79648
1680	31,4577	11,14111	31,45771	11,14112
1700	31,45769	10,48575	32,11305	11,14112
1720	32,11304	10,48574	33,42377	10,48575
1740	38,66671	10,48574	41,2882	11,79647
1760	40,63283	11,14111	40,63283	11,79647
1780	39,97745	11,14111	40,63282	11,79648
1800	39,97745	11,14111	39,97746	11,79648
1820	39,97744	11,14111	39,32209	11,79647
1840	39,32208	11,14111	-41,94255	11,79648
1860	38,66671	11,14111	39,32208	11,79647
1880	39,32207	11,14111	38,66672	11,14111
1900	38,6667	11,1411	38,66671	11,14111
1920	38,01134	10,48574	38,01135	10,48575
1940	38,01133	10,48575	37,35598	10,48575
1960	38,01133	10,48574	37,35598	10,48575
1980	37,35597	10,48574	37,35597	11,14111
2000	37,35596	10,48575	36,70062	11,14111
2020	36,7006	10,48575	36,70061	11,14111
2040	36,7006	10,48575	39,97745	11,14111
2060	47,84187	11,79647	52,42947	12,45184
2080	52,42947	12,45184	51,11876	13,1072
2100	51,11874	13,1072	51,11876	13,1072
2120	51,11875	12,45184	51,11877	13,10721
2140	50,4634	12,45184	50,46341	13,10721
2160	50,4634	12,45184	50,46341	13,10721
2180	50,46341	12,45184	50,46342	13,10721
2200	50,46341	12,45184	49,80806	13,10799
2220	50,46341	12,45184	49,80807	13,10721
2240	49,80806	12,45184	49,80807	13,10721
2260	49,80807	12,45184	49,80808	13,10721
2280	49,80806	13,10721	49,80808	13,10721
2300	49,1527	13,10721	49,80807	13,10721
2320	49,1527	12,45185	49,80807	13,10721
2340	49,80806	12,45184	50,46342	12,45185
2360	51,11877	12,45184	51,11878	12,45185
2380	51,11876	12,45184	51,11878	12,45185
2400	51,11876	11,79648	51,11877	12,45185
2420	51,11877	11,79648	53,74024	12,45185
2440	54,3956	13,10721	53,08488	14,41795
2460	53,08486	13,76258	53,08487	14,41795
2480	52,4295	13,76258	52,42951	14,41795
2500	52,42949	14,41794	52,4295	14,41795
2520	52,42949	14,41794	52,42951	14,41795
2540	52,4295	14,41794	52,42951	14,41795
2560	53,08486	14,41794	52,42951	14,41794
2580	52,4295	14,41794	52,42952	14,41794
2600	52,4295	14,41793	52,42952	14,41794
2620	52,42951	14,41793	52,42952	14,41794
2640	52,4295	14,41793	52,42951	14,41794
2660	52,4295	14,41793	52,42951	14,41794
2680	52,42951	14,41793	52,42952	14,41794
2700	51,77415	13,76257	48,49731	13,76257
2720	47,18654	13,10721	47,18657	14,41794
2740	47,84192	14,41793	47,84193	14,41794
2760	47,18656	14,41793	47,18657	14,41794
2780	47,18656	14,41793	47,18657	14,41794
2800	47,18656	14,41793	47,18657	14,41794
2820	47,18657	14,41793	47,18657	14,41794
2840	47,18656	14,41793	47,18657	14,41794
2860	47,18657	14,41793	47,18658	14,41794
2880	47,18657	14,41793	47,18659	15,0733
2900	46,53122	14,41793	46,53123	15,0733
2920	47,18658	14,41793	46,53123	15,07329
2940	47,18658	14,41793	46,53123	15,0733
2960	46,53122	14,41793	46,53123	15,0733
2980	47,18657	14,41793	51,11878	14,41793
3000	53,08488	15,07329	53,08489	15,72866
3020	52,4295	15,72866	52,42952	15,72866
3040	52,4295	15,72865	53,08488	15,72866
3060	53,08487	15,72866	53,08488	16,38402
3080	52,42951	15,72866	51,77416	16,38403
3100	52,42951	16,38402	51,77416	17,03939
3120	51,77415	17,03939	51,77416	17,03939
3140	51,77415	16,38402	51,1188	17,03939
3160	51,11879	17,03938	51,11881	17,03939
3180	51,11879	17,03938	51,11881	17,69476
3200	51,1188	17,03939	51,1188	17,69475
3220	51,11879	17,03939	50,46344	17,69475
3240	50,46343	17,69474	50,46344	17,03939
3260	51,11879	17,03938	52,42954	17,03939
3280	55,70637	17,69474	55,70639	17,69475
3300	54,39564	17,69475	55,05102	18,35011
3320	55,05101	17,69474	55,05102	17,69475
3340	55,051	17,69474	55,05102	17,69474
3360	55,05101	17,03937	55,05102	17,03938
3380	55,05101	17,03937	55,05102	17,03937
3400	55,05101	17,03937	55,05102	17,03937
3420	55,05101	16,384	55,05102	16,38401
3440	55,05101	15,72864	55,05103	16,384
3460	55,05102	15,72864	55,70639	15,72864
3480	55,70638	15,72863	55,70639	15,72864
3500	55,70638	15,72863	55,70639	15,07328
3520	55,70638	15,07326	55,7064	15,07327
3540	55,70638	14,4179	55,7064	15,07327
3560	55,70638	14,4179	55,7064	14,4179
3580	55,70639	13,76254	55,70639	14,41791
3600	55,70638	13,76254	55,7064	14,4179
3620	55,70639	13,76254	55,7064	13,76255
3640	56,36174	13,10717	56,36175	13,76254
3660	57,0171	13,10717	57,67247	13,10718
3680	57,67245	13,10717	57,67247	13,10718
3700	57,67245	12,45181	58,32782	12,45181
3720	57,67245	11,79644	57,67246	12,45181
3740	58,32782	11,79644	58,32783	12,45181
3760	58,98318	11,79644	64,88151	12,45181
3780	70,12449	11,79644	72,74599	13,10717
3800	71,43526	12,4518	71,43526	13,10717
3820	72,09061	13,10716	72,09062	13,10717
3840	72,09061	13,10717	71,43527	13,10717
3860	71,43525	13,10716	72,09063	13,10717
3880	72,09061	12,4518	71,43526	13,10717
3900	72,09062	13,10716	71,43527	13,10717
3920	72,09062	13,10716	72,09063	13,10717
3940	72,09062	12,4518	72,09063	13,10716
3960	72,09062	12,4518	72,09064	12,45181
3980	72,09062	12,4518	72,09064	12,45181
4000	72,74598	11,79644	72,746	12,45181
4020	72,09063	12,4518	72,09065	12,45181
4040	72,746	11,79644	72,74601	11,79644
4060	72,09064	11,79644	69,46917	11,14108
4080	68,81377	10,48572	68,81378	11,79645
4100	68,81377	11,14108	68,81379	11,1411
4120	68,81378	10,48573	68,15844	11,1411
4140	68,81379	11,14109	68,8138	11,1411
4160	68,81379	11,1411	68,81381	11,1411
4180	68,8138	11,14109	68,81382	11,79646
4200	68,8138	11,1411	68,81382	11,14111
4220	68,81381	11,14109	69,46918	11,1411
4240	69,46917	10,48574	68,81383	11,1411
4260	68,81382	10,48573	68,81383	11,1411
4280	68,81382	10,48573	68,81382	11,1411
4300	68,81381	10,48573	71,43528	10,48573
4320	74,05676	10,48573	75,3675	10,48574
4340	75,36748	11,1411	75,36749	11,14111
4360	74,71212	10,48574	74,71213	11,14111
4380	75,36748	10,48574	74,71213	10,48575
4400	74,71212	10,48574	74,71214	11,14111
4420	75,36748	11,1411	75,36749	11,1411
4440	75,36749	11,1411	74,71214	11,1411
4460	74,71213	10,48574	74,71213	11,14111
4480	75,36749	10,48574	75,3675	11,14111
4500	75,36748	10,48574	75,36749	11,14111
4520	74,71212	10,48574	74,71214	11,14111
4540	74,71212	11,1411	75,3675	11,1411
4560	75,36749	11,1411	75,36751	11,79646
4580	74,71213	11,1411	74,71214	11,79647
4600	74,71213	11,79646	74,71215	11,79647
4620	73,4014	11,1411	70,12454	11,79647
4640	69,46916	11,14111	69,46917	11,79648
4660	69,46917	11,79647	69,46918	11,79648
4680	69,46917	11,79647	68,81382	11,79648
4700	69,46918	11,79647	69,46918	11,79647
4720	69,46917	11,79647	68,81383	11,79647
4740	69,46917	11,79647	69,46919	11,79647
4760	68,81382	11,79646	68,81384	11,79647
4780	69,46918	11,14111	68,81383	11,79647
4800	68,81383	11,1411	68,81384	11,79647
4820	68,81383	11,1411	68,81385	11,14111
4840	68,81383	11,1411	68,15848	11,14111
4860	68,81384	10,48574	68,81384	11,14111
4880	68,81383	10,48574	68,81385	11,14111
4900	68,81384	10,48574	68,81385	11,1411
4920	68,81384	10,48574	68,81384	11,14111
4940	69,46919	10,48574	69,4692	11,1411
4960	70,12455	10,48574	70,12455	11,1411
4980	70,12454	10,48573	70,77991	10,48574
5000	70,7799	9,83037	70,77991	10,48574
5020	70,12454	9,83037	70,77991	9,83038
5040	70,77989	9,83037	70,77991	10,48574
5060	70,7799	9,83037	70,77991	9,83037
5080	70,77989	9,17501	70,77991	9,83038
5100	70,77989	9,17501	70,77991	9,83037
5120	70,7799	9,17501	70,77991	9,17501
5140	70,7799	9,17501	71,43527	9,17501
5160	70,7799	9,175	71,43527	9,17501
5180	70,7799	9,17501	70,77991	9,17501
5200	70,77989	9,175	70,7799	9,17501
5220	70,7799	8,51964	70,77991	9,17501
5240	69,46915	7,86428	67,50304	7,86429
5260	67,50303	7,86428	67,50305	8,51965
5280	67,50303	8,51965	67,50305	8,52047
5300	67,50304	7,86429	67,50305	8,51966
5320	67,50304	8,51966	66,84769	8,51966
5340	66,84768	7,8643	66,84769	8,51966
5360	66,84768	8,51966	66,84769	8,51967
5380	66,84768	7,8643	66,84769	8,51967
5400	67,50304	8,51966	66,8477	8,51967
5420	66,84768	7,8643	66,84769	8,51967
5440	66,84769	7,8643	66,8477	7,8643
5460	66,84769	7,8643	66,8477	8,51966
5480	66,84769	8,51966	66,8477	8,51966
5500	66,84769	7,8643	66,8477	8,51966
5520	66,84769	8,51966	66,8477	8,51966
5540	66,84769	7,8643	66,8477	8,51967
5560	66,19233	7,8643	66,8477	8,51967
5580	67,50304	7,8643	67,50306	7,86431
5600	67,50304	7,8643	67,50305	8,51967
5620	68,15839	7,8643	67,50304	8,51967
5640	68,15839	7,8643	68,15841	8,51967
5660	68,15839	7,8643	67,50305	8,51967
5680	67,50303	7,86431	67,50304	8,51967
5700	67,50304	8,51966	67,50305	8,51967
5720	67,50304	7,8643	70,12452	9,17503
5740	75,36748	9,17502	75,36751	9,8304
5760	74,05676	10,48575	73,40141	10,48576
5780	74,05676	10,48575	74,05678	10,48576
5800	73,4014	10,48576	73,40142	11,14113
5820	73,4014	11,14112	72,74606	11,14113
5840	72,74605	11,14112	72,74605	11,79649
5860	73,4014	11,14112	72,74606	11,79649
5880	72,74604	11,79648	72,74605	11,79649
5900	73,4014	11,79648	73,4014	11,79648
5920	73,40139	11,79647	73,4014	11,79648
5940	74,05674	11,79646	74,05675	11,79646
5960	75,36745	11,79644	76,02282	12,4518
5980	76,67816	12,45179	77,33353	13,10715
6000	78,64423	12,45177	78,64425	13,10713
6020	79,95495	13,76248	79,95496	13,76248
6040	81,26567	13,76247	81,26568	14,41783
6060	80,61029	13,76246	79,29953	14,41783
6080	79,29952	14,41782	79,29954	15,72855
6100	79,29953	15,72854	78,64419	15,72855
6120	79,29954	15,07318	79,29955	15,72855
6140	79,29954	15,72854	79,29955	15,72855
6160	78,64418	15,72854	79,29955	15,72855
6180	79,29954	15,72855	79,29955	15,72855
6200	79,29954	15,72854	79,29956	15,72855
6220	79,29954	15,72854	79,29956	15,72855
6240	79,29954	15,72854	79,29956	15,72855
6260	79,29954	15,72855	79,95491	15,72855
6280	79,95489	15,07318	80,61026	15,07319
6300	78,64415	14,41782	76,02266	13,76247
6320	76,02265	13,76247	76,02266	14,41784
6340	76,02266	14,41783	76,02267	15,0732
6360	76,02266	15,0732	76,02267	15,0732
6380	75,3673	15,07319	75,36731	15,72856
6400	76,02266	15,0732	75,36731	15,72857
6420	75,3673	15,0732	75,36731	15,0732
6440	75,36731	15,0732	75,36732	15,72857
6460	75,3673	15,0732	75,36732	15,72857
6480	75,36731	15,72856	75,36732	16,38393
6500	75,36731	16,38393	75,36732	17,0393
6520	75,36731	17,03929	74,71196	17,03929
6540	77,33342	17,69465	80,61029	17,69466
6560	81,26565	17,69465	79,95494	18,35002
6580	79,95492	18,35002	79,95493	19,00539
6600	79,95493	18,35002	79,95495	19,00539
6620	79,29957	18,35002	79,29958	19,66075
6640	78,64421	19,00538	78,64423	19,66075
6660	78,64422	19,00538	77,98887	19,00539
6680	77,98886	19,00538	77,98887	19,00539
6700	77,33351	19,00538	77,33352	19,00539
6720	77,33351	19,00538	77,33352	19,00539
6740	77,33351	19,00539	77,33353	19,00539
6760	76,67815	19,00539	77,33353	19,66075
6780	76,67815	19,00539	76,67817	19,00539
6800	76,67816	19,00539	76,02281	19,66075
6820	76,0228	19,00539	76,02281	19,00539
6840	76,0228	19,00538	76,02281	19,00539
6860	76,0228	19,00538	76,02281	19,66075
6880	78,64428	19,66075	77,33357	20,31612
6900	77,33355	20,97148	76,6782	21,62685
6920	76,67818	21,62685	76,6782	22,28222
6940	76,02283	21,62686	76,02284	22,28222
6960	76,02282	22,28222	76,02283	22,28222
6980	76,02282	22,28222	76,67819	22,28222
7000	77,33353	22,28222	77,33354	22,28222
7020	77,33353	22,28222	77,33353	22,28223
7040	77,98888	22,28222	77,98889	22,28223
7060	77,33352	22,28222	77,98889	22,93759
7080	77,33352	22,93759	77,33353	22,93759
7100	77,98888	22,93758	77,33353	22,93759
7120	77,98888	22,93759	77,33353	22,9376
7140	77,33352	22,93759	77,33353	22,93759
7160	77,98887	22,93759	77,33352	23,59295
7180	77,98888	22,93759	77,33352	22,9376
7200	77,33351	22,93758	78,64427	22,93759
7220	81,26573	22,93757	81,26575	23,59295
7240	80,61038	23,59294	81,26574	23,59295
7260	81,26574	22,93758	81,26574	23,59294
7280	81,26573	22,93758	80,61039	23,59295
7300	80,61037	22,93758	80,61038	23,59295
7320	80,61037	22,93758	80,61038	23,59295
7340	80,61037	23,59294	79,95502	23,59295
7360	80,61037	23,59294	79,95502	23,59295
7380	79,95501	23,59294	79,95502	23,59294
7400	79,95501	23,59293	79,95502	23,59294
7420	79,95501	22,93758	79,95502	23,59294
7440	79,95501	22,93757	79,95502	22,93757
7460	79,95502	22,93757	79,95503	22,93757
7480	79,95501	22,93757	79,95503	22,93758
7500	79,95502	22,93757	79,29967	22,93758
7520	79,95502	22,93757	79,29967	22,93758
7540	79,29966	22,93757	79,29967	22,93758
7560	79,95502	22,93757	79,29967	22,93757
7580	79,29965	22,28221	79,29967	22,93757
7600	79,29966	22,28221	79,29968	22,93758
7620	79,95502	22,93757	79,29967	22,93758
7640	79,29967	22,93757	79,29968	22,93758
7660	79,29966	22,28221	78,64432	22,93758
7680	81,26577	22,93757	89,13022	22,93758
7700	95,02856	23,59294	96,33932	24,24831
7720	95,02858	24,24831	95,02859	24,90367
7740	95,02858	24,24831	95,68395	24,90367
7760	95,68393	24,24831	95,68394	24,24831
7780	96,33928	23,59294	95,68393	24,24831
7800	96,33928	23,59294	96,33929	24,24831
7820	96,33927	23,59294	96,33929	23,59295
7840	96,33927	23,59295	96,33929	23,59295
7860	96,33928	23,59294	96,33929	23,59295
7880	96,33928	23,59294	96,33929	23,59295
7900	96,33928	22,93758	96,33929	23,59294
7920	96,33928	22,93758	96,33929	23,59295
7940	96,99464	22,93758	96,33929	23,59294
7960	96,33928	22,93758	96,33929	23,59295
7980	96,33928	22,93758	96,33929	22,93759
8000	96,33928	22,93758	96,33928	23,59294
8020	96,33929	22,93757	96,33929	22,93758
8040	96,33928	22,93758	96,33929	23,59295
8060	96,33928	23,59294	96,3393	24,24831
8080	96,33928	24,90366	96,99466	25,55904
8100	96,99465	26,21439	96,99466	27,52512
8120	97,65002	27,52512	96,99467	28,83585
8140	96,99467	28,83584	96,99468	30,14657
8160	96,33931	30,14657	96,33933	30,80193
8180	96,33931	30,14656	95,68397	31,45729
8200	95,68396	30,80192	95,02861	30,80193
8220	95,0286	30,80192	94,37326	30,80192
8240	94,37325	30,80192	94,37325	30,80193
8260	94,37324	30,14656	94,37327	30,14656
8280	94,37325	30,14655	94,37327	30,14656
8300	94,37326	29,49119	94,37327	28,83583
8320	93,7179	27,5251	85,19812	25,55903
8340	74,71216	23,59295	70,12456	23,59296
8360	70,77991	23,59296	71,43529	24,24833
8380	70,77992	24,24832	70,77994	24,24833
8400	71,43528	24,24832	70,77994	24,90369
8420	70,77993	24,24832	70,77994	24,24833
8440	70,77993	24,24832	70,77995	24,90369
8460	70,77994	23,59296	70,77995	24,24833
8480	70,77994	23,59296	70,77996	24,24832
8500	71,43531	23,59296	71,43531	24,24832
8520	72,09066	23,59296	72,09068	24,24832
8540	72,74603	23,59296	72,74604	24,24833
8560	72,74603	24,90368	72,74603	24,90368
8580	73,40139	24,90368	72,74605	24,90369
8600	73,4014	24,90367	74,05677	24,90368
8620	82,57656	24,90367	92,40714	26,2144
8640	96,99476	26,86976	95,68406	27,52513
8660	94,37332	27,52512	95,02869	28,18049
8680	94,37332	27,52513	95,0287	28,18049
8700	95,02869	27,52512	95,0287	28,18049
8720	95,02869	28,18048	95,68407	28,18049
8740	95,0287	28,18048	95,68408	28,18049
8760	95,68408	27,52512	95,68409	28,18049
8780	95,68408	27,52512	95,68409	28,18048
8800	95,68408	27,52512	95,68409	28,18048
8820	95,68408	27,52511	95,68409	28,18048
8840	95,68408	27,52511	95,68409	28,18048
8860	95,68407	27,52511	95,68409	28,18048
8880	95,68408	28,18047	95,68409	28,18048
8900	95,02872	27,52512	95,02873	28,18048
8920	95,68409	27,52511	95,02874	28,18048
8940	95,02872	27,52511	95,02874	27,52512
8960	95,02872	27,52511	95,02874	27,52512
8980	93,71799	26,21438	80,61061	24,24833
9000	64,88167	23,59298	57,01724	23,59301
9020	57,01721	23,593	57,67259	24,90373
9040	57,01722	24,24836	57,01723	24,24837
9060	57,67258	24,24836	57,67259	24,90372
9080	57,01722	24,90372	57,01723	24,90372
9100	57,67258	24,90372	57,67259	25,55907
9120	57,01722	24,90371	57,01723	25,55908
9140	57,01722	24,90371	57,01723	25,55907
9160	57,01722	24,90371	57,01723	25,55907
9180	57,01722	25,55907	57,01723	25,55908
9200	57,01721	25,55907	56,36187	25,55908
9220	57,01721	24,9037	57,67259	25,55907
9240	58,32793	24,9037	58,32795	24,9037
9260	58,98329	24,24834	58,32794	24,24834
9280	59,63865	22,93761	72,09067	22,93761
9300	91,75178	22,28223	101,5824	23,59296
9320	99,61631	23,59296	96,33949	24,24833
9340	96,33948	24,24832	96,99485	24,90369
9360	96,33947	24,90368	96,33949	24,90368
9380	96,99483	24,90368	96,99484	24,90369
9400	96,99483	24,90368	96,99484	24,90368
9420	96,99483	24,90368	96,99483	24,90368
9440	96,33946	24,24831	96,99483	24,90368
9460	96,33946	24,90367	96,33946	24,90368
9480	96,33945	24,90367	95,6841	25,55904
9500	95,68409	24,90367	95,68411	24,90368
9520	96,33946	25,55904	95,6841	25,55904
9540	96,33945	25,55904	95,6841	26,21441
9560	95,68409	26,2144	95,6841	26,86977
9580	95,68408	26,86976	95,6841	26,86976
9600	95,68408	26,86976	94,37335	28,1805
9620	94,37333	28,83586	93,71798	29,49123
9640	93,71797	29,49122	93,06263	30,14659
9660	93,06262	30,14658	93,06263	30,14659
9680	93,71798	29,49122	93,06263	30,14659
9700	93,06262	29,49123	93,06264	30,14659
9720	93,06263	30,14658	93,06264	30,14659
9740	92,40727	29,49122	92,40728	30,14659
9760	92,40727	29,49122	92,40728	29,49122
9780	92,40726	28,83586	92,40727	28,83586
9800	92,40727	28,83585	92,40727	28,83586
9820	92,40726	28,18049	92,40728	28,1805
9840	91,7519	27,52513	91,75192	27,52513
9860	92,40727	26,86977	91,75192	26,86978
9880	92,40726	26,86976	91,75191	26,21441
9900	92,40726	26,21441	92,40727	26,21441
9920	92,40725	25,55904	92,40726	25,55905
9940	93,71796	25,55904	93,06261	25,55905
9960	93,0626	24,90368	93,06261	25,55905
9980	93,0626	24,90368	93,06261	24,90369
10000	93,06259	24,90368	93,06261	24,90369
10020	93,06259	24,90368	92,40724	24,90369
10040	93,06259	24,90369	92,40724	24,90369
10060	92,40723	23,59296	92,40724	24,24833
10080	92,40722	23,59297	93,06259	23,59297
10100	92,40722	23,59297	92,40723	23,59297
10120	93,06258	23,59296	91,75186	23,59297
10140	94,37331	22,9376	96,9948	23,59297
10160	96,33942	23,59297	95,68406	24,24834
10180	95,68405	24,24833	95,68406	24,24834
10200	95,68404	23,59297	95,68405	23,59298
10220	95,68404	23,59297	95,02869	24,24834
10240	95,02868	23,59297	95,02869	24,24834
10260	95,02868	24,24833	95,02869	24,9037
10280	94,37332	24,24833	94,37334	24,9037
10300	94,37333	24,24833	93,71798	24,9037
10320	93,71796	24,90369	94,37334	24,9037
10340	93,71797	24,24833	93,71798	24,9037
10360	91,75187	24,24833	89,13039	24,24834
10380	89,13038	24,24834	89,1304	24,90371
10400	89,13039	24,9037	89,1304	24,90371
10420	88,47503	24,9037	88,47505	24,90371
10440	88,47504	24,24834	88,47505	24,90371
10460	87,81967	24,24834	88,47505	24,90371
10480	88,47503	24,24834	87,81969	24,90371
10500	88,47504	24,24834	87,81969	24,24835
10520	87,81968	24,24834	87,81969	24,24835
10540	88,47504	24,24834	87,81969	24,24835
10560	87,81969	23,59298	88,47506	24,24834
10580	93,06263	23,59298	96,3395	24,24834
10600	96,33949	24,24834	96,33949	24,24835
10620	96,33947	24,24834	96,33948	24,90371
10640	96,33945	24,24834	96,33947	24,90371
10660	96,33945	24,24834	96,33947	24,90371
10680	96,33945	24,90371	96,33947	25,55907
10700	96,33945	24,9037	95,6841	25,55907
10720	95,68409	24,90371	95,6841	25,55907
10740	96,33945	24,9037	95,6841	25,55907
10760	96,33945	24,90371	96,33946	25,55907
10780	96,33944	24,90371	96,33945	25,55908
10800	96,33944	24,90371	96,33945	24,90372
10820	95,68408	24,9037	95,68409	25,55908
10840	95,68408	24,90371	95,68409	25,55908
10860	95,68408	24,90371	95,68409	25,55907
10880	95,68408	24,90371	95,68409	25,55907
10900	95,68408	24,90371	95,68409	25,55908
10920	96,33945	24,9037	98,30557	25,55908
10940	98,30556	25,55908	97,65021	26,8698
10960	97,65019	26,8698	97,6502	27,52517
10980	97,65018	27,52516	96,99484	27,52517
11000	96,99483	28,18053	96,99483	28,8359
11020	96,99482	28,18053	96,99484	28,8359
11040	96,99482	28,83589	96,99483	29,49126
11060	96,99482	28,8359	96,99483	28,8359
11080	95,6841	27,52517	82,57671	24,90375
11100	57,67259	20,31626	30,80247	17,69487
11120	11,14138	16,38418	6,55379	18,35027
11140	7,86451	20,97172	7,86454	22,93782
11160	7,20916	24,90391	7,20917	26,21464
11180	7,20916	27,52536	7,20917	28,83609
11200	7,20916	29,49145	7,86453	30,14681
11220	7,86452	30,14681	7,86454	30,80217
11240	7,86453	31,45753	7,86455	31,45753
11260	7,86454	31,45753	8,51991	32,11289
11280	8,5199	31,45753	9,17527	32,11289
11300	9,17526	31,45752	9,17527	31,45753
11320	4,5877	28,83607	0,00012000000000256	26,21462
11340	-0,65527	25,55926	0,00010000000000332	26,21463
11360	9,0000000000146E-5	26,21462	0,00010999999999939	26,86999
11380	0,65546	26,21462	0,00010999999999939	26,86998
11400	0,65546	26,21462	0,00010999999999939	26,86998
11420	0,65546	26,21462	0,65547	26,86999
11440	0,65546	26,21461	0,65547	26,86998
11460	1,31082	26,21462	1,31083	26,86998
11480	1,31082	26,21461	1,96619	26,86998
11500	1,31081	26,21461	1,31083	26,21462
11520	1,96618	25,55924	1,31083	25,55925
11540	1,96618	24,90388	1,31083	25,55925
11560	1,31082	24,90388	2,62156	24,90388
11580	4,58764	25,55924	4,58766	25,55924
11600	3,93229	24,90388	3,9323	25,55924
11620	3,93229	24,90387	3,9323	24,90388
11640	3,93229	24,24851	3,93231	24,90388
11660	3,93229	23,59315	3,93231	23,59316
11680	3,9323	23,59315	3,27695	23,59315
11700	3,9323	22,93778	3,93231	23,59315
11720	3,27694	22,93778	3,93231	22,93778
11740	3,93231	22,28241	3,27696	22,28242
11760	3,93231	21,62705	3,93232	21,62706
11780	3,93231	21,62705	3,93233	21,62705
11800	3,93232	20,97169	3,93233	20,97169
11820	3,93232	20,31632	3,93233	20,97169
11840	3,93232	20,31632	3,93233	20,31633
11860	3,27696	20,31632	3,93234	19,66096
11880	3,93233	19,66096	3,27698	20,31632
11900	3,27697	19,66096	3,27698	19,66096
11920	3,27698	19,66095	3,27698	19,66096
11940	2,62162	19,66095	3,27699	19,66096
11960	2,62162	19,66095	2,62164	19,66096
11980	2,62163	19,66095	2,62164	19,66096
12000	3,27699	19,66095	3,277	19,66095
12020	3,93234	19,00559	3,93236	19,00559
12040	3,93234	19,00558	4,58771	19,00559
12060	3,93234	19,00558	4,58771	19,00559
12080	3,93234	19,00558	3,93236	19,00559
12100	3,93235	19,00559	3,93236	19,00559
12120	3,93235	19,00558	3,93236	19,00559
12140	3,93234	18,35022	3,93236	19,00559
12160	3,93235	18,35022	3,277	19,00559
12180	3,93235	18,35022	3,93236	19,00559
12200	3,93234	18,35022	3,93236	19,00558
12220	3,27699	18,35022	3,277	18,35022
12240	3,27699	18,35022	3,277	18,35023
12260	3,27698	18,35022	2,62164	18,35022
12280	3,93235	18,35022	9,83066	18,35021
12300	12,45213	18,35021	11,79678	19,00558
12320	11,1414	19,00558	11,79678	19,66094
12340	11,79677	19,00558	11,79678	19,66094
12360	11,14141	19,66093	11,79678	19,66094
12380	11,79677	19,00557	11,79678	19,00557
12400	11,79677	19,00557	11,79679	19,00557
12420	11,79678	19,00557	11,79679	18,35021
12440	11,79678	18,3502	16,38435	18,3502
12460	20,31655	17,69482	20,31657	18,35019
12480	19,6612	18,35018	19,66121	18,35019
12500	19,6612	17,69483	19,66121	18,35019
12520	19,6612	17,69482	19,00585	18,35019
12540	19,00584	17,69483	19,66121	17,69483
12560	19,00584	17,69482	19,00586	17,69483
12580	19,00585	17,69482	18,3505	17,69482
12600	18,35048	17,03946	18,35049	17,69482
12620	18,35048	17,03946	18,3505	17,03946
12640	18,35048	16,38409	18,35049	16,3841
12660	18,35048	16,38409	18,35049	16,3841
12680	19,00583	15,72873	19,00585	15,72873
12700	19,00582	15,72872	17,03972	15,72873
12720	17,03969	15,07337	17,69507	15,72874
12740	17,69506	15,07336	17,69506	15,72873
12760	17,69505	16,38408	17,69506	15,07337
12780	17,69505	14,418	18,35042	14,41801
12800	18,3504	14,418	17,69506	14,418
12820	17,69504	13,76263	17,69506	14,418
12840	18,3504	13,76264	18,35041	13,76264
12860	18,3504	13,10727	19,00576	13,10728
12880	19,00575	12,45191	19,00576	12,45191
12900	19,00575	11,79654	19,00576	11,79655
12920	19,00576	11,79654	19,00576	12,45191
12940	19,00575	11,79654	19,00576	11,79654
12960	19,00575	11,79654	19,66112	11,79654
12980	19,66111	11,14118	19,00576	11,79654
13000	19,00575	11,14117	19,00576	11,14118
13020	19,00575	10,48581	19,00576	11,14118
13040	19,00575	10,48581	19,00576	11,14117
13060	18,35293	10,48581	19,00576	10,48581
13080	19,00575	10,4858	19,00576	10,48581
13100	18,35038	10,48581	18,35039	10,48581
13120	19,00574	10,4858	18,35039	10,4858
13140	19,00574	9,83044	19,00575	10,4858
13160	18,35038	9,83044	19,00576	9,83044
13180	18,35039	9,17507	20,31649	9,83043
13200	24,90405	9,83043	26,2148	10,4858
13220	24,90406	9,83043	24,90407	10,4858
13240	24,2487	10,48579	24,24871	10,4858
13260	24,2487	9,83044	23,59335	10,4858
13280	24,2487	10,4858	23,59335	10,4858
13300	23,59334	10,4858	22,938	10,48581
13320	22,93799	10,4858	23,59336	10,4858
13340	23,59335	10,4858	22,938	10,48581
13360	23,59335	10,4858	23,59336	10,4858
13380	24,2487	9,83044	24,2487	10,4858
13400	24,24869	9,83044	24,2487	10,4858
13420	24,24869	9,83044	24,24869	9,83044
13440	24,24868	9,83044	24,90405	9,83044
13460	32,76844	9,83043	38,01141	10,4858
13480	38,66679	11,14115	37,35607	11,79653
13500	37,35605	11,79652	37,35607	11,79652
13520	37,35606	11,14116	38,01143	11,79652
13540	37,35605	11,79652	37,35606	11,79652
13560	37,35605	11,79652	38,01143	11,79652
13580	38,01142	11,14116	38,01143	11,79652
13600	38,01142	11,14115	38,01143	11,79652
13620	38,01142	11,14115	38,01143	11,79652
13640	38,01142	11,14115	38,01143	11,79652
13660	38,01142	11,14115	38,01143	11,14116
13680	38,01142	11,14115	38,01143	11,14116
13700	38,01142	11,14115	38,01143	11,14116
13720	38,01142	11,14115	38,01143	11,79652
13740	38,01141	10,4858	37,35607	11,79652
13760	38,01142	11,14116	38,01143	11,14116
13780	37,35606	11,14115	37,35608	11,79652
13800	38,01143	11,14116	37,35608	11,79652
13820	37,35607	11,14116	37,35608	11,79652
13840	37,35607	11,79652	37,35608	11,79653
13860	37,35607	11,79652	37,35608	11,79653
13880	37,35608	11,14116	36,70073	11,79653
13900	37,35608	11,79652	36,70073	11,79653
13920	37,35608	11,79652	36,70073	11,79652
13940	41,94366	11,14116	46,53127	11,79653
13960	47,18665	12,45188	46,5313	13,10725
13980	46,53129	13,10725	46,5313	13,10725
14000	45,87592	13,10725	45,87593	13,10726
14020	45,87593	13,10725	46,5313	13,76263
14040	45,87593	13,76262	45,87594	13,76262
14060	46,53128	13,10725	46,53129	13,10726
14080	48,49737	13,10725	55,05107	13,10725
14100	57,01718	13,76261	56,36183	13,76261
14120	55,70645	13,76261	55,70646	14,41797
14140	56,36181	13,76262	55,70645	14,41798
14160	56,3618	13,76261	55,70645	14,41799
14180	55,70644	14,41798	55,70645	14,41799
14200	56,3618	14,41798	55,70645	14,41799
14220	55,70644	14,41798	56,36181	14,41798
14240	56,36181	13,76262	56,36181	13,76262
14260	57,01717	13,76262	56,36182	13,76262
14280	56,36181	13,10726	56,36182	13,10726
14300	56,36181	13,10726	57,01718	13,10727
14320	56,36181	12,4519	56,36182	12,4519
14340	57,01717	12,4519	57,01718	12,45191
14360	56,36181	11,79653	56,36183	11,79654
14380	56,36181	10,48582	56,36182	11,79654
14400	55,70645	10,48582	57,0172	10,48582
14420	62,91549	10,48581	64,88162	11,79654
14440	64,22626	11,79653	62,91554	11,79655
14460	63,57089	11,79654	63,57091	11,79654
14480	62,91554	11,79654	62,91554	12,4519
14500	62,91553	11,79654	62,26018	11,79654
14520	62,26017	11,79654	62,26018	11,79654
14540	62,26017	11,79654	62,26018	11,79655
14560	62,26017	11,79654	61,60482	11,79654
14580	61,60481	11,79654	61,60482	11,79654
14600	61,60481	11,79654	66,84778	12,45191
14620	72,74612	13,10726	74,71225	13,76263
14640	74,05688	13,10726	74,05689	13,76263
14660	74,05688	13,76262	74,05689	14,41799
14680	74,05688	13,76263	73,40153	13,76263
14700	74,05688	13,76262	74,05689	14,41799
14720	73,40152	13,76262	74,05688	13,76262
14740	74,71222	13,10726	74,71223	13,76262
14760	74,71221	13,10726	74,71222	13,76262
14780	75,36757	13,10725	74,71221	13,10726
14800	75,36756	13,10726	74,71221	13,10727
14820	74,71221	12,45189	75,36758	13,10726
14840	74,71221	12,45189	75,36758	12,4519
14860	75,36758	12,45189	75,36758	12,4519
14880	75,36757	12,45189	75,36758	12,4519
14900	75,36757	12,45189	75,36758	12,4519
14920	75,36757	12,45189	75,36758	12,4519
14940	76,02293	11,79653	75,36758	12,4519
14960	75,36757	11,79653	74,71222	12,4519
14980	75,36757	12,45189	74,71222	12,4519
15000	75,36757	12,45189	75,36758	12,4519
15020	73,40146	11,79654	72,09072	11,79654
15040	72,09071	11,79654	72,09072	12,45191
15060	72,09071	12,4519	71,43536	13,10728
15080	72,09071	12,4519	71,43536	13,10727
15100	72,09071	13,10727	71,43536	13,10727
15120	71,43535	13,10727	71,43536	13,76264
15140	71,43535	13,10727	71,43536	13,76264
15160	72,09071	13,76263	71,43536	13,76263
15180	72,09071	13,10727	71,43536	13,76263
15200	71,43535	13,76263	72,09072	13,76263
15220	72,09071	13,76263	71,43537	14,418
15240	71,43535	14,41799	71,43537	15,07336
15260	71,43536	14,41799	72,09073	15,07336
15280	71,43536	15,07336	71,43537	15,07336
15300	71,43536	15,07335	71,43537	15,72872
15320	71,43536	15,07336	71,43538	15,72872
15340	71,43536	15,72871	71,43538	15,72872
15360	71,43537	15,72871	72,09073	15,72872
15380	72,09072	15,72871	72,74609	16,38408
15400	73,40144	15,72871	73,40144	16,38408
15420	73,40143	15,72871	73,40144	15,72871
15440	73,40143	15,72871	73,40144	16,38407
15460	72,74607	15,72871	73,40144	16,38408
15480	77,98901	15,7287	81,26588	15,7287
15500	80,61051	15,7287	80,61051	17,03943
15520	79,95514	16,38407	80,6105	17,03943
15540	80,6105	16,38406	80,61051	17,03943
15560	81,26586	16,38406	79,95515	17,03943
15580	80,6105	17,03942	80,61051	17,69479
15600	79,95514	17,69479	79,95515	17,69479
15620	79,95514	17,69479	79,95515	17,69479
15640	80,6105	17,03943	79,95516	17,69479
15660	79,95514	17,69479	79,29979	17,6948
15680	80,61052	17,69479	86,50886	18,35016
15700	89,13034	19,00552	89,13038	19,66089
15720	89,13036	19,66088	88,47501	20,31625
15740	88,475	20,31625	88,47502	20,31626
15760	88,47501	19,66089	88,47502	20,31625
15780	87,81966	20,31626	88,47503	20,31626
15800	88,47502	19,66089	88,47504	20,31626
15820	88,47503	19,66089	88,47504	20,31626
15840	87,81967	19,66089	88,47505	20,31626
15860	88,47504	19,66089	88,47506	19,66089
15880	88,47505	19,66088	88,47506	19,66089
15900	88,47505	19,00553	88,47507	19,66089
15920	88,47506	19,00553	88,47507	19,66089
15940	88,47506	19,00553	88,47507	19,66089
15960	88,47506	19,66089	88,47507	19,66089
15980	88,47506	19,00553	88,47507	19,66089
16000	88,47506	19,00552	89,13043	19,66089
16020	89,13042	18,35016	88,47505	18,35016
16040	87,16428	18,35016	87,16429	18,35017
16060	87,81964	18,35016	87,81964	19,00553
16080	87,81963	18,35016	87,81964	18,35017
16100	88,47499	18,35016	88,475	18,35016
16120	88,47499	17,6948	89,13036	18,35016
16140	88,47498	17,69479	89,13036	17,6948
16160	88,47498	17,69479	89,13035	17,6948
16180	89,13034	17,03943	89,13035	17,6948
16200	89,13034	17,03943	89,13035	17,03943
16220	89,13034	17,03942	89,13035	17,69479
16240	89,7857	17,03942	89,13035	17,03943
16260	89,13034	17,03942	89,13035	17,69479
16280	89,7857	17,03942	89,13035	17,69478
16300	89,13034	17,03941	89,13035	17,69478
16320	89,13034	17,03941	89,13035	17,69478
16340	89,13034	17,03941	91,09645	17,69478
16360	95,68404	18,35013	97,65017	19,0055
16380	96,9948	19,0055	96,33945	19,66087
16400	96,33944	19,66086	96,99482	20,31623
16420	96,33944	20,31623	96,33945	20,97159
16440	96,33945	20,31623	95,6841	21,62695
16460	95,68409	20,97159	95,6841	21,62695
16480	95,68409	20,97159	95,6841	21,62696
16500	95,02874	21,62695	95,02874	21,62696
16520	95,02874	21,62695	94,37339	22,28232
16540	95,02874	22,28231	95,02875	22,28232
16560	94,37338	22,28232	94,3734	22,93768
16580	94,37339	22,28232	94,3734	22,93768
16600	94,37339	22,93768	93,71805	22,93768
16620	94,37339	22,28232	94,37341	22,93768
16640	94,3734	22,28231	94,37341	22,28303
16660	93,71803	20,31622	79,9553	15,07335
16680	57,01729	9,1751	32,1133	4,58762
16700	13,10759	1,96619	9,17537	3,93229
16720	11,14145	5,89838	11,79682	7,86511
16740	11,7968	7,86447	11,79681	9,17519
16760	12,45216	9,17518	12,45217	9,83055
16780	13,10752	10,48591	13,10753	11,14127
16800	13,10752	11,14127	12,45217	11,79663
16820	11,79679	11,14128	11,7968	11,79664
16840	11,79679	11,79664	11,14144	11,79665
16860	11,79678	11,14128	11,7968	11,79665
16880	11,79679	11,14128	11,7968	11,79664
16900	12,45215	11,79664	12,45217	11,79664
16920	12,45216	11,79663	11,79681	11,79664
16940	8,51995	11,79665	6,55385	12,45202
16960	7,20921	12,45201	6,55386	13,10738
16980	6,55385	12,45202	6,55386	13,10738
17000	6,55385	12,45201	6,55386	13,10738
17020	6,55385	12,45201	7,20922	13,10738
17040	7,20922	12,45201	6,55387	12,45201
17060	6,55387	12,452	6,55388	12,45201
17080	7,20924	12,452	7,20925	11,79665
17100	7,20924	11,79664	7,20926	11,79665
17120	7,20925	11,14127	7,20926	11,14128
17140	7,20925	11,14127	6,5539	11,14128
17160	7,20925	11,14127	7,20927	10,48592
17180	7,20925	10,48591	7,20927	10,48591
17200	7,20926	10,48591	7,20927	10,48591
17220	6,5539	9,83054	7,20928	9,83055
17240	6,55391	9,83054	7,20928	9,83055
17260	10,48611	9,83054	12,45223	9,83053
17280	12,45223	9,17517	11,79687	9,83054
17300	11,79686	9,17517	11,79688	9,83054
17320	11,79687	9,17517	11,79688	9,17518
17340	11,79687	8,5198	12,45224	9,17517
17360	12,45223	8,5198	12,45224	8,51981
17380	12,45222	8,5198	13,1076	8,51981
17400	13,76295	7,86444	13,1076	8,5198
17420	13,10758	7,86443	13,76295	7,86444
17440	18,35051	7,86443	23,59347	7,86442
17460	25,55956	7,86442	24,90422	8,51979
17480	24,24885	7,86442	24,24885	8,51979
17500	24,24884	7,86442	24,24885	7,86443
17520	24,90421	7,86442	24,90422	8,51979
17540	25,55957	7,86442	25,55958	8,51978
17560	25,55957	7,86441	25,55958	7,86442
17580	25,55957	7,86441	25,55959	7,86442
17600	25,55958	7,20905	25,55959	7,86442
17620	25,55958	7,20905	25,55959	7,86441
17640	25,55958	7,20905	25,55959	7,20905
17660	26,21494	7,20904	26,21495	7,86441
17680	26,21494	7,20904	26,21496	7,20904
17700	26,21495	6,55368	26,21496	7,20905
17720	26,87031	6,55368	26,21496	7,20904
17740	26,21495	7,20904	26,21497	7,20905
17760	26,87032	7,20903	26,87033	7,20904
17780	26,87032	7,20903	26,87033	7,20904
17800	26,87033	7,20903	26,87034	6,55367
17820	26,87033	6,55367	26,87035	6,55368
17840	26,87034	6,55367	26,87035	6,55367
17860	26,87034	6,55367	26,87035	6,55367
17880	26,87034	6,55367	26,87035	7,20903
17900	26,87034	6,55367	-41,94245	7,8644
17920	26,87034	7,20903	26,215	7,20904
17940	26,21498	7,20903	31,45792	7,86439
17960	41,28843	7,86437	45,87607	8,51973
17980	46,53143	8,51973	45,22071	9,1751
18000	45,22069	9,17509	45,2207	9,1751
18020	45,87604	8,51973	45,87605	8,51974
18040	46,53139	8,51973	46,5314	8,51974
18060	46,53138	8,51973	46,53138	9,1751
18080	45,87601	8,51973	45,87602	9,1751
18100	45,876	9,1751	45,87602	9,1751
18120	45,87601	8,51974	45,22065	9,1751
18140	45,22319	9,1751	45,87601	9,1751
18160	45,876	9,1751	45,87601	9,1751
18180	45,22063	9,17509	45,22064	9,1751
18200	45,87599	9,17509	45,22064	9,1751
18220	45,22063	9,17509	45,22064	9,83046
18240	45,22062	9,1751	45,22063	9,1751
18260	45,22062	9,1751	45,22063	9,1751
18280	45,22063	8,51973	45,22063	9,1751
18300	44,56526	9,17509	44,56528	9,1751
18320	44,56527	8,51973	45,22064	9,1751
18340	45,22063	8,51972	45,22064	8,51973
18360	44,56526	8,51973	44,56528	8,51973
18380	44,56526	7,86437	44,56527	8,51973
18400	44,56526	7,20901	47,18675	7,86436
18420	53,74044	7,86436	57,01731	8,51973
18440	56,36194	8,51972	55,70659	9,17509
18460	55,70657	9,17508	56,36195	9,17509
18480	56,36194	9,17508	55,70659	9,17509
18500	55,70658	9,17509	55,70659	9,17509
18520	55,70658	9,17508	55,70659	9,83045
18540	55,70658	9,17509	55,70659	9,17509
18560	55,70658	9,17509	55,05122	9,1751
18580	55,05122	9,17509	55,05123	9,83046
18600	55,05122	9,17509	55,05123	9,83045
18620	55,05122	9,83045	55,7066	9,83045
18640	55,70659	9,17509	55,05124	9,83045
18660	55,70658	9,17508	55,05121	8,51973
18680	51,77431	7,86437	49,8082	8,51974
18700	49,15283	8,51974	50,46357	9,1751
18720	50,46354	8,51974	50,46356	8,51974
18740	50,46355	7,86438	50,46356	8,51974
18760	51,11891	7,86437	50,46357	8,51974
18780	51,11892	8,51973	50,46356	8,51974
18800	51,11891	7,86437	51,11892	7,86437
18820	51,1189	7,86437	51,11891	7,86438
18840	51,11889	7,20901	51,11891	7,86438
18860	51,11889	7,20901	51,77427	7,20901
18880	58,98333	7,209	66,84779	7,86436
18900	68,15853	8,51972	66,19245	9,17509
18920	66,19243	9,17508	66,8478	9,83045
18940	66,84778	9,17509	66,84779	9,1751
18960	66,84777	9,17509	66,84778	9,1751
18980	66,84776	9,17509	66,84777	9,83046
19000	66,84776	9,17509	66,84778	9,83046
19020	66,84777	9,17509	66,84778	9,83046
19040	66,84777	9,83046	66,19242	9,83046
19060	66,19241	9,83046	65,53707	10,48582
19080	65,53706	9,83046	65,53707	10,48582
19100	64,88169	9,83046	64,88171	9,83046
19120	64,8817	9,83046	64,88171	10,48582
19140	64,8817	9,83046	64,88171	10,48583
19160	64,8817	9,83046	64,88171	9,83046
19180	64,8817	9,83046	65,53708	10,48582
19200	68,15856	9,17509	69,46931	9,17509
19220	68,81394	9,17509	68,15858	9,83046
19240	68,15858	9,17509	68,15859	9,83046
19260	68,15857	9,83045	68,15859	10,48582
19280	68,15858	9,83046	68,81395	9,83045
19300	68,81393	9,17509	69,46931	9,83045
19320	69,46929	9,17509	69,4693	9,17509
19340	70,12465	9,17509	70,12466	9,17509
19360	69,46929	9,17509	69,4693	9,17509
19380	69,46929	9,17509	69,4693	9,83046
19400	69,4693	9,83045	68,81395	10,48582
19420	68,81395	11,14118	68,81395	11,14119
19440	68,81395	11,79654	68,81396	11,79655
19460	68,81394	11,79654	68,81397	12,45191
19480	68,15859	11,79655	68,15861	12,45192
19500	67,50323	12,4519	67,50324	12,45191
19520	67,50323	12,45191	67,50323	13,10728
19540	66,84786	13,10727	66,84788	13,76264
19560	66,84786	13,10728	66,84787	13,76264
19580	66,1925	14,418	66,19251	14,41801
19600	66,19249	14,418	65,53714	15,07337
19620	65,53713	15,72873	64,88177	16,38411
19640	65,53712	16,3841	68,15861	17,69483
19660	68,81397	17,69483	68,81398	18,3502
19680	67,50324	19,00556	67,50326	19,66093
19700	67,50325	19,66092	67,50327	19,66093
19720	66,84789	19,66093	66,8479	19,66094
19740	66,84789	19,66093	66,8479	19,66094
19760	66,84789	19,66093	66,8479	19,66094
19780	66,84789	19,66094	66,19254	19,66094
19800	66,19254	19,00558	66,19255	19,00559
19820	66,19254	18,35022	66,19255	18,35022
19840	65,53719	18,35022	65,5372	18,35023
19860	65,53719	17,69486	64,88184	17,69487
19880	64,88183	17,69487	65,53719	18,35024
19900	65,53717	17,03952	69,46942	17,03951
19920	74,05703	17,69487	76,67853	18,35024
19940	77,33387	18,35024	77,33388	18,35024
19960	77,33386	18,35024	77,33386	18,35025
19980	77,33385	18,35024	77,98922	18,35025
20000	77,98921	18,35024	77,98922	18,35025
20020	77,98921	17,69488	77,98922	17,69489
20040	77,98921	17,69488	77,98921	18,35024
20060	77,9892	17,69488	77,9892	17,69488
20080	77,98918	17,69488	77,9892	17,69489
20100	78,64454	17,69488	77,98919	17,69488
20120	78,64454	17,03952	77,98918	17,69488
20140	78,64452	17,69487	78,64453	17,69488
20160	77,98916	17,03952	78,64453	17,69488
20180	77,98915	17,69487	77,98915	17,69488
20200	78,6445	17,03951	77,98914	17,03951
20220	81,92134	17,69487	89,13043	18,35024
20240	93,71802	19,66096	93,71805	19,66097
20260	92,40731	19,66096	92,40731	20,31634
20280	93,06266	19,66097	93,06266	20,31633
20300	92,40729	19,66096	92,4073	19,66097
20320	91,75192	20,31632	92,40729	20,31633
20340	91,75191	19,66096	91,75192	20,31633
20360	91,75191	20,31632	91,75192	20,31632
20380	91,75191	19,66096	91,75192	20,31632
20400	91,09655	20,31632	91,09656	20,31632
20420	91,09655	20,31631	91,09656	19,66096
20440	96,3395	19,66095	99,61637	20,31631
20460	98,96101	20,31631	98,30565	20,97168
20480	98,30564	20,31631	98,30565	20,97168
20500	98,30564	20,31631	98,30565	20,31632
20520	97,65028	20,31631	98,30565	20,31632
20540	98,30564	19,66095	98,30565	20,31632
20560	98,30563	19,66095	98,30564	19,66096
20580	98,30562	19,66095	98,30564	19,66095
20600	98,30563	19,00559	98,30563	19,66095
20620	98,96097	19,66095	99,61635	19,66095
20640	99,61633	19,00558	99,61633	19,66095
20660	99,61632	19,00558	99,61633	19,66095
20680	99,61632	19,66095	99,61632	19,66095
20700	99,61631	19,66094	99,61633	19,66095
20720	99,61631	19,66095	99,61632	20,31631
20740	99,61631	19,66095	99,61631	20,31632
20760	99,6163	19,66095	99,61631	19,66095
20780	99,6163	19,00559	99,61631	19,66096
20800	99,6163	19,00559	99,6163	19,0056
20820	98,96093	19,00559	98,96095	18,35023
20840	99,61629	18,35022	98,96094	18,35023
20860	99,61628	17,03951	95,68409	15,72878
20880	79,2998	11,14127	55,70648	3,93232
20900	31,45788	-9,17494	10,48618	-23,59296
20920	-1,3103	-36,69938	-1,31012	-49,15228
20940	0,65611	-57,01671	1,31147	-56,36135
20960	0,00063000000000102	-50,46307	0,65591000000001	-44,56477
20980	0,65582	-39,97719	1,31112	-34,73425
21000	1,96642	-30,80206	1,96638	-26,86987
21020	2,6217	-24,24841	2,62169	-20,97158
21040	2,62165	-19,00549	3,27701	-17,03938
21060	3,27698	-15,72865	3,27698	-13,76256
21080	3,27697	-13,10719	3,27697	-11,14109
21100	3,27695	-10,48573	3,27696	-8,51963
21120	3,27695	-7,86427	3,27696	-6,55352
21140	3,27695	-5,2428	2,6216	-3,93207
21160	2,62159	-2,62135	2,6216	-1,96597
21180	1,96623	-1,31061	1,96624	0,00012000000000256
21200	1,31087	0,00011999999999546	1,31089	1,31086
21220	1,31087	1,96622	1,31089	2,62159
21240	1,3109	0,00012999999999863	1,96629	-1,31061
21260	2,62164	-0,65525	2,62165	0,00012999999999863
21280	2,62164	1,31085	1,96629	1,96622
21300	2,62163	1,96622	2,62164	2,62159
21320	3,27699	2,62158	2,62163	3,93231
21340	3,27698	3,27695	3,27699	4,58768
21360	3,27697	3,93231	2,62162	4,58768
21380	2,62161	4,58768	2,62163	5,24304
21400	2,62162	5,24366	2,62163	5,89841
21420	2,62162	5,8984	1,96627	6,55377
21440	2,62162	5,8984	2,62164	6,55376
21460	2,62162	5,8984	2,62163	6,55376
21480	2,62163	5,89839	1,96628	5,89839
21500	2,62163	5,24302	2,62164	5,89839
21520	2,62163	5,24302	2,62164	5,89838
21540	2,62163	5,24302	1,96628	5,24302
21560	2,62162	5,24302	1,96627	5,24302
21580	1,96626	5,24301	1,96627	5,24301
21600	1,96627	3,93229	0,00017000000000422	3,93229
21620	-1,31059	3,93229	-0,65521	4,58767
21640	0,00014000000000181	5,24302	0,00016000000000105	5,24303
21660	0,00014999999999787	5,24302	-0,6552	5,24302
21680	-0,65521	5,24301	-0,6552	5,24302
21700	0,00016000000000105	4,58765	-0,65519	4,58766
21720	-0,6552	4,58765	-0,65519	4,58765
21740	0,00016000000000105	4,58765	-0,65517999999999	4,58765
21760	-0,65519	4,58765	0,00018000000000029	4,58766
21780	0,00016000000000105	4,58765	0,00017000000000422	4,58766
21800	-0,6552	3,9323	-0,65519	3,9323
21820	-0,6552	3,27694	0,00017000000000422	3,27694
21840	-0,6552	2,62158	-1,31054	2,62159
21860	-0,6552	1,96621	-0,65517999999999	1,96622
21880	0,00016999999999712	1,31085	0,00018000000000029	1,96622
21900	1,3109	1,31085	4,58775	1,96621
21920	5,24311	1,96621	4,58776	2,62158
21940	4,58775	1,96621	4,58777	1,96622
21960	4,58775	1,96621	5,24313	2,62158
21980	5,24311	1,96621	5,24312	1,96622
22000	5,89846	1,96621	6,55383	1,96623
22020	6,55382	1,96621	6,55383	1,96622
22040	6,55381	1,96622	6,55383	1,96622
22060	7,20918	1,31086	7,20919	1,96622
22080	7,20918	1,31086	7,20919	1,96622
22100	7,20918	1,31085	7,2092	1,96622
22120	6,55382	1,31085	8,51993	1,31086
22140	16,38433	1,31084	20,97192	1,31084
22160	20,97192	1,31084	20,31658	1,9662
22180	20,31657	1,31084	20,97194	1,96621
22200	20,97193	1,96621	20,31657	2,62157
22220	20,31656	2,62157	20,31657	2,62158
22240	20,97192	2,62157	20,31657	2,62157
22260	20,97191	2,62157	20,97192	2,62158
22280	20,97191	2,62157	20,97192	2,62158
22300	20,31654	1,9662	12,45215	0,00015000000000498
22320	3,93233	-1,31057	1,96621	0,00016000000000105
22340	3,9323	0,00014999999999787	4,58766	1,31088
22360	4,58764	0,65551	4,58764	0,65552
22380	4,58763	1,31087	4,58763	1,96624
22400	5,24298	0,65551	5,24298	1,31088
22420	5,24297	1,31087	5,24298	1,31087
22440	5,24297	1,31086	5,24298	1,96623
22460	5,89832	1,96623	5,24298	1,96623
22480	5,24297	1,96623	5,24298	2,6216
22500	5,24297	2,62159	5,89834	2,6216
22520	5,24297	2,62159	5,24298	3,27696
22540	9,17517	2,62158	11,79666	2,62158
22560	11,79666	2,62158	11,14131	3,27695
22580	11,14129	3,27695	11,1413	3,27696
22600	11,1413	3,27694	10,48595	3,27695
22620	10,48594	3,27695	11,1413	3,27695
22640	11,14129	3,27695	11,79666	3,27695
22660	11,79664	3,27694	11,79665	3,93231
22680	12,452	3,9323	12,452	3,27695
22700	13,10735	3,27694	12,452	3,27695
22720	12,45199	3,27694	12,452	3,27695
22740	12,45199	2,62158	11,79664	3,27694
22760	12,45198	3,27694	12,45199	3,27694
22780	13,10735	2,62157	21,62713	3,27693
22800	28,83617	3,93227	28,18084	4,58764
22820	27,52545	3,93228	27,52547	4,58765
22840	27,52546	3,93228	27,52547	5,24301
22860	27,52546	4,58764	27,52547	4,58765
22880	26,8701	3,93228	26,87012	4,58764
22900	26,87011	4,58764	26,21476	4,58764
22920	26,21475	4,58764	26,21476	5,24301
22940	26,21475	5,243	26,21476	5,89838
22960	26,21475	5,24301	26,21476	5,89837
22980	26,21475	5,24301	26,21477	5,89838
23000	26,21476	5,89837	26,21478	5,89837
23020	26,21477	5,243	23,59331	5,89837
23040	22,93793	5,24302	22,28259	6,55374
23060	22,28257	6,55374	22,28259	6,55374
23080	22,28258	6,55374	22,2826	6,55374
23100	22,28258	6,55374	22,2826	6,55374
23120	22,28259	5,89837	22,2826	6,55374
23140	22,28259	6,55374	21,62725	5,89838
23160	21,62724	6,55374	21,62725	6,55374
23180	21,62724	5,89838	20,97189	6,55374
23200	21,62724	5,89838	20,9719	7,2091
23220	21,62725	6,55374	20,97189	7,2091
23240	20,97189	6,55373	20,9719	7,2091
23260	20,97188	7,20909	20,9719	7,86446
23280	20,97189	7,86445	20,97189	7,86446
23300	21,62724	7,86445	20,97189	8,51982
23320	21,62724	8,51981	21,62724	9,17518
23340	21,62723	8,51982	20,97188	8,51982
23360	22,2826	9,17517	26,21481	9,17518
23380	27,52554	9,17517	26,87019	9,83055
23400	26,87018	9,83054	26,87019	10,4859
23420	26,87018	9,83054	26,21484	9,83054
23440	26,21482	9,83054	26,21483	9,83054
23460	26,21482	9,83053	26,8702	9,83054
23480	27,52554	9,17517	26,21484	9,83054
23500	26,87019	9,83053	26,8702	9,83054
23520	26,87019	9,17518	26,87019	9,83054
23540	26,87018	9,83053	26,87019	9,83054
23560	26,87018	9,17517	26,87019	9,83054
23580	26,87018	9,17517	26,87019	9,83054
23600	26,87018	9,17517	26,87019	9,17518
23620	26,87017	9,17517	26,87018	9,83054
23640	26,21481	9,17517	26,87018	9,83053
23660	26,21481	9,17517	30,14701	9,17517
23680	38,01141	10,48589	39,97755	11,14125
23700	38,66682	11,14124	38,01146	11,14125
23720	38,01145	11,14125	38,01146	11,79662
23740	38,01145	11,14124	38,01146	11,79661
23760	38,01144	11,14125	37,35609	11,79662
23780	37,35608	11,14124	37,35609	11,14125
23800	37,35608	11,14125	37,35609	11,79661
23820	38,01144	11,14125	37,35609	11,14125
23840	37,35608	10,48588	32,76853	9,83053
23860	29,49166	9,17517	28,8363	9,83053
23880	29,49165	10,48589	29,49166	10,4859
23900	28,83629	10,48589	28,83631	10,4859
23920	28,83629	11,14126	29,49166	10,4859
23940	29,49165	10,48589	30,14702	10,48589
23960	30,80236	10,48589	30,14701	10,48589
23980	30,80236	10,48588	30,80237	10,48589
24000	30,80236	10,48588	31,45773	10,48589
24020	31,45772	9,83052	31,45773	9,83053
24040	31,45772	9,83052	31,45773	9,83052
24060	31,45772	9,17515	28,1809	8,5198
24080	25,5594	7,86444	24,90405	8,51981
24100	25,5594	8,5198	26,21477	8,51981
24120	25,5594	8,5198	25,55941	8,51981
24140	26,21477	8,5198	25,55942	8,5198
24160	25,55941	8,5198	26,21478	8,5198
24180	25,55941	8,5198	25,55943	8,5198
24200	26,21477	8,5198	26,21479	9,17517
24220	25,55941	8,5198	25,55943	9,17517
24240	25,55941	9,17516	26,21478	9,17517
24260	25,55941	9,17516	25,55942	9,83053
24280	25,55941	9,17517	25,55943	9,83053
24300	25,55942	9,83052	24,90407	10,4859
24320	24,90406	9,17516	25,55944	9,83053
24340	24,90406	9,83052	24,90408	10,48589
24360	24,2487	9,83053	24,24871	9,83053
24380	24,90406	9,83053	24,24871	9,83053
24400	24,90406	9,17517	24,24871	9,83054
24420	24,90406	9,83053	24,24871	9,83054
24440	24,2487	9,83053	24,24871	9,83054
24460	23,59334	9,17517	23,59336	9,83054
24480	23,59335	9,17517	23,59335	10,4859
24500	27,52553	9,83053	31,45776	9,83053
24520	31,45776	10,48589	30,14704	11,14126
24540	30,14703	10,48589	30,8024	11,14126
24560	30,14703	11,14126	30,14704	11,79663
24580	30,14703	11,14126	30,8024	11,79662
24600	30,80238	11,14126	30,80239	11,79663
24620	31,45773	11,14126	31,45774	11,14127
24640	31,45773	11,14126	30,80238	11,79662
24660	31,45772	10,4859	31,45773	10,4859
24680	31,45772	10,48589	31,45773	10,4859
24700	30,80236	9,83053	30,80237	9,83053
24720	33,42381	8,5198	43,9097	9,83052
24740	47,84193	9,83051	45,22047	10,48588
24760	43,25436	10,48588	43,90974	11,79661
24780	43,90972	11,79661	43,25437	11,79662
24800	43,90971	11,79661	43,90972	11,79662
24820	43,90971	11,79661	43,25436	11,79662
24840	43,9097	11,79661	43,25435	11,79661
24860	43,25435	11,14125	43,25436	11,79661
24880	43,25435	11,14124	43,25436	11,14125
24900	43,25435	11,14125	43,25436	11,14125
24920	43,25435	10,48589	43,25436	10,48589
24940	41,94362	9,83052	39,32215	9,17517
24960	37,35604	8,51981	37,35605	9,17518
24980	37,35604	9,17518	38,01141	9,17518
25000	37,35604	9,17518	37,35606	9,17518
25020	38,01141	9,17517	38,01142	9,17518
25040	38,01141	9,17517	38,01143	9,17518
25060	38,01141	9,17517	38,01143	9,17518
25080	38,01141	9,17517	38,01143	9,17518
25100	38,01142	8,51981	38,01143	9,17518
25120	37,35606	8,51981	38,6668	8,51981
25140	46,53122	8,5198	51,77421	9,17516
25160	52,42959	9,17516	51,77423	9,83053
25180	51,77422	9,83053	51,77423	9,83053
25200	51,11886	9,83053	51,77423	10,48589
25220	51,77422	9,83053	51,11887	10,4859
25240	51,77422	9,83053	51,77423	10,4859
25260	51,77422	9,83053	51,77423	10,4859
25280	51,77422	9,83053	51,77422	9,83054
25300	-41,94227	9,83053	53,08494	9,83054
25320	53,74029	9,83053	53,08494	9,83054
25340	53,74029	9,83053	51,7742	9,17518
25360	48,49733	7,86446	47,84196	8,51982
25380	47,84196	8,51982	47,84197	9,17519
25400	47,84195	9,17519	47,84197	9,17519
25420	47,1866	9,17519	47,84197	9,1752
25440	48,49732	9,17519	48,49733	9,1752
25460	48,49732	8,51983	48,49733	8,51984
25480	48,49732	8,51984	48,49733	9,1752
25500	48,49732	8,51983	48,49733	8,51984
25520	47,84196	8,51983	48,49733	8,51984
25540	48,49732	7,86447	-41,94235	7,86447
25560	48,49732	6,55374	48,49733	5,89838
25580	48,49732	5,24301	48,49733	5,89838
25600	48,49732	5,89838	48,49732	5,89839
25620	48,49731	5,89838	49,15268	5,89839
25640	57,67246	6,55373	63,57081	7,86446
25660	63,57082	8,51982	62,2601	9,17519
25680	62,26009	9,17519	62,2601	9,1752
25700	62,26009	9,17519	62,2601	9,83056
25720	62,26009	9,17519	61,60474	9,83056
25740	61,60472	9,83056	61,60474	9,83057
25760	61,60472	9,83056	60,94938	9,83057
25780	61,60472	9,83056	60,94937	10,48593
25800	60,94936	9,83056	64,88159	9,1752
25820	67,50305	9,17519	67,50308	9,83056
25840	66,8477	10,48592	66,84771	10,48593
25860	66,8477	10,48592	66,19235	11,14129
25880	66,19233	10,48593	66,19234	11,14129
25900	65,53697	10,48593	66,19234	11,14129
25920	66,19233	10,48593	65,53698	11,1413
25940	66,19232	10,48593	66,19234	10,48594
25960	66,19233	10,48593	66,84769	10,48593
25980	66,84767	9,83056	68,15841	10,48593
26000	68,15839	10,48592	68,1584	10,48593
26020	68,15839	10,48592	68,1584	10,48593
26040	68,15839	9,83056	68,81376	9,83056
26060	68,81375	9,83056	68,81376	10,48593
26080	68,81376	9,83056	68,81377	9,83057
26100	69,46912	9,83056	68,81377	9,83057
26120	69,46912	9,83056	69,46914	10,48593
26140	69,46912	9,83056	69,46914	9,83057
26160	69,46913	9,83056	69,46914	10,48593
26180	69,46913	9,83056	69,46914	9,83056
26200	71,43524	9,83056	73,40135	10,48594
26220	73,40134	10,48593	72,74599	11,1413
26240	72,74598	11,14129	72,746	11,1413
26260	72,74598	10,48593	72,74599	11,1413
26280	72,74598	10,48593	72,746	11,1413
26300	73,40135	10,48593	72,746	11,1413
26320	72,74598	11,1413	72,74599	11,79666
26340	72,74598	11,79666	72,746	11,79666
26360	72,74599	11,79666	72,74599	12,45203
26380	72,09062	12,45202	72,09063	13,76275
26400	72,09063	13,10739	72,09064	13,76275
26420	72,09063	13,76275	72,09064	13,76275
26440	72,09063	13,76274	71,43528	14,41811
26460	72,09064	13,76275	76,02288	15,07347
26480	77,98899	15,07347	77,33364	15,72884
26500	76,67826	15,72884	76,67828	16,3842
26520	76,67827	15,72883	76,02292	16,3842
26540	75,36754	16,38419	75,36755	16,38421
26560	74,71218	16,3842	74,71219	16,3842
26580	74,71218	16,3842	74,71219	17,03957
26600	74,05681	17,03956	74,05682	17,69493
26620	73,40145	17,03956	73,40147	17,69493
26640	74,05682	17,69493	74,05683	18,35029
26660	74,71218	18,35028	74,71219	18,35029
26680	74,71217	18,35029	74,71217	19,66102
26700	74,71217	19,00566	74,71217	19,66102
26720	74,71216	19,66102	74,71217	19,66102
26740	74,71216	19,66102	74,71217	20,31639
26760	74,71216	19,66102	74,71217	20,31638
26780	75,36751	19,66102	75,36753	19,66102
26800	75,36752	19,66101	76,0229	19,66101
26820	76,02289	19,00564	76,02291	19,00565
26840	76,0229	19,00564	76,02291	19,00565
26860	76,67826	18,35027	76,67827	19,00564
26880	76,67825	18,35027	76,67827	18,35028
26900	77,33361	18,35027	76,67826	18,35027
26920	77,33361	17,69491	76,67825	18,35027
26940	74,71212	17,69491	74,05675	17,69492
26960	74,71212	17,69492	74,71213	18,35028
26980	75,36748	18,35028	75,36749	18,35028
27000	75,36748	18,35028	76,02285	18,35028
27020	75,36748	18,35028	76,02285	18,35028
27040	76,02284	17,69491	75,36749	18,35028
27060	75,36747	17,69491	75,36749	18,35028
27080	75,36748	17,69491	75,36749	18,35027
27100	76,02284	17,69491	75,36749	18,35027
27120	75,36748	17,69491	75,3675	18,35028
27140	75,36748	17,69491	75,3675	18,35027
27160	76,02285	17,69491	75,3675	18,35027
27180	75,36749	17,6949	76,02287	18,35026
27200	75,36749	18,35026	75,3675	18,35026
27220	75,36749	17,69489	75,3675	18,35026
27240	75,36749	17,69489	75,36751	18,35026
27260	75,3675	17,69488	76,02287	17,69489
27280	77,98895	17,69488	83,23192	17,69487
27300	85,19802	17,69487	84,54265	18,35024
27320	83,88727	18,35024	84,54265	19,0056
27340	84,54263	19,00559	84,54264	19,0056
27360	84,54263	18,35023	84,54264	19,0056
27380	84,54262	19,00559	84,54264	19,66096
27400	84,54263	19,0056	84,54263	19,66096
27420	85,19798	19,66095	85,19799	19,66096
27440	85,19798	19,00559	85,19799	20,31632
27460	85,19798	19,66095	85,19799	20,31632
27480	85,19799	19,66095	85,198	20,31632
27500	85,19798	20,31632	85,19799	20,31632
27520	85,19798	20,31631	85,19799	20,97168
27540	85,19798	20,97168	85,19799	20,97168
27560	85,19798	20,31631	85,19798	20,31631
27580	85,19797	20,31631	85,19798	20,31631
27600	88,47481	20,31631	96,33928	21,62704
27620	99,61612	21,62704	98,30542	22,28241
27640	97,65005	22,2824	98,30542	22,2824
27660	97,65005	22,2824	97,65006	22,2824
27680	97,65005	21,62704	97,65005	22,2824
27700	97,65005	22,28239	97,65006	22,2824
27720	96,99469	21,62703	96,9947	22,2824
27740	97,65005	21,62703	96,99471	22,2824
27760	96,9947	22,28239	96,99471	22,2824
27780	96,33933	21,62704	96,99471	22,2824
27800	96,33934	21,62703	93,71786	21,62704
27820	91,09637	20,97168	91,75174	22,28241
27840	91,75173	22,2824	91,75174	22,28241
27860	91,75173	21,62704	91,75175	22,28241
27880	91,09637	22,2824	91,75174	22,28241
27900	92,4071	22,2824	91,75174	22,28241
27920	92,40709	22,2824	93,06245	22,28241
27940	92,40708	22,28241	92,40708	22,28241
27960	93,06243	22,2824	92,40709	22,28241
27980	93,06243	22,28241	92,40708	22,28242
28000	92,40708	22,28241	93,06245	22,28241
28020	92,40708	22,28241	92,40709	22,93777
28040	92,40708	22,28241	91,75172	22,28241
28060	92,40708	22,28241	92,40709	22,28241
28080	92,40707	21,62704	92,40709	22,28241
28100	92,40708	22,2824	92,40709	22,28241
28120	92,40708	22,2824	93,71784	22,28241
28140	96,33931	21,62704	96,33933	22,2824
28160	96,33931	22,2824	95,68396	22,93777
28180	95,68395	22,2824	95,68396	22,28241
28200	95,68396	22,2824	95,68396	22,28241
28220	95,68395	22,2824	95,68396	22,2824
28240	95,68395	22,2824	95,68397	22,2824
28260	95,68395	22,2824	95,68397	22,93777
28280	95,68396	22,2824	95,02861	22,93777
28300	95,68396	22,93776	95,02861	22,93776
28320	95,0286	22,2824	95,68397	22,93776
28340	95,0286	22,28239	95,02861	22,93776
28360	95,68396	22,93776	94,37325	22,93776
28380	95,0286	22,28239	95,02862	22,93776
28400	95,02861	22,2824	94,37326	22,93776
28420	95,0286	22,93776	95,02862	22,93777
28440	94,37325	22,28239	94,37326	22,93776
28460	94,37325	22,93775	94,37326	22,93776
28480	94,37325	22,93776	94,37326	22,93776
28500	93,71788	22,93776	94,37325	23,59313
28520	93,71787	22,93775	94,37325	22,93776
28540	94,37324	22,93775	95,0286	22,93776
28560	95,02859	21,62703	94,37324	21,62703
28580	95,02859	20,97166	95,0286	21,62703
28600	95,02858	20,97166	94,37323	21,62703
28620	94,37322	20,97166	94,37323	20,97167
28640	100,92687	21,62703	112,72354	22,93777
28660	117,31115	23,59313	116,00043	23,59314
28680	114,68967	22,93778	115,34504	22,93778
28700	116,00039	22,28241	116,00039	22,28242
28720	116,00037	22,28241	116,00038	22,28242
28740	116,00036	22,28242	116,00037	22,28241
28760	115,345	22,28241	115,34501	22,28242
28780	116,00035	22,28241	115,345	22,93777
28800	115,34499	22,2824	115,345	22,28241
28820	115,34499	21,62704	114,03426	21,62704
28840	110,102	20,31631	108,13591	20,31631
28860	108,79126	20,31631	108,79128	20,97167
28880	108,1359	20,97167	108,79127	21,62704
28900	108,13589	21,62704	108,13591	21,62705
28920	108,79126	21,62704	108,13591	22,2824
28940	108,1359	21,62704	108,13591	22,28241
28960	107,48054	22,2824	107,48054	22,28241
28980	106,82518	21,62704	106,82519	22,2824
29000	106,82517	21,62704	106,16982	22,28241
29020	106,16982	22,2824	106,16983	22,28241
29040	106,16982	21,62704	105,51447	22,2824
29060	105,51446	22,2824	105,51447	22,93777
29080	104,8591	22,2824	104,85911	22,28241
29100	104,8591	22,2824	104,8591	22,28241
29120	104,20373	22,2824	104,85911	22,28241
29140	104,85909	21,62704	104,85911	21,62704
29160	96,99465	17,03951	75,36742	9,17518
29180	49,15265	1,96622	28,83623	-1,96592
29200	22,93788	-0,65519	24,90397	2,62164
29220	25,55932	5,24308	25,55932	8,51991
29240	25,5593	10,486	25,55931	13,76282
29260	26,21464	15,72891	26,21465	17,69501
29280	25,55928	18,35037	26,21465	20,31646
29300	26,21463	20,97182	26,21464	21,62719
29320	26,21463	22,28255	26,21464	22,93792
29340	26,21464	22,93792	26,21465	22,93792
29360	24,9039	23,59329	20,31634	24,90404
29380	17,03948	26,87014	15,72875	28,83624
29400	15,72874	29,4916	16,38412	29,49161
29420	15,72875	29,4916	15,72877	30,14698
29440	15,72875	29,49161	15,72877	30,14698
29460	15,72876	29,49161	16,38413	29,49162
29480	15,72876	30,14697	15,72877	30,14698
29500	16,38412	30,14698	15,72878	30,14699
29520	15,72877	30,14698	15,72878	30,14698
29540	15,72878	29,49162	15,72879	29,49162
29560	15,72878	28,83625	15,72879	31,45772
29580	15,07341	32,76845	14,41806	32,76846
29600	14,41805	32,76845	14,41807	32,76846
29620	14,41806	32,11309	14,41807	31,45774
29640	14,41807	30,80237	14,41808	30,80237
29660	14,41808	30,80236	14,4181	30,147
29680	14,41809	29,49163	14,41811	29,49164
29700	14,41811	28,83627	14,41812	28,83627
29720	14,41812	28,1809	14,41813	28,18091
29740	14,41812	27,5259	15,0735	27,52555
29760	14,41812	27,52554	15,0735	27,52554
29780	15,07349	26,87017	15,07351	26,87018
29800	15,72885	25,55945	15,72886	25,55945
29820	15,72886	24,90407	15,72887	24,90408
29840	15,72886	23,59335	17,03959	23,59336
29860	18,35031	24,90408	18,35033	24,24873
29880	18,35032	23,59336	17,69497	24,24873
29900	18,35032	23,59335	17,69498	23,59336
29920	17,69496	23,59335	17,69498	22,93799
29940	18,35033	22,93798	18,35034	22,93799
29960	18,35033	22,28262	19,0057	21,62726
29980	18,35034	20,97189	20,31644	20,97189
30000	39,32204	20,97185	68,81366	22,28255
30020	91,75168	25,55935	102,23772	27,52543
30040	102,23776	28,1808	100,27167	29,49153
30060	100,27164	29,49152	100,27165	30,14689
30080	100,27163	30,14688	99,61628	31,45761
30100	99,61627	31,4576	99,61628	31,4576
30120	99,61626	31,4576	99,61627	32,11296
30140	98,9609	32,11295	-41,9415	32,76832
30160	99,61625	32,11295	98,9609	32,76832
30180	98,96089	32,11295	98,96091	32,76832
30200	98,9609	32,11294	100,27165	33,42368
30220	102,23775	34,73442	102,89313	35,38978
30240	102,89312	34,73442	102,89314	35,38978
30260	102,23776	35,38977	102,23777	35,38978
30280	102,23776	34,73441	102,23778	35,38977
30300	102,23777	34,07904	101,58243	34,07905
30320	101,58242	33,42368	101,58243	33,42368
30340	101,58242	33,42367	101,58243	33,42368
30360	101,58243	32,7683	101,58244	32,76831
30380	102,23779	32,7683	102,23781	32,7683
30400	102,23779	32,11293	102,89316	32,11294
30420	103,54851	32,11293	100,92705	31,45757
30440	92,40721	28,18075	88,47497	26,21467
30460	88,47496	26,87002	89,13034	27,52539
30480	89,13033	27,52539	89,13034	28,18075
30500	89,13033	27,52538	89,13035	28,18075
30520	89,13033	28,18074	89,13034	28,18075
30540	89,13033	27,52538	89,13034	28,18075
30560	89,13033	28,18074	89,13033	28,18075
30580	89,78568	27,52537	89,7857	28,18074
30600	89,78568	27,52537	89,78569	28,18073
30620	90,44104	27,52536	89,78569	26,87001
30640	90,44104	26,21464	85,85347	24,24856
30660	75,36753	20,31638	72,74605	20,31639
30680	74,05677	20,97175	74,71214	21,62711
30700	74,05678	20,97174	74,71215	21,62711
30720	74,71214	20,97174	74,71215	20,97175
30740	75,3675	20,97174	76,02288	21,62711
30760	76,02287	20,97174	76,02288	22,28246
30780	76,02287	21,6271	76,02288	22,28246
30800	76,67824	20,97173	76,67825	20,97173
30820	70,12455	18,35029	49,80809	15,07352
30840	26,2148	10,48602	12,45207	9,83068
30860	11,79668	10,48604	13,10744	11,79676
30880	13,76279	12,45212	13,10743	13,10749
30900	13,76278	13,10748	13,76279	14,41821
30920	14,41813	14,4182	13,76279	14,41821
30940	14,41814	15,07357	14,41815	15,72893
30960	14,41813	15,72892	14,41814	15,72893
30980	14,41813	15,72892	14,41814	15,72892
31000	15,07349	15,72891	15,07349	15,72892
31020	15,07348	15,07355	15,07348	16,38428
31040	15,07345	17,69501	15,07346	19,00574
31060	15,72881	18,35038	15,72882	19,66111
31080	15,72881	19,00575	15,07346	19,66111
31100	15,07345	19,00574	15,07346	19,00575
31120	15,07345	18,35038	14,4181	19,00574
31140	15,07344	18,35038	15,07346	18,35038
31160	15,07344	17,69501	15,07345	18,35038
31180	15,07344	17,03965	15,72881	17,69501
31200	15,07344	17,03964	15,07345	17,03964
31220	15,72881	16,38427	15,07346	16,38428
31240	15,07345	15,72891	15,72882	16,38427
31260	15,72881	15,7289	15,72883	15,72891
31280	15,72882	15,7289	15,72883	15,07354
31300	15,72882	14,41817	15,72884	14,41817
31320	15,07347	13,76281	15,72885	13,76281
31340	15,72884	13,10744	15,07349	13,10744
31360	15,72885	12,45207	15,0735	12,45208
31380	15,72885	11,79671	15,07351	11,79671
31400	15,0735	10,48598	15,07352	10,48598
31420	15,0735	10,48597	15,07352	10,48597
31440	15,07352	9,17525	14,41817	9,17525
31460	14,41816	8,51988	14,41818	8,51988
31480	14,41817	7,86451	14,41819	7,86451
31500	14,41817	7,20914	14,41818	7,86451
31520	13,76282	6,55378	14,41819	6,55379
31540	13,76281	6,55378	13,76283	6,55379
31560	13,76281	5,89842	13,76282	6,55378
31580	13,76282	5,89842	13,76283	5,89842
31600	14,41818	5,24305	14,4182	5,89842
31620	14,41819	5,24305	14,4182	5,24305
31640	15,07355	4,58768	13,76283	4,58769
31660	13,10742	3,27696	13,10744	3,93233
31680	14,41816	3,93233	14,41817	3,93234
31700	13,7628	3,27697	13,76281	3,93234
31720	13,7628	3,27697	13,76281	3,93234
31740	13,7628	3,27697	14,41817	3,93233
31760	14,41816	3,27696	14,41817	3,27697
31780	14,41817	3,27696	14,41818	3,27697
31800	14,41817	2,6216	14,41818	3,27697
31820	15,07353	2,6216	15,07354	2,62161
31840	15,07353	2,6216	14,41819	3,27697
31860	14,41817	2,6216	15,07354	2,6216
31880	15,07353	2,6216	14,41819	2,62161
31900	15,07353	2,6216	14,41819	2,6216
31920	15,07353	2,62159	14,41818	2,62161
31940	15,07353	1,96624	14,41818	2,6216
31960	15,7289	2,62159	19,66111	3,27696
31980	20,97184	3,93231	20,31649	3,93232
32000	19,66111	3,93232	19,66112	3,93233
32020	20,31647	3,93232	20,31649	4,58769
32040	19,66111	3,93232	20,31649	4,58769
32060	19,66111	3,93232	19,66112	4,58769
32080	20,31648	3,93232	20,31649	4,58769
32100	20,31648	4,58768	19,66113	4,58769
32120	20,31648	4,58768	20,31649	4,58769
32140	19,66112	4,58768	19,66113	4,58769
32160	19,66112	4,58768	19,66113	5,24305
32180	19,66112	5,24304	19,00577	5,24305
32200	19,66112	4,58768	19,00578	4,58769
32220	19,00576	4,58768	19,00577	5,24305
32240	19,00577	4,58768	18,35042	4,58769
32260	19,00576	3,93232	20,31652	4,58769
32280	24,24871	3,93231	24,9041	3,93232
32300	24,24872	3,93231	24,24873	4,58768
32320	24,90407	4,58767	24,90407	4,58768
32340	24,90407	4,58767	24,90408	4,58768
32360	24,90406	3,93231	24,90407	3,93232
32380	24,90407	3,93231	24,90408	3,93232
32400	24,24871	3,93232	24,90408	4,58768
32420	24,90406	3,93231	24,90408	3,93232
32440	24,24871	3,93232	24,90408	3,93232
32460	24,90407	3,27695	24,90407	3,93232
32480	24,90407	3,93232	24,90408	3,93232
32500	24,90407	3,27695	24,90409	3,93232
32520	24,90407	3,27695	24,24872	3,93232
32540	24,24871	3,93232	24,24873	3,93232
32560	24,24872	2,62159	24,24873	3,27696
32580	24,24872	2,62159	24,24873	3,27697
32600	24,24872	2,6216	24,24872	2,6216
32620	24,24872	1,96623	24,24873	2,6216
32640	24,24872	1,96623	26,21484	2,6216
32660	30,14703	2,62159	29,49168	3,27696
32680	28,8363	3,27696	28,18096	3,27696
32700	28,83631	3,27696	28,18095	3,27696
32720	27,52558	2,6216	27,52559	3,27696
32740	27,52558	2,6216	27,52559	3,27697
32760	27,52559	2,6216	27,52559	2,6216
32780	27,52559	2,6216	26,87024	2,6216
32800	26,87023	1,96623	26,87024	2,62161
32820	26,87023	2,6216	26,21489	3,27697
32840	26,21488	2,6216	26,87025	2,6216
32860	26,21488	2,6216	26,21489	2,62161
32880	26,21487	1,96624	25,55952	2,6216
32900	25,55951	2,6216	26,21489	2,62161
32920	25,55951	2,6216	25,55953	2,62161
32940	26,21488	2,6216	25,55953	2,6216
32960	25,55952	2,6216	25,55954	3,27696
32980	26,21488	2,6216	26,21489	3,27696
33000	26,87024	2,62159	26,21488	2,6216
33020	26,87022	2,6216	26,87022	2,6216
33040	26,87021	2,6216	26,87022	2,6216
33060	26,87021	2,62159	26,87022	2,6216
33080	26,87021	2,62159	26,87278	2,6216
33100	27,52557	2,62159	27,52559	2,6216
33120	27,52558	1,96623	26,87023	1,96623
33140	27,52558	1,96623	27,52559	1,96623
33160	27,52558	1,96622	28,18095	1,31087
33180	32,11314	1,31086	32,76854	1,96622
33200	32,11316	1,31086	31,45781	2,62159
33220	31,45779	1,96622	31,45781	1,96623
33240	31,45779	1,96622	31,45781	1,96623
33260	31,4578	1,31086	31,45781	1,96622
33280	31,4578	1,31086	31,45781	1,31087
33300	31,4578	1,31086	31,4578	1,31087
33320	30,80243	1,31086	30,80245	1,31087
33340	30,80243	1,31087	30,80244	1,31088
33360	30,80243	1,31086	30,14708	1,31087
33380	30,14707	1,31086	30,14709	1,31087
33400	30,14963	1,31087	30,14709	1,31087
33420	30,14708	1,31087	30,14709	1,31087
33440	29,49172	0,65551	29,49173	0,65552
33460	29,49172	0,65551	29,49173	0,65551
33480	30,14708	0,65551	29,49172	1,31088
33500	29,49171	0,65551	29,49173	1,31087
33520	29,49171	0,65551	29,49173	0,65551
33540	29,49172	0,65551	28,83637	0,65551
33560	28,83636	0,65551	29,49173	0,65551
33580	26,87027	0,00014999999999787	22,93806	-0,6552
33600	22,28267	-1,31056	22,28268	0,00016000000000105
33620	22,28268	-0,6552	22,28269	0,00017000000000422
33640	22,28268	0,00016000000000105	21,62733	0,00016000000000105
33660	22,28268	-0,6552	22,2827	0,00016000000000105
33680	22,28268	-0,6552	22,28269	0,00017000000000422
33700	22,93804	-0,6552	22,93805	0,00016000000000105
33720	22,93803	-0,6552	22,93804	0,00017000000000422
33740	22,93803	-0,6552	23,5934	-0,65519
33760	22,93803	-0,6552	22,93804	-1,31055
33780	22,93804	-1,31057	22,93805	-1,31056
33800	22,93804	-1,96593	22,93805	-1,31056
33820	23,5934	-1,31057	23,59341	-1,31056
33840	23,5934	-1,31056	23,59341	-1,31056
33860	23,5934	-1,96593	23,59341	-1,31056
33880	23,59339	-1,96593	23,59341	-1,96593
33900	24,24876	-2,62129	23,59341	-1,96593
33920	24,24876	-2,62129	24,24877	-2,62129
33940	24,24876	-3,27666	24,90413	-2,62129
33960	24,90412	-2,6213	24,24876	-3,27665
33980	17,69507	-5,24273	14,41823	-4,58735
34000	15,07358	-3,93199	15,72896	-3,27662
34020	15,07358	-3,93198	15,72896	-3,27662
34040	15,72894	-3,27662	15,72896	-2,62126
34060	15,72894	-3,27663	15,72896	-3,27662
34080	15,72895	-3,27663	15,72896	-3,27662
34100	15,72895	-3,27663	15,72896	-3,27663
34120	16,38431	-3,27663	15,72897	-3,27662
34140	15,72895	-3,93199	15,72896	-3,27663
34160	16,38431	-3,27663	15,72897	-2,62126
34180	15,72895	-3,27663	15,72897	-2,62127
34200	15,72895	-3,27663	15,72897	-2,62127
34220	15,72896	-3,27664	15,07361	-2,62127
34240	15,07359	-3,27664	15,07361	-2,62127
34260	18,35042	-3,27664	24,24875	-2,62128
34280	26,87023	-2,62129	26,21488	-1,96591
34300	24,90414	-1,96592	24,2488	-1,31055
34320	24,24879	-1,31056	24,2488	-1,31055
34340	24,24879	-1,31056	23,59345	-1,31055
34360	23,59344	-1,31055	23,59345	-0,65519
34380	24,2488	-1,31055	23,59345	-0,65519
34400	23,59343	-0,6552	24,2488	-0,65519
34420	24,24878	-1,31056	24,24879	-1,31055
34440	24,24877	-1,31056	23,59343	-1,31055
34460	23,59341	-1,31056	23,59343	-1,31055
34480	23,59342	-1,96592	23,59343	-1,96592
34500	23,59342	-2,62129	23,59344	-1,96592
34520	23,59342	-1,96593	23,59343	-1,96593
34540	24,90414	-1,96593	32,76857	-0,65521
34560	39,97761	0,00014000000000181	39,32228	0,00015000000000498
34580	38,01153	0,00014000000000181	38,01154	0,65551
34600	38,01153	0,65551	38,01154	0,65551
34620	38,01153	0,65551	38,01152	0,65551
34640	38,01151	0,6555	38,01153	0,65551
34660	38,01152	0,00014999999999787	38,01153	0,65551
34680	38,01151	0,00014000000000181	38,01153	0,65551
34700	38,01152	0,6555	38,01153	0,65551
34720	38,01152	0,00014000000000181	38,01153	0,6555
34740	37,35616	0,6555	37,35617	0,65551
34760	-41,9424	0,00014000000000181	37,35617	0,65551
34780	37,35617	0,6555	36,70082	0,65551
34800	36,70081	0,6555	36,70083	0,6555
34820	36,70082	0,00012999999999863	37,35619	0,6555
34840	36,70082	0,00014000000000181	36,70083	0,6555
34860	36,70083	0,00014000000000181	36,70083	0,6555
34880	36,70083	0,00012999999999863	36,70084	0,00014000000000181
34900	36,04547	0,00012999999999863	-41,94236	0,00014000000000181
34920	36,70084	0,00012999999999863	36,70086	0,6555
34940	36,70085	0,65549	36,70086	0,6555
34960	36,70086	0,65549	36,70342	0,6555
34980	37,35622	0,65548	36,70088	1,31085
35000	36,70087	0,65548	37,35626	1,31085
35020	39,32235	0,65548	39,32238	0,65549
35040	39,32236	1,31084	39,32238	1,96621
35060	39,32237	1,3115	39,32238	2,62158
35080	39,32238	2,62157	39,97775	2,62158
35100	40,6331	2,62157	39,97774	3,27694
35120	40,63309	3,27693	-41,94226	3,93231
35140	40,6331	3,9323	39,97775	4,58766
35160	39,97774	4,58766	39,97776	5,24303
35180	39,97775	5,24302	39,97776	5,89839
35200	39,32239	5,89838	39,32241	6,55375
35220	39,32239	6,55374	39,3224	7,20911
35240	39,32239	7,2091	39,32241	7,86447
35260	39,32239	7,86446	39,32241	7,86448
35280	39,32239	7,86446	39,3224	7,86447
35300	38,66703	7,86447	38,66704	8,51983
35320	38,66703	7,86446	41,94388	7,86446
35340	43,90999	7,86445	43,91001	7,86446
35360	43,25462	7,86446	43,25464	8,51982
35380	43,25463	7,86446	43,25464	8,51983
35400	43,25463	7,86446	42,59928	7,86447
35420	42,59927	7,86446	42,59928	7,86447
35440	42,59927	7,86446	41,94392	7,86446
35460	41,94391	7,86446	41,94392	7,86447
35480	41,9439	7,2091	41,94392	7,86447
35500	41,9439	7,2091	41,94391	7,2091
35520	41,9439	7,2091	41,94391	7,20911
35540	41,9439	7,2091	41,28855	7,2091
35560	41,28854	7,2091	41,28855	7,2091
35580	41,28854	6,55374	41,28855	7,2091
35600	41,28855	6,55374	41,28856	6,55374
35620	41,28854	5,89837	41,28856	6,55374
35640	41,28854	5,89838	41,28855	6,55375
35660	40,63319	5,89837	40,6332	5,89838
35680	40,63319	5,24302	40,6332	5,89838
35700	40,63318	5,24302	39,97784	5,24303
35720	39,97783	5,24302	39,97783	5,89839
35740	41,28853	5,24302	40,63319	5,24303
35760	41,28854	5,24302	41,28855	4,58767
35780	41,28853	4,58766	41,28854	5,24303
35800	41,29108	4,58766	41,28854	4,58767
35820	41,28853	5,24302	41,9439	4,58767
35840	40,63316	3,93231	36,70095	3,93232
35860	35,39019	3,27696	36,04557	3,93233
35880	36,04556	3,93232	36,04557	4,58769
35900	36,04555	3,93232	36,04557	4,58769
35920	36,04556	3,93232	36,04557	3,93233
35940	36,70092	3,93232	36,04557	3,93233
35960	36,04556	3,93232	36,70094	3,93233
35980	36,04557	3,27696	36,04558	3,93233
36000	36,70092	3,27696	36,04558	3,27696
36020	36,04557	3,27696	36,70094	3,27696
36040	36,70093	3,27696	36,04558	3,27696
36060	36,04557	2,6216	36,04558	3,27696
36080	36,04556	2,6216	36,04558	3,27696
36100	36,04557	2,62159	35,39022	2,6216
36120	36,04556	2,62159	37,35631	2,62159
36140	41,28851	2,62158	40,63317	2,62159
36160	39,97779	2,62159	39,97779	2,62159
36180	39,97778	2,62158	39,32243	2,62159
36200	39,32242	2,62158	39,32242	2,62159
36220	39,32242	2,62158	39,32242	2,62159
36240	39,32241	2,62158	39,32242	2,62159
36260	39,32242	2,62158	39,32243	2,62158
36280	39,32241	2,62158	39,32243	2,62159
36300	39,32241	2,62158	38,66706	2,62158
36320	38,66705	1,96622	39,32242	2,62158
36340	38,66705	1,96621	39,32242	2,62158
36360	39,3224	1,96621	39,32242	2,62158
36380	39,3224	1,96621	39,32242	1,96621
36400	39,97776	1,96621	40,63313	1,96621
36420	40,63312	1,31084	41,28848	1,31085
36440	41,28847	0,65548	42,59921	1,31084
36460	48,4975	1,31083	48,49754	1,31084
36480	47,1868	1,31084	47,1868	1,9662
36500	47,84215	1,31083	47,1868	1,9662
36520	47,84215	1,96619	47,84216	1,9662
36540	47,84214	1,31084	48,49751	1,31084
36560	48,4975	1,31083	48,49751	1,9662
36580	48,49749	1,31083	48,4975	1,31084
36600	48,49749	0,65547	48,4975	1,31083
36620	47,84213	0,65547	48,4975	1,31084
36640	47,84212	0,65547	49,15286	1,31083
36660	54,39581	1,31082	57,0173	1,31082
36680	57,0173	1,31082	56,36195	1,31082
36700	56,36193	1,31082	56,36194	1,96618
36720	56,36192	1,31082	56,36194	1,31083
36740	56,36193	1,31082	56,36194	1,31083
36760	56,36193	1,31082	56,36194	1,96619
36780	56,36193	1,31082	56,36194	1,96619
36800	56,36193	1,31082	56,36194	1,31082
36820	55,70657	1,31082	56,36195	1,96619
36840	56,36194	1,31082	56,36195	1,96619
36860	56,36193	1,31082	56,36195	1,96619
36880	56,36194	1,96618	56,36195	1,96619
36900	56,36194	1,96618	56,36195	1,96619
36920	56,36194	1,96618	57,01732	1,96619
36940	57,01731	1,96618	57,67267	1,96619
36960	57,67266	2,62155	57,67267	1,96619
36980	57,67267	1,31082	58,32806	1,96619
37000	58,98341	1,31082	58,98343	1,31083
37020	59,63878	0,65546	59,63881	0,65546000000001
37040	60,94952	0,65545	60,94955	0,65545
37060	61,60491	0,65545	62,26027	1,31081
37080	62,26026	0,65545	62,26028	1,31081
37100	62,91563	0,65545	62,91563	0,65545
37120	62,91562	0,65545	65,53709	1,31081
37140	69,46929	0,65545	69,46931	1,31083
37160	68,81393	1,31082	68,15858	1,96619
37180	68,81393	1,31083	68,15859	1,31083
37200	68,15858	1,31082	68,15859	1,96619
37220	68,15858	1,96618	68,81395	1,96619
37240	68,81394	1,96618	68,15858	1,96619
37260	68,15857	1,31083	68,81393	1,31083
37280	68,15855	0,65546	68,81392	0,65547
37300	68,15853	9,9999999996214E-5	69,46927	0,00010999999999939
37320	75,36756	0,65546	80,61054	0,65547
37340	81,26592	0,65546	80,61055	0,65546000000001
37360	79,95518	0,65546	80,61054	0,65547
37380	79,95517	9,9999999996214E-5	79,95517	0,65546000000001
37400	79,95516	9,0000000000146E-5	79,2998	9,0000000000146E-5
37420	78,64442	-0,65527	78,64443	9,0000000000146E-5
37440	78,6444	-0,65528	78,64441	-0,65527
37460	77,98904	-0,65528	77,98905	-0,65527
37480	77,33367	-1,31064	77,33368	-0,65527
37500	77,33367	-0,65529	76,67832	-0,65527
37520	76,67831	-1,31064	77,33369	-0,65528
37540	77,33367	-0,65528	77,33369	-0,65527
37560	77,33367	-0,65528	77,33369	-0,65528
37580	76,67831	-0,65528	77,33369	-0,65528
37600	77,33367	-0,65529	77,33368	-0,65528
37620	77,33367	-1,31065	77,33367	-1,31064
37640	76,6783	-1,31065	76,67831	-1,31065
37660	77,33366	-1,31065	77,33367	-1,31064
37680	79,29976	-1,31065	87,81958	-0,65529
37700	93,71791	7,0000000000903E-5	94,37331	0,65544
37720	93,71792	0,65543	93,71793	0,65544
37740	94,37327	7,0000000000903E-5	94,37328	8,0000000004077E-5
37760	95,02862	7,0000000000903E-5	95,02862	0,65544
37780	95,02861	7,9999999996971E-5	94,37326	8,0000000004077E-5
37800	95,0286	7,9999999996971E-5	94,37326	8,0000000004077E-5
37820	94,37324	7,9999999996971E-5	94,37325	9,0000000000146E-5
37840	94,37324	7,9999999996971E-5	94,37325	9,0000000000146E-5
37860	94,37324	7,9999999996971E-5	94,37325	9,0000000000146E-5
37880	94,37323	-0,65528	91,75177	-1,31063
37900	87,81952	-1,966	87,16417	-1,31063
37920	87,81951	-1,31063	87,81953	-0,65527
37940	87,16416	-1,31063	87,16417	-0,65527
37960	87,16416	-1,31064	87,16417	-0,65527
37980	87,16416	-0,65528	87,81953	-0,65527
38000	87,81952	-1,31064	87,81953	-0,65527
38020	87,81952	-1,31064	87,16417	-0,65527
38040	87,81952	-1,31064	87,81952	-0,65527
38060	87,81952	-1,31064	87,81953	-0,65527
38080	87,81952	-0,65528	87,16417	-0,65527
38100	87,16416	-0,65528	87,16417	9,0000000000146E-5
38120	87,16415	-0,65528	87,16417	9,0000000000146E-5
38140	87,16416	-0,65528	87,16416	9,0000000000146E-5
38160	87,16416	-0,65528	86,50881	-0,65527
38180	86,5088	7,9999999996971E-5	86,50881	9,0000000000146E-5
38200	85,85344	7,9999999996971E-5	85,85345	9,0000000000146E-5
38220	86,5088	7,9999999996971E-5	86,50881	0,65545
38240	85,85344	0,65544	85,1981	0,65545
38260	86,50882	0,65544	91,09643	1,96617
38280	93,06254	1,96616	93,06256	3,27689
38300	92,40719	3,93226	92,40719	4,58762
38320	91,75182	5,24298	91,75184	5,89835
38340	91,75183	6,5537	91,75183	7,86443
38360	91,75182	7,86442	91,75183	8,51979
38380	92,40718	9,17514	91,75183	9,17515
38400	91,75182	9,17514	91,75182	9,83051
38420	91,09645	9,83051	91,09646	9,83051
38440	91,09646	9,83051	91,09647	10,48588
38460	91,09645	10,48587	90,4411	11,7966
38480	91,09645	11,14123	91,09647	11,7966
38500	90,44111	11,79659	91,09648	12,45196
38520	91,09647	12,45195	91,09649	12,45196
38540	91,09648	12,45196	91,09648	13,10732
38560	91,09648	13,10732	91,09649	13,10799
38580	91,09648	13,10731	90,44113	13,76267
38600	91,09649	13,10731	91,09649	13,10731
38620	90,44113	13,10731	89,78577	13,76267
38640	87,81963	13,76268	87,81964	13,76268
38660	87,81964	14,41804	87,81965	14,41805
38680	87,81964	14,41804	87,16429	14,41805
38700	87,81964	14,41804	87,1643	14,41805
38720	87,16428	14,41804	87,1643	14,41805
38740	87,16428	14,41804	87,1643	14,41805
38760	87,16429	13,76268	87,1643	14,41804
38780	86,50892	14,41804	86,50894	14,41805
38800	86,50893	14,41804	86,50894	14,41805
38820	86,50893	14,41804	86,50894	14,41805
38840	85,85357	14,41804	86,50895	14,41805
38860	85,85357	14,41804	85,85359	14,41805
38880	85,85358	14,41804	85,85359	14,41805
38900	85,85358	13,76269	85,85359	14,41805
38920	85,85358	14,41804	85,8536	14,41805
38940	85,85358	13,76268	85,85359	13,76269
38960	85,85358	13,76268	85,19823	13,76268
38980	85,85358	13,76268	86,50895	13,76268
39000	86,50894	13,10731	86,50894	13,10732
39020	87,16428	13,10731	86,50893	13,10732
39040	86,50891	13,10732	85,85356	13,10732
39060	88,47504	12,45195	91,09653	13,76269
39080	90,44117	13,10732	89,78581	13,76269
39100	89,78579	13,76269	90,44116	14,41805
39120	89,78579	14,41804	89,7858	14,41805
39140	89,78579	14,41804	90,44116	14,41804
39160	90,44115	13,76268	90,44116	14,41804
39180	90,44115	13,76267	90,44116	13,76268
39200	90,44115	13,76267	90,44116	13,76268
39220	91,09652	13,76267	90,44116	13,76267
39240	90,44115	13,76267	91,09652	13,76267
39260	90,44115	13,10731	90,44116	13,76267
39280	91,0965	13,10731	90,44115	13,76267
39300	91,0965	13,10731	91,09651	13,10732
39320	91,0965	13,10731	90,44115	13,76267
39340	91,0965	13,10731	90,44115	13,10731
39360	91,0965	13,1073	90,44115	13,10731
39380	91,0965	12,45194	91,09651	13,10731
39400	91,75186	12,45194	89,1304	11,79658
39420	87,81964	11,14121	87,81966	11,14121
39440	88,47501	11,14121	88,47502	11,79658
39460	87,81965	11,14121	88,47502	11,79658
39480	87,81966	10,48584	87,81966	11,14121
39500	88,47501	10,48585	87,81967	11,14121
39520	88,47502	10,48584	88,47503	10,48585
39540	88,47502	10,48584	88,47503	11,14121
39560	88,47502	10,48584	88,47503	10,48585
39580	88,47501	10,48584	88,47503	9,83048
39600	89,13038	9,83048	89,13038	9,83048
39620	90,44109	8,51975	90,44111	8,51975
39640	91,09646	8,51974	91,09646	8,51975
39660	92,40715	7,86438	91,7518	7,20902
39680	91,75179	5,89829	91,7518	5,89829
39700	91,75179	5,24292	91,75179	5,24293
39720	92,40714	5,24292	92,40715	4,58757
39740	93,0625	3,93219	93,06251	3,9322
39760	93,0625	3,27683	94,37326	3,93219
39780	95,68399	3,9322	95,684	4,58756
39800	95,68398	4,58756	95,68398	5,24293
39820	95,68397	5,24292	95,02862	5,24293
39840	95,02861	5,24292	95,02861	5,89829
39860	95,0286	5,89829	94,37326	5,89829
39880	-41,94164	5,89829	94,37325	5,8983
39900	94,37324	5,89829	94,37325	5,89829
39920	94,37324	5,24293	94,37326	5,24293
39940	94,37325	4,58756	94,37326	5,24293
39960	94,37325	4,58757	93,7179	5,24293
39980	94,37325	4,58756	91,75179	3,27685
