T	LX	LY	RX	RY
0	0	0	0	0
20	14,41806	1,96606	23,59324	2,62142
40	28,18081	3,27676	26,21472	2,62142
60	28,83617	2,62141	26,87008	2,62142
80	28,18082	2,62141	26,87008	2,62142
100	28,18082	2,62141	26,87009	2,62142
120	28,83618	1,96605	26,87008	2,62142
140	28,18082	1,96605	26,87009	1,96605
160	29,49155	1,96605	27,52546	1,96605
180	29,49156	1,96605	27,52546	1,96605
200	29,49156	1,96605	27,52546	1,96606
220	29,49156	1,96605	27,52546	1,31069
240	29,49156	1,31069	27,52547	1,31069
260	29,49157	1,31069	27,52547	0,65533
280	29,49157	1,31068	28,18084	1,31069
300	30,14694	1,31068	28,18084	1,31069
320	30,14695	1,31068	28,83621	0,65533
340	30,8023	1,31068	29,49157	0,65532
360	32,11302	1,31067	30,14693	0,65533
380	32,11302	0,65531	30,14693	-3,9999999998486E-5
400	32,76838	-5,000000000166E-5	31,45766	-0,65541
420	30,80229	-0,65541	13,10736	-0,65539
440	1,96608	-1,31075	0,65536	-1,9661
460	2,62147	-1,31075	0,65537	-1,9661
480	1,96611	-1,96611	0,65537	-2,62146
500	3,27683	-1,96611	1,31074	-2,62147
520	3,93219	-2,62147	1,9661	-1,96611
540	4,58755	-1,96612	2,62146	-2,62147
560	4,58755	-1,96612	3,27682	-2,62147
580	5,24292	-2,62148	3,93218	-2,62147
600	5,89827	-2,62148	3,93218	-2,62147
620	5,89826	-2,62148	4,58754	-2,62147
640	7,20899	-2,62148	5,24289	-2,62147
660	7,20899	-2,62148	5,24289	-2,62147
680	7,20899	-2,62148	5,89826	-2,62148
700	9,83045	-1,96613	22,9378	0,65531
720	37,3559	1,96601	38,66665	2,62137
740	39,97739	3,27673	38,66667	2,62138
760	40,63277	2,62137	38,66668	2,62137
780	41,28813	2,62137	38,66668	3,27673
800	41,28814	3,27672	39,32205	3,27672
820	40,63533	3,27672	38,66669	3,93209
840	40,63279	3,93207	38,66669	3,93208
860	39,97743	4,58743	38,6667	4,58744
880	39,97743	5,24279	38,01134	5,24279
900	39,97744	5,24278	37,35598	4,58742
920	39,97744	4,58741	38,01135	3,93204
940	36,70061	3,27667	23,59326	2,6213
960	22,93789	1,31056	23,59325	-0,00016000000000105
980	26,21472	-0,65554	24,904	-1,96626
1000	26,8701	-2,62163	25,55939	-3,277
1020	27,5255	-3,27701	26,21477	-3,93236
1040	28,18088	-3,93237	26,21479	-4,58772
1060	28,1809	-4,58773	26,21482	-3,93235
1080	28,18093	-3,93237	26,8702	-3,93235
1100	28,83629	-3,93236	26,8702	-3,93235
1120	28,18094	-3,27699	26,21485	-3,93234
1140	28,18095	-3,27699	26,21486	-3,93235
1160	41,94364	-1,96629	69,46907	-0,6556
1180	87,16408	1,31045	87,81951	2,62118
1200	88,47489	3,27655	86,5088	3,27657
1220	89,13026	3,27655	87,16417	3,27657
1240	89,13027	2,6212	87,16418	2,62121
1260	89,78563	2,62121	87,81954	2,62121
1280	89,78564	1,96585	88,47491	1,96585
1300	91,09637	1,31048	89,13029	1,31049
1320	91,09639	1,31048	89,78566	0,65513
1340	92,40711	-0,00024000000000513	95,68396	1,31049
1360	103,54839	1,31048	103,5484	0,65512
1380	106,16986	-0,00024000000000513	104,20378	-0,6556
1400	106,82523	-1,31096	104,85914	-1,96631
1420	106,82523	-1,31096	104,85914	-2,62167
1440	106,82524	-2,62168	104,85914	-3,27704
1460	106,82525	-3,27704	105,51451	-4,58776
1480	106,82525	-4,58777	105,51452	-5,24312
1500	106,82526	-5,24313	105,51452	-5,89848
1520	108,13598	-5,89849	106,16989	-6,55384
1540	107,48063	-6,55385	106,16989	-7,2092
1560	108,13598	-7,20921	106,16989	-7,86456
1580	107,48062	-7,86457	105,51453	-8,51992
1600	107,48062	-7,86457	106,82526	-8,51993
1620	121,89871	-7,20922	135,0061	-5,8985
1640	138,93836	-5,89851	136,3169	-5,89849
1660	138,28299	-5,8985	136,31689	-5,89849
1680	138,28299	-5,8985	135,66154	-5,89849
1700	138,28299	-6,55386	136,97225	-6,55385
1720	138,28299	-6,55386	136,97225	-7,20921
1740	138,28298	-6,55386	136,97225	-6,55386
1760	138,28297	-6,55386	136,97224	-6,55385
1780	138,28297	-5,8985	136,97223	-6,55386
1800	138,28297	-6,55386	136,31687	-7,20922
1820	138,28296	-7,20923	136,31687	-7,20921
1840	138,28296	-7,20923	136,31687	-7,86458
1860	137,6276	-7,20922	135,6615	-7,20922
1880	137,6276	-7,20922	136,31687	-7,20922
1900	138,93833	-7,20923	136,97223	-7,86458
1920	138,93832	-7,86459	137,62758	-7,86458
1940	140,24904	-7,86459	138,28294	-8,51994
1960	140,24903	-7,86459	138,28294	-8,51994
1980	139,59366	-7,86459	137,62757	-7,86458
2000	139,59366	-8,51995	137,62756	-8,51994
2020	139,59365	-8,51995	137,62756	-8,51994
2040	139,59365	-7,86459	137,62756	-8,51994
2060	139,59365	-8,51995	137,62755	-8,51994
2080	140,249	-7,86459	138,93827	-8,51994
2100	140,24901	-8,51995	138,93827	-8,51994
2120	140,90437	-8,51995	139,59364	-8,51994
2140	141,55973	-8,51995	139,59365	-8,51994
2160	142,2151	-8,51995	140,24901	-7,86458
2180	141,55975	-8,51995	140,90438	-9,83067
2200	138,93827	-10,48603	112,72349	-13,76283
2220	76,67815	-17,69498	38,01148	-22,28248
2240	9,83074	-23,59319	0,00028999999999968	-22,93783
2260	1,31104	-22,28247	-1,31042	-22,28246
2280	1,31103	-22,28247	0,00029999999999575	-22,28246
2300	1,96638	-21,62711	0,00028999999999968	-20,97173
2320	2,62174	-20,97174	1,31101	-20,31637
2340	2,62175	-20,31638	1,31101	-20,97173
2360	3,27711	-20,31637	1,31101	-20,31637
2380	3,27711	-20,31637	0,65565	-20,31636
2400	2,62175	-19,66101	0,00028999999999968	-20,31636
2420	1,96639	-19,661	0,00029999999999575	-19,661
2440	1,96638	-19,661	0,00028999999999968	-19,66099
2460	1,31102	-19,00564	0,00028999999999968	-19,00562
2480	1,31103	-19,00563	0,00029999999999575	-19,00562
2500	1,96639	-19,00563	0,65566	-19,00563
2520	2,62176	-19,00563	0,00029999999999575	-18,35026
2540	1,9664	-19,00563	1,31104	-19,00563
2560	13,76301	-17,69493	22,28281	-17,03957
2580	26,87037	-17,03958	24,90428	-17,69493
2600	26,87037	-17,69494	24,90428	-17,03957
2620	26,87037	-17,03956	24,90428	-17,69492
2640	26,87037	-17,03956	24,90428	-17,69492
2660	26,87038	-17,03956	24,90428	-17,69492
2680	26,21502	-17,69492	24,90428	-17,69491
2700	26,87038	-18,35028	24,90428	-18,35027
2720	27,52574	-18,35028	36,70088	-17,03956
2740	49,80824	-17,03958	52,42971	-17,03958
2760	57,01727	-17,03958	55,05118	-17,69493
2780	57,01727	-17,03958	55,05118	-17,03957
2800	57,01727	-17,03957	55,05117	-17,03957
2820	57,01726	-17,03958	55,05117	-17,03957
2840	57,01725	-17,03958	54,3958	-17,69493
2860	56,36189	-17,03958	55,05115	-17,69493
2880	57,01724	-17,69494	55,05114	-18,35029
2900	57,01723	-17,69494	55,05114	-18,35029
2920	57,01723	-18,3503	55,05113	-18,35029
2940	57,67259	-18,3503	55,70649	-19,00565
2960	57,67258	-19,00566	58,98332	-19,00566
2980	68,81385	-18,35031	69,46922	-19,00567
3000	71,4353	-19,00567	69,46921	-19,66102
3020	71,4353	-19,66103	70,12456	-19,00566
3040	71,43529	-19,66103	70,12454	-19,66102
3060	71,43527	-20,31638	69,46918	-20,31637
3080	71,43526	-20,31638	68,8138	-20,97173
3100	70,77989	-20,31637	68,81379	-20,97172
3120	70,77988	-20,97172	68,81379	-20,97171
3140	70,77988	-20,97172	68,81378	-20,97171
3160	70,12451	-21,62707	68,15842	-21,62706
3180	70,77987	-21,62707	68,81378	-22,28241
3200	67,50305	-22,28242	49,80813	-22,2824
3220	44,56517	-22,93776	42,59907	-23,59311
3240	44,56518	-23,59312	41,94372	-23,5931
3260	43,90981	-22,93774	41,94372	-22,28237
3280	43,90981	-22,28238	41,94372	-22,93773
3300	43,25445	-22,28237	41,28836	-22,28236
3320	42,59909	-22,28237	41,28836	-22,28236
3340	49,15274	-20,97165	72,09062	-17,69485
3360	95,02855	-17,03952	96,99472	-16,38415
3380	98,30545	-15,72878	96,99471	-15,07341
3400	98,96081	-14,41805	96,99471	-14,41804
3420	98,9608	-13,76268	96,99471	-13,76194
3440	98,9608	-13,10732	96,99471	-13,10732
3460	99,61617	-12,45196	97,65008	-13,1073
3480	99,61618	-12,45196	97,65009	-12,45194
3500	100,27154	-12,45195	98,96081	-12,45194
3520	100,9269	-11,79659	99,61617	-12,45122
3540	101,58226	-11,79659	100,27153	-12,45194
3560	101,58226	-12,45195	100,92688	-12,45194
3580	102,23762	-13,1073	100,27152	-13,1073
3600	102,89298	-13,10731	100,27152	-12,45194
3620	102,89297	-13,10731	100,92689	-13,1073
3640	102,89298	-13,1073	101,58225	-13,76266
3660	108,13591	-11,79658	114,03426	-11,14121
3680	117,96647	-11,14122	115,34501	-11,79657
3700	117,96646	-11,14122	116,00037	-11,79657
3720	118,62183	-11,79658	116,65574	-11,79657
3740	117,96647	-11,14121	116,00038	-11,14121
3760	118,62184	-11,14121	116,00038	-11,14121
3780	117,96648	-11,14121	116,00038	-11,79657
3800	117,96648	-11,79657	116,00038	-11,79657
3820	117,96648	-11,79657	116,00039	-12,45192
3840	118,62185	-13,10659	112,0682	-14,41801
3860	85,85341	-16,38409	45,87841	-20,97158
3880	11,14143	-22,93763	-8,51951	-22,93762
3900	-9,17483	-22,93763	-11,79628	-22,93762
3920	-9,8302	-22,93762	-11,14093	-22,28225
3940	-9,17484	-21,6269	-10,48557	-21,62689
3960	-8,51948	-21,62689	-10,48557	-22,28225
3980	-8,51947	-21,62689	-9,8302	-21,62688
4000	-7,86411	-21,62689	-9,8302	-22,28224
4020	-7,20874	-22,28225	-9,17483	-22,28224
4040	-7,20873	-22,28225	-9,17482	-22,28224
4060	-7,86408	-22,28225	-9,17481	-22,28224
4080	-7,86408	-22,28225	-9,17481	-22,28224
4100	-7,86407	-22,28225	-11,79625	-23,59296
4120	-17,0392	-23,59297	-20,9714	-24,90368
4140	-17,69457	-24,90369	-19,66066	-24,90368
4160	-18,34993	-24,90369	-20,31603	-24,90368
4180	-18,34993	-24,90368	-20,31603	-25,55904
4200	-19,00529	-25,55905	-20,31602	-25,55904
4220	-18,34993	-25,55905	-19,66066	-25,55904
4240	-17,69456	-25,55905	-19,66067	-25,55904
4260	-17,03921	-25,55905	-19,0053	-26,2144
4280	-16,38385	-26,21441	-18,34994	-26,2144
4300	-16,38385	-26,21441	-11,79629	-26,21442
4320	9,17546	-24,24836	18,35063	-24,90373
4340	22,9382	-24,24838	22,28284	-24,90373
4360	24,24894	-24,90374	22,93821	-24,90373
4380	25,55966	-24,90373	23,59357	-24,90373
4400	25,55966	-25,55909	24,24892	-25,55909
4420	26,21501	-25,55909	24,90428	-25,55908
4440	26,21501	-26,21445	24,24892	-26,21444
4460	26,87038	-25,55909	24,90428	-26,21444
4480	26,87038	-26,21445	25,55965	-26,21444
4500	27,52574	-26,8698	26,21501	-26,8698
4520	28,18111	-26,86981	26,87037	-27,52516
4540	28,1811	-27,52517	26,21501	-27,52516
4560	28,83646	-27,52517	26,87037	-27,52516
4580	28,1811	-28,18053	26,87037	-28,83588
4600	30,80256	-28,18053	40,63308	-27,52518
4620	53,74044	-26,86983	57,01728	-26,86983
4640	58,9834	-26,86983	57,67267	-26,86983
4660	60,29413	-26,86983	58,9834	-26,86982
4680	60,94949	-26,21447	58,9834	-26,21446
4700	60,94948	-26,21447	59,63875	-26,21446
4720	61,60484	-25,5591	59,63874	-25,55909
4740	62,2602	-25,5591	59,63874	-26,21445
4760	62,26019	-24,90374	60,2941	-25,55909
4780	67,50313	-25,55911	72,09074	-26,21447
4800	76,02292	-25,55911	74,05683	-26,21446
4820	76,67828	-26,21447	74,7122	-26,21446
4840	76,67829	-25,55911	75,36756	-26,21446
4860	77,33366	-25,5591	75,36756	-25,5591
4880	77,33366	-26,21447	75,36757	-25,5591
4900	77,33366	-25,55911	76,02293	-26,21446
4920	77,33366	-25,5591	75,36757	-26,21446
4940	77,33367	-26,21447	76,02293	-26,86982
4960	77,98903	-26,21447	76,02293	-26,21446
4980	77,98903	-26,86983	76,67829	-26,86982
5000	78,64438	-26,86983	76,67829	-26,86982
5020	78,64438	-26,86983	77,33365	-27,52518
5040	81,9212	-26,86984	95,02857	-25,55912
5060	110,75743	-24,90378	115,34504	-23,59305
5080	120,58799	-22,9377	118,6219	-23,59305
5100	119,93263	-23,59306	119,27726	-23,59305
5120	121,24335	-22,9377	119,93262	-23,59305
5140	121,89871	-23,59306	120,58798	-23,59306
5160	122,55407	-23,59306	119,93262	-23,59306
5180	122,55407	-23,59307	121,24334	-22,9377
5200	123,20943	-22,9377	121,24334	-23,59305
5220	123,20943	-22,28234	121,8987	-22,93769
5240	123,20944	-22,9377	120,58798	-22,93769
5260	123,20944	-22,9377	121,8987	-23,59306
5280	123,8648	-22,93771	121,8987	-23,59306
5300	123,8648	-23,59307	122,55406	-23,59306
5320	123,8648	-24,24843	122,55406	-24,24843
5340	123,86479	-24,24843	122,55407	-24,90379
5360	124,52017	-25,55916	123,20944	-26,86988
5380	120,58797	-29,49133	91,09636	-32,76812
5400	56,36176	-36,04492	18,35051	-39,97703
5420	1,96638	-40,63242	-1,31041	-39,97705
5440	0,00034000000000134	-39,97706	-1,96576	-40,63241
5460	0,65569	-39,3217	0,00031999999999499	-39,3217
5480	1,31106	-39,3217	0,65568	-39,3217
5500	2,62178	-39,32171	1,31105	-39,3217
5520	3,27714	-39,32171	1,96641	-39,3217
5540	4,58787	-39,32171	2,62177	-39,97706
5560	4,58787	-39,32171	1,96642	-39,97707
5580	4,58787	-39,32172	2,62179	-39,97707
5600	4,58788	-39,97707	2,62179	-40,63243
5620	4,58789	-39,97708	3,27717	-40,63243
5640	-1,31039	-40,63243	-15,0731	-41,28777
5660	-16,38384	-41,28778	-17,0392	-41,94314
5680	-14,41774	-41,94315	-15,72848	-42,5985
5700	-13,76238	-41,94314	-15,72847	-42,5985
5720	-13,76237	-42,59851	-15,0731	-42,5985
5740	-13,76237	-41,94315	-15,0731	-42,5985
5760	-13,10701	-41,94315	-14,41774	-41,94314
5780	-12,45165	-42,59851	-14,41775	-42,5985
5800	-12,45165	-41,94315	-14,41774	-42,5985
5820	-12,45165	-41,94315	-13,76238	-41,94315
5840	-12,45164	-42,59851	-13,76237	-42,59851
5860	-11,79628	-42,59852	-8,51945	-41,94316
5880	9,83083	-40,63247	20,31673	-40,63248
5900	29,49185	-39,97714	31,45798	-40,63249
5920	33,42408	-40,6325	32,7687	-41,28785
5940	34,7348	-41,28786	32,76871	-41,28785
5960	35,39016	-40,63249	33,42407	-41,28785
5980	35,39016	-41,28786	34,07943	-41,94321
6000	36,04552	-41,94322	34,07943	-42,59857
6020	36,04552	-42,59858	34,73479	-42,59858
6040	36,70089	-43,25394	36,04552	-43,9093
6060	49,15286	-43,90851	56,36193	-43,90932
6080	60,29413	-43,90934	58,9834	-44,56469
6100	61,60486	-43,90933	59,63876	-43,90933
6120	61,60486	-43,90933	59,63877	-44,56469
6140	60,9495	-44,5647	59,63876	-44,56469
6160	60,94949	-45,22006	58,32803	-45,87541
6180	60,29412	-45,22006	58,32803	-45,87541
6200	60,29411	-45,22006	58,98338	-45,87541
6220	60,94947	-45,87542	58,98338	-45,22005
6240	60,29411	-45,87542	58,98338	-46,53078
6260	60,94947	-46,53079	64,88169	-45,87543
6280	78,64441	-46,53081	80,61054	-47,18617
6300	83,23201	-47,18617	82,57664	-47,84153
6320	84,54274	-47,84154	83,23201	-47,18617
6340	85,1981	-47,18617	83,23201	-47,18617
6360	85,1981	-47,18617	83,88737	-47,18617
6380	86,50882	-47,18617	83,88738	-47,18616
6400	86,50883	-47,18617	84,54274	-47,18617
6420	86,50883	-46,53081	84,54274	-47,18617
6440	86,50883	-47,18618	84,54274	-47,18617
6460	86,50883	-47,18618	85,1981	-47,84153
6480	87,16419	-47,84154	85,1981	-47,84153
6500	87,81955	-48,4969	96,33934	-47,18618
6520	113,37891	-46,53084	117,31114	-46,53084
6540	119,27724	-46,53084	117,9665	-46,53083
6560	119,93259	-45,87548	117,96649	-45,22011
6580	119,27722	-45,22011	118,62185	-45,22011
6600	119,93257	-44,56475	118,62183	-44,56474
6620	119,93256	-44,56475	118,62183	-44,56475
6640	119,93256	-44,56475	118,62183	-44,56475
6660	120,58792	-44,56475	118,62182	-43,90938
6680	120,58792	-43,90939	119,27718	-43,90938
6700	121,24327	-43,90939	119,27718	-44,56474
6720	121,24327	-44,56475	119,27718	-44,56475
6740	122,55399	-44,56475	130,41842	-43,90939
6760	138,28285	-43,90941	136,31675	-43,9094
6780	137,62748	-43,25403	136,31675	-43,25403
6800	138,28283	-43,25404	136,31675	-43,25403
6820	138,28283	-43,25404	136,9721	-43,25403
6840	138,93819	-43,25403	136,9721	-43,25403
6860	139,59356	-42,59867	137,62746	-43,25402
6880	140,24892	-43,25403	138,28283	-43,90939
6900	140,24892	-44,56476	130,41841	-46,53082
6920	98,96065	-49,80762	57,67242	-53,08437
6940	30,14704	-54,39508	19,66125	-53,73973
6960	20,31664	-53,08438	17,69517	-52,42901
6980	19,66125	-52,42901	18,35052	-51,77364
7000	19,66124	-51,77365	17,69515	-51,77364
7020	19,66124	-51,11828	17,69515	-51,11827
7040	19,66124	-50,46292	17,69514	-50,46291
7060	19,66123	-50,46291	17,69515	-50,46291
7080	19,00589	-50,46291	17,69516	-51,11827
7100	19,66125	-49,80755	17,0398	-50,46291
7120	19,0059	-50,46291	17,0398	-50,4629
7140	19,0059	-51,11826	8,52005	-51,7736
7160	-7,20877	-53,08432	-17,69463	-54,39502
7180	-15,72853	-53,73967	-17,03925	-53,73967
7200	-15,07316	-53,08431	-17,03925	-53,0843
7220	-15,07316	-53,08431	-17,03926	-53,0843
7240	-15,07317	-52,42895	-16,38391	-52,42894
7260	-14,41781	-52,42894	-16,38391	-51,77358
7280	-15,07317	-51,77358	-16,38391	-51,77358
7300	-15,07318	-51,11822	-17,03927	-52,42893
7320	-15,07318	-51,77358	-17,03927	-51,77357
7340	-15,07318	-51,77358	-16,38391	-51,77357
7360	-15,07318	-51,77358	-16,38391	-51,77358
7380	-14,41781	-51,77358	-16,3839	-51,77357
7400	-13,76246	-51,11822	-16,3839	-51,77357
7420	-13,76245	-51,77357	-15,72854	-51,77357
7440	-13,76245	-51,77357	-15,72854	-51,77356
7460	-13,76245	-51,11821	-15,07318	-51,1182
7480	-13,76244	-51,77357	-15,72853	-51,77356
7500	-12,45171	-51,77357	0,00025999999999726	-49,8075
7520	20,97201	-48,49682	28,83644	-48,49682
7540	33,42401	-47,84146	31,45792	-47,84145
7560	34,07937	-47,84146	32,11327	-47,84145
7580	34,07937	-47,18609	32,11327	-47,84144
7600	34,07937	-47,18609	32,76863	-47,18608
7620	34,07937	-47,18609	32,76863	-47,84143
7640	34,73473	-47,18608	32,76864	-47,84144
7660	34,73473	-47,18608	32,76864	-47,18607
7680	34,07938	-47,84144	32,76865	-47,84143
7700	42,59915	-47,84146	49,80822	-48,49682
7720	53,74042	-48,49683	52,42968	-49,15218
7740	54,39579	-49,15219	52,42969	-49,15218
7760	54,39578	-49,15219	53,08505	-49,80754
7780	54,39578	-49,80755	52,42968	-49,80754
7800	53,74041	-49,80755	52,42967	-49,80754
7820	53,74041	-49,80755	51,77686	-50,46289
7840	53,7404	-49,80755	52,42968	-50,4629
7860	54,39577	-49,80754	52,42967	-49,80754
7880	55,05113	-49,80755	60,94944	-49,80755
7900	76,67827	-49,80757	80,6105	-49,80757
7920	85,85343	-49,15221	85,85345	-49,15221
7940	87,81954	-49,15221	85,85344	-48,49684
7960	88,47489	-48,49685	86,5088	-48,49684
7980	88,47489	-48,49685	86,50879	-48,49684
8000	89,13024	-48,49685	87,81951	-48,49684
8020	90,44097	-48,49685	89,78561	-48,49684
8040	93,06243	-47,18613	91,75171	-47,18612
8060	95,02854	-46,53077	94,37319	-46,53076
8080	97,65002	-45,22005	97,65003	-45,22004
8100	99,61614	-44,56469	99,61614	-44,56468
8120	102,23761	-44,56469	100,92688	-44,56468
8140	103,54834	-44,56469	92,40712	-47,18611
8160	60,29404	-52,42899	19,00586	-58,98255
8180	-4,58729	-60,29327	-10,48553	-58,3272
8200	-9,17479	-57,67185	-11,79626	-57,67184
8220	-10,48555	-57,01649	-11,14093	-57,67184
8240	-7,86413	-58,32722	-8,51951	-59,63795
8260	-3,93198	-60,29334	-2,62126	-62,25944
8280	1,96628	-62,91482	3,277	-62,91483
8300	7,86455	-62,91484	7,86456	-62,91484
8320	11,79674	-62,91486	11,79674	-62,91485
8340	14,4182	-62,91487	13,76284	-62,91486
8360	16,3843	-62,25951	15,72894	-62,91486
8380	18,3504	-62,25951	17,03967	-61,60415
8400	19,66114	-61,60415	18,35041	-61,60414
8420	22,93797	-60,94879	36,04532	-59,63809
8440	51,77415	-58,32739	54,39563	-57,67203
8460	56,36173	-57,67203	53,74027	-58,32738
8480	55,70636	-58,32739	53,0849	-58,32738
8500	54,39562	-58,32738	51,1188	-58,98274
8520	52,42952	-58,98275	49,81061	-59,6381
8540	51,77415	-59,63811	48,49733	-59,6381
8560	50,46341	-60,29347	47,84195	-60,29346
8580	49,80805	-60,29347	47,18659	-60,94883
8600	49,15268	-60,94884	47,18659	-61,60419
8620	49,15268	-60,94884	47,18659	-61,60419
8640	49,15269	-61,60419	47,18659	-61,60419
8660	49,15269	-61,6042	46,53124	-62,25955
8680	48,49733	-62,25956	53,74026	-61,6042
8700	73,40129	-60,29351	83,88721	-60,94888
8720	91,75162	-60,29352	91,09627	-60,94887
8740	92,407	-60,29351	90,4409	-60,2935
8760	92,407	-59,63815	89,78554	-59,63814
8780	91,09627	-60,2935	89,13017	-60,29349
8800	91,09626	-60,2935	89,13016	-60,29349
8820	91,09626	-60,2935	89,13016	-60,29349
8840	90,4409	-60,29349	87,81944	-60,29349
8860	89,78554	-59,63813	87,81945	-60,29349
8880	89,13018	-60,29349	87,81944	-60,29348
8900	88,47482	-59,63813	86,50872	-60,29348
8920	88,47481	-60,29349	85,85336	-60,29348
8940	87,16408	-60,29348	85,19799	-60,29348
8960	87,16408	-60,29349	85,19799	-60,29348
8980	87,16408	-60,29349	85,19798	-60,94884
9000	92,40701	-59,63813	104,20365	-58,98277
9020	114,03419	-58,32743	117,31104	-57,67205
9040	120,58787	-57,67206	117,96642	-57,67205
9060	121,24323	-57,67205	119,27714	-57,67205
9080	121,24324	-57,67205	119,27714	-58,3274
9100	121,24324	-58,32741	119,27714	-58,3274
9120	121,24323	-58,98277	119,27714	-58,3274
9140	121,8986	-58,32741	118,62178	-59,63812
9160	121,24324	-58,98277	119,93251	-59,63813
9180	121,24324	-60,2935	123,86471	-60,29349
9200	141,55965	-58,9828	152,04558	-58,9828
9220	158,59929	-58,98281	156,63319	-59,63816
9240	157,94391	-58,98281	156,63318	-58,9828
9260	157,94391	-58,9828	155,97781	-58,9828
9280	157,9439	-58,98281	155,97781	-58,9828
9300	157,9439	-58,98281	156,63316	-58,9828
9320	158,59926	-58,98281	155,9778	-58,98281
9340	157,9439	-58,32745	155,97781	-58,32745
9360	157,9439	-58,32746	155,9778	-58,32745
9380	157,94389	-58,32746	155,97779	-58,98281
9400	157,94389	-58,98282	155,9778	-58,32746
9420	157,9439	-58,98282	155,32244	-60,9489
9440	136,97213	-65,53642	94,37312	-72,09
9460	52,42956	-77,98819	13,763	-80,60959
9480	3,27719	-79,29891	0,00039999999999907	-77,98818
9500	0,65577	-76,67747	-0,65498	-75,36674
9520	1,31111	-74,71139	0,00036999999999665	-74,05602
9540	1,96647	-73,40067	0,65573	-72,7453
9560	2,62183	-72,08995	1,3111	-72,08994
9580	3,27719	-71,43458	1,3111	-71,43458
9600	3,27719	-71,43458	1,31109	-71,43458
9620	3,93255	-71,43459	2,62181	-70,77922
9640	3,93254	-71,43459	2,62181	-71,43458
9660	4,5879	-71,43459	3,27717	-71,43459
9680	5,24326	-71,43459	3,27717	-71,43459
9700	4,58791	-71,43459	3,27717	-71,43458
9720	5,24326	-71,43459	2,62182	-71,43459
9740	4,58791	-71,4346	2,62182	-72,08995
9760	4,58791	-72,08996	3,93255	-72,08996
9780	17,69524	-70,1239	41,94382	-69,46857
9800	56,36195	-68,81323	57,01734	-68,15787
9820	58,98344	-68,81323	57,01734	-68,81322
9840	59,6388	-68,15787	58,32807	-68,15785
9860	59,6388	-68,81323	57,67271	-68,81322
9880	59,63881	-68,81322	58,32807	-68,81322
9900	60,29416	-68,81323	58,32807	-68,81322
9920	59,63881	-68,81323	58,32807	-69,46858
9940	60,29417	-69,46859	57,67272	-69,46858
9960	60,29417	-69,46859	57,67272	-69,46858
9980	59,63882	-69,46859	57,67272	-70,12395
10000	59,63881	-70,12395	58,32808	-70,7793
10020	59,63883	-70,77931	57,67274	-70,7793
10040	59,63883	-70,77931	57,67274	-70,77931
10060	59,63882	-70,77932	58,3281	-71,43467
10080	59,63884	-70,77932	58,3281	-71,43467
10100	59,63884	-71,43468	58,32811	-71,43468
10120	73,40154	-70,77934	93,06259	-70,77936
10140	108,79143	-70,12402	111,41295	-70,12402
10160	112,72369	-70,12402	111,41295	-70,12401
10180	114,0344	-69,46865	112,06831	-69,46864
10200	114,0344	-69,46865	112,0683	-70,124
10220	114,0344	-70,12401	111,41294	-70,12401
10240	114,0344	-70,12402	112,06831	-70,12401
10260	113,37904	-70,12401	112,0683	-70,77937
10280	113,37904	-70,77937	112,0683	-70,77937
10300	114,03439	-70,77937	112,0683	-70,77937
10320	113,37903	-71,43474	111,41294	-71,43473
10340	113,37903	-71,43474	112,0683	-71,43473
10360	114,03439	-71,43474	112,0683	-71,43473
10380	114,03439	-72,0901	112,0683	-72,09009
10400	114,03439	-72,09011	108,79145	-73,40081
10420	102,23776	-72,74546	99,61629	-74,05618
10440	102,89312	-74,05618	100,92702	-74,71154
10460	102,89311	-74,05618	100,92702	-74,05617
10480	102,89311	-74,05618	100,27165	-74,05617
10500	102,89311	-73,40082	100,92701	-73,40081
10520	102,23775	-74,05618	100,27164	-74,05617
10540	102,8931	-74,05618	100,92701	-74,71153
10560	102,8931	-74,71153	100,927	-74,05617
10580	102,89309	-74,05618	100,927	-74,05617
10600	102,89309	-74,71153	100,92701	-75,36688
10620	95,02871	-78,64368	62,91569	-85,19726
10640	32,11338	-89,78475	9,83096	-91,09544
10660	7,20954	-89,78474	6,55418	-89,12939
10680	8,52025	-88,47403	6,55415	-87,1633
10700	9,17559	-86,50795	7,20949	-85,85258
10720	9,83093	-85,19722	7,86484	-85,19722
10740	9,83093	-84,54186	7,86483	-84,54185
10760	9,83092	-83,8865	7,86483	-83,23113
10780	10,48628	-83,8865	8,52018	-83,23113
10800	10,48627	-82,57578	8,52017	-82,57577
10820	10,48626	-83,23113	8,52017	-83,23113
10840	10,48626	-83,23113	7,20944	-83,88648
10860	-4,58717	-85,19718	-17,69451	-85,85252
10880	-17,6945	-85,85252	-17,69449	-85,85252
10900	-15,72841	-85,85253	-17,6945	-85,85251
10920	-15,7284	-85,19717	-17,6945	-85,19715
10940	-15,72841	-84,5418	-17,03914	-84,54179
10960	-15,7284	-84,5418	-17,03914	-84,54179
10980	-15,07304	-83,88644	-17,03913	-83,88642
11000	-15,07304	-84,54179	-17,03913	-83,88642
11020	-15,07304	-84,54179	-17,03913	-84,54178
11040	-15,07304	-83,88642	-17,03913	-84,54178
11060	-15,07304	-83,88642	-17,03913	-84,54177
11080	-15,72839	-84,54178	-17,03913	-83,88641
11100	-15,7284	-84,54178	-17,03913	-84,54177
11120	-15,72839	-84,54177	-17,69448	-84,54177
11140	-15,72839	-84,54177	-17,69448	-85,19712
11160	-15,07302	-85,19713	-17,03911	-84,54176
11180	-15,07302	-84,54177	-16,38375	-85,19712
11200	-13,7623	-85,19713	-0,65497	-83,23106
11220	21,62752	-81,92038	30,14731	-80,60967
11240	39,32245	-80,60968	38,01173	-80,60967
11260	39,97781	-80,60967	38,66708	-79,9543
11280	40,63316	-79,29895	38,66707	-79,29894
11300	40,63316	-79,29895	38,66706	-79,9543
11320	40,63315	-79,29894	38,01169	-79,29894
11340	39,97777	-78,64358	38,01168	-78,64357
11360	39,97777	-78,64357	38,01166	-77,98821
11380	39,3224	-77,98821	36,70093	-77,33284
11400	39,32238	-77,33285	37,35628	-76,67747
11420	39,32237	-76,02212	37,35627	-75,36675
11440	39,32236	-74,05604	37,35627	-74,71042
11460	39,32236	-74,05603	38,01163	-74,71139
11480	39,97773	-74,7114	34,0794	-70,12384
11500	22,28272	-55,70587	5,24321	-47,18613
11520	-1,31045	-37,35571	-9,17484	-28,83598
11540	-10,48557	-24,24844	-11,7963	-22,28234
11560	-10,48556	-20,31625	-13,10702	-19,00552
11580	-11,14092	-19,00552	-12,45164	-23,59305
11600	-7,20872	-36,04493	7,20934	-72,08976
11620	11,79768	-121,89702	7,86611	-166,46116
11640	-6,55109	-192,01987	-23,59046	-195,95202
11660	-32,76556	-174,32515	-48,49473	-144,1788
11680	-47,84025	-120,58612	-40,63195	-104,20225
11700	-30,80173	-89,12903	-27,525	-73,40037
11720	-23,59289	-60,94854	-24,2483	-51,11813
11740	-22,93757	-43,25381	-24,90366	-36,70019
11760	-23,59293	-32,11267	-25,55902	-28,18049
11780	-24,24829	-25,55905	-26,21438	-23,59296
11800	-24,24829	-22,28224	-26,86974	-20,97151
11820	-24,90365	-19,66079	-27,5251	-19,00542
11840	-25,55901	-18,35007	-27,5251	-17,6947
11860	-25,559	-17,03934	-27,52509	-17,03934
11880	-25,559	-16,38398	-27,52509	-16,38397
11900	-25,559	-15,72862	-27,52509	-15,72861
11920	-26,21435	-15,07325	-28,18044	-15,07324
11940	-25,559	-14,41789	-28,18045	-14,41788
11960	-26,21435	-14,41788	-28,18044	-15,07324
11980	-26,21435	-15,07324	-27,52508	-15,07324
12000	-12,45166	-15,07327	-1,96577	-15,72864
12020	2,62178	-15,72865	1,31105	-16,38399
12040	3,27715	-15,72864	1,31106	-15,07327
12060	3,27715	-15,07327	1,31105	-15,07326
12080	3,27715	-15,07327	1,31105	-15,07326
12100	3,27714	-15,07327	1,31105	-14,41789
12120	3,27714	-14,4179	0,65569	-14,41789
12140	3,27714	-14,41789	1,31105	-13,76252
12160	2,62178	-13,76252	0,65569	-14,41787
12180	3,27714	-14,41788	9,17545	-13,76252
12200	23,59352	-13,10719	24,90427	-13,10718
12220	28,83646	-13,10718	27,52574	-12,45182
12240	28,83648	-11,79646	27,52574	-11,79645
12260	29,49183	-11,79645	27,52574	-11,79644
12280	29,49183	-11,79645	28,1811	-11,79644
12300	29,49183	-11,79645	28,1811	-11,79644
12320	30,14719	-11,14109	28,18109	-11,14108
12340	30,14719	-10,48572	28,18109	-11,14107
12360	29,49182	-11,14108	28,18109	-11,14108
12380	33,42401	-11,14109	44,56527	-10,48573
12400	55,05115	-10,48575	56,3619	-9,83038
12420	61,60484	-9,83039	59,63875	-9,83038
12440	61,60484	-9,17503	60,2941	-9,17502
12460	62,26019	-8,51966	60,2941	-8,51965
12480	62,91555	-7,86429	60,94946	-7,86429
12500	63,57091	-8,51966	61,60482	-8,51965
12520	63,5709	-7,20893	61,6048	-7,20892
12540	63,57089	-7,20892	61,60479	-6,55355
12560	63,57088	-5,89819	61,60478	-5,24282
12580	63,57087	-4,58747	62,26013	-3,9321
12600	64,22623	-3,9321	62,26013	-3,27674
12620	64,8816	-2,62138	63,57086	-2,62137
12640	66,19233	-1,96602	64,8816	-1,31065
12660	67,50306	-1,31066	65,53697	-1,31065
12680	68,15843	-1,31066	70,77991	5,9999999997729E-5
12700	79,95506	0,65541	79,95507	5,000000000166E-5
12720	81,92116	0,65541	79,95508	0,65542
12740	81,92118	0,65541	80,61044	0,65542
12760	82,57655	0,65541	81,26582	5,9999999997729E-5
12780	83,88728	4,9999999994554E-5	80,61046	-1,31066
12800	67,50308	-1,96603	49,15276	-3,27674
12820	46,53126	-3,27675	45,22055	-3,27674
12840	47,84201	-3,93211	46,53127	-3,27673
12860	48,49736	-3,27674	46,53127	-3,27673
12880	49,15272	-2,62138	47,18663	-3,27673
12900	49,15272	-3,27673	47,84199	-3,27672
12920	49,15272	-3,27673	47,84198	-3,93208
12940	49,15272	-3,27672	47,84198	-3,93208
12960	49,80807	-3,93208	47,84197	-3,93207
12980	49,80806	-3,27672	47,84197	-3,93207
13000	49,15269	-3,93208	47,18659	-3,2767
13020	49,15268	-3,27671	47,18658	-3,93207
13040	49,15267	-3,27671	47,18657	-3,93207
13060	48,4973	-3,93208	46,5312	-4,58743
13080	48,49729	-4,58744	61,60463	-3,93209
13100	96,33913	-2,62141	112,06804	-1,31072
13120	116,0003	0,65535999999999	113,37884	1,31075
13140	115,34493	1,31074	113,37883	1,31076
13160	116,00028	1,96611	113,37882	1,96612
13180	116,00028	2,62147	114,68954	2,62148
13200	116,65564	2,62147	114,68954	2,62149
13220	116,00027	3,27683	114,68954	2,62148
13240	116,65563	2,62148	114,68954	2,62148
13260	116,65563	2,62148	115,3449	1,96612
13280	117,96635	1,96612	116,00026	1,31076
13300	117,96636	1,96611	116,65562	1,31076
13320	118,62172	1,31075	116,65563	1,31076
13340	119,27708	1,31075	117,31099	1,31076
13360	119,93244	1,9999999999243E-5	104,20361	-2,62141
13380	68,81363	-6,55357	26,87005	-9,83031
13400	-7,20899	-9,83028	-24,24846	-9,17492
13420	-24,24842	-8,51955	-26,21452	-8,51954
13440	-24,24843	-7,86419	-26,21452	-7,86418
13460	-24,24843	-7,86419	-26,21452	-7,86418
13480	-23,59307	-7,86419	-25,55916	-7,86418
13500	-24,24843	-7,86419	-24,9038	-7,86418
13520	-23,59306	-7,86419	-24,90379	-8,51954
13540	-22,93769	-8,51955	-24,90379	-8,51954
13560	-23,59305	-8,51955	-24,90378	-8,51954
13580	-22,93769	-8,51955	-24,90378	-9,1749
13600	-22,93768	-8,51955	-24,2484	-9,1749
13620	-22,28231	-9,17491	-24,24841	-9,83027
13640	-21,62696	-9,83027	-24,24841	-9,83027
13660	-21,62696	-9,83028	-22,93769	-10,48563
13680	-20,97159	-10,48564	-22,93768	-10,48563
13700	-20,31623	-9,83028	-22,93769	-10,48564
13720	-20,97159	-11,14101	-22,28232	-11,141
13740	-20,31622	-11,14101	-22,28232	-11,79636
13760	-20,31622	-11,14101	-22,28231	-12,45172
13780	-20,31621	-12,45173	-21,62694	-13,10708
13800	-19,66084	-13,10709	-21,62694	-13,76244
13820	-19,66084	-13,76245	-21,62693	-14,4178
13840	-19,66084	-15,07317	-20,96902	-15,07317
13860	-19,00547	-15,72854	-20,97156	-16,38389
13880	-21,62692	-16,38389	-30,80206	-16,38388
13900	-30,1467	-17,03925	-30,1467	-17,69461
13920	-27,52525	-17,69461	-29,49134	-17,69461
13940	-27,52524	-17,69461	-28,83597	-17,69461
13960	-27,52523	-17,69462	-28,83596	-17,69462
13980	-26,21451	-18,34998	-28,18059	-18,34998
14000	-25,55913	-18,34999	-27,52522	-19,66071
14020	-25,55913	-19,66072	-27,52522	-20,31608
14040	-22,28231	-20,3161	-7,86424	-19,66076
14060	4,58774	-20,31615	7,86458	-20,97151
14080	12,45215	-20,97152	11,7968	-21,62689
14100	13,76289	-21,6269	12,45216	-22,28226
14120	15,07362	-22,28227	13,10753	-22,93763
14140	15,72899	-23,593	13,7629	-23,593
14160	15,729	-23,59302	14,41828	-24,24837
14180	16,38437	-24,90375	15,07365	-24,90374
14200	17,03974	-25,55912	15,07365	-25,55911
14220	17,69511	-25,55912	15,72902	-25,55912
14240	17,69512	-26,21449	17,03975	-26,21449
14260	24,24877	-25,55915	37,35612	-24,9038
14280	51,11882	-24,24846	65,53692	-23,5931
14300	72,74599	-22,93775	70,7799	-23,5931
14320	72,74599	55,05008	72,09061	-23,59311
14340	74,05671	-23,59312	72,74597	-23,59312
14360	74,71207	-23,59313	72,74597	-22,93776
14380	74,71207	-22,93777	72,74598	-22,93776
14400	75,36743	-22,28241	73,40134	-22,93777
14420	75,36744	-22,28242	73,40135	-22,28241
14440	75,36744	-21,62705	73,40135	-21,62705
14460	76,02279	-21,62706	74,0567	-21,62706
14480	74,71206	-22,28243	62,91544	-22,28242
14500	58,98322	-23,59316	57,67248	-23,59315
14520	60,29395	-23,59317	58,32785	-23,59317
14540	60,29395	-23,59318	57,6725	-23,59318
14560	60,29396	-23,59319	58,32787	-24,24855
14580	60,29397	-23,59319	58,32787	-24,24855
14600	60,29397	-24,24856	58,32788	-24,24856
14620	60,94934	-24,24857	58,32788	-24,24857
14640	60,29399	-24,24858	58,32789	-24,90394
14660	60,29399	-24,90395	58,98326	-24,90394
14680	60,294	-24,90395	60,29399	-25,55932
14700	74,05671	-24,90398	89,78556	-24,904
14720	98,30538	-23,59329	97,65003	-23,59328
14740	99,61612	-23,59329	97,65003	-23,59328
14760	99,61613	-22,93793	98,3054	-22,93793
14780	99,61613	-22,93793	98,3054	-22,93793
14800	99,61613	-22,93794	97,65004	-22,93793
14820	99,61613	-22,93794	97,65004	-22,28258
14840	99,61613	-22,93795	97,65004	-23,5933
14860	99,61614	-22,93795	97,65005	-23,59331
14880	99,61614	-23,59332	97,65005	-23,59332
14900	99,61615	-24,24869	98,30542	-24,90404
14920	99,61616	-24,90405	97,65007	-24,90405
14940	100,27153	-24,90406	104,20374	-24,90406
14960	113,3789	-24,90407	112,72355	-26,2148
14980	114,68964	-26,2148	112,72356	-26,2148
15000	114,68965	-26,21481	112,72356	-26,2148
15020	114,68966	-26,21481	112,0682	-26,2148
15040	115,34502	-26,21481	113,37893	-26,87017
15060	115,34503	-27,52554	113,37894	-27,52554
15080	103,54843	-30,80235	69,46921	-34,7345
15100	36,04543	-37,35593	13,10765	-38,01128
15120	10,48623	-38,01129	7,86479	-38,01129
15140	9,83088	-38,01129	8,52015	-38,01128
15160	10,48624	-38,01129	8,52015	-38,01128
15180	10,48624	-38,01129	8,52015	-38,01129
15200	11,14161	-37,35594	9,17552	-38,0113
15220	10,48625	-38,0113	9,17552	-38,66666
15240	11,14162	-38,66667	9,17553	-39,32203
15260	11,14162	-39,32204	9,17554	-39,97739
15280	11,79699	-40,63276	10,48626	-40,63276
15300	7,20943	-41,28812	-9,17475	-42,59882
15320	-13,76232	-43,25419	-15,72842	-43,25418
15340	-13,10696	-43,2542	-15,07306	-43,25419
15360	-13,10697	-43,25419	-14,41771	-43,25419
15380	-12,45161	-43,25419	-13,76234	-43,25419
15400	-12,45161	-43,2542	-13,76234	-43,25419
15420	-12,45161	-43,2542	-14,4177	-43,90955
15440	-11,79624	-43,90956	-13,76234	-43,90956
15460	-11,14088	-44,56493	-13,10697	-44,56492
15480	-11,14088	-44,56493	-13,10696	-44,56493
15500	-11,14087	-45,2203	-13,10696	-45,22029
15520	-11,14087	-45,2203	-13,10696	-45,87566
15540	-11,14086	-45,87567	-12,4516	-46,53103
15560	-11,14087	-46,53103	-12,45159	-47,18639
15580	-0,65501	-45,22033	11,79698	-44,56498
15600	20,97212	-43,90964	20,97214	-44,56499
15620	23,59359	-44,565	22,28286	-44,56499
15640	24,24896	-45,22036	22,93823	-45,22035
15660	24,90432	-45,22036	22,93822	-44,56499
15680	24,90432	-45,87572	22,93823	-45,87571
15700	24,90432	-45,87572	22,93823	-45,87571
15720	24,90432	-45,87572	23,59359	-46,53108
15740	24,90432	-47,18645	22,93823	-47,18643
15760	24,90432	-47,18645	22,93823	-47,18644
15780	24,90432	-47,8418	22,28287	-47,8418
15800	24,24896	-48,49717	22,28287	-48,49716
15820	24,24897	-49,15253	22,28287	-49,15252
15840	24,24897	-49,15253	21,62752	-49,80788
15860	26,21507	-49,8079	41,94387	-49,15255
15880	62,26028	-49,15258	71,43544	-48,49723
15900	81,26598	-48,49724	80,61062	-48,49723
15920	81,26599	-48,49723	80,61062	-48,49722
15940	82,5767	-48,49723	80,61061	-48,49722
15960	82,57671	-48,49723	80,61061	-48,49722
15980	82,5767	-49,15259	80,6106	-49,15259
16000	81,92133	-49,15259	80,6106	-49,80794
16020	81,92133	-49,80795	79,95524	-49,80794
16040	81,92133	-49,15259	79,95524	-49,80794
16060	81,26597	-49,80795	79,29987	-49,80794
16080	80,61061	-49,80795	79,29988	-49,80795
16100	81,26596	-49,80795	78,64451	-49,80795
16120	80,61061	-50,46332	75,36769	-50,4633
16140	66,19254	-49,80795	60,29423	-51,11866
16160	62,9157	-51,11867	62,26033	-51,11866
16180	63,57106	-51,11867	61,60497	-51,11866
16200	63,57107	-51,11867	62,26033	-51,11867
16220	64,22642	-51,77403	62,91569	-51,77403
16240	64,88178	-51,77404	62,91568	-51,77402
16260	64,88177	-51,77404	62,91568	-51,77403
16280	64,88177	-51,77403	62,91568	-51,77403
16300	64,88177	-51,77403	63,57105	-52,42939
16320	66,19251	-53,08476	79,95521	-52,42941
16340	102,89309	-51,77408	109,44682	-50,46336
16360	112,72366	-50,46336	110,75757	-49,80799
16380	113,37902	-49,80799	110,75756	-49,80798
16400	114,03438	-49,80799	112,06828	-49,80798
16420	114,03437	-49,80799	112,06828	-50,46334
16440	113,37901	-50,46335	112,06828	-50,46334
16460	114,03437	-50,46335	112,06827	-49,80798
16480	113,37901	-50,46335	112,06827	-49,80798
16500	114,03437	-49,80799	111,41291	-49,80798
16520	114,03437	-49,80799	112,06827	-49,15262
16540	114,03437	-49,15263	112,06827	-49,15262
16560	114,68972	-49,15263	112,72363	-49,15262
16580	114,68973	-50,46335	104,85924	-53,08478
16600	75,36761	-56,36158	36,70089	-60,29371
16620	9,83091	-60,94904	-4,5871	-60,29368
16640	-3,27636	-60,29369	-5,24244	-59,63832
16660	-3,27636	-58,98297	-4,58708	-58,98296
16680	-1,96563	-58,32761	-3,27636	-58,3276
16700	-1,31026	-57,67225	-2,621	-57,67224
16720	-1,31026	-57,67225	-2,62099	-58,32761
16740	-0,65489	-57,67225	-1,96563	-57,67225
16760	0,00046999999999997	-57,67225	-1,96562	-57,67225
16780	0,00046999999999997	-58,32761	-1,31026	-58,98297
16800	0,65584	-58,98298	-1,31025	-59,63833
16820	-1,9656	-59,63834	-15,07294	-59,63832
16840	-18,34979	-59,63832	-19,00515	-59,63831
16860	-16,38369	-59,63832	-19,00515	-59,63831
16880	-17,03905	-59,63832	-18,34978	-58,98295
16900	-17,03904	-59,63832	-19,00513	-59,63831
16920	-17,03903	-59,63832	-19,00512	-59,63831
16940	-17,03903	-59,63832	-18,34976	-59,63832
16960	-17,03902	-60,29368	-18,34975	-60,29367
16980	-16,38367	-60,29368	-18,34976	-60,29367
17000	-16,38367	-60,29368	-17,6944	-60,29367
17020	-15,72831	-60,29368	-17,6944	-60,29367
17040	-17,03903	-60,94904	-27,52489	-60,29366
17060	-28,83564	-60,94903	-30,14636	-60,94902
17080	-26,86955	-60,29367	-29,491	-61,60438
17100	-27,52491	-60,94902	-29,491	-60,94901
17120	-27,52491	-60,29367	-28,83564	-60,94901
17140	-26,86955	-60,29366	-28,83564	-60,94902
17160	-26,86955	-60,29366	-28,18028	-60,94902
17180	-26,86955	-60,29366	-28,18028	-60,29366
17200	-26,21419	-60,29366	-28,18027	-60,29366
17220	-26,21418	-60,29366	-28,18027	-60,29365
17240	-26,21418	-60,29366	-28,18027	-60,29365
17260	-24,24808	-60,29367	-11,79611	-58,98296
17280	4,58807	-58,98299	8,52028	-58,98299
17300	14,41857	-58,983	13,10785	-58,98299
17320	15,7293	-58,983	14,41857	-58,98299
17340	16,38467	-58,32764	14,41858	-58,98299
17360	16,38467	-58,983	14,41858	-58,98299
17380	17,04003	-58,983	15,7293	-58,98299
17400	17,6954	-58,983	15,7293	-58,98299
17420	17,6954	-58,983	15,72931	-58,98299
17440	17,6954	-58,983	15,72931	-58,98299
17460	17,6954	-59,63836	17,04004	-59,63836
17480	32,11347	-58,32766	42,59937	-58,98303
17500	49,80842	-58,98304	51,77452	-58,32768
17520	54,39599	-58,32768	52,4299	-58,32767
17540	55,70671	-57,67232	53,74062	-58,32767
17560	55,70672	-58,32768	53,74062	-58,32767
17580	55,70672	-57,67232	54,39598	-57,67231
17600	56,36208	-57,67231	53,74062	-57,6723
17620	55,70672	-57,67231	53,74063	-58,32767
17640	55,70673	-57,67231	54,39599	-58,32767
17660	56,36209	-58,32767	54,396	-58,32767
17680	56,36209	-58,32767	55,05137	-58,98303
17700	63,57113	-58,98305	72,09093	-58,98305
17720	76,6785	-58,98307	75,36778	-59,63841
17740	77,98924	-59,63842	76,02315	-59,63841
17760	78,6446	-58,98306	76,6785	-59,63841
17780	79,29995	-59,63842	77,98922	-59,63841
17800	79,29995	-59,63843	77,98921	-59,63842
17820	79,9553	-59,63842	77,9892	-60,29378
17840	79,9553	-60,29378	77,98921	-59,63841
17860	79,29994	-59,63842	77,33384	-59,63841
17880	79,29993	-59,63842	77,33384	-60,29377
17900	81,9214	-60,29378	92,4073	-59,63843
17920	104,85928	-58,98308	107,48077	-58,32771
17940	110,75761	-57,67236	109,44687	-58,32771
17960	111,41296	-57,67236	109,44687	-58,32771
17980	112,07071	-57,67235	110,10223	-58,3277
18000	112,72367	-57,67235	110,75758	-57,67234
18020	112,72368	-58,32771	110,75758	-58,32771
18040	112,06831	-57,67235	110,75758	-58,3277
18060	112,72367	-57,67235	110,75757	-58,32771
18080	112,72367	-57,67236	110,75757	-57,67234
18100	112,72366	-57,67235	111,41293	-57,67234
18120	112,0683	-57,67235	111,41293	-57,67235
18140	113,37903	-57,67235	111,41293	-57,67234
18160	114,03439	-57,01699	112,0683	-57,01698
18180	113,37903	-57,01699	112,0683	-57,01698
18200	114,03439	-57,01699	112,0683	-57,67234
18220	113,37904	-57,67235	112,72368	-58,98307
18240	110,10221	-61,60451	79,29991	-66,19201
18260	41,94389	-68,81343	3,93264	-71,4348
18280	-15,07293	-71,43482	-19,00508	-70,77946
18300	-17,69434	-70,12411	-19,66044	-69,46874
18320	-17,69435	-69,46875	-19,00508	-69,46874
18340	-17,03898	-69,46875	-18,34971	-70,1241
18360	-15,72825	-70,12412	-17,69435	-70,77947
18380	-15,72825	-70,77947	-17,03899	-70,1241
18400	-15,72825	-70,12412	-17,03898	-70,77946
18420	-15,72824	-70,77947	-17,03897	-70,77947
18440	-15,07288	-70,12411	-17,69433	-70,77946
18460	-15,72823	-70,77947	-17,03896	-70,77947
18480	-15,72823	-70,77947	-17,03895	-71,43483
18500	-18,34968	-72,09019	-30,80164	-73,40089
18520	-30,80164	-74,05627	-30,80164	-74,05626
18540	-28,83556	-74,05627	-30,80165	-74,71162
18560	-28,83555	-74,05627	-30,80164	-74,05626
18580	-28,83554	-74,05626	-30,14627	-74,05626
18600	-28,83553	-74,05626	-30,14626	-74,05626
18620	-28,18018	-74,05627	-30,14627	-74,05626
18640	-28,18018	-74,71163	-29,49092	-74,05626
18660	-27,52482	-74,71162	-29,49092	-74,71162
18680	-27,52483	-74,71162	-29,49093	-74,71162
18700	-28,18019	-74,71163	-30,14629	-74,71162
18720	-28,18019	-74,71163	-30,14629	-75,36698
18740	-26,86946	-74,71163	-10,4853	-72,74557
18760	6,55426	-72,7456	7,86501	-72,7456
18780	11,79721	-72,09024	10,48648	-72,7456
18800	12,45257	-72,09024	10,48648	-72,09023
18820	12,45257	-72,09024	10,48648	-72,09023
18840	12,45256	-72,09024	9,83111	-72,09024
18860	11,7972	-72,09024	9,8311	-72,74559
18880	11,7972	-72,09024	9,8311	-72,74559
18900	11,14183	-72,09024	9,17574	-72,09023
18920	11,79719	-72,7456	9,17573	-72,74559
18940	11,14183	-72,09024	9,17573	-72,09023
18960	11,14183	-72,09024	9,17573	-72,7456
18980	11,14183	-73,40097	18,35086	-72,09025
19000	39,97799	-71,43493	47,84244	-72,0903
19020	55,70684	-70,77958	55,05148	-70,77957
19040	57,01758	-70,77958	55,70684	-70,77957
19060	57,67293	-70,77957	55,70684	-70,12421
19080	57,67293	-70,77957	56,36219	-70,77956
19100	58,32829	-70,77957	56,3622	-70,77956
19120	58,32829	-70,77957	56,3622	-70,77956
19140	58,32829	-70,77958	56,3622	-71,43492
19160	58,3283	-70,77958	56,3622	-71,43493
19180	58,32829	-70,77958	57,01756	-71,43493
19200	58,3283	-71,43493	57,01757	-72,09029
19220	58,98366	-72,0903	57,67293	-72,74565
19240	69,46953	-72,09031	76,6786	-72,74568
19260	79,95543	-73,40105	77,98934	-74,0564
19280	79,95543	-73,40104	78,6447	-73,40103
19300	80,61079	-72,74568	79,30006	-73,40103
19320	81,26615	-72,74568	79,30006	-73,40103
19340	81,26614	-72,09031	79,30005	-72,74567
19360	81,92151	-72,74568	79,95542	-73,40103
19380	82,57688	-74,71176	68,8142	-77,33318
19400	35,39041	-81,92067	-4,58702	-86,50814
19420	-22,93722	-86,50814	-27,52474	-85,19742
19440	-25,55864	-84,54208	-27,52474	-84,54207
19460	-24,9033	-83,88671	-26,21404	-83,23135
19480	-24,24796	-82,576	-25,5587	-82,57599
19500	-23,59261	-81,92063	-25,55871	-81,92062
19520	-24,24799	-81,92063	-26,21408	-81,92062
19540	-24,24799	-81,92063	-26,21409	-81,92062
19560	-24,24799	-81,92064	-26,21409	-81,92062
19580	-24,24799	-81,26527	-25,55872	-81,92063
19600	-24,24799	-81,92063	-25,55872	-81,92063
19620	-23,59263	-81,26527	-24,90336	-82,57599
19640	-22,93726	-81,92063	-24,24799	-81,92063
19660	-22,93726	-82,57599	-24,248	-82,57599
19680	-15,07287	-82,57601	-2,62087	-81,92067
19700	2,62207	-82,57604	0,65597	-83,23139
19720	2,62207	-83,2314	1,31134	-83,23139
19740	3,27743	-83,2314	1,31134	-83,23139
19760	3,27743	-82,57604	1,31133	-83,23139
19780	3,27743	-83,2314	1,31133	-83,23139
19800	3,27743	-82,57604	1,9667	-83,23139
19820	3,27743	-83,2314	1,9667	-83,23139
19840	3,93279	-83,2314	2,62206	-83,23139
19860	4,58815	-83,88676	2,62206	-83,88675
19880	3,9328	-83,88676	1,96671	-83,88675
19900	3,9328	-83,88677	1,9667	-84,54212
19920	3,9328	-84,54213	2,62207	-85,19748
19940	4,58817	-84,54213	2,62208	-85,19748
19960	4,58818	-85,19749	15,72942	-84,54215
19980	40,63337	-83,88683	55,70687	-83,23148
20000	66,84812	-83,2315	65,53741	-82,57612
20020	67,5035	-82,57613	66,19277	-82,57611
20040	68,15885	-82,57613	65,5374	-82,57612
20060	68,15885	-82,57613	66,19274	-82,57612
20080	67,50347	-82,57613	65,53738	-82,57612
20100	67,50347	-82,57613	65,53739	-82,57612
20120	66,84811	-81,92077	65,53738	-82,57612
20140	67,50348	-82,57612	65,53739	-83,23148
20160	67,50348	-83,23149	65,53738	-83,23148
20180	67,50347	-83,23148	64,88202	-83,88684
20200	66,84812	-83,88685	64,88203	-84,5422
20220	66,19275	-84,54221	64,22665	-85,19756
20240	66,19274	-85,19757	64,22665	-85,85292
20260	66,19273	-85,85293	64,882	-86,50829
20280	79,30007	-85,85295	100,92721	-85,85295
20300	115,34535	-85,85298	116,65614	-85,19761
20320	117,96686	-85,19761	116,65612	-85,1976
20340	119,27757	-84,54225	116,65611	-83,88688
20360	119,27756	-84,54225	117,31146	-84,54224
20380	119,27755	-84,54225	117,96681	-85,1976
20400	119,27755	-85,19761	117,31145	-85,1976
20420	119,27754	-85,19761	117,9668	-85,1976
20440	119,9329	-85,19761	117,9668	-85,85296
20460	119,93289	-85,19761	117,9668	-85,1976
20480	118,62216	-85,1976	117,96679	-85,1976
20500	119,93287	-85,1976	117,31142	-84,54224
20520	119,27751	-84,54225	117,31142	-85,19761
20540	119,27751	-86,50833	101,58258	-89,12974
20560	62,91582	-92,40651	17,69544	-96,3386
20580	-15,07287	-95,6832	-27,52479	-91,75105
20600	-27,52477	-89,12962	-30,14626	-84,54209
20620	-28,83555	-79,95456	-30,14629	-76,02238
20640	-28,18021	-72,74557	-30,14632	-70,12411
20660	-29,49095	-68,15803	-31,45706	-66,84729
20680	-29,49097	-65,53657	-31,45706	-64,8812
20700	-29,49097	-64,8812	-31,45706	-64,8812
20720	-30,14633	-64,22585	-32,11242	-64,8812
20740	-30,14632	-64,88121	-32,11241	-64,8812
20760	-29,49095	-64,88121	-32,1124	-65,53656
20780	-36,69996	-66,84729	-40,63215	-68,158
20800	-36,69996	-67,50265	-38,0107	-68,15801
20820	-36,69997	-68,15801	-38,66605	-68,81337
20840	-36,69996	-68,15802	-39,32141	-68,81337
20860	-36,69995	-68,81338	-38,66605	-68,81337
20880	-36,69995	-68,81338	-38,66604	-69,46873
20900	-36,69995	-69,46874	-38,01067	-69,46873
20920	-36,04457	-70,1241	-37,3553	-70,77945
20940	-35,3892	-70,1241	-36,69993	-70,77945
20960	-34,73383	-70,77946	-36,04456	-71,43482
20980	-30,14628	-70,77948	-10,48528	-70,12415
21000	11,14186	-70,12419	22,28311	-69,46885
21020	32,11362	-69,46886	28,83681	-69,46885
21040	32,11362	-70,12422	30,80288	-70,77957
21060	32,76897	-70,12422	31,45823	-70,77958
21080	33,42432	-70,77958	31,45823	-70,77958
21100	33,42433	-70,77958	32,11359	-71,43494
21120	33,42433	-71,43494	32,11359	-72,0903
21140	34,73505	-72,09031	32,76896	-72,74566
21160	34,73505	-72,74567	32,76896	-73,40102
21180	34,73505	-73,40104	33,42432	-74,05639
21200	35,39041	-74,71176	33,42431	-74,71175
21220	35,3904	-75,36712	32,76896	-76,02247
21240	34,73505	-76,02248	32,76896	-76,02248
21260	34,73504	-76,02248	32,76895	-76,67783
21280	34,73505	-77,33321	32,76895	-77,3332
21300	34,73505	-77,33321	32,76896	-77,3332
21320	34,73505	-77,98857	33,42433	-78,64393
21340	49,80848	-78,64396	65,53733	-78,64398
21360	76,67858	-79,29936	78,64471	-79,29935
21380	81,26617	-79,29935	79,30007	-79,29935
21400	81,92152	-79,95471	80,61079	-79,29935
21420	82,57687	-79,95471	80,61078	-79,95471
21440	82,57687	-79,95472	79,95542	-80,61007
21460	81,92151	-80,61008	79,95542	-80,61007
21480	82,57687	-80,61008	80,61078	-80,61007
21500	82,57687	-80,61008	80,61078	-80,61007
21520	81,92151	-80,61008	80,61078	-81,26543
21540	81,92151	-81,26544	79,95543	-81,26544
21560	82,57688	-81,92081	80,61079	-81,9208
21580	82,57688	-81,9208	80,61079	-81,9208
21600	81,92152	-82,57617	80,61079	-82,57616
21620	82,57688	-82,57617	84,543	-83,23153
21640	101,58255	-82,57619	107,4809	-82,57619
21660	110,75775	-82,5762	109,44702	-82,57619
21680	110,75775	-82,57619	109,44701	-82,57618
21700	111,4131	-81,26547	110,10237	-81,92082
21720	111,4131	-81,92083	110,10236	-81,26547
21740	110,75774	-81,92083	110,10237	-82,57619
21760	112,06847	-83,88692	95,68431	-87,81906
21780	58,32829	-92,40656	11,79718	-96,33864
21800	-20,31576	-96,99397	-34,07838	-95,68326
21820	-34,07837	-93,71719	-37,35519	-93,06183
21840	-35,38911	-92,40648	-36,69985	-91,75111
21860	-34,73377	-91,09576	-36,69986	-91,09575
21880	-34,73378	-90,4404	-36,69988	-89,78503
21900	-34,73379	-89,12967	-55,04996	-89,12967
21920	-34,73379	-89,12968	-36,69989	-89,12966
21940	-34,07843	-89,12968	-36,04452	-89,78503
21960	-34,07843	-89,78503	-36,04452	-89,78503
21980	-34,07843	-89,78504	-36,04452	-89,78503
22000	-33,42307	-90,4404	-36,04197	-91,09575
22020	-45,21964	-91,7511	-55,05014	-91,75109
22040	-53,08404	-92,40645	-53,7394	-92,40645
22060	-51,77332	-92,40645	-53,73941	-93,0618
22080	-51,11796	-92,40645	-53,08405	-93,0618
22100	-51,11795	-92,40645	-52,42869	-92,40645
22120	-51,11795	-92,40645	-52,42868	-92,40645
22140	-50,46259	-93,06182	-52,42868	-93,06181
22160	-49,80723	-93,06181	-52,42868	-93,71717
22180	-49,80723	-93,06182	-51,77332	-93,71717
22200	-50,46258	-93,71717	-51,77331	-93,71717
22220	-49,80722	-94,37253	-51,77331	-94,37253
22240	-49,80722	-94,37253	-51,7733	-94,37252
22260	-49,80722	-94,37253	-51,77331	-95,02788
22280	-49,15185	-95,02789	-51,11794	-95,02788
22300	-49,15185	-95,02789	-51,11794	-95,02788
22320	-49,15184	-95,02789	-51,11794	-95,02788
22340	-49,15184	-95,68324	-51,11793	-95,68324
22360	-49,15183	-96,33861	-51,11793	-96,99396
22380	-49,15183	-96,99397	-51,11792	-96,99396
22400	-48,49647	-97,64933	-51,11792	-98,30468
22420	-49,15183	-97,64932	-51,11792	-98,30468
22440	-49,15183	-98,30468	-51,11792	-98,96004
22460	-49,80719	-98,30468	-52,42864	-98,96003
22480	-51,11791	-99,6154	-53,084	-99,6154
22500	-43,90888	-99,61542	-21,62641	-98,30473
22520	-9,17441	-98,30477	-6,55293	-98,30476
22540	-3,93146	-98,30477	-5,89756	-98,30476
22560	-3,93146	-98,30477	-5,89755	-98,96012
22580	-3,93146	-98,96013	-5,89756	-98,96012
22600	-3,93147	-99,61549	-5,89757	-99,61548
22620	-3,93148	-99,61549	-5,24221	-100,27084
22640	-3,93148	-99,61549	-5,89758	-100,27084
22660	-4,58684	-102,23693	-6,55293	-102,89228
22680	-4,58684	-103,54766	-6,55294	-104,85837
22700	-5,24221	-105,51374	-7,2083	-106,16909
22720	-5,89757	-106,82445	-8,51902	-107,47981
22740	-7,20829	-108,79053	-9,82974	-109,44589
22760	-6,55291	-110,75662	6,55445	-111,41199
22780	28,18158	-111,41203	32,11384	-112,06739
22800	32,76921	-112,06739	29,49239	-112,06738
22820	31,45849	-112,06738	28,83703	-112,06738
22840	30,14776	-112,72274	26,87094	-112,72273
22860	28,18167	-112,72274	25,56021	-114,03345
22880	26,21558	-114,68882	23,59413	-114,68882
22900	24,90486	-115,99954	22,2834	-116,6549
22920	22,93877	-117,31027	20,97269	-117,96562
22940	22,28342	-119,27634	19,00662	-121,24242
22960	20,31736	-122,55316	17,04055	43,90829
22980	17,69593	-123,86388	15,72984	-126,48532
23000	17,69595	-131,07285	17,04062	-144,18004
23020	19,66216	-163,84083	19,6622	-181,5355
23040	20,31766	-197,26409	19,66237	-207,74978
23060	24,2501	-214,95869	19,66275	-222,82292
23080	19,00757	-228,06575	14,42016	-231,99781
23100	9,17741	-236,58523	-3,27441	-241,17263
23120	-12,44939	-243,79397	-21,62434	-245,75995
23140	-33,42081	-245,75983	-50,46023	-245,75969
23160	-53,08158	-243,79351	-55,04767	-242,48267
23180	-53,08162	-241,17187	-55,04778	-239,86114
23200	-53,08164	-237,89507	-55,04767	-235,27362
23220	-53,08153	-232,65219	-55,04752	-230,03074
23240	-53,08132	-226,75395	-55,04737	-224,1325
23260	-53,0812	-218,88963	-55,04724	-216,92354
23280	-53,08108	-214,95747	-55,04712	-212,99138
23300	-53,08101	-211,68067	-55,04709	-211,68066
23320	-53,08102	-211,02531	-55,04715	-209,71458
23340	-53,08112	-209,71459	-55,04731	-210,36994
23360	-53,0813	-211,68067	-55,04742	-213,64674
23380	-53,08144	-216,26819	-55,04772	-218,23426
23400	-53,08001	-218,23427	-55,04796	-216,92354
23420	-53,08209	-213,64675	-55,04856	-212,3363
23440	-53,08314	-204,47234	-55,04971	-191,3653
23460	-53,08394	-175,63676	-55,0501	-162,5296
23480	-53,084	-152,69926	-55,05006	-145,49032
23500	-53,08389	-140,90286	-55,04995	-137,62609
23520	-53,0838	-135,00468	-55,04984	-133,69397
23540	-53,08371	-134,34936	-55,04975	-135,66009
23560	-53,08361	-137,62619	-55,04965	-138,93693
23580	-53,08351	-141,5584	-55,04955	-144,17984
23600	-53,0834	-147,45667	-55,04942	-151,38884
23620	-53,08328	-156,63174	-55,04932	-159,25318
23640	-53,08316	-161,21929	-55,04928	-150,07811
23660	-53,08341	-130,41718	-55,04965	-111,41162
23680	-53,08354	-95,68291	-55,04951	-83,88639
23700	-53,08327	-78,64351	-55,04923	-77,33279
23720	-53,08303	-78,64352	-55,04902	-80,6096
23740	-53,08283	-83,88642	-55,04884	-87,81857
23760	-53,08266	-91,75076	-55,04866	-95,68292
23780	-53,08251	-98,30438	-55,04853	-102,8919
23800	-53,08235	-106,82407	-55,04837	-108,79014
23820	-53,0823	-102,89187	-55,04842	-93,71672
23840	-53,08229	-89,12918	-55,04825	-85,85234
23860	-53,08203	-85,85233	-55,04804	-88,47377
23880	-53,0819	-91,75058	-55,04796	-96,3381
23900	-53,08182	-99,61491	-55,04787	-104,20242
23920	-53,08173	-107,47924	-55,04778	-112,72212
23940	-53,08164	-117,96501	-55,0477	-123,20789
23960	-53,08157	-127,79543	-55,04764	-132,38293
23980	-53,08152	-137,62583	-55,0476	-141,55797
24000	-53,08151	-144,83479	-55,04759	-148,11158
24020	-53,08148	-150,07767	-55,04757	-152,04374
24040	-53,08146	-152,69911	-55,04754	-154,00982
24060	-53,08143	-154,00983	-55,0475	-154,00982
24080	-53,0814	-154,00983	-55,04747	-153,35447
24100	-53,08137	-152,69912	-55,04746	-152,04375
24120	-53,08137	-151,38839	-55,04746	-150,73303
24140	-53,08137	-150,07767	-55,04748	-149,4223
24160	-53,08139	-149,42231	-55,04749	-149,4223
24180	-53,08141	-148,76694	-55,04752	-148,11157
24200	-53,08143	-147,45622	-55,04754	-146,80085
24220	-53,08147	-146,14549	-55,04757	-145,49012
24240	-53,0815	-144,1794	-55,04763	-143,52402
24260	-53,08157	-141,55794	-55,04769	-142,21328
24280	-53,08162	-142,21328	-55,04774	-142,21327
24300	-53,08167	-142,21327	-55,04779	-142,86862
24320	-53,08171	-142,86862	-55,04782	-143,52397
24340	-53,08174	-144,17933	-55,04784	-144,17932
24360	-53,08176	-145,49004	-55,04786	-145,49003
24380	-53,08178	-145,49003	-55,04789	-144,83466
24400	-53,08182	-144,1793	-55,04793	-144,17928
24420	-53,08184	-137,62568	-55,04788	-127,79522
24440	-53,08172	-121,89697	-55,04783	-120,58623
24460	-53,08175	-118,62016	-55,04785	-118,62015
24480	-53,08176	-119,27553	-55,04785	-119,27552
24500	-53,08176	-120,58626	-55,04785	-120,58625
24520	-53,08176	-120,58626	-55,04786	-120,58626
24540	-53,08177	-120,58627	-55,04787	-120,58626
24560	-53,08177	-119,93091	-55,04787	-120,58626
24580	-53,08178	-119,93091	-55,04788	-119,9309
24600	-53,0818	-119,93091	-55,0479	-120,58626
24620	-53,08182	-121,24163	-55,04791	-121,24162
24640	-53,08183	-121,89699	-55,04792	-122,55234
24660	-53,08183	-123,86308	-55,04792	-125,17379
24680	-53,08182	-125,82917	-55,04791	-126,48452
24700	-53,08183	-127,1399	-55,04792	-127,79525
24720	-53,08183	-128,45062	-55,04792	-128,45062
24740	-53,08184	-129,10599	-55,04794	-129,76134
24760	-53,08185	-129,76135	-55,04795	-129,76135
24780	-53,08187	-129,76136	-55,04798	-129,76135
24800	-53,08191	-129,76136	-55,04801	-130,41672
24820	-53,08192	-131,07209	-55,04811	-120,58628
24840	-53,0821	-104,85754	-55,0461	-91,75025
24860	-53,0821	-78,64299	-55,04811	-72,08936
24880	-53,08197	-67,50184	-55,04802	-67,50184
24900	-53,08192	-68,81258	-55,04799	-70,77867
24920	-53,08188	-72,74477	-55,04797	-75,36622
24940	-53,08187	-77,98768	-55,04796	-79,95377
24960	-53,08187	-81,91987	-55,04797	-84,54131
24980	-53,08189	-86,50741	-55,04799	-87,81813
25000	-53,08191	-89,12886	-55,04803	-91,09494
25020	-53,08195	-91,75032	-55,04807	-94,37176
25040	-53,082	-95,6825	-55,04812	-98,30394
25060	-53,08204	-100,27004	-55,04816	-101,58076
25080	-53,08208	-103,54685	-55,0482	-105,51293
25100	-53,08212	-108,78975	-55,04817	-108,13437
25120	-53,08171	-99,61463	-55,04733	-92,4056
25140	-20,31284	-86,50726	-1,30717	-81,91967
25160	1,96965	-78,64287	-3,27327	-77,9875
25180	-3,27329	-77,98752	-7,2055	-78,64289
25200	-8,51626	-79,29827	-13,7592	-80,609
25220	-15,06996	-81,26438	-19,65754	-81,91975
25240	-20,96829	-81,26441	-25,55586	-82,57514
25260	-25,5559	-83,88588	-30,14347	-83,88588
25280	-30,79885	-84,54126	-34,0757	-85,19662
25300	-32,76499	-86,50736	-36,04183	-86,50736
25320	-34,73112	-87,16274	-38,00796	-88,47346
25340	-37,3526	-88,47348	-40,62944	-89,12885
25360	-40,62945	-89,78423	-44,56165	-90,4396
25380	-45,21702	-90,43962	-49,80458	-91,75035
25400	-51,11533	-92,40573	-55,04753	-93,0611
25420	-53,08147	-93,71648	-55,04759	-94,37184
25440	-53,08153	-95,02723	-55,04766	-95,68259
25460	-53,0816	-96,33797	-55,04772	-96,33797
25480	-53,08165	-96,99335	-55,04778	-97,64871
25500	-53,08172	-98,30408	-55,04785	-99,6148
25520	-53,08179	-99,61481	-55,04792	-100,92553
25540	-53,08186	-101,58089	-55,04799	-101,58089
25560	-53,08193	-101,5809	-55,04805	-102,23625
25580	-53,082	-102,23626	-55,04813	-102,89161
25600	-53,08207	-102,89162	-55,04821	-103,54697
25620	-53,08207	-100,92553	-55,04807	-99,6148
25640	-53,082	-98,95945	-55,04815	-99,61482
25660	-53,0821	-99,61483	-55,04823	-99,61484
25680	-53,08217	-99,61485	-55,0483	-100,2702
25700	-53,08225	-99,61485	-55,04837	-100,2702
25720	-53,08232	-99,61485	-55,04844	-99,61484
25740	-53,08237	-99,61485	-55,04849	-100,2702
25760	-53,08242	-99,61485	-55,04854	-100,27021
25780	-53,08247	-100,92558	-55,04858	-101,58093
25800	-53,08251	-101,58094	-55,04863	-102,2363
25820	-53,08256	-102,89167	-55,04868	-102,89166
25840	-53,08261	-102,23631	-55,04874	-102,89166
25860	-53,08268	-102,23631	-55,0488	-102,2363
25880	-53,08273	-102,2363	-55,04886	-102,23629
25900	-53,08279	-102,23629	-55,04889	-102,23628
25920	-53,08282	-102,89165	-55,04893	-103,547
25940	-53,08285	-103,54701	-55,04896	-104,20236
25960	-53,08288	-104,85773	-55,04899	-104,20236
25980	-53,08291	-104,85773	-55,04902	-104,85772
26000	-53,08294	-104,85773	-55,04905	-104,85772
26020	-53,08298	-104,20236	-55,04909	-104,20235
26040	-53,08302	-104,20236	-55,04913	-104,20235
26060	-53,08305	-103,547	-55,04915	-103,54699
26080	-53,08307	-103,547	-55,04917	-103,547
26100	-53,08308	-102,89166	-55,04918	-102,89166
26120	-53,0831	-103,54704	-55,0492	-104,2024
26140	-53,08311	-104,20243	-55,0492	-104,85779
26160	-53,08311	-104,8578	-55,04919	-106,16852
26180	-53,08309	-107,47926	-55,04916	-110,75607
26200	-53,08293	-127,7955	-55,04876	-154,66536
26220	-53,0825	-175,6369	-55,04857	-184,81188
26240	-53,08251	-183,50114	-55,04863	-181,53505
26260	-53,08257	-179,56898	-55,0487	-177,6029
26280	-53,08264	-175,63682	-55,04875	-174,98146
26300	-53,08269	-174,3261	-55,04881	-172,36001
26320	-53,08273	-170,39393	-55,04884	-170,39392
26340	-53,08277	-167,77249	-55,04888	-167,11711
26360	-53,0828	-165,8064	-55,04891	-162,52959
26380	-53,08285	-160,56352	-55,04897	-158,59744
26400	-53,08291	-155,32065	-55,04902	-153,35457
26420	-53,08295	-151,3885	-55,04906	-148,11169
26440	-53,08299	-146,80098	-55,0491	-145,49026
26460	-53,08302	-143,52419	-55,04914	-141,5581
26480	-53,08306	-140,24739	-55,04917	-138,93666
26500	-53,08308	-138,28131	-55,04917	-138,2813
26520	-53,08305	-143,52419	-55,04901	-167,77255
26540	-53,08278	-193,98699	-55,04874	-212,33701
26560	-53,08263	-216,92445	-55,04876	-47,18619
26580	-53,08272	-211,02622	-55,04887	-207,09406
26600	-53,08283	-204,47264	-55,04897	-201,19584
26620	-53,08291	-198,57441	-55,04905	-195,95296
26640	-53,083	-193,33153	-55,04912	-190,71008
26660	-53,08306	-188,08864	-55,04918	-186,7779
26680	-53,08311	-184,81183	-55,04922	-182,84574
26700	-53,08315	-180,87966	-55,04927	-178,91357
26720	-53,0832	-176,9475	-55,04931	-174,9814
26740	-53,08325	-173,01533	-55,04936	-170,39388
26760	-53,08329	-169,08317	-55,04941	-167,11709
26780	-53,08334	-165,15102	-55,04945	-163,84031
26800	-53,08337	-162,5296	-55,04948	-161,87424
26820	-53,08341	-159,90818	-55,04951	-159,25281
26840	-53,08343	-158,59746	-55,04954	-158,59745
26860	-53,08345	-157,28674	-55,04955	-157,94209
26880	-53,08345	-158,59746	-55,04954	-159,25281
26900	-53,08344	-159,25282	-55,04953	-160,56353
26920	-53,0834	-163,18498	-55,04945	-167,77249
26940	-53,08338	-161,87422	-55,04958	-140,24724
26960	-53,08352	-124,51854	-55,04964	-115,99884
26980	-53,08354	-108,78987	-55,04962	-102,89161
27000	-53,08352	-99,61481	-55,0496	-96,99336
27020	-53,08349	-97,64872	-55,04958	-96,99334
27040	-53,08348	-96,33799	-55,04956	-96,33798
27060	-53,08346	-96,33798	-55,04954	-96,33797
27080	-53,08343	55,05019	-55,04952	-96,33796
27100	-53,08341	-96,33797	-55,0495	-96,33795
27120	-53,0834	-96,33796	-55,04948	-96,33795
27140	-53,08339	-96,33796	-55,04948	-95,68259
27160	-53,08338	-95,02724	-55,04947	-95,68259
27180	-53,08338	-95,02724	-55,04947	-95,02724
27200	-53,08338	-95,68262	-55,04946	-96,99334
27220	-53,08339	-96,33799	-55,04973	-89,78434
27240	-53,08385	-82,57534	-55,05	-76,02171
27260	-53,08385	-72,74492	-55,0499	-70,12346
27280	-53,08378	-70,12346	-55,04984	-70,12346
27300	-53,08372	-70,12347	-55,04979	-70,77881
27320	-53,08368	-70,77882	-55,04976	-71,43416
27340	-53,08365	-71,43417	-55,04973	-72,08953
27360	-53,08362	-72,74489	-55,04968	-73,40025
27380	-53,08357	-73,40026	-55,04964	-74,05561
27400	-53,08352	-74,05563	-55,04959	-74,05562
27420	-53,08347	-74,05563	-55,04953	-74,05563
27440	-53,08339	-74,05564	-55,04945	-74,71099
27460	-53,08332	-74,71101	-55,04938	-75,36636
27480	-53,08326	-75,36638	-55,04931	-75,36638
27500	-53,08319	-74,71103	-55,04925	-75,36638
27520	-53,08313	-75,36639	-55,0492	-75,36639
27540	-53,08308	-75,36641	-55,04915	-75,3664
27560	-53,08303	-76,02177	-55,0491	-76,67714
27580	-53,08298	-76,02179	-55,04904	-76,67715
27600	-53,08293	-76,67717	-55,049	-76,67717
27620	-53,08288	-76,67719	-55,04895	-76,67719
27640	-53,08284	-76,02185	-55,04891	-76,02185
27660	-53,0828	-75,36651	-55,04887	-76,02187
27680	-53,08276	-76,02189	-55,04883	-76,02188
27700	-53,08271	-76,67726	-55,04879	-76,67726
27720	-53,08267	-76,67727	-55,04875	-77,33263
27740	-53,08263	-77,33264	-55,0487	-78,64336
27760	-53,0826	-79,29873	-55,04867	-80,60944
27780	-53,08257	-81,92017	-55,04865	-83,88624
27800	-53,08255	-83,88624	-53,73782	-76,67724
27820	-41,94122	-72,0897	-42,59658	-70,77896
27840	-41,94121	-70,77897	-44,56266	-70,77897
27860	-42,59656	-70,77898	-44,56265	-70,77897
27880	-43,25191	-70,77899	-45,21801	-70,77898
27900	-42,59655	-70,12363	-44,56265	-70,12363
27920	-42,59655	-68,81291	-43,90727	-68,8129
27940	-41,94118	-68,15754	-43,25191	-67,50218
27960	-40,63045	-66,84683	-41,28582	-66,19146
27980	-38,66436	-66,19147	-39,97509	-66,84682
28000	-37,35364	-66,84683	-39,31973	-66,84682
28020	-38,00899	-66,84684	-39,97509	-67,50219
28040	-38,009	-67,5022	-40,63046	-68,15756
28060	-38,00902	-65,53612	-38,66438	-54,39493
28080	-38,66434	-48,49667	-41,2858	-45,87521
28100	-39,3197	-44,5645	-41,94115	-44,5645
28120	-40,62817	-44,56452	-42,59649	-45,21988
28140	-41,28576	-46,53062	-42,59648	-46,53062
28160	-39,97502	-47,18598	-41,94112	-47,84133
28180	-39,31966	-48,49669	-40,63039	-48,49668
28200	-38,66431	-49,15205	-40,6304	-49,8074
28220	-37,35359	-50,46278	-39,31969	-51,11746
28240	-37,35361	-51,11814	-38,66434	-51,11815
28260	-36,69826	-51,77352	-38,66436	-52,42888
28280	-36,69827	-52,42888	-39,31973	-53,7396
28300	-37,35365	-54,39497	-39,31975	-54,39496
28320	-36,69831	-54,39497	-38,66442	-54,39496
28340	-36,69834	-55,05032	-38,00908	-55,05033
28360	-36,69835	-55,70569	-38,00909	-57,01641
28380	-36,043	-58,32715	-38,0091	-58,9825
28400	-36,69837	-60,29324	-39,31983	-60,94859
28420	-37,35375	-61,60397	-39,31985	-62,25932
28440	-38,00912	-62,25933	-40,63058	-62,91468
28460	-39,31986	-62,91469	-41,28596	-62,91468
28480	-39,97524	-62,25932	-42,5967	-62,25931
28500	-41,28598	-61,60396	-43,25208	-60,94858
28520	-42,59672	-60,29323	-43,90746	-60,29322
28540	-41,94137	-60,29323	-43,90747	-60,29323
28560	-42,59674	-59,63788	-44,56283	-60,29324
28580	-41,28602	-55,70571	-38,0092	-41,94305
28600	-37,35378	-34,07869	-39,31987	-31,45722
28620	-38,00913	-29,49113	-39,31987	-28,18038
28640	-37,35378	-26,86965	-39,97524	-26,86964
28660	-38,00915	-27,525	-40,63062	-27,525
28680	-39,31989	-27,52501	-42,59671	-28,18037
28700	-41,94135	-28,18039	-44,56281	-28,18039
28720	-43,90745	-28,1804	-46,52892	-28,83576
28740	-45,21819	-28,83576	-47,83966	-28,83574
28760	-47,1843	-27,52502	-49,80577	-26,86965
28780	-49,15041	-26,21429	-51,77189	-26,21427
28800	-50,46117	-26,21427	-53,08263	-26,21426
28820	-53,08266	-19,66063	-55,04877	-12,4516
28840	-53,08268	-9,83015	-55,04877	-9,17478
28860	-53,08268	-8,51942	-55,04879	-7,20869
28880	-53,08271	-7,20869	-55,0488	-6,55331
28900	-53,08272	-5,89796	-55,04882	-5,89794
28920	-53,08274	-5,24258	-55,04884	-4,5872
28940	-53,08275	-4,5872	-55,04886	-3,93183
28960	-53,08277	-3,93183	-55,04888	-3,93181
28980	-53,08278	-3,93181	-55,04889	-3,9318
29000	-53,0828	-4,58715	-55,0489	-3,93178
29020	-53,08281	-3,93178	-55,04891	-3,93177
29040	-53,08283	-4,58713	-55,04892	-5,2425
29060	-53,08284	-5,24251	-55,04892	-5,89786
29080	-53,08283	-5,89789	-55,04891	-6,55324
29100	-53,08282	-7,20861	-55,0489	-7,2086
29120	-53,08281	-7,86397	-55,04891	-8,51932
29140	-53,08282	-9,83005	-55,04891	-10,4854
29160	-53,08282	-11,79613	-55,04892	-13,10684
29180	-53,08282	-13,10685	-55,04892	-14,41757
29200	-53,08284	-15,07293	-55,04894	-15,72829
29220	-53,08285	-16,38365	-55,04895	-17,039
29240	-53,08286	-17,69437	-55,04896	-18,34972
29260	-53,08288	-19,00508	-55,04897	-19,00507
29280	-53,08289	-19,66043	-55,049	-20,31578
29300	-53,08291	-20,31579	-55,04901	-20,97114
29320	-53,08293	-21,6265	-55,04903	-22,28185
29340	-53,08295	-22,28185	-55,04905	-23,59256
29360	-53,08296	-24,24793	-55,04907	-24,90328
29380	-53,08299	-25,55864	-55,04909	-26,86935
29400	-53,083	-28,18007	-55,0491	-29,49077
29420	-53,08047	-30,14613	-55,04913	-30,80148
29440	-53,08305	-31,45685	-55,04916	-32,76756
29460	-53,08308	-33,42293	-55,04919	-34,73364
29480	-53,0831	-35,38902	-55,04921	-36,04437
29500	-53,08313	-36,69973	-55,04923	-37,35509
29520	-53,08315	-38,01045	-55,04925	-38,66581
29540	-53,08317	-38,66581	-55,04928	-39,32117
29560	-53,0832	-39,32117	-55,04932	-39,32116
29580	-53,08324	-39,97653	-55,04934	-39,97652
29600	-53,08328	-39,32117	-55,04939	-39,32116
29620	-53,08331	-39,32115	-55,04942	-38,66578
29640	-53,08334	-38,01042	-55,04946	-38,01041
29660	-53,08337	-37,35505	-55,04948	-37,35503
29680	-53,0834	-37,35504	-55,0495	-37,35502
29700	-53,08341	-37,35502	-55,04951	-37,35501
29720	-53,08342	-37,35502	-55,04952	-37,35501
29740	-53,08343	-37,35501	-55,04953	-38,01037
29760	-53,08345	-38,66573	-55,04954	-38,01036
29780	-53,08346	-38,01036	-55,04956	-38,01035
29800	-53,08347	-38,01035	-55,04957	-38,01034
29820	-53,08348	-37,35499	-55,04957	-38,01033
29840	-53,08347	-38,01034	-55,04955	-38,6657
29860	-53,08346	-40,63179	-55,04954	-43,25324
29880	-53,08339	-57,67122	-55,04929	-104,85734
29900	-53,08298	-157,28635	-55,04887	-197,9187
29920	-53,08267	-218,89019	-55,04872	-223,47763
29940	-53,08267	-218,23475	-55,04881	-212,99187
29960	-53,08278	-207,09365	-55,04892	-202,50614
29980	-53,08288	-197,91863	-55,04903	-193,98647
30000	-53,08297	-191,36504	-55,04909	-188,74359
30020	-53,08302	-185,4668	-55,04913	-183,50071
30040	-53,08306	-180,87928	-55,04919	-178,25783
30060	-53,08312	-176,29176	-55,04921	-174,98103
30080	-53,08313	-173,01496	-55,04921	-172,35959
30100	-53,08309	-173,01496	-55,04907	-183,50073
30120	-53,0829	-188,74365	-55,04897	-186,77754
30140	-53,08288	-183,50073	-55,04898	-179,56857
30160	-53,0829	-175,63641	-55,04901	-172,3596
30180	-53,08294	-167,77208	-55,04905	-163,83992
30200	-53,08298	-160,56312	-55,04909	-157,94167
30220	-53,08302	-154,66487	-55,04913	-152,04342
30240	-53,08306	-149,42199	-55,04916	-146,80054
30260	-53,08309	-144,83446	-55,04919	-142,86837
30280	-53,0831	-140,24693	-55,0492	-138,9362
30300	-53,08312	-136,31476	-55,04922	-134,34867
30320	-53,08314	-132,3826	-55,04924	-130,4165
30340	-53,08316	-128,45043	-55,04926	-127,1397
30360	-53,08318	-125,17362	-55,04928	-123,20753
30380	-53,08319	-121,24144	-55,0493	-119,93071
30400	-53,08321	-117,30927	-55,0493	-114,68782
30420	-53,08321	-113,37711	-55,04931	-112,06637
30440	-53,08322	-110,75566	-55,04931	-110,10028
30460	-53,08322	-108,13421	-55,04932	-107,47884
30480	-53,08322	-106,16812	-55,04931	-105,51276
30500	-53,08322	-104,20204	-55,04931	-104,20204
30520	-53,08321	-103,54668	-55,0493	-104,20204
30540	-53,0832	-104,20205	-55,0493	-105,51277
30560	-53,08319	-104,85742	-55,04928	-105,51278
30580	-53,08319	-105,51279	-55,04928	-106,16815
30600	-53,08318	-106,82352	-55,04928	-107,47888
30620	-53,08319	-108,13426	-55,04928	-110,75569
30640	-53,08317	-116,65396	-55,04927	-130,41653
30660	-53,08316	-151,38805	-55,04887	-185,46671
30680	-53,08211	-221,51133	-55,0474	-245,75938
30700	-53,08067	-239,86115	-55,04636	-187,43234
30720	-53,08044	-138,93571	-55,04667	-123,20706
30740	-53,0807	-115,99811	-55,04699	-112,7213
30760	-53,08098	-110,75523	-55,04712	-111,41058
30780	-53,08111	-114,03203	-55,04724	-118,61954
30800	-53,08117	-125,82851	-55,04732	-131,07138
30820	-53,08121	-135,00355	-55,04705	-138,28034
30840	-53,08059	-134,34819	-55,04653	-131,72674
30860	-53,08027	-146,80003	-55,0461	-183,50018
30880	-53,08001	-216,26819	-55,0461	-241,17186
30900	-53,08012	-263,45411	-55,04638	-279,1828
30920	-26,2109	-279,18331	-10,48264	-274,59606
30940	-1,96331	-262,79979	8,52209	-251,00344
30960	23,59513	-239,86241	32,76996	-228,06597
30980	43,91097	-216,26951	49,80911	-206,43911
31000	58,98411	-196,60872	62,91623	-186,77831
31020	68,81444	-178,25863	71,43585	-171,70501
31040	76,67872	-164,49604	76,67869	-158,59779
31060	81,26621	-152,69955	81,92156	-147,45665
31080	85,85372	-142,86913	86,50906	-138,93696
31100	90,44124	-135,66016	89,13051	-133,03871
31120	92,40732	-131,07264	91,75195	-128,4512
31140	93,71805	-127,14048	92,40732	-126,48512
31160	85,1983	-125,82974	51,77457	-124,51898
31180	20,31699	-123,20822	6,55433	-119,27603
31200	6,55436	-115,34387	3,27755	-112,72242
31220	1,31144	-112,06705	-0,65464	-111,41167
31240	-1,96538	-110,75632	-5,24223	-111,41167
31260	-5,24224	-110,75631	-8,51905	-111,41166
31280	-7,2083	-114,68847	-10,48509	-121,24208
31300	-9,17434	-129,76179	-13,10644	-148,11189
31320	-12,45092	-173,01555	-5,8966	-208,40485
31340	-12,44903	-247,72594	-41,28438	-266,7309
31360	-53,08057	-258,21123	-55,0464	-214,95746
31380	-53,08014	-184,81091	-55,0461	-182,18946
31400	-53,08001	-187,43235	-55,0461	-197,26274
31420	-53,08001	-219,54499	-45,2157	-243,7933
31440	-8,51561	-249,03637	8,52348	-241,17254
31460	15,07666	-229,37638	24,25122	-218,89078
31480	34,08123	-207,09441	38,0131	-194,64261
31500	42,60042	-184,15687	43,91096	-174,98182
31520	48,49837	-167,77285	49,15365	-162,52994
31540	53,08579	-159,25313	52,43039	-158,59774
31560	51,77505	-157,94238	49,80899	-159,25308
31580	49,80904	-159,90842	43,91081	-163,1852
31600	41,94475	-165,15129	41,2893	-168,42808
31620	39,32321	-177,60309	34,0804	-194,6424
31640	38,01273	-217,57991	34,08118	-249,03698
31660	7,21255	-270,00787	-32,76408	-272,62914
31680	-53,08016	-240,51651	-55,04656	-193,98594
31700	-53,08087	-165,80547	-55,04734	-161,21794
31720	-53,08145	-175,63587	-55,04775	-207,09314
31740	-53,08215	-224,78787	-55,04869	-216,26818
31760	-53,08339	-192,02005	-55,05057	-159,90767
31780	-53,08498	-135,00401	-55,0512	-116,65391
31800	-53,08511	-102,23597	-55,0512	-89,12872
31820	-53,08511	-77,33221	-55,0512	-66,19105
31840	-53,08511	-55,70526	-55,0512	-45,87482
31860	-53,08511	-36,69975	-55,0512	-29,49077
31880	-53,08511	-22,93717	-55,0512	-17,69427
31900	-53,08511	-13,76211	-55,0512	-11,14066
31920	-53,08511	-9,82994	-55,0512	-8,51921
31940	-53,08511	-8,51921	-55,0512	-7,86384
31960	-53,08511	-7,20848	-55,0512	-6,55311
31980	-53,08511	-4,58703	-55,0512	-2,62094
32000	-53,08511	-0,65486000000001	-55,0512	1,31123
32020	-53,08511	2,62195	-55,0512	3,93268
32040	-53,08511	6,55412	-55,0512	16,38458
32060	-53,08511	22,93821	-55,0512	24,9043
32080	-53,08511	25,55965	-55,0512	26,87038
32100	-53,08511	26,87037	-55,0512	26,21502
32120	-53,08511	25,55965	-55,0512	24,9043
32140	-53,0851	24,90429	-55,05116	23,59357
32160	-53,08503	22,9382	-55,05109	22,28283
32180	-53,08497	20,97209	-55,05104	18,35064
32200	-53,08491	15,07381	-55,05095	4,588
32220	-53,0848	-25,5587	-55,05069	-89,1288
32240	-53,08397	-163,18456	-41,94186	-230,6863
32260	-53,08195	-245,75939	-55,04794	-226,09858
32280	-53,08172	-204,47171	-55,04782	-205,78242
32300	-53,08169	-218,23427	-55,04803	-221,51106
32320	-53,08237	-205,12713	-55,04937	-177,60235
32340	-53,08405	-147,45591	-55,05048	-125,82906
32360	-53,08449	-108,78972	-55,0506	-96,33786
32380	-53,08452	-85,85211	-55,05061	-78,64313
32400	-53,08451	-71,43417	-55,05059	-65,53593
32420	-53,08447	-60,29305	-55,05054	-56,36088
32440	-53,08442	-53,08409	-55,05049	-51,11801
32460	-53,08436	-49,80729	-55,05043	-49,15193
32480	-53,08432	-48,49658	-55,05041	-48,49657
32500	-53,08433	-47,84121	-55,05044	-50,46263
32520	-53,08435	-53,73944	-55,05045	-54,39479
32540	-53,08436	-55,05015	-55,05046	-55,05014
32560	-53,08436	-53,08406	-55,05045	-51,11797
32580	-53,08435	-49,80726	-55,05046	-48,49652
32600	-53,08437	-47,1858	-55,05048	-46,53043
32620	-53,0844	-45,87506	-55,05051	-44,56432
32640	-53,08442	-43,90895	-55,05052	-42,5982
32660	-53,08444	-41,28747	-55,05055	-40,63208
32680	-53,08449	-38,66599	-55,0506	-37,35523
32700	-53,08454	-35,38914	-55,05066	-34,07839
32720	-53,08459	-32,1123	-55,05071	-30,80156
32740	-53,08463	-29,49083	-55,05074	-28,1801
32760	-53,08465	-26,86937	-55,05075	-26,214
32780	-53,08465	-26,21399	-55,05075	-26,21398
32800	-53,08467	-26,86933	-55,05077	-26,86931
32820	-53,08469	-27,52467	-55,05079	-27,52466
32840	-51,11864	-26,8693	-51,11866	-26,86928
32860	-47,84187	-25,55857	-47,18653	-24,24784
32880	-44,56508	-23,59248	-44,56509	-23,59248
32900	-41,28828	-23,59249	-41,94365	-24,90321
32920	-38,66683	-24,90322	-39,3222	-26,86929
32940	-36,0454	-27,52466	-36,70077	-28,18001
32960	-33,42396	-29,49074	-35,39005	-30,14609
32980	-32,7686	-31,45682	-34,07932	-31,4568
33000	-31,45787	-31,45681	-32,76861	-31,45679
33020	-30,80252	-31,4568	-32,11326	-30,80142
33040	-29,49181	-30,14606	-30,80255	-30,14605
33060	-28,18111	-29,49069	-29,49186	-29,49067
33080	-26,87043	-28,83531	-28,18117	-28,83529
33100	-26,2151	-28,17993	-27,52585	-27,52455
33120	-25,55979	-26,86919	-26,87055	-26,21381
33140	-24,24911	-25,55845	-25,55987	-25,55844
33160	-22,28306	-25,55844	-22,93844	-26,21379
33180	-19,66163	-27,52452	-19,66164	-28,83523
33200	-16,38484	-30,14596	-17,04021	-32,11204
33220	-14,41876	-33,42276	-15,07412	-35,38884
33240	-11,79729	-36,69958	-12,45264	-38,01029
33260	-9,83116	-39,97639	-11,14186	-42,59784
33280	-8,52039	-43,90857	-9,83111	-44,56393
33300	-7,20965	-44,56394	-8,52038	-45,2193
33320	-5,89893	-45,87468	-7,20968	-45,87468
33340	-4,58824	-47,18541	-5,24364	-47,84077
33360	-2,6222	-49,1515	-3,27759	-49,80686
33380	-0,65616	-51,1176	-2,62226	-51,77296
33400	-0,00079999999999814	-53,73905	-1,96689	-55,70513
33420	0,65456	-57,67123	-0,00079999999999814	-60,94804
33440	3,27606	-64,22487	1,96537	-67,50168
33460	4,58687	-70,7785	2,62083	-74,71066
33480	5,24232	-77,98748	3,93162	-82,575
33500	5,89772	-87,16253	3,93165	-91,0947
33520	5,89779	-96,3376	3,93173	-99,6144
33540	5,24249	-103,54657	1,9657	-107,47873
33560	3,27646	-111,41091	-0,65632	-114,03234
33580	-0,65569	-115,99843	-3,9325	-117,96451
33600	-3,93247	-120,58596	-7,20927	-124,51813
33620	-6,55388	-128,45032	-8,51995	-133,03788
33640	-7,86453	-138,93616	-10,48596	-143,52371
33660	-9,17516	-148,11125	-12,45192	-152,04342
33680	-5,24289	-146,14519	13,76269	-125,17363
33700	32,11309	-106,16815	47,18667	-89,78411
33720	58,32806	-77,33223	61,60506	-65,53569
33740	64,22668	-53,73914	56,36247	-41,28723
33760	52,43042	-28,83533	39,32331	-17,03877
33780	29,49297	-4,58691	9,17684	6,55422
33800	-17,03749	17,69533	-39,31972	26,87038
33820	-49,80541	31,45789	-55,04824	29,49182
33840	-53,0821	26,21501	-55,04817	20,97214
33860	-53,08203	15,72925	-55,04808	9,17566
33880	-53,08192	1,96666	-55,0479	-8,51917
33900	-53,08167	-18,34965	-55,04762	-27,52475
33920	-53,08142	-37,35525	-55,04741	-47,84108
33940	-53,08124	-53,73939	-55,04724	-59,63766
33960	-53,08109	-64,88061	-55,04713	-69,46815
33980	-53,08097	-72,745	-55,04701	-76,02181
34000	-53,08087	-77,98792	-55,04696	-78,64326
34020	-53,0808	-77,33254	-55,04684	-76,02181
34040	-53,08072	-72,08964	-55,04679	-68,15746
34060	-53,08064	-56,36097	-55,04666	-49,152
34080	-53,08053	-39,97695	-55,04663	-32,76794
34100	-53,0807	-33,42326	-55,04686	-31,45714
34120	-53,08081	-29,49105	-55,04694	-26,21423
34140	-53,08087	-23,59279	-55,04701	-19,66061
34160	-53,08096	-14,41775	-55,04708	-8,5195
34180	-53,08103	-1,96592	-55,04714	2,62158
34200	-53,08107	7,86444	-55,04722	11,79659
34220	-53,08117	13,1073	-55,0473	14,41802
34240	-53,08126	15,72874	-55,0474	17,69483
34260	-53,08137	19,00555	-55,04754	20,97166
34280	-53,08153	22,28239	-55,04772	22,9378
34300	-53,08172	23,5932	-55,04791	24,24861
34320	-53,08192	24,904	-55,04813	24,24867
34340	-53,08218	25,55942	-55,04843	24,90411
34360	-53,08251	23,59344	-55,04877	20,97205
34380	-53,08284	19,00601	-55,04909	15,72925
34400	-53,08312	11,14173	-55,04932	55,05086
34420	-53,0833	-3,93155	-55,04943	-12,45122
34440	-53,08336	-20,31555	-55,04948	-26,86914
34460	-53,0834	-31,45667	-55,04945	-25,55842
34480	-49,15097	-5,89763	-11,1398	9,83102
34500	15,07488	20,97213	20,97326	28,1811
34520	27,52692	32,11325	30,14839	32,11326
34540	37,35742	30,80253	39,32354	29,49182
34560	43,91112	28,83645	45,87723	26,21502
34580	50,46481	24,90429	51,12019	22,93822
34600	56,36312	22,93821	58,98458	22,28286
34620	65,53823	22,93821	70,12578	22,93822
34640	79,30089	24,90429	85,19918	26,87038
34660	95,02965	28,18109	100,92795	29,49182
34680	111,41379	30,14717	116,6567	30,14718
34700	123,86572	30,80253	127,14254	30,80254
34720	132,38546	32,11325	133,04083	32,11326
34740	136,31766	32,76861	136,31766	32,76862
34760	138,93912	33,42397	136,97302	34,07934
34780	138,28375	34,07933	135,66228	34,07934
34800	136,31763	35,39005	133,0408	35,39006
34820	132,38543	35,39005	128,45322	35,39006
34840	127,14248	35,39005	121,24418	34,07934
34860	118,62273	32,76861	111,41371	30,80254
34880	106,82617	28,83645	98,96179	27,52574
34900	93,71886	25,55965	84,54373	23,59358
34920	79,30079	22,28285	69,47031	20,31678
34940	63,57199	18,35069	54,39686	17,03998
34960	48,49856	15,07389	39,32344	12,45246
34980	34,0805	11,14173	24,90538	9,17566
35000	19,66245	7,86493	11,79806	6,55422
35020	8,52121	4,58813	1,31219	3,27742
35040	-1,30929	1,96669	-7,2076	0,00061999999999784
35060	-9,17371	-1,96547	-14,41663	-3,27618
35080	-15,72737	-4,58691	-19,00421	-5,89762
35100	-18,34885	-7,20835	-21,62568	-9,17442
35120	-20,31496	-10,48515	-21,62571	-11,79586
35140	-19,65962	-13,10659	-20,97035	-14,4173
35160	-18,3489	-15,72803	-19,65963	-17,03874
35180	-17,03818	-18,34947	-17,69356	-19,66018
35200	-13,10601	-20,31555	4,58884	-16,38338
35220	20,97301	-14,41731	20,973	-15,07266
35240	21,62835	-15,72803	20,31763	-15,72802
35260	22,93909	-16,38339	22,28372	-17,03874
35280	24,90517	-17,69411	23,59445	-18,34946
35300	26,87127	-18,34947	25,56054	-19,00482
35320	28,18199	-19,00483	26,87126	-19,66018
35340	29,49272	-20,31555	28,18199	-20,9709
35360	30,80343	-20,97091	28,83734	-20,9709
35380	30,14807	-22,28163	28,18197	-22,93698
35400	28,83733	-22,93699	26,21586	-23,59234
35420	28,18194	-24,24771	25,56048	-24,90306
35440	26,87119	-24,90307	24,90509	-24,90306
35460	26,21581	-24,90307	24,90507	-25,55842
35480	26,21579	-24,90307	24,90505	-25,55842
35500	26,21578	-26,21379	29,49258	-19,00482
35520	38,01229	0,00060999999999467	36,0462	14,41854
35540	37,35692	25,55965	34,73549	30,80254
35560	36,04623	34,07933	33,42477	35,39006
35580	34,73548	35,39005	32,11403	34,7347
35600	32,7694	34,73469	30,14794	34,7347
35620	30,80331	34,73469	28,18185	34,7347
35640	30,14795	35,39005	26,87113	34,7347
35660	27,5265	35,39005	24,90504	34,7347
35680	26,21577	35,39005	23,59432	34,7347
35700	24,90504	35,39005	22,93895	35,39006
35720	24,24968	35,39005	22,28358	35,39006
35740	23,59431	35,39005	20,97285	36,04542
35760	22,28358	36,04541	19,66213	36,70078
35780	20,97286	36,70077	19,00676	36,70078
35800	19,66213	37,35613	17,04067	36,70078
35820	17,69604	36,70077	14,41922	36,70078
35840	15,0746	36,70077	12,45315	36,04542
35860	12,45315	35,39005	9,17635	34,07934
35880	10,48708	32,76861	7,21027	28,83646
35900	9,17639	21,62749	7,86565	15,0739
35920	9,17639	11,14173	13,76388	18,3507
35940	14,41924	32,11325	-55,0489	35,39006
35960	15,07465	32,76861	15,73001	28,83646
35980	19,00681	29,49181	16,38536	28,1811
36000	17,6961	27,52573	14,41928	24,9043
36020	15,07464	22,28285	11,79781	20,31678
36040	11,14243	17,69533	8,52098	13,76318
36060	9,17635	12,45245	6,5549	9,83102
36080	7,21027	7,86493	4,58882	5,89886
36100	4,58884	5,24349	1,96739	5,2435
36120	2,62277	5,24349	-0,65405	5,2435
36140	1,96743	3,27741	-3,2755	4,58814
36160	-3,27554	5,24349	-7,86311	3,93278
36180	-9,82921	3,27741	-16,38285	1,9667
36200	-19,00433	0,00060999999999467	-26,21335	-2,62082
36220	-28,83482	-6,55299	-36,04383	-9,82978
36240	-38,6653	-14,41731	-45,21895	-19,00482
36260	-48,49575	-24,90307	-54,39404	-33,42274
36280	-53,08332	-41,94243	-55,04944	-48,49602
36300	-53,08337	-54,39427	-55,04949	-61,60322
36320	-53,0834	-71,43363	-55,04949	-90,43906
36340	-53,08338	-112,72131	-55,0495	-130,41602
36360	-53,08346	-134,34819	-55,04958	-138,9357
36380	-53,08326	-159,90723	-55,04924	-171,7037
36400	-53,08322	-169,08227	-55,04943	-159,25186
36420	-53,08344	-147,45539	-55,04964	-135,6589
36440	-53,08365	-124,51779	-55,04982	-113,37666
36460	-53,0838	-102,89091	-55,04994	-93,0605
36480	-53,08387	-83,88547	-55,05	-76,6765
36500	-53,08392	-69,46755	-55,05004	-62,91394
36520	-53,08396	-58,32643	-55,05006	-54,39426
36540	-53,08396	-50,46211	-55,05006	-47,1853
36560	-53,08397	-43,90851	-55,05006	-40,6317
36580	-53,08398	-37,35491	-55,05007	-34,73346
36600	-53,08398	-32,11203	-55,05007	-30,14594
36620	-53,08399	-28,83523	-55,05009	-27,5245
36640	-53,08399	-26,21379	-55,05009	-24,90306
36660	-53,08401	-23,59235	-55,05021	-25,55842
36680	-53,08418	-24,90307	-55,05026	-23,59234
36700	-53,08415	-22,93699	-55,05025	-22,28162
36720	-53,08415	-22,28163	-55,05024	-22,28162
36740	-53,08415	-22,28163	-55,05024	-22,93698
36760	-53,08414	-23,59235	-55,05023	-24,90306
36780	-53,08413	-24,90307	-55,05022	-25,55842
36800	-53,08412	-26,21379	-55,05021	-26,86914
36820	-53,08411	-27,52451	-55,05019	-28,17986
36840	-53,08409	-27,52451	-55,05017	-28,17986
36860	-53,08408	-28,83523	-55,05015	-28,83522
36880	-53,08405	-29,49059	-55,05013	-30,8013
36900	-53,08402	-32,11203	-55,0501	-32,76738
36920	-53,08401	-32,76739	-55,05009	-33,42274
36940	-53,08399	-33,42275	-55,05008	-34,0781
36960	-53,08398	-34,07811	-55,05007	-34,73346
36980	-53,08396	-34,07811	-55,05005	-34,0781
37000	-53,08395	-34,07811	-55,05004	-34,73346
37020	-53,08393	-34,73347	-55,05001	-34,73346
37040	-53,08391	-34,07811	-55,04999	-34,73346
37060	-53,08389	-34,73347	-55,04997	-35,38882
37080	-53,08387	-36,04419	-55,04995	-36,69954
37100	-53,08385	-36,69955	-55,04994	-37,3549
37120	-53,08383	-37,35491	-55,04992	-38,01026
37140	-53,08382	-38,01027	-55,04991	-38,01026
37160	-53,08381	-38,01027	-55,0499	-38,01026
37180	-53,0838	-38,66563	-55,04989	-38,66562
37200	-53,0838	-38,66563	-55,04989	-38,66562
37220	-53,08379	-38,66563	-55,04988	-39,32098
37240	-53,08378	-38,66563	-55,04988	-39,32098
37260	-53,08378	-39,32099	-55,04986	-38,66562
37280	-53,08377	-38,01027	-55,04985	-38,01026
37300	-53,08375	-38,01027	-55,04984	-39,32098
37320	-53,08374	-39,97635	-55,04982	-41,28706
37340	-53,0837	-41,28707	-55,04989	-26,86914
37360	-53,08388	-3,27619	-55,04996	11,14174
37380	-53,08385	20,31677	-55,04989	25,55966
37400	-53,08377	29,49181	-55,04984	31,4579
37420	-53,08373	31,45789	-55,04979	30,14718
37440	-53,08368	29,49181	-55,04974	27,52574
37460	-53,08363	25,55965	-55,04969	23,59358
37480	-53,08358	20,97213	-55,04964	18,3507
37500	-53,08352	16,38461	-55,04958	13,10782
37520	-53,08346	10,48637	-55,04952	6,55422
37540	-53,0834	3,27741	-55,04946	-1,3101
37560	-53,08339	3,93277	-55,04956	17,03998
37580	-53,08347	20,97213	-55,04953	19,66142
37600	-53,08341	18,35069	-55,04949	16,38462
37620	-53,08339	13,76317	-55,04948	11,14174
37640	-53,08336	9,17565	-55,04945	7,20958
37660	-53,08334	5,24349	-55,04943	2,62206
37680	-53,08332	0,65597	-55,04941	-1,96546
37700	-53,0833	-3,27619	-55,04939	-6,55298
37720	-53,08328	-8,51907	-55,04936	-10,48514
37740	-53,08327	-11,14051	-55,04935	-13,10658
37760	-53,08326	-15,07267	-55,04935	-16,38338
37780	-53,08326	-17,69411	-55,04934	-20,31554
37800	-53,08325	-21,62627	-55,04934	-22,93698
37820	-52,42787	-25,55843	-48,49565	-29,49058
37840	-43,90809	-31,45667	-45,87421	-32,11202
37860	-43,25275	-32,76739	-43,90812	-33,42274
37880	-41,94203	-34,07811	-43,25276	-34,73346
37900	-40,63131	-35,38883	-43,25276	-36,04418
37920	-40,63131	-36,04419	-43,90813	-36,69954
37940	-41,94205	-37,35491	-43,90814	-37,3549
37960	-43,25278	-37,35491	-45,87425	-36,69954
37980	-45,21889	-36,69955	-47,84036	-36,69954
38000	-47,185	-36,04419	-49,80647	-36,04418
38020	-49,15111	-35,38883	-51,77258	-35,38882
38040	-50,46186	-35,38883	-53,08333	-35,38882
38060	-51,77261	-35,38883	-54,39407	-35,38882
38080	-53,08334	-35,38883	-55,04944	-36,04418
38100	-53,08336	-36,04419	-55,04946	-36,04418
38120	-53,08338	-35,38883	-55,04947	-35,38882
38140	-53,0834	-35,38883	-55,04951	-34,73346
38160	-53,08343	-34,07811	-55,04953	-34,0781
38180	-53,08345	-33,42275	-55,04955	-32,76738
38200	-53,08346	-31,45667	-55,04956	-32,11202
38220	-53,08347	-31,45667	-55,04957	-31,45666
38240	-53,08348	-30,80131	-55,04958	-30,8013
38260	-53,08348	-30,80131	-55,04958	-30,8013
38280	-53,08349	-30,80131	-55,04958	-30,8013
38300	-53,0835	-30,80131	-55,04959	-30,14594
38320	-53,08351	-30,14595	-55,04961	-30,14594
38340	-53,08352	-30,14595	-55,04962	-30,14594
38360	-53,08353	-30,14595	-55,04963	-30,14594
38380	-53,08355	-30,14595	-55,04966	-30,8013
38400	-53,08357	-30,80131	-55,04968	-30,8013
38420	-53,0836	-30,80131	-55,0497	-31,45666
38440	-53,08362	-30,80131	-55,04973	-31,45666
38460	-53,08364	-31,45667	-55,04974	-32,11202
38480	-53,08365	-32,11203	-55,04975	-32,76738
38500	-53,08366	-32,11203	-55,04976	-32,76738
38520	-53,08367	-32,11203	-55,04977	-32,76738
38540	-53,08368	-32,76739	-55,04977	-32,76738
38560	-53,08368	-32,76739	-55,04978	-32,76738
38580	-53,08369	-32,76739	-55,04978	-32,76738
38600	-53,08369	-32,76739	-55,0498	-32,76738
38620	-53,0837	-32,76739	-55,0498	-32,76738
38640	-53,08371	-32,76739	-55,0498	-33,42274
38660	-53,08371	-33,42275	-55,04982	-33,42274
38680	-53,08372	-33,42275	-55,04982	-33,42274
38700	-53,08373	-32,76739	-55,04984	-32,76738
38720	-53,08374	-32,76739	-55,04984	-32,11202
38740	-53,08376	-32,11203	-55,04985	-32,11202
38760	-53,08377	-32,11203	-55,04987	-32,11202
38780	-53,08378	-31,45667	-55,04988	-32,11202
38800	-53,08381	-31,45667	-55,0499	-31,45666
38820	-53,08382	-31,45667	-55,04993	-31,45666
38840	-53,08385	-30,80131	-55,04995	-30,8013
38860	-53,08387	-30,80131	-55,04996	-31,45666
38880	-53,08388	-31,45667	-55,04997	-31,45666
38900	-53,08388	-31,45667	-55,04998	-31,45666
38920	-53,08389	-31,45667	-55,04999	-31,45666
38940	-53,0839	-30,80131	-55,05	-30,8013
38960	-53,08392	-30,80131	-55,05002	-31,45666
38980	-53,08394	-30,80131	-55,05005	-30,8013
39000	-53,08396	-30,80131	-55,05007	-31,45666
39020	-53,08399	-31,45667	-55,05009	-30,8013
39040	-53,08401	-30,14595	-55,05012	-29,49058
39060	-53,08403	-29,49059	-55,05015	-29,49058
39080	-53,08406	-29,49059	-55,05017	-28,83522
39100	-53,08408	-28,83523	-55,0502	-28,83522
39120	-53,08412	-28,17987	-55,05022	-27,5245
39140	-53,08414	-27,52451	-55,05025	-27,5245
39160	-53,08416	-27,52451	-55,05029	-24,2477
39180	-53,08423	-20,31555	-55,05032	-19,66018
39200	-53,08424	-19,00483	-55,05035	-19,00482
39220	-53,08427	-19,00483	-55,05036	-19,00482
39240	-53,08428	-18,34947	-55,05038	-18,34946
39260	-53,0843	-17,69411	-55,0504	-17,6941
39280	-53,08432	-17,03875	-55,05041	-17,03874
39300	-53,08432	-17,03875	-55,05042	-17,03874
39320	-53,08433	-17,03875	-55,05042	-17,03874
39340	-53,08511	-16,38339	-55,05043	-17,03874
39360	-53,08434	-16,38339	-55,05044	-16,38338
39380	-53,08435	-15,72803	-55,05044	-15,72802
39400	-53,08435	-15,72803	-55,05044	-16,38338
39420	-53,08435	-16,38339	-55,05044	-17,03874
39440	-53,08434	-16,38339	-55,05043	-16,38338
39460	-53,08434	-16,38339	-55,05043	-16,38338
39480	-53,08433	-16,38339	-55,05042	-16,38338
39500	-53,08432	-15,72803	-55,05041	-15,72802
39520	-53,08431	-15,72803	-55,0504	-15,72802
39540	-53,08429	-15,72803	-55,05038	-16,38338
39560	-53,08428	-15,72803	-55,05035	-15,72802
39580	-53,08424	-15,72803	-55,05032	-16,38338
39600	-53,08421	-15,72803	-55,05029	-15,72802
39620	-53,08418	-15,72803	-55,05026	-15,72802
39640	-53,08415	-15,72803	-55,05023	-15,72802
39660	-53,08412	-15,72803	-55,05019	-16,38338
39680	-53,08408	-16,38339	-55,05016	-17,03874
39700	-53,08406	-14,41731	-55,05025	-10,48514
39720	-53,08415	-9,82979	-55,05021	-10,48514
39740	-53,08409	-10,48515	-55,05017	-10,48514
39760	-53,08406	-11,14051	-55,05014	-12,45122
39780	-53,08404	-11,79587	-55,05014	-13,10658
39800	-53,08404	-13,10659	-55,05014	-13,76194
39820	-53,08404	-14,41731	-55,05014	-15,07266
39840	-53,08405	-14,41731	-55,05015	-15,07266
39860	-53,08405	-15,07267	-55,05016	-15,72802
39880	-53,08406	-15,07267	-55,05016	-16,38338
39900	-53,08406	-16,38339	-55,05016	-17,03874
39920	-53,08407	-17,03875	-55,05017	-17,03874
39940	-53,08408	-17,69411	-55,05017	-18,34946
39960	-53,08409	-18,34947	-55,05019	-18,34946
39980	-53,08411	-19,00483	-55,0502	-19,66018
