T	LX	LY	RX	RY
0	0	0	0	0
20	0,65535	-1,31073	0	-1,31073
40	1,3107	-2,62146	0,65535	-3,27682
60	1,3107	-5,24292	1,31071	-5,89828
80	2,6214	-7,86438	2,62141	-9,1751
100	3,93212	-11,79655	3,93213	-12,4519
120	4,58746	-14,41798	3,9321	-14,41798
140	3,93206	-16,38407	2,62134	-15,07334
160	3,27666	-15,72871	1,96593	-15,7287
180	2,62126	-17,03944	1,9659	-17,03944
200	3,2766	-18,35016	3,2766	-17,6948
220	3,93195	-18,35018	3,27661	-17,69482
240	4,58732	-18,3502	3,27661	-17,69483
260	3,93196	-18,35021	3,93199	-17,69486
280	3,93197	-18,35023	3,93199	-17,03951
300	4,58734	-17,69488	3,932	-17,69488
320	3,93197	-19,66098	1,96585	-19,66098
340	3,27656	-19,66098	2,62122	-19,00561
360	3,27657	-19,66097	2,62122	-18,35024
380	3,27656	-19,0056	1,96586	-17,69487
400	3,27657	-18,35024	2,62122	-17,03951
420	2,62121	-17,69488	1,96586	-15,72879
440	2,62121	-16,38416	1,31051	-15,07344
460	1,31049	-15,07345	-0,00021000000000271	-13,76272
480	0,65514	-13,76274	-1,31091	-12,45201
500	-0,65556	-12,45201	-1,96625	-11,14129
520	-1,3109	-11,1413	-2,6216	-10,48593
540	-1,96624	-10,48594	-2,62158	-9,83057
560	-1,96623	-10,48594	-2,62159	-10,48592
580	-1,31088	-11,14129	-1,96623	-10,48592
600	-1,31088	-11,79665	-1,31088	-11,79664
620	-0,65554	-12,45201	-1,3109	-12,452
640	-0,00018000000000029	-13,76272	-1,3109	-13,10736
660	-0,00019000000000347	-13,76273	-1,31091	-13,10736
680	-0,00019999999999953	-13,76273	-1,3109	-13,10736
700	-1,31091	-13,10737	-1,96626	-12,45201
720	-1,31091	-13,10737	-1,96625	-11,79665
740	-1,3109	-12,45202	-1,96625	-11,79665
760	-1,3109	-12,45202	-2,62161	-11,79666
780	-1,3109	-12,45203	-1,96625	-11,79666
800	-1,31091	-13,1074	-1,31089	-13,76276
820	3,2767	-16,38421	3,93213	-15,72884
840	3,9321	-16,38421	3,27674	-15,07348
860	3,9321	-15,72885	3,27675	-15,72885
880	3,93209	-17,03957	3,27674	-15,72885
900	4,58745	-17,03958	3,93211	-16,38422
920	4,58745	-17,03959	3,9321	-17,03959
940	4,58745	-18,35031	3,9321	-17,69496
960	4,58744	-19,00569	3,9321	-18,35033
980	4,58744	-19,66105	4,58746	-19,00569
1000	5,2428	-19,66106	4,58746	-19,66106
1020	5,24279	-20,97179	3,93207	-22,28252
1040	1,96591	-24,904	1,96592	-24,24863
1060	3,27663	-25,55936	2,62128	-25,55935
1080	3,93198	-27,52544	3,27664	-26,87008
1100	3,93198	-28,1808	3,27663	-26,87008
1120	3,93196	-28,18081	3,27661	-27,52544
1140	4,58732	-28,83617	3,93196	-28,18081
1160	4,5873	-30,1469	3,93195	-29,49153
1180	4,58729	-30,80226	3,93194	-30,1469
1200	5,898	-31,45763	5,24265	-30,80226
1220	5,898	-32,11299	5,24265	-31,45763
1240	6,55336	-32,113	5,89801	-30,80227
1260	5,898	-32,113	5,89801	-31,45763
1280	6,55335	-32,76836	5,89801	-31,45763
1300	6,55335	-32,76836	5,898	-32,113
1320	6,55335	-32,76837	5,89799	-32,11299
1340	6,55334	-33,42372	5,89799	-32,76836
1360	6,55334	-33,42372	5,89799	-32,76836
1380	6,55333	-34,07909	5,89799	-34,07908
1400	10,48554	-36,04517	18,35004	-37,35589
1420	21,62691	-38,01125	19,66083	-36,04515
1440	19,66081	-35,38979	19,66083	-34,07906
1460	19,66082	-34,07906	19,00548	-32,76833
1480	19,66082	-33,4237	19,00548	-32,76833
1500	19,66083	-32,76833	18,35012	-32,11296
1520	19,00547	-32,76833	18,35013	-32,11296
1540	19,00548	-32,76833	18,35012	-32,11296
1560	19,00547	-33,42368	18,35012	-32,76832
1580	19,00547	-33,42369	17,69476	-32,76833
1600	19,00547	-34,73441	18,35012	-34,07905
1620	19,66083	-35,38978	18,35012	-34,07905
1640	19,66083	-35,38979	19,00547	-35,38979
1660	24,90374	-38,66661	34,73428	-39,97733
1680	38,01112	-41,28806	36,04503	-40,63269
1700	38,0111	-41,94341	37,35575	-40,63269
1720	37,35574	-41,94342	36,04503	-40,63269
1740	36,70038	-42,59878	36,04504	-41,94341
1760	36,70038	-42,59878	35,38967	-41,28804
1780	36,04502	-41,94341	35,38967	-41,28804
1800	36,04502	-42,59877	35,38967	-41,94341
1820	36,04502	-43,25413	38,66648	-43,25413
1840	56,36137	-45,87557	64,22587	-46,53093
1860	66,19195	-47,18629	64,22586	-45,2202
1880	64,8812	-45,87557	64,22586	-45,2202
1900	64,8812	-45,87557	63,57049	-45,22021
1920	64,22582	-45,87557	62,91511	-45,87557
1940	63,57045	-47,1863	62,91509	-45,87558
1960	63,57043	-46,53095	62,25972	-45,87558
1980	62,2597	-46,53094	60,94898	-45,87558
2000	60,94896	-46,53094	59,63824	-45,87557
2020	59,63822	-45,87558	58,3275	-44,56484
2040	58,32748	-45,2202	57,01677	-43,90947
2060	57,01675	-44,56483	55,70603	-43,90947
2080	55,70602	-44,56483	55,05066	-43,90947
2100	53,08453	-45,87557	49,15234	-45,87559
2120	50,46304	-47,18631	50,46306	-45,22021
2140	50,46304	-45,87558	49,80769	-45,22021
2160	50,46304	-45,87557	49,15233	-43,90948
2180	49,80768	-45,2202	49,15233	-43,90947
2200	49,80768	-44,56483	49,15233	-43,90946
2220	49,80767	-43,90946	48,49697	-43,2541
2240	49,80767	-44,56482	48,49696	-43,25409
2260	51,11839	-44,56483	66,19183	-45,22017
2280	81,9207	-47,18624	84,54224	-46,53087
2300	85,19758	-46,53086	83,88686	-45,22012
2320	85,19757	-45,22013	83,88686	-43,90939
2340	84,54476	-44,56475	83,2315	-43,25402
2360	83,88685	-43,90938	82,57614	-42,59865
2380	82,57612	-43,25401	81,26541	-41,94328
2400	81,92076	-41,94328	80,61006	-40,63255
2420	80,61006	-41,28791	79,29935	-39,97718
2440	79,9547	-39,97719	78,64399	-39,32182
2460	79,30188	-39,97718	78,64398	-38,66646
2480	79,29933	-39,97718	78,64397	-39,32182
2500	79,29932	-39,97719	78,64397	-39,32182
2520	79,29932	-39,97719	78,64397	-39,32182
2540	79,29931	-39,97719	78,64397	-39,32181
2560	78,64396	-39,97718	77,98861	-38,66645
2580	78,64395	-40,63254	78,64397	-39,97718
2600	81,92078	-41,94326	85,19766	-41,94326
2620	86,50838	-42,59863	86,50838	-41,94326
2640	87,81909	-42,59863	86,50838	-41,28789
2660	87,16373	-42,59863	86,50838	-41,94326
2680	87,16372	-43,25399	86,50837	-41,94326
2700	87,16372	-43,25398	86,50837	-42,59862
2720	87,16371	-43,25398	86,50837	-43,25397
2740	87,81907	-43,90934	86,50836	-43,25397
2760	87,81906	-44,5647	87,16372	-43,90934
2780	87,81906	-45,22006	87,16371	-44,5647
2800	88,47441	43,25354	87,81907	-44,5647
2820	88,47441	-45,87542	87,1637	-45,22005
2840	88,47441	-46,53077	87,81906	-45,8754
2860	88,4744	-47,8415	87,81906	-47,18613
2880	88,4744	-48,49686	87,81905	-47,84149
2900	89,12976	-49,15222	87,81904	-48,49685
2920	89,12975	-49,15221	88,4744	-48,49685
2940	88,47438	-49,80758	88,47439	-49,15221
2960	89,12974	-51,11831	81,92071	-50,46295
2980	80,60994	-51,11832	80,60996	-50,46295
3000	81,26531	-51,11831	80,60996	-50,46295
3020	81,92067	-51,77368	80,60997	-50,46295
3040	81,92068	-51,11831	80,60997	-50,46294
3060	81,26532	-51,11831	79,95461	-49,80757
3080	81,26532	-51,1183	79,95462	-49,80757
3100	80,60996	-51,1183	79,95461	-49,80758
3120	80,60996	-51,11831	80,60997	-51,11831
3140	81,92068	-52,42904	81,9207	-52,42904
3160	81,92069	-53,08441	81,9207	-52,42904
3180	82,57604	-53,73977	81,92069	-53,0844
3200	82,57604	-54,39513	81,26533	-53,73977
3220	81,92068	-54,39513	81,26533	-53,0844
3240	81,26532	-53,73976	80,60996	-53,08439
3260	81,26531	-54,39512	81,26532	-53,73974
3280	81,92067	-55,70584	87,16361	-57,01657
3300	95,68339	-60,29338	96,99417	-60,94875
3320	97,6495	-61,60411	97,64951	-60,94874
3340	98,30486	-61,6041	96,99415	-60,94873
3360	98,30485	-61,60409	97,64951	-60,94872
3380	98,30485	-62,25945	98,30486	-60,94873
3400	98,30485	-62,25945	97,6495	-60,94872
3420	98,96021	-61,60409	97,6495	-60,29336
3440	98,30484	-61,60409	97,64949	-60,94873
3460	98,30483	-62,25946	102,89241	-62,25945
3480	115,99979	-64,8809	119,27671	-64,22554
3500	119,93205	-64,8809	118,62133	-62,25944
3520	119,27668	-62,91479	117,96597	-60,9487
3540	119,27667	-61,60405	118,62133	-60,29332
3560	119,27667	-60,29332	118,62133	-59,63795
3580	119,27667	-60,29332	119,27668	-58,98259
3600	119,93203	-60,29332	119,27668	-58,32723
3620	119,93202	-58,98259	119,27668	-58,32722
3640	120,58738	-59,63795	120,58739	-58,98258
3660	121,24274	-60,29331	120,58739	-59,63794
3680	122,55346	-60,94867	121,89811	-60,29221
3700	123,20882	-62,25939	122,55347	-60,94866
3720	123,86417	-62,91475	123,20882	-61,60401
3740	122,55345	-61,60401	122,55346	-60,29328
3760	122,55345	-60,29328	121,8981	-58,98254
3780	121,89809	-58,98256	121,24274	-58,98255
3800	125,17492	-60,29328	126,48569	-60,29328
3820	127,14103	-60,94865	126,48568	-59,63792
3840	127,79639	-60,29328	127,14104	-58,98255
3860	128,45175	-60,29328	127,14104	-58,98255
3880	127,79639	-59,63791	127,14104	-58,32719
3900	127,14103	-58,98255	126,48568	-57,67183
3920	127,14103	-58,32719	126,48568	-57,01646
3940	127,14103	-58,32719	125,83031	-57,01645
3960	127,14102	-57,67182	125,83032	-57,67181
3980	127,14102	-57,67182	125,8303	-57,01645
4000	126,48566	-57,67182	125,83031	-56,3611
4020	126,48566	-57,01646	125,83031	-56,3611
4040	126,48566	-57,67182	125,17495	-56,36109
4060	126,48566	-57,01646	125,83031	-56,3611
4080	126,48566	-57,67182	125,83031	-56,3611
4100	125,8303	-57,01647	125,83031	-56,3611
4120	126,48566	-57,01647	124,51958	-56,36111
4140	125,8303	-57,01648	125,17495	-56,36111
4160	125,8303	-57,01648	125,17495	-56,36111
4180	125,8303	-57,67184	125,17495	-56,36112
4200	125,8303	-57,67185	125,17495	-56,36112
4220	125,83029	-57,67185	125,17494	-57,01649
4240	125,83029	-58,32721	125,17494	-57,67185
4260	125,83029	-58,32722	125,17494	-58,32722
4280	125,83029	-59,63795	125,8303	-58,98259
4300	126,48564	-60,29333	125,17493	-59,63796
4320	126,48564	-61,60405	128,45176	-60,94868
4340	132,38398	-62,91476	131,72865	-61,60403
4360	132,38399	-61,60403	131,07328	-60,2933
4380	132,38399	-61,60402	131,07329	-60,2933
4400	132,38399	-61,60402	131,07329	-60,2933
4420	132,384	-60,94866	131,07328	-60,2933
4440	131,72863	-60,94867	131,07328	-60,2933
4460	131,07326	-60,94866	129,10719	-60,2933
4480	129,76254	-60,94867	136,31624	-61,60402
4500	150,07905	-64,88082	154,01138	-64,22545
4520	154,01138	-64,22545	152,70066	-62,25936
4540	153,35602	-61,604	152,04532	-60,29327
4560	152,70067	-60,94863	152,04532	-60,29327
4580	152,70067	-60,94863	152,04532	-60,29327
4600	153,35603	-60,94863	152,70068	-60,94863
4620	153,35603	-61,60399	153,35604	-60,94863
4640	154,01138	-62,25936	152,70067	-61,60399
4660	154,01138	-61,60399	152,70067	-60,94863
4680	153,35601	-61,60398	152,70066	-60,29326
4700	152,70065	-61,60399	152,70066	-60,29326
4720	154,01137	-60,94862	153,35602	-60,29326
4740	154,01137	-60,94863	153,35602	-60,29326
4760	154,66672	-62,25936	154,01137	-61,60399
4780	157,28819	-63,57009	159,25435	-62,91471
4800	159,90972	-63,57008	159,25435	-62,91471
4820	159,9097	-63,57007	159,25436	-62,25934
4840	159,90971	-63,57007	159,90972	-62,9147
4860	160,56507	-63,57007	159,90972	-62,9147
4880	160,56507	-64,22543	159,90972	-62,9147
4900	161,22043	-63,57007	160,56508	-62,9147
4920	161,22042	-64,22542	160,56508	-63,57006
4940	161,8758	-64,88079	159,90973	-64,22542
4960	161,8758	-64,88079	160,56509	-63,57006
4980	161,22044	-63,57005	159,90974	-62,25932
5000	160,56509	-62,91468	159,90974	-61,60395
5020	160,56509	-62,25932	159,90974	-60,94859
5040	160,5651	-62,25932	160,5651	-61,60396
5060	161,87582	-64,22543	152,70058	-65,53623
5080	122,5534	-72,09001	85,85266	-76,02229
5100	59,63789	-77,33304	34,0786	-74,71159
5120	17,03902	-72,74549	11,7961	-67,50255
5140	14,41758	-64,88106	13,76225	-60,94886
5160	15,07297	-58,98276	13,76226	-55,70592
5180	14,41761	-55,05055	14,41763	-53,08446
5200	15,72834	-53,73982	15,07299	-51,77373
5220	15,72834	-53,08445	15,72835	-51,11837
5240	16,3837	-51,11837	15,72835	-50,46299
5260	17,03906	-50,463	15,72836	-49,15227
5280	16,38372	-48,4969	15,72838	-45,87544
5300	17,03909	-45,87544	14,41763	-43,25397
5320	9,17459	-43,90934	7,20848	-40,6325
5340	9,17458	-38,66641	9,82996	-34,07886
5360	11,14068	-32,11277	10,48535	-28,18059
5380	12,45142	-26,86987	11,79607	-23,59306
5400	13,10678	-22,28233	12,45144	-20,31625
5420	13,76215	-19,66089	13,1068	-18,35016
5440	13,76216	-17,6948	13,10681	-15,72871
5460	13,76216	-15,72871	13,76217	-13,76262
5480	13,76216	-14,41798	13,10682	-13,10726
5500	13,76217	-13,10726	13,76218	-12,4519
5520	13,76217	-13,76263	13,10683	-13,10727
5540	13,76218	-14,418	13,10683	-13,76264
5560	13,76218	-15,07336	13,10683	-15,07336
5580	13,76218	-16,38409	13,10683	-16,38408
5600	14,41754	-17,03945	13,7622	-15,72871
5620	13,76219	-17,03944	13,10684	-16,38407
5640	13,76219	-17,69479	13,10685	-17,03942
5660	13,7622	-17,69479	12,45149	-17,69478
5680	13,10684	-19,00551	12,45148	-18,35014
5700	13,10684	-19,00551	12,45149	-19,0055
5720	13,10683	-21,62695	14,41759	-22,28232
5740	19,66056	-26,2145	22,93746	-28,18059
5760	24,24818	-29,49131	22,93746	-28,83594
5780	23,59282	-30,14667	22,93747	-30,14666
5800	23,59282	-32,11275	22,93747	-31,45739
5820	23,59282	-32,76811	22,93747	-32,76811
5840	23,59282	-34,07884	22,28211	-34,07884
5860	22,93746	-35,38958	22,93747	-34,73423
5880	24,24818	-36,70032	23,59284	-36,04496
5900	24,90355	-36,70033	24,2482	-36,70033
5920	25,5589	-37,3557	24,90355	-36,70034
5940	25,5589	-38,01106	24,90355	-37,3557
5960	25,5589	-38,01107	24,90355	-37,3557
5980	25,55889	-38,66643	24,90354	-37,3557
6000	25,55889	-38,66643	24,90353	-38,01106
6020	25,55888	-39,32179	24,90353	-38,01106
6040	25,55888	-39,97714	24,90352	-38,66642
6060	25,55887	-39,32178	24,90352	-39,32178
6080	25,55887	-40,63251	28,83573	-41,28787
6100	33,4233	-43,25395	32,76796	-41,94323
6120	33,42329	-42,59859	32,76794	-41,28787
6140	33,42329	-41,94324	32,76794	-41,28787
6160	33,42329	-41,94323	32,76795	-41,28787
6180	33,42329	-42,59859	32,76794	-41,94323
6200	33,42329	-43,25396	32,76794	-42,5986
6220	33,42328	-43,25396	32,76794	-42,5986
6240	34,07865	-44,56469	34,07866	-43,25396
6260	34,73401	-45,22005	34,07866	-44,56468
6280	34,734	-45,87541	34,73401	-45,87541
6300	35,38936	-47,18613	34,73401	-46,53076
6320	36,04471	-47,84149	35,38936	-47,18613
6340	36,04471	-48,49685	35,38936	-48,49686
6360	36,0447	-49,80759	33,42324	-49,8076
6380	32,11247	-51,7737	32,76785	-50,46296
6400	34,07856	-51,77369	32,76786	-50,46296
6420	33,42321	-51,11832	32,76787	-50,46296
6440	34,07858	-51,11832	33,42323	-49,80759
6460	34,07859	-49,8076	33,42324	-48,49687
6480	34,07859	-49,80759	33,42325	-47,8415
6500	33,42324	-48,49687	33,42325	-47,8415
6520	34,0786	-48,49687	33,42325	-48,49686
6540	34,73396	-49,15223	34,07862	-48,49687
6560	35,38932	-49,15224	34,07862	-47,84151
6580	35,38933	-49,15224	34,07862	-47,84151
6600	35,38934	-48,49688	34,73399	-47,84151
6620	35,38934	-48,49688	34,73399	-48,49688
6640	36,0447	-49,80761	35,38935	-49,15225
6660	36,0447	-49,80762	34,73399	-49,15225
6680	36,0447	-50,46298	35,38935	-49,15226
6700	36,04469	-51,11834	35,38935	-50,46298
6720	36,70006	-51,11835	36,04471	-51,11835
6740	37,35541	-52,42908	36,70007	-51,11835
6760	37,35541	-53,08444	37,35543	-52,42908
6780	38,01077	-53,08445	37,35543	-52,42908
6800	38,66613	-53,08445	37,35542	-52,42909
6820	38,66613	-53,73982	38,01078	-53,08446
6840	39,32149	-54,39518	38,66614	-53,73982
6860	39,32148	-55,05055	38,66613	-54,39519
6880	39,97684	-55,70592	39,32149	-55,05055
6900	39,97684	-56,36128	39,97685	-55,70591
6920	41,28756	-56,36129	39,97685	-56,36129
6940	41,28755	-57,67202	41,28756	-57,01665
6960	41,94291	-58,98275	41,28756	-57,67202
6980	42,59827	-58,98275	41,94292	-58,98275
7000	43,25362	-59,63811	41,94292	-58,98275
7020	43,25362	-60,29348	43,25363	-59,63812
7040	43,90898	-60,94884	43,25364	-59,63812
7060	44,56434	-60,94885	43,90899	-60,94885
7080	44,56434	-61,60422	44,56435	-60,94886
7100	45,2197	-62,91495	45,21971	-62,25958
7120	45,87506	-63,57032	46,53043	-63,57032
7140	48,49651	-64,88105	47,84117	-64,22569
7160	49,15187	-64,88105	48,49653	-64,22569
7180	49,15188	-65,53642	48,49653	-64,88105
7200	49,80724	-66,19178	49,15189	-65,53642
7220	50,4626	-66,19178	49,80725	-65,53642
7240	50,4626	-66,84715	49,80725	-66,19179
7260	50,46259	-67,50252	50,4626	-66,84716
7280	51,11795	-67,50252	50,46261	-66,84716
7300	51,11796	-68,81325	50,46261	-67,50252
7320	51,11796	-68,15789	50,46262	-67,50252
7340	51,11796	-68,15789	49,80726	-66,84716
7360	50,4626	-67,50253	49,80726	-66,84716
7380	51,11797	-67,50253	49,80726	-66,84716
7400	50,46261	-67,50253	50,46262	-66,84716
7420	51,11796	-66,84716	50,46262	-66,19179
7440	51,11796	-66,84716	49,80725	-65,53643
7460	50,4626	-66,19179	49,15189	-64,2257
7480	50,46259	-65,53643	49,80724	-63,57033
7500	49,80723	-64,88106	49,15188	-63,57034
7520	50,46258	-64,88106	49,15188	-64,22569
7540	49,80722	-64,88106	49,15188	-64,22569
7560	49,80722	-65,53642	49,15187	-64,2257
7580	49,80722	-64,88106	49,15187	-64,22569
7600	49,80722	-64,88105	49,15187	-62,91497
7620	49,15186	-64,22569	48,49651	-62,91497
7640	49,15186	-64,22569	48,49651	-62,91497
7660	49,15186	-64,22569	48,49651	-62,91497
7680	49,15186	-65,53641	50,4626	-64,88106
7700	62,25916	-67,5025	72,74508	-68,81323
7720	77,98802	-70,12396	76,67731	-68,15786
7740	76,67729	-68,81322	76,02194	-68,15785
7760	76,67984	-68,81322	75,36658	-68,15785
7780	76,67729	-68,81322	76,02194	-68,81321
7800	76,67728	-68,81321	76,02193	-68,15785
7820	76,67728	-68,81321	76,02193	-68,15784
7840	76,67728	-68,15784	76,02193	-68,15783
7860	76,67728	-68,8132	76,02193	-68,15784
7880	77,33264	-68,8132	76,67728	-68,15784
7900	77,33263	-68,8132	76,67728	-68,15784
7920	77,33263	-69,46856	76,02192	-68,15784
7940	77,33263	-68,8132	76,67727	-68,15783
7960	77,98798	-69,46856	76,67728	-68,8132
7980	79,95408	-70,12393	86,50777	-70,77927
8000	87,81852	-71,43464	86,5078	-69,46855
8020	87,16315	-70,1239	85,85245	-68,15781
8040	85,85244	-68,15782	85,1971	-67,50245
8060	85,19709	-68,15782	83,88638	-66,84709
8080	84,54172	-68,15782	83,88638	-67,50245
8100	83,88636	-68,81318	83,23101	-68,15782
8120	83,23099	-69,46854	82,57564	-69,46855
8140	93,71683	-70,77927	105,51353	-72,74534
8160	112,06724	-74,05607	110,10117	-72,74534
8180	110,10114	-72,74534	110,10116	-72,08998
8200	110,75651	43,25338	110,10115	-71,43461
8220	110,7565	-72,08999	110,10115	-72,08999
8240	110,7565	-72,74536	110,10114	-72,74535
8260	110,75649	-73,40071	110,10114	-72,74535
8280	110,75648	-73,40071	110,10113	-72,74534
8300	110,75649	-73,4007	110,10114	-72,08998
8320	110,75648	-73,4007	110,10113	-72,08997
8340	110,10112	-73,4007	109,44577	-72,08998
8360	110,75648	-73,4007	110,10113	-72,74534
8380	110,75647	-74,05607	110,10113	-72,08998
8400	110,75648	-74,05607	110,10112	-73,4007
8420	110,75647	-73,40071	110,10112	-72,74534
8440	110,75647	-74,05607	110,10112	-72,74534
8460	110,75646	-74,05607	110,10111	-73,40071
8480	110,75646	-74,05608	110,10111	-74,05608
8500	112,72254	-75,36682	113,37793	-76,02219
8520	113,37792	-76,0222	113,37794	-74,71146
8540	114,03329	-75,36683	113,37794	-74,0561
8560	114,03329	-74,71147	113,37795	-74,71146
8580	114,0333	-75,36682	113,37794	-74,71146
8600	114,03329	-76,02218	112,72258	-75,36682
8620	114,03327	-76,67754	112,72257	-75,36682
8640	112,72255	-76,02218	112,72256	-75,36681
8660	113,37791	-76,02218	112,06721	-74,71145
8680	112,72255	-75,36682	112,06721	-74,71145
8700	112,06719	-74,71146	110,75648	-74,71145
8720	110,75647	-76,02219	112,06722	-76,02218
8740	125,82994	-79,95436	136,97129	-79,95435
8760	140,24819	-80,60971	138,93748	-78,64361
8780	137,62673	-79,29897	136,97138	-77,33287
8800	136,97136	-78,64359	135,66065	-77,33287
8820	136,316	-77,33287	135,00528	-76,6775
8840	135,66062	-77,98823	135,66063	-76,6775
8860	136,31598	-77,98822	135,66063	-76,6775
8880	136,31598	-76,6775	135,66063	-75,36677
8900	136,31598	-76,02214	135,66064	-74,71141
8920	136,31599	-75,36678	135,66064	-75,36678
8940	136,97134	-76,67751	136,31599	-76,02215
8960	137,6267	-76,02216	136,97136	-75,36678
8980	138,28207	-76,02216	137,62673	-74,71143
9000	138,28208	-75,36679	137,62673	-73,4007
9020	138,28209	-73,4007	136,31603	-71,43461
9040	136,97138	-72,08998	136,9714	-70,77926
9060	140,9036	-70,77926	140,24829	-69,46853
9080	140,90363	-69,46853	140,24829	-68,1578
9100	141,55901	-68,81316	140,90366	-67,50244
9120	142,21437	-69,46852	141,55902	-68,1578
9140	142,21436	-69,46853	141,55901	-69,46852
9160	142,21435	-70,77924	141,559	-70,12388
9180	142,21434	-71,4346	140,90363	-70,77924
9200	142,21434	-72,08996	141,55899	-71,4346
9220	142,21433	-72,74533	140,90363	-72,08996
9240	142,86969	-73,40069	142,21435	-72,08996
9260	142,86969	-73,40069	142,21435	-72,08996
9280	143,52505	-73,40068	142,21435	-72,74532
9300	142,8697	-74,05604	142,86971	-72,74532
9320	143,52505	-74,71141	142,8697	-74,05604
9340	143,52505	-74,71141	142,86969	-74,05605
9360	143,52505	-74,71142	141,55897	-74,05605
9380	142,21432	-75,36678	141,55897	-74,05606
9400	142,21432	-74,05607	141,55897	-73,4007
9420	142,21432	-74,05608	140,90361	-73,40071
9440	142,21432	-74,71144	141,55897	-74,05609
9460	142,21432	-75,36682	140,90361	-74,71145
9480	142,21431	-76,67755	149,42337	-77,33291
9500	161,87543	-81,26507	167,77383	-81,92042
9520	168,42921	-81,92041	166,46314	-79,95431
9540	166,46312	-79,95432	167,1185	-78,64358
9560	167,77385	-79,95431	167,11851	-78,64358
9580	167,77386	-79,29894	167,11851	-78,64357
9600	167,77385	-79,29893	167,11851	-78,64357
9620	168,42921	-79,29893	167,11851	-77,98821
9640	167,77386	-79,29892	166,46314	-78,64356
9660	167,11849	-79,29892	166,46314	-78,64355
9680	166,46312	-79,29892	165,80776	-77,98819
9700	166,46311	-79,29892	165,80776	-78,64355
9720	166,4631	-80,60965	166,46311	-80,60966
9740	167,77381	-81,26503	166,46311	-80,60966
9760	167,77381	-81,26502	167,11847	-79,95429
9780	167,77381	-81,26501	166,46311	-79,29891
9800	167,77381	-79,95428	167,11847	-78,64354
9820	167,11846	-79,2989	167,11847	-77,98817
9840	168,42918	-78,64353	167,11848	-77,3328
9860	168,42919	-77,3328	167,11848	-76,02208
9880	167,77384	-77,98817	160,56474	-77,33285
9900	125,17464	-79,29905	74,71121	-80,60983
9920	36,69991	-81,2652	28,18018	-74,71152
9940	31,45704	-68,8132	30,80172	-61,60416
9960	30,14637	-57,01658	28,83569	-51,11826
9980	28,83569	-47,18606	27,525	-41,94313
10000	26,86965	-39,97702	25,55895	-36,7002
10020	26,21431	-35,38947	24,9036	-32,76801
10040	25,55896	-32,11265	24,24826	-29,49119
10060	24,90361	-29,49119	24,24826	-27,52509
10080	24,24826	-27,52509	24,24827	-26,21437
10100	24,24826	-26,21438	23,59292	-24,24828
10120	21,6268	-26,86975	8,51945	-30,14661
10140	3,27647	-34,07881	4,58723	-31,45734
10160	5,89795	-31,45734	5,2426	-30,1466
10180	5,89795	-30,80197	5,24261	-30,1466
10200	5,89796	-30,80196	5,24261	-30,1466
10220	5,89796	-30,80197	5,24262	-30,14661
10240	5,24261	-30,14661	4,58725	-28,83589
10260	4,58724	-30,14662	3,27653	-28,8359
10280	3,93188	-30,14664	3,27653	-30,14664
10300	3,93188	-31,45738	-48,49691	-30,14667
10320	3,93188	-31,4574	2,62117	-31,4574
10340	3,93187	-32,76813	2,62116	-32,11278
10360	3,93187	-33,42351	3,27652	-32,76815
10380	3,2765	-34,07888	3,27651	-34,07889
10400	3,2765	-34,73425	2,62115	-34,73425
10420	3,2765	-36,70034	3,2765	-36,04498
10440	4,58721	-38,01108	3,93186	-38,01107
10460	4,58721	-39,32181	3,93186	-39,32181
10480	5,24256	-41,28789	4,58721	-40,63253
10500	5,89792	-42,59862	5,89793	-41,94326
10520	6,55327	-43,90935	5,89792	-43,25399
10540	6,55326	-45,22008	5,89791	-45,87544
10560	9,83008	-48,49691	20,31599	-51,11837
10580	27,52504	-54,39521	27,52504	-54,3952
10600	27,52501	-54,3952	26,86966	-54,3952
10620	28,18037	-55,05056	27,52502	-54,3952
10640	28,18037	-55,70593	27,52502	-55,05056
10660	28,83573	-56,36128	28,83574	-55,70592
10680	29,49108	-57,01665	28,83573	-56,36129
10700	-47,8414	-57,01665	29,49109	-56,36128
10720	30,14644	-57,67201	29,49109	-56,36128
10740	30,14643	-58,32738	29,49109	-57,01665
10760	30,80179	-57,67202	30,14644	-57,01665
10780	30,14643	-58,32738	29,49109	-57,01666
10800	30,80179	-57,67202	30,14644	-57,01666
10820	31,45715	-57,67202	30,14645	-56,36129
10840	30,8018	-57,01666	30,14645	-57,01666
10860	31,45716	-57,67203	30,80181	-57,01667
10880	32,11252	-57,67203	31,45717	-57,01667
10900	32,76789	-57,67203	32,11253	-56,36131
10920	32,76788	-57,01668	32,11253	-56,36131
10940	32,76788	-57,01668	32,11253	-56,36131
10960	32,76788	-57,67205	32,76789	-57,67204
10980	32,76788	-58,32741	32,76789	-57,67204
11000	33,42324	-58,98277	32,76789	-58,32741
11020	33,42324	-59,63814	32,11253	-58,32741
11040	32,76788	-58,98278	32,11253	-58,32742
11060	33,42324	-59,63815	32,76789	-59,63814
11080	33,42323	-60,94888	32,76788	-60,94889
11100	36,04467	-64,22571	41,94298	-65,53644
11120	43,90907	-67,50253	43,2537	-66,84717
11140	43,90904	-67,50253	43,2537	-66,84716
11160	43,90904	-68,15789	43,90906	-66,84716
11180	44,5644	-67,50253	43,90905	-66,84716
11200	44,5644	-67,50253	44,56441	-66,84716
11220	45,21976	-68,1579	44,56441	-67,50253
11240	45,87512	-69,46862	45,21977	-68,81325
11260	45,87512	-70,12398	45,21976	-69,46861
11280	46,53047	-70,77935	45,87512	-70,12398
11300	47,18583	-72,09007	47,18584	-72,74543
11320	56,36093	-75,36689	60,29316	-76,02226
11340	60,9485	-76,67762	60,29315	-76,02225
11360	60,9485	-76,67762	60,94851	-76,02225
11380	61,60386	-77,33298	60,94851	-76,02225
11400	62,25922	-76,67762	61,60387	-76,02225
11420	62,25922	-76,67762	60,94851	-76,02225
11440	61,60386	-76,67762	61,60387	-76,02226
11460	62,25922	-76,67763	61,60387	-76,02225
11480	62,25922	-76,67763	61,60387	-76,02225
11500	62,91457	-77,33299	65,53604	-76,67763
11520	80,60945	-78,64371	87,16319	-77,33298
11540	88,47392	-77,98834	87,16321	-75,36688
11560	87,81856	-75,36689	87,16323	-73,40079
11580	88,47394	-74,05616	87,8186	-73,40079
11600	88,47395	-73,40079	87,81861	-72,09006
11620	89,12933	-72,74542	88,47398	-71,4347
11640	89,12933	-72,09006	87,81863	-70,77933
11660	88,47397	-72,09006	87,81862	-71,43469
11680	87,81861	-72,09006	87,16326	-70,77933
11700	87,81861	-72,09006	86,5079	-71,43469
11720	87,16324	-72,09006	86,50789	-71,43469
11740	87,16323	-72,09006	86,50789	-71,4347
11760	87,16323	-72,09006	86,50788	-71,43469
11780	87,16324	-72,09006	85,85253	-70,77933
11800	87,16324	-72,09006	86,50789	-71,4347
11820	87,16324	-72,74543	87,16325	-72,74543
11840	95,02764	-73,40077	99,61528	-72,7454
11860	100,92601	-73,40076	99,61529	-72,09003
11880	100,27064	-73,40076	-48,49607	-72,7454
11900	100,27064	-74,05613	101,58138	-74,71149
11920	117,96555	-77,33293	127,14083	-77,3329
11940	125,17474	-77,33291	123,20863	-74,71145
11960	123,20861	-75,36682	121,89789	-73,40073
11980	122,55324	-73,40072	121,24253	-71,43463
12000	121,89787	-72,09	120,58717	-70,77926
12020	121,89787	-70,1239	122,55324	-68,15783
12040	124,51931	-66,84712	124,51932	-64,22567
12060	127,14073	-63,57033	126,48539	-60,94889
12080	129,76217	-60,94891	129,76218	-59,63819
12100	131,72825	-60,94893	131,07289	-59,63822
12120	132,3836	-60,29358	132,38362	-58,3275
12140	-32,76711	-59,63824	133,69434	-58,98289
12160	134,34969	-60,29363	135,00506	-58,98291
12180	135,66034	-59,63827	135,00507	-58,98292
12200	135,66042	-59,63828	135,66043	-58,98292
12220	136,31578	-60,29365	136,31579	-58,98293
12240	136,97113	-60,29365	135,66042	-59,63828
12260	136,31576	-60,94901	135,66041	-59,63828
12280	135,6604	-61,60437	135,00506	-60,949
12300	135,00504	-62,25972	135,00506	-63,57046
12320	135,66041	-64,8812	135,00507	-62,9151
12340	135,66042	-63,57046	134,34972	-62,25973
12360	134,34971	-62,9151	133,69437	-61,60437
12380	134,34972	-62,91509	133,69437	-62,25972
12400	133,69435	-62,91509	132,38364	-62,25972
12420	132,38362	-63,57044	132,38364	-63,57043
12440	133,03898	-64,2258	131,72827	-63,57043
12460	132,38362	-64,22579	131,07291	-64,22579
12480	131,72825	-64,22579	131,0729	-63,57042
12500	131,72825	-64,22579	130,41755	-63,57042
12520	131,72826	-65,53651	130,41755	-64,88114
12540	133,03898	-66,84724	140,90343	-67,50258
12560	149,42325	-68,8133	152,04479	-68,81328
12580	152,70014	-68,81328	151,38943	-67,50255
12600	152,70014	-69,46864	152,04479	-68,15791
12620	152,70013	-68,81327	152,04479	-68,81327
12640	152,70013	-71,43473	152,04477	-72,09011
12660	154,01084	-74,71157	154,01084	-75,36693
12680	155,32155	-77,98841	154,66619	-77,98841
12700	155,32154	-79,95451	154,66619	-79,95451
12720	155,9769	-81,26524	155,32155	-81,26525
12740	156,63225	-83,23135	159,25374	-84,54208
12760	167,77354	-89,78499	169,08432	-89,78499
12780	2,62286	-90,44036	169,0843	-89,12962
12800	169,73966	-89,12962	167,77359	-88,47425
12820	168,42894	-89,78498	168,42895	-87,81888
12840	169,0843	-88,47425	168,42896	-87,16351
12860	169,0843	-88,47424	168,42896	-87,1635
12880	168,42895	-87,81886	168,42897	-86,50813
12900	169,08431	-87,16348	168,42897	-85,85276
12920	168,42896	-87,16348	167,77361	-85,85276
12940	168,42896	-86,50662	166,4629	-85,19739
12960	167,77361	-85,85275	166,4629	-85,19738
12980	167,11826	-85,85275	166,46291	-84,54202
13000	167,11826	-84,54201	165,80755	-83,88517
13020	167,11826	-84,54202	165,8101	-83,88664
13040	167,11826	-85,19737	166,46291	-84,542
13060	167,11826	-85,19737	166,46291	-84,542
13080	167,11825	-85,19736	165,80755	-84,542
13100	165,80753	-84,54199	165,15219	-83,23127
13120	165,80754	-84,54199	164,49683	-83,23126
13140	165,15217	-83,88663	164,49682	-82,5759
13160	164,49682	-83,23126	163,84147	-82,57589
13180	164,49682	-83,23126	163,84147	-82,5759
13200	164,49681	-83,88662	163,18612	-82,5759
13220	163,84146	-83,88663	163,18612	-83,88662
13240	163,84147	-85,19735	163,18613	-83,88662
13260	164,49683	-84,54198	163,18612	-83,88661
13280	163,84147	-84,54197	163,18613	-83,23124
13300	163,84147	-83,88661	162,53076	-83,23124
13320	163,84146	-84,54196	163,18611	-83,88659
13340	163,84146	-84,54196	162,53075	-83,23123
13360	163,84146	-83,88659	163,18611	-82,57586
13380	163,1861	-83,88659	163,18611	-82,57586
13400	163,1861	-83,88659	163,84147	-82,57586
13420	175,6381	-85,85263	184,15804	-85,85259
13440	188,09029	-86,50794	186,12422	-83,88648
13460	186,1242	-83,88647	185,46885	-81,92038
13480	186,1242	-82,57574	184,81601	-81,26501
13500	185,46884	-81,92037	184,81348	-81,26501
13520	186,12419	-83,88647	185,46884	-83,23111
13540	186,1242	-84,54184	184,8135	-83,23113
13560	185,46885	-83,88649	184,81351	-83,23112
13580	185,46885	-84,54186	184,8135	-83,88649
13600	185,46884	-85,19722	184,8135	-84,54186
13620	185,46884	-85,19722	184,81349	-84,54185
13640	184,81348	-85,85258	184,81349	-84,54185
13660	185,46884	-85,19721	184,81349	-84,54184
13680	185,46883	-85,19721	184,15813	-83,88647
13700	184,81347	-84,54184	183,50277	-83,23111
13720	184,81347	-83,88647	184,15812	-83,2311
13740	184,1581	-83,88647	183,50275	-82,57573
13760	184,1581	-83,88647	183,50274	-83,2311
13780	184,81345	-84,54182	184,1581	-83,2311
13800	184,15808	-83,88645	183,50273	-83,23108
13820	184,15808	-83,88645	183,50273	-82,57572
13840	184,15808	-83,23109	183,50273	-82,57572
13860	184,15807	-83,88644	183,50272	-82,57572
13880	183,50271	-83,23108	183,50273	-82,57571
13900	184,15807	-83,23108	182,84737	-82,57572
13920	184,15807	-82,57573	182,84737	-81,92036
13940	184,15807	-82,57573	183,50273	-81,92035
13960	184,15808	-83,23108	182,84737	-81,26499
13980	183,50272	-82,57571	182,19202	-80,60962
14000	182,84737	-81,26498	181,53666	-79,95425
14020	181,53665	-79,95426	180,88131	-78,64353
14040	181,53666	-78,64353	180,88132	-77,33281
14060	181,53666	-77,98818	180,88132	-77,33282
14080	181,53667	-77,98818	180,88132	-77,33282
14100	181,53667	-78,64354	180,88132	-77,33282
14120	181,53667	-77,98818	180,88132	-76,67745
14140	181,53666	-77,33282	180,22595	-76,02209
14160	180,8813	-77,33282	180,22595	-76,67745
14180	180,8813	-77,33282	179,5706	-76,02209
14200	180,8813	-76,67746	180,22595	-76,0221
14220	181,53666	-76,67746	180,22596	-76,02209
14240	180,88131	-76,67746	180,88132	-76,02209
14260	181,53667	-76,67747	180,88133	-76,0221
14280	181,53667	-76,67747	180,88132	-75,36674
14300	181,53667	-76,67747	180,88132	-76,0221
14320	181,53667	-76,67747	180,88132	-76,02211
14340	182,19203	-77,33284	181,53669	-76,02211
14360	182,19203	-77,33284	180,88133	-76,02211
14380	182,19204	-77,33284	181,53669	-76,02211
14400	182,19204	-77,33284	181,53669	-76,02211
14420	182,8474	-77,33284	182,19205	-76,67747
14440	182,8474	-77,33283	182,19205	-76,67747
14460	182,8474	-77,33283	182,84741	-76,67746
14480	183,50276	-77,98819	182,84741	-76,67746
14500	184,15812	-77,98819	183,50277	-77,33283
14520	184,15812	-77,98819	183,50277	-77,33283
14540	184,15811	-77,98819	184,15813	-77,33283
14560	184,81348	-77,98819	183,50277	-76,67747
14580	184,15812	-77,98819	183,50276	-76,67747
14600	184,15811	-77,9882	183,50276	-76,67747
14620	184,1581	-77,98821	185,46885	-78,64358
14640	192,02255	-82,57575	193,98869	-81,9204
14660	193,3333	-82,57576	192,67795	-81,26504
14680	193,98865	-81,92041	192,67794	-80,60968
14700	193,33329	-81,92041	192,67794	-80,60968
14720	193,33329	-81,26505	192,02258	-79,95433
14740	193,33329	-80,60969	192,67795	-79,95433
14760	193,3333	-80,6097	192,0226	-79,29897
14780	192,67796	-79,29898	192,02262	-77,98825
14800	192,67796	-78,64362	192,02262	-77,33289
14820	192,67798	-77,98827	192,67799	-76,67754
14840	193,33334	-77,33291	192,02263	-75,36682
14860	192,67798	-76,67755	192,67799	-76,02085
14880	193,33334	-76,67754	192,68033	-76,02218
14900	193,33334	-76,67754	192,67799	-76,02217
14920	193,9887	-77,3329	192,67799	-76,02217
14940	193,33334	-76,67754	192,678	-75,36681
14960	193,98871	-76,67753	193,33336	-76,02217
14980	193,98871	-76,67754	193,98872	-76,02217
15000	194,64407	-77,3329	193,98873	-76,02218
15020	194,64408	-77,3329	194,64409	-76,67753
15040	195,29944	-77,98826	194,64409	-77,33289
15060	195,29944	-77,98826	194,64409	-77,33289
15080	195,29943	-77,98826	194,64409	-77,98825
15100	195,95479	-78,64362	194,64409	-77,98825
15120	195,95479	-78,64362	195,29944	-77,98825
15140	195,95479	-79,29898	195,29944	-78,64361
15160	195,95479	-79,29898	195,29944	-79,29897
15180	195,95479	-79,95434	195,9548	-79,29898
15200	196,61015	-80,60971	195,9548	-79,29765
15220	195,95479	-80,60971	195,9548	-79,95435
15240	197,2655	-81,26508	196,61015	-80,60971
15260	197,2655	-81,92044	197,26551	-81,26508
15280	197,92086	-81,92044	197,26551	-81,26508
15300	197,92085	-81,92044	197,2655	-81,26508
15320	198,57621	-82,5758	197,2655	-81,26508
15340	198,57621	-81,92045	197,2655	-81,26508
15360	198,5762	-82,57581	197,92086	-81,92044
15380	198,5762	-82,57581	198,57621	-81,92044
15400	198,5762	-82,57581	198,57621	-82,57581
15420	199,23155	-83,88654	198,57621	-83,88654
15440	199,23155	-84,54191	198,57621	-83,88654
15460	199,23156	-84,5419	198,57621	-83,88653
15480	199,23156	-84,5419	197,92086	-83,88654
15500	199,88694	-85,19726	204,47456	-83,88652
15520	207,09604	-85,19723	205,78533	-83,88651
15540	207,09602	-84,54187	205,78532	-83,8865
15560	207,09603	-84,54187	206,44069	-83,23114
15580	207,09604	-84,54187	206,44069	-83,23113
15600	206,44067	-83,8865	205,78532	-82,57578
15620	206,44067	-83,8865	205,78532	-82,57578
15640	206,44067	-83,23114	205,78532	-82,57577
15660	206,44066	-83,23114	205,78532	-81,92041
15680	205,7853	-82,57578	205,78532	-81,92041
15700	206,44067	-82,57578	205,12995	-81,92041
15720	206,44067	-82,57578	205,78532	-81,26505
15740	206,44067	-82,57578	205,12995	-81,26505
15760	206,44067	-81,92042	205,78533	-80,60969
15780	206,44067	-81,26505	205,78533	-80,60968
15800	206,44067	-81,26505	205,78533	-81,26505
15820	206,44068	-81,92042	205,78533	-81,26506
15840	207,09604	-82,57579	205,78533	-82,57579
15860	206,44069	-85,19726	193,98861	-85,19736
15880	160,56454	-86,50822	116,65476	-88,47438
15900	83,23092	-91,75124	62,91455	-89,78515
15920	58,32698	-88,47441	58,98239	-85,19756
15940	60,94846	-83,88684	60,29311	-81,26537
15960	61,60381	-81,26538	60,94847	-78,64391
15980	64,88061	-76,67785	66,8467	-69,46885
16000	71,4342	-63,5706	75,36637	-55,70624
16020	79,29851	-51,11871	81,91995	-45,87581
16040	85,19673	-42,599	86,50746	-39,32219
16060	89,78425	-38,01147	89,78426	-35,39001
16080	70,77865	-36,70076	41,94256	-37,35614
16100	32,11206	-38,01151	32,76747	-34,0793
16120	34,07821	-31,45782	32,76751	-27,52563
16140	33,42287	-27,52562	30,80146	-24,24878
16160	30,80146	-24,90413	28,8354	-22,93802
16180	28,18004	-24,24874	25,55862	-23,59336
16200	24,90325	-26,2148	22,28183	-26,87016
16220	22,28182	-29,4916	19,00504	-30,14695
16240	19,00502	-32,7684	17,03897	-33,42375
16260	16,3836	-36,0452	14,41754	-36,70056
16280	14,41752	-38,66665	13,76218	-38,66665
16300	14,41753	-41,28811	13,76218	-41,94348
16320	14,41753	-43,90957	13,76218	-44,56493
16340	15,07289	-47,18639	14,41755	-47,18639
16360	15,72825	-49,15249	15,07291	-49,15249
16380	15,07289	-51,11858	15,07291	-52,42931
16400	22,2819	-55,70614	22,93731	-57,01687
16420	23,59265	-57,67223	22,93729	-57,67223
16440	23,59264	-58,98296	22,93729	-58,98296
16460	23,59264	-60,29369	23,59266	-59,63833
16480	24,248	-60,2937	23,59265	-60,2937
16500	24,248	-62,25978	23,59265	-61,60443
16520	24,24799	-62,91516	23,59264	-62,91516
16540	24,90335	-63,57052	24,248	-63,57052
16560	24,90334	-65,53661	-48,49697	-64,22589
16580	24,24797	-65,53662	31,45698	-66,19199
16600	49,15181	-69,4688	55,7055	-69,4688
16620	56,36084	-70,77954	55,70549	-69,46881
16640	56,36083	-70,77954	55,70548	-70,12417
16660	56,36083	-70,77954	56,36084	-70,12417
16680	57,01618	-71,4349	56,36083	-70,77953
16700	57,01618	-72,09026	56,36083	-71,43489
16720	57,01618	-72,74563	56,36084	-72,09025
16740	57,01618	-72,74562	55,70548	-72,09025
16760	56,36082	-72,74562	55,05012	-72,09025
16780	56,36082	-72,74562	55,05011	-72,09026
16800	55,70546	-73,40098	55,05011	-72,74562
16820	55,70546	-73,40099	54,39475	-73,40099
16840	55,70546	-74,71172	61,60375	-76,02245
16860	69,46813	-78,64391	69,46816	-77,98855
16880	69,46813	-78,64391	68,81278	-77,98854
16900	69,46813	-78,6439	68,15743	-77,98854
16920	68,81277	-79,29927	67,50206	-78,6439
16940	68,81277	-79,29927	67,50206	-79,29926
16960	68,1574	-79,95462	67,50206	-79,29926
16980	67,50204	-79,95463	67,50206	-79,95462
17000	67,50204	-81,26534	66,8467	-79,95462
17020	67,50204	-81,26535	66,84669	-80,60998
17040	67,50204	-81,92071	66,19133	-81,26535
17060	66,84668	-81,92072	66,19133	-81,26535
17080	67,50204	-83,23144	66,84669	-82,57607
17100	67,50203	-83,8868	65,53596	-83,23145
17120	61,60374	-86,50827	58,32693	-85,85293
17140	59,63764	-87,16365	59,63765	-86,50829
17160	60,29299	-87,81901	59,63765	-86,50829
17180	60,293	-87,81902	59,63764	-87,16365
17200	60,94835	-88,47438	59,63764	-87,81902
17220	60,94835	-89,12974	60,293	-87,81902
17240	60,94834	-89,12975	60,29299	-88,47438
17260	60,94834	-89,78511	60,293	-89,12974
17280	60,94834	-90,44047	60,29299	-89,12974
17300	60,94834	-90,44046	60,29298	-89,7851
17320	60,94833	-91,09583	60,29298	-89,78511
17340	60,29296	-90,44047	59,63761	-90,44046
17360	60,94833	-91,09583	60,29298	-90,44047
17380	60,94832	-91,09583	60,29297	-89,78511
17400	60,94832	-91,09584	60,29298	-90,44047
17420	60,94832	-91,09584	59,63762	-89,7851
17440	60,29297	-90,44047	59,63762	-89,7851
17460	59,63761	-90,44046	58,98227	-89,7851
17480	58,98226	-89,78511	58,98227	-89,12973
17500	58,98226	-89,78511	58,32691	-89,12974
17520	58,98226	-89,7851	58,32691	-89,12973
17540	59,63762	-89,7851	58,32691	-88,47438
17560	58,98226	-89,12974	58,32691	-88,47437
17580	58,98226	-89,12973	58,32691	-87,819
17600	58,3269	-89,78509	57,67156	-88,47436
17620	57,67154	-89,12973	57,01619	-87,819
17640	57,67154	-88,47437	57,01619	-87,819
17660	57,67154	-88,47437	57,0162	-88,47437
17680	57,67154	-89,12974	59,63764	-89,7851
17700	69,4681	-92,40655	71,43424	-91,75119
17720	72,08959	-91,75119	70,77887	-90,44047
17740	70,77887	-91,75118	69,46816	-90,44046
17760	69,46815	-91,75118	68,15744	-91,09583
17780	67,50207	-92,40656	66,19136	-91,75119
17800	66,19134	-92,40656	64,88064	-91,75118
17820	64,88062	-93,06192	63,56992	-91,75119
17840	64,22526	-93,71728	62,91455	-93,06192
17860	70,12354	-95,68338	79,95409	-96,33873
17880	83,23095	-97,64947	81,26488	-95,68337
17900	82,57557	-96,33873	81,92023	-95,028
17920	81,92023	-95,68336	81,26488	-94,37262
17940	81,92023	-95,02799	81,26488	-93,71726
17960	81,92023	-94,37263	81,92025	-93,0619
17980	82,5756	-94,37262	81,92025	-93,71726
18000	83,23096	-94,37263	83,23097	-94,37262
18020	83,88632	-95,02799	83,23098	-94,37263
18040	84,54168	-95,68335	83,88633	-95,68335
18060	84,54167	-96,33872	83,88631	-95,68336
18080	84,54166	-96,99409	83,8863	-95,68336
18100	84,54165	-96,33872	83,88629	-95,68337
18120	81,2648	-97,64947	77,3326	-96,99412
18140	79,29867	-98,30485	79,29868	-96,99412
18160	79,29866	-97,64948	79,29867	-96,33876
18180	79,95402	-97,64948	79,95404	-96,99411
18200	81,26474	-98,30484	80,60939	-96,99411
18220	81,9201	-98,30484	81,26475	-96,99412
18240	82,57546	-97,64949	81,92011	-96,99412
18260	82,57547	-96,99411	81,92012	-95,68339
18280	83,23082	-96,33875	82,57547	-95,02803
18300	83,23082	-95,68339	82,57547	-95,02803
18320	83,88617	-95,02803	83,23083	-93,7173
18340	83,88618	-95,02803	83,23083	-93,7173
18360	84,54153	-95,02803	83,88618	-94,37266
18380	85,19689	-96,33875	83,88617	-96,9941
18400	88,4737	-100,92629	102,8918	-103,54771
18420	114,68844	-108,79061	115,34386	-110,7567
18440	114,68847	-112,06741	114,68847	-110,75668
18460	115,34382	-112,72276	114,03311	-112,06738
18480	114,68846	-113,37811	114,68848	-112,06737
18500	115,99919	-113,37809	115,34384	-112,06737
18520	116,65456	-112,72273	115,99921	-111,412
18540	117,30992	-112,06737	115,99922	-110,10127
18560	117,30993	-110,75665	117,96531	-110,75664
18580	118,62066	-111,41201	112,72237	-110,75666
18600	100,27032	-112,06742	95,02739	-110,7567
18620	96,33812	-110,75669	96,33814	-108,79059
18640	95,68276	-108,7906	95,02742	-107,47987
18660	95,0274	-107,47987	93,71669	-105,51377
18680	95,02739	-106,8245	93,06132	-106,16913
18700	94,37202	-106,16914	93,06132	-104,85841
18720	94,37203	-105,51377	93,06132	-104,20305
18740	93,71666	-104,85842	92,40595	-102,89233
18760	93,06131	-102,89233	92,40596	-101,58161
18780	92,40595	-102,23698	91,7506	-100,27089
18800	92,40595	-100,92626	91,7506	-99,61554
18820	92,40595	-100,27091	91,75061	-99,61554
18840	92,40595	-100,92628	91,75061	-99,61555
18860	92,40595	-100,27092	91,7506	-98,96019
18880	92,40595	-100,27092	91,7506	-99,61556
18900	92,40594	-100,92629	89,12913	-101,58166
18920	86,50762	-104,20315	85,85227	-102,89242
18940	87,16299	-103,54778	86,50763	-102,89241
18960	87,16297	-103,54777	86,50763	-102,8924
18980	87,16298	-103,54777	86,51017	-102,89241
19000	87,81833	-104,20314	86,50762	-103,54778
19020	87,16296	-104,85852	86,50761	-104,85852
19040	87,16295	-107,48	93,06125	-110,10147
19060	111,41152	-115,3444	121,24214	-117,31051
19080	122,55289	-116,65515	119,93144	-114,03369
19100	121,24214	-114,03368	120,58679	-112,72296
19120	119,93142	-112,72295	119,93143	-111,41221
19140	119,27605	-111,41221	119,93142	-110,75684
19160	119,93141	-111,41221	119,27606	-110,75685
19180	119,9314	-111,4122	119,27606	-110,10147
19200	119,27605	-110,75683	118,6207	-109,44609
19220	119,27605	-110,10146	117,96534	-108,79073
19240	117,96533	-109,44608	117,30997	-108,79072
19260	117,30996	-110,10145	115,99924	-109,44609
19280	115,99923	-111,41218	121,24216	-112,7229
19300	134,34953	-115,34435	138,28182	-115,9997
19320	138,93717	-115,9997	136,97108	-114,0336
19340	136,3157	-114,0336	135,00498	-113,37823
19360	135,00496	-113,37824	133,69425	-112,72287
19380	133,69423	-112,72288	132,38352	-111,41215
19400	132,3835	-112,06752	131,72815	-110,7568
19420	132,3835	-112,06753	131,72815	-111,41217
19440	132,3835	-113,37828	131,72815	-112,72292
19460	133,03886	-114,03365	132,38351	-112,72293
19480	132,3835	-112,72293	132,38351	-112,06756
19500	133,69422	-112,72293	132,38352	-112,06757
19520	133,03886	-112,72293	132,38351	-111,41221
19540	133,03885	-112,06757	132,38351	-110,75685
19560	133,03886	-112,06757	132,38351	-111,41221
19580	133,69422	-112,06759	132,38351	-111,41222
19600	133,69421	-112,06759	133,03887	-110,75685
19620	133,69421	-111,41222	133,03887	-110,10149
19640	133,03886	-110,75685	131,72815	-109,44613
19660	133,69422	-110,75685	133,03887	-108,79077
19680	133,69422	-109,44612	133,69424	-108,79076
19700	135,00496	-109,44614	134,34962	-109,44613
19720	135,66034	-110,75686	136,31572	-110,10149
19740	136,97108	-111,41222	136,31573	-110,75686
19760	137,62644	-112,06759	137,62646	-111,41222
19780	138,2818	-112,06758	137,62646	-110,75685
19800	138,93717	-111,4122	138,28183	-110,10148
19820	138,93718	-111,4122	138,28183	-110,75684
19840	139,59254	-112,06757	142,21405	-112,72291
19860	143,52479	-113,37828	142,21407	-111,41219
19880	142,86941	-112,72291	141,55869	-112,06755
19900	142,21405	-112,72292	141,55869	-112,06755
19920	142,21403	-113,37827	140,90332	-112,72291
19940	142,21403	-114,03363	140,90331	-113,37826
19960	140,9033	-114,68898	140,90331	-114,03362
19980	140,9033	-115,9997	140,90332	-115,34433
20000	141,55867	-115,9997	140,24795	-114,68897
20020	140,90331	-115,34433	140,24797	-114,0336
20040	140,90332	-114,68897	139,59516	-112,72288
20060	140,24796	-113,37824	139,59262	-112,72287
20080	139,59261	-112,72288	139,59262	-112,06751
20100	140,24797	-112,72287	139,59262	-111,41214
20120	140,24797	-112,72286	138,93726	-112,0675
20140	139,59261	-112,72286	138,28189	-111,41213
20160	138,93724	-112,72286	137,62652	-111,41213
20180	138,28187	-112,06749	136,97116	-111,41213
20200	137,62651	-112,06749	136,97117	-110,75676
20220	138,28188	-112,06749	137,62653	-110,1014
20240	138,28188	-111,41212	137,62653	-110,75676
20260	138,28189	-111,41213	137,62653	-110,75676
20280	138,28189	-111,41213	136,31582	-110,10139
20300	137,62652	-111,41212	136,97118	-110,10139
20320	136,97116	-110,75676	136,31581	-110,10139
20340	137,62651	-110,75676	136,3158	-110,75676
20360	136,97115	-111,41213	136,31579	-111,41213
20380	141,55871	-112,06749	146,14634	-111,4121
20400	147,45707	-112,06746	146,14635	-110,75673
20420	146,8017	-111,41209	146,14636	-110,10136
20440	147,45707	-110,75672	146,80172	-110,10135
20460	147,45707	-110,75672	146,80172	-110,10134
20480	147,45707	-110,75671	146,14635	-110,10134
20500	146,80171	-111,41205	144,83564	-110,10133
20520	144,83563	-110,75669	143,52492	-110,10132
20540	142,86955	-110,10132	141,55884	-108,79059
20560	141,55883	-109,44595	140,24813	-107,47986
20580	140,24812	-108,79058	138,93741	-106,8245
20600	139,59276	-107,47986	138,28206	-106,16913
20620	138,9374	-106,16913	137,6267	-104,8584
20640	137,62669	-105,51377	136,97134	-104,20304
20660	136,97132	-104,20305	136,31597	-102,89232
20680	136,97132	-103,54769	136,31597	-102,89232
20700	136,97132	-103,5477	136,31597	-102,89233
20720	136,97131	-104,20306	136,97132	-104,20307
20740	137,62667	-107,4799	137,62668	-110,1014
20760	139,59272	-119,93192	141,5588	-136,97151
20780	145,49095	-166,46309	146,80166	-203,81907
20800	152,69982	-239,86428	159,25346	-247,72875
20820	161,2196	-233,96602	159,25358	-216,27107
20840	159,90897	-203,16371	159,90903	-187,4349
20860	160,56441	-177,60436	159,90907	-168,42921
20880	160,56443	-163,18626	159,90908	-157,28796
20900	160,56443	-153,35574	159,25372	-148,11281
20920	160,56443	-145,49134	159,90908	-142,21449
20940	160,56443	-141,5591	159,90907	-138,93764
20960	160,56443	-137,6269	159,90907	-135,00542
20980	160,56442	-134,35006	160,56443	-131,72859
21000	161,21978	-131,72858	159,90907	-129,76247
21020	161,21978	-129,76247	159,90907	-127,79637
21040	160,56441	-128,45173	160,56443	-127,79637
21060	161,21978	-128,45173	160,56442	-127,79637
21080	168,42881	-129,10708	176,2933	-128,45167
21100	178,9148	-129,10702	177,60408	-127,14092
21120	178,91478	-125,83018	178,25943	-125,17479
21140	178,91477	-125,83016	178,25942	-124,51942
21160	178,91476	-125,17477	178,25941	-123,86403
21180	179,57012	-124,5194	178,91477	-123,86403
21200	179,57012	-125,17476	178,91477	-123,86403
21220	179,57011	-124,5194	178,2594	-123,86403
21240	179,5701	-123,86404	178,91476	-123,20866
21260	180,22547	-124,51939	179,57011	-123,86403
21280	180,88082	-124,5194	180,22547	-124,51939
21300	181,53617	-125,83012	180,88082	-125,83012
21320	181,53616	-125,83012	180,8808	-124,51939
21340	181,53615	-125,83011	180,8808	-123,86402
21360	180,88078	-124,51939	180,22544	-123,86401
21380	180,88078	-124,51938	179,57007	-123,20865
21400	180,88077	-124,51938	180,22543	-122,55329
21420	180,88077	-123,86401	180,22542	-123,20864
21440	180,88077	-124,51937	180,22542	-124,51937
21460	182,1915	-126,48546	185,46838	-125,17472
21480	186,12375	-125,83008	184,81303	-123,20862
21500	184,81301	-123,20861	183,50231	-122,55323
21520	184,15766	-123,2086	183,5023	-121,24251
21540	184,15765	-121,24251	183,50231	-119,93177
21560	182,84694	-120,58713	183,50231	-119,27641
21580	183,5023	-119,93177	182,84695	-118,62104
21600	182,84694	-119,2764	182,19159	-118,62104
21620	182,84694	-119,2764	181,53623	-117,96567
21640	182,84694	-118,62103	181,53623	-117,31031
21660	181,53621	-117,96567	181,53622	-116,65494
21680	182,19157	-117,31031	180,88087	-115,99958
21700	181,53622	-116,65493	180,88087	-115,34421
21720	181,53623	-115,99957	180,22552	-114,03348
21740	180,88088	-115,3442	180,22554	-113,37811
21760	180,8809	-114,03347	180,22555	-113,37811
21780	181,53628	-114,03346	180,22557	-112,72275
21800	178,9148	-114,03349	173,67186	-113,37815
21820	173,67183	-113,37815	173,67186	-112,06742
21840	173,67184	-112,72277	172,36113	-111,41205
21860	173,01647	-112,06741	172,36112	-110,75668
21880	172,36111	-111,41205	171,70576	-110,75668
21900	172,36111	-110,75669	171,0504	-110,10133
21920	172,36111	-111,41205	171,05041	-110,10133
21940	172,36112	-111,41206	171,70577	-110,10133
21960	171,70575	-111,41206	171,70576	-111,41206
21980	169,73963	-113,37818	159,90909	-114,03359
22000	155,97683	-115,9997	154,66612	-115,34434
22020	155,97682	-116,65506	155,32147	-115,99969
22040	155,97681	-116,65505	155,32146	-115,99969
22060	155,97681	-117,31042	155,32146	-117,31041
22080	155,9768	-118,62114	155,32145	-117,96578
22100	155,32144	-119,27651	155,32145	-119,27651
22120	155,32144	-119,27652	155,32146	-118,62115
22140	156,63217	-120,58726	170,39491	-121,89797
22160	188,08994	-123,864	191,36691	-121,89789
22180	190,71153	-121,24251	189,40081	-119,27642
22200	190,71152	-119,93177	190,05617	-118,62104
22220	190,71152	-118,62105	190,05616	-117,96568
22240	190,71151	-118,62104	190,05616	-117,31031
22260	190,71151	-118,62103	190,05616	-117,31031
22280	190,7115	-117,96567	190,05615	-116,65494
22300	190,05614	-117,3103	190,05615	-115,99957
22320	190,05614	-115,99958	189,40079	-115,34422
22340	190,05614	-116,65494	189,4008	-115,34421
22360	190,05614	-115,99958	190,05615	-115,34422
22380	190,71151	-116,65495	190,05616	-115,34422
22400	194,64373	-117,3103	197,26526	-116,65493
22420	197,92062	-117,96565	197,26526	-115,99956
22440	197,92061	-116,65492	197,26527	-114,68883
22460	197,26526	-115,34419	196,60991	-114,68882
22480	197,92062	-115,34418	196,60991	-114,03345
22500	197,26527	-114,68882	196,60992	-113,37809
22520	197,26527	-114,03346	196,60992	-112,72272
22540	197,26528	-113,37809	196,60993	-112,72272
22560	197,26529	-112,72272	196,60994	-112,06736
22580	197,26529	-112,72272	196,60994	-112,06735
22600	197,26529	-112,72272	196,60995	-111,41199
22620	197,2653	-112,06735	196,60995	-111,41199
22640	197,2653	-111,41199	196,60995	-110,75663
22660	197,2653	-111,41199	196,60995	-110,75662
22680	196,60994	-111,41199	195,95459	-110,10126
22700	197,2653	-111,41199	196,60996	-110,10127
22720	197,2653	-111,41199	196,60996	-110,10128
22740	186,77932	-111,41207	150,73394	-110,10145
22760	108,13488	-112,06761	75,36648	-109,44617
22780	66,19131	-108,13541	66,19134	-102,23708
22800	68,15742	-98,30487	66,84671	-93,06193
22820	67,50207	-89,78508	66,84673	-87,16361
22840	68,15743	-86,50824	68,15745	-83,88678
22860	68,8128	-83,88677	68,15746	-82,57603
22880	68,81281	-82,57603	68,81283	-81,2653
22900	69,46817	-81,2653	68,81283	-80,60993
22920	69,46818	-81,26529	68,81283	-79,95456
22940	69,46818	-79,95456	68,15747	-78,64383
22960	69,46818	-79,95456	68,81283	-78,64383
22980	68,81282	-79,95455	68,15747	-78,64383
23000	69,46818	-79,29919	69,46819	-78,64383
23020	70,12354	-79,95456	69,46819	-79,29765
23040	70,12354	-80,60993	70,12355	-79,29921
23060	71,43427	-80,60994	70,77892	-80,60994
23080	72,08963	-81,92068	71,43429	-81,26531
23100	72,745	-82,57604	72,74502	-81,92068
23120	73,40037	-83,23141	65,53599	-85,8529
23140	34,73632	-93,06198	7,86381	-98,96031
23160	6,55305	-98,9603	9,17454	-96,99418
23180	10,48525	-96,99418	9,8299	-95,68345
23200	11,1406	-96,99417	11,14062	-95,02808
23220	11,79596	-95,68344	11,14062	-94,37271
23240	12,45132	-95,68344	11,79597	-95,02807
23260	12,45133	-95,68343	11,79598	-94,37271
23280	12,45132	-95,68343	11,79598	-95,02807
23300	13,10668	-95,68343	12,45134	-95,02807
23320	13,76205	-96,3388	13,10669	-95,68343
23340	13,76205	-96,3388	13,10669	-95,68344
23360	14,4174	-96,99417	13,76205	-96,99416
23380	14,4174	-98,30489	13,76205	-96,99417
23400	14,4174	-98,30489	13,76205	-97,64953
23420	14,41739	-98,96026	13,76204	-98,3049
23440	14,41738	-99,61562	13,76204	-99,61562
23460	14,41738	-100,92636	13,76203	-100,271
23480	14,41738	-101,58173	13,76203	-100,92636
23500	14,41737	-102,2371	13,76203	-101,58173
23520	14,41737	-102,89246	13,76203	-101,58174
23540	15,07274	-102,89247	13,76204	-101,58174
23560	15,07275	-102,2371	13,76204	-100,92638
23580	15,07276	-101,58174	14,41741	-100,27102
23600	15,07276	-101,58174	14,41742	-101,58175
23620	22,28177	-103,54784	25,55862	-104,85858
23640	26,21397	-106,16931	26,21398	-105,51395
23660	26,21396	-106,16931	25,55862	-106,1693
23680	26,21397	-107,48003	25,55862	-106,1693
23700	25,55861	-107,48003	24,2479	-106,1693
23720	25,5586	-107,48003	24,24789	-106,1693
23740	25,5586	-107,48003	24,2479	-106,1693
23760	25,55861	-107,48003	24,90326	-106,1693
23780	25,55861	-107,48003	24,90326	-106,82467
23800	26,86933	-108,1354	25,55862	-107,48003
23820	26,86933	-108,1354	26,21398	-107,48003
23840	26,86933	-108,79077	26,21398	-107,48004
23860	27,52469	-108,79077	26,86934	-108,13541
23880	28,18005	-108,79077	28,18006	-108,1354
23900	28,83541	-109,44613	28,83542	-108,13541
23920	29,49077	-109,44614	29,49078	-108,79077
23940	30,80149	-110,1015	30,14614	-109,44614
23960	30,80149	-111,41224	26,21395	-111,41224
23980	26,86929	-112,06762	26,86931	-111,41225
24000	28,18001	-112,06761	26,8693	-111,41224
24020	27,52465	-112,72297	26,21394	-111,41225
24040	26,86929	-112,06761	24,90322	-111,41225
24060	24,90321	-112,06761	23,5925	-110,75688
24080	22,93713	-111,41225	22,28178	-110,10153
24100	22,28177	-111,41225	20,97106	-110,10153
24120	21,62641	-110,10154	20,3157	-110,10153
24140	23,5925	-111,41227	34,7337	-112,723
24160	39,97662	-114,68911	40,632	-113,37838
24180	41,28734	-114,03375	41,28736	-113,37838
24200	41,94271	-114,68911	41,28736	-114,03374
24220	42,59807	-114,03375	41,28735	-113,37838
24240	41,9427	-114,68911	41,94272	-114,03374
24260	43,25342	-114,03375	42,59807	-113,37838
24280	43,25342	-115,34447	43,25344	-114,03375
24300	43,90878	-115,34447	43,9088	-114,6891
24320	44,56415	-115,99983	43,9088	-114,6891
24340	44,56415	-115,99982	44,56417	-114,6891
24360	45,21952	-115,99982	44,56417	-114,68909
24380	45,87488	-115,34446	45,21954	-114,68909
24400	45,87488	-115,34446	45,8749	-114,03373
24420	47,18561	-115,99982	45,8749	-114,6891
24440	47,18561	-115,99982	47,18562	-115,34446
24460	47,84097	-115,99983	47,84098	-115,99983
24480	48,49633	-116,65519	47,84099	-116,6552
24500	41,28733	-117,96594	30,80151	-117,31058
24520	30,8015	-117,96594	30,80153	-115,99984
24540	32,11223	-116,6552	30,80152	-115,34447
24560	32,11223	-115,34447	31,45688	-114,6891
24580	32,11224	-114,68909	31,45689	-113,37836
24600	32,11223	-113,37836	31,45689	-112,06763
24620	32,11224	-112,723	31,45689	-111,41227
24640	32,11224	-112,06763	31,45689	-110,7569
24660	32,11224	-112,06763	32,11225	-111,41226
24680	32,11224	-112,06763	32,11225	-111,41226
24700	32,7676	-112,72299	32,11225	-112,06762
24720	32,76759	-113,37835	32,11224	-112,72299
24740	32,76759	-113,37836	31,45688	-112,723
24760	32,11222	-113,37836	31,45688	-112,72299
24780	32,11222	-113,37836	32,11223	-112,723
24800	32,76758	-113,37837	31,45687	-112,06764
24820	32,76758	-113,37837	31,45687	-112,72301
24840	32,11222	-113,37838	31,45687	-112,72301
24860	32,76757	-114,03374	38,01049	-114,68912
24880	41,94267	-116,65522	41,28732	-115,34449
24900	41,94267	-115,34448	41,28732	-114,03376
24920	41,94268	-114,68912	41,28733	-113,37839
24940	42,59804	-114,68912	41,28733	-113,37839
24960	42,59804	-114,68912	41,94269	-112,72303
24980	42,59803	-114,03376	41,28732	-113,37839
25000	41,94267	-114,68912	40,63197	-114,03375
25020	41,28731	-115,34448	39,97661	-114,68913
25040	40,63194	-117,3106	40,63195	-115,99987
25060	41,2873	-117,96597	40,63195	-117,96599
25080	41,28729	-119,93209	41,28731	-119,27673
25100	41,94266	-119,93209	41,28731	-119,27673
25120	41,94266	-120,58746	41,28731	-120,58747
25140	41,94266	-121,24284	41,28731	-120,58746
25160	41,94265	-121,89819	40,63195	-121,8982
25180	41,94266	-123,20894	40,63195	-122,55357
25200	41,28729	-122,55357	40,63194	-121,8982
25220	41,28729	-121,8982	40,63194	-121,24283
25240	41,28729	-121,89819	40,63194	-121,89819
25260	41,28729	-122,55354	41,2873	-121,24281
25280	41,94265	-121,89818	40,63195	-120,58744
25300	41,28729	-121,24281	40,63194	-119,93208
25320	41,28729	-119,93208	39,97659	-117,96599
25340	41,2873	-119,27672	40,63195	-117,96599
25360	41,28729	-119,27672	49,15168	-119,93208
25380	58,98216	-121,89818	58,9822	-121,24282
25400	59,63754	-120,58745	58,98219	-118,62135
25420	59,63754	-119,27671	58,32683	-117,96597
25440	58,98217	-118,62134	57,0161	-117,31061
25460	57,67145	-118,62134	57,0161	-117,31061
25480	57,67145	-117,96597	57,0161	-117,3106
25500	57,01609	-117,3106	56,36074	-115,3445
25520	56,36073	-116,65523	55,70537	-115,3445
25540	55,70536	-115,99987	55,05001	-114,68914
25560	55,70536	-115,99986	54,39465	-114,68914
25580	55,04999	-115,99986	53,73928	-115,34449
25600	54,39462	-115,99986	53,08391	-115,34449
25620	53,73926	-115,99986	53,0839	-115,34449
25640	53,73925	-116,65522	52,42854	-115,99986
25660	53,08389	-117,31059	49,80708	-118,62133
25680	47,84096	-121,24282	47,84097	-120,58745
25700	49,15168	-120,58744	47,84098	-119,27671
25720	47,84096	-120,58743	47,18562	-119,27669
25740	47,84097	-119,93206	46,53027	-118,62132
25760	47,18562	-119,27668	46,53027	-118,62132
25780	46,53026	-119,27668	45,87491	-118,62131
25800	46,53026	-119,93204	45,87491	-118,62132
25820	48,49634	-120,58741	63,56976	-121,89813
25840	75,36639	-124,51958	77,33254	-123,86422
25860	77,33252	-124,51958	76,67716	-122,55349
25880	76,67715	-123,20885	76,02181	-122,55348
25900	77,33251	-123,20885	75,36644	-121,24275
25920	76,67715	-122,55348	76,0218	-121,89811
25940	76,67715	-122,55348	76,0218	-121,89812
25960	77,33252	-123,86422	76,67716	-124,51959
25980	77,98788	-125,83032	77,33253	-125,83033
26000	78,64324	-127,14106	78,64325	-125,83033
26020	78,64324	-126,48568	78,64326	-125,17496
26040	79,29861	-126,48568	78,64326	-125,17495
26060	79,29861	-126,48567	78,64327	-125,17495
26080	79,29861	-126,48567	79,29862	-125,8303
26100	79,95398	-127,14104	79,29862	-126,48567
26120	79,29861	-127,7964	77,33253	-127,79641
26140	74,05566	-129,76251	72,08957	-128,45178
26160	74,05565	-129,76251	72,74494	-128,45178
26180	72,74493	-129,10714	72,08958	-127,79641
26200	72,74493	-128,45177	72,08958	-127,79641
26220	73,40028	-128,45177	72,08958	-127,14104
26240	72,74492	-128,45176	72,08957	-127,7964
26260	72,74492	-128,45177	72,08958	-127,7964
26280	73,40028	-129,76249	72,74493	-129,10713
26300	74,05564	-131,07322	73,40029	-131,07323
26320	74,05564	-132,38395	73,40029	-132,38396
26340	75,36636	-133,69468	74,71101	-133,69468
26360	76,02171	-135,0054	75,36636	-135,0054
26380	80,60926	-136,31613	86,50759	-135,00538
26400	87,16296	-135,66074	86,5076	-134,35001
26420	87,16294	-135,00537	86,5076	-133,69464
26440	87,16295	-133,69465	86,5076	-133,69464
26460	87,81831	-135,00536	87,16296	-133,69463
26480	87,81831	-135,00535	86,5076	-134,34999
26500	87,16295	-135,66072	85,85224	-134,34999
26520	86,50759	-134,34999	85,19688	-133,03927
26540	85,85223	-133,69463	85,19689	-132,3839
26560	85,85223	-133,03928	84,54153	-131,72855
26580	85,19687	-133,03928	84,54152	-132,38391
26600	85,85224	-133,69464	95,68274	-133,69463
26620	106,16866	-136,97144	107,47947	-136,31608
26640	108,13481	-136,31607	106,16873	-133,69462
26660	107,47944	-134,34998	106,16873	-132,38388
26680	106,82408	-133,03924	105,51336	-131,07315
26700	106,16872	-132,38387	104,858	-130,41778
26720	105,51334	-132,38385	104,85799	-131,72849
26740	106,1687	-132,38385	106,16871	-132,38384
26760	106,82406	-133,0392	106,82407	-131,07312
26780	107,47942	-133,03919	106,82407	-131,07309
26800	107,47942	-131,72845	107,47944	-130,41772
26820	108,13479	-130,41772	107,47944	-129,10699
26840	108,13479	-129,10699	107,47944	-127,79626
26860	107,47943	-128,45163	106,82409	-127,1409
26880	108,13479	-127,14091	106,82409	-126,48555
26900	106,82407	-127,14091	106,82408	-127,14091
26920	111,41162	-128,45165	115,99925	-129,76238
26940	117,96534	-130,41775	116,65462	-128,45166
26960	117,30997	-129,76238	116,65463	-128,45166
26980	117,30997	-129,10702	115,99926	-128,45166
27000	116,65461	-128,45166	115,99927	-127,14093
27020	115,99925	-128,45166	115,3439	-127,79629
27040	115,99925	-128,45166	114,68854	-127,14093
27060	115,34389	-127,7963	114,68853	-126,48556
27080	115,34388	-126,48557	114,03318	-124,51949
27100	114,03317	-125,83021	113,37783	-124,51949
27120	114,03318	-124,5195	114,0332	-123,86415
27140	114,68855	-124,51953	114,03322	-123,86418
27160	114,68858	-124,51955	114,6886	-123,20883
27180	115,99931	-124,51956	115,34397	-123,20883
27200	115,99932	-124,51956	115,34397	-123,20883
27220	116,65468	-125,17492	115,34397	-124,51955
27240	115,34396	-124,51956	114,68861	-123,20883
27260	115,34395	-124,51955	114,03324	-123,20882
27280	114,68858	-123,86418	113,37787	-122,55345
27300	114,03321	-123,86417	112,72251	-121,89809
27320	113,37785	-123,20881	113,37787	-121,89809
27340	114,03322	-122,55345	113,37787	-121,89808
27360	114,68858	-122,55345	114,03323	-121,24272
27380	114,68858	-121,89809	114,03323	-120,58736
27400	115,34394	-122,55345	114,03323	-121,89808
27420	114,68857	-122,55345	114,03323	-121,89808
27440	115,34393	-123,20881	114,03322	-122,55344
27460	114,03321	-123,2088	114,03321	-121,89808
27480	114,68856	-123,86417	114,03321	-123,2088
27500	114,0332	-123,86417	114,03321	-123,2088
27520	114,68856	-124,51952	114,03321	-123,86416
27540	115,34392	-124,51952	114,68857	-124,51952
27560	114,68856	-124,51952	114,68857	-123,86415
27580	115,34392	-124,51952	114,03321	-123,86415
27600	114,68856	-124,51951	114,03321	-123,86414
27620	114,68856	-124,51951	113,37785	-123,86413
27640	113,37782	-125,17487	112,06711	-124,51951
27660	112,72246	-125,83025	114,03321	-126,48562
27680	114,03321	-127,14098	112,72249	-125,83026
27700	113,37783	-126,48563	112,06713	-125,83026
27720	112,72247	41,28653	111,41176	-124,51954
27740	112,06711	-125,1749	111,41176	-123,20881
27760	112,06711	-124,51954	110,75641	-123,20881
27780	111,41176	-123,20881	110,75641	-122,55345
27800	110,7564	-123,86418	110,10105	-123,20883
27820	110,75639	-124,51957	116,6547	-125,17493
27840	129,10672	-129,10711	133,03901	-129,10712
27860	131,72827	-129,76249	130,41754	-128,45176
27880	130,41752	-129,10713	129,10681	-128,45178
27900	129,10679	-129,76252	127,79607	-129,10715
27920	128,45141	-130,41789	127,79606	-129,10716
27940	127,14068	-129,76252	126,48533	-129,10716
27960	127,79603	-129,76253	127,14068	-129,10717
27980	127,79603	-129,76253	127,14068	-129,10716
28000	127,14067	-129,76253	121,24237	-129,76254
28020	110,10107	-132,38182	104,20276	-132,38403
28040	104,20275	-132,38404	104,20277	-131,07331
28060	104,85812	-131,07331	104,20277	-130,41793
28080	104,85811	-131,07329	104,20277	-129,76256
28100	104,85811	-130,41792	104,20276	-129,76037
28120	104,85811	-130,4179	104,20276	-129,10717
28140	104,85811	-129,76253	104,20276	-129,10716
28160	105,51347	-129,76252	104,85812	-129,10716
28180	105,51346	-130,41788	104,85811	-129,76253
28200	112,72249	-133,03934	125,82991	-135,00541
28220	133,03901	-136,97151	132,38367	-135,00541
28240	133,039	-135,66076	133,03901	-134,35003
28260	133,69436	-135,66076	133,03901	-133,69467
28280	134,34972	-135,00539	133,04156	-133,69465
28300	134,34972	-134,35002	133,69437	-133,69465
28320	134,34971	-134,35001	133,69437	-133,03928
28340	134,34971	-134,35001	133,69437	-133,03927
28360	135,00507	-133,69464	133,69436	-132,38391
28380	135,00508	-133,69464	133,69436	-132,38391
28400	135,00507	-133,03927	134,34972	-131,72854
28420	134,34971	-132,3839	133,69437	-131,07317
28440	135,00507	-131,72853	134,34972	-130,41781
28460	134,34971	-131,72853	133,69436	-131,07316
28480	134,3497	-131,72852	133,69435	-131,07316
28500	134,3497	-132,38388	133,69435	-130,41779
28520	133,69433	-132,38389	130,4175	-131,72854
28540	129,76211	-133,03927	129,10677	-131,72854
28560	129,76212	-132,3839	128,4514	-131,07317
28580	129,76211	-131,07317	128,4514	-130,41779
28600	129,76211	-131,72852	129,10676	-130,4178
28620	129,10675	-131,07316	128,4514	-131,07315
28640	129,76211	-131,72852	129,10676	-129,76243
28660	129,76211	-131,07314	128,4514	-130,41778
28680	129,76211	-131,07315	128,45139	-129,76242
28700	129,10675	-131,07315	128,4514	-130,41779
28720	138,28187	-132,38388	152,0447	-133,69458
28740	159,25383	-136,31603	159,25386	-134,34994
28760	159,25384	-134,34993	159,25385	-133,0392
28780	159,90919	-133,69456	159,25385	-131,72846
28800	159,90919	-132,38382	159,25384	-131,07309
28820	159,25383	-131,07308	158,59848	-129,76235
28840	159,25383	-129,76235	158,59847	-128,45163
28860	159,25382	-129,10699	158,59847	-128,45162
28880	159,25382	-128,45162	158,59847	-127,79626
28900	159,25382	-128,45162	158,59847	-127,14089
28920	159,25382	-127,1409	158,59847	-127,14089
28940	159,25382	-127,79625	158,59847	-125,83016
28960	158,59846	-127,14089	158,59847	-125,83016
28980	159,25382	-127,14089	157,94311	-125,83016
29000	159,25382	-127,14088	157,94311	-125,83016
29020	158,59846	-127,14089	157,28775	-126,48552
29040	159,25637	-127,14088	158,59847	-126,48552
29060	159,25382	-127,79626	155,977	-127,1409
29080	154,66623	-127,79627	154,01089	-126,48555
29100	154,66624	-127,79627	153,35552	-126,48554
29120	154,01088	-127,79627	154,01089	-126,48554
29140	154,66623	-127,79626	154,01089	-126,48554
29160	154,01088	-128,45163	154,01089	-127,14091
29180	154,01088	-128,45164	154,66625	-127,79627
29200	155,3216	-128,45163	154,66625	-128,45164
29220	155,97696	-129,76238	154,01088	-129,76239
29240	142,21419	-132,38389	131,07292	-133,03929
29260	130,41752	-134,35002	130,41755	-133,03928
29280	131,72826	-133,69464	131,07291	-133,03927
29300	131,72826	-133,69462	130,41756	-132,38389
29320	131,72826	-133,03926	131,07292	-132,38388
29340	132,38363	-132,3839	131,72828	-131,72853
29360	131,72827	-133,03926	131,72828	-131,72853
29380	132,38363	-132,38389	131,72828	-131,72853
29400	132,38363	-132,3839	132,38365	-131,72853
29420	133,69435	-133,03926	132,38364	-131,07317
29440	133,69435	-133,03925	133,039	-132,38389
29460	133,69434	-132,38389	133,039	-132,38389
29480	133,69434	-133,03925	133,03899	-132,38388
29500	133,69434	-133,03925	133,03899	-132,38389
29520	133,69434	-133,03926	133,03899	-132,3839
29540	133,69433	-134,35	133,03898	-133,69464
29560	136,31578	-136,3161	147,45708	-138,28219
29580	158,5984	-140,24828	159,9092	-138,93755
29600	159,90918	-138,28217	158,59847	-136,31608
29620	159,90917	-136,97144	158,59846	-134,34998
29640	159,90917	-134,34998	158,59846	-133,03925
29660	159,25381	-133,03924	158,59846	-131,72852
29680	159,25381	-132,38388	158,59846	-131,72851
29700	159,2538	-131,07315	158,59845	-131,07315
29720	158,59843	-131,07315	158,59845	-130,41778
29740	159,25379	-131,07314	158,59844	-130,41777
29760	159,25379	-131,07313	158,59844	-129,7624
29780	159,25379	-130,41777	158,59844	-129,76241
29800	159,25379	-130,41778	159,2538	-129,10705
29820	159,90915	-129,76242	158,59844	-128,45169
29840	160,56451	-131,07315	167,77357	-131,07313
29860	172,36117	-131,07311	170,39511	-129,76236
29880	171,05044	-129,76236	170,39509	-128,45163
29900	171,05043	-129,107	169,73972	-128,45162
29920	170,39507	-129,10698	169,73971	-127,79626
29940	171,05042	-129,10698	169,73971	-127,79625
29960	170,39506	-128,45162	169,73971	-128,45161
29980	170,39505	-128,45161	169,73971	-127,79625
30000	170,39506	-129,10697	169,73972	-127,79624
30020	169,7397	-129,10698	161,21993	-127,79629
30040	157,94307	-129,76239	157,9431	-127,7963
30060	159,90917	-129,10702	158,59846	-127,79628
30080	159,25381	-128,45165	158,59847	-127,14091
30100	159,25381	-127,79628	158,59846	-127,1409
30120	159,90917	-127,79627	158,59846	-125,83018
30140	159,25381	-127,1409	158,59846	-125,83016
30160	159,25381	-126,48553	157,9431	-125,83017
30180	159,25382	-125,83016	157,94311	-125,1748
30200	158,59846	-125,1748	157,94311	-124,51943
30220	158,59846	-125,1748	158,59847	-124,51944
30240	158,59846	-124,51944	158,59847	-124,51943
30260	159,25381	-124,51944	158,59847	-124,51944
30280	159,25382	-125,1748	157,9431	-123,86408
30300	157,94309	-124,51944	157,9431	-123,20871
30320	158,59845	-123,86409	158,59847	-124,51945
30340	165,80752	-128,45164	167,11832	-127,79628
30360	165,8076	-127,79628	163,18619	-123,8641
30380	160,56477	-123,20872	155,9773	-119,27653
30400	152,04517	-116,65507	146,80234	-112,06752
30420	144,83628	-109,44606	142,21488	-104,85853
30440	140,90417	-104,20316	139,59347	-100,92635
30460	139,59346	-100,92634	138,28276	-99,61562
30480	139,59346	-98,96026	138,93811	-96,99416
30500	140,90417	-97,64952	135,00583	-95,68347
30520	106,82482	-95,68356	69,46877	-93,71751
30540	50,46304	-90,44067	47,18619	-83,2316
30560	50,463	-78,64399	51,77375	-73,40102
30580	54,39518	-69,46882	55,05058	-64,88123
30600	57,672	-64,22581	57,67201	-60,94896
30620	57,67201	-62,25964	56,36131	-62,91497
30640	55,05059	-64,22567	53,08452	-63,57029
30660	53,73987	-63,57029	52,42916	-61,60419
30680	53,73985	-61,6042	53,73987	-60,29346
30700	55,05057	-59,63811	54,39522	-58,32738
30720	56,36129	-58,98275	55,70594	-57,67203
30740	57,01665	-58,98276	56,3613	-58,3274
30760	58,32737	-58,98277	57,67202	-58,98277
30780	58,98273	-59,63814	58,32738	-60,29351
30800	66,1917	-62,25961	96,99394	-62,91494
30820	129,10711	-63,57025	146,80229	-60,9487
30840	150,07921	-59,63794	148,11313	-57,01647
30860	149,42384	-57,67183	149,42385	-57,01646
30880	150,07919	-57,67183	150,07922	-57,01647
30900	151,38993	-57,67184	151,38993	-57,67184
30920	152,70064	-58,98257	152,04529	-58,98256
30940	153,356	-59,63794	152,70065	-59,63794
30960	154,01136	-60,94867	153,35601	-60,94867
30980	154,66672	-62,25941	154,01136	-62,91477
31000	155,32207	-64,88087	155,32208	-64,88087
31020	155,97742	-66,84697	155,97743	-66,84697
31040	156,63278	-68,81307	155,97743	-68,81307
31060	155,9774	-71,43454	145,49152	-72,74532
31080	139,59314	-74,05608	139,59314	-74,05607
31100	141,55922	-74,71145	140,2485	-74,05607
31120	141,55921	-75,3668	140,90387	-74,05607
31140	141,55921	-75,3668	141,55922	-74,71143
31160	142,21457	-76,02216	141,55922	-75,36679
31180	142,21457	-76,67753	141,55922	-76,02216
31200	142,86993	-77,3329	142,21458	-77,3329
31220	142,86992	-78,64363	142,86994	-77,33291
31240	143,52528	-78,64364	142,86993	-78,64364
31260	143,52528	-79,95437	143,52529	-79,29901
31280	144,18063	-81,2651	143,52529	-81,26511
31300	144,836	-82,57584	144,18064	-81,92048
31320	145,49135	-83,88657	144,836	-83,23121
31340	146,14671	-84,54195	145,49135	-83,88658
31360	145,49134	-85,85267	145,49135	-85,19732
31380	146,1467	-86,50805	145,49134	-85,85269
31400	144,83597	-87,16342	144,83598	-87,16342
31420	145,49132	-88,47415	144,18061	-87,8188
31440	145,49132	-89,78489	144,18061	-89,78489
31460	144,83596	-91,09562	144,83597	-91,75099
31480	150,73427	-95,0278	151,38969	-95,68317
31500	152,04502	-96,9939	150,73431	-96,33854
31520	152,04502	-96,99391	151,38968	-96,33854
31540	152,04503	-98,30464	150,73431	-96,99391
31560	152,04503	-97,64927	150,07896	-96,99391
31580	152,04503	-98,30463	152,04504	-96,99391
31600	152,70038	-98,30464	152,04503	-96,99391
31620	152,70038	-98,30464	152,70039	-97,64928
31640	153,35573	-98,30465	153,35575	-97,64928
31660	154,01109	-98,30465	152,70038	-97,64929
31680	154,01109	-98,96001	152,70037	-97,64929
31700	153,35572	-98,96001	153,35573	-98,30465
31720	154,01107	-98,96002	153,35572	-99,61539
31740	154,66643	-100,92612	154,01108	-100,27076
31760	154,66643	-101,58149	154,01107	-100,92612
31780	154,66643	-102,23686	157,28791	-102,23685
31800	160,56476	-102,89221	159,25406	-101,58148
31820	159,9094	-102,23684	159,25405	-100,27075
31840	159,90941	-100,92611	159,25406	-100,27075
31860	160,56476	-100,92612	159,25406	-100,92612
31880	160,56476	-101,58148	159,90941	-100,92612
31900	160,56475	-101,58149	159,25405	-100,92612
31920	145,49122	-102,89228	109,44585	-101,58165
31940	77,33274	-98,96018	60,29321	-90,4404
31960	57,67175	-83,8867	57,67181	-74,05618
31980	58,32718	-68,15788	57,01649	-60,94885
32000	58,32721	-57,01665	58,32723	-50,463
32020	59,63795	-47,84154	60,29332	-43,254
32040	61,60403	-41,28792	61,60405	-38,66645
32060	62,2594	-37,35573	62,25942	-35,38964
32080	62,91476	-36,04501	62,91477	-35,38965
32100	63,57012	-36,04501	62,25942	-35,38966
32120	62,91476	-36,70039	62,25942	-35,38966
32140	63,57013	-37,35576	58,32723	-40,6326
32160	43,90914	-49,80776	36,04474	-52,42924
32180	37,35546	-53,08461	36,70012	-51,1185
32200	37,35547	-51,11851	36,04477	-49,80777
32220	36,04477	-51,11849	34,0787	-50,46313
32240	32,76797	-51,77386	29,49118	-52,42921
32260	24,90365	-53,08458	20,31614	-51,11849
32280	19,00541	-49,80779	19,00541	-46,531
32300	20,97148	-46,53101	21,62685	-44,56493
32320	22,93755	-44,56495	14,41782	-43,25422
32340	5,24269	-44,56494	3,27661	-43,90959
32360	4,58731	-45,22032	4,58731	-44,56496
32380	5,24266	-46,53105	4,58731	-45,87569
32400	5,24266	-47,18642	3,93195	-47,18643
32420	4,5873	-48,49716	3,93194	-47,8418
32440	5,24265	-49,80789	4,5873	-49,8079
32460	5,24264	-51,11863	4,58729	-51,11863
32480	5,24264	-52,42936	5,24265	-51,77401
32500	5,89799	-53,7401	5,24264	-53,7401
32520	5,89799	-56,36156	5,24263	-55,70621
32540	7,86406	-57,01695	9,17479	-56,36161
32560	11,79621	-57,67235	13,10694	-57,017
32580	15,073	-57,67239	18,34982	-57,67239
32600	20,97126	-58,98312	20,97127	-58,32776
32620	22,28197	-58,98313	21,62662	-58,98312
32640	22,93733	-60,29385	22,28198	-60,29385
32660	22,93732	-62,25994	22,28197	-62,25993
32680	23,59268	-64,22601	22,93733	-64,88137
32700	22,93731	-66,84746	21,6266	-67,50282
32720	22,28195	-68,81355	20,97123	-68,81354
32740	21,62657	-70,77964	20,97122	-70,12428
32760	20,97121	-72,09036	19,6605	-71,435
32780	20,31585	-72,74574	19,6605	-72,09037
32800	20,31584	-72,74574	19,6605	-72,09038
32820	20,31584	-74,05646	19,66049	-73,4011
32840	20,9712	-74,71183	20,97121	-75,36719
32860	22,28192	-76,67792	21,62657	-77,33327
32880	22,28192	-79,29937	22,28193	-79,29937
32900	23,59264	-81,26546	24,90337	-81,92083
32920	26,86945	-83,88692	26,2141	-83,23155
32940	26,86945	-85,19764	25,55875	-84,54227
32960	26,86946	-85,853	25,55875	-85,85299
32980	26,21409	-86,50836	25,55874	-85,85299
33000	26,2141	-87,16372	25,55875	-87,16372
33020	26,86946	-87,81909	25,55875	-87,16372
33040	26,21409	-88,47445	25,55874	-88,47445
33060	26,86945	-89,78518	26,2141	-89,12981
33080	26,86944	-91,0959	26,2141	-90,44053
33100	26,86945	-91,75126	26,2141	-91,75126
33120	26,86944	-93,06199	25,55873	-93,062
33140	41,28742	-95,02809	58,98234	-96,33881
33160	68,15752	-98,96028	68,15755	-98,30491
33180	68,15753	-98,96027	67,50218	-98,3049
33200	68,15753	-98,96027	68,15754	-97,64954
33220	69,46825	-98,3049	68,8129	-98,3049
33240	69,46825	-98,96027	68,81289	-98,3049
33260	70,1236	-98,96027	68,81289	-98,3049
33280	70,1236	-99,61563	69,46825	-98,96027
33300	70,12359	-100,27099	69,46825	-99,61563
33320	70,77895	-100,271	70,1236	-99,61564
33340	70,77895	-101,58172	70,1236	-100,271
33360	71,43431	-102,23709	70,12291	-100,92637
33380	70,77894	-102,2371	70,1236	-101,58174
33400	70,12358	-103,54785	63,56994	-104,85862
33420	62,91454	-107,4801	62,91456	-106,82474
33440	64,88064	-108,13548	64,22529	-107,48013
33460	64,22528	-108,79087	64,22529	-108,13551
33480	64,22528	-109,44624	63,56993	-108,79088
33500	64,22528	-109,44624	63,56993	-108,79088
33520	63,56991	-109,44624	62,91456	-108,79088
33540	63,56991	-109,44624	62,91455	-108,79087
33560	63,56989	-110,1016	63,5699	-108,79087
33580	63,56989	-109,44623	62,91454	-108,79087
33600	63,56988	-109,44623	63,56989	-109,44623
33620	64,22523	-110,1016	63,56989	-110,75696
33640	55,0501	-113,37843	32,76768	-114,03381
33660	23,59255	-114,68918	24,90331	-112,72308
33680	26,8694	-113,37843	26,21405	-112,72305
33700	27,52475	-112,72306	26,86941	-112,06769
33720	28,18011	-113,37841	28,18013	-112,72304
33740	28,83548	-113,3784	28,18012	-112,72303
33760	29,49083	-113,3784	28,18012	-112,72303
33780	29,49082	-113,37839	28,83547	-112,72303
33800	29,49082	-114,03374	28,83548	-112,72302
33820	28,83546	-114,03374	28,18011	-113,37837
33840	28,83546	-114,03374	28,18011	-112,72301
33860	28,83546	-114,03374	28,18011	-112,72301
33880	28,83546	-114,03374	28,18011	-113,37838
33900	28,83546	-114,6891	27,52475	-114,03373
33920	28,83546	-114,6891	28,18011	-114,03373
33940	28,1801	-114,68909	27,52475	-114,03373
33960	28,1801	-114,6891	26,86939	-114,68909
33980	27,52474	-114,68909	26,86939	-114,03372
34000	26,86938	-114,68908	26,21403	-114,03372
34020	26,86938	-114,68908	26,21403	-114,03371
34040	27,52474	-115,34444	26,21404	-114,03371
34060	26,86938	-114,03371	26,21403	-114,0337
34080	26,86938	-114,68907	26,21403	-114,0337
34100	26,86938	-114,68907	25,55867	-114,03371
34120	26,86938	-114,68907	25,55867	-114,03371
34140	25,55866	-115,9998	24,9033	-115,34444
34160	29,49082	-116,65518	43,25348	-117,96592
34180	48,49642	-120,58738	47,1857	-117,96592
34200	47,84104	-118,62128	47,1857	-116,65519
34220	48,49641	-117,31055	47,1857	-116,65518
34240	47,84105	-117,31055	47,84105	-115,34446
34260	47,84104	-115,99982	47,1857	-115,34445
34280	48,4964	-115,99982	47,84105	-115,34446
34300	48,4964	-115,99982	47,18569	-114,68909
34320	47,84104	-115,99982	46,53033	-115,34446
34340	58,98224	-117,96592	70,12355	-117,96591
34360	74,05578	-119,27664	72,74506	-117,31054
34380	72,74504	-117,96591	72,74505	-117,96592
34400	74,05575	-122,55349	72,74504	-129,10718
34420	74,7111	-138,28234	73,40039	-149,42353
34440	72,08966	-150,07888	70,1236	-145,49133
34460	70,77895	-144,18061	70,1236	-140,90378
34480	70,77896	-140,24842	70,12361	-136,9716
34500	70,1236	-136,31623	69,46825	-133,69476
34520	70,1236	-133,69476	69,46825	-131,72866
34540	70,77896	-133,03939	70,12361	-131,72866
34560	68,81286	-133,03939	63,56993	-133,0394
34580	63,5699	-133,69477	63,56992	-131,07331
34600	64,22526	-131,72866	63,56991	-130,41793
34620	64,22526	-130,41792	63,56991	-129,76254
34640	64,88062	-129,76254	64,22527	-128,4518
34660	64,88061	-128,45181	64,22526	-128,45179
34680	64,88061	-129,10716	64,88062	-127,79643
34700	65,53596	-129,10715	64,88061	-127,14106
34720	66,19132	-128,45178	65,53597	-127,14104
34740	66,84668	-128,45178	66,19133	-126,48568
34760	66,84668	-127,79641	66,19133	-127,14104
34780	67,50204	-127,79641	66,84669	-127,14104
34800	67,50204	-127,7964	67,50205	-127,14103
34820	68,1574	-128,45176	67,50205	-127,14103
34840	68,81276	-128,45176	68,15741	-127,79639
34860	68,81276	-129,10712	68,15741	-127,7964
34880	68,81275	-129,76248	69,46813	-129,76249
34900	74,71104	-131,07321	74,71108	-130,41785
34920	75,36642	-131,0732	74,71107	-129,76248
34940	75,36642	-130,41784	74,71107	-129,10711
34960	75,36643	-129,76248	74,71107	-129,10711
34980	75,36642	-129,76248	74,71107	-128,45175
35000	76,02178	-129,76248	74,71107	-129,10711
35020	76,02177	-129,76247	74,71107	-128,45174
35040	75,36642	-129,10711	74,05571	-127,14102
35060	75,36641	-128,45174	74,71107	-127,14102
35080	75,36641	-127,79638	74,71107	-126,48565
35100	75,36642	-127,79638	75,36643	-127,14101
35120	76,02178	-127,79638	75,36644	-126,48565
35140	76,02178	-127,79638	75,36643	-125,83029
35160	76,67714	-127,79638	76,02179	-126,48565
35180	76,67714	-127,14101	76,02179	-126,48564
35200	76,67714	-127,14101	76,02179	-127,141
35220	76,67714	-127,79636	76,02179	-127,141
35240	76,67714	-128,45173	76,67715	-128,45173
35260	76,67714	-131,07319	76,02178	-131,07319
35280	77,33248	-132,38391	76,02178	-132,3839
35300	77,33249	-133,69463	76,02177	-133,03926
35320	76,67712	-134,34999	75,36641	-133,03927
35340	75,36639	-134,34998	74,05568	-133,69462
35360	74,05566	-133,69462	73,40032	-133,03926
35380	74,05566	-132,3839	72,74495	-132,3839
35400	73,4003	-133,69463	72,74495	-132,3839
35420	79,95395	-135,00537	85,85231	-135,66074
35440	85,85232	-136,31611	84,54159	-133,69465
35460	84,54157	-133,69464	83,88623	-131,72855
35480	84,54158	-131,07318	83,23087	-129,10708
35500	83,88621	-128,45171	83,23087	-127,14098
35520	83,88622	-127,79634	83,23087	-125,17489
35540	83,88622	-125,83025	83,23087	-125,17488
35560	83,88622	-125,83024	83,88623	-123,86415
35580	84,54158	-123,86415	83,88623	-122,55342
35600	84,54158	-122,55342	83,88624	-120,58733
35620	83,88624	-120,58733	79,95411	-119,2766
35640	79,29876	-119,27661	77,33272	-117,96588
35660	76,02199	-118,62126	71,43445	-119,27664
35680	72,0898	-119,93201	71,43447	-118,62128
35700	72,08981	-118,62128	72,08983	-117,96591
35720	72,74518	-118,62127	72,08983	-117,31054
35740	73,40054	-117,96591	72,74519	-117,96591
35760	74,71126	-118,62128	74,0559	-117,96591
35780	75,36662	-119,27663	75,36663	-118,62127
35800	76,67734	-119,932	76,02199	-117,9659
35820	77,33269	-119,932	76,67734	-119,27663
35840	-47,84108	-120,58736	77,3327	-119,93199
35860	78,6434	-120,58736	77,98805	-120,58736
35880	84,54168	-122,55345	93,0615	-122,55344
35900	95,02762	-123,86416	93,71689	-122,55343
35920	94,37223	-123,86416	95,02761	-123,20879
35940	95,0276	-125,17489	95,0276	-125,83025
35960	96,33831	-127,79635	95,68296	-128,45172
35980	96,3383	-129,76245	95,68295	-129,10709
36000	96,33831	-130,41782	95,68295	-131,07318
36020	96,3383	-132,38391	95,02759	-132,38391
36040	95,68294	-134,35001	95,02759	-134,35
36060	95,02757	-135,66073	95,02759	-135,66074
36080	104,85809	-139,59292	111,41184	-140,90365
36100	113,37795	-142,21438	112,06723	-141,55901
36120	113,37793	-142,21438	112,06722	-141,55901
36140	112,72256	-142,21436	112,06721	-140,24827
36160	112,72256	-142,21436	112,06721	-140,90363
36180	112,72255	-141,559	111,41184	-141,55899
36200	112,0672	-142,21435	111,41185	-140,90362
36220	112,06719	-142,21434	110,75648	-141,55897
36240	111,41183	-141,55897	110,75648	-140,9036
36260	111,41182	-141,55897	110,10111	-140,24824
36280	110,75646	-141,55896	110,1011	-140,90359
36300	110,10109	-142,21432	110,1011	-141,55894
36320	110,10108	-142,21432	109,44573	-140,90359
36340	110,10108	-140,9036	108,79037	-139,59286
36360	109,44572	-140,24822	108,79037	-138,9375
36380	110,10108	-140,24823	109,44573	-138,93751
36400	110,75644	-140,24824	110,10109	-139,59287
36420	110,75644	-140,9036	110,75645	-140,24823
36440	111,4118	-141,55897	110,10109	-140,9036
36460	110,10107	-142,21433	105,51351	-142,21434
36480	103,54739	-142,86972	103,5474	-141,55899
36500	104,20274	-142,21435	103,54739	-140,90362
36520	104,20274	-141,55898	103,54739	-140,90361
36540	104,20274	-141,55898	102,89203	-140,90361
36560	103,54738	-141,55897	103,54739	-140,90361
36580	104,20273	-142,21434	103,54739	-140,90361
36600	104,20274	-141,55898	103,54739	-140,90361
36620	104,20273	-141,55896	103,54739	-140,24825
36640	104,20274	-141,55897	103,54738	-140,90361
36660	104,20273	-142,21434	103,54738	-141,55898
36680	104,20273	-143,52508	106,8242	-144,18044
36700	114,03324	-147,45726	115,34403	-146,14653
36720	116,65473	-146,8019	116,65473	-145,49116
36740	117,31009	-146,80188	116,65473	-146,14651
36760	117,31009	-146,14652	117,31009	-145,49115
36780	117,31008	-146,14651	116,65473	-145,49115
36800	117,31007	-146,14651	116,65473	-144,83578
36820	117,31007	-145,49115	116,65472	-144,83577
36840	117,31006	-145,49114	116,65471	-144,18041
36860	116,65469	-144,83578	115,99934	-143,52505
36880	117,31005	-145,49113	116,65469	-144,18041
36900	117,9654	-145,49113	116,65469	-144,1804
36920	117,9654	-144,83578	116,65724	-144,83576
36940	118,62077	-145,49113	117,96542	-144,83577
36960	118,62076	-145,49113	117,31006	-144,83576
36980	118,62077	-145,49113	117,31006	-144,18039
37000	117,96541	-144,83576	117,31006	-144,18039
37020	117,96541	-144,83576	116,6547	-144,18039
37040	117,31005	-145,49112	117,96542	-144,1804
37060	117,96541	-144,83576	117,96542	-144,18039
37080	117,96541	-144,83576	117,31006	-143,52504
37100	117,96541	-145,49113	117,96542	-144,1804
37120	117,96542	-144,83576	116,65471	-143,52503
37140	117,31005	-144,18039	116,6547	-142,2143
37160	117,31005	-142,86966	116,6547	-141,55893
37180	117,31004	-142,2143	116,6547	-141,55893
37200	117,31005	-141,55894	116,65469	-140,24821
37220	117,31004	-141,55893	116,6547	-139,59284
37240	117,31005	-140,24821	116,6547	-138,93748
37260	117,31005	-139,59284	116,65469	-138,28212
37280	117,9654	-138,93749	117,96541	-138,28213
37300	118,62075	-140,24823	118,62076	-139,59287
37320	119,93147	-140,90359	119,27611	-139,59287
37340	119,93146	-139,59287	119,27611	-138,28215
37360	120,58682	-138,93751	119,93147	-137,62678
37380	120,58682	-138,28215	120,58682	-136,31606
37400	121,24217	-136,97142	119,93146	-135,6607
37420	121,24216	-136,97142	120,58681	-135,6607
37440	121,24216	-136,31608	121,24218	-136,31609
37460	129,10656	-139,59291	131,07272	-138,93755
37480	130,41733	-138,93756	129,76197	-137,62682
37500	130,41733	-138,28219	129,76198	-136,97146
37520	130,41733	-136,97146	129,76198	-135,66073
37540	130,41733	-136,31609	129,10662	-133,69463
37560	129,76196	-133,69463	129,10661	-133,03925
37580	129,76196	-133,69461	128,45125	-131,72852
37600	129,76195	-131,72853	129,10661	-130,41778
37620	129,76195	-130,41778	128,45124	-129,10706
37640	129,76194	-129,10706	128,45124	-129,10705
37660	129,76195	-129,10705	129,1066	-127,79632
37680	129,76195	-128,45168	129,1066	-127,14096
37700	129,76195	-127,79632	129,10661	-126,48559
37720	129,76196	-127,14096	129,10661	-125,83023
37740	-37,35485	-126,4856	129,10661	-125,17487
37760	129,76196	-125,83023	129,10661	-125,17487
37780	129,76196	-126,4856	129,10662	-125,83023
37800	129,76197	-126,48559	129,10663	-125,17487
37820	129,76197	-125,83023	128,45127	-124,5195
37840	129,76198	-125,83023	128,45127	-124,5195
37860	129,10662	-125,83022	128,45127	-125,17487
37880	129,76198	-127,14096	130,41735	-127,14096
37900	136,97101	-130,41777	137,62641	-129,76241
37920	137,62639	-130,41778	136,97103	-129,10704
37940	137,62638	-129,7624	136,31567	-128,45168
37960	136,97102	-129,10704	135,66031	-127,14095
37980	136,97102	-127,14095	135,6603	-126,48557
38000	136,31565	-127,14095	135,00495	-125,17485
38020	136,31566	-127,14094	135,6603	-126,48557
38040	136,31566	-126,48558	135,00495	-125,17485
38060	135,6603	-126,48557	135,00495	-124,51949
38080	135,6603	-125,83022	135,00496	-124,51949
38100	135,6603	-125,17485	135,00495	-123,20876
38120	135,66031	-125,17484	135,00495	-123,86412
38140	135,66031	-125,17485	135,00496	-123,86412
38160	135,66031	-125,8302	134,3496	-124,51949
38180	135,66031	-125,83021	134,3496	-125,17485
38200	136,97104	-127,14094	146,80159	-129,10701
38220	154,01069	-131,72846	154,01074	-131,07309
38240	154,01072	-131,72845	152,70001	-131,07308
38260	152,70001	-132,3838	152,04466	-131,07307
38280	152,70001	-131,72843	151,3893	-131,07306
38300	152,04465	-131,72843	150,73394	-131,07306
38320	151,38929	-131,72843	150,73395	-131,07306
38340	151,38929	-132,38379	150,07858	-131,07306
38360	150,07857	-132,38378	149,42322	-131,72842
38380	150,73393	-133,03915	150,07858	-132,38379
38400	150,07857	-134,34988	149,42322	-133,69451
38420	148,76785	-135,00524	148,1125	-134,34988
38440	148,76785	-135,6606	147,45714	-135,00524
38460	148,11249	-136,97134	146,80178	-136,97134
38480	146,80177	-138,28208	145,49107	-137,62671
38500	144,83569	-138,93744	144,18035	-138,28208
38520	144,18034	-140,24818	142,86962	-139,59282
38540	142,86961	-140,24819	142,21426	-139,59282
38560	142,21425	-140,90356	140,90354	-138,93747
38580	140,90353	-140,24819	140,24818	-139,59283
38600	140,90352	-140,90356	139,59281	-140,24819
38620	140,24815	-142,21428	139,5928	-141,55891
38640	140,90351	-142,86965	140,24816	-143,52501
38660	141,55885	-144,18039	141,55887	-144,18039
38680	142,21422	-144,83575	140,9035	-143,52502
38700	142,21421	-144,18038	141,55886	-142,86965
38720	142,21421	-144,18038	141,55886	-142,86965
38740	142,21421	-144,18038	141,55886	-142,86965
38760	142,21421	-143,52502	141,55886	-142,86965
38780	142,21421	-143,52502	141,55886	-142,21429
38800	142,21421	-142,86966	141,55885	-142,2143
38820	142,2142	-142,86967	141,55885	-142,21429
38840	142,2142	-143,52502	141,55885	-142,21429
38860	142,2142	-142,86966	141,55885	-141,55892
38880	141,55885	-142,21429	140,9035	-141,55892
38900	140,90349	-141,55892	140,90349	-140,2482
38920	141,55885	-140,90356	141,55886	-140,24819
38940	142,21421	-140,90356	141,55886	-140,24819
38960	142,86957	-141,55892	142,21422	-140,90355
38980	143,52493	-141,55892	142,86958	-141,55892
39000	144,18029	-142,86965	144,18031	-142,21428
39020	152,70006	-144,83572	161,87529	-144,18034
39040	165,80752	-145,49105	164,49681	-144,18032
39060	165,80751	-144,83569	165,15216	-143,52495
39080	166,46287	-144,18032	165,80753	-144,18031
39100	167,11824	-145,49104	167,11825	-144,83568
39120	167,11824	-146,1464	167,11826	-145,49104
39140	167,7736	-145,49104	167,77617	-145,49103
39160	167,7736	-146,1464	167,77362	-145,49104
39180	168,42896	-146,80176	168,42897	-145,49103
39200	169,08432	-146,80176	168,42898	-146,14639
39220	169,73968	-147,45712	169,08434	-146,80176
39240	170,39505	-147,45713	174,32727	-148,76785
39260	178,91484	-152,04467	178,91486	-150,73395
39280	179,57019	-151,38932	178,25948	-149,42323
39300	178,91484	-151,38931	178,25949	-150,73394
39320	179,57019	-152,04467	178,91484	-151,38931
39340	179,57019	-152,04466	178,25948	-151,3893
39360	178,91483	-152,70003	178,25948	-151,3893
39380	178,91482	-152,04467	178,25948	-151,3893
39400	178,91482	-152,70003	178,25947	-151,3893
39420	178,91482	-152,04467	176,94875	-150,73394
39440	178,91482	-152,04467	178,25946	-151,3893
39460	178,91481	-152,04467	178,25946	-151,3893
39480	178,91482	-152,70003	178,25947	-151,3893
39500	178,91481	-152,04467	178,91482	-151,3893
39520	179,57017	-152,04467	178,91482	-150,07858
39540	179,57016	-150,73395	178,91481	-149,42323
39560	179,57016	-150,0786	178,25945	-149,42323
39580	178,91479	-150,0786	178,25944	-148,76786
39600	178,91479	-150,07859	178,25945	-148,76786
39620	178,91479	-150,07859	178,25945	-149,42323
39640	178,9148	-150,07859	178,25946	-149,42323
39660	179,57017	-149,42323	178,25947	-148,76787
39680	179,57017	-150,07859	178,91482	-148,76787
39700	179,57017	-150,0786	178,91482	-149,42323
39720	179,57017	-150,0786	178,91482	-149,42323
39740	179,57017	-150,73396	178,91481	-150,07859
39760	179,57016	-151,38933	178,91481	-150,73396
39780	180,22551	-152,70005	179,57016	-152,04469
39800	180,22551	-153,35542	179,57016	-152,70005
39820	180,2255	-153,35542	178,91479	-152,04469
39840	180,2255	-154,01078	179,57015	-153,35542
39860	180,22549	-154,66614	179,57015	-154,01078
39880	180,22549	-154,66615	179,57014	-153,35542
39900	180,22549	-154,66615	179,57014	-153,35542
39920	180,88085	-154,01079	179,57014	-152,70006
39940	180,22549	-154,01079	179,57014	-152,70007
39960	180,88085	-154,0108	180,2255	-152,70007
39980	180,88085	-154,01079	180,2255	-153,35543
