T	LX	LY	RX	RY
0	0	0	0	0
20	0	9,9999999960687E-6	9,9999999960687E-6	0,65536
40	0,65535999999999	0,65537	9,9999999960687E-6	0,65536
60	0,65535999999999	0,65535999999999	9,9999999960687E-6	0,65536
80	0,65535999999999	0,65537	0,65537	0,65536
100	0,65535999999999	0,65537	0,65537	-9,9999999960687E-6
120	0,65535999999999	0,65535999999999	0,65537	0
140	0,65535999999999	0,65537	1,31072	0,65536
160	1,31071	0,65537	0,65535999999999	1,31072
180	0,65535	0,65537	1,31071	0,65536
200	1,31071	9,9999999960687E-6	0,65535	0,65536
220	0,65535999999999	0,65537	0,65535	0,65536
240	1,31071	0,65537	1,31071	0,65536
260	1,31071	0,65537	0,65535	1,31072
280	0,65535	0,65537	0,65535	0,65536
300	1,31071	0,65537	1,31072	1,31072
320	1,31071	1,31073	1,31072	1,31072
340	1,31071	0,65537	0,65535999999999	0,65536
360	0,65535999999999	0,65537	3,27681	0,65535
380	18,35019	-4,0000000005591E-5	20,97167	-0,65542
400	20,31627	-1,31078	20,31628	-0,65542
420	20,31627	-1,31078	20,97162	-1,31078
440	21,62696	-1,31077	21,62696	-1,31078
460	21,62694	-1,31077	21,62694	-0,65542
480	22,28229	-0,65541	22,2823	-1,31077
500	22,28229	-0,65541	21,62694	-0,65542
520	22,2823	-0,65541	22,28231	-5,000000000166E-5
540	22,28231	-0,65541	22,28231	-0,65542
560	22,28231	-0,65542	21,62695	-5,000000000166E-5
580	21,62695	-0,65541	22,28231	-0,65541
600	22,2823	-0,6554	22,28231	-5,000000000166E-5
620	22,28231	-4,0000000005591E-5	22,28231	-5,000000000166E-5
640	22,28231	-4,0000000005591E-5	22,93768	-5,000000000166E-5
660	30,14672	-0,65543	32,11285	-1,31081
680	32,11283	-1,96616	31,45747	-1,96617
700	31,45746	-1,96617	32,11281	-1,96617
720	32,11281	-2,62153	31,45746	-1,96617
740	32,1128	-1,96617	31,45745	-1,96617
760	32,1128	-1,96616	31,45744	-1,31081
780	31,45744	-1,96616	31,45744	-1,31081
800	32,11279	-1,3108	31,45743	-1,31082
820	31,45743	-1,31081	31,45743	-1,31081
840	30,80206	-1,31081	30,80207	-1,31081
860	30,80206	-1,96616	30,80206	-1,3108
880	30,80206	-1,3108	30,80207	-0,65544
900	31,45743	-1,31079	30,80207	-0,65544
920	30,80207	-1,31079	30,80208	-0,65544
940	30,80208	-1,31079	30,80209	-0,65543
960	30,80209	-0,65543	30,80209	-0,65543
980	30,8021	-0,65543	30,14673	-0,65543
1000	30,14673	-7,0000000000903E-5	30,14674	-7,0000000000903E-5
1020	30,14674	-0,65543	28,83602	0,65531
1040	14,41806	3,27683	4,58762	5,89829
1060	4,58763	5,89828	5,24298	5,89827
1080	5,89832	5,24291	5,89832	5,2429
1100	5,89832	5,24291	5,89832	5,2429
1120	6,55368	4,58755	6,55369	5,2429
1140	6,55369	5,24291	7,20906	5,2429
1160	7,20906	4,58755	7,86443	4,58754
1180	7,86443	4,58754	7,86444	4,58753
1200	7,86444	4,58754	7,86444	4,58753
1220	9,17515	3,93218	9,17515	3,93217
1240	9,17514	3,93218	9,17514	4,58754
1260	9,83049	3,93218	9,8305	3,93218
1280	9,8305	3,93218	9,83051	3,93217
1300	10,48587	3,27681	9,83052	3,27681
1320	10,48589	2,62145	13,7627	3,27679
1340	24,90396	3,27677	26,87009	2,62138
1360	27,52543	1,96603	27,52544	1,96603
1380	27,52542	1,96603	28,18076	1,96603
1400	28,18076	1,31067	28,83612	0,6553
1420	28,83612	0,65531	28,83612	0,65529
1440	29,49148	-6,0000000004834E-5	28,83612	-5,9999999997729E-5
1460	28,18076	0,6553	28,83612	-7,0000000000903E-5
1480	29,49148	-6,0000000004834E-5	28,83612	-5,9999999997729E-5
1500	28,83612	-6,0000000004834E-5	28,18076	-0,65542
1520	28,18075	-0,65542	28,83613	-5,9999999997729E-5
1540	28,18075	-5,000000000166E-5	28,18077	-5,9999999997729E-5
1560	28,83612	-0,65541	28,83613	-0,65542
1580	28,83613	-0,65542	28,18078	-0,65542
1600	28,83615	-0,65542	28,18079	-0,65542
1620	28,18079	-1,31078	33,42373	-0,65544999999999
1640	42,59894	-0,65547	43,25431	-1,96621
1660	43,25429	-1,9662	42,59894	-1,9662
1680	43,25429	-2,62156	43,25428	-2,62157
1700	43,25428	-3,27692	43,25429	-2,62157
1720	43,25429	-3,27692	43,25429	-3,27693
1740	43,25429	-3,27693	43,2543	-3,27693
1760	43,2543	-3,93229	43,25431	-3,9323
1780	43,25431	-3,93229	43,25432	-3,9323
1800	42,59896	-3,93229	43,9097	-3,93231
1820	48,49728	-4,58768	49,15267	-5,24305
1840	49,80802	-5,24304	49,15267	-5,24305
1860	49,15266	-5,8984	49,15266	-5,89842
1880	48,4973	-6,55377	49,15266	-5,89842
1900	49,15267	-7,20913	49,15267	-6,55378
1920	49,15267	-7,20914	49,15267	-6,55378
1940	49,80803	-7,20914	49,15267	-6,55378
1960	49,80803	-7,20914	49,80803	-6,55379
1980	49,80802	-7,20914	49,80802	-7,20915
2000	49,80801	-7,20914	50,46336	-7,20915
2020	49,808	-7,86449	49,808	-7,86451
2040	49,80799	-7,20914	50,46336	-7,20914
2060	50,46335	-7,8645	50,46337	-7,8645
2080	50,46336	-7,8645	50,46337	-7,86451
2100	50,46338	-7,8645	57,01704	-6,55381
2120	66,19223	-6,55383	68,15831	-5,89848
2140	68,1583	-7,2092	67,50294	-7,2092
2160	68,81364	-7,86455	68,81363	-7,86456
2180	69,46897	-7,86455	68,81361	-8,51992
2200	69,46896	-7,86455	69,46896	-7,86456
2220	69,46895	-7,86456	70,12431	-8,51993
2240	70,1243	-8,51992	70,1243	-8,51993
2260	70,12429	-8,51992	70,12428	-8,51993
2280	69,46891	-8,51992	70,12427	-8,51993
2300	70,12426	-8,51992	70,12425	-8,51993
2320	70,77961	-7,86457	70,12426	-8,51993
2340	70,77961	-8,51992	70,77962	-8,51993
2360	70,77961	-9,17529	70,77961	-8,51993
2380	70,7796	-9,17529	70,77962	-9,17529
2400	70,77961	-9,17528	70,77961	-9,17529
2420	-43,90836	-8,51993	73,40111	-8,51994
2440	74,05646	-8,51994	74,05645	-8,51994
2460	74,05645	-9,17529	74,05645	-9,17531
2480	74,05645	-9,1753	74,05645	-9,1753
2500	74,05645	-9,83066	74,05646	-9,17531
2520	74,05645	-9,83066	74,05645	-9,83067
2540	74,05645	-9,83066	74,05645	-9,83067
2560	74,05645	-10,48602	74,05645	-9,83067
2580	74,05645	-9,83066	73,40109	-9,83067
2600	74,05645	-10,48603	74,059	-10,48603
2620	74,05646	-10,48603	73,4011	-10,48603
2640	74,05647	-10,48603	73,40111	-10,48603
2660	73,40111	-10,48602	73,40111	-10,48603
2680	73,40111	-10,48602	73,40112	-10,48603
2700	74,05647	-10,48602	73,40111	-11,14139
2720	74,05647	-11,14138	74,71183	-11,14139
2740	74,71182	-11,14138	74,71182	-11,14139
2760	74,71182	-11,14138	74,71182	-11,14138
2780	75,36718	-11,14138	74,05647	-11,14137
2800	68,81358	-10,48599	69,46896	-10,48601
2820	69,46895	-10,486	69,46894	-10,48601
2840	69,46893	-10,486	69,46893	-10,48601
2860	70,12428	-10,48601	70,12428	-10,48601
2880	70,12427	-10,486	70,12427	-10,48601
2900	70,12426	-11,14137	69,4689	-10,48601
2920	70,12425	-11,14136	70,12426	-11,14137
2940	69,4689	-11,14137	68,81355	-11,14137
2960	68,81354	-11,14136	69,46891	-11,79673
2980	68,81355	-11,79672	68,81355	-11,79673
3000	68,81357	-11,79672	68,81358	-11,79673
3020	72,74578	-11,14137	76,02266	-11,14139
3040	75,36728	-11,14138	75,36726	-11,14139
3060	75,36727	-11,79675	74,7119	-11,79676
3080	74,71189	-12,45212	74,7119	-12,45212
3100	74,71189	-12,45212	75,36725	-13,10749
3120	75,36725	-13,10749	74,71189	-13,10749
3140	75,36724	-13,10749	75,36723	-13,1075
3160	75,36722	-13,76286	75,36721	-13,1075
3180	75,3672	-13,76285	79,95477	-11,7968
3200	89,78535	-10,48609	89,78539	-12,45219
3220	89,78535	-12,45218	89,78536	-12,45219
3240	89,78534	-13,10755	91,09604	-13,10756
3260	91,09603	-13,76292	91,09603	-13,76293
3280	91,09603	-13,76292	91,09603	-13,10757
3300	91,75138	-14,41828	91,09602	-13,76292
3320	91,09602	-14,41828	91,09602	-13,76292
3340	91,09602	-14,41828	91,09602	-14,41828
3360	91,09602	-15,07364	90,44066	-14,41829
3380	90,44066	-14,41828	90,44066	-15,07364
3400	89,7853	-15,07364	89,7853	-15,07365
3420	89,7853	-15,07363	89,7853	-15,07364
3440	89,7853	-15,07363	93,71753	-13,76292
3460	93,06218	-14,41828	93,71753	-14,41829
3480	93,71753	-15,07364	94,37288	-14,41829
3500	95,02823	-15,07364	95,02823	-15,07365
3520	95,68358	-15,07364	95,02822	-14,41829
3540	95,68357	-15,07364	95,68357	51,77307
3560	95,68356	-15,07364	95,68357	-15,07365
3580	95,68357	-15,07364	96,33893	-15,07365
3600	96,33893	-15,07365	96,33894	-15,07365
3620	96,33895	-15,07364	96,33895	-15,07366
3640	96,33895	-15,07364	96,33895	-15,07365
3660	96,99431	-15,72901	96,33895	-15,07365
3680	96,9943	-15,07364	96,9943	-15,07365
3700	96,99429	-15,07364	96,9943	-15,07365
3720	96,33894	-15,729	96,33894	-15,07364
3740	96,33894	-15,729	96,33895	-15,07365
3760	96,33895	-15,07364	96,99431	-15,07365
3780	96,99431	-15,07365	96,99431	-15,07365
3800	96,33895	-15,729	96,33895	-15,07365
3820	96,33895	-15,729	96,33895	-15,07364
3840	96,33895	-15,07364	100,27118	-13,76293
3860	99,61584	-14,41829	99,61583	-14,4183
3880	99,61583	-14,41829	99,61581	-13,76294
3900	99,6158	-14,4183	99,61581	-13,76294
3920	98,96044	-14,4183	98,96044	-13,76295
3940	99,61579	-13,76294	98,96043	-13,76295
3960	98,96043	-13,10758	98,96043	-13,76295
3980	98,96042	-13,76293	101,5819	-11,79688
4000	114,68935	-9,83082	118,62165	-10,48621
4020	119,277	-10,48621	118,62165	-10,48621
4040	119,27699	-11,14157	119,93233	-11,14158
4060	119,93233	-11,79694	119,93488	-12,45231
4080	119,93231	-12,4523	120,58768	-12,45231
4100	120,58767	-12,45231	121,24303	-12,45232
4120	121,24303	-12,45231	120,58767	-12,45232
4140	121,24303	-13,10767	121,24304	-13,10768
4160	121,24303	-13,10767	121,24303	-12,45232
4180	121,89839	-12,45231	121,89839	-11,79696
4200	121,24303	-11,79696	121,89839	-11,14161
4220	122,55375	-11,1416	121,89839	-11,14161
4240	122,55375	-11,1416	121,89839	-10,48625
4260	121,89839	-11,1416	122,55376	-10,48625
4280	125,17524	-11,14161	125,17528	-11,14162
4300	125,17527	-11,79697	125,17526	-11,14162
4320	125,17526	-11,14161	124,5199	-11,14162
4340	125,83061	-11,79698	126,48597	-11,79699
4360	125,83061	-12,45234	126,48596	-11,79699
4380	126,48595	-12,45235	126,48597	-13,10772
4400	126,48597	-13,10772	126,48597	-12,45236
4420	126,48596	-13,10772	126,48597	-13,10773
4440	127,14133	-13,10773	126,48598	-13,10773
4460	127,14134	-13,76309	126,48599	-13,7631
4480	118,62165	-12,45232	103,54827	-11,79693
4500	100,9268	-11,79691	101,58218	-10,48619
4520	101,58216	-11,79692	102,89286	-11,14157
4540	102,89285	-11,79692	103,5482	-11,79693
4560	103,54819	-12,45228	103,54819	-12,4523
4580	104,20355	-12,45229	103,54818	-13,10766
4600	104,20354	-13,76302	103,54819	-13,76302
4620	104,20354	-14,41838	104,20354	-14,41839
4640	104,20355	-14,41838	103,54818	-14,41839
4660	104,20354	-15,07374	104,20353	-14,41839
4680	104,20353	-15,07375	104,20353	-15,07375
4700	104,20353	-15,07375	104,8589	-15,07376
4720	104,8589	-15,72911	104,8589	-15,07376
4740	104,20355	-16,38447	104,20355	-16,38449
4760	104,20356	-17,03984	104,20357	-16,38449
4780	103,54821	-17,03985	104,20357	-17,03986
4800	104,20357	-17,69521	104,85895	-17,03987
4820	115,34488	-14,41844	117,31106	-15,07382
4840	116,65566	-15,07382	117,96639	-15,72919
4860	117,31103	-16,38454	117,96638	-17,03992
4880	117,96637	-17,69528	117,96639	-17,69528
4900	117,96638	-18,35064	117,96639	-19,00601
4920	117,96639	-19,006	117,9664	-19,00602
4940	117,96639	-19,66137	117,96639	-19,66138
4960	117,96638	-19,66137	117,96638	-20,31674
4980	117,96638	-20,31674	118,62174	-20,31674
5000	117,96639	-20,31674	117,96639	-20,31675
5020	117,96638	-20,9721	117,31103	-20,31674
5040	117,96639	-20,9721	117,31104	-20,97211
5060	117,96639	-21,62746	117,31104	-21,62747
5080	117,31105	-21,62747	119,93256	-22,28285
5100	119,93258	-22,28284	119,93257	-22,93821
5120	120,58793	-22,93821	120,58793	-22,93821
5140	120,58793	-22,93821	120,58793	-22,93822
5160	120,58793	-22,93821	119,93257	-23,59357
5180	120,58792	-23,59357	120,58793	-23,59358
5200	121,24328	-23,59357	120,58793	-24,24894
5220	121,24327	-24,24893	121,24328	-24,90431
5240	121,24327	-24,9043	121,89864	-24,90431
5260	121,89863	-25,55966	121,24329	-24,90431
5280	122,55401	-24,9043	122,55402	-25,55967
5300	121,89867	-25,55967	110,7575	-24,24888
5320	95,02875	-24,24883	93,71802	-23,59348
5340	94,37338	-23,59347	95,02873	-24,24885
5360	96,33942	-24,24885	96,34196	-24,24886
5380	96,99475	-24,90422	97,6501	-24,90423
5400	97,65008	-24,90422	97,65007	-24,90423
5420	98,30543	-25,55959	97,65007	-25,5596
5440	97,65006	-25,5596	98,30542	-26,21496
5460	98,30541	-26,21496	98,30541	-26,21497
5480	98,3054	-26,21496	98,96075	-26,21496
5500	98,96073	-25,5596	98,30537	-26,21496
5520	98,96072	-26,21496	98,96072	-26,87033
5540	98,96072	-26,21497	98,96072	-26,87034
5560	99,61607	-26,87034	99,61609	-26,87035
5580	99,61608	-27,52571	100,27144	-27,52572
5600	99,61607	-27,52571	100,27143	-27,52572
5620	100,27143	-27,52571	100,27142	-27,52572
5640	100,27142	-27,5257	100,27141	-27,52571
5660	100,27141	-28,18107	101,58215	-26,87036
5680	112,72344	-26,21502	116,00035	-26,87041
5700	116,65568	-26,8704	116,65568	-26,87041
5720	116,65567	-28,18112	117,31102	-28,18113
5740	118,62172	-28,18113	118,62172	-28,8365
5760	119,27707	-28,83649	119,27707	-28,18113
5780	119,93241	-28,83649	119,27705	-28,83649
5800	119,27704	-28,18113	119,27703	-28,8365
5820	119,27703	-28,83648	119,27703	-28,18113
5840	119,93238	-28,18113	119,27702	-28,8365
5860	119,93238	-28,83649	119,93238	-28,18113
5880	119,93237	-28,83648	119,93237	-28,18113
5900	119,93237	-28,18112	119,93237	-28,83649
5920	121,2431	-28,18112	123,20925	-28,18114
5940	123,20924	-28,18113	123,86459	-28,18113
5960	124,51994	-28,18112	124,51992	-28,18113
5980	125,17526	-28,83648	125,17526	-28,18113
6000	125,17525	-28,83648	125,17525	-28,18114
6020	125,17524	-28,83649	125,17524	-28,18114
6040	125,8306	-28,83649	125,83059	-28,18114
6060	125,83059	-28,83649	125,83059	-28,18114
6080	125,17522	-28,18113	125,17522	-28,18114
6100	125,83058	-28,18113	125,83058	-27,52578
6120	126,48592	-27,52577	126,48592	-27,52577
6140	127,14126	-27,52577	126,4859	-27,52579
6160	127,14126	-28,18114	125,17517	-27,52577
6180	95,68384	-23,59343	55,70664	-20,31649
6200	21,62773	-13,10736	-1,9653	-11,1412
6220	-8,519	-11,14123	-3,93152	-11,14126
6240	-3,27622	-12,45199	-1,96557	-13,10737
6260	-1,96562	-13,10738	-0,65495	-13,76275
6280	0,00036999999999665	-14,4181	0,00033999999999423	-14,41811
6300	0,65567	-15,07347	0,65564999999999	-15,07348
6320	0,65564	-15,07348	1,31099	-15,07349
6340	1,31097	-15,72884	1,31096	-15,72885
6360	1,96631	-15,72885	1,31095	-15,72886
6380	1,9663	-16,38421	1,31094	-15,72886
6400	1,96629	-15,72885	1,96629	-15,72885
6420	0,65557	-15,07346	-5,89806	-13,10737
6440	-5,24269	-13,76273	-4,58733	-13,76274
6460	-4,58734	-14,41809	-4,58733	-14,4181
6480	-3,93197	-14,41809	-3,93197	-13,76275
6500	-3,93196	-15,07345	-4,58731	-14,4181
6520	-3,93195	-14,41809	-3,93194	-14,41809
6540	-3,27658	-14,41808	-3,93194	-13,76273
6560	-3,27658	-13,76272	-3,93194	-13,76272
6580	-3,93194	-13,76272	-3,93193	-13,76272
6600	-4,58728	-13,76271	-4,58728	-13,10735
6620	-4,58727	-13,76271	-5,24262	-13,76271
6640	-5,24261	-13,76271	0,65567	-13,10737
6660	8,52013	-13,76275	10,48625	-14,41814
6680	11,1416	-15,07348	11,14162	-15,07349
6700	11,14162	-15,72884	11,79698	-15,07349
6720	11,79697	-16,3842	12,45234	-15,72885
6740	12,45234	-16,38421	12,45235	-16,38421
6760	13,1077	-16,3842	13,10771	-16,38421
6780	12,45235	-16,3842	13,1077	-16,38421
6800	13,10771	-16,3842	12,45235	-16,38421
6820	12,45237	-17,03956	14,41847	-16,38422
6840	17,69532	-17,03958	17,69532	-17,03959
6860	17,69531	-17,03958	17,69531	-17,69495
6880	18,35066	-17,69494	18,35065	-17,03959
6900	18,35065	-17,69494	17,69529	-17,69494
6920	18,35064	-17,69494	18,35064	-17,03958
6940	18,35064	-17,69493	18,35064	-17,69494
6960	17,69528	-17,69494	18,35064	-17,03958
6980	18,35065	-17,69493	18,35066	-17,69494
7000	17,69529	-17,69494	18,35065	-17,03958
7020	18,35065	-17,69493	18,35066	-17,69494
7040	17,6953	-18,35029	18,35065	-18,3503
7060	18,35065	-18,35028	18,35065	-17,69493
7080	18,35064	-18,35028	18,35065	-18,35029
7100	18,35065	-18,35029	18,35065	-18,35029
7120	19,00602	-18,35029	30,80264	-17,69498
7140	37,35634	-19,66108	37,35632	-19,6611
7160	37,35632	-20,31645	37,35632	-20,31646
7180	38,01166	-20,97181	38,01166	-21,62719
7200	38,01166	-21,62718	38,66702	-22,28254
7220	38,66701	-22,28253	38,66702	-22,28254
7240	38,66701	-22,93789	39,32238	-22,9379
7260	-43,90834	-22,93789	38,66702	-22,9379
7280	38,66702	-23,59325	38,66702	-23,59326
7300	39,32238	-24,24861	38,66702	-23,59326
7320	38,66702	-23,59325	38,66702	-23,59326
7340	38,66702	-24,24861	38,66702	-23,59325
7360	38,66702	-23,59324	38,01166	-23,59325
7380	38,66702	-23,59325	38,01166	-23,59325
7400	38,01166	-23,59324	38,01166	-23,59325
7420	38,01167	-23,59324	40,63314	-22,9379
7440	47,84219	-22,28256	49,15295	-22,93793
7460	49,15292	-23,59329	49,15292	-23,59329
7480	49,15291	-24,24864	49,80826	-23,5933
7500	49,80826	-24,24865	49,80826	-24,24865
7520	49,80826	-24,24865	49,80826	-24,24865
7540	50,46361	-24,90401	50,46361	-24,24865
7560	50,46361	-24,904	50,4636	-24,90401
7580	50,46359	-24,90401	50,46359	-24,24865
7600	53,08505	-24,24865	58,98341	-23,59331
7620	60,29415	-24,24868	60,94951	-24,24868
7640	60,29415	-24,24868	60,94951	-24,24869
7660	60,9495	-24,90404	61,60485	-24,90405
7680	61,60484	-24,90404	61,60484	-24,90405
7700	61,60484	-24,90404	62,2602	-24,90404
7720	62,26019	-25,5594	61,60484	-24,90404
7740	61,60483	-25,55939	62,2602	-25,5594
7760	62,2602	-25,55939	61,60484	-25,55939
7780	61,60483	-25,55939	61,60484	-24,90403
7800	61,60484	-24,90402	61,60484	-25,55939
7820	61,60485	-26,21475	61,60486	-25,5594
7840	61,60486	-26,21475	61,60486	-26,21475
7860	60,9495	-26,21475	60,9495	-26,21475
7880	60,9495	-25,55938	60,94951	-26,21474
7900	64,22636	-25,55939	64,22641	-26,21476
7920	64,22639	-26,21476	64,2264	-26,21476
7940	64,2264	-26,21476	64,22639	-26,21477
7960	64,22639	-26,87013	64,22639	-26,87014
7980	64,22639	-26,87013	64,2264	-27,5255
8000	64,2264	-27,52549	64,2264	-26,87014
8020	64,22639	-27,5255	63,57103	-26,87014
8040	63,57104	-27,52549	64,22639	-27,5255
8060	64,2264	-27,52549	63,57105	-28,18086
8080	64,22641	-28,18086	63,57107	-28,18087
8100	64,22643	-28,83622	64,22643	-28,18088
8120	64,22644	-28,18087	64,22645	-28,83624
8140	64,22644	-28,83623	64,22644	-28,83624
8160	64,22645	-28,83623	64,22645	-28,83624
8180	64,22644	-28,83622	64,22645	-28,83623
8200	64,22644	-28,83623	63,57109	-28,83623
8220	63,57109	-28,83623	64,22646	-28,83623
8240	64,22646	-28,83623	63,57111	-28,83624
8260	63,57111	-29,49159	63,57112	-29,4916
8280	63,57113	-29,49159	63,57113	-29,4916
8300	63,57113	-30,14696	62,91578	-30,14697
8320	62,91578	-30,80232	62,26042	-30,14697
8340	62,26042	-30,14696	62,26042	-30,14697
8360	62,91578	-30,14696	62,91578	-30,14696
8380	62,91577	-30,14696	62,91577	-30,14697
8400	63,57112	-30,80232	63,57113	-30,14697
8420	63,57113	-30,80232	62,26041	-30,14696
8440	55,70679	-28,8362	55,70681	-28,83623
8460	56,36216	-28,83623	55,7068	-29,4916
8480	57,01751	-29,4916	57,01752	-29,49161
8500	57,01751	-29,4916	56,36215	-29,49161
8520	56,36215	-29,49159	57,01751	-29,4916
8540	57,01751	-29,49056	57,01751	-29,49161
8560	57,0175	-29,4916	56,36215	-29,4916
8580	57,0175	-29,4916	57,01751	-28,83625
8600	57,67285	-29,4916	58,32822	-28,18089
8620	58,32822	-28,18088	58,32822	-28,18089
8640	58,98357	-26,87017	58,32822	-26,87017
8660	61,60505	-24,90411	76,02321	-24,24879
8680	79,95548	-24,90417	78,64472	-24,24882
8700	77,98935	-24,90417	77,98935	-24,90419
8720	77,98932	-24,90419	77,33395	-24,90419
8740	77,9893	-24,90419	77,33394	-25,55957
8760	77,33393	-25,55957	77,33393	-25,55958
8780	77,33394	-26,21493	77,33394	-25,55959
8800	77,33394	-26,21494	76,67858	-26,21494
8820	80,61077	-24,24887	84,54305	-24,24888
8840	83,88767	-25,5596	84,54302	-25,5596
8860	85,19838	-25,5596	85,19837	-26,21497
8880	85,19836	-26,87032	85,19836	-26,87032
8900	85,19836	-26,87031	85,85373	-26,87032
8920	85,85373	-28,18103	85,85372	-27,52568
8940	85,19836	-28,8364	85,85372	-28,8364
8960	85,19835	-28,83639	85,85367	-28,83639
8980	85,19833	-29,49174	85,19833	-28,83638
9000	85,19832	-29,49172	84,54295	-28,83637
9020	85,19831	-29,49172	85,19831	-30,14709
9040	85,19831	-29,49173	92,40738	-28,18104
9060	99,61652	-28,83642	100,92725	-29,49179
9080	100,27188	-30,14714	100,92724	-29,49179
9100	101,58258	-30,14714	101,58256	-29,49179
9120	101,58254	-30,8025	102,2379	-30,14715
9140	102,23788	-30,8025	102,89323	-30,8025
9160	102,89321	-30,14714	102,8932	-30,14714
9180	103,54855	-30,14713	102,89319	-30,14714
9200	102,89318	-30,14713	103,54855	-30,14714
9220	103,54854	-30,14713	102,89318	-30,14714
9240	102,89317	-30,14712	102,89317	-30,14713
9260	102,89317	-30,14712	103,54854	-30,14713
9280	102,89317	-30,14713	103,54853	-29,49177
9300	103,54853	-29,49176	103,54853	-29,49176
9320	104,20389	-29,49176	108,13611	-28,83641
9340	108,79154	-29,49176	108,79151	-30,14713
9360	109,44688	-29,49176	108,79152	-30,14713
9380	108,79151	-30,80249	109,44689	-30,14714
9400	109,44688	-30,80249	109,44688	-30,8025
9420	109,44688	-30,80249	109,44688	-30,8025
9440	109,44687	-30,80249	110,10223	-30,80249
9460	110,10222	-30,80248	109,44686	-30,80249
9480	109,44686	-31,45785	109,44687	-30,8025
9500	109,44687	-32,11321	109,44688	-31,45786
9520	109,44689	-32,11321	110,75764	-31,45786
9540	116,00064	-32,11322	115,34526	-31,45786
9560	115,34525	-32,11322	115,34526	-32,11323
9580	115,34524	-32,11322	115,34524	-32,11323
9600	115,34523	-32,11322	116,00059	-32,11323
9620	116,00058	-32,11322	115,34521	-32,11323
9640	115,34521	-32,11322	116,00057	-31,45787
9660	116,00056	-31,45786	115,34519	-31,45787
9680	115,34519	-31,45786	115,34518	-31,45787
9700	115,34517	-31,45786	115,34516	-30,14715
9720	115,34516	-30,8025	115,34516	-30,80251
9740	115,34515	-30,14714	116,00051	-30,14715
9760	115,34515	-30,14715	116,00052	-30,14716
9780	116,00052	-30,14715	116,00052	-30,80252
9800	116,00052	-30,80251	113,37907	-30,14713
9820	108,13614	-28,83639	108,13615	-29,49176
9840	108,7915	-29,49175	108,7915	-29,49176
9860	108,79149	-29,49175	109,44685	-30,14712
9880	110,75756	-29,49175	110,75756	-30,80248
9900	111,4129	-30,14711	111,4129	-30,14712
9920	112,06824	-30,80247	112,06824	-30,14712
9940	112,06823	-30,14711	112,06823	-29,49176
9960	112,06823	-30,14712	112,06823	-30,14712
9980	112,72359	-30,80248	112,72358	-30,14713
10000	112,72357	-30,14713	112,72356	-30,14713
10020	112,72356	-29,49177	113,3789	-29,49178
10040	113,37889	-29,49177	113,37889	-29,49178
10060	113,37888	-29,49175	88,47508	-24,90408
10080	53,08539	-19,66105	28,18154	-16,38415
10100	9,83139	-13,76265	9,83133	-14,41807
10120	12,4527	-15,07344	13,76336	-15,07347
10140	15,07402	-16,38421	16,3847	-17,03959
10160	17,69538	-17,03959	18,35071	-17,69497
10180	19,00604	-18,35032	19,00602	-17,69497
10200	20,31673	-17,69496	20,31672	-17,0396
10220	20,97206	-16,38424	20,97206	-16,38424
10240	21,62741	-15,72887	21,62741	-15,72887
10260	22,28277	-15,72886	22,28278	-15,72887
10280	20,97206	-15,07349	7,20948	-13,76272
10300	1,96656	-13,10735	3,93266	-13,76272
10320	3,93265	-13,76272	3,93263	-13,76273
10340	3,93263	-13,76272	4,58797	-13,76273
10360	4,58797	-13,76272	3,9326	-13,76272
10380	3,93259	-13,76272	3,93259	-13,76272
10400	3,93259	-14,41807	3,27722	-14,41808
10420	3,27721	-14,41807	3,27722	-14,41808
10440	3,27723	-14,41807	3,27723	-14,41809
10460	1,31117	-15,07344	-4,58706	-15,07343
10480	-4,58704	-15,07343	-3,93166	-15,07344
10500	-3,93166	-15,07344	-3,93166	-14,4181
10520	-3,93167	-15,07345	-3,93166	-14,4181
10540	-4,58702	-15,07346	-4,58702	-14,4181
10560	-4,58703	-15,07344	-5,24239	-14,41809
10580	-5,89776	-15,07344	-6,55312	-15,07345
10600	-6,55311	-15,7288	-7,20847	-15,7288
10620	-6,55311	-15,72879	-6,5531	-15,7288
10640	-5,89773	-16,38414	-5,89772	-15,72879
10660	-4,587	-15,72879	-3,93163	-16,38415
10680	-3,93163	-16,38414	-3,93163	-15,72879
10700	-3,27626	-16,38415	-3,27624	-16,38415
10720	-3,27624	-16,38414	-3,93159	-16,38415
10740	-3,93158	-16,38414	-4,58693	-16,38414
10760	-4,58693	-17,03949	-4,58693	-17,03949
10780	-4,58692	-17,69485	-4,58691	-17,03949
10800	-4,58692	-17,69485	-4,58691	-17,69486
10820	-4,58691	-18,35021	-3,93154	-17,69486
10840	-3,93154	-18,35021	-3,93153	-17,69486
10860	1,96675	-17,69488	10,48655	-17,69491
10880	13,10799	-19,00565	13,10798	-19,00565
10900	13,10798	-19,66101	13,76334	-20,97175
10920	14,41868	-22,28247	14,41869	-22,93784
10940	15,07405	-23,5932	15,07406	-24,24857
10960	15,07405	-24,90392	15,07406	-24,90393
10980	15,07405	-24,90392	15,72941	-24,90393
11000	15,07405	-24,90392	15,72942	-25,55929
11020	15,72941	-24,90392	15,72942	-24,90393
11040	15,72942	-26,21465	15,07407	-25,5593
11060	15,72943	-26,21466	15,72944	-25,55931
11080	15,07408	-26,21467	17,04018	-26,21469
11100	26,87072	-27,52544	29,49223	-28,18084
11120	30,14758	-28,83619	29,49223	-29,49156
11140	29,49223	-30,14691	29,49222	-30,14693
11160	29,49039	-30,80228	29,49222	-30,8023
11180	30,14758	-31,45765	30,14759	-31,45766
11200	29,49223	-32,11302	29,49224	-32,11303
11220	28,83688	-32,76838	28,83688	-32,11303
11240	29,49224	-32,11303	36,04593	-30,80233
11260	37,35669	-32,11306	37,35667	-32,11307
11280	37,35667	-32,76842	37,35667	-33,42379
11300	37,35666	-34,07916	37,35666	-34,73452
11320	36,70131	-35,38988	36,70132	-35,38989
11340	36,70132	-35,38988	37,35668	-35,38989
11360	36,70131	-36,04524	36,70131	-36,04525
11380	36,7013	-36,04523	36,04593	-36,04524
11400	36,04592	-36,04523	36,04593	-36,04524
11420	35,39057	-36,04523	35,39057	-36,04524
11440	36,04591	-36,04523	36,04592	-36,7006
11460	36,04591	-36,7006	36,04592	-36,7006
11480	36,04592	-36,7006	36,04593	-36,70061
11500	36,04594	-37,35597	40,63351	-36,04527
11520	51,77481	-35,38994	54,39629	-36,04533
11540	54,39628	-36,04533	54,39629	-36,70069
11560	55,05163	-37,35604	55,70697	-37,35606
11580	55,70696	-37,35606	56,36231	-38,01142
11600	56,3623	-38,66678	57,01766	-38,01142
11620	57,01765	-39,32214	57,67302	-39,32215
11640	57,67302	-39,32214	57,67302	-39,32215
11660	59,63911	-39,32215	66,19283	-39,32218
11680	66,19287	-39,97753	66,84821	-39,97754
11700	66,84821	-40,63289	67,50356	-40,6329
11720	67,50355	-40,6329	67,50354	-40,6329
11740	67,50353	-40,63289	68,15888	-40,6329
11760	68,15888	-40,63289	68,81423	-40,63289
11780	68,15887	-40,63288	68,15887	-39,97754
11800	67,50351	-40,63289	67,50352	-39,97753
11820	68,15888	-40,63289	68,15888	-40,6329
11840	67,50352	-40,63289	68,15888	-40,6329
11860	67,50351	-39,97753	67,50351	-40,6329
11880	68,15887	-40,63289	67,50352	-40,63289
11900	68,15887	-39,97752	67,5035	-39,32217
11920	67,5035	-39,97751	67,5035	-39,32216
11940	67,5035	-39,97751	67,5035	-39,97752
11960	67,5035	-39,97751	67,50351	-39,97752
11980	67,50351	-39,32215	67,50351	-39,97752
12000	68,15887	-39,97751	67,50352	-39,97751
12020	68,15888	-39,9775	68,15889	-39,97751
12040	67,50353	-39,9775	68,15889	-39,97751
12060	67,50353	-39,9775	67,50354	-39,97751
12080	67,50354	-40,63286	67,50353	-39,9775
12100	67,50354	-39,9775	67,50354	-39,9775
12120	67,50353	-40,63285	67,50353	-39,9775
12140	67,50352	-40,63285	67,50352	-39,97749
12160	67,50351	-40,63284	72,74645	-38,66679
12180	81,92169	-38,66681	81,92171	-39,97756
12200	82,57706	-39,97755	81,92171	-39,97756
12220	81,92169	-40,63292	81,92168	-40,63293
12240	81,92167	-41,28829	81,92167	-41,94365
12260	81,92167	-41,28829	81,92167	-41,28829
12280	81,92165	-41,28828	82,57701	-41,94365
12300	82,577	-41,94364	82,57701	-41,28828
12320	83,23236	-41,28828	83,23236	-41,28829
12340	88,47532	-40,63294	89,7861	-41,28831
12360	89,78608	-41,94367	89,78608	-41,28831
12380	89,78608	-41,94367	90,44143	-41,94368
12400	90,44142	-42,59904	90,44142	-42,59904
12420	90,4414	-42,59903	89,78603	-42,59903
12440	89,78602	-43,25438	90,44137	-42,59903
12460	90,44137	-43,25438	90,44137	-42,59903
12480	90,44137	-42,59902	90,44137	-42,59903
12500	97,65043	-39,97761	106,17029	-38,66692
12520	107,48103	-39,97764	107,48103	-39,97765
12540	107,48102	-40,633	108,13637	-40,63301
12560	108,13635	-41,28836	108,79171	-41,28837
12580	108,7917	-41,28836	108,7917	-41,28837
12600	108,79169	-41,28836	108,79169	-41,28836
12620	109,44705	-41,94372	109,44705	-41,28836
12640	109,44705	-41,28835	109,44704	-41,28836
12660	109,44705	-41,28835	109,44705	-41,94372
12680	110,10241	-41,94371	110,10241	-41,28836
12700	110,10241	-41,94371	110,10241	-41,28836
12720	110,10241	-41,28835	109,44705	-40,63299
12740	113,37929	-40,63299	114,03469	-40,63301
12760	114,03467	-40,633	114,03468	-40,633
12780	113,37931	-41,28836	114,03466	-41,28837
12800	114,03466	-41,28836	113,37931	-41,28837
12820	113,3793	-41,28836	114,03467	-40,63301
12840	114,03466	-41,28836	114,03466	-40,63301
12860	114,03466	-41,28836	114,69002	-40,63301
12880	115,34537	-41,28836	115,34537	-41,28837
12900	115,34535	-40,633	115,34535	-40,63301
12920	116,0007	-40,633	115,34534	-40,633
12940	116,0007	-40,63299	115,34535	-40,633
12960	116,0007	-40,633	115,34535	-40,63301
12980	116,00071	-40,633	119,27757	-39,97765
13000	121,24374	-42,5991	120,58835	-41,28838
13020	121,2437	-41,28838	121,24371	-41,94375
13040	121,89907	-41,94375	121,89908	-42,59912
13060	122,55444	-42,59912	122,55446	-42,59914
13080	122,55447	-43,2545	123,20985	-43,25451
13100	123,20986	-43,90987	-43,90693	-43,90989
13120	123,20988	-43,90989	123,86525	-43,90991
13140	123,86525	-44,56526	116,65627	-43,25449
13160	79,95597	-39,9775	44,5663	-35,38984
13180	17,04104	-30,14681	3,93378	-27,52535
13200	6,55515	-29,49148	7,86581	-28,83613
13220	8,52109	-29,49151	9,83176	-29,49152
13240	10,48706	-29,49152	11,14238	-29,49153
13260	11,79769	-28,83616	12,45301	-28,83617
13280	12,45298	-28,83616	12,45296	-28,83617
13300	13,10829	-28,83616	13,10827	-28,83617
13320	13,10825	-28,83616	13,76361	-29,49152
13340	13,76359	-30,14688	13,76359	-30,14688
13360	7,20997	-26,86912	-9,17411	-22,93778
13380	-12,45093	-22,93778	-10,48486	-22,93779
13400	-9,82952	-24,24852	-9,82953	-24,24853
13420	-8,51882	-24,24853	-8,51882	-24,24854
13440	-7,86348	-24,90389	-7,86347	-24,90391
13460	-7,20811	-25,55926	-7,20811	-25,55927
13480	-7,20811	-26,21462	-7,20811	-26,21463
13500	-7,20811	-26,86998	-7,20811	-26,86999
13520	-7,20811	-26,86998	-7,86347	-26,86998
13540	-7,86347	-28,1807	-7,86346	-27,52535
13560	-7,86345	-28,83606	-7,20807	-28,83607
13580	-7,20807	-28,18071	-6,55014	-28,18072
13600	-5,89732	-28,83608	-5,24195	-28,18072
13620	-5,24194	-28,18072	-4,58658	-28,18072
13640	-4,58659	-28,18072	-4,58659	-28,18072
13660	-4,5866	-28,83607	-4,5866	-28,83607
13680	-4,58661	-28,83607	-4,58661	-28,83607
13700	-5,24198	-29,49142	-4,58662	-28,18071
13720	-4,58663	-28,18069	-4,58662	-28,1807
13740	-5,24198	-28,83605	-5,24197	-28,1807
13760	-4,58661	-28,83605	-4,58659	-28,83606
13780	3,2778	-27,52537	7,21004	-27,52539
13800	8,52074	-28,83611	8,52074	-28,83612
13820	9,1761	-28,83612	9,17608	-29,49148
13840	9,83144	-30,14683	9,83145	-30,8022
13860	9,83145	-30,80219	9,83146	-31,45756
13880	9,83146	-31,45755	9,83147	-32,11292
13900	9,83146	-32,76827	9,83148	-32,76828
13920	9,83148	-33,42364	9,83148	-33,42364
13940	9,83149	-33,42364	9,8315	-34,079
13960	9,17615	-34,07899	9,83151	-34,079
13980	9,83151	-34,73436	9,83152	-34,079
14000	9,83154	-34,73436	13,10837	-34,07901
14020	13,76379	-35,38974	13,76378	-35,38975
14040	14,41914	-36,0451	13,76378	-36,04511
14060	14,41914	-36,70047	13,76379	-36,70048
14080	13,76379	-37,35583	14,41915	-36,70048
14100	14,41915	-37,35584	14,41916	-36,70048
14120	14,41916	-37,35583	14,41916	-37,35584
14140	14,41916	-37,35583	14,41917	-38,0112
14160	14,41917	-38,01119	14,41917	-38,66656
14180	14,41918	-38,66655	14,41918	-38,66656
14200	14,41918	-39,32191	13,76383	-39,32191
14220	14,41919	-39,32191	14,4192	-39,32191
14240	14,41919	-39,32191	13,76384	-39,32191
14260	14,4192	-39,3219	14,41921	-38,66655
14280	14,41921	-39,3219	13,76386	-38,66655
14300	14,41922	-39,3219	13,76387	-39,32191
14320	13,76386	-39,3219	13,76387	-38,66655
14340	13,76387	-38,66655	13,10852	-39,32191
14360	13,10852	-39,97727	14,42181	-39,32193
14380	24,90514	-38,6666	28,83737	-39,32199
14400	29,49271	-41,28808	28,83735	-41,28808
14420	29,49269	-41,94343	30,14804	-41,94344
14440	30,80339	-41,94343	31,45874	-42,5988
14460	31,45873	-43,25414	32,11408	-43,25415
14480	32,76943	-43,90951	32,11406	-43,90952
14500	32,76942	-43,90951	33,42477	-43,90952
14520	33,42477	-44,56487	33,42476	-44,56488
14540	33,42475	-45,22024	33,42475	-45,22025
14560	33,42475	-45,22024	32,76939	-44,56487
14580	15,07465	-39,97723	0,65667	-36,70039
14600	0,0013000000000005	-36,70038	0,65666	-36,70039
14620	1,96733	-37,35576	2,62266	-37,35577
14640	3,278	-37,35576	2,62263	-38,01113
14660	3,27798	-38,66648	3,27799	-38,66649
14680	3,27797	-38,66648	3,27798	-38,6665
14700	3,27798	-38,66649	3,27798	-38,6665
14720	3,93333	-38,66649	3,93333	-38,6665
14740	3,27795	-38,66649	3,93331	-38,6665
14760	3,27794	-38,66648	-5,8971	-36,04499
14780	-9,17393	-36,04499	-7,8632	-36,04499
14800	-7,86321	-36,04499	-7,20787	-36,045
14820	-7,20788	-36,70035	-7,86324	-36,045
14840	-7,86324	-36,045	-7,20788	-36,045
14860	-7,20789	-36,045	-7,20789	-36,04501
14880	-7,20791	-36,04499	-7,2079	-36,045
14900	-6,55255	-36,04499	-6,55255	-36,045
14920	-6,55256	-36,04499	-6,55256	-36,045
14940	-6,55256	-36,04499	-6,55256	-36,04499
14960	-6,55256	-36,04498	-6,55256	-36,04499
14980	-6,55256	-36,04498	-7,20792	-36,04499
15000	-6,55256	-36,04498	-6,55256	-36,04499
15020	-6,55256	-36,04498	-6,55256	-35,38963
15040	-6,55257	-36,04498	-6,55257	-35,38962
15060	-6,55257	-36,04498	-6,55257	-35,38962
15080	-6,55257	-36,04498	-6,55257	-35,38962
15100	-6,55259	-35,38961	-6,55257	-35,38962
15120	-6,55258	-35,38961	-5,89723	-35,38962
15140	-5,89723	-35,38961	-5,89723	-35,38962
15160	-5,89724	-35,38961	-5,89724	-35,38962
15180	-5,89725	-35,3896	-5,24189	-35,38961
15200	-5,2419	-35,3896	-5,2419	-35,3896
15220	-43,90815	-35,3896	-5,24191	-35,3896
15240	-0,65437	-34,73426	11,14227	-34,73431
15260	13,1084	-35,38969	13,10835	-36,04506
15280	13,76372	-36,70041	13,76371	-36,70042
15300	14,41904	-37,35578	15,0744	-37,35579
15320	15,07439	-37,35578	15,07439	-38,01115
15340	15,72974	-38,6665	15,72974	-37,35579
15360	15,72973	-38,01114	15,72973	-38,01114
15380	15,72972	-38,01114	15,72973	-38,01115
15400	16,38509	-38,6665	16,38508	-38,66651
15420	15,72972	-38,66649	15,72973	-38,66651
15440	15,72973	-38,6665	15,72973	-38,6665
15460	15,72973	-38,6665	25,56024	-36,70047
15480	30,14787	-37,35584	30,14783	-37,35585
15500	30,14783	-38,0112	30,80319	-38,66656
15520	30,80316	-38,66656	32,11387	-38,66657
15540	32,11387	-39,32192	32,11387	-39,32192
15560	32,11387	-39,32192	32,11388	-39,32193
15580	32,11387	-39,97728	32,11389	-39,97729
15600	32,11389	-39,97728	32,1139	-39,97729
15620	32,1139	-40,63264	31,45855	-40,63265
15640	32,11393	-40,63264	31,45858	-41,28801
15660	31,45859	-41,288	31,45861	-41,288
15680	31,45861	-41,94336	30,80326	-41,94337
15700	30,80327	-41,94335	30,14793	-41,94336
15720	30,14793	-41,94335	29,49257	-41,94336
15740	29,49256	-41,94335	29,49256	-41,288
15760	29,49256	-41,28799	29,49255	-41,288
15780	28,83719	-41,28799	19,0068	-40,63264
15800	29,49257	-40,63263	38,66771	-38,6666
15820	43,25534	-40,63269	43,25533	-39,97734
15840	43,25533	-40,63269	43,91068	-40,63269
15860	43,91066	-40,63269	43,91066	-41,28806
15880	44,56601	-41,28805	44,56601	-41,28806
15900	44,566	-41,28806	44,566	-40,6327
15920	45,22135	-41,28806	45,22136	-40,63271
15940	46,53206	-41,28806	45,87671	-41,28806
15960	47,18742	-41,28806	47,18742	-41,28805
15980	47,84277	-41,28806	47,84275	-41,28806
16000	47,84275	-41,28805	47,84274	-40,63269
16020	48,49809	-41,28805	49,15345	-40,63269
16040	49,15345	-41,28805	49,15345	-40,63269
16060	49,15345	-41,28805	49,15345	-41,28806
16080	49,15344	-40,63269	49,80881	-40,63269
16100	49,15344	-40,63269	49,80881	-40,6327
16120	49,80881	-41,28805	49,80881	-40,63269
16140	49,8088	-40,63268	49,8088	-39,97733
16160	49,80879	-40,63268	49,15344	-39,97733
16180	49,8088	-40,63268	49,15345	-40,63269
16200	49,15344	-39,97732	49,80882	-40,63269
16220	49,80882	-40,63268	49,80883	-39,97733
16240	49,80882	-40,63269	49,80882	-39,97733
16260	50,46418	-39,97733	49,80882	-39,97733
16280	50,46417	-39,97733	50,46417	-39,32197
16300	50,46417	-39,97732	50,46417	-39,32197
16320	51,11953	-39,32196	50,46418	-39,32197
16340	50,46418	-39,32196	50,46419	-39,32197
16360	55,05174	-37,3559	64,88231	-36,04521
16380	66,19307	-36,70058	66,19305	-36,04522
16400	66,84841	-37,35594	67,50376	-37,35594
16420	68,1591	-37,35594	68,1591	-37,35595
16440	68,81445	-37,35594	68,81701	-37,35595
16460	68,81445	-37,35594	69,46981	-37,35595
16480	69,46982	-37,35595	68,81446	-37,35595
16500	69,46982	-37,35595	69,46981	-36,7006
16520	70,12518	-37,35596	73,40206	-36,70062
16540	74,05745	-37,35598	74,05745	-36,70062
16560	74,7128	-36,70061	74,71279	-36,70062
16580	75,36814	-37,35597	74,71278	-37,35599
16600	74,71278	-37,35598	74,71278	-37,35599
16620	74,71277	-38,01135	75,36814	-37,35599
16640	74,71278	-38,01135	74,71278	-38,01136
16660	74,71279	-38,01135	74,71278	-38,66672
16680	74,71278	-38,66671	74,71278	-38,66672
16700	74,71277	-38,66671	74,71277	-38,66672
16720	75,36813	-38,66671	75,36812	-38,66672
16740	75,36813	-38,66671	76,02348	-39,32208
16760	76,67883	-38,66671	85,85401	-36,04531
16780	88,47554	-36,70067	87,82015	-37,35605
16800	88,4755	-37,35603	89,13086	-37,35604
16820	89,13083	-38,0114	89,78619	-38,01141
16840	89,78618	-38,0114	89,78617	-38,66677
16860	89,78617	-38,66676	90,44152	-38,66678
16880	89,78616	-39,32213	90,44153	-39,32214
16900	89,78617	-39,32213	89,78616	-39,32214
16920	89,78616	-39,32213	89,1308	-39,32214
16940	93,71838	-37,35607	99,61678	-37,3561
16960	99,61678	-38,66682	99,61678	-38,66682
16980	98,96142	-39,32218	99,61677	-39,97755
17000	99,61676	-39,97755	99,61676	-40,63293
17020	98,9614	-41,28828	99,61676	-41,28829
17040	99,61675	-41,28828	98,96139	-41,28829
17060	98,96138	-41,28829	98,30603	-41,28829
17080	98,96138	-41,28829	98,30603	-41,28829
17100	98,30602	-41,94365	97,65068	-41,94366
17120	97,65069	-41,94366	96,99534	-42,59903
17140	96,99535	-43,25439	97,65072	-43,90976
17160	96,99536	-43,90976	96,99537	-43,90976
17180	96,99536	-43,90975	97,65074	-43,2544
17200	100,92762	-43,2544	100,92762	-43,90977
17220	100,92761	-43,90976	100,9276	-43,90977
17240	101,58295	-43,90976	101,58294	-43,2544
17260	102,2383	-43,90976	102,23829	-43,25441
17280	102,23829	-43,90976	102,23829	-43,25441
17300	102,23828	-43,90977	102,23829	-43,90977
17320	102,23829	-44,56512	102,89365	-43,90976
17340	103,54901	-43,90976	103,54901	-43,25439
17360	103,54901	-43,25438	106,82585	-41,28831
17380	116,65646	-39,97761	117,96723	-39,97762
17400	117,31184	-40,63297	117,31186	-40,63297
17420	117,9672	-41,28833	118,62255	-41,28834
17440	118,62254	-41,28834	118,62254	-41,28835
17460	119,27789	-41,9437	119,27788	-41,94371
17480	119,27787	-42,59906	119,93324	-42,59907
17500	119,27787	-42,59906	119,93322	-42,59907
17520	120,58856	-43,90978	121,24391	-43,25444
17540	121,89926	-43,90979	121,89924	-43,90981
17560	122,55459	-45,22053	122,5546	-45,22055
17580	122,55459	-46,53127	122,55459	-45,87592
17600	121,89922	-46,53128	122,55457	-46,53129
17620	123,20992	-45,87592	123,20992	-45,87593
17640	123,20991	-45,87592	123,20991	-45,87593
17660	123,20991	-45,87593	123,20991	-45,87594
17680	123,20992	-45,87594	123,20992	-45,87595
17700	123,86528	-45,87595	123,86529	-45,87596
17720	123,86527	-45,22059	124,52064	-45,87596
17740	124,52064	-45,87595	124,52065	-45,87596
17760	124,52064	-45,87595	124,52064	-45,2206
17780	125,176	-45,87595	124,52064	-45,22059
17800	123,86527	-45,87595	125,17601	-45,87596
17820	125,17599	-45,87596	125,176	-45,87596
17840	125,176	-45,87596	125,176	-46,53132
17860	125,83136	-46,53131	125,83137	-46,53132
17880	125,83137	-46,53132	125,17602	-47,18668
17900	126,48674	-47,18668	126,48675	-47,84204
17920	126,48675	-49,15275	126,48677	-49,80811
17940	128,45284	-52,42956	129,10821	-54,39564
17960	129,10821	-55,70636	130,41893	-57,67246
17980	130,41893	-60,94927	131,07429	-61,60464
18000	131,07429	-63,57072	131,72965	-64,88146
18020	132,38501	-66,84754	133,04037	-68,81363
18040	133,69573	-71,43508	133,69573	-74,05654
18060	133,04037	-77,33334	110,1027	-75,36716
18080	67,50409	-74,05627	34,08054	-72,09008
18100	9,83216	-68,81319	5,89997	-70,12397
18120	11,1428	-71,43473	12,45347	-70,77942
18140	14,4195	-71,43483	15,73018	-71,43488
18160	17,04086	-71,43491	18,35154	-71,43495
18180	19,00687	-72,09034	19,00684	-72,74573
18200	19,66217	-73,40111	20,3175	-74,05649
18220	20,97284	-74,71186	20,97282	-75,36724
18240	20,31744	-76,02261	20,31743	-76,67797
18260	20,31742	-77,33332	20,97278	-77,33334
18280	16,38525	-76,67792	-0,65412000000001	-75,36714
18300	-5,24167	-73,40105	-3,93094	-74,05641
18320	-3,93096	-73,40106	-3,27563	-72,74571
18340	-3,27565	-72,09034	-2,6203	-71,43498
18360	-1,96497	-71,43497	-1,96497	-70,77961
18380	-1,965	-70,12424	-1,96501	-70,12423
18400	-1,96502	-69,46885	-1,96503	-68,81349
18420	-1,96503	-68,81347	-1,96503	-67,50275
18440	-1,96504	-67,50273	-1,30967	-66,19201
18460	-1,96504	-66,84735	-1,30967	-65,53664
18480	-1,30967	-66,19197	-1,30967	-65,53661
18500	-1,30966	-64,88123	-1,30967	-64,22587
18520	-1,30966	-64,88122	-1,30965	-64,88121
18540	-1,30965	-64,8812	0,0010799999999946	-63,57048
18560	0,0011099999999971	-62,91511	0,0011099999999971	-63,57048
18580	1,31183	-63,57046	0,65647	-62,91511
18600	0,65647	-63,57046	0,65647999999999	-63,57046
18620	0,65647999999999	-63,57044	0,65649	-62,91509
18640	0,65649	-62,91508	0,65649	-62,25972
18660	0,65649	-62,25971	0,65649999999999	-61,60435
18680	-43,90798	-60,94897	0,65649999999999	-60,94898
18700	0,65649999999999	-59,63824	0,65651	-59,63825
18720	0,65651	-59,63824	0,65652	-58,98289
18740	0,65652	-58,98288	0,0011699999999948	-58,32752
18760	0,65653	-58,98287	0,65654	-58,98287
18780	0,001179999999998	-58,32751	0,001189999999994	-57,67215
18800	0,0011999999999972	-57,67214	0,0011999999999972	-57,01677
18820	0,001189999999994	-57,01676	-0,65416	-57,01677
18840	0,0011999999999972	-57,01676	-0,65415	-55,70604
18860	-0,65415	-56,36139	-0,65414000000001	-55,70604
18880	-0,65414000000001	-55,70602	-0,65413	-55,70603
18900	-1,30949	-55,05064	-9,17381	-53,08453
18920	-9,82916	-53,08453	-8,51842	-52,42917
18940	-8,51845	-52,42917	-8,51845	-51,77381
18960	-8,51846	-51,7738	-9,17381	-51,77381
18980	-8,51846	-51,7738	-8,51845	-51,11844
19000	-8,51845	-50,46308	-7,86309	-50,46308
19020	-7,8631	-50,46307	-7,8631	-50,46308
19040	-8,51847	-50,46306	-7,20775	-49,15235
19060	-6,5524	-49,15233	-6,55241	-49,15233
19080	-6,55243	-49,80768	-5,24171	-49,15232
19100	-5,24173	-49,80768	-5,24174	-49,15232
19120	-5,8971	-49,80768	-5,8971	-49,80768
19140	-5,89711	-50,46304	1,31191	-49,15237
19160	10,48707	-50,46311	14,41925	-51,11851
19180	15,07459	-50,46313	15,07458	-51,1185
19200	16,38528	-52,42922	16,38526	-52,42923
19220	17,04061	-52,42922	17,69597	-52,42923
19240	17,69597	-53,08459	17,69597	-53,73996
19260	18,35133	-53,73995	17,69597	-53,73997
19280	18,35132	-53,73996	18,35134	-53,73997
19300	17,69598	-54,39533	17,69598	-54,39533
19320	17,69598	-54,39532	17,04062	-54,39533
19340	17,04062	-54,39533	16,38526	-54,39533
19360	16,38526	-54,39533	16,38527	-54,39534
19380	25,5604	-53,08466	28,83729	-55,05076
19400	28,18188	-55,05076	28,83726	-55,70613
19420	29,49261	-55,70612	29,49259	-55,70614
19440	30,14795	-56,36149	29,4926	-56,3615
19460	30,14795	-56,36149	30,14795	-57,01686
19480	30,14794	-57,01685	29,49259	-57,01685
19500	30,14794	-57,01684	30,14794	-57,01685
19520	30,14793	-57,01684	30,14794	-57,01685
19540	30,14795	-57,67219	30,14796	-57,67221
19560	29,49261	-58,32756	29,49261	-58,32757
19580	29,49261	-58,32755	29,49262	-57,6722
19600	29,49262	-57,67219	28,1819	-57,6722
19620	28,83726	-57,67219	28,83727	-57,67219
19640	28,83727	-57,67219	28,18191	-57,01684
19660	28,18191	-57,01683	28,18191	-57,01683
19680	27,52656	-57,01684	27,52657	-57,01684
19700	26,87121	-57,67219	22,28371	-57,01682
19720	20,973	-56,36146	20,97301	-55,7061
19740	21,62835	51,77294	21,62835	-55,70611
19760	21,62835	-55,7061	22,28371	-55,70611
19780	22,28371	-55,7061	22,28371	-56,36147
19800	22,2837	-56,36145	22,93905	-55,7061
19820	22,93904	-55,70609	22,93904	-55,7061
19840	22,93903	-55,70609	22,93903	-56,36145
19860	22,93903	-56,36145	22,93903	-56,36146
19880	22,93904	-56,36146	22,28369	-56,36146
19900	22,28369	-55,70609	22,28369	-55,7061
19920	22,28369	-56,36145	22,2837	-55,7061
19940	22,2837	-55,70609	22,2837	-55,70497
19960	22,93906	-55,70609	22,2837	-55,70609
19980	22,2837	-55,70608	22,2837	-55,70609
20000	22,2837	-55,05072	22,28371	-55,05073
20020	21,62836	-55,70608	21,62836	-55,05073
20040	21,62837	-55,70608	20,97302	-55,70608
20060	20,97302	-55,70607	21,62839	-55,05072
20080	20,97302	-55,70608	20,97303	-55,70608
20100	20,97302	-55,05071	20,97302	-55,05072
20120	20,31767	-55,70607	20,97304	-55,70608
20140	20,31769	-55,70607	20,3177	-55,70608
20160	19,66235	-56,36144	19,66237	-56,36145
20180	19,00702	-57,0168	19,00703	-56,36145
20200	19,00704	-57,0168	19,00705	-57,01681
20220	19,00704	-57,67216	19,00705	-57,01681
20240	19,00705	-57,0168	19,00707	-57,67217
20260	19,00706	-58,32752	18,35171	-57,67217
20280	18,35172	-57,67216	18,35173	-58,32753
20300	18,35174	-57,67216	17,69639	-58,32753
20320	18,35175	-57,67216	17,69641	-58,32753
20340	20,32042	-57,67217	20,3179	-57,67218
20360	20,31789	-58,32754	20,97325	-57,67218
20380	20,97324	-57,67217	20,97323	-58,32754
20400	20,97322	-58,32753	20,97322	-57,67218
20420	20,97323	-58,32753	20,97323	-58,32754
20440	20,97323	-58,32753	20,31787	-58,32754
20460	20,31788	-58,9829	20,31787	-58,98291
20480	20,31787	-58,32754	20,97323	-58,98291
20500	20,31787	-59,63826	20,97323	-58,98291
20520	21,62858	-59,63826	9,17676	-55,05065
20540	-7,2073	-52,42914	-9,17338	-51,77378
20560	-7,20731	-51,11842	-6,552	-51,7738
20580	-5,89669	-52,42916	-5,24135	-52,42917
20600	-5,24138	-52,42917	-4,58603	-52,42917
20620	-3,93069	-53,08453	-3,27534	-53,08454
20640	-3,27535	-52,42917	-2,62	-53,08454
20660	-1,96464	-53,08454	-2,62	-53,08455
20680	-2,62001	-53,08454	-1,96466	-52,42919
20700	-1,30931	-52,42918	-1,30931	-52,42918
20720	-0,65396	-52,42918	-1,30934	-52,42918
20740	-0,65398	-53,08454	-0,65398	-52,42918
20760	-0,65399	-52,42917	-0,65399	-52,42918
20780	-0,654	-53,08453	-0,65399	-52,42918
20800	-0,65399	-52,42917	-0,65398	-52,42919
20820	0,0013699999999943	-52,42917	-0,65398	-52,42918
20840	0,0013799999999975	-53,08454	0,0013799999999975	-52,42918
20860	0,0013699999999943	-52,42917	0,0013799999999975	-51,77381
20880	0,0013699999999943	-52,42916	0,0013699999999943	-51,77381
20900	0,0013699999999943	-51,7738	0,0013699999999943	-51,11845
20920	0,65674	-51,7738	0,0013900000000007	-52,42917
20940	0,0013900000000007	-51,7738	0,0013900000000007	-51,77381
20960	0,0013900000000007	-51,7738	0,65676	-51,77381
20980	0,65675	-51,7738	0,65674	-51,11845
21000	0,65674	-51,7738	0,65675	-51,77381
21020	0,65675	-51,7738	0,65675	-51,77381
21040	0,65675	-51,7738	0,65676	-51,11845
21060	1,31212	-51,7738	1,31213	-51,77381
21080	4,58896	-51,11846	4,58899	-51,77383
21100	4,58897	-52,42919	4,58898	-51,77384
21120	4,58896	-52,42919	4,58896	-51,77384
21140	5,24431	-51,77383	5,24432	-52,4292
21160	5,24432	-51,77383	4,58895	-51,77384
21180	5,24431	-51,77383	4,58895	-51,77384
21200	4,58895	-51,77383	4,58895	-51,77383
21220	4,58896	-51,77383	4,58896	-51,77383
21240	4,58896	-52,42919	4,58898	-51,77384
21260	3,93361	-51,77383	3,93361	-51,77383
21280	3,93362	-51,77382	3,93362	-51,77384
21300	3,93362	-51,77383	3,93363	-51,77384
21320	3,93363	-51,77384	3,93364	-51,77384
21340	4,58899	-51,77384	4,58899	-51,11849
21360	4,58898	-51,77383	4,58897	-51,11848
21380	5,24432	-51,77383	5,24431	-51,77384
21400	3,93359	-50,46309	-3,93074	-49,15235
21420	-1,96465	-49,80771	-1,96466	-49,15236
21440	-1,96469	-49,80771	-1,30936	-49,15236
21460	-0,65402	-49,15236	-0,65403000000001	-48,49701
21480	-0,65405000000001	-49,15237	-0,65405000000001	-49,15238
21500	0,0013000000000005	-49,15237	0,0013000000000005	-49,15238
21520	0,0013099999999966	-49,80774	0,65667999999999	-49,80775
21540	0,65667	-49,15238	0,65667	-49,80775
21560	1,31202	-49,80774	1,31201	-49,15239
21580	1,96735	-49,15238	1,96735	-49,15238
21600	1,96734	-49,80773	1,96735	-49,15238
21620	1,31198	-49,80773	1,31198	-49,80774
21640	1,31199	-49,80774	1,312	-50,46311
21660	0,65664	-50,4631	11,14249	-47,84173
21680	23,59448	-47,84177	25,56056	-48,49716
21700	25,56052	-49,15251	25,56051	-49,80788
21720	26,87118	-49,80788	26,87116	-50,46325
21740	27,5265	-51,11861	28,18185	-51,11861
21760	28,18184	-51,77397	28,83719	-51,11862
21780	28,83719	-51,77398	28,8372	-51,77398
21800	28,8372	-51,77398	28,8372	-52,42934
21820	28,83719	-52,42933	28,8372	-52,42934
21840	28,83721	-52,42933	28,18185	-52,42933
21860	28,18185	-52,42933	28,18186	-52,42933
21880	28,83722	-52,42933	28,18186	-52,42933
21900	28,18187	-51,77396	28,18187	-52,42933
21920	28,18186	-52,42933	28,18187	-52,42933
21940	28,18187	-52,42932	28,18188	-51,77397
21960	28,18187	-52,42932	27,52652	-51,77397
21980	26,87116	-52,42933	26,87117	-51,77397
22000	26,87117	-52,42933	26,21582	-52,42933
22020	26,21582	-52,42933	27,52655	-51,77398
22040	29,4927	-53,0847	28,83734	-52,42935
22060	29,49269	-52,42935	29,4927	-53,08472
22080	28,83734	-53,08471	28,83734	-53,08472
22100	28,83736	-53,74009	28,18202	-53,7401
22120	28,18203	-53,7401	28,8374	-54,39546
22140	28,83741	-54,39424	28,83742	-54,39547
22160	28,83742	-54,39546	28,83743	-54,39546
22180	28,83744	-54,39546	28,18209	-54,39546
22200	28,83745	-55,05082	28,1821	-55,05082
22220	32,11429	-54,39547	41,28946	-54,39551
22240	43,25557	-55,05088	43,25557	-55,70625
22260	43,25557	-55,70624	43,91092	-56,36161
22280	44,56626	-56,3616	45,22162	-57,01697
22300	45,22162	-57,01697	45,87699	-57,01698
22320	47,18772	-57,67234	47,84308	-57,67235
22340	47,84309	-57,67234	47,84309	-58,32771
22360	47,18772	-57,67235	46,53236	-58,32772
22380	46,53235	-57,67235	46,53235	-57,67235
22400	46,53234	-57,67234	46,53233	-57,01698
22420	47,18767	-56,36161	47,18765	-55,05089
22440	47,84299	-55,05088	48,49835	-54,39552
22460	48,49835	-54,39551	48,49836	-53,74015
22480	49,15373	-54,39552	49,15375	-54,39553
22500	49,15376	-54,39552	51,11987	-53,74018
22520	52,43064	-55,70626	51,77526	-55,05091
22540	52,43061	-55,0509	52,4306	-55,05091
22560	52,43058	-55,70625	52,43057	-55,0509
22580	52,43056	-56,36161	52,43055	-56,36161
22600	51,77517	-56,36161	51,77516	-56,36161
22620	52,43051	-56,3616	52,4305	-55,70623
22640	52,43049	-56,36159	53,08585	-55,70623
22660	53,08586	-55,70623	53,08587	-55,70625
22680	53,08589	-55,70624	53,0859	-55,70625
22700	52,43055	-55,70625	52,43057	-55,70626
22720	52,43057	-56,36161	52,43057	-55,70625
22740	52,43057	-56,36161	51,11985	-56,36161
22760	51,77519	-57,01696	51,11983	-57,01695
22780	51,11982	-57,01695	51,11982	-56,36159
22800	45,87692	-55,70617	36,04648	-53,08471
22820	34,73577	-53,08469	35,39113	-52,42933
22840	36,04648	-53,08469	36,04646	-52,42933
22860	36,04645	-52,42932	35,39109	-51,77396
22880	36,70182	-52,42931	36,70182	-51,77395
22900	36,70183	-51,77395	36,70184	-51,77395
22920	36,70182	-52,4293	36,70183	-51,77396
22940	37,35719	-51,77394	37,35719	-51,77395
22960	37,35718	-51,11857	38,01252	-50,46322
22980	41,9447	-50,46322	46,5323	-50,46323
23000	46,53228	-50,46324	47,18763	-51,11861
23020	47,84299	-51,11861	47,84298	-51,11862
23040	47,84297	-51,11862	48,49834	-51,11863
23060	48,49833	-51,11862	48,49832	-51,11863
23080	49,15367	-50,46326	49,15366	-50,46327
23100	49,15366	-49,8079	48,4983	-49,80791
23120	48,4983	-49,8079	48,49829	-49,80791
23140	48,49829	-49,15254	48,49828	-49,15255
23160	49,15362	-49,15254	49,15362	-48,49719
23180	49,1536	-49,15254	48,49824	-48,49719
23200	49,1536	-48,49718	49,1536	-47,84183
23220	49,80895	-47,84182	49,80895	-47,84183
23240	49,80893	-47,18645	50,46429	-47,18646
23260	50,46428	-47,18645	50,46428	-47,18645
23280	50,46427	-47,18644	50,46427	-47,18645
23300	50,46427	-47,18644	51,775	-47,18645
23320	55,70724	-47,84181	55,70724	-47,18646
23340	55,70723	-47,84181	56,36259	-46,53109
23360	57,01793	-46,53108	57,67328	-46,53109
23380	57,67328	-46,53108	58,32864	-45,87573
23400	58,32862	-45,87572	58,98398	-45,87573
23420	58,98397	-45,87571	58,98396	-45,22036
23440	58,98396	-45,22035	58,3286	-45,22035
23460	58,3286	-45,22035	58,32861	-45,22035
23480	65,53767	-43,90966	71,43606	-43,25433
23500	-43,90729	-45,22042	72,7468	-44,56506
23520	73,40216	-45,87577	73,40213	-45,87578
23540	73,40212	-45,87578	74,05749	-46,53115
23560	74,05747	-47,1865	74,05748	-47,18651
23580	73,40211	-47,18651	73,40211	-47,84188
23600	74,05747	-47,84187	74,05747	-48,49724
23620	74,05747	-48,49724	74,05747	-48,49725
23640	73,4021	-48,49724	74,05746	-48,49725
23660	73,40209	-48,49724	73,40208	-48,49724
23680	74,05743	-48,49723	74,05742	-48,49724
23700	74,71277	-48,49723	74,05741	-48,49723
23720	74,71277	-48,49722	74,71277	-47,84186
23740	75,36812	-47,84186	75,36814	-47,84185
23760	76,0235	-47,84185	76,67887	-47,18649
23780	77,33423	-47,18648	77,9896	-47,18649
23800	78,64497	-47,18648	79,30285	-46,53112
23820	79,95571	-46,53111	79,95572	-46,53112
23840	77,98964	-46,5311	77,98965	-45,87575
23860	78,64501	-46,5311	79,30037	-45,87574
23880	78,64501	-46,5311	79,30037	-46,5311
23900	78,645	-47,18645	77,33428	-47,18646
23920	77,33428	-47,84181	76,67892	-47,84182
23940	76,67892	-48,49718	76,02356	-47,84183
23960	75,36819	-49,15255	74,71284	-49,15256
23980	74,71283	-49,15255	74,05748	-49,15256
24000	73,40211	-49,15256	73,40212	-49,15257
24020	72,74676	-49,15256	72,74677	-49,15258
24040	72,09141	-49,15257	72,09143	-49,15259
24060	72,09143	-49,80795	78,64513	-47,8419
24080	84,5435	-47,84192	85,19887	-48,4973
24100	84,5435	-49,808	85,19886	-49,15265
24120	85,85421	-50,46336	86,50956	-49,80801
24140	86,50955	-50,46336	86,50955	-50,46337
24160	86,50955	-51,11872	87,1649	-50,46337
24180	87,16489	-51,11871	87,82025	-51,11872
24200	88,47559	-50,46335	88,47559	-51,11871
24220	88,47558	-50,46334	89,13094	-50,46335
24240	89,13093	-50,46334	89,13093	-50,46335
24260	89,13092	-50,46334	89,78628	-49,80798
24280	90,44165	-49,80798	93,06316	-49,808
24300	93,06316	-50,46336	93,06316	-49,808
24320	93,06315	-50,46336	93,71851	-49,80801
24340	93,71849	-50,46336	93,71849	-50,46337
24360	94,37385	-50,46336	93,71849	-49,80801
24380	94,37384	-49,15264	95,02919	-49,808
24400	95,02918	-49,808	95,02917	-49,808
24420	95,02917	-49,808	95,02916	-49,15264
24440	96,33988	-49,15264	95,68452	-49,15264
24460	96,33988	-49,80799	95,68452	-49,15264
24480	95,68452	-49,808	95,68453	-49,808
24500	95,68453	-49,80799	98,96138	-49,808
24520	98,30603	-49,808	98,30601	-50,46336
24540	98,96137	-49,80799	98,96136	-49,808
24560	99,61672	-49,80799	98,96136	-50,46336
24580	98,96136	-50,46335	98,96136	-49,80801
24600	99,61671	-50,46335	99,61671	-49,808
24620	99,61671	-50,46336	98,96135	-49,808
24640	98,96134	-50,46336	98,96134	-49,80801
24660	98,96133	-50,46336	98,96133	-49,80801
24680	98,96131	-50,46336	98,96131	-50,46337
24700	98,9613	-49,80801	98,96129	-50,46338
24720	99,61663	-49,80801	99,61664	-49,80801
24740	99,61662	-49,80801	100,27198	-49,15266
24760	100,27197	-49,80801	100,27197	-49,80802
24780	100,27197	-49,80802	100,27196	-49,80802
24800	100,27195	-49,80802	99,61658	-49,80802
24820	99,61658	-50,46337	100,27194	-49,80802
24840	99,61657	-50,46336	99,61658	-49,80802
24860	99,61657	-49,808	99,61658	-49,15265
24880	100,27194	-49,15264	109,44717	-47,18661
24900	115,34558	-47,18662	116,00096	-47,18664
24920	115,3456	-47,84199	116,00095	-48,49735
24940	116,00093	-49,15272	116,65627	-49,15273
24960	116,0009	-49,15272	116,65626	-49,80809
24980	116,65625	-49,80809	116,65624	-49,15273
25000	116,65624	-49,80809	116,65624	-49,15273
25020	116,65623	-49,80809	116,65624	-49,15273
25040	116,65623	-49,80808	116,65624	-49,15273
25060	116,65623	-49,80808	116,65624	-49,15273
25080	116,65625	-49,80808	116,65626	-49,15271
25100	107,48117	-44,56513	102,89363	-43,90977
25120	103,54897	-43,90977	104,20433	-43,90977
25140	105,51503	-44,56513	106,17038	-43,90978
25160	106,17038	-44,56513	106,82574	-43,90978
25180	106,82573	-43,90976	107,48109	-43,90977
25200	107,48109	-43,90976	107,48109	-43,90977
25220	106,82573	-43,90976	107,48109	-43,25441
25240	108,13645	-43,90976	108,13645	-43,25441
25260	108,13644	-43,2544	108,13644	-43,25441
25280	108,7918	-43,25441	108,7918	-43,25442
25300	109,44715	-43,25441	109,44716	-43,25442
25320	110,10251	-43,25441	110,10252	-42,59905
25340	110,10252	-42,59904	110,10254	-42,59904
25360	110,10255	-43,25439	110,10256	-42,59903
25380	110,10257	-42,59902	110,10258	-42,59903
25400	110,75794	-42,59903	110,1026	-42,59903
25420	110,75797	-42,59902	110,10263	-42,59903
25440	110,10264	-42,59901	110,10265	-42,59902
25460	110,10265	-42,59902	110,10266	-41,94366
25480	110,10265	-41,94365	110,10265	-42,59902
25500	110,10264	-42,59902	110,10264	-41,94366
25520	110,758	-42,59902	110,75799	-41,94367
25540	109,44726	-41,94364	87,82029	-39,32209
25560	66,84861	-38,01129	49,15384	-34,73441
25580	36,70196	-34,73437	28,83759	-33,42364
25600	28,83756	-34,73438	30,14824	-34,7344
25620	30,80356	-36,04512	31,45889	-36,70049
25640	32,11423	-37,35585	32,76958	-38,01123
25660	33,42493	-38,66658	34,08029	-39,32195
25680	34,73563	-39,97731	35,391	-39,97733
25700	36,04634	-39,97732	36,04633	-39,97734
25720	36,70168	-40,6327	37,35704	-40,63271
25740	38,01238	-41,28807	37,35702	-41,28807
25760	22,93907	-36,70045	7,86572	-34,07896
25780	2,62281	-32,76822	5,24425	-34,07896
25800	7,21032	-34,73344	8,52103	-34,73435
25820	9,83176	-35,3897	10,48712	-35,38972
25840	11,79785	-36,04508	12,45322	-36,70045
25860	13,10858	-36,70045	13,76396	-37,35582
25880	13,76396	-38,01118	13,76397	-38,01119
25900	13,76396	-38,01119	13,76396	-38,66655
25920	13,76395	-38,66655	13,10859	-39,3219
25940	13,10859	-39,3219	13,10859	-39,32191
25960	11,79787	-38,66652	3,27818	-38,01113
25980	3,27817	-37,35576	3,93354	-37,35577
26000	4,58888	-37,35577	3,93351	-37,35578
26020	4,58887	-37,35579	4,58887	-37,3558
26040	4,58889	-38,01117	4,58889	-38,01118
26060	4,5889	-38,66654	4,5889	-38,01119
26080	4,58889	-38,66655	4,58889	-38,66655
26100	4,58889	-38,66655	4,58888	-38,66655
26120	4,58887	-39,32191	4,58887	-39,32192
26140	4,58887	-39,32191	4,58887	-39,32191
26160	5,24423	-39,97727	5,24424	-39,97727
26180	4,58889	-39,97727	5,24425	-40,63264
26200	5,24425	-40,63263	5,24427	-40,63264
26220	5,89963	-41,28799	5,89964	-41,94336
26240	5,24428	-42,59872	5,89965	-42,59873
26260	5,89965	-43,25408	5,89966	-43,25409
26280	5,2443	-43,25408	5,2443	-43,90945
26300	5,24431	-44,5648	5,24432	-43,90945
26320	5,24432	-44,5648	5,24433	-44,56481
26340	5,24434	-44,56479	-0,65388	-43,25405
26360	-3,27532	-43,25404	-1,96457	-43,25405
26380	-1,30923	-43,25405	-1,30922	-43,25406
26400	-1,30923	-43,25405	-1,30924	-43,25406
26420	-0,65389	-43,25405	-1,30925	-42,59869
26440	-1,30925	-43,25405	-1,30925	-43,25405
26460	-1,30924	-43,25404	-1,30924	-43,90942
26480	-1,30924	-43,90941	-1,30923	-43,90942
26500	-1,30923	-43,90941	-1,96459	-43,90942
26520	-1,30924	-43,90942	-1,30924	-44,56479
26540	-1,30924	-44,56478	-1,30924	-43,90943
26560	-1,30924	-44,56478	-1,30924	-44,56479
26580	-1,30923	-45,22014	-1,30923	-45,22015
26600	-0,65387	-45,22015	-1,30922	-45,22016
26620	-1,30923	-45,87551	-1,30923	-45,87551
26640	-1,30924	-46,53086	-1,30923	-46,53088
26660	1,31224	-45,87552	1,31226	-46,53089
26680	1,9676	-47,18624	1,9676	-46,53088
26700	1,96759	-47,18624	1,96757	-47,18624
26720	2,62292	-47,84159	2,62292	-47,18624
26740	3,27827	-47,84159	2,62291	-47,8416
26760	2,62291	-47,8416	2,62291	-47,84161
26780	3,27827	-47,84161	3,27829	-47,84161
26800	3,27829	-48,49697	2,62293	-47,84162
26820	3,27829	-48,49697	3,2783	-48,49697
26840	3,27829	-48,49696	2,62293	-48,49697
26860	2,62293	-49,15233	3,27829	-48,49697
26880	3,27829	-48,49696	3,27829	-48,49697
26900	3,27828	-48,49696	3,27829	-48,49697
26920	3,27828	-49,15231	3,27828	-48,49696
26940	3,27829	-49,15232	3,27829	-49,15233
26960	2,62293	-49,15232	3,27829	-49,15233
26980	3,2783	-49,15231	2,62294	-49,15232
27000	2,62294	-49,15232	6,55512	-47,84162
27020	10,48734	-47,84163	11,14271	-48,49701
27040	11,1427	-49,15236	11,1427	-48,49701
27060	11,14269	-49,80772	11,14269	-49,15237
27080	11,14269	-49,80772	11,14269	-49,80773
27100	11,1427	-50,46308	11,1427	-49,80773
27120	11,1427	-49,80773	10,48734	-49,80773
27140	11,1427	-49,80773	11,1427	-49,80773
27160	10,48733	-50,46308	10,48733	-50,46309
27180	10,48733	-50,46308	9,83197	-50,46308
27200	9,83197	-50,46308	15,07491	-49,80775
27220	19,00715	-50,46312	19,00717	-51,1185
27240	19,00718	-51,11849	19,00719	-51,77386
27260	19,66255	-51,77385	19,66256	-51,77386
27280	19,66257	-52,42922	19,00722	-52,42922
27300	19,00723	-52,42922	19,00724	-52,42922
27320	19,00724	-53,08457	19,00723	-52,42922
27340	19,00722	-53,08457	18,35186	-52,42921
27360	19,00721	-52,4292	19,0072	-52,42921
27380	19,00718	-52,4292	19,00717	-51,77384
27400	19,00716	-51,77384	19,00714	-51,11848
27420	19,00712	-51,11848	19,00711	-50,46312
27440	19,0071	-51,11847	19,00709	-50,46312
27460	19,00708	-50,46312	19,00708	-50,46312
27480	19,66243	-49,80775	19,66243	-49,1524
27500	19,66243	-49,1524	19,66244	-49,15241
27520	19,66243	-49,15239	19,66243	-49,1524
27540	19,00707	-48,49703	21,62851	-47,84169
27560	24,90538	-47,84168	24,25	-47,18634
27580	25,5607	-47,84168	25,5607	-47,18633
27600	25,56068	-47,18633	26,21603	-47,18633
27620	26,21602	-47,84168	25,56065	-47,84169
27640	26,216	-47,84168	25,56064	-47,84169
27660	26,21599	-47,84168	26,21599	-47,84169
27680	26,21599	-47,84169	26,87134	-47,8417
27700	26,87134	-48,49705	26,87134	-47,84169
27720	26,87134	-47,84168	33,425	-45,22029
27740	44,56627	-45,87568	46,53239	-45,22034
27760	46,53238	-45,8757	46,53238	-46,53106
27780	47,18772	-47,18642	47,84307	-47,84179
27800	47,84306	-47,84179	47,84306	-47,8418
27820	47,84305	-49,15251	47,84305	-49,15252
27840	48,49841	-49,15251	49,15377	-49,15252
27860	49,15377	-49,80787	49,15376	-49,15252
27880	49,15376	-49,15251	49,80912	-49,80788
27900	49,80912	-49,15251	49,80913	-49,15252
27920	49,80912	-49,15251	49,15376	-49,15251
27940	49,80911	-49,80787	51,11984	-49,15252
27960	55,70745	-49,15253	54,39673	-49,8079
27980	55,05209	-49,80789	55,05208	-49,8079
28000	55,70743	-50,46325	55,05207	-49,8079
28020	55,70743	-50,46325	55,05207	-50,46326
28040	55,70743	-50,46325	55,05207	-50,46327
28060	55,70744	-51,11862	55,05208	-50,46326
28080	55,05208	-50,46326	55,05208	-50,46327
28100	54,39671	-50,46326	54,39671	-50,46326
28120	54,3967	-50,46325	54,3967	-50,46325
28140	54,3967	-50,46324	54,39669	-50,46325
28160	55,05205	-50,46324	55,05205	-50,46325
28180	55,7074	-49,80788	55,05204	-49,80789
28200	57,6735	-49,80789	58,98428	-49,8079
28220	58,98426	-49,15253	58,98426	-49,15254
28240	58,98427	-49,15253	58,98425	-49,8079
28260	59,63961	-49,80789	58,32889	-50,46326
28280	58,98425	-49,80788	58,98425	-49,15253
28300	59,6396	-49,80789	59,63961	-49,15254
28320	59,6396	-49,15253	58,98424	-48,49718
28340	59,6396	-48,49717	59,6396	-48,49718
28360	59,63959	-48,49717	58,98423	-48,49717
28380	59,63958	-48,49716	59,63958	-48,49717
28400	58,98422	-48,49716	58,98422	-49,15253
28420	58,32886	-49,15252	58,32886	-48,49717
28440	58,32887	-48,49716	58,32888	-48,49717
28460	58,98423	-48,49716	58,98423	-47,84181
28480	58,32887	-48,49716	58,32887	-48,49717
28500	58,98422	-47,84179	58,32886	-47,8418
28520	58,32885	-47,84179	58,32885	-47,18644
28540	58,32885	-47,84179	58,32886	-47,8418
28560	58,32885	-47,84179	58,32885	-47,8418
28580	58,32885	-47,84179	58,32885	-47,8418
28600	58,32885	-47,84179	58,32885	-47,18644
28620	58,32885	-47,84179	58,32885	-47,18644
28640	58,32884	-47,18643	58,32884	-47,8418
28660	58,32884	-47,84179	58,32885	-47,84179
28680	58,32885	-47,84064	58,32885	-48,49716
28700	58,32886	-47,84179	58,32886	-47,8418
28720	58,32886	-47,84179	59,6396	-47,18644
28740	64,2272	-47,84182	63,57187	-47,84183
28760	63,57184	-47,84182	63,57185	-48,49718
28780	63,57183	-48,49718	63,57182	-47,84183
28800	63,57181	-48,49718	63,57181	-48,49719
28820	64,22717	-49,15254	64,22717	-48,49719
28840	64,22717	-49,15254	63,57181	-49,15255
28860	63,57181	-49,15255	63,57182	-49,15256
28880	63,57181	-49,15255	63,57181	-49,15256
28900	63,5718	-49,15255	63,57181	-49,15255
28920	64,22716	-49,15255	64,22715	-49,15256
28940	64,88251	-49,15254	64,22714	-49,15253
28960	44,56632	-43,90952	26,21617	-39,97732
28980	24,90544	-38,66659	26,21615	-39,32196
29000	26,87145	-39,97733	28,18213	-39,97735
29020	28,83746	-40,6327	28,83744	-40,63271
29040	30,14814	-41,28807	30,14813	-41,28808
29060	30,80348	-41,28807	30,80347	-41,28808
29080	31,45883	-41,94344	31,45882	-41,94345
29100	31,45881	-41,94345	31,45881	-41,94345
29120	32,11416	-41,94344	32,11415	-41,94345
29140	32,11414	-42,5988	32,11413	-42,59881
29160	32,11413	-42,5988	31,45877	-42,5988
29180	32,11413	-43,25416	32,11414	-43,90954
29200	32,11416	-43,90953	32,11418	-43,25418
29220	32,11419	-43,90954	32,1142	-43,90955
29240	32,76956	-43,90955	32,76957	-43,90955
29260	32,76957	-43,90955	32,11421	-43,25419
29280	32,1142	-43,90954	31,45884	-43,90954
29300	31,45884	-43,90953	33,42495	-42,59884
29320	39,32331	-43,90957	38,66796	-43,90958
29340	38,66794	-43,90957	38,66797	-43,90849
29360	39,32332	-45,2203	39,32332	-45,22032
29380	39,97868	-45,22032	39,9787	-45,87569
29400	39,97869	-45,87568	39,9787	-45,87569
29420	39,9787	-46,53105	39,9787	-46,53105
29440	39,32334	-46,53104	39,32334	-46,53105
29460	39,32334	-47,1864	39,32334	-47,18641
29480	39,32334	-47,84176	39,32335	-47,18641
29500	39,32335	-47,18641	39,32337	-47,84178
29520	39,97872	-47,1864	39,97873	-47,84177
29540	39,97874	-47,84177	39,97875	-47,84178
29560	39,97875	-47,18641	39,97876	-47,18642
29580	39,97876	-47,84177	39,97876	-47,84178
29600	39,3234	-47,84177	39,97876	-47,84178
29620	40,63411	-47,84177	40,63411	-47,18642
29640	40,6341	-47,84177	39,97875	-47,84178
29660	40,6341	-47,84177	39,97875	-47,18641
29680	40,6341	-47,1864	39,97875	-47,18641
29700	39,97874	-47,1864	40,6341	-46,53104
29720	40,63409	-46,53103	40,63409	-46,53104
29740	43,91092	-45,87569	46,53247	-45,8757
29760	46,53244	-46,53106	46,53244	-46,53106
29780	46,53244	-46,53106	46,53243	-46,53106
29800	47,18777	-46,53106	46,5324	-47,18643
29820	46,53239	-46,53106	46,5324	-46,53107
29840	46,53239	-47,18642	46,53239	-47,18643
29860	45,22167	-47,18642	45,87703	-47,18643
29880	45,87702	-47,18642	45,22167	-47,18643
29900	45,87703	-47,84178	45,22168	-47,84178
29920	45,87704	-47,18642	45,87705	-46,53107
29940	45,87705	-47,18642	45,22169	-46,53107
29960	45,87705	-47,18642	45,22169	-47,18643
29980	45,22168	-47,18642	45,22169	-46,53106
30000	45,22169	-47,18641	45,22169	-47,18642
30020	44,56633	-47,84176	45,22169	-47,18642
30040	45,2217	-47,18641	46,53243	-46,53106
30060	51,12003	-45,8757	51,12004	-45,87571
30080	51,12003	-45,8757	51,77539	-45,87571
30100	51,77538	-46,53106	52,43074	-45,87571
30120	52,43074	-47,18642	52,43074	-46,53107
30140	52,43073	-46,53106	52,43073	-46,53107
30160	52,43073	-47,18642	52,43073	-46,53107
30180	53,08608	-47,18642	53,08609	-46,53107
30200	52,43073	-46,53106	52,43072	-46,53106
30220	53,08607	-46,53106	53,08607	-46,53106
30240	53,74143	-46,53106	53,74141	-46,53107
30260	53,74141	-46,53106	53,74141	-46,53107
30280	53,74142	-47,84178	53,74143	-47,18643
30300	53,08607	-47,84178	53,08607	-47,84179
30320	53,74143	-47,18643	53,08607	-47,18643
30340	53,74143	-47,18642	53,74143	-47,18643
30360	53,74143	-47,18642	53,08608	-47,18643
30380	53,74143	-47,84178	53,08607	-47,18643
30400	53,74143	-47,84179	53,74143	-47,18643
30420	54,39679	-47,84178	53,74145	-47,84179
30440	54,39682	-47,84179	53,74148	-47,84178
30460	38,66819	-44,56488	26,21632	-41,28805
30480	26,87169	-41,94341	28,18241	-41,28806
30500	28,83774	-42,59878	29,49307	-42,59879
30520	29,49307	-43,25414	30,14842	-42,59879
30540	30,14841	-43,25414	30,14841	-43,25415
30560	30,80376	-43,25414	31,45912	-43,25415
30580	31,45912	-43,25414	31,45913	-42,59879
30600	32,11449	-43,25415	32,76986	-43,25416
30620	32,76986	-43,90952	32,76986	-43,25417
30640	33,42521	-43,25416	33,42521	-42,5988
30660	32,76984	-43,25414	34,73593	-41,94344
30680	38,66814	-42,5988	38,01277	-42,59881
30700	38,01275	-43,25416	38,66812	-43,25417
30720	38,66811	-43,90952	39,32346	-43,25417
30740	39,32347	-43,25417	39,32347	-43,90954
30760	39,32347	-43,90953	39,97883	-43,90954
30780	39,97883	-43,90953	39,97882	-43,90954
30800	39,97881	-43,90952	39,9788	-43,25417
30820	39,97879	-43,25416	39,97879	-43,25416
30840	45,22172	-41,2881	53,74154	-40,63277
30860	53,74153	-41,9435	53,08617	-41,9435
30880	54,39689	-41,9435	54,39688	-41,94351
30900	55,05222	-43,25422	55,05223	-43,25424
30920	55,05222	-43,25423	55,05221	-43,9096
30940	55,05221	-43,90959	55,0522	-43,9096
30960	55,05219	-44,56494	55,05219	-44,56385
30980	55,05218	-44,56495	55,05218	-44,56496
31000	55,05219	-45,22032	55,05219	-45,22032
31020	55,70756	-45,87568	55,05221	-45,22033
31040	55,70757	-45,87569	55,70758	-45,8757
31060	56,36295	-45,8757	56,36295	-45,87571
31080	55,70759	-45,8757	56,36295	-46,53107
31100	56,36294	-46,53106	56,36294	-46,53107
31120	56,36293	-46,53106	56,36293	-47,18643
31140	56,36294	-47,18643	56,36294	-47,18643
31160	61,60589	-47,18646	64,8828	-47,18648
31180	63,57205	-47,84183	64,22741	-48,49721
31200	64,22742	-48,4972	64,88277	-48,49722
31220	64,88277	-49,15258	64,22742	-49,15259
31240	64,22741	-49,15258	64,22741	-49,80795
31260	64,22739	-50,4633	64,88274	-50,46331
31280	64,88273	-50,4633	64,88272	-50,46331
31300	64,88271	-51,11867	64,88273	-51,11868
31320	65,53809	-51,77404	64,88274	-52,42942
31340	66,19347	-51,77407	78,64552	-49,80805
31360	83,88851	-49,80807	83,88849	-49,80808
31380	84,54383	-51,1188	85,19918	-51,77418
31400	86,50987	-51,77418	87,16521	-52,42956
31420	87,82057	-53,74028	88,47592	-53,74029
31440	88,47592	-54,39565	89,13127	-53,7403
31460	89,78661	-54,39566	90,44196	-54,39566
31480	91,0973	-54,39566	91,09729	-54,39566
31500	91,09728	-54,39565	91,09727	-55,70638
31520	90,44191	-55,70637	89,78655	-56,36175
31540	89,78655	-57,01711	89,78655	-57,01711
31560	89,1312	-57,67247	89,78656	-53,08496
31580	89,78657	-57,67247	89,78657	-58,32785
31600	89,78657	-58,32784	89,78656	-58,32785
31620	89,78656	-58,32784	89,78657	-58,32784
31640	89,13121	-58,32784	89,13121	-58,32784
31660	88,47585	-58,32783	88,47585	-58,32784
31680	88,47586	-58,9832	89,13125	-58,32785
31700	98,30645	-56,36179	102,23876	-55,05109
31720	104,20485	-55,70645	104,86023	-56,36182
31740	104,86022	-57,01717	104,86021	-57,01717
31760	105,51555	-57,01717	106,17091	-57,01717
31780	106,1709	-57,67252	106,1709	-57,01717
31800	106,82625	-57,01715	106,82625	-56,36179
31820	107,48162	-57,01714	107,48161	-56,36178
31840	107,48161	-56,36178	107,48161	-55,70642
31860	110,1031	-55,70642	111,41389	-55,70644
31880	111,41388	-56,36179	111,41388	-55,70643
31900	111,41387	-56,36177	112,06923	-56,36178
31920	112,06922	-56,36177	112,06921	-55,70641
31940	112,06921	-56,36176	112,06921	-55,70641
31960	112,06921	-55,05104	112,06922	-55,05105
31980	112,06921	-55,05104	112,06921	-54,39568
32000	112,72455	-55,7064	112,72455	-54,39568
32020	112,72454	-54,39567	113,3799	-54,39568
32040	112,72453	-54,39424	112,72453	-53,74031
32060	116,65674	-52,4296	126,48735	-50,46355
32080	129,10885	-50,46355	128,45349	-51,77428
32100	129,10886	-51,1189	129,10885	-51,77428
32120	129,76419	-52,42963	130,41955	-51,77429
32140	131,0749	-52,42964	130,41954	-52,42964
32160	131,07489	-53,085	131,07489	-53,08501
32180	131,07488	-53,08352	130,41952	-53,085
32200	131,73023	-53,08499	131,07487	-53,085
32220	131,73022	-53,74036	131,07486	-53,085
32240	131,07486	-53,74035	131,07486	-53,085
32260	131,07485	-53,74035	131,07486	-53,74036
32280	131,73021	-53,74035	131,07484	-53,085
32300	131,07483	-53,08498	131,07483	-53,085
32320	131,73019	-53,08499	131,07484	-53,085
32340	131,7302	-53,08499	125,83197	-51,77424
32360	111,41396	-51,11883	107,48179	-50,46347
32380	108,13717	-50,46347	108,13715	-49,80812
32400	109,44784	-50,46348	109,44784	-51,11884
32420	109,44783	-51,11884	110,10318	-51,11885
32440	110,10317	-51,11884	110,10318	-51,77421
32460	110,10317	-51,7742	110,75853	-51,77421
32480	110,75853	-52,42956	110,75853	-52,42957
32500	110,75853	-52,42956	110,75853	-51,77421
32520	110,75853	-52,42957	110,75854	-52,42957
32540	110,75854	-52,42956	110,75853	-52,42957
32560	111,41389	-52,42955	110,75853	-53,08492
32580	110,75853	-52,42956	110,75853	-52,42956
32600	110,75852	-53,08492	110,75853	-53,08493
32620	110,75853	-53,08492	110,10317	-53,08493
32640	110,10316	-52,42956	110,10317	-53,08493
32660	110,10317	-53,08492	110,75853	-53,08493
32680	110,10316	-53,08492	110,10316	-53,08493
32700	110,10315	-53,08492	110,10315	-53,08493
32720	110,10314	-53,08492	118,62294	-49,15279
32740	131,07501	-47,8421	133,04112	-48,49747
32760	132,38571	-49,15282	133,04107	-49,80819
32780	133,69639	-50,46354	134,35173	-49,80819
32800	135,00708	-50,46355	135,00708	-50,46356
32820	135,00707	-51,11892	135,00708	-51,11893
32840	135,00707	-51,77428	135,00707	-51,77429
32860	135,66243	-51,77429	135,66242	-51,7743
32880	135,66241	-51,77429	135,6624	-51,7743
32900	136,31774	-51,77429	136,97311	-51,7743
32920	136,31774	-51,77429	136,31775	-51,7743
32940	136,31774	-51,7743	135,66239	-52,42967
32960	135,66239	-52,42966	135,6624	-51,77431
32980	135,66239	-52,42966	136,31774	-52,42968
33000	136,31772	-52,42967	136,3177	-53,08505
33020	136,97304	-52,42968	137,62838	-52,42969
33040	138,28372	-52,42968	138,2837	-52,42969
33060	138,28369	-52,42967	114,69067	-47,84201
33080	73,40277	-43,25432	39,9792	-38,66665
33100	15,07543	-33,42364	5,90034	-32,11294
33120	10,48778	-32,76832	12,45381	-33,42371
33140	14,4198	-33,42372	15,73047	-34,07911
33160	17,04114	-34,07912	17,69645	-35,38986
33180	19,00713	-36,04522	19,66247	-36,7006
33200	20,31779	-37,35596	20,97313	-37,35597
33220	21,62847	-38,01132	21,62846	-38,6667
33240	22,2838	-39,97742	22,28379	-39,97743
33260	22,93913	-40,63278	23,59448	-40,6328
33280	24,24983	-40,63279	14,41941	-37,35591
33300	-0,65394000000001	-35,38977	-3,2754	-34,07907
33320	-0,65398	-34,73442	0,0013499999999951	-34,73444
33340	0,65667	-35,3898	0,65666	-35,38981
33360	1,31199	-36,04517	1,31198	-36,70054
33380	1,96733	-37,35589	1,96734	-36,70053
33400	1,96734	-38,01125	1,96733	-37,3559
33420	1,96732	-38,01124	2,62268	-38,01125
33440	2,62267	-38,01124	2,62267	-38,01124
33460	2,62265	-38,66659	3,27801	-38,66659
33480	3,93336	-38,66658	3,93335	-38,66658
33500	4,58872	-38,01122	9,17631	-38,6666
33520	9,17633	-39,32196	9,17632	-39,32196
33540	9,83169	-38,66659	9,83169	-39,32196
33560	9,83168	-39,32195	9,83169	-38,6666
33580	9,83169	-39,97732	9,8317	-39,32197
33600	9,83169	-39,97732	9,8317	-39,32197
33620	10,48706	-39,97732	9,83171	-39,97733
33640	10,48706	-39,97732	9,8317	-39,32196
33660	10,48706	-39,32196	10,48707	-39,32197
33680	10,48707	-39,32196	10,48708	-39,97733
33700	10,48708	-39,97731	10,48709	-39,97732
33720	9,83174	-39,97731	9,83176	-40,63268
33740	10,48713	-40,63268	9,83179	-40,63268
33760	9,8318	-41,28803	9,83181	-40,63268
33780	10,48718	-41,28803	9,83183	-41,28803
33800	9,83183	-40,63266	9,83185	-41,28802
33820	10,48721	-40,63265	10,48722	-41,28802
33840	9,83188	-41,28802	9,83189	-41,28802
33860	9,17655	-41,28802	9,83192	-41,94339
33880	9,17657	-42,59875	9,17659	-42,59876
33900	9,17659	-42,59875	9,1766	-43,25411
33920	9,1766	-43,2541	9,17659	-43,25411
33940	9,1766	-43,90946	9,17661	-43,2541
33960	9,17662	-43,90946	9,17663	-44,56483
33980	9,17664	-45,22019	9,17666	-45,2202
34000	9,17667	-45,87555	9,17669	-46,53092
34020	9,1767	-46,53091	9,17671	-46,53092
34040	9,83207	-47,18627	9,83462	-47,18628
34060	9,83207	-47,18628	9,17672	-47,18629
34080	9,83209	-47,84164	9,17674	-47,84165
34100	9,17674	-49,15236	9,17675	-49,15237
34120	9,17675	-49,15237	8,52139	-49,15238
34140	9,17676	-49,15237	9,17677	-49,80774
34160	8,52142	-50,4631	8,52143	-50,46311
34180	8,52143	-50,4631	8,52144	-51,11848
34200	8,52145	-51,11847	8,52145	-51,77384
34220	9,1768	-51,77384	9,1768	-51,77385
34240	9,17679	-52,4292	9,17679	-52,42921
34260	9,17679	-52,4292	9,17679	-53,08457
34280	8,52144	-53,08457	8,52146	-53,08458
34300	8,52148	-53,08457	8,52154	-51,11846
34320	11,79852	-47,18627	3,93465	-42,5987
34340	-1,96293	-34,73426	-5,89451	-29,49129
34360	-9,82629	-26,21443	-11,79219	-26,86979
34380	-11,13683	-32,11266	-8,51541	-39,32162
34400	-7,20475	-43,90916	-8,51556	-47,84135
34420	-10,48177	-49,80745	-11,13729	-51,11821
34440	-8,51599	-52,42894	-6,55004	-53,08432
34460	-4,58407	-54,39505	-2,61811	-55,05043
34480	-1,30749	-57,01652	-0,6522	-57,6719
34500	0,65846	-58,32727	0,65842	-58,32729
34520	0,65839	-58,98264	0,0030599999999978	-58,98264
34540	0,0030900000000003	-59,63798	0,65844999999999	-59,63799
34560	1,31376	-59,638	1,96906	-59,63803
34580	2,62435	-59,63804	3,93501	-60,29344
34600	4,5903	-60,9488	5,90097	-60,94882
34620	7,21162	-61,60419	7,86692	-61,6042
34640	8,52222	-62,25957	9,83288	-62,25958
34660	11,14354	-62,91494	11,14349	-62,91495
34680	10,48811	-62,91494	4,5899	-63,57028
34700	6,55596	-63,57029	7,2113	-63,57031
34720	7,8666	-64,22567	8,5219	-64,22569
34740	9,83257	-64,88105	10,48789	-64,88107
34760	11,14322	-65,53643	11,79856	-64,88109
34780	12,45389	-65,53644	12,45388	-64,8811
34800	13,10921	-65,53646	12,45385	-65,53647
34820	12,45384	-65,53646	13,10919	-65,53647
34840	13,10917	-65,53646	12,45381	-65,53647
34860	13,10916	-66,19182	12,45381	-65,53647
34880	12,4538	-65,53646	12,4538	-64,88111
34900	12,45379	-64,8811	13,10915	-64,88111
34920	13,10914	-64,8811	13,7645	-64,88111
34940	13,76447	-64,8811	13,76448	-64,88111
34960	13,76447	-64,88111	13,76447	-64,88112
34980	13,76447	-64,88111	13,76447	-64,22576
35000	13,76446	-64,88111	13,76446	-64,22576
35020	13,76446	-64,22575	13,1091	-64,22576
35040	13,76446	-64,22576	13,76446	-64,88112
35060	13,76446	-64,22575	13,76446	-64,22575
35080	13,76445	-64,22575	14,4198	-64,22576
35100	14,4198	-64,22575	14,4198	-64,22576
35120	14,4198	-63,57039	14,4198	-64,22576
35140	14,4198	-64,22575	14,41981	-63,5704
35160	14,4198	-64,22575	13,76444	-64,22576
35180	14,41981	-64,22575	14,4198	-63,5704
35200	14,4198	-64,22574	14,4198	-63,57039
35220	15,07515	-63,57038	15,07516	-63,57039
35240	14,41979	-63,57038	14,41979	-63,57039
35260	15,07514	-62,91502	14,41978	-63,57038
35280	14,41979	-63,57038	14,41979	-63,57039
35300	14,41979	-63,57037	13,76444	-62,91502
35320	14,41979	-63,57038	14,4198	-63,57038
35340	14,41979	-63,57037	13,76444	-63,57038
35360	13,76445	-63,57036	13,76446	-62,91501
35380	13,76445	-63,57037	13,76444	-63,57037
35400	13,76443	-64,22572	13,76443	-63,57037
35420	13,76442	-63,57036	13,76442	-63,57037
35440	13,76441	-63,57036	13,7644	-63,57037
35460	13,7644	-63,57036	13,76441	-62,91501
35480	9,17689	-61,60423	2,62329	-60,29351
35500	4,58937	-59,63815	4,58936	-59,63816
35520	4,58933	-60,29351	5,24469	-59,63817
35540	5,24467	-60,29352	5,24466	-60,29353
35560	5,90001	-59,63816	5,24465	-59,63816
35580	5,89999	-59,63815	5,89998	-58,9828
35600	5,89998	-59,63815	5,89998	-58,9828
35620	5,89997	-59,63815	6,55533	-59,63816
35640	5,89997	-58,98279	6,55533	-58,9828
35660	6,55533	-59,63816	6,55533	-59,63816
35680	6,55532	-59,63816	6,55532	-59,63817
35700	7,21068	-59,63817	7,21066	-59,63817
35720	7,21065	-59,63816	7,866	-58,98281
35740	7,86598	-58,9828	8,52134	-59,63817
35760	8,52134	-58,9828	8,52135	-59,63817
35780	20,97331	-55,0507	54,39703	-50,46331
35800	87,16546	-47,18665	111,41412	-43,25458
35820	119,93395	-43,90997	119,27853	-45,87608
35840	121,24453	-47,84216	123,21055	-48,49756
35860	124,52119	-50,46365	125,83185	-51,11903
35880	127,14253	-52,42975	127,79786	-52,42977
35900	129,10855	-53,08513	129,10854	-53,74051
35920	130,41923	-54,39587	131,07459	-55,05124
35940	131,72993	-55,7066	131,72992	-55,70661
35960	132,38527	-55,7066	132,38526	-56,36197
35980	132,38526	-57,01733	132,38525	-57,01733
36000	133,04061	-57,01732	133,04061	-57,01733
36020	133,69597	-57,67268	133,69597	-57,01732
36040	133,69598	-57,01731	136,97283	-53,74051
36060	136,97289	-52,42977	136,97286	-53,08515
36080	137,62821	-53,74049	137,62821	-53,08514
36100	136,97284	-53,74048	137,62819	-53,08513
36120	137,62818	-54,39584	136,97282	-53,74049
36140	136,97282	-53,74047	137,62819	-53,08512
36160	137,62819	-53,08511	136,97284	-53,08512
36180	137,62821	-52,42975	137,62821	-52,42976
36200	136,97285	-52,42974	136,97286	-51,77439
36220	136,97285	-51,77438	143,52655	-49,15295
36240	143,52659	-49,8083	143,52656	-49,15295
36260	144,18191	-49,80829	144,83724	-49,8083
36280	144,83721	-49,15293	144,83721	-49,15294
36300	145,49256	-49,80829	146,14793	-49,15294
36320	146,14793	-49,15294	-20,96886	-49,15294
36340	146,8033	-48,49758	146,14795	-48,49759
36360	146,14794	-49,15294	146,14793	-48,49759
36380	146,14792	-48,49757	145,49255	-48,49757
36400	144,83718	-48,49756	144,8372	-48,49756
36420	145,49258	-48,49754	144,18192	-48,49753
36440	140,90526	-47,84208	116,657	-41,28827
36460	76,02498	-36,04512	41,94669	-22,93765
36480	12,45601	-18,34993	-0,65107	-15,07304
36500	-9,82611	-15,72835	-13,75827	-16,38371
36520	-20,31187	-16,38371	-25,55481	-17,69447
36540	-24,89971	-20,31598	-20,96782	-23,59284
36560	-16,38057	-26,86968	-12,44866	-28,8358
36580	-9,82745	-31,45729	-7,20618	-32,76807
36600	-4,58487	-34,07882	-2,6189	-35,38957
36620	-1,30829	-36,7003	0,0023300000000006	-37,35568
36640	1,31296	-38,01103	2,62361	-38,66641
36660	3,27891	-39,32177	3,93421	-39,97715
36680	4,58953	-40,6325	5,24484	-40,63252
36700	5,90016	-41,28788	6,55548	-40,63253
36720	6,55545	-41,2879	11,14299	-41,28793
36740	13,1091	-42,59866	13,76443	-42,59867
36760	13,76441	-43,25403	14,41974	-43,25404
36780	15,07507	-43,9094	15,07506	-44,56477
36800	14,41969	-44,56476	15,07505	-44,56477
36820	15,07505	-44,56476	15,07505	-45,22013
36840	15,73041	-44,56477	15,73041	-44,56477
36860	15,07504	-44,56478	15,07504	-44,56478
36880	15,73039	-44,56478	15,07503	-44,56478
36900	15,07502	-45,22014	15,07503	-44,56479
36920	14,41966	-45,22014	14,41966	-45,22016
36940	14,41965	-45,22015	14,41965	-45,22015
36960	14,41965	-44,56479	14,41965	-45,22016
36980	14,41965	-45,22015	15,07501	-45,22016
37000	15,07501	-45,22015	15,07502	-45,22016
37020	17,69646	-45,22016	19,00723	-44,56481
37040	19,0072	-45,87553	19,00718	-45,22018
37060	19,00718	-45,22017	19,66253	-45,22017
37080	19,66251	-45,22017	19,66251	-45,22018
37100	19,66252	-45,87553	20,31788	-45,22018
37120	20,31789	-45,87554	20,31789	-45,22019
37140	20,31789	-45,87554	20,3179	-45,87555
37160	20,97326	-46,53091	20,3179	-45,87555
37180	20,97326	-45,87554	20,97326	-45,87555
37200	20,97326	-45,87554	20,31791	-45,87555
37220	20,31794	-46,53089	19,6626	-46,5309
37240	19,66261	-46,53088	19,66263	-47,18625
37260	19,66263	-47,18623	9,83225	-44,56473
37280	4,58938	-43,254	6,55547	-43,90937
37300	7,21082	-44,56474	7,86615	-43,9094
37320	8,5215	-45,22012	9,17686	-45,87549
37340	8,52148	-45,87549	9,83219	-45,8755
37360	9,83217	-45,87549	10,48753	-46,53086
37380	10,48753	-46,53086	10,48753	-46,53086
37400	11,14287	-47,18622	10,48751	-47,84159
37420	11,79822	-48,49695	11,14286	-47,84159
37440	11,79822	-48,49695	11,79824	-48,49696
37460	11,79826	-49,15232	12,45364	-49,15233
37480	12,45365	-49,80769	12,45366	-49,8077
37500	12,45365	-49,80769	12,45366	-49,80769
37520	12,45365	-50,46304	12,45365	-50,46305
37540	12,45365	-51,1184	12,45365	-51,11841
37560	12,45366	-51,77376	12,45367	-51,77377
37580	12,45369	-52,42913	12,4537	-52,42914
37600	12,45372	-52,42914	12,45374	-51,77379
37620	13,1091	-52,42915	13,10911	-52,42916
37640	12,45374	-53,08451	12,45373	-52,42916
37660	12,45372	-53,08451	12,45372	-53,08451
37680	12,45371	-53,73986	12,45372	-53,73987
37700	13,10909	-54,39523	13,10911	-53,73988
37720	13,10912	-55,05061	12,45379	-55,05062
37740	13,10916	-55,05062	13,10918	-55,05064
37760	13,10918	-55,05063	13,10919	-55,706
37780	13,76454	-55,70599	13,10917	-55,70599
37800	13,76452	-56,36134	13,76452	-57,01671
37820	14,41987	-57,0167	14,41987	-57,67206
37840	15,07522	-57,0167	15,07523	-57,67207
37860	15,73059	-58,32743	15,7306	-57,67208
37880	15,7306	-58,32743	15,73061	-58,32744
37900	18,35206	-58,32744	22,28431	-58,32746
37920	20,97357	-58,98282	21,62891	-58,98283
37940	21,62889	-58,98281	21,62888	-58,98283
37960	22,93957	-58,98281	22,93957	-58,98282
37980	22,93956	-58,98281	23,59492	-58,98282
38000	24,25028	-58,98281	24,25027	-58,32746
38020	24,25027	-58,98281	24,90562	-58,32746
38040	24,90561	-58,32745	24,9056	-58,98281
38060	24,90559	-58,32744	24,25022	-58,32744
38080	24,90558	-58,9828	24,90558	-58,9828
38100	28,83777	-57,01674	36,04686	-57,67213
38120	36,70222	-57,67213	36,04686	-58,3275
38140	36,70221	-57,67213	36,70219	-58,3275
38160	37,35751	-58,32749	37,35751	-58,3275
38180	37,3575	-58,98285	37,35749	-58,3275
38200	37,35749	-58,32749	37,35749	-58,3275
38220	37,35749	-58,98285	36,70213	-58,98287
38240	37,35749	-58,98285	36,70213	-58,98286
38260	36,04677	-58,98286	36,04677	-58,98286
38280	36,04677	-58,98286	35,39141	-58,98287
38300	35,39141	-58,98286	34,73605	-59,63823
38320	34,73605	-59,63821	34,08069	-59,63823
38340	34,08069	-60,29358	34,0807	-59,63823
38360	34,0807	-60,29358	33,42535	-59,63822
38380	34,08072	-59,63822	37,35756	-59,63824
38400	40,63443	-60,29361	39,97905	-59,63825
38420	39,97903	-59,63825	40,63439	-59,63826
38440	40,63438	-59,63825	40,63437	-59,63825
38460	39,979	-59,63824	39,979	-59,63825
38480	39,979	-59,63825	40,63437	-58,9829
38500	39,97901	-58,32753	40,63438	-57,01682
38520	40,63438	-57,01681	40,63438	-56,36145
38540	41,28974	-56,36145	40,63438	-55,70609
38560	40,63438	-55,05071	40,63439	-55,05072
38580	44,56661	-54,39537	50,46495	-53,74003
38600	51,77568	-55,05075	51,12033	-54,3954
38620	51,77568	-55,05075	52,43103	-55,05076
38640	53,08637	-55,05076	53,74172	-54,3954
38660	55,05242	-55,05075	54,39705	-54,3954
38680	55,0524	-55,05074	55,05238	-53,74003
38700	55,05237	-53,74002	55,05235	-53,08467
38720	55,05233	-53,08465	55,05232	-53,08466
38740	55,05231	-53,08465	55,70767	-53,08466
38760	55,70767	-53,74001	55,70767	-53,08466
38780	55,70767	-53,74001	55,05231	-53,74002
38800	55,0523	-54,39537	54,39694	-53,74002
38820	54,39694	-54,39537	53,74159	-54,39538
38840	53,08623	-55,05073	53,08624	-55,05074
38860	53,08624	-55,05074	52,43088	-55,70611
38880	52,43088	-55,7061	52,43088	-55,70611
38900	52,43088	-55,7061	51,77553	-55,7061
38920	55,70773	-54,39539	58,32923	-53,08469
38940	58,3292	-53,74005	58,98454	-53,74005
38960	58,98454	-53,74006	58,98451	-53,74007
38980	59,63984	-54,39542	59,63983	-54,39543
39000	59,63982	-55,05079	59,63982	-54,39544
39020	59,63981	-55,0508	58,98446	-55,70617
39040	58,98446	-55,70616	58,98446	-56,36152
39060	58,3291	-57,01688	57,67375	-56,36152
39080	57,01838	-56,3615	56,36304	-56,36151
39100	65,5382	-53,74011	81,26712	-53,08481
39120	85,85476	-53,08483	83,88867	-53,08484
39140	83,88867	-54,39556	84,54401	-55,70629
39160	84,54399	-56,36165	85,19934	-57,01702
39180	85,19931	-58,32774	85,1993	-58,32775
39200	85,19929	-58,9831	85,19929	-59,63847
39220	85,19929	-59,63847	85,1993	-60,29385
39240	85,1993	-60,9492	85,19932	-60,94921
39260	85,19932	-61,60457	85,19934	-61,60458
39280	85,19934	-61,60458	85,19934	-62,25995
39300	85,85471	-62,9153	85,85472	-62,25995
39320	85,85473	-62,25994	83,88865	-61,60457
39340	79,30111	-61,60455	81,26721	-60,94921
39360	81,92256	-62,25992	81,92255	-61,60457
39380	83,23325	-61,60456	83,23325	-61,60457
39400	83,8886	-62,25992	84,54395	-61,60457
39420	85,1993	-60,9492	85,85466	-60,94921
39440	85,85465	-60,9492	86,51001	-60,29384
39460	87,16535	-59,63847	87,8207	-58,32775
39480	87,82069	-58,32773	88,47605	-57,01701
39500	-43,90667	-57,017	88,47603	-55,70627
39520	89,78674	-55,05089	89,78674	-54,39553
39540	90,44209	-53,74015	91,09745	-53,08479
39560	91,75282	-52,42943	95,02969	-51,77408
39580	95,02972	-52,42944	95,02972	-52,42945
39600	95,02973	-51,77408	95,02974	-51,77408
39620	95,02973	-51,77408	95,02974	-51,77409
39640	95,02975	-52,42944	95,02975	-52,42944
39660	95,02975	-52,42944	95,02975	-52,42945
39680	95,02974	-52,42944	95,02974	-51,77408
39700	95,02974	-51,77407	95,02973	-51,77407
39720	95,68508	-51,1187	95,68508	-51,11871
39740	95,68507	-51,1187	95,02973	-50,46334
39760	95,68509	-51,1187	96,34047	-49,80799
39780	108,79251	-45,87587	120,58924	-44,56518
39800	122,55534	-45,87592	121,24461	-47,18664
39820	121,24461	-47,842	122,55531	-48,49737
39840	121,89992	-49,80808	123,21062	-49,80809
39860	123,21061	-51,1188	123,21059	-50,46345
39880	123,21058	-50,46344	123,21056	-50,46345
39900	123,86591	-51,1188	123,86592	-51,11881
39920	123,21055	-51,11881	123,86593	-51,77418
39940	123,86592	-52,42954	123,21056	-52,42955
39960	123,21056	-52,42954	123,21057	-52,42955
39980	123,21056	-53,08491	123,21056	-53,08492
