T	LX	LY	RX	RY
0	0	0	0	0
20	1,96608	-1,31073	8,51985	-2,62144
40	10,48607	-2,62144	9,17788	-1,96607
60	8,51993	-1,96608	9,17529	-1,31072
80	9,17528	-1,96609	9,17527	-1,96608
100	9,17782	-2,62146	9,17526	-2,62145
120	9,17526	-3,27682	9,83062	-2,62146
140	9,83061	-3,27683	9,83061	-3,93218
160	9,8306	-4,58756	9,83316	-3,93219
180	9,8306	-4,58756	9,8306	-4,58755
200	9,8306	-4,58757	9,17524	-4,58755
220	9,8306	-5,24293	9,8306	-4,58755
240	9,8306	-5,24292	9,17524	-4,58755
260	9,8306	-5,24292	9,8306	-4,58755
280	9,17523	-5,24292	9,83059	-4,58755
300	9,17524	-5,24292	9,17524	-4,58755
320	9,17524	-5,24292	9,17524	-4,58755
340	9,17524	-5,24292	9,17524	-5,24291
360	8,51988	-5,89828	8,51988	-4,58755
380	9,17524	-5,24291	8,51988	-4,58754
400	8,51988	-5,24291	8,51987	-4,58754
420	8,51987	-5,24291	8,51987	-4,58754
440	8,51987	-5,24291	8,51988	-3,93218
460	8,51987	-5,24291	8,51987	-4,58754
480	8,51987	-4,58754	7,86452	-3,93217
500	7,86451	-4,58754	7,86451	-3,93217
520	7,20915	-3,93217	7,86451	-3,2768
540	7,20916	-4,58753	7,86452	-3,2768
560	7,20916	-3,93216	7,20916	-3,27679
580	7,20916	-3,93216	6,5538	-2,62143
600	7,20916	-3,2768	7,20915	-3,27679
620	7,86451	-3,2768	7,86451	-3,27679
640	7,86451	-3,93216	7,86451	-2,62143
660	7,8645	-3,2768	7,8645	-2,62142
680	7,8645	-3,2768	8,51985	-2,62143
700	7,8645	-2,62144	7,86449	-1,96607
720	8,51985	-2,62144	8,51985	-2,62143
740	8,51985	-3,2768	8,51985	-2,62144
760	7,86448	-3,93216	8,51984	-2,62144
780	8,51984	-3,27682	8,51984	-2,62144
800	8,51983	-3,27681	8,51983	-2,62144
820	8,51983	-3,27681	8,51983	-2,62144
840	8,51982	-3,27681	8,51982	-2,62145
860	8,51982	-3,93218	8,51982	-3,27681
880	8,51982	-3,93218	9,17518	-3,27682
900	9,17517	-4,58755	9,17517	-3,93217
920	8,51981	-4,58755	9,17517	-3,93218
940	9,17517	-4,58755	9,17517	-3,93217
960	9,17517	-3,93218	9,17517	-3,27681
980	9,17516	-3,93218	9,17516	-3,2768
1000	9,17517	-3,27682	9,17517	-2,62144
1020	9,17517	-3,93218	9,17517	-3,27681
1040	9,17517	-3,93218	9,17517	-3,27681
1060	8,51981	-3,93218	9,17517	-3,27681
1080	8,51981	-3,93218	9,17517	-3,93217
1100	8,51981	-3,93218	8,51981	-3,93217
1120	8,51981	-3,93218	8,51981	-3,93217
1140	8,51981	-4,58755	8,51981	-4,58754
1160	8,5198	-4,58755	8,51981	-4,58754
1180	-42,59828	-5,24291	8,5198	-3,93218
1200	8,51979	-5,24291	8,5198	-4,58754
1220	8,5198	-5,24291	9,17516	-3,93218
1240	8,5198	-5,24291	8,51981	-4,58754
1260	8,51981	-5,89827	8,51981	-4,58754
1280	8,5198	-5,89827	8,51981	-5,2429
1300	9,17519	-5,89826	9,83059	-5,24289
1320	9,17523	-5,89826	9,17523	-5,24289
1340	9,17523	-5,89826	9,17523	-5,24289
1360	9,17523	-5,89826	9,17523	-5,24289
1380	9,17523	-5,89826	8,51987	-5,24289
1400	8,51987	-5,89826	8,51987	-5,24289
1420	8,51987	-5,89826	7,86451	-5,24289
1440	7,86452	-6,55362	8,51987	-5,89825
1460	7,86451	-6,55362	7,86452	-5,89825
1480	7,86452	-7,20898	7,2093	-7,86432
1500	8,52018	-8,51969	8,52023	-7,20897
1520	7,86486	-7,86433	8,52021	-7,86432
1540	8,52021	-7,86433	8,52021	-7,86432
1560	8,52021	-8,51969	8,5202	-7,86433
1580	9,17556	-9,17506	9,83092	-8,5197
1600	9,83092	-9,17507	10,48627	-8,5197
1620	10,48627	-9,17507	10,48627	-8,5197
1640	10,48627	-8,51971	10,48626	-7,86433
1660	10,48626	-7,86434	10,48626	-7,20897
1680	10,48626	-8,5197	11,14162	-7,86433
1700	11,14162	-8,5197	11,14162	-7,86433
1720	11,79698	-9,17506	11,79699	-8,51969
1740	11,79699	-9,17505	11,79699	-8,51968
1760	11,79699	-8,51969	12,45235	-7,86432
1780	18,3507	-7,86433	30,14735	-5,89823
1800	34,73493	-7,20897	33,4242	-5,89824
1820	33,42419	-5,89824	34,07955	-5,89823
1840	34,73491	-6,5536	34,7349	-5,89823
1860	35,39026	-7,20896	34,73491	-6,55359
1880	35,39027	-7,86432	35,39027	-7,20895
1900	35,39027	-7,86431	35,39027	-7,20894
1920	35,39027	-8,51967	36,04563	-7,20894
1940	36,04563	-7,86431	36,70099	-7,20894
1960	36,701	-7,20894	36,701	-6,55357
1980	36,701	-7,8643	37,35636	-7,20893
2000	37,35637	-7,8643	37,35637	-7,86428
2020	36,70101	-8,51966	36,70101	-7,86429
2040	36,04565	-8,51965	36,70101	-8,51964
2060	36,04565	-9,17501	36,04564	-8,51964
2080	36,04564	-9,83037	35,39028	-9,175
2100	34,73492	-9,83037	34,73492	-9,175
2120	34,73491	-9,17501	34,07955	-8,51964
2140	33,42419	-9,17501	33,42419	-7,20892
2160	32,76882	-7,86429	32,11345	-5,8982
2180	30,80273	-5,8982	30,14735	-3,27675
2200	30,14736	-3,27676	30,80272	-1,96603
2220	48,49758	-0,65531	56,36201	1,31077
2240	56,36203	4,0000000005591E-5	56,36203	5,000000000166E-5
2260	58,32812	-0,65532	59,63885	-1,31068
2280	60,94958	-3,27677	61,60495	-3,93212
2300	62,26031	-5,89821	63,57105	-6,55356
2320	64,22641	-8,51965	64,88178	-7,86428
2340	64,22644	-9,83037	64,88181	-9,175
2360	64,88182	-9,83036	64,88183	-9,17499
2380	64,88183	-9,175	64,88184	-8,51963
2400	64,88183	-9,17499	64,22648	-7,86426
2420	63,57112	-8,51963	63,57111	-7,2089
2440	62,91575	-7,86427	62,91575	-7,2089
2460	62,26038	-7,20891	61,60502	-6,55354
2480	60,94965	-7,2089	59,63892	-6,55354
2500	58,98355	-6,55355	58,32819	-5,89818
2520	66,19257	-6,55355	67,50333	-5,89818
2540	65,53722	-7,20891	64,88185	-6,55354
2560	64,88184	-7,86427	63,57112	-7,86427
2580	63,5711	-8,51964	62,91573	-8,51963
2600	62,26037	-9,17499	62,26037	-8,51963
2620	62,26037	-9,175	61,605	-8,51962
2640	61,605	-9,83036	61,605	-9,17499
2660	61,605	-9,83036	61,60501	-9,83035
2680	61,605	-10,48572	62,26036	-9,83035
2700	62,26037	-10,48572	62,26036	-9,83035
2720	62,26036	-11,14109	73,40156	-10,48572
2740	91,75193	-10,48571	96,33959	-9,17498
2760	95,02886	-9,17498	93,71811	-8,5196
2780	94,37347	-9,17498	95,02883	-8,51961
2800	95,02883	-9,17498	96,33955	-9,17498
2820	96,33955	-9,83035	96,99491	-9,17498
2840	97,65027	-9,83036	98,30564	-9,17498
2860	98,30565	-9,17499	98,96101	-9,17498
2880	99,61638	-9,175	99,6164	-9,17498
2900	100,27176	-9,83035	101,58249	-9,17499
2920	101,58249	-10,48571	98,96101	-9,83034
2940	98,30564	-11,79644	98,30564	-11,79643
2960	98,96101	-13,10716	99,61637	-12,45179
2980	100,27171	-13,10715	99,61635	-13,10714
3000	99,61634	-13,76252	98,96098	-13,10714
3020	98,96097	-13,76252	97,65024	-12,45179
3040	97,65022	-13,10715	96,99485	-12,45179
3060	96,33949	-12,4518	95,68412	-11,79643
3080	95,02875	-11,79643	95,02875	-10,4857
3100	95,02875	-11,14107	94,37339	-9,83034
3120	94,37339	-10,48571	94,37339	-9,83034
3140	94,37339	-9,83035	94,37339	-9,17498
3160	94,37339	-9,83035	95,02875	-9,17499
3180	95,02876	-10,48571	88,47507	-11,14107
3200	79,95527	-13,10718	69,46938	-13,76254
3220	61,60498	-14,4179	60,94961	-13,76252
3240	62,26034	-13,76253	62,26033	-13,76253
3260	62,91569	-14,4179	63,57106	-14,4179
3280	51,11913	-17,69471	9,8311	-20,9715
3300	3,27715	-22,28225	1,31098	-21,62689
3320	3,93244	-20,97152	4,58781	-19,66079
3340	4,58778	-20,31616	5,24313	-19,66079
3360	5,24313	-19,6608	5,89848	-19,00544
3380	6,55383	-19,66081	7,20919	-17,69471
3400	6,55383	-18,35008	7,20918	-17,03935
3420	7,20918	-17,03936	7,20917	-15,72863
3440	7,20917	-15,72863	7,86453	-13,76253
3460	7,86453	-13,76253	7,86453	-12,4518
3480	7,86452	-13,10717	8,51988	-12,4518
3500	9,17524	-12,45181	7,20912	-10,48571
3520	3,27692	-9,83036	0,65545	-7,86426
3540	1,31081	-7,86426	1,96617	-7,20889
3560	1,31081	-7,2089	1,3108	-6,55288
3580	1,3108	-6,55353	1,3108	-5,89816
3600	1,96616	-6,55353	1,96616	-5,89817
3620	1,96616	-7,20825	1,96616	-5,89817
3640	2,62153	-7,2089	2,62153	-6,55354
3660	2,62153	-7,20891	2,62153	-7,2089
3680	2,62153	-7,20891	2,62153	-6,55354
3700	2,62152	-7,20891	1,96616	-6,55354
3720	1,96615	-6,55355	1,96616	-5,89818
3740	1,96615	-5,89819	1,96615	-4,58746
3760	1,31079	-5,24283	1,31079	-4,58746
3780	1,31079	-5,24283	1,3108	-5,24282
3800	7,20913	-6,55355	9,17529	-6,55354
3820	8,51995	-7,86428	7,86458	-7,2089
3840	7,86457	-8,51963	8,51993	-7,86426
3860	7,86456	-9,17499	7,86456	-8,51962
3880	7,86455	-9,83035	7,86455	-9,83034
3900	7,86455	-10,48571	7,86455	-9,83034
3920	7,86455	-10,48571	7,20919	-10,48571
3940	7,86455	-11,14108	7,2092	-10,48571
3960	7,86455	-11,79645	7,2092	-11,14108
3980	7,86455	-12,45181	7,2092	-11,79645
4000	7,2092	-12,45181	7,2092	-11,79645
4020	7,20919	-12,45182	7,2092	-12,45181
4040	7,20919	-12,45182	7,20919	-12,45182
4060	6,55383	-13,10718	6,55383	-12,45182
4080	6,55383	-13,10718	6,55383	-12,45181
4100	6,55383	-13,76255	6,55384	-13,10718
4120	6,55383	-14,41791	6,55383	-13,76254
4140	6,55383	-14,41792	7,86465	-15,72863
4160	9,8309	-16,384	10,48633	-16,384
4180	10,48632	-17,03937	10,4863	-16,384
4200	10,48629	-17,03937	11,14165	-16,384
4220	11,14165	-16,38402	11,14164	-15,72865
4240	10,48628	-17,03937	11,14163	-15,72864
4260	11,14163	-17,03937	11,14162	-16,38401
4280	11,14162	-16,38401	11,14162	-16,38401
4300	11,14162	-17,03938	11,79698	-16,38401
4320	11,14161	-17,03939	11,14161	-16,38401
4340	11,79697	-17,03939	11,79697	-16,38402
4360	11,79696	-17,03939	11,79697	-17,03937
4380	11,79696	-17,03939	11,1416	-16,38402
4400	11,79696	-17,03938	11,79696	-16,38401
4420	11,79695	-17,03939	11,79696	-16,38402
4440	12,45231	-17,69475	12,45232	-17,03938
4460	11,79695	-17,69475	11,79696	-17,03939
4480	11,79695	-18,35011	12,45231	-17,03938
4500	15,72922	-17,69476	22,28295	-16,38403
4520	24,90445	-17,0394	26,21518	-16,38402
4540	25,55981	-16,38403	26,21516	-16,38403
4560	26,21516	-17,0394	26,87052	-16,38403
4580	26,87052	-17,69476	27,52588	-17,03939
4600	26,87051	-17,69477	26,87051	-17,0394
4620	27,52587	-17,69477	27,52586	-17,69476
4640	27,52586	-17,69478	27,52586	-17,69476
4660	26,8705	-17,69478	26,8705	-17,69477
4680	26,8705	-18,35014	26,8705	-17,69477
4700	26,8705	-18,35014	26,8705	-17,69477
4720	26,21514	-18,35015	26,21514	-17,69478
4740	26,21514	-18,35015	26,8705	-17,69478
4760	26,21514	-18,35015	26,21514	-18,35013
4780	26,8705	-18,35014	33,42417	-17,0394
4800	36,70101	-17,69477	38,01175	-17,0394
4820	38,01174	-17,69477	38,01174	-17,03939
4840	38,6671	-17,69477	38,66709	-17,0394
4860	38,6671	-18,35013	38,66709	-17,69476
4880	38,66709	-18,35013	38,66709	-17,69476
4900	39,32245	-18,35014	39,32245	-17,69477
4920	38,66708	-19,0055	38,66708	-17,69476
4940	38,66708	-18,35014	38,66708	-17,69476
4960	38,66708	-17,69477	38,66707	-17,69476
4980	38,66708	-17,69477	38,66708	-17,0394
5000	38,66707	-18,35013	38,66707	-17,69475
5020	38,66707	-18,35012	38,66707	-17,69476
5040	38,01171	-18,35013	38,66707	-18,35012
5060	38,66707	-18,35013	52,42972	-17,0394
5080	71,43539	-16,38405	76,67838	-15,72869
5100	76,67839	-16,38406	76,67837	-15,72868
5120	77,33372	-16,38406	77,98908	-16,38405
5140	77,98907	-17,03943	77,98907	-16,38406
5160	77,98906	-17,6948	77,98906	-17,03943
5180	77,98905	-17,6948	78,64441	-17,69479
5200	77,98905	-18,35017	78,6444	-18,35016
5220	78,6444	-19,6609	78,64439	-19,00554
5240	78,64439	-20,97164	78,64439	-20,31627
5260	79,29975	-20,97165	78,64439	-20,31628
5280	78,64438	-20,97166	78,64438	-20,31629
5300	78,64437	-20,31629	77,98901	-19,00556
5320	77,98901	-19,66093	77,989	-18,3502
5340	77,989	-19,00557	81,92121	-18,35019
5360	89,13029	-19,00555	90,44106	-18,35018
5380	90,44105	-19,00554	91,0964	-19,00554
5400	91,0964	-19,66091	91,75177	-19,00554
5420	92,40713	-20,31628	93,0625	-19,66091
5440	93,71787	-20,31628	95,0286	-19,00556
5460	95,0286	-19,66093	96,33934	-18,35021
5480	96,99471	-18,35022	97,65008	-17,03949
5500	97,65009	-17,69487	98,30546	-17,0395
5520	98,30546	-17,69487	98,96083	-17,69487
5540	98,96083	-18,35024	98,96083	-18,35023
5560	99,61619	-19,66096	99,61619	-19,66096
5580	100,27155	-21,62705	100,27153	-21,62704
5600	100,27153	-23,59225	100,92689	-23,59313
5620	100,92687	-24,90387	100,92687	-24,24851
5640	103,54834	-25,55924	106,16982	-24,90387
5660	106,16983	-26,21461	105,51445	-24,90388
5680	104,85908	-26,21461	105,51444	-25,55925
5700	104,85907	-26,21462	104,85906	-25,55925
5720	104,85906	-26,21462	104,85905	-25,55925
5740	104,20368	-26,21462	104,20367	-26,21462
5760	104,20367	-26,86998	103,54831	-26,21461
5780	103,54831	-26,86998	103,5483	-26,21461
5800	103,5483	-26,86999	103,54831	-26,86998
5820	102,89294	-27,52535	89,78558	-29,49143
5840	47,84217	-35,38969	9,83089	-37,35576
5860	5,89857	-37,35577	7,86464	-36,04503
5880	8,52001	-36,04504	8,51999	-35,38967
5900	9,17534	-36,7004	9,17533	-36,04504
5920	9,83069	-36,70041	10,48604	-36,7004
5940	10,48604	-38,01114	11,1414	-38,01114
5960	11,79676	-38,66651	11,79676	-38,01114
5980	11,79675	-39,32188	12,45211	-39,32187
6000	12,45211	-39,97725	13,10748	-39,97724
6020	13,10749	-40,63261	13,10749	-39,97725
6040	12,45214	-41,28798	11,14136	-39,32188
6060	11,1413	-39,97724	10,48593	-38,66651
6080	10,48594	-39,97723	10,48593	-39,32186
6100	10,48593	-39,97724	11,14128	-39,32187
6120	11,14128	-39,97724	10,48592	-39,32187
6140	10,48591	-39,97724	11,14127	-38,66651
6160	11,14127	-39,97724	11,14127	-38,66651
6180	11,14126	-39,32189	11,79662	-38,66653
6200	11,79661	-39,32189	11,79662	-38,66653
6220	11,79661	-39,3219	12,45197	-39,32189
6240	12,45198	-39,3219	12,45197	-39,32189
6260	12,45196	-39,97727	11,79661	-39,97726
6280	11,79661	-41,288	11,79662	-40,63263
6300	11,79661	-41,28799	11,7966	-41,28798
6320	11,79661	-41,94336	11,79661	-41,28799
6340	11,79661	-42,59872	11,79661	-41,94335
6360	12,45198	-41,94337	12,45198	-41,288
6380	12,45198	-42,59873	12,45198	-41,94336
6400	12,45198	-42,59874	12,45198	-41,94337
6420	12,45198	-43,2541	12,45198	-42,59874
6440	12,45198	-43,25411	12,45198	-42,59874
6460	12,45199	-43,90947	12,45209	-43,90945
6480	13,76289	-44,56483	14,41826	-44,56482
6500	13,76289	-45,2202	14,41824	-44,56482
6520	14,41824	-44,56483	14,41823	-43,90946
6540	15,07359	-44,56483	15,07358	-43,90945
6560	15,07357	-44,56482	15,07357	-43,25409
6580	15,72892	-43,2541	15,07356	-42,59872
6600	15,07356	-43,25409	15,07356	-41,94336
6620	14,4182	-43,25409	14,4182	-41,94335
6640	13,76284	-41,94336	13,76284	-41,28798
6660	13,10748	-41,94335	13,10748	-41,28798
6680	13,10748	-41,94335	12,45212	-41,28797
6700	12,45212	-41,94334	12,45212	-41,94333
6720	12,45213	-43,90943	12,45213	-43,90942
6740	12,45213	-45,87551	12,45214	-46,53087
6760	13,76291	-48,49695	33,42395	-47,84158
6780	45,2206	-47,84159	45,22062	-47,84158
6800	44,56524	-48,49695	45,87596	-47,84158
6820	46,53133	-47,84159	47,84205	-47,18623
6840	48,49741	-47,18624	49,80814	-46,53088
6860	50,4635	-45,87553	51,11887	-45,22016
6880	51,11887	-45,22017	51,11887	-43,90944
6900	51,11887	-43,90945	50,46351	-42,59872
6920	50,4635	-43,25409	49,80814	-41,94335
6940	49,15277	-42,59872	48,4974	-41,94335
6960	47,18668	-42,59872	46,53131	-41,94335
6980	45,87594	-42,59872	44,56521	-41,94335
7000	43,90984	-42,59871	42,59911	-42,5987
7020	49,15276	-42,59871	64,88158	-40,63261
7040	70,7799	-41,28798	70,77991	-41,94333
7060	70,77989	-42,59871	71,43524	-42,5987
7080	72,0906	-43,25408	72,74596	-43,25407
7100	72,74596	-43,90945	74,05669	-43,25408
7120	74,0567	-43,25305	75,36743	-42,59873
7140	76,0228	-43,25411	76,67816	-41,94338
7160	76,67817	-41,9434	76,67818	-40,63268
7180	76,67818	-41,28805	76,67818	-39,97733
7200	76,02281	-40,63271	76,0228	-39,97734
7220	75,36743	-40,63271	74,71206	-39,97734
7240	72,74597	-39,97735	72,0906	-39,32198
7260	70,12449	-39,32198	68,81376	-39,32197
7280	68,15839	-39,97733	66,1923	-39,32195
7300	65,53692	-39,97732	64,88155	-39,97731
7320	64,22618	-40,63267	64,22618	-40,63266
7340	63,57081	-41,94339	63,57081	-41,28801
7360	63,57081	-42,59874	64,22618	-41,94337
7380	64,22617	-42,59874	64,22618	-41,94337
7400	64,88154	-42,59874	66,19227	-41,28801
7420	78,64423	-40,63265	91,09627	-38,66655
7440	92,40706	-38,66656	91,09633	-38,01119
7460	90,44096	-38,66655	91,09632	-37,35582
7480	91,75168	-38,01119	91,75168	-38,01118
7500	91,75167	-38,66655	92,40704	-37,35582
7520	91,75168	-38,66655	92,40704	-38,01118
7540	91,75168	-38,66655	91,75168	-38,01117
7560	90,44096	-38,01117	89,7856	-37,3558
7580	89,13024	-38,01117	88,47488	-36,70043
7600	87,16416	-36,70044	87,16416	-36,04507
7620	86,50881	-36,04508	85,85345	-35,3897
7640	85,85345	-36,04508	85,85345	-35,38971
7660	85,85344	-36,04507	86,50881	-35,38971
7680	86,5088	-36,04508	87,16416	-35,38971
7700	87,16416	-35,38972	87,81952	-35,38972
7720	90,44098	-35,38972	102,23765	-34,73433
7740	107,48066	-34,73434	108,79142	-34,07897
7760	107,48068	-34,73434	107,48068	-24,90393
7780	108,79139	-35,3897	108,79139	-34,07897
7800	108,79139	-34,73434	108,7914	-34,07897
7820	108,7914	-34,73434	109,44676	-33,42361
7840	108,7914	-34,07898	109,44676	-33,4236
7860	109,44676	-34,07897	109,44676	-33,4236
7880	109,44675	-34,07897	109,44676	-34,07896
7900	110,75747	-34,73434	110,75747	-34,07897
7920	110,75746	-34,73435	111,41282	-34,73434
7940	111,41282	-34,73435	112,72355	-33,42362
7960	117,96652	-33,42363	117,96655	-32,76826
7980	116,65581	-33,42363	116,6558	-32,11289
8000	116,00043	-32,76827	116,00043	-32,1129
8020	116,00042	-32,11291	116,00041	-32,11291
8040	115,34505	-32,76828	116,0004	-32,11292
8060	115,34504	-32,76829	115,34503	-32,11292
8080	115,34503	-32,76829	115,34502	-32,11292
8100	115,34501	-32,76829	115,34501	-32,11292
8120	115,34501	-32,76829	115,34501	-32,11292
8140	115,345	-32,76829	115,345	-32,11292
8160	116,00036	-33,42365	116,65572	-32,76828
8180	116,65573	-33,42365	116,65828	-32,76828
8200	117,31109	-34,07902	117,96646	-33,42365
8220	117,96646	-34,07902	117,96647	-32,76829
8240	118,62183	-34,07902	118,62183	-32,76829
8260	118,62183	-33,42366	119,2772	-32,76829
8280	122,55406	-32,76828	123,20944	-31,45754
8300	121,89871	-32,76828	121,24333	-31,45754
8320	121,89869	-32,11291	121,89869	-32,11291
8340	121,89869	-32,76827	121,89869	-32,11291
8360	122,55405	-32,76828	122,55405	-32,11291
8380	122,55405	-33,42365	122,55405	-32,76828
8400	123,20941	-32,76829	122,55405	-32,11292
8420	122,55405	-32,76829	122,55405	-32,11292
8440	122,55405	-32,76829	123,20941	-32,11292
8460	122,55405	-32,76828	122,55405	-31,45755
8480	122,55405	-32,11292	122,55405	-31,45754
8500	122,55405	-32,11291	122,55405	-31,45753
8520	121,89869	-31,45754	122,55405	-30,80217
8540	121,89868	-31,45754	121,24333	-30,80217
8560	121,24333	-31,45754	112,72354	-33,42362
8580	85,85346	-38,66655	48,49756	-41,94336
8600	15,07391	-43,90944	8,5202	-41,94334
8620	8,52018	-42,5987	9,17552	-41,28797
8640	9,1755	-41,94334	9,17548	-41,28798
8660	9,83083	-41,94335	9,83082	-40,63262
8680	9,83081	-41,94335	10,48616	-41,28798
8700	10,48615	-41,94335	10,48615	-41,28798
8720	10,48614	-41,94336	10,48614	-41,94336
8740	10,48613	-41,94337	10,48613	-41,94336
8760	10,48613	-42,59873	11,14149	-41,94336
8780	11,14148	-42,59874	11,14148	-42,59874
8800	11,14148	-43,2541	11,14148	-42,59874
8820	11,14148	-43,25411	11,14148	-42,59874
8840	11,14148	-43,25411	11,14148	-42,59874
8860	11,14148	-43,25411	11,14148	-43,25411
8880	10,48609	-43,90947	9,83064	-42,59874
8900	9,83059	-42,59875	9,83058	-41,94338
8920	10,48595	-42,59875	11,1413	-41,94338
8940	11,14129	-43,25411	11,14129	-42,59874
8960	11,79664	-43,25412	11,79664	-42,59875
8980	11,79663	-43,25412	12,45199	-42,59875
9000	12,45199	-43,25412	12,45199	-43,25411
9020	11,79663	-43,90948	12,45199	-43,90948
9040	12,45198	-44,56485	12,45198	-43,90948
9060	12,45198	-44,56485	12,45197	-43,90948
9080	13,10733	-44,56484	13,10732	-43,90948
9100	13,10732	-43,90949	13,10732	-43,25412
9120	13,10731	-43,90949	13,10732	-43,25412
9140	13,10731	-43,90948	13,76267	-43,25412
9160	13,76267	-43,90949	11,79657	-43,25412
9180	9,83047	-43,90949	9,83047	-43,25412
9200	10,48583	-43,90949	10,48583	-43,25412
9220	10,48582	-44,56485	10,48582	-43,90948
9240	10,48582	-44,56485	10,48581	-43,90947
9260	9,83044	-44,56484	9,83043	-43,90948
9280	9,83043	-43,90949	9,83043	-43,90948
9300	9,17506	-44,56485	9,17506	-44,56484
9320	9,17506	-44,56485	9,83042	-44,56484
9340	9,83042	-44,56485	9,17506	-44,56484
9360	9,17506	-45,22021	9,83042	-44,56484
9380	9,17506	-45,22021	9,17507	-45,2202
9400	9,17507	-45,87557	9,83043	-45,87557
9420	9,83043	-47,18629	10,48579	-47,18629
9440	9,83044	-47,84166	10,4858	-47,18629
9460	10,4858	-47,84167	11,14117	-47,1863
9480	13,76266	-48,49703	13,76279	-47,84165
9500	13,76283	-48,49703	13,10746	-47,84166
9520	13,10746	-47,84167	13,76282	-47,1863
9540	13,10746	-47,84167	13,76282	-47,84166
9560	13,76282	-48,49704	13,10746	-47,84167
9580	13,10746	-48,49703	13,76282	-48,49703
9600	13,76281	-49,1524	13,76282	-48,49703
9620	13,10745	-49,1524	13,10745	-48,49703
9640	13,76281	-48,49704	13,76281	-48,49703
9660	13,76281	-48,49704	13,76281	-47,84167
9680	13,10744	-48,49704	13,10744	-47,84167
9700	13,10745	-48,49704	13,10744	-47,84167
9720	13,10744	-48,49703	12,45208	-47,84167
9740	13,10744	-48,49704	12,45211	-48,49703
9760	25,55952	-48,49703	32,11324	-47,18631
9780	29,49181	-47,84168	27,52569	-47,1863
9800	27,52568	-47,84167	27,52567	-47,18631
9820	26,8703	-47,18632	26,8703	-47,18631
9840	26,21493	-47,18631	26,21493	-46,53094
9860	25,55956	-47,18631	25,55956	-45,87558
9880	25,55956	-46,53095	25,55956	-45,22022
9900	24,90419	-45,87559	22,28272	-45,22022
9920	22,28271	-45,22023	22,93808	-44,56486
9940	23,59343	-44,56487	23,59343	-43,9095
9960	22,93807	-45,22023	22,93807	-43,9095
9980	22,93807	-44,56487	22,93807	-43,9095
10000	22,28271	-44,56486	22,28271	-43,90949
10020	22,28271	-44,56486	22,93807	-43,90949
10040	22,93808	-45,22022	22,93807	-44,56485
10060	22,93807	-45,22022	22,93807	-43,90948
10080	22,93807	-44,56486	29,49172	-43,25412
10100	41,28835	-42,59876	45,22058	-41,28802
10120	44,56522	-41,94339	44,56521	-40,63267
10140	43,90984	-40,63268	43,90984	-39,97731
10160	43,90983	-40,63268	43,90982	-40,63268
10180	43,90981	-41,94342	44,56517	-41,94341
10200	43,9098	-43,25415	43,90979	-42,59879
10220	43,25442	-43,90952	43,25441	-43,90951
10240	42,59905	-43,90952	42,59904	-43,25415
10260	41,94368	-44,56488	41,94368	-43,90951
10280	41,94367	-44,56488	42,59904	-44,56487
10300	42,59904	-45,22024	42,59904	-44,56487
10320	43,2544	-45,8756	43,90977	-44,56488
10340	44,56513	-45,87561	44,56513	-45,22023
10360	44,56514	-45,87561	45,2205	-45,22024
10380	57,01708	-45,22024	70,12445	-43,9095
10400	74,71205	-43,90951	74,71205	-43,9095
10420	74,71204	-44,56487	75,3674	-43,9095
10440	74,71204	-44,56488	75,36739	-43,90951
10460	75,36739	-44,56487	75,36739	-43,25414
10480	75,36738	-43,90951	75,36739	-43,25415
10500	75,36738	-43,90952	75,36738	-43,25414
10520	74,71201	-43,90951	75,36738	-43,25415
10540	75,36738	-43,90951	75,36737	-42,59878
10560	74,71202	-43,25415	75,36737	-42,59878
10580	74,71201	-43,25415	75,36738	-42,59878
10600	74,71202	-43,25415	74,71202	-42,59878
10620	74,71202	-42,59879	75,36738	-41,94342
10640	74,71202	-42,59879	74,71202	-42,59878
10660	75,36739	-43,25415	80,61032	-41,28805
10680	82,57646	-41,94342	82,57646	-41,28805
10700	82,57645	-41,94341	82,57645	-41,28804
10720	82,57645	-41,94341	82,57645	-41,28804
10740	82,57645	-41,94341	82,57645	-41,94341
10760	82,57645	-43,25414	82,57645	-42,59877
10780	82,57645	-43,25414	81,92109	-43,90949
10800	82,57643	-44,56486	82,57643	-44,56486
10820	82,57642	-45,87559	83,23179	-45,22022
10840	82,57897	-46,53095	82,57641	-45,22022
10860	83,23178	-45,87559	83,23177	-45,22023
10880	83,23177	-45,8756	83,88713	-44,56487
10900	83,23177	-45,22024	84,5425	-43,90952
10920	84,5425	-44,56488	84,5425	-43,90952
10940	85,19786	-44,56489	85,19786	-43,90952
10960	85,19786	-44,56489	85,19786	-43,90952
10980	85,19785	-44,56489	85,19786	-44,56488
11000	85,19785	-45,22025	85,85322	-44,56488
11020	85,85321	-45,87561	85,85321	-44,56488
11040	86,50858	-45,22025	95,68374	-43,90951
11060	100,27135	-43,90951	100,27138	-43,25415
11080	100,92673	-43,90952	100,92673	-43,25415
11100	100,92673	-43,90952	100,92673	-43,25415
11120	100,92672	-43,90952	100,92672	-43,25416
11140	101,58208	-43,90953	100,92671	-43,25416
11160	100,92671	-43,25417	101,58207	-43,25415
11180	100,92671	-43,90952	100,92671	-43,25416
11200	100,27134	-43,90953	100,9267	-43,25416
11220	100,92671	-43,90953	100,92671	-43,25416
11240	100,92671	-43,90953	100,92671	-43,25416
11260	100,92671	-43,90953	100,92671	-43,25416
11280	102,23743	-43,25417	108,79114	-42,59878
11300	112,72339	-42,59879	112,72342	-41,28806
11320	112,06804	-41,94343	112,7234	-41,94342
11340	112,7234	-42,59879	113,37875	-41,94342
11360	113,37876	-42,59879	113,37875	-41,94342
11380	112,72339	-41,94343	113,37875	-41,28805
11400	112,72339	-42,59878	113,37875	-41,28805
11420	113,37875	-41,94342	113,37875	-41,94342
11440	113,37875	-42,59879	113,37875	-41,28806
11460	113,37875	-41,94343	113,37875	-41,28805
11480	113,37875	-42,59879	113,37874	-41,94342
11500	113,37874	-42,59879	113,37874	-42,59878
11520	113,37874	-43,90951	112,72338	-43,25414
11540	113,37874	-44,56487	112,72337	-43,9095
11560	115,34485	-44,56487	118,62172	-43,90949
11580	118,62174	-45,22022	118,62173	-43,90949
11600	118,62173	-45,22022	118,62173	-43,90949
11620	118,62172	-45,22022	117,96635	-44,56485
11640	117,96635	-45,22023	117,96635	-44,56486
11660	117,96635	-44,56487	117,96635	-43,9095
11680	117,31098	-44,56487	117,31098	-43,9095
11700	117,96634	-44,56487	117,31098	-43,9095
11720	117,31098	-44,56486	117,31097	-43,25413
11740	117,31098	-43,25414	117,96634	-43,25412
11760	117,96634	-43,90949	117,31099	-42,59876
11780	117,31099	-43,90949	117,96635	-42,59876
11800	117,31099	-43,90949	100,27142	-46,53092
11820	62,91551	-52,42919	17,69532	-54,39527
11840	0,65574	-55,70601	1,96641	-54,39528
11860	3,27711	-53,73993	3,93246	-53,08455
11880	3,93243	-53,73993	4,58777	-53,08455
11900	5,24312	-53,08457	5,24311	-51,77384
11920	5,89846	-52,42921	5,89845	-51,77384
11940	6,5538	-51,77385	6,55379	-51,77384
11960	5,89842	-52,42922	6,55377	-51,11849
11980	6,55376	-52,42922	6,55376	-51,77385
12000	6,55376	-52,42923	6,55376	-51,77386
12020	7,20911	-52,42923	9,83051	-49,80776
12040	10,48584	-49,80776	10,48583	-48,49702
12060	10,48583	-49,15239	11,14118	-48,49702
12080	10,48582	-49,15239	11,14117	-49,15238
12100	11,14117	-49,80776	11,14117	-49,15238
12120	11,79652	-49,80776	11,79653	-49,15239
12140	11,79652	-49,80776	11,79652	-49,15239
12160	11,79652	-49,80777	11,79652	-49,1524
12180	11,79652	-49,80777	11,79651	-49,1524
12200	11,79651	-50,46313	11,79652	-49,1524
12220	11,79651	-49,80777	12,45187	-49,80777
12240	11,79651	-50,46314	11,79651	-49,80777
12260	11,7965	-50,46314	11,79651	-50,46313
12280	12,45188	-51,1185	12,45194	-50,46314
12300	12,45195	-51,11851	11,79659	-50,46315
12320	11,79658	-51,77388	11,14122	-51,11851
12340	11,14122	-52,42924	11,79658	-51,77387
12360	11,79657	-52,42924	11,79657	-52,42924
12380	11,79657	-53,08461	11,79657	-52,42924
12400	11,79656	-53,08462	11,79656	-52,42925
12420	11,79656	-53,08461	11,79656	-52,42925
12440	11,1412	-53,08462	11,79656	-52,42925
12460	11,14119	-53,73998	11,1412	-53,08461
12480	11,1412	-53,08462	11,1412	-52,42926
12500	10,48584	-53,08462	10,48584	-52,42925
12520	10,48584	-53,08462	10,48585	-52,42926
12540	10,48585	-53,08462	11,14121	-52,42926
12560	10,48585	-53,08462	11,14121	-52,42925
12580	11,14121	-53,08462	11,14121	-52,42925
12600	9,83055	-53,08461	17,03966	-51,11852
12620	20,31654	-51,77389	19,66119	-50,46316
12640	19,66116	-51,11853	19,66116	-49,80779
12660	19,66116	-50,46316	19,66116	-49,15243
12680	19,66115	-50,46316	20,31652	-49,80779
12700	19,66116	-50,46316	19,66116	-50,46316
12720	19,66116	-51,77389	19,66116	-51,11853
12740	19,0058	-52,42925	19,0058	-51,77389
12760	19,0058	-52,42925	18,35044	-51,11852
12780	17,69507	-51,77388	17,69507	-50,46314
12800	17,03971	-51,11851	17,03971	-49,80777
12820	16,38435	-49,80778	17,03972	-49,15241
12840	17,03972	-49,80778	17,03973	-49,80777
12860	17,69509	-50,46314	18,35046	-50,46313
12880	18,35046	-50,46314	19,00584	-50,46313
12900	19,00584	-51,1185	19,00585	-50,46313
12920	19,00586	-51,1185	19,00587	-50,46313
12940	19,00587	-51,1185	19,00587	-50,46314
12960	19,00588	-51,11851	21,62733	-50,46314
12980	43,90977	-50,46314	55,70642	-49,15242
13000	56,36182	-50,46316	54,39572	-49,80779
13020	54,3957	-49,80779	54,39571	-49,15242
13040	53,74034	-49,15243	53,74035	-47,8417
13060	53,08499	-48,49707	53,08499	-47,8417
13080	52,42962	-48,49707	52,42962	-47,8417
13100	52,42963	-48,49708	53,08499	-48,49707
13120	53,08499	-49,15244	53,08499	-49,15244
13140	53,08499	-49,80781	53,74035	-49,15244
13160	53,74034	-49,15245	53,74034	-48,49708
13180	53,74034	-48,49709	53,74034	-47,84172
13200	53,74033	-48,49709	54,39569	-47,18635
13220	54,39569	-47,84173	54,39569	-47,18636
13240	54,39568	-47,84173	54,39567	-47,18636
13260	53,74031	-47,84173	54,39567	-47,18637
13280	54,39566	-48,4971	55,05102	-47,18638
13300	54,39566	-47,84175	55,05101	-47,18638
13320	54,39565	-47,18639	54,39564	-47,18638
13340	54,39563	-47,84175	54,39562	-46,53102
13360	54,39562	-47,84175	54,39562	-47,18638
13380	54,39562	-47,84175	54,39561	-47,84175
13400	54,39561	-48,49712	54,39561	-47,84175
13420	54,39561	-48,49712	55,05097	-47,84175
13440	54,39561	-48,49712	55,05097	-47,84176
13460	55,70633	-48,49713	55,70633	-47,84176
13480	55,70633	-48,49713	55,70633	-47,84176
13500	56,36169	-48,49713	56,36169	-47,84176
13520	55,70632	-48,49712	62,91533	-47,1864
13540	77,98879	-45,87567	83,23177	-45,2203
13560	81,92105	-45,87567	81,26567	-45,2203
13580	81,26567	-45,87567	81,26567	-45,2203
13600	80,6103	-45,87567	81,26566	-45,2203
13620	80,6103	-45,87568	80,61029	-45,87567
13640	80,61029	-46,52985	80,61029	-45,87567
13660	80,61028	-46,53104	80,61028	-45,87567
13680	79,95492	-45,87568	79,95492	-45,87567
13700	79,95492	-45,87568	79,95491	-45,22031
13720	79,29955	-45,87568	79,29955	-45,22031
13740	79,29955	-45,87568	79,29955	-45,22031
13760	78,64418	-45,87568	78,64419	-45,2203
13780	77,98882	-46,53103	77,98882	-45,87566
13800	77,98882	-46,53104	77,98881	-45,87566
13820	77,98882	-46,53103	77,98882	-45,87566
13840	81,26565	-46,53103	87,81935	-45,22028
13860	88,47476	-45,22029	88,47476	-44,56492
13880	88,47476	-45,22029	88,47475	-43,90955
13900	88,47475	-44,56492	89,13011	-44,56491
13920	88,47475	-45,22028	88,47475	-44,56491
13940	88,47475	-45,22027	88,47475	-44,56491
13960	87,81938	-45,22027	87,81938	-44,5649
13980	87,81938	-45,22028	88,47474	-44,5649
14000	88,47473	-45,22028	88,47474	-44,56491
14020	89,13009	-44,56492	89,1301	-44,56491
14040	88,47473	-44,56492	89,1301	-43,90955
14060	88,47474	-44,56492	88,47474	-43,90955
14080	88,47475	-43,90955	88,47475	-43,25418
14100	88,47475	-43,90955	88,47476	-43,90955
14120	87,8194	-44,56493	73,40134	-47,18636
14140	33,42406	-51,11855	3,27724	-53,73999
14160	-0,65506	-55,7061	0,00026000000000437	-54,39538
14180	0,6556	-54,39538	1,31095	-53,08464
14200	1,96629	-53,08465	1,96627	-51,77392
14220	1,96627	-52,42929	2,62161	-51,11856
14240	2,62161	-51,77393	2,6216	-51,11856
14260	3,27695	-51,11857	3,27694	-50,4632
14280	3,27694	-51,11857	3,27694	-51,11856
14300	3,27693	-51,11857	3,93229	-51,11857
14320	3,27693	-51,77394	3,93228	-51,77394
14340	3,93227	-52,4293	5,24299	-51,11856
14360	5,89835	-51,11856	5,89835	-50,46319
14380	5,24298	-50,46319	5,89833	-49,80782
14400	5,89833	-50,46319	5,89833	-49,80782
14420	5,89833	-51,11855	5,89833	-50,46319
14440	6,55369	-51,11855	5,89833	-50,46319
14460	5,89833	-51,11856	5,89832	-51,11855
14480	5,89832	-51,11856	5,89832	-51,11855
14500	5,89832	-51,77392	5,89832	-51,11855
14520	5,24296	-51,77392	5,89832	-51,77392
14540	5,24551	-52,42928	5,24295	-51,77392
14560	5,89831	-52,42929	5,89831	-51,77392
14580	5,24295	-53,08465	5,24295	-52,42929
14600	5,24298	-52,42929	5,24312	-51,11853
14620	9,83074	-51,11855	10,48614	-51,11854
14640	9,83076	-52,42928	9,83075	-51,77391
14660	9,83075	-52,42929	9,83075	-52,42928
14680	10,4861	-52,42929	9,83073	-52,42928
14700	10,48609	-53,08465	9,83073	-52,42929
14720	9,83073	-52,4293	9,83072	-51,77393
14740	9,83072	-52,4293	9,83072	-51,77393
14760	9,83072	-52,42931	9,83072	-51,77394
14780	9,17536	-53,08467	9,17536	-53,08466
14800	9,17536	-53,08467	9,17536	-53,08466
14820	8,52	-53,08468	8,52001	-53,08466
14840	7,86465	-53,74003	7,86465	-53,08466
14860	8,52001	-53,74003	7,86465	-53,08466
14880	7,86466	-53,74003	7,86466	-53,08466
14900	7,86466	-53,74003	8,52003	-53,74002
14920	7,86468	-54,39539	8,52004	-53,74003
14940	7,86468	-55,05075	8,52004	-54,39538
14960	7,86468	-55,05075	7,86468	-55,05074
14980	7,86468	-55,70611	7,86469	-54,39538
15000	7,86468	-55,70611	7,20932	-55,05074
15020	7,20932	-55,05075	7,20932	-54,39538
15040	7,20931	-55,70611	7,20932	-55,05074
15060	6,55395	-55,05075	6,55396	-54,39538
15080	11,79687	-55,05075	29,49173	-53,74001
15100	35,39006	-53,74002	36,04543	-53,74001
15120	36,04542	-54,39539	36,70077	-54,39538
15140	38,01148	-54,39539	37,35612	-54,39539
15160	38,01147	-55,05076	38,66683	-54,39539
15180	38,66682	-55,05076	38,66682	-54,3954
15200	38,66682	-55,05076	38,66683	-54,3954
15220	38,66682	-55,05076	38,66682	-54,3954
15240	38,66682	-55,05077	38,66682	-54,3954
15260	39,32218	-55,05077	51,11877	-54,39539
15280	58,32783	-54,3954	60,29395	-53,74004
15300	60,29394	-54,3954	60,29393	-53,74003
15320	60,94929	-54,39541	60,94929	-54,3954
15340	60,94929	-54,39541	60,94928	-54,3954
15360	60,94928	-55,05078	61,60464	-54,39541
15380	60,94928	-54,39542	61,60464	-53,74005
15400	60,94927	-53,74006	60,94927	-53,08468
15420	60,94926	-53,08469	60,2939	-51,77396
15440	60,2939	-52,42933	60,2939	-51,1186
15460	60,2939	-51,1186	59,63854	-49,80788
15480	60,2939	-51,1186	60,2939	-50,46324
15500	60,94926	-51,11861	61,60462	-51,11861
15520	62,25999	-51,77398	62,25999	-51,77397
15540	62,91535	-52,42934	62,25999	-52,42933
15560	62,91535	-53,0847	62,91535	-52,42932
15580	62,25999	-53,08469	62,91535	-52,42932
15600	62,25999	-53,08469	62,25999	-52,42932
15620	62,91535	-53,74005	62,25999	-52,42932
15640	64,88144	-53,74005	71,43512	-52,42932
15660	74,05661	-52,42933	74,05662	-52,42932
15680	74,05661	-53,08469	74,71197	-52,42933
15700	74,0566	-53,74006	74,0566	-52,42934
15720	74,05659	-53,08471	74,05659	-53,0847
15740	73,40123	-53,74007	73,40123	-53,08469
15760	73,40122	-53,74007	72,74586	-53,0847
15780	72,09049	-53,74007	72,09049	-53,0847
15800	71,43513	-53,08471	70,1244	-52,42934
15820	69,46903	-52,42935	68,81366	-51,11861
15840	68,15829	-51,11862	66,84757	-49,80788
15860	65,53684	-49,80789	64,88147	-48,49716
15880	64,88147	-48,49718	64,22611	-47,84181
15900	64,2261	-48,49718	64,2261	-47,84182
15920	64,2261	-48,49719	64,2261	-48,49718
15940	64,2261	-49,15255	64,2261	-48,49718
15960	64,22609	-49,15255	63,57074	-48,49717
15980	62,91537	-49,15254	62,26001	-48,49716
16000	62,91537	-49,15253	62,26001	-49,15251
16020	62,91537	-49,80788	62,91538	-49,80787
16040	63,57074	-51,1186	63,57074	-51,77395
16060	64,22611	-53,08468	65,53683	-52,42931
16080	77,33343	-52,42931	91,09621	-50,46321
16100	91,75163	-51,77394	88,4748	-51,11857
16120	87,16406	-51,77394	88,47479	-51,77393
16140	87,81942	-51,77394	87,16406	-51,77393
16160	87,16405	-52,4293	87,16405	-51,77393
16180	87,16404	-52,4293	87,16403	-51,11857
16200	87,16403	-51,11858	86,50866	-49,80785
16220	87,16401	-49,80785	87,16401	-48,49712
16240	85,85328	-48,49713	86,50864	-47,84176
16260	86,50864	-48,49713	86,50864	-47,1864
16280	86,50865	-48,49713	86,50865	-48,49713
16300	86,50864	-49,80786	86,50865	-49,1525
16320	86,50865	-49,80786	87,164	-49,15249
16340	86,50864	-49,80786	87,16401	-48,49714
16360	87,16401	-49,15251	87,16401	-48,49714
16380	87,16401	-49,1525	87,164	-48,49714
16400	87,164	-48,49715	86,50865	-47,84177
16420	87,16401	-47,84178	87,16401	-47,84178
16440	87,81937	-48,49715	88,47473	-47,84178
16460	88,47473	-49,15251	88,47474	-48,49715
16480	88,47473	-49,15252	89,1301	-48,49715
16500	93,0623	-49,15252	103,54823	-47,18641
16520	106,82512	-47,18642	106,16978	-46,53105
16540	105,5144	-47,18642	106,16976	-46,53105
16560	106,82513	-47,18643	106,82512	-46,53106
16580	106,82512	-47,18643	106,82512	-46,53106
16600	106,82511	-47,18643	107,48047	-46,53106
16620	107,48047	-47,18643	106,82511	-46,53106
16640	107,48047	-47,18643	107,48047	-46,53106
16660	107,48047	-46,53108	108,13583	-45,87571
16680	107,48047	-46,53108	107,48047	-45,87571
16700	107,48047	-46,53108	106,82511	-46,53108
16720	107,48047	-47,18645	107,48047	-46,53107
16740	107,48046	-46,53109	107,48047	-45,87572
16760	107,48046	-47,18645	107,48046	-46,53108
16780	115,34492	-45,87571	124,52012	-44,56496
16800	126,48627	-45,22034	126,48627	-44,56497
16820	126,48626	-45,22033	125,83089	-44,56496
16840	126,48626	-45,22033	126,48626	-44,56496
16860	127,14161	-45,22034	126,48625	-45,22033
16880	127,14161	-45,8757	127,14161	-45,22033
16900	127,14161	-45,22034	127,14161	-44,56497
16920	127,14161	-45,22034	127,14161	-44,56496
16940	126,48625	-44,56497	126,48625	-43,9096
16960	126,48625	-44,56496	125,8309	-43,90959
16980	126,48625	-44,56496	126,48626	-43,90958
17000	126,48626	-44,56496	126,48626	-43,90958
17020	125,8309	-44,56495	126,48626	-43,90959
17040	125,83091	-44,56495	125,83091	-43,90958
17060	125,83091	-44,56495	125,17555	-43,90958
17080	125,17555	-44,56495	125,17555	-43,90957
17100	124,52019	-43,90958	123,86483	-43,25421
17120	124,52019	-43,25421	124,52019	-42,59884
17140	123,86483	-43,25421	124,52019	-42,59884
17160	126,48631	-42,59884	129,76316	59,63735
17180	129,76317	-41,94347	130,41852	-41,2881
17200	131,07387	-42,59883	131,07387	-41,94346
17220	131,72923	-41,94347	132,38459	-41,2881
17240	132,38458	-41,94348	132,38458	-41,28812
17260	131,72922	-41,94349	132,38459	-40,63275
17280	132,38458	-41,28812	133,03995	-39,97739
17300	132,38458	-40,63276	132,38459	-39,32203
17320	133,03995	-39,9774	133,03995	-39,32203
17340	133,03995	-39,97739	133,03995	-39,32202
17360	133,03995	-39,97739	133,03995	-39,32202
17380	133,03994	-39,97739	133,03994	-39,32202
17400	133,03994	-39,97739	133,6953	-39,32202
17420	133,6953	-39,97739	133,6953	-39,32202
17440	133,6953	-39,97739	134,35066	-39,32202
17460	133,6953	-39,97739	134,35066	-39,32203
17480	134,35066	-40,63276	135,00602	-40,63276
17500	135,00602	-41,28814	135,66138	-42,59887
17520	129,76305	-49,80789	106,82506	-68,81348
17540	62,91552	-100,27102	39,97776	-123,20879
17560	47,84223	-129,76242	45,2208	-131,72847
17580	43,91005	-131,7285	41,28862	-129,10709
17600	35,39027	-127,79639	35,39013	-121,89811
17620	34,07935	-112,06767	30,80246	-103,54794
17640	26,21485	-97,64965	25,55945	-91,096
17660	26,21478	-86,50844	26,87014	-81,26551
17680	26,87014	-78,64405	26,87014	-74,05649
17700	26,87014	-72,0904	26,87014	-68,81357
17720	26,21478	-68,1582	25,55942	-65,53673
17740	24,90406	-64,88137	24,2487	-62,91526
17760	23,59333	-62,91527	22,93797	-61,60452
17780	22,28261	-61,60452	20,97189	-60,29378
17800	20,31653	-60,29379	17,69508	-58,98305
17820	11,79678	-60,29379	9,17533	-59,63842
17840	8,51996	-58,98306	7,86459	-57,01695
17860	7,20922	-57,67232	6,55386	-55,70622
17880	6,55386	-56,36159	5,89849	-55,70622
17900	5,24313	-55,70622	5,24313	-55,05085
17920	4,58777	-55,05086	4,58777	-54,39548
17940	3,93241	-55,05085	3,93241	-54,39548
17960	3,27705	-55,05085	3,27705	-54,39548
17980	3,27705	-55,70621	2,62169	-54,39548
18000	2,62169	-55,05085	1,96633	-54,39548
18020	1,96633	-55,05085	1,96633	-55,05084
18040	1,31096	-55,05085	1,31096	-55,05083
18060	1,31096	-55,05084	1,31097	-54,39547
18080	1,31096	-55,05085	0,6556	-54,39548
18100	0,6556	-55,05084	0,6556	-54,39548
18120	0,6556	-55,05085	1,31098	-54,39547
18140	20,97195	-53,7401	33,42393	-52,42937
18160	34,07933	-53,74011	33,42395	-53,08474
18180	33,42393	-53,74011	34,07929	-53,08474
18200	33,42393	-53,74012	34,07928	-53,08474
18220	33,42392	-53,74011	34,07928	-53,08474
18240	34,07928	-53,7401	34,73463	-52,42937
18260	34,73463	-53,08474	34,73463	-52,42937
18280	35,38999	-53,08474	35,38999	-51,77402
18300	36,04535	-53,08474	36,04534	-52,42938
18320	36,7007	-53,08475	37,35606	-53,08475
18340	38,66677	-53,74012	39,32213	-53,74012
18360	39,32212	-54,39549	39,97748	-53,08476
18380	39,97747	-54,3955	40,63283	-53,74014
18400	40,63283	-54,39551	40,63282	-54,3955
18420	40,63282	-55,05088	40,63282	-54,39551
18440	40,63282	-55,70624	41,28818	-55,05087
18460	41,28818	-55,70624	41,28818	-55,05087
18480	41,94354	-55,70624	41,28818	-55,05087
18500	40,63281	-55,70624	40,63281	-55,05087
18520	40,63281	-55,70624	39,97745	-55,05087
18540	39,97745	-56,3616	39,97745	-55,05087
18560	39,32209	-56,36161	39,97745	-55,70624
18580	39,32209	-57,01698	39,32209	-57,01698
18600	39,97745	-58,32771	39,97746	-58,98309
18620	39,97746	-60,29383	39,97745	-60,94919
18640	39,97745	-61,60457	39,97745	-61,60457
18660	40,63281	-62,25994	39,97745	-61,60456
18680	40,6328	-62,25994	39,97744	-61,60457
18700	39,97744	-62,25994	39,97744	-61,60457
18720	39,97744	-62,25994	39,97743	-61,60457
18740	39,97744	-61,60458	39,97744	-61,60458
18760	39,97744	-62,25995	39,97744	-61,60458
18780	39,97744	-62,25995	39,97744	-62,25994
18800	39,97744	-62,91531	39,97744	-62,25994
18820	40,63281	-62,91531	40,6328	-61,60458
18840	40,6328	-62,25996	40,63535	-61,60459
18860	40,6328	-62,25996	39,97745	-61,60459
18880	39,97744	-62,25995	39,97744	-61,60459
18900	39,97744	-62,25996	39,32208	-61,60459
18920	39,32208	-62,25995	39,32208	-61,60459
18940	39,32209	-62,25996	50,46327	-60,94922
18960	66,19209	-60,94923	68,15823	-60,29386
18980	66,8475	-60,94923	66,84749	-59,6385
19000	67,50285	-60,29387	67,50285	-60,29386
19020	67,50285	-60,94923	67,50285	-60,29386
19040	67,50285	-60,94923	67,50285	-60,29386
19060	67,50285	-60,94923	67,50285	-59,6385
19080	67,50286	-60,29386	67,50285	-59,6385
19100	67,50286	-60,29387	67,50285	-59,63849
19120	67,50286	-59,6385	67,50286	-59,63849
19140	66,8475	-59,6385	66,8475	-58,98312
19160	66,8475	-59,63849	66,84751	-58,98312
19180	66,19215	-59,63848	66,19215	-58,98311
19200	66,19215	-59,63848	66,19215	-58,98312
19220	66,19215	-59,63849	65,53679	-58,98311
19240	65,53679	-58,98312	64,88143	-58,32775
19260	64,22606	-58,98311	67,50289	-58,32774
19280	77,33342	-57,67237	81,26567	-57,017
19300	80,61032	-57,67236	79,29958	-56,36163
19320	79,29957	-57,01699	78,64421	-56,36162
19340	77,98885	-57,01699	77,98885	-56,36162
19360	77,33348	-56,36162	77,33348	-55,70625
19380	77,33347	-55,70626	76,67811	-55,70624
19400	76,67811	-55,70625	76,67812	-54,39551
19420	76,67812	-55,05088	76,67811	-53,74014
19440	76,02276	-53,74015	76,02276	-52,42941
19460	75,3674	-52,42941	77,3335	-51,77404
19480	88,47478	-51,11866	91,75167	-49,80792
19500	91,09631	-51,11863	91,0963	-50,46326
19520	91,0963	-51,77399	91,0963	-51,77398
19540	91,09629	-52,42935	91,09629	-53,0847
19560	91,09629	-53,74007	91,75165	-53,0847
19580	91,75165	-53,74007	92,40701	-53,0847
19600	92,40701	-53,74007	92,40701	-52,42934
19620	92,40701	-53,08471	93,06237	-51,77399
19640	93,06237	-52,42937	94,3731	-51,774
19660	95,02846	-52,42939	95,68383	-52,42939
19680	96,99456	-53,74013	97,64993	-53,08477
19700	98,96066	-54,39551	99,61602	-53,74015
19720	100,27138	-54,39552	100,27139	-53,08479
19740	99,61603	-53,08479	99,61602	-52,42941
19760	100,92675	-52,42941	106,16971	-51,11866
19780	106,16973	-51,11867	105,51437	-51,11865
19800	105,51436	-51,77402	105,51436	-51,11865
19820	105,51436	-53,08474	105,51436	-53,08473
19840	106,16971	-54,39547	106,16971	-54,39546
19860	106,16971	-55,70619	106,82507	-55,70619
19880	106,16971	-57,01692	106,1697	-56,36155
19900	106,1697	-57,67229	105,51434	-57,01692
19920	105,51433	-57,67229	105,51433	-55,7062
19940	104,85896	-56,36157	104,20359	-54,39548
19960	104,20358	-55,05084	103,54821	-54,39548
19980	103,5482	-55,05085	102,89284	-54,39548
20000	103,5482	-55,05085	103,54819	-55,05085
20020	103,54819	-56,36158	103,54819	-55,70621
20040	103,54819	-56,36158	106,82504	-54,39549
20060	110,1019	-54,39549	110,75729	-53,08475
20080	110,75729	-53,08475	110,75729	-51,77402
20100	110,10193	-51,77403	110,75729	-51,11865
20120	110,75729	-52,42938	111,41265	-51,77401
20140	112,06801	-53,08475	112,06801	-53,7401
20160	112,06802	-55,05083	112,72338	-54,39547
20180	112,72338	-55,7062	113,37874	-54,39548
20200	112,72338	-55,05085	112,72337	-54,39547
20220	112,72337	-54,39548	112,068	-53,08475
20240	111,41264	-53,74012	111,41263	-53,08474
20260	110,75727	-53,74011	111,41263	-53,08475
20280	111,41263	-53,74012	111,41264	-54,39548
20300	111,41263	-55,05085	112,068	-54,39549
20320	112,06799	-54,3955	111,41264	-53,08476
20340	110,75727	-53,08477	110,10191	-51,11865
20360	109,44655	-51,11867	109,44655	-50,4633
20380	108,79118	-50,46331	108,79118	-49,80793
20400	108,79118	-51,11866	108,79118	-51,11865
20420	109,44655	-52,42939	110,10191	-53,08475
20440	111,41263	-53,74013	116,65559	-52,42938
20460	126,48617	-51,11865	128,45233	-49,15256
20480	127,14161	-49,80792	126,48623	-47,84183
20500	126,48623	-47,84183	126,48622	-46,53111
20520	125,83086	-46,53111	126,48621	-46,5311
20540	126,48621	-47,18647	126,48621	-47,18646
20560	127,79694	-48,49719	128,4523	-49,15255
20580	129,10766	-49,80793	129,76302	-49,80792
20600	129,76303	-50,4633	130,41839	-49,80793
20620	130,41839	-49,80794	130,41839	-48,49721
20640	129,76303	-48,49721	129,76303	-46,53112
20660	129,10766	-47,18649	129,10766	-46,53112
20680	129,10766	-47,18648	128,4523	-47,18647
20700	129,76302	-48,49721	130,41838	-48,4972
20720	130,41838	-49,80793	130,41838	-49,15256
20740	131,07374	-49,80794	131,07374	-49,15257
20760	130,41838	-49,80794	131,07374	-48,4972
20780	131,07373	-48,49721	130,41837	-47,84184
20800	130,41837	-47,84184	130,41837	-47,18647
20820	130,41837	-47,18648	130,41837	-47,18647
20840	129,76301	-47,84184	130,41837	-47,18647
20860	131,07374	-47,84184	131,07374	-46,53111
20880	131,07374	-47,84184	130,41838	-47,18647
20900	117,31099	-50,46329	79,95506	-55,70618
20920	36,04554	-59,63836	-11,14064	-60,29371
20940	-13,76218	-59,63835	-11,79612	-58,32762
20960	-11,14076	-58,32763	-11,14078	-57,67226
20980	-10,48544	-57,67227	-10,48545	-57,0169
21000	-10,48546	-57,67228	-9,83012	-57,01691
21020	-9,83013	-57,01692	-9,83014	-56,36155
21040	-9,83014	-57,01692	-9,83015	-55,7062
21060	-9,83015	-57,01693	-9,83016	-55,7062
21080	-9,83017	-57,01693	-9,17481	-56,36156
21100	-9,17479	-55,70618	-8,51945	-55,70618
21120	-8,51946	-56,36154	-8,51946	-55,70618
21140	-9,17482	-56,36155	-8,51946	-55,05082
21160	-8,51947	-55,70619	-9,17483	-55,05082
21180	-8,51947	-55,70619	-8,51947	-55,05082
21200	-8,51948	-55,70619	-8,51947	-55,70618
21220	-9,17484	-56,36155	-8,51947	-55,70619
21240	-8,51947	-56,36156	-8,51947	-57,01691
21260	-8,51947	-57,67229	-8,51947	-57,01692
21280	-8,51947	-57,6723	-8,51947	-57,01692
21300	-8,51947	-57,67229	-8,51947	-57,01692
21320	-8,51947	-57,01694	-8,51948	-57,01692
21340	-8,51948	-57,01693	-7,86409	-57,01692
21360	0,65568	-57,01692	5,89862	-57,01692
21380	7,20935	-58,32765	7,8647	-57,67229
21400	7,8647	-58,98303	8,52006	-58,32766
21420	8,52006	-58,32767	8,52005	-57,6723
21440	8,52005	-58,98303	8,52005	-57,67231
21460	8,52005	-58,98304	8,52004	-58,32768
21480	8,52004	-59,63841	9,1754	-58,98305
21500	9,1754	-59,63841	9,83075	-58,98305
21520	9,83075	-59,63842	9,83075	-58,98306
21540	9,83075	-59,63842	9,83075	-58,98306
21560	9,83075	-59,63842	9,83075	-58,98306
21580	9,83075	-60,29379	9,83075	-59,63842
21600	9,83075	-60,29379	9,83075	-59,63842
21620	9,83074	-60,29379	9,83075	-59,63843
21640	9,83074	-60,2938	9,83074	-60,29379
21660	9,83074	-60,2938	9,83074	-59,63844
21680	9,83074	-60,29381	9,83074	-60,2938
21700	9,83074	-60,29381	9,83073	-60,2938
21720	9,83073	-60,94918	9,83073	-60,29381
21740	10,48609	-61,60454	9,83073	-60,94918
21760	17,69507	-61,60454	53,74007	-59,63845
21780	66,1921	-58,98309	67,50288	-58,32773
21800	66,19214	-58,9831	66,19213	-58,98309
21820	67,50285	-59,63847	67,50285	-58,9831
21840	67,50284	-59,63847	67,50284	-58,98311
21860	67,50283	-59,63847	67,50283	-58,98311
21880	68,15818	-59,63848	68,15818	-58,98311
21900	68,15819	-60,29384	67,50283	-58,98311
21920	68,15818	-60,29384	68,15819	-58,98312
21940	68,15819	-59,63848	68,15819	-58,98311
21960	68,81355	-58,98312	68,15819	-58,98312
21980	68,81355	-58,98313	68,81355	-58,98312
22000	68,81355	-59,63849	68,81355	-59,63848
22020	68,81355	-60,29385	68,81355	-58,98312
22040	68,81354	-59,63849	68,81354	-58,98312
22060	68,81354	-59,63849	68,81354	-59,63848
22080	68,81354	-59,63849	69,46891	-59,63849
22100	68,81355	-60,29386	69,46891	-59,63849
22120	68,81355	-60,29386	69,46891	-59,6385
22140	69,46891	-60,29386	69,46891	-59,6385
22160	68,81355	-60,29386	69,46891	-60,29386
22180	70,12427	-60,94922	79,95482	-58,98312
22200	88,47466	-58,32775	90,4408	-57,67239
22220	89,13007	-57,67239	89,13007	-57,01703
22240	89,78542	-58,32776	89,78542	-57,6724
22260	89,78542	-57,67241	89,78541	-57,6724
22280	90,44077	-58,32777	90,44077	-57,6724
22300	90,44076	-58,32777	90,44076	-57,67241
22320	90,44075	-58,98313	89,78539	-58,32777
22340	89,78539	-58,98314	89,78539	-58,32776
22360	89,78539	-58,98313	89,78539	-57,6724
22380	89,13003	-58,32777	89,13004	-57,01703
22400	89,13003	-57,6724	88,47468	-57,01703
22420	88,47467	-57,6724	88,47467	-57,01703
22440	89,13003	-57,6724	89,13003	-57,67239
22460	88,47467	-58,32776	88,47467	-57,6724
22480	89,13003	-58,98313	89,78538	-58,32776
22500	89,78538	-58,98313	89,78538	-57,6724
22520	89,78537	-58,32777	90,44073	-57,01704
22540	89,78536	-57,6724	89,78536	-56,36168
22560	90,44072	-57,01704	89,78535	-57,01703
22580	89,78536	-57,01704	90,44072	-56,36167
22600	90,44071	-57,6724	90,44072	-57,01704
22620	89,78535	-57,6724	90,44071	-57,01704
22640	89,78535	-57,6724	90,44071	-57,01703
22660	89,78535	-57,6724	90,44072	-57,01703
22680	89,78536	-57,6724	90,44072	-57,01703
22700	90,44072	-57,01704	90,44072	-56,36166
22720	89,78536	-57,01704	90,44072	-55,70631
22740	89,78536	-56,36167	89,78535	-55,7063
22760	90,44071	-56,36167	89,78535	-55,05094
22780	89,78534	-56,36168	90,4407	-55,7063
22800	90,4407	-57,01704	90,44069	-58,32777
22820	91,09605	-61,60463	96,99429	-73,40126
22840	94,37293	-102,8928	92,40699	-128,45211
22860	89,13048	-141,55939	84,543	-143,52536
22880	75,36792	-142,86981	68,81424	-140,24817
22900	62,26059	-137,62657	57,67302	-135,66036
22920	58,98376	-135,66031	61,60524	-135,00496
22940	66,84817	-135,66046	73,40178	-134,34991
22960	76,67855	-132,384	80,61062	-129,76266
22980	84,54262	-123,8645	85,85323	-116,00015
23000	87,16387	-109,44652	87,1638	-100,92679
23020	87,81911	-94,37313	89,12981	-86,50873
23040	89,12981	-80,61043	89,12983	-74,05676
23060	88,47448	-69,46918	88,47449	-64,22624
23080	87,81913	-60,9494	87,81914	-57,01719
23100	86,50842	-55,70644	86,50842	-53,08496
23120	85,85306	-52,42958	85,85307	-51,11884
23140	85,1977	-51,11884	85,85307	-50,46345
23160	85,85306	-49,8081	85,1977	-49,15271
23180	85,1977	-49,15271	85,1977	-48,49733
23200	88,47456	-49,15271	91,75143	-49,15273
23220	91,09609	-49,8081	91,09607	-47,84198
23240	91,09607	-47,18661	90,44071	-45,22051
23260	90,44071	-45,87587	89,78534	-44,56513
23280	89,78534	-45,22049	89,78534	-44,56512
23300	89,12998	-45,22048	89,12998	-44,5651
23320	89,12998	-45,22047	89,12998	-44,5651
23340	88,47461	-45,22047	88,47461	-44,56509
23360	87,81924	-45,22046	87,16388	-44,56509
23380	87,16387	-45,22045	86,5085	-45,22044
23400	86,5085	-45,87582	86,5085	-46,53117
23420	86,50849	-47,84191	86,50849	-47,8419
23440	87,16385	-49,80801	87,16385	-49,808
23460	87,81921	-51,11873	87,81921	-50,46337
23480	87,16385	-51,7741	88,47457	-50,46337
23500	87,81922	-51,11874	87,81921	-50,46337
23520	87,81921	-50,46338	87,16385	-49,80801
23540	87,16385	-50,46338	86,50848	-49,80802
23560	87,16384	-49,80802	86,50847	-49,80801
23580	86,50846	-50,46338	86,50846	-50,46338
23600	86,50845	-51,11875	86,50844	-51,11875
23620	85,85307	-51,77412	86,50843	-51,11875
23640	85,85305	-51,77413	85,19769	-51,11876
23660	84,54232	-51,11877	84,54231	-49,80804
23680	83,88694	-49,80805	83,88693	-49,15269
23700	83,88693	-50,46342	83,23156	-49,80805
23720	83,88692	-51,11878	84,54228	-50,46341
23740	84,54228	-51,11878	85,19764	-51,11878
23760	85,853	-52,42951	86,50837	-51,11879
23780	86,50838	-51,11879	87,16375	-50,46343
23800	86,5084	-49,80807	87,16376	-48,49734
23820	86,50841	-47,84198	86,50841	-46,53125
23840	86,50841	-47,18662	86,50841	-45,87589
23860	86,50842	-47,18662	86,50842	-46,53125
23880	87,16379	-47,18663	87,81915	-47,18662
23900	88,47452	-47,84199	88,47452	-47,18662
23920	88,47452	-47,18664	88,47452	-45,87591
23940	87,81916	-45,87591	87,81916	-44,56519
23960	87,1638	-44,5652	87,1638	-43,25446
23980	87,16381	-43,90983	87,16381	-43,25446
24000	86,50845	-43,90982	87,16382	-43,90982
24020	87,81918	-44,56519	88,47454	-44,56518
24040	88,47454	-46,53128	89,12991	-46,53127
24060	89,78527	-47,842	90,44064	-47,84199
24080	90,44064	-49,80809	91,096	-49,15272
24100	91,09601	-49,80809	91,09601	-49,80809
24120	91,75137	-51,11882	91,75138	-50,46345
24140	91,75138	-52,42955	92,40675	-52,42954
24160	92,40675	-53,74027	93,06211	-53,74027
24180	93,06211	-55,051	93,06211	-54,39564
24200	93,06211	-55,05101	92,40674	-53,74029
24220	92,40674	-54,39567	91,75137	-53,74029
24240	91,096	-53,7403	90,44063	-52,42957
24260	90,44062	-53,08494	89,1299	-52,42957
24280	89,1299	-53,08494	88,47453	-53,08493
24300	88,47453	-53,7403	89,12988	-53,74029
24320	89,12988	-55,05103	89,78523	-54,39566
24340	90,44059	-55,70639	90,4406	-55,05102
24360	90,4406	-55,70638	90,4406	-55,05101
24380	90,4406	-55,05102	91,09596	-54,39565
24400	91,09596	-54,39566	90,44061	-53,74029
24420	90,44061	-53,08493	91,09597	-52,42956
24440	91,09597	-52,42957	91,75133	-51,7742
24460	91,75133	-52,42957	91,75134	-51,7742
24480	92,4067	-53,08493	92,4067	-52,42956
24500	93,06206	-53,08493	93,06206	-52,42956
24520	93,71742	-53,08493	93,06207	-51,7742
24540	93,71742	-52,42957	93,06207	-51,11884
24560	93,06207	-51,77421	93,06206	-51,11884
24580	93,06206	-51,7742	93,06206	-51,11884
24600	93,06206	-52,42957	93,06206	-51,7742
24620	93,06205	-52,42957	93,7174	-51,77421
24640	93,06204	-52,42958	93,06203	-51,77421
24660	92,40667	-51,77421	92,40666	-50,46348
24680	92,40666	-51,11885	91,75129	-49,80812
24700	91,09592	-49,80812	91,09592	-49,15274
24720	90,44056	-49,80811	91,09592	-49,15273
24740	90,44055	-50,46347	90,44056	-50,46346
24760	91,09591	-51,11883	91,09592	-50,46346
24780	91,09592	-51,77419	91,75128	-51,11882
24800	91,09592	-51,11882	91,09591	-50,46345
24820	90,44056	-50,46346	91,09592	-49,15272
24840	90,44055	-49,15273	90,44055	-48,49735
24860	89,78519	-49,15271	89,78519	-47,84198
24880	89,7852	-48,49735	89,7852	-47,84198
24900	89,12984	-48,49734	89,78519	-47,18662
24920	89,12983	-47,84198	89,12983	-46,53124
24940	87,81911	-47,1866	87,81911	-45,87587
24960	87,81911	-46,53124	87,16375	-45,22051
24980	87,16374	-45,87587	87,16375	-44,56514
25000	86,50838	-44,56514	85,85302	-43,90977
25020	85,85303	-43,90978	85,19767	-43,25441
25040	85,85303	-43,90977	85,19767	-42,59904
25060	85,19767	-43,90977	84,54231	-43,25439
25080	84,54231	-44,56512	84,54231	-43,90975
25100	84,54231	-44,56512	84,54232	-43,90976
25120	85,19767	-44,56513	85,19768	-43,90975
25140	84,54232	-44,56512	84,54232	-43,90975
25160	84,54232	-43,90976	84,54232	-43,25439
25180	83,88696	-43,25439	83,2316	-41,94366
25200	82,57625	-42,59902	83,2316	-41,28828
25220	82,57625	-41,94365	82,57625	-41,28828
25240	82,57625	-41,94365	82,57625	-41,28828
25260	83,23161	-42,59901	83,23161	-41,94364
25280	83,23161	-41,94365	83,23161	-41,28828
25300	82,57626	-41,94364	83,23161	-40,63291
25320	81,92089	-41,28828	81,92089	-40,6329
25340	81,92089	-40,63291	81,92088	-39,97754
25360	81,92089	-40,63291	81,26552	-39,97754
25380	80,61016	-40,63291	81,26552	-39,97754
25400	81,26552	-41,28827	81,92088	-40,6329
25420	81,92088	-41,94364	81,92087	-41,28827
25440	81,92087	-41,94365	82,57624	-41,28828
25460	81,92087	-41,94365	82,57623	-41,28828
25480	82,57623	-41,94365	82,57624	-41,28829
25500	82,57623	-43,25438	82,57623	-43,90976
25520	83,23159	-47,84198	86,50839	-55,70642
25540	90,44057	-75,36752	86,50847	-100,92689
25560	86,5087	-124,52004	83,23214	-132,38435
25580	81,26611	-133,69496	76,67857	-134,35016
25600	74,05714	-133,69467	70,12498	-131,72847
25620	68,81425	-131,07301	67,50354	-129,10681
25640	66,84821	-129,10673	67,50358	-129,10668
25660	68,81431	-130,41747	72,09111	-131,7283
25680	74,05715	-133,69456	77,33386	-132,384
25700	77,98914	-131,7288	79,95512	-130,41815
25720	83,23178	-126,48608	84,5424	-119,27714
25740	85,19771	-114,03425	84,54231	-108,13597
25760	83,23154	-103,54843	83,88687	-87,16439
25780	83,88684	-93,06259	84,54219	-87,16428
25800	85,19754	-83,23209	85,85289	-78,64451
25820	85,85289	-75,36768	85,8529	-71,43547
25840	86,50826	-69,46937	86,50827	-66,19253
25860	86,50827	-64,8818	85,85292	-62,91569
25880	85,85292	-62,26032	85,19757	-60,29421
25900	85,19757	-58,98348	84,54222	-57,67273
25920	84,54222	-57,67272	84,54222	-55,70661
25940	84,54222	-56,36197	84,54223	-55,05123
25960	84,54223	-54,39587	85,85297	-51,11902
25980	86,50836	-49,15289	85,19765	-46,53141
26000	83,88692	-46,5314	83,88691	-45,87601
26020	83,88691	-46,53138	84,54227	-47,18673
26040	84,54226	-48,49748	85,85299	-49,15284
26060	85,85299	-51,11893	86,50835	-51,7743
26080	87,81907	-53,08504	88,47444	-53,08504
26100	89,1298	-54,39577	89,1298	-53,08504
26120	89,78516	-53,08505	89,78515	-51,77432
26140	89,78516	-51,77433	90,44051	-51,11897
26160	91,09587	-51,77434	91,09586	-51,11898
26180	91,09584	-51,11899	91,09583	-48,49752
26200	91,09583	-48,49753	81,26532	-53,08506
26220	50,4632	-64,22632	8,51999	-73,40148
26240	-17,03915	-81,92128	-17,03922	-83,88738
26260	-15,07317	-84,54276	-14,41785	-85,19813
26280	-13,76252	-87,16424	-13,10718	-87,16425
26300	-11,79649	-88,47499	-11,79651	-88,47499
26320	-12,45189	-89,78572	-11,79655	-89,78572
26340	-11,1412	-91,09645	-11,14121	-91,09644
26360	-10,48586	-91,75181	-9,83051	-91,09645
26380	-9,83051	-92,40719	-8,51979	-91,75182
26400	-7,86443	-91,75183	-7,20908	-91,09646
26420	-7,20908	-90,44111	-5,89836	-89,13038
26440	-5,24301	-89,13039	-4,58764	-87,81966
26460	-6,55375	-87,81965	0,65512	-87,16424
26480	-4,58788	-87,16421	-9,83082	-85,19811
26500	-8,52011	-85,19812	-8,52012	-83,88738
26520	-8,52013	-83,88739	-8,52013	-83,23202
26540	-9,1755	-82,57667	-9,17551	-81,92129
26560	-9,83087	-81,92129	-9,83087	-81,26592
26580	-10,48624	-81,92129	-11,1416	-81,92128
26600	-11,14161	-82,57665	-11,79697	-81,92127
26620	-12,45233	-82,57664	-13,76305	-81,92127
26640	-13,76306	-81,92128	-14,41842	-81,92126
26660	-14,41843	-82,57664	-14,41844	-81,92127
26680	-15,07381	-82,57665	-14,41845	-81,92127
26700	-13,76309	-82,57665	-13,76309	-81,92128
26720	-13,76311	-81,92129	-20,9721	-79,9552
26740	-22,28282	-81,26594	-21,62745	-80,61058
26760	-20,97206	-80,61059	-20,97206	-79,95522
26780	-20,3167	-79,95523	-20,31671	-77,33378
26800	-20,97208	-77,33379	-21,62745	-75,36769
26820	-21,62745	-75,3677	-21,62745	-74,71233
26840	-22,93818	-74,71233	-23,59354	-74,05696
26860	-25,55964	-74,05696	-28,18109	-72,74623
26880	-30,14718	-72,74623	-32,11327	-72,09086
26900	-32,76864	-72,74623	-33,42401	-72,74622
26920	-33,42402	-73,4016	-33,42403	-73,40159
26940	-33,42404	-74,05696	-32,76869	-73,40159
26960	-33,42407	-74,71232	-33,42408	-74,05694
26980	-33,42409	-74,71231	-33,42409	-74,05695
27000	-34,07945	-74,71232	-34,73481	-73,40158
27020	-36,04553	-72,74623	-38,01159	-70,78013
27040	-39,97765	-69,46941	-41,94371	-67,50332
27060	-42,59905	-66,84796	-42,59902	-64,22651
27080	-42,59899	-62,26042	-42,59897	-58,98358
27100	-42,59896	-58,32822	-42,59895	-55,70488
27120	-42,59895	-56,36214	-42,59896	-55,70677
27140	-42,59897	-56,36214	-42,59899	-56,36213
27160	-42,59901	-57,67287	-42,59904	-57,67286
27180	-42,59905	-59,63895	-42,59906	-60,29432
27200	-42,59907	-62,26042	-42,59908	-63,57114
27220	-42,59909	-65,53724	-42,5991	-66,1926
27240	-42,59911	-68,15869	-42,59912	-67,50333
27260	-42,59913	-69,46943	-41,94377	-69,46943
27280	-41,94377	-71,43553	-41,28841	-72,74625
27300	-42,59914	-74,71235	-42,59914	-76,67844
27320	-39,32234	-82,57671	-1,96662	-90,44102
27340	4,58742	-93,71782	61,6043	-96,33929
27360	88,47463	-100,27145	103,54829	-101,58209
27380	112,72366	-100,92665	116,65603	-98,30509
27400	118,62222	-96,33894	119,93298	-93,71743
27420	120,58833	-91,09598	124,52045	-85,19772
27440	131,07393	-74,71194	134,35073	-62,91541
27460	141,55967	-52,42961	145,49182	-41,94376
27480	146,80256	-32,76861	148,11333	-24,24883
27500	148,11336	-17,69516	147,45803	-10,4861
27520	146,14733	-5,24315	145,49198	0,65516
27540	145,49198	4,58737	144,83663	9,83032
27560	143,52591	13,10716	143,52591	17,03938
27580	142,87056	19,00548	142,87057	21,62697
27600	142,21521	21,62698	142,21522	24,24846
27620	144,18148	28,83607	144,18175	36,04521
27640	144,18185	40,63283	143,52653	46,5312
27660	142,21581	49,80807	140,90509	53,74024
27680	140,24973	55,70631	139,59437	58,32776
27700	138,93901	58,98311	138,93901	59,63848
27720	137,62829	58,98311	138,28366	59,63848
27740	138,28367	58,98311	138,28367	59,63848
27760	138,28368	58,98311	138,93905	59,63848
27780	138,93905	58,98311	138,2837	59,63848
27800	134,35154	58,98311	133,69618	59,63848
27820	133,04083	58,98311	134,35155	59,63848
27840	134,35154	58,98311	134,35154	59,63848
27860	133,69617	58,98311	134,35153	59,63848
27880	134,35152	58,98311	134,35151	59,63848
27900	134,35151	58,98311	134,3515	59,63848
27920	134,3515	58,98311	134,35149	59,63848
27940	134,35149	58,98311	135,00684	59,63848
27960	142,21585	53,74023	154,01266	30,80238
27980	165,1539	-1,31079	171,05205	-34,73466
28000	167,1197	-56,36189	169,74098	-60,94951
28020	172,36234	-60,29413	174,32839	-58,32803
28040	174,32835	-56,36195	174,98369	-54,39585
28060	174,98367	-53,08513	174,32829	-51,77439
28080	174,32827	-51,11904	173,67289	-50,46367
28100	172,36216	-51,7744	171,70681	-49,8083
28120	171,05148	-51,11901	169,74081	-51,119
28140	168,43014	-53,08509	167,77485	-54,3958
28160	157,94438	-56,36187	150,73541	-56,36184
28180	147,45868	-56,36184	147,45879	-55,70647
28200	148,11424	-55,05111	146,8036	-53,74038
28220	145,49296	-53,08503	143,52694	-51,7743
28240	140,90554	-51,77432	137,62876	-51,11896
28260	135,66269	-51,11896	133,04124	-49,15288
28280	133,04121	-49,15288	132,38582	-47,84216
28300	133,04111	-47,84216	133,04104	-46,53143
28320	133,69634	-47,18681	135,00701	-45,87608
28340	135,66234	-45,87609	137,62838	-44,56536
28360	138,28369	-44,56538	139,59437	-43,25466
28380	139,59433	-43,25467	140,24965	-41,28858
28400	139,59427	-41,28859	140,2496	-39,3225
28420	140,24959	-39,97786	140,90493	-38,66714
28440	140,90492	-39,97787	141,56028	-39,32251
28460	142,21564	-39,97787	142,21565	-39,97785
28480	142,87103	-40,63322	142,87104	-39,32246
28500	143,52641	-39,32247	143,52642	-38,01172
28520	143,52643	-37,35634	144,18181	-36,04561
28540	144,8372	-37,35634	144,18184	-37,35633
28560	128,45299	-39,97778	98,96139	-43,25457
28580	68,15906	-48,49747	40,63361	-51,1189
28600	18,35116	-53,085	9,8314	-51,77428
28620	11,79747	-51,77428	13,76353	-50,46353
28640	14,41886	-50,46357	15,72955	-49,15284
28660	17,04025	-49,80822	19,00633	-49,15285
28680	20,31704	-50,46359	20,97238	-49,80822
28700	21,62772	-51,11896	22,28307	-49,80823
28720	22,28304	-50,4636	22,93839	-49,80823
28740	22,93837	-51,11897	22,93834	-50,4636
28760	22,93833	-51,11897	22,9383	-50,46361
28780	23,59364	-51,77434	23,59362	-51,11897
28800	23,5936	-52,42971	24,24894	-51,77434
28820	24,90428	-53,74044	26,21499	-56,36192
28840	26,87033	-60,29413	26,87032	-59,63876
28860	26,21494	-59,63875	25,55957	-58,32801
28880	24,90419	-57,67265	24,90418	-56,3619
28900	24,90416	-56,3619	24,24879	-54,3958
28920	24,24877	-55,70653	24,90411	-54,39579
28940	24,9041	-55,05115	26,21481	-54,39578
28960	25,55944	-54,39579	26,21479	-53,74042
28980	25,55942	-54,39579	26,21477	-53,74042
29000	26,21477	-53,74042	26,21476	-53,08505
29020	26,21476	-53,74042	26,21475	-53,08505
29040	26,87011	-53,74042	26,87011	-53,08505
29060	26,87011	-53,08507	27,52547	-53,08506
29080	28,18083	-53,74043	28,18082	-53,08507
29100	28,18083	-53,74044	28,83619	-53,74044
29120	38,66662	-53,74045	68,81357	-46,53135
29140	103,54838	-34,73468	129,10806	-24,24875
29160	137,62809	-19,00576	137,6281	-14,41817
29180	136,97271	-11,7967	138,28342	-9,17522
29200	138,93877	-8,51986	139,59412	-7,20913
29220	140,24947	-7,20913	140,90482	-5,24303
29240	140,90481	-5,24303	141,56016	-3,9323
29260	141,56015	-3,27693	140,90479	0,65527
29280	139,59406	2,62137	139,59406	5,89821
29300	138,28334	7,86432	136,97263	11,14117
29320	135,66191	13,10727	134,35119	17,03949
29340	133,69584	17,69487	131,72972	19,66096
29360	107,4811	21,62711	75,36798	25,55938
29380	45,87643	27,52554	27,52622	32,11314
29400	24,90479	34,07925	24,24943	37,35609
29420	22,93869	37,3561	22,93868	38,66682
29440	21,62794	38,01146	20,97257	39,3222
29460	20,97256	38,66683	20,97255	39,3222
29480	20,31717	38,66683	20,31717	38,66684
29500	19,6618	38,01147	19,00643	38,66684
29520	18,35106	38,66683	17,69569	38,66684
29540	16,38496	38,01148	15,7296	38,66685
29560	15,07424	38,01147	14,41887	39,32221
29580	14,41887	38,01148	13,76351	38,66685
29600	13,76351	38,01148	14,41887	38,66686
29620	13,76351	38,01149	13,10815	38,66686
29640	11,79743	38,0115	11,14206	38,66687
29660	10,4867	38,0115	9,83133	38,66688
29680	9,17597	38,01151	9,17596	38,66688
29700	8,5206	38,01152	7,86523	38,66689
29720	7,86523	38,01152	7,86523	37,35616
29740	7,86523	37,35615	8,52058	36,7008
29760	8,52058	34,73469	9,83128	29,49177
29780	13,10805	18,35052	18,35088	1,96633
29800	24,90444	-24,90378	34,07948	-56,36153
29820	37,35643	-96,99433	56,3622	-114,68916
29840	64,22663	-117,31048	64,22671	-114,68883
29860	66,1929	-112,72259	66,19298	-110,75642
29880	66,19304	-114,0333	68,81452	-117,96567
29900	74,05739	-120,58735	76,67873	-118,62143
29920	82,57675	-111,41253	83,23199	-100,27134
29940	84,54259	-89,78553	86,50859	-77,33358
29960	87,81928	-68,15844	87,81929	-58,32794
29980	86,50856	-51,77428	85,85321	-45,22059
30000	84,54248	-41,28838	83,23176	-36,04543
30020	81,92103	-32,76858	81,26567	-28,83638
30040	80,6103	-26,87027	79,95493	-24,2488
30060	79,95493	-23,59343	79,95492	-20,97196
30080	79,29956	-20,97195	79,29956	-19,00584
30100	79,29956	-19,00584	79,29955	-17,6951
30120	79,29955	-17,03974	79,29955	-17,03973
30140	79,29955	-17,03973	79,95492	-16,38436
30160	79,95492	-16,38436	79,95493	-15,72898
30180	79,95493	-15,72899	79,95494	-15,07361
30200	79,95494	-15,07362	79,95495	-14,41825
30220	79,29959	-14,41825	79,2996	-13,76288
30240	79,2996	-13,76289	78,64425	-13,10751
30260	78,64427	-13,76289	79,29963	-13,10752
30280	78,64428	-13,76289	78,64428	-12,45216
30300	78,64428	-13,76289	77,98892	-13,10752
30320	78,64429	-13,76289	77,98893	-13,10752
30340	78,64429	-14,41826	77,98893	-13,10753
30360	77,98893	-14,41826	77,98893	-13,7629
30380	77,98894	-15,07363	77,98894	-14,41826
30400	77,98893	-15,72899	77,98894	-15,07362
30420	77,98894	-16,38436	77,98893	-15,72899
30440	77,98894	-17,03973	77,98894	-17,03972
30460	77,98894	-19,00582	78,6443	-19,66118
30480	79,29967	-22,93802	83,23193	-33,42393
30500	87,16429	-47,18676	89,78589	-57,01732
30520	91,75194	-60,29416	93,71797	-60,29414
30540	94,3733	-61,60489	95,02864	-62,26025
30560	95,02863	-62,91563	96,33933	-63,571
30580	96,33932	-64,22637	97,65002	-64,88174
30600	98,30538	-65,53712	98,96073	-65,53712
30620	99,61608	-66,84786	100,27143	-66,84786
30640	100,27143	-67,50324	100,27142	-67,50324
30660	100,92677	-68,81398	100,92677	-68,81398
30680	100,92676	-70,12471	101,58211	-70,12472
30700	101,58211	-71,43545	101,58211	-71,43545
30720	100,92674	-73,40155	95,02843	-76,02303
30740	91,7516	-79,29987	91,09622	-79,29988
30760	91,75158	-79,95525	92,40693	-79,95524
30780	92,40691	-80,61062	92,40691	-80,61062
30800	91,75154	-81,92135	92,4069	-81,92134
30820	91,75154	-82,57672	91,75153	-81,26599
30840	91,75153	-82,57673	91,75153	-82,57672
30860	91,75153	-83,23209	92,40688	-83,23209
30880	92,40688	-83,88746	92,40689	-83,88746
30900	92,40688	-85,19819	92,40688	-85,19819
30920	92,40688	-85,1982	93,06224	-85,19819
30940	93,06224	-85,85356	90,44078	-86,50892
30960	90,44079	-87,81967	90,44079	-87,1643
30980	90,44078	-88,47503	90,44078	-87,81966
31000	89,78542	-88,47503	90,44078	-88,47502
31020	89,78542	-89,1304	90,44078	-89,13039
31040	89,78542	-89,78576	89,78542	-89,13039
31060	89,78541	-89,78577	89,78542	-89,78576
31080	89,78541	-90,44113	89,78542	-89,78576
31100	89,78542	-91,09649	89,78542	-90,44113
31120	89,13006	-91,75185	89,13005	-90,44113
31140	89,78541	-91,75186	89,78542	-91,09649
31160	89,78541	-92,40723	89,78541	-91,75186
31180	89,13005	-93,06259	89,78541	-92,40723
31200	89,78541	-93,0626	89,78541	-93,06259
31220	89,78541	-93,71797	89,78541	-93,06259
31240	89,78541	-94,37333	89,78541	-93,71796
31260	89,78541	-94,37333	89,78541	-94,37333
31280	89,78541	-94,37334	90,44076	-94,37333
31300	90,44076	-95,68407	91,09612	-95,0287
31320	91,09611	-96,33944	91,09611	-96,33944
31340	91,75147	-96,99481	91,75146	-96,33944
31360	91,75146	-96,99481	91,75146	-96,33945
31380	91,75145	-96,99481	91,75145	-96,99481
31400	91,75145	-97,65018	92,40681	-96,99481
31420	101,58198	-96,9948	121,89849	-93,06259
31440	135,00597	-92,40723	138,93825	-91,75186
31460	138,28287	-93,06259	137,62749	-92,40722
31480	138,28285	-93,06259	138,93821	-92,40723
31500	138,9382	-93,0626	138,93819	-92,40724
31520	138,93819	-93,06261	139,59355	-92,40724
31540	139,59354	-93,06261	139,59354	-93,06261
31560	139,59354	-93,71798	140,2489	-93,71798
31580	140,2489	-94,37335	140,2489	-93,71799
31600	140,90426	-94,37336	140,90426	-94,37335
31620	142,87037	-93,71799	144,8365	-91,75187
31640	145,49188	-92,40723	144,83652	-91,75186
31660	146,14724	-92,40723	146,14723	-91,75186
31680	146,14723	-92,40724	146,14723	-91,75187
31700	146,8026	-92,40723	146,14724	-92,40723
31720	146,14724	-93,0626	146,8026	-92,40723
31740	146,80261	-93,0626	146,80261	-92,40723
31760	146,80261	-92,40724	146,80262	-91,75186
31780	146,14726	-92,40723	146,80262	-91,09649
31800	145,4919	-91,75187	146,14727	-91,09649
31820	146,14727	-91,75186	146,80264	-91,09649
31840	146,80264	-91,75185	146,80265	-91,09649
31860	146,80265	-91,0965	146,80265	-91,09648
31880	146,80265	-91,09649	146,80266	-90,44112
31900	146,1473	-91,09648	146,80266	-90,4411
31920	146,14731	-90,44111	146,14732	-89,78574
31940	146,14732	-90,4411	146,14732	-89,78574
31960	146,14733	-90,4411	146,14733	-89,13037
31980	146,14733	-90,4411	145,49197	-89,78573
32000	146,14734	-89,78573	145,49198	-89,13036
32020	145,49198	-90,44109	144,83663	-89,13036
32040	145,49199	-89,78572	145,49199	-89,13036
32060	144,83663	-89,78572	145,492	-89,13034
32080	144,83664	-89,13036	144,83664	-88,47499
32100	144,83665	-89,13035	144,83665	-88,47498
32120	144,83665	-89,13035	144,83665	-88,47498
32140	144,18129	-89,13035	144,1813	-88,47498
32160	144,18129	-89,13035	144,18131	-88,47498
32180	144,1813	-89,13034	143,52595	-88,47498
32200	143,52595	-88,47498	143,52595	-87,81961
32220	143,52595	-88,47498	143,52595	-88,47497
32240	143,52596	-88,47498	142,8706	-88,47496
32260	142,8706	-88,47498	142,8706	-88,47497
32280	142,8706	-89,13034	142,8706	-88,47497
32300	142,8706	-88,47498	142,21525	-88,47497
32320	142,21524	-89,13034	142,21525	-88,47497
32340	142,21525	-89,13034	142,21525	-87,81961
32360	140,90451	-89,13033	127,1418	-89,1303
32380	108,1361	-91,75173	94,37333	-91,09634
32400	90,44111	-91,75171	91,09648	-91,75171
32420	91,75183	-91,75173	91,75183	-91,75172
32440	92,40718	-92,40711	93,71789	-92,40711
32460	93,71788	-93,06249	94,37324	-93,06249
32480	95,02859	-93,71787	95,02859	-93,0625
32500	95,02858	-93,71788	95,68394	-93,06251
32520	95,68393	-94,37325	95,02856	-93,06252
32540	95,68393	-93,71788	95,68392	-93,06251
32560	95,68392	-93,06253	95,68391	-93,06252
32580	89,78561	-93,71789	87,16413	-93,71789
32600	87,8195	-95,02862	88,47486	-94,37325
32620	88,47486	-95,02862	89,13021	-95,02862
32640	88,47484	-95,68399	88,47484	-95,02863
32660	89,1302	-95,684	88,47483	-95,02863
32680	88,47483	-95,684	88,47483	-95,02863
32700	88,47482	-95,684	88,47481	-95,02863
32720	87,81945	-95,68401	88,4748	-95,02864
32740	88,4748	-95,684	88,4748	-95,02864
32760	88,4748	-95,68401	89,13015	-95,02864
32780	88,47479	-95,68401	89,13015	-95,02864
32800	88,47479	-95,68401	89,13015	-94,37328
32820	88,47478	-95,02865	89,13014	-94,37328
32840	89,13014	-94,37329	89,13014	-94,37328
32860	89,13014	-95,02865	89,13014	-93,71792
32880	89,13014	-95,02865	89,7855	-93,71792
32900	89,13014	-94,37329	89,7855	-93,71792
32920	89,78549	-94,37329	89,78549	-93,71792
32940	89,78549	-94,37329	90,44085	-93,71792
32960	90,44085	-94,37329	90,44085	-93,71792
32980	90,44085	-93,71793	90,44084	-93,06256
33000	90,44084	-93,71793	90,44084	-92,40719
33020	90,44084	-93,06256	90,44083	-92,40719
33040	90,44083	-93,06256	90,44083	-91,75183
33060	90,44083	-92,4072	90,44083	-91,75182
33080	90,44083	-92,4072	90,44083	-91,75183
33100	90,44082	-91,75184	90,44082	-91,75182
33120	90,44083	-92,4072	90,44083	-91,75183
33140	94,37303	-91,09646	114,68949	-85,8535
33160	131,07382	-81,92127	137,62761	-79,2998
33180	138,28301	-79,95516	138,28298	-78,64443
33200	138,28297	-79,2998	138,93832	-77,98908
33220	138,93832	-78,64445	139,59368	-77,98909
33240	139,59367	-79,29982	139,59367	-78,64445
33260	139,59366	-78,64447	139,59366	-78,64446
33280	139,59366	-79,29983	139,59366	-78,64446
33300	-27,52314	-79,29983	139,59366	-78,64446
33320	138,9383	-79,29983	138,9383	-78,64445
33340	138,9383	-78,64446	138,9383	-78,64446
33360	138,93829	-78,64446	138,9383	-77,9891
33380	138,9383	-78,64446	138,93831	-78,64446
33400	138,28294	-78,64446	138,28294	-77,98908
33420	138,28294	-78,64445	138,28294	-77,98909
33440	137,62758	-78,64445	136,97223	-77,98908
33460	137,62758	-78,64445	137,62758	-77,98908
33480	137,62758	-77,98909	138,28294	-78,64443
33500	138,93829	-78,64445	139,59365	-78,64445
33520	139,59365	-79,29983	140,24901	-78,64446
33540	140,24901	-78,64447	140,24901	-77,9891
33560	139,59364	-78,64446	134,35069	-78,64444
33580	112,72354	-82,5766	87,81956	-83,23194
33600	72,74607	-85,19802	71,43531	-83,88729
33620	72,74603	-83,8873	73,40139	-83,23194
33640	74,05673	-84,54268	74,05672	-83,88731
33660	74,71208	-84,54269	75,36743	-83,88733
33680	75,36743	-84,54271	75,36742	-84,5427
33700	75,36741	-84,54271	76,02277	-83,88734
33720	76,02277	-84,54272	76,02276	-83,88735
33740	76,02276	-84,54273	76,02276	-83,88736
33760	76,67812	-83,88737	76,67811	-83,88736
33780	76,67811	-83,88737	77,33347	-83,88737
33800	77,33347	-84,54274	77,33347	-83,23201
33820	77,33347	-84,54275	77,33347	-83,88738
33840	77,33346	-84,54275	77,33346	-83,88738
33860	77,33346	-84,54275	77,98882	-84,54275
33880	77,98882	-85,85349	77,98882	-85,19812
33900	77,98882	-87,16422	77,98881	-87,81958
33920	78,64417	-92,40716	82,57633	-102,23769
33940	78,64424	-120,58798	79,29976	-134,35065
33960	74,05706	-145,49184	76,02331	-142,8703
33980	76,02338	-143,52551	74,71271	-139,59318
34000	72,74668	-136,31619	70,78063	-131,72845
34020	68,81452	-129,10683	66,19309	-124,51909
34040	65,53771	-121,8975	62,91627	-118,62053
34060	60,95018	-117,3097	59,63945	-114,68817
34080	58,32871	-115,34348	58,3287	-114,68807
34100	58,32868	-115,99879	58,32867	-117,30957
34120	60,29475	-121,24192	63,57155	-123,86361
34140	68,15906	-125,82997	72,09115	-123,86411
34160	74,05715	-124,51967	77,98921	-121,89836
34180	81,26585	-115,34489	81,26576	-108,79132
34200	81,26569	-103,54842	81,26563	-96,33942
34220	82,57629	-90,44114	83,23163	-83,23209
34240	83,88697	-77,3338	84,54232	-71,43548
34260	83,88697	-66,84791	83,88698	-62,26033
34280	83,23163	-59,63884	83,23164	-55,70664
34300	82,57629	-54,39589	81,92093	-51,77441
34320	81,92094	-51,11904	81,26559	-49,15293
34340	80,61023	-49,15292	80,61023	-47,84218
34360	79,95488	-48,49754	79,95488	-47,1868
34380	79,95488	-47,1868	79,29952	-45,87606
34400	79,29952	-46,53142	78,64417	-45,22068
34420	77,98881	-45,22068	77,98882	-44,5653
34440	77,98882	-44,5653	76,6781	-43,25456
34460	76,67811	-43,25455	76,67811	-42,59917
34480	76,02276	-41,94381	76,02276	-40,63307
34500	75,36741	-41,28842	76,02277	-39,97769
34520	76,02277	-40,63305	76,02277	-39,32231
34540	76,67814	-39,97768	77,33349	-38,66694
34560	77,33349	-39,3223	77,98885	-38,66692
34580	77,98885	-38,66693	77,33349	-38,01155
34600	77,3335	-38,66691	77,3335	-36,70081
34620	77,3335	-37,35617	76,67815	-36,04543
34640	76,0228	-36,7008	76,0228	-35,39006
34660	76,02281	-36,04542	75,36745	-35,39005
34680	75,36746	-35,39006	74,71211	-34,73468
34700	74,71211	-34,73468	74,05675	-33,42394
34720	73,40139	-34,07931	73,40139	-32,76857
34740	73,40139	-32,76857	72,74603	-32,1132
34760	72,74603	-32,76857	72,74603	-32,1132
34780	72,09067	-32,76856	72,09066	-32,11319
34800	72,09066	-32,76856	72,09065	-32,76854
34820	72,09065	-33,42392	72,09065	-33,42391
34840	72,09064	-34,73465	72,74601	-34,07929
34860	72,09065	-35,39003	72,74601	-35,39002
34880	72,74601	-36,70077	72,74601	-36,04541
34900	72,74601	-38,0115	73,40137	-39,32224
34920	74,05673	-45,8759	76,02281	-53,74032
34940	77,33353	-66,84768	79,29959	-85,19799
34960	79,29965	-108,79121	74,05706	-127,79675
34980	67,50373	-131,72878	64,22701	-123,86411
35000	64,22707	-116,65481	65,53791	-105,51332
35020	66,19349	-98,30406	70,12574	-96,99324
35040	72,09178	-99,61472	70,78099	-104,85778
35060	71,43634	-112,72242	76,67921	-117,31025
35080	84,54347	-118,62125	89,78629	-117,96609
35100	93,71829	-116,65554	98,30571	-108,79125
35120	100,92707	-103,54833	102,89309	-96,33933
35140	104,85912	-90,44105	106,16981	-83,88737
35160	106,82515	-78,64445	107,4805	-74,71224
35180	108,13585	-71,43541	108,13585	-67,5032
35200	108,13586	-65,53709	108,79122	-62,26025
35220	108,13587	-60,29415	108,79124	-58,32803
35240	109,44661	-57,01731	108,79127	-55,70656
35260	109,44663	-55,05119	109,44663	-53,74045
35280	109,44665	-53,74045	108,79129	-52,42971
35300	108,13593	-52,42971	108,13592	-51,77434
35320	108,13591	-52,4297	107,48055	-50,46361
35340	106,82518	-51,11897	106,82518	-49,15287
35360	106,16981	-49,80823	106,16981	-48,49749
35380	104,85909	-48,49749	105,51445	-47,18675
35400	104,85909	-47,84211	104,85909	-47,18674
35420	104,20373	-46,53138	104,20372	-45,876
35440	104,20372	-46,53137	104,20373	-45,876
35460	104,85909	-46,53138	105,51444	-47,18676
35480	105,51444	-49,15286	106,16979	-53,08507
35500	107,4805	-65,53706	109,44651	-85,19809
35520	104,85904	-111,41277	98,30561	-128,4522
35540	91,09688	-134,35028	85,85403	-128,45171
35560	80,61117	-119,27625	76,67904	-110,10077
35580	73,40227	-104,85763	68,81477	-100,26992
35600	66,84866	-98,30375	64,88257	-96,3376
35620	62,91646	-95,68221	60,95033	-94,37145
35640	59,63957	-95,02679	59,63957	-93,71605
35660	58,32885	-93,71603	57,67348	-93,06065
35680	57,67348	-93,06065	55,70737	-93,06064
35700	55,70739	-93,71599	55,70739	-93,06062
35720	55,70743	-93,06061	55,70742	-93,0606
35740	54,39667	-93,71597	55,05203	-93,06061
35760	56,36275	-95,68208	57,01813	-98,95894
35780	59,63958	-105,51266	62,261	-112,06647
35800	64,22703	-118,62036	68,15918	-121,89744
35820	72,09132	-125,17451	77,98947	-124,51939
35840	82,57692	-125,17498	87,16437	-122,5537
35860	91,09638	-117,31099	93,06231	-111,41285
35880	95,68367	-106,17001	97,64968	-99,61639
35900	100,27106	-93,06277	101,58174	-86,50912
35920	102,89244	-80,61083	103,54778	-74,71253
35940	103,54777	-71,4357	104,20313	-66,19276
35960	104,20313	-63,57129	103,54779	-60,29443
35980	103,54779	-58,32833	102,89243	-56,36222
36000	102,23708	-55,70684	101,58173	-54,39609
36020	101,58173	-55,05145	100,92637	-54,39607
36040	100,92638	-54,39606	100,27102	-54,39603
36060	98,96031	-55,05139	98,96031	-54,39601
36080	98,30496	-55,05137	98,30498	-54,396
36100	96,99427	-55,05136	96,99428	-54,39599
36120	96,33893	-55,05135	96,33894	-53,74062
36140	95,02822	-53,74061	94,37287	-52,42988
36160	94,37287	-53,08524	93,71752	-51,7745
36180	93,71752	-51,7745	93,06217	-51,11913
36200	92,40681	-51,11913	92,40681	-50,46375
36220	92,40682	-51,11911	92,40682	-50,46374
36240	92,40683	-51,1191	93,06219	-50,46374
36260	93,71755	-51,11911	94,37291	-50,46373
36280	95,02827	-51,1191	95,02827	-50,46373
36300	95,68363	-51,1191	96,33899	-49,80837
36320	96,33899	-50,46373	95,68363	-50,46372
36340	96,33899	-51,11909	96,339	-51,11908
36360	96,33899	-52,42981	96,339	-52,4298
36380	95,68363	-52,42981	96,33899	-51,77443
36400	95,02826	-51,11908	94,37289	-49,80834
36420	93,71753	-49,15298	93,06216	-47,84225
36440	92,40679	-47,18689	92,40679	-45,87616
36460	91,09606	-45,2208	91,09606	-44,56543
36480	91,09606	-45,2208	91,09606	-44,56543
36500	91,09606	-45,87617	91,75143	-45,2208
36520	92,40679	-45,87618	92,40679	-45,22081
36540	92,4068	-45,87618	92,4068	-44,56545
36560	92,4068	-44,56545	91,09608	-43,25471
36580	91,09608	-42,59935	89,78535	-41,28861
36600	89,12998	-41,28861	88,47461	-39,97787
36620	87,81925	-41,28859	87,81924	-39,97785
36640	87,16388	-39,97786	86,50851	-39,32248
36660	85,85315	-39,97785	85,85315	-39,32247
36680	85,19778	-39,97785	84,54242	-39,32247
36700	84,54241	-39,32248	83,23169	-38,66711
36720	82,57632	-39,32248	81,92096	-38,6671
36740	81,26559	-39,32247	80,61023	-39,32246
36760	79,95486	-39,97783	79,2995	-39,32245
36780	79,29949	-39,97782	79,29949	-39,32244
36800	78,64413	-39,97781	77,98877	-38,01171
36820	77,98876	-38,66708	77,3334	-38,01171
36840	76,67803	-38,01171	76,67803	-37,35632
36860	76,02268	-37,35633	76,02268	-36,04559
36880	75,36732	-36,0456	74,05659	-35,39022
36900	73,40123	-35,39022	72,74587	-34,07948
36920	72,09051	-34,73485	72,09051	-33,42411
36940	72,09051	-34,73482	72,09051	-34,07945
36960	72,09051	-34,73482	72,09052	-34,07944
36980	71,43516	-34,07945	71,43517	-33,42408
37000	70,77981	-34,07945	70,77981	-33,42407
37020	70,77982	-34,07944	70,77982	-33,42407
37040	70,77983	-33,42407	70,12447	-32,7687
37060	70,12448	-32,7687	70,12449	-32,11332
37080	69,46914	-32,11332	70,1245	-30,80258
37100	70,12451	-31,45794	70,12451	-30,1472
37120	69,46916	-30,80257	70,12452	-29,49183
37140	69,46917	-30,1472	69,46917	-28,83646
37160	69,46917	-28,83646	69,46917	-28,18109
37180	68,8138	-28,18109	69,46916	-27,52572
37200	70,12452	-28,83645	70,12451	-28,18109
37220	70,77988	-28,83646	70,77988	-28,18109
37240	71,43524	-28,1811	71,43524	-27,52572
37260	71,43525	-28,18109	71,43525	-26,87036
37280	71,43525	-26,87036	71,43525	-26,21498
37300	71,43526	-26,87035	71,43526	-25,55961
37320	72,09063	-26,21498	72,09063	-25,55961
37340	73,40136	-26,87034	73,40137	-26,87034
37360	73,40137	-28,18108	74,05673	-28,18108
37380	73,40137	-28,83646	73,40136	-28,18109
37400	72,746	-28,83646	72,746	-28,18109
37420	72,09063	-28,83645	72,09063	-27,52572
37440	71,43526	-28,18109	70,7799	-27,52572
37460	70,77989	-28,18109	70,12452	-26,87035
37480	70,12451	-27,52572	69,46915	-26,21499
37500	68,81379	-26,87035	69,46915	-26,21499
37520	69,46914	-26,21499	68,81378	-25,55961
37540	68,15842	-25,55962	68,81378	-24,90425
37560	68,15843	-25,55962	68,81379	-24,90424
37580	68,15843	-26,21497	68,8138	-25,5596
37600	68,15844	-26,87033	68,81381	-25,5596
37620	68,81381	-26,87033	68,81381	-26,21496
37640	68,15844	-26,87033	68,15844	-26,21495
37660	68,15845	-26,87033	67,50308	-25,55959
37680	66,84772	-26,21495	66,84772	-24,24885
37700	66,19235	-24,24885	65,53699	-22,93811
37720	64,88162	-22,93811	64,88162	-22,28275
37740	64,22627	-22,93812	64,22626	-22,93811
37760	64,22626	-24,24885	63,5709	-24,24885
37780	64,22626	-26,87031	64,22626	-29,49178
37800	64,22627	-37,35617	66,84772	-49,80819
37820	72,74596	-77,98901	67,50333	-116,0002
37840	68,15909	-127,79658	63,5717	-118,62098
37860	58,3289	-106,16867	54,39688	-98,30396
37880	49,15408	-94,37162	49,15409	-93,06082
37900	49,80942	-92,40542	48,49864	-90,43931
37920	48,49856	-92,40541	50,4646	-97,64839
37940	54,39673	-106,82374	57,67353	-113,37772
37960	62,91636	-117,96559	69,46988	-117,31048
37980	72,74662	-119,27679	76,02327	-112,72335
38000	77,33386	-106,16982	78,64451	-98,30546
38020	79,95516	-89,13038	80,61046	-79,29989
38040	81,26578	-72,09087	80,6104	-64,22647
38060	79,95504	-58,98353	-42,59728	-53,08524
38080	78,64431	-49,8084	77,98895	-46,53155
38100	77,33358	-44,56545	76,02285	-41,2886
38120	76,02284	-38,66713	75,36748	-36,70102
38140	74,71211	-35,39029	74,71212	-33,42418
38160	74,05675	-32,76881	74,71212	-31,45806
38180	74,05675	-30,8027	74,05676	-29,49196
38200	74,05675	-30,14732	74,71212	-28,83659
38220	74,71212	-28,18124	75,36749	-27,52587
38240	76,02285	-28,18124	76,67822	-27,52588
38260	76,67822	-28,18125	76,67822	-27,52589
38280	77,33358	-28,18125	77,33359	-28,18125
38300	77,33359	-28,83662	77,33359	-28,18125
38320	77,3336	-28,83663	77,3336	-28,18125
38340	76,67824	-28,18125	76,67824	-27,52588
38360	76,67824	-28,83661	76,02288	-27,52587
38380	76,02287	-28,18124	75,36751	-27,52586
38400	74,71214	-27,52587	74,71213	-26,87049
38420	73,40141	-27,52585	72,74604	-26,87048
38440	72,74603	-27,52585	72,74603	-27,52584
38460	72,74602	-28,83657	72,74602	-28,1812
38480	72,74601	-28,83657	72,74601	-28,83656
38500	72,09065	-28,83657	72,74601	-28,83656
38520	72,74601	-29,49193	72,74601	-28,83656
38540	72,74601	-28,83656	72,74601	-28,18118
38560	72,74601	-27,52583	72,74601	-26,87045
38580	72,74601	-26,87045	72,09065	-26,21507
38600	72,09064	-26,87043	72,09063	-26,21506
38620	72,74599	-26,87043	72,74598	-25,5597
38640	72,74598	-26,21506	72,74598	-25,55969
38660	73,40133	-25,55969	73,40134	-24,90432
38680	73,40134	-25,55969	74,0567	-24,90432
38700	73,40134	-25,55968	74,05671	-24,90431
38720	74,05671	58,98176	74,71208	-24,9043
38740	74,05671	-25,55967	74,71208	-24,24894
38760	74,05672	-24,9043	74,05672	-23,59356
38780	74,71212	-20,97207	72,09068	-17,69519
38800	68,81387	-16,38444	68,1585	-15,0737
38820	68,81387	-15,72906	68,81385	-15,72906
38840	68,81385	-16,38443	69,46921	-16,38443
38860	68,81384	-16,38444	69,4692	-16,38444
38880	69,46919	-17,03981	69,46919	-15,72908
38900	69,46919	-16,38444	68,81383	-15,0737
38920	68,81383	-15,72907	68,15847	-14,41834
38940	68,15847	-15,0737	67,5031	-14,41833
38960	67,5031	-15,07369	66,19237	-14,41832
38980	66,19236	-15,72904	65,53699	-15,07367
39000	64,88162	-15,72904	64,22625	-15,72903
39020	64,22625	-16,38439	63,57087	-15,72902
39040	63,57087	-17,03975	63,57086	-16,38439
39060	63,57086	-17,69512	63,57086	-17,03975
39080	63,57087	-17,69512	64,22623	-17,03974
39100	64,22624	-17,03975	64,22625	-16,38438
39120	64,22625	-17,03975	64,88161	-16,38438
39140	65,53698	-16,38439	65,53698	-15,72902
39160	66,19235	-16,38439	66,84772	-15,72901
39180	66,84772	-15,72902	66,84773	-15,07365
39200	66,84772	-15,72902	67,50309	-15,07365
39220	67,50309	-15,72901	68,81382	-15,07365
39240	69,46919	-16,38438	70,77992	-16,38438
39260	72,09065	-17,6951	72,09066	-17,03974
39280	73,40139	-18,35048	74,05677	-19,66121
39300	75,36749	-21,62732	76,67822	-22,28269
39320	77,98895	-23,59343	79,29969	-24,2488
39340	79,95505	-26,21491	81,26578	-26,87028
39360	81,92114	-28,83639	81,92115	-28,8364
39380	82,5765	-30,80251	82,57649	-31,45788
39400	82,57649	-34,73472	81,92111	-37,35619
39420	81,92109	-41,2884	81,92107	-43,90987
39440	81,92105	-47,18671	80,61032	-47,18671
39460	80,6103	-48,49745	80,61028	-49,1528
39480	79,9549	-50,46354	79,95489	-52,42964
39500	79,95488	-55,70647	79,95488	-55,70647
39520	79,29951	-57,01721	79,2995	-56,36184
39540	79,29951	-57,01721	79,2995	-55,70648
39560	78,64413	-55,70648	78,64413	-53,74038
39580	78,64413	-53,08501	77,98877	-51,77428
39600	77,3334	-51,11893	77,3334	-49,80818
39620	76,67803	-49,80819	76,02268	-48,49744
39640	75,36731	-47,84207	74,71195	-45,2206
39660	74,05658	-45,87596	73,40121	-45,22059
39680	72,74585	-45,87596	72,09048	-45,87595
39700	72,09047	-46,53133	71,4351	-45,87597
39720	72,09045	-47,1867	71,4351	-45,87596
39740	71,4351	-45,87596	71,4351	-44,56523
39760	71,4351	-45,2206	70,77974	-43,25449
39780	70,12438	-42,59912	70,12439	-40,63302
39800	70,12439	-40,633	69,46904	-39,32225
39820	69,46904	-38,66689	70,77978	-37,35616
39840	71,43515	-38,66688	72,09051	-38,01152
39860	72,74589	-38,01153	74,05662	-36,04543
39880	74,05663	-36,04543	74,712	-34,07933
39900	75,36737	-34,07933	75,36738	-32,76859
39920	74,71204	-32,76859	74,05668	-32,11321
39940	74,05669	-32,11322	73,40135	-32,11321
39960	72,74599	-33,42393	72,09064	-32,76856
39980	71,43528	-33,42391	70,77992	-33,4239
