T	LX	LY	RX	RY
0	0	0	0	0
20	-1,31072	0,65538	-1,31072	0,65537
40	-1,96608	1,31075	-1,96608	1,31076
60	-2,62144	1,96613	-2,62145	2,62149
80	-3,93218	1,96614	-3,93219	2,6215
100	-4,58755	3,27687	-4,58757	3,27687
120	-5,24293	3,27687	-4,58759	3,93223
140	-5,24295	3,93223	-4,58761	3,93223
160	-5,24297	3,93223	-4,58761	4,58759
180	-5,24298	4,5876	-5,24298	4,58759
200	-5,24298	4,5876	-47,84139	5,24295
220	-5,89834	4,5876	-5,24299	5,24295
240	-5,243	4,58759	-4,58765	5,24294
260	-5,243	5,24295	-4,58765	5,24294
280	-5,24301	5,24294	-4,58765	5,89829
300	-5,24301	5,8983	-4,58766	5,89829
320	-5,24302	5,8983	-4,58767	6,55365
340	-5,24303	5,8983	-4,58768	6,55366
360	-5,24303	6,55366	-5,24303	6,55366
380	-5,24303	6,55366	-4,58768	6,55365
400	-5,24304	6,55366	-4,58769	7,20901
420	-5,24305	7,20901	-4,5877	7,20901
440	-5,24306	7,86437	-4,58771	7,86437
460	-4,5877	7,86437	-3,93235	7,86436
480	-5,24307	7,86436	-3,93236	8,51971
500	-4,58771	8,51972	-4,58773	8,51971
520	-4,58772	9,17507	-4,58773	9,17507
540	-5,24309	9,17507	-3,93238	9,17506
560	-4,58774	9,83043	-4,58774	9,83042
580	-5,2431	9,83043	-4,58775	9,83042
600	-5,24311	9,17507	-4,58775	9,83043
620	-5,2431	9,83043	-4,58775	9,83042
640	-5,24311	10,48579	-4,58776	10,48578
660	-5,89848	10,48579	-5,24312	10,48579
680	-5,24311	11,14115	-5,24312	11,79651
700	-5,89848	11,14116	-5,24312	11,14115
720	-5,24312	11,79652	-4,58777	11,79651
740	-5,24313	11,79652	-4,58778	12,45187
760	-4,58779	12,45188	-3,93244	12,45188
780	-4,58781	12,45188	-3,93246	12,45188
800	-4,58782	12,45188	-3,93247	12,45188
820	-4,58783	12,45189	-3,93246	12,45189
840	-4,58782	12,4519	-3,93247	13,10725
860	-4,58783	13,10726	-4,58783	13,10725
880	-5,24319	13,10726	-4,58783	13,76261
900	-4,58782	13,76262	-3,93247	13,76262
920	-5,24319	13,76262	-4,58784	13,76261
940	-5,24319	13,76262	-5,24319	13,76261
960	-5,89854	13,76262	-5,24318	14,41798
980	-5,89853	13,76262	-5,89853	13,76261
1000	-5,89853	13,10726	-3,27708	14,41797
1020	-1,96632	15,7287	-1,96631	15,07333
1040	-1,96631	15,07334	-0,65558	15,07333
1060	-1,96629	15,07333	-47,8415	14,41797
1080	-1,96629	14,41798	-1,31093	14,41797
1100	-2,62164	14,41798	-1,96627	14,41798
1120	-2,62162	14,41799	-1,96626	13,76262
1140	-2,62162	13,10727	-2,62162	13,10726
1160	-3,27697	13,10727	-2,62162	12,4519
1180	-3,27697	12,45191	-2,62161	11,79654
1200	-3,27697	11,79655	-3,27697	11,79654
1220	-3,27697	10,48583	-2,62161	10,48582
1240	-3,27697	10,48583	-2,62161	10,48582
1260	-3,27697	10,48582	-2,62161	9,83044
1280	-3,27696	10,48581	-1,96625	9,83044
1300	-3,27697	9,83045	-2,62161	9,83044
1320	-3,27696	9,17509	-2,6216	8,51972
1340	-3,27696	8,51973	-0,00016000000000105	9,17507
1360	21,62684	7,86435	34,73413	8,51969
1380	32,76805	7,86434	32,76804	7,86433
1400	33,42342	7,86434	34,07877	7,86433
1420	33,42342	7,20897	34,07877	7,20896
1440	33,42342	6,5536	33,42341	6,5536
1460	33,42342	6,55361	34,73413	5,89824
1480	34,07878	5,89824	35,38948	5,89824
1500	34,07876	5,24288	36,04482	5,24287
1520	35,38946	5,24287	35,38945	5,24286
1540	35,38945	5,24286	36,04479	4,58749
1560	35,38944	5,24286	36,04479	5,24285
1580	35,38943	5,24286	35,38942	5,24285
1600	34,73408	5,24285	36,04479	5,24284
1620	35,38943	5,24285	36,04478	5,24283
1640	35,38942	5,24283	36,70013	5,24282
1660	36,04476	5,24283	36,70012	4,58746
1680	36,70012	4,58747	37,35548	5,24282
1700	36,70012	4,58747	37,35547	4,58745
1720	36,70011	5,24282	37,35547	5,2428
1740	37,35547	5,24281	37,35547	5,2428
1760	37,35548	4,58744	37,35548	5,24279
1780	37,35549	4,58744	38,66621	5,24279
1800	38,01086	5,2428	38,66621	4,58743
1820	41,94303	4,58743	55,70568	6,55351
1840	61,60403	7,20887	60,2933	6,5535
1860	59,63794	7,20886	60,29331	7,20885
1880	58,9826	6,55349	59,63795	6,55348
1900	58,32723	5,89812	58,98258	6,55347
1920	-48,49645	6,55348	58,98257	6,55347
1940	58,98258	6,55348	58,98257	6,55346
1960	58,32721	7,20883	58,98256	7,20882
1980	58,3272	7,20883	58,98256	7,20882
2000	58,3272	7,20882	58,98256	7,20882
2020	58,32721	7,86419	58,3272	7,86418
2040	58,32721	7,86419	58,3272	8,51954
2060	57,67184	7,86419	61,60402	8,51954
2080	72,08993	9,17491	78,64362	10,48563
2100	76,02218	10,48564	76,67753	10,48562
2120	76,02218	10,48563	76,67753	9,83026
2140	75,36682	9,17491	75,36682	9,83026
2160	74,71146	9,17491	75,36681	9,17489
2180	74,71146	9,1749	74,71146	9,1749
2200	74,0561	8,51954	74,0561	8,51953
2220	73,40075	8,51954	74,05611	7,86418
2240	73,40076	7,86419	74,05613	7,20885
2260	72,74545	7,20892	76,67766	7,20898
2280	89,78507	7,20911	98,30492	7,86456
2300	96,33892	7,86467	95,02824	7,20939
2320	94,37293	6,55412	95,68368	6,55417
2340	94,37298	6,55424	95,68371	5,89892
2360	95,68372	4,58824	96,33909	4,58827
2380	95,68374	3,93294	96,99445	3,27759
2400	96,33909	2,62225	96,99444	2,62226
2420	96,33908	1,96692	96,33906	1,96691
2440	102,23733	3,27766	115,34468	3,27767
2460	117,96615	3,27766	116,65539	3,2776
2480	116,65534	2,62219	117,31064	3,27747
2500	116,65522	2,62205	117,3105	1,96661
2520	115,99973	-0,65491	117,31037	-4,58717
2540	115,99957	-9,17479	117,3102	-14,41778
2560	115,99942	-20,3161	115,99935	-24,90372
2580	115,34393	-28,83597	115,34385	-33,42359
2600	114,68844	-37,35582	115,34376	-39,32197
2620	114,68836	-41,94346	104,20242	-43,25423
2640	72,08936	-45,87569	48,49601	-45,87567
2660	22,93696	-45,22028	18,34943	-42,59887
2680	19,0048	-39,32207	19,66015	-36,70064
2700	18,34944	-34,07918	19,00479	-31,45774
2720	18,34944	-28,18093	19,00479	-24,90413
2740	18,34944	-22,93804	19,00479	-20,31661
2760	18,34944	-18,35052	19,00479	-16,38445
2780	18,34944	-15,07372	19,00479	-13,76302
2800	18,34944	-12,4523	19,00479	-11,14158
2820	18,34944	-10,48621	18,34943	-9,83086
2840	17,03872	-9,17549	17,69407	-8,52014
2860	16,38336	-7,86477	17,03871	-7,20943
2880	15,728	-7,20943	16,38335	-7,20945
2900	15,728	-7,20945	16,38335	-6,5541
2920	15,07264	-7,20945	15,72799	-6,5541
2940	15,07264	-6,5541	15,72799	-6,55411
2960	15,728	-7,20946	15,72799	-7,20947
2980	15,07264	-7,20946	15,72799	-7,20947
3000	15,728	-7,86483	16,38335	-7,86483
3020	15,728	-7,86482	16,38335	-8,52019
3040	15,728	-9,17554	16,38335	-9,83091
3060	16,38336	-10,48626	16,38335	-11,14161
3080	20,97088	-11,79697	43,90847	-11,79699
3100	51,77288	-12,45235	51,77288	-12,45236
3120	51,11752	-13,10771	51,77287	-13,76308
3140	51,11753	-14,41842	51,77289	-14,41843
3160	51,11755	-15,07378	51,7729	-15,72914
3180	51,11755	-15,72913	52,42827	-17,03986
3200	51,77292	-18,35057	51,77291	-19,6613
3220	51,77292	-20,97201	52,42827	-21,62738
3240	51,77291	-22,9381	53,08361	-23,59347
3260	52,42825	-24,90419	53,0836	-26,21494
3280	52,42824	-29,49177	51,77288	-34,07939
3300	51,11753	-40,63309	51,11754	-47,84221
3320	49,80683	-58,32819	49,1515	-68,81421
3340	48,49618	-82,57702	47,84084	-95,68451
3360	47,18551	-110,1027	46,53015	-124,52089
3380	45,8748	-138,93903	47,84086	-150,73569
3400	57,01597	-161,87697	66,84643	-171,05216
3420	66,19107	-179,57196	65,53567	-186,12566
3440	65,53564	-190,71324	66,84631	-194,64546
3460	66,19091	-199,23302	66,19088	-202,50986
3480	65,53551	-206,44204	66,19083	-208,40815
3500	66,19082	-211,02961	66,84614	-212,99573
3520	66,84614	-214,30645	67,50148	-214,30645
3540	67,50147	-213,65107	68,81217	-212,99569
3560	68,81216	-211,02956	70,12287	-208,40808
3580	70,77824	-205,13123	72,74431	-201,85439
3600	72,74432	-197,92218	74,71039	-194,64534
3620	74,7104	-190,71311	76,67647	-186,12553
3640	77,9872	-182,19329	79,29791	-176,95034
3660	79,95328	-171,70737	81,26399	-167,11976
3680	81,264	-161,87677	82,57471	-155,97843
3700	82,57472	-151,3908	83,88543	-146,8032
3720	93,71584	-142,21556	114,03199	-136,31723
3740	119,2749	-133,04035	118,61953	-130,41887
3760	116,65345	-128,45272	117,96416	-125,83124
3780	117,3088	-123,8651	117,96415	-121,89898
3800	117,3088	-119,2775	117,30879	-117,31137
3820	117,3088	-114,6899	117,96415	-112,06843
3840	117,96416	-108,7916	117,96416	-106,8255
3860	117,30881	-104,20404	117,30881	-101,5826
3880	116,65347	-99,61651	117,30883	-96,33972
3900	117,30884	-93,06291	117,9642	-89,7861
3920	117,30885	-86,5093	117,96421	-81,92178
3940	117,30885	-77,9896	117,96421	-74,05743
3960	117,96422	-70,12524	118,61957	-66,19309
3980	118,61958	-63,57162	119,27492	-60,29481
4000	118,61956	-57,01799	119,93027	-53,7412
4020	119,27491	-51,7751	119,93027	-49,15365
4040	114,032	-47,18756	92,40511	-46,53218
4060	66,84608	-44,56606	53,08351	-43,25531
4080	46,52992	-41,28924	47,18527	-39,32317
4100	45,87456	-38,01244	46,52991	-36,70172
4120	45,87456	-35,39099	46,52991	-34,08028
4140	45,87456	-32,76955	46,52991	-32,11419
4160	45,87456	-31,45882	46,52991	-30,14811
4180	45,2192	-29,49274	45,87455	-28,83739
4200	44,56384	-27,52665	44,56383	-26,87129
4220	44,56384	-26,21591	44,56383	-25,56055
4240	43,90848	-24,90517	44,56383	-24,24981
4260	43,90848	-24,24979	43,90847	-22,93907
4280	43,25312	-22,93905	43,90847	-21,62832
4300	42,59776	-21,6283	-47,84193	-20,97292
4320	32,76736	-20,9729	33,42271	-20,31753
4340	33,42272	-19,0068	33,42271	-18,35144
4360	32,76736	-17,69606	32,76735	-17,69606
4380	32,76736	-17,69605	32,76735	-17,04069
4400	32,112	-17,04067	32,76735	-17,04067
4420	32,112	-16,38529	32,11199	-16,38528
4440	31,45664	-15,72991	32,11199	-15,72991
4460	31,45664	-15,07453	32,11199	-15,07452
4480	30,80128	-14,41914	41,94239	-15,0745
4500	62,25856	-15,07448	72,08895	-14,41912
4520	70,77824	-13,10838	70,12287	-13,76373
4540	70,12288	-13,10835	70,77823	-13,10834
4560	70,12288	-12,45295	70,12287	-12,45293
4580	70,12288	-12,45291	70,77823	-11,14217
4600	70,12288	-11,14214	70,77823	-10,48677
4620	70,77824	-10,48675	70,77823	-9,83137
4640	69,46752	-9,83135	70,12287	-9,17597
4660	69,46752	-9,17596	70,12287	-9,17595
4680	69,46752	-9,17593	70,12287	-9,17593
4700	69,46752	-9,17591	70,12287	-9,17592
4720	70,12288	-9,1759	70,12287	-9,1759
4740	69,46752	-9,83125	70,12287	-9,83125
4760	69,46752	-9,83124	70,12287	-9,83124
4780	69,46752	-9,83124	70,12287	-9,83124
4800	69,46752	-9,83123	70,12287	-10,4866
4820	68,81216	-10,48658	62,25855	-10,48657
4840	55,70496	-11,14191	55,70495	-10,48656
4860	55,70496	-10,48656	55,70495	-11,14192
4880	55,70496	-11,14191	56,36031	-11,14193
4900	55,70496	-11,79728	55,70495	-11,79729
4920	55,70496	-11,79729	55,70495	-11,14193
4940	55,0496	-11,79728	55,04959	-11,79728
4960	55,0496	-12,45264	55,70495	-12,45265
4980	55,0496	-12,45264	55,04959	-12,45266
5000	54,39424	-13,10801	55,70495	-13,10802
5020	64,22464	-13,10801	89,78367	-12,45263
5040	106,82317	-12,45261	108,13392	-11,79727
5060	104,20175	-13,10799	105,51246	-12,45265
5080	105,51247	-13,76338	105,51246	-14,41876
5100	104,20175	-15,07412	104,8571	-14,41878
5120	104,20175	-15,72952	104,8571	-15,72953
5140	104,20174	-16,3849	104,85711	-17,69563
5160	104,20175	-18,35099	104,20174	-18,351
5180	103,54639	-18,351	104,20174	-18,35101
5200	103,54638	-19,00638	104,20174	-18,35102
5220	103,54638	-18,35101	103,54638	-17,69565
5240	103,54639	-17,69563	103,54638	-17,04027
5260	103,54639	-17,69562	104,20175	-17,04026
5280	103,54639	-17,04025	103,54639	-17,04024
5300	103,5464	-17,04023	104,20176	-16,38487
5320	103,54642	-15,72949	104,20178	-16,38485
5340	103,54643	-16,38483	104,20178	-15,72947
5360	103,54643	-15,72946	108,13399	-15,07409
5380	116,65379	-14,4187	119,93064	-13,76334
5400	118,61993	-13,76333	119,27529	-13,76333
5420	118,61994	-13,10796	119,2753	-13,10797
5440	118,61995	-13,10796	119,27531	-13,10796
5460	118,61995	-13,10794	119,27531	-13,10795
5480	118,61996	-13,10794	119,27531	-13,10794
5500	118,61995	-13,76328	118,61994	-13,76329
5520	118,61995	-14,41864	119,2753	-15,07401
5540	117,96458	-14,41864	119,2753	-15,07401
5560	119,27531	-15,074	125,82897	-15,074
5580	130,41656	-14,41862	130,41656	-14,41863
5600	129,10584	-14,41863	129,10584	-14,41865
5620	129,76121	-15,074	129,7612	-15,72937
5640	116,65386	-17,69544	84,54079	-19,6615
5660	52,42816	-20,3168	27,52447	-19,00606
5680	19,66016	-17,69537	21,62623	-17,04004
5700	20,31552	-17,04006	20,31551	-17,0401
5720	19,66016	-17,6955	20,97087	-18,35092
5740	20,31552	-19,66166	20,31551	-20,31706
5760	19,66016	-20,97244	20,31551	-22,28318
5780	19,66016	-23,59389	19,66015	-23,5939
5800	19,66016	-23,59388	20,31551	-23,59388
5820	20,31552	-23,59387	20,31551	-22,93851
5840	19,66016	-23,59385	20,31551	-22,93848
5860	19,0048	-22,2831	19,66015	-22,2831
5880	19,0048	-21,62772	19,66015	-21,62772
5900	18,34944	-21,6277	19,00479	-20,97234
5920	18,34944	-20,97233	19,00479	-20,97233
5940	18,34944	-20,97231	19,66015	-20,31696
5960	34,07808	-21,62767	43,90847	-21,62767
5980	43,90848	-21,62766	43,90847	-21,62766
6000	43,25312	-21,62765	43,90847	-20,97229
6020	43,90848	-21,62764	43,90847	-20,97228
6040	43,25312	-20,97227	43,90847	-20,97227
6060	43,25312	-20,97225	43,90847	-20,97225
6080	43,25312	-20,97224	43,90847	-20,97224
6100	43,25312	-20,97223	43,90847	-20,97223
6120	43,25312	-20,97223	43,90847	-20,97224
6140	43,25312	-20,97223	43,90847	-20,97223
6160	43,25312	-20,97223	43,90847	-20,97224
6180	43,25312	-20,97225	43,90847	-20,97226
6200	43,90848	-21,62762	45,87455	-20,97228
6220	56,36038	-20,31692	64,22482	-20,31693
6240	64,88021	-20,31693	64,22484	-20,97231
6260	63,56949	-20,97231	64,88021	-20,97232
6280	64,22485	-21,62768	64,22484	-22,28305
6300	64,22485	-22,28304	64,22484	-22,28305
6320	64,22484	-22,93841	64,88019	-23,59378
6340	64,88019	-24,24914	65,53555	-24,9045
6360	64,88019	-24,9045	65,53554	-25,55987
6380	65,53555	-25,55987	65,53554	-25,55989
6400	64,88018	-26,21525	64,88018	-26,21526
6420	64,88018	-26,87061	65,53554	-26,87062
6440	64,88019	-27,52598	65,53555	-27,52599
6460	64,88019	-28,18134	65,53554	-28,18135
6480	64,88019	-29,49207	66,1909	-28,83672
6500	65,53555	-29,49207	65,53554	-30,14745
6520	64,88018	-30,14745	66,1909	-30,80282
6540	66,19091	-31,45818	77,9875	-31,45817
6560	89,12877	-31,45816	92,40561	-32,11353
6580	90,43954	-32,76889	91,09491	-34,07962
6600	90,43957	-35,39032	90,4396	-36,04566
6620	88,47356	-36,70098	87,81822	-36,70097
6640	85,85218	-36,70094	84,54148	-36,04557
6660	82,57544	-36,04555	81,92009	-35,39019
6680	81,26474	-35,39017	81,92011	-35,39017
6700	80,6094	-36,04553	81,26475	-36,7009
6720	80,60938	-37,35626	81,9201	-37,35627
6740	81,26474	-38,01163	82,57545	-37,35628
6760	81,92009	-38,01164	83,2308	-37,35629
6780	82,57544	-37,35628	83,23079	-38,01166
6800	82,57543	-38,01165	84,54151	-38,01166
6820	95,68275	-38,01164	109,44547	-36,70091
6840	111,4116	-36,70091	110,75623	-37,35629
6860	110,10088	-37,35628	110,75624	-37,35629
6880	110,10089	-38,01164	110,75625	-38,01165
6900	110,75627	-38,66701	110,10091	-38,66701
6920	110,75628	-39,32236	110,75628	-39,32237
6940	110,10093	-38,667	110,10093	-39,32237
6960	110,10094	-39,32236	110,10093	-39,32238
6980	110,10094	-39,32237	110,10093	-39,32239
7000	109,44557	-38,66702	110,75628	-38,66703
7020	110,10092	-39,32239	110,75627	-39,3224
7040	110,75627	-39,3224	112,06697	-39,32242
7060	110,75625	-39,32242	111,4116	-39,32243
7080	111,41161	-39,32242	119,93136	-38,66705
7100	124,51895	-38,01169	124,51895	-38,0117
7120	123,8636	-39,32242	124,51895	-39,9778
7140	123,20824	-43,2546	125,17431	-45,87605
7160	124,51896	-47,84213	124,51895	-49,15287
7180	124,51896	-50,46359	125,17431	-51,11896
7200	124,51896	-52,42968	125,17431	-53,08506
7220	124,51895	-53,08506	124,51894	-53,74044
7240	123,86359	-53,74045	123,86358	-54,39583
7260	108,79014	-56,3619	76,67705	-58,32799
7280	52,42841	-60,29403	40,63175	-60,29406
7300	41,28712	-58,98338	41,28714	-58,98342
7320	40,63177	-58,98345	41,28711	-58,98348
7340	40,63174	-58,32814	41,28709	-57,67281
7360	40,63173	-58,32818	41,28707	-58,32821
7380	40,63171	-58,32822	41,28706	-58,32824
7400	40,6317	-58,32824	41,28704	-58,32826
7420	40,63168	-58,98362	40,63167	-58,32828
7440	40,63168	-58,98364	41,28703	-58,32829
7460	39,97632	-58,3283	36,04415	-57,67294
7480	30,80128	-57,67294	32,76735	-57,67296
7500	32,112	-57,67296	32,76735	-57,67297
7520	32,112	-57,67297	32,76735	-57,67298
7540	32,112	-58,32833	32,76735	-57,67298
7560	32,112	-57,67298	32,76735	-57,67299
7580	32,112	-57,67298	32,76735	-57,67299
7600	32,112	-57,67299	33,42271	-57,673
7620	32,112	-57,67299	33,42271	-57,01763
7640	32,76736	-57,67299	33,42271	-57,673
7660	32,76736	-57,673	33,42271	-57,67301
7680	32,76736	-57,673	33,42271	-58,32837
7700	32,76736	-58,32837	33,42271	-58,32837
7720	33,42272	-58,32837	34,07807	-57,67302
7740	34,07808	-58,32837	34,07807	-58,32838
7760	34,07808	-58,98373	34,73343	-58,98374
7780	34,07808	-59,63909	35,38879	-59,6391
7800	34,73344	-60,29445	35,38879	-60,29446
7820	35,3888	-60,94981	36,04415	-60,94982
7840	35,3888	-60,29446	36,04415	-60,94983
7860	34,73344	-60,94983	36,04415	-61,6052
7880	39,97632	-61,60521	54,39427	-61,60523
7900	63,56944	-61,60523	64,22482	-62,26061
7920	62,91409	-63,57133	63,56945	-64,22671
7940	63,56946	-65,53742	64,22481	-66,84816
7960	63,56945	-68,81423	64,22481	-72,09105
7980	62,9141	-74,71249	63,56945	-76,02322
8000	62,9141	-77,98929	62,9141	-79,95538
8020	62,91411	-82,57682	63,56946	-84,54291
8040	62,25874	-87,16435	63,56947	-89,7858
8060	62,91411	-92,40724	62,9141	-95,02869
8080	62,25875	-98,30549	62,9141	-100,92695
8100	62,25876	-103,54838	62,91411	-104,85912
8120	62,91412	-107,48055	62,91412	-108,79129
8140	62,25877	-110,75736	62,91414	-112,72345
8160	62,25879	-114,03416	62,91414	-114,68953
8180	62,25879	-116,00024	62,91415	-117,31097
8200	-48,49704	-117,96633	62,91415	-118,6217
8220	62,2588	-119,27705	63,56951	-118,62171
8240	70,77856	-119,27706	79,9537	-118,62171
8260	79,29835	-117,96634	79,29834	-117,96635
8280	78,64299	-117,31098	79,95371	-116,65564
8300	78,64299	-116,65563	79,29835	-116,00028
8320	78,64299	-116,00027	79,29835	-115,34491
8340	78,643	-115,34491	79,29834	-114,68955
8360	78,64299	-114,68954	79,29835	-114,68955
8380	78,64299	-114,68955	79,29835	-114,68956
8400	77,98763	-115,3449	79,29835	-114,68956
8420	78,643	-114,68955	79,29835	-115,34491
8440	78,643	-115,3449	79,29835	-115,34491
8460	77,98764	-114,68954	79,29837	-115,3449
8480	77,98766	-115,34488	79,29837	-114,68953
8500	77,33228	-114,03415	67,50175	-113,37878
8520	62,25878	-113,37877	63,56951	-113,37878
8540	63,56952	-112,72341	63,56951	-112,72342
8560	62,91415	-111,41268	63,5695	-111,41269
8580	63,5695	-111,41269	63,5695	-110,75734
8600	63,56951	-110,75733	64,22487	-111,41269
8620	63,56951	-111,41269	64,22487	-111,4127
8640	63,56951	-111,41269	64,22487	-111,41271
8660	63,56951	-111,4127	64,88022	-111,4127
8680	70,12316	-112,06805	84,54121	-112,06805
8700	87,81808	-111,41269	87,1627	-110,10199
8720	86,50735	-110,10198	87,16271	-110,10199
8740	86,50736	-110,10199	87,16271	-109,44664
8760	85,852	-110,10199	87,16271	-109,44663
8780	86,50736	-110,10199	86,50735	-109,44664
8800	86,50736	-109,44664	86,50735	-108,79129
8820	85,852	-110,10202	86,50735	-110,10205
8840	85,852	-110,10206	85,85199	-109,44672
8860	85,852	-110,10208	86,50735	-109,44674
8880	85,85201	-109,44675	86,50736	-109,44677
8900	86,50737	-108,7914	85,85199	-108,13606
8920	72,08928	-107,48066	49,80673	-108,79133
8940	38,6656	-110,10204	39,97631	-109,44671
8960	39,32096	-108,79137	39,97631	-108,79138
8980	39,32096	-108,79138	40,63167	-108,13603
9000	39,97632	-108,13604	40,63167	-107,48069
9020	39,97632	-106,16997	40,63167	-105,51461
9040	40,63168	-105,51461	41,28703	-104,85926
9060	39,32096	-104,85925	40,63167	-104,20389
9080	39,97632	-103,54854	40,63167	-103,54854
9100	39,32096	-103,54853	39,97631	-102,89318
9120	-48,49728	-102,89317	40,63167	-103,54855
9140	39,97632	-104,20392	40,63167	-104,85932
9160	40,63168	-106,17007	41,28707	-107,48085
9180	41,28712	-109,44697	42,59789	-111,4131
9200	43,25332	-114,03458	43,90872	-116,65605
9220	43,90877	-117,96679	45,21951	-119,9329
9240	48,49639	-120,58826	57,01621	-120,58829
9260	58,32699	-120,5883	57,67166	-120,58832
9280	57,01633	-121,24367	58,32706	-120,58831
9300	57,67173	-120,5883	57,67173	-120,5883
9320	56,36103	-121,24364	57,01639	-121,24365
9340	56,36104	-121,24363	57,0164	-121,89899
9360	56,36105	-121,89897	57,01641	-121,24361
9380	56,36106	-121,89894	56,36106	-121,24358
9400	56,36106	-121,24355	56,36106	-120,58818
9420	55,70571	-119,9328	57,01642	-119,27742
9440	55,7057	-119,27739	56,36105	-117,96665
9460	55,70569	-117,31125	56,36104	-117,31124
9480	55,70569	-116,65584	56,36104	-116,00046
9500	55,70568	-116,00043	62,91469	-115,34506
9520	78,64353	-114,0343	86,50797	-112,72358
9540	84,5419	-112,06822	84,5419	-111,41286
9560	84,54192	-112,72355	85,19728	-112,72354
9580	84,54193	-114,03424	85,19729	-115,34496
9600	85,1973	-116,65567	85,85264	-117,96639
9620	85,19727	-119,27711	85,19726	-119,93248
9640	84,54189	-121,24319	85,19724	-121,89856
9660	84,54188	-122,55392	85,19723	-123,20928
9680	84,54188	-122,55391	84,54187	-122,55392
9700	83,88651	-122,55391	84,54186	-123,20927
9720	83,8865	-123,20927	84,54185	-123,20928
9740	83,88648	-123,20928	84,54183	-123,20929
9760	83,88646	-123,2093	84,54181	-122,55395
9780	83,23108	-122,55395	83,88643	-123,20932
9800	82,57571	-123,20932	89,12935	-123,20933
9820	106,16889	-123,86468	115,34403	-121,89861
9840	111,41187	-122,55397	111,41185	-123,20936
9860	111,41186	-123,20936	111,41185	-123,20938
9880	110,75649	-123,20937	111,41184	-122,55401
9900	110,75647	-122,55402	111,41181	-122,55403
9920	111,4118	-121,89866	112,06714	-121,89867
9940	111,41178	-121,89866	112,06712	-121,89867
9960	111,41176	-121,89866	112,06711	-121,89867
9980	111,41176	-121,2433	112,06711	-121,89867
10000	112,06711	-121,2433	112,06711	-121,2433
10020	110,75638	-121,24328	108,79025	-121,89866
10040	108,13489	-121,2433	108,79024	-121,2433
10060	108,13488	-121,24329	108,79022	-121,24329
10080	108,79023	-121,24329	109,44557	-121,24329
10100	108,79021	-121,89865	109,44556	-121,2433
10120	108,7902	-121,89866	109,44555	-121,89866
10140	108,7902	-121,89866	108,79019	-121,89867
10160	108,13483	-122,55401	109,44555	-121,89866
10180	119,27604	-120,58791	134,34947	-119,27716
10200	136,97096	-118,62179	135,66023	-117,96646
10220	135,00487	-118,62182	135,66023	-118,62182
10240	135,00488	-119,2772	135,00487	-119,27722
10260	134,34952	-119,9326	135,00487	-120,58798
10280	133,69414	-121,24335	134,3495	-121,89873
10300	134,3495	-122,5541	135,00486	-123,20949
10320	134,3495	-124,52022	134,34949	-125,17561
10340	133,69413	-126,48634	134,34948	-127,79709
10360	133,03876	-130,41855	122,55289	-133,04001
10380	88,47378	-141,55966	60,29288	-145,49179
10400	42,59796	-146,8025	39,97648	-146,80255
10420	41,28724	-147,45795	42,59794	-148,11335
10440	41,94257	-148,11337	42,59792	-148,76876
10460	42,59791	-148,76878	43,90861	-148,11344
10480	43,25325	-148,11344	44,56395	-147,45808
10500	44,56394	-146,80272	45,21929	-145,49201
10520	44,56393	-144,83664	45,21927	-144,18129
10540	45,21927	-143,52592	45,87463	-142,2152
10560	45,21927	-141,55984	46,52998	-140,24912
10580	45,87462	-138,93839	46,52997	-137,62767
10600	45,87462	-136,31693	47,18534	-135,0062
10620	46,52999	-133,69547	47,18534	-132,38475
10640	46,52999	-131,07401	47,8407	-129,10793
10660	56,36049	-128,45256	72,74467	-126,48648
10680	74,7108	-125,17576	73,40007	-125,17575
10700	72,74471	-125,17575	73,40007	-124,52039
10720	72,74472	-123,86502	73,40008	-123,20966
10740	72,74473	-123,86501	73,40008	-124,52037
10760	72,74472	-124,52036	74,05543	-125,17572
10780	74,05542	-124,52035	74,71077	-125,17572
10800	74,05541	-125,83107	74,0554	-125,17572
10820	74,0554	-125,83107	74,71075	-126,48644
10840	74,0554	-127,14179	74,71075	-125,83107
10860	74,05539	-126,48642	74,05538	-126,48643
10880	74,0554	-126,48642	74,71074	-126,48642
10900	73,40002	-126,48641	74,71072	-126,48641
10920	73,40001	-126,48641	74,05536	-125,83105
10940	81,26439	-125,83103	102,89149	-125,17565
10960	117,30959	-123,20955	115,99888	-122,55421
10980	113,37743	-122,55421	114,03278	-122,55423
11000	113,37743	-122,55423	114,68813	-123,2096
11020	114,03278	-123,2096	114,03277	-123,20961
11040	113,37741	-123,86496	113,3774	-123,86497
11060	112,72205	-123,86497	114,03276	-123,86498
11080	113,37741	-123,86498	113,3774	-123,86497
11100	113,3774	-123,86497	114,03276	-123,20962
11120	112,72205	-123,20961	114,03276	-123,20962
11140	112,72204	-123,20961	113,3774	-123,20962
11160	113,3774	-122,55425	114,03275	-122,55425
11180	113,3774	-122,55425	113,37739	-121,89889
11200	113,37739	-121,89889	114,03274	-121,24353
11220	121,89713	-119,93278	139,59202	-117,96666
11240	144,17964	-116,00057	142,86891	-116,00059
11260	141,55819	-116,00059	141,55818	-115,34524
11280	141,55819	-116,00059	141,55817	-115,34524
11300	140,90282	-116,00057	142,86889	-116,00059
11320	143,52426	-117,96666	144,83497	-119,27738
11340	145,49034	-120,58809	146,80105	-122,55418
11360	145,49033	-125,17561	126,48467	-131,07383
11380	92,4055	-142,21492	72,08904	-150,73456
11400	66,19073	-160,56496	68,81221	-169,74003
11420	68,15687	-178,91507	69,46758	-186,77939
11440	68,81222	-192,67761	68,15685	-197,26513
11460	67,5015	-203,16334	66,84613	-209,06157
11480	64,88005	-213,64907	64,22468	-216,92585
11500	62,2586	-219,54728	61,60322	-221,51336
11520	59,63714	-221,51335	59,63713	-222,1687
11540	58,98178	-221,51332	58,32641	-221,51331
11560	58,32642	-220,85794	58,32642	-219,54722
11580	57,0157	-218,89184	49,80671	-217,5811
11600	45,87456	-216,92573	47,84063	-214,3043
11620	47,18528	-212,99357	47,84063	-211,0275
11640	48,496	-210,37212	49,80671	-209,71677
11660	49,15136	-208,40602	50,46207	-207,0953
11680	49,15136	-205,78455	49,15135	-205,12918
11700	47,84064	-204,4738	47,18527	-203,81844
11720	45,87456	-203,16307	46,52991	-202,50771
11740	58,3264	-201,19699	75,36594	-198,57556
11760	77,33209	-197,26482	75,36599	-196,60946
11780	74,05528	-195,95408	74,05527	-194,64336
11800	73,39992	-193,98798	74,05526	-192,67726
11820	73,3999	-191,36653	74,71061	-190,05581
11840	74,05525	-188,08972	75,36597	-186,12363
11860	75,36598	-184,8129	76,02134	-182,84682
11880	76,02134	-180,88072	77,33206	-179,57
11900	76,67671	-178,91463	77,33206	-178,25927
11920	77,33206	-176,94854	77,33204	-176,29319
11940	76,67668	-175,63782	76,67667	-174,98247
11960	77,33203	-174,3271	76,67666	-173,01638
11980	76,67667	-172,36101	77,33202	-171,05029
12000	76,67667	-170,39492	77,33203	-169,0842
12020	76,67667	-166,46274	77,98738	-165,15203
12040	77,33203	-163,8413	77,98738	-162,53058
12060	77,9874	-162,53058	78,64275	-161,21986
12080	78,64275	-160,56448	79,29811	-159,25376
12100	85,19642	-157,94303	97,64838	-155,97695
12120	97,64842	-154,66622	96,99305	-153,35549
12140	96,99307	-152,04477	96,99307	-150,73405
12160	96,33772	-150,07868	96,99307	-148,1126
12180	96,33772	-146,80187	96,33771	-145,49115
12200	95,68236	-144,83578	96,33771	-143,52506
12220	95,68235	-142,86969	96,33771	-142,21432
12240	95,68236	-141,55894	95,68235	-140,24823
12260	95,027	-139,59286	95,68235	-138,9375
12280	95,68236	-137,62677	96,33771	-136,31605
12300	95,68236	-135,00533	95,68235	-134,34998
12320	95,027	-133,6946	95,68236	-132,38389
12340	95,02701	-131,72852	95,68236	-131,07316
12360	95,02701	-130,4178	95,02701	-129,76244
12380	94,37165	-129,76243	95,02701	-129,10707
12400	94,37165	-128,4517	95,68237	-127,14099
12420	94,37165	-127,14098	96,33772	-126,48563
12440	95,68236	-125,17488	96,99307	-125,17489
12460	96,33771	-124,51952	95,68233	-122,55343
12480	81,91962	-123,20875	72,74442	-121,89802
12500	69,46761	-119,93195	70,77834	-118,62123
12520	70,12298	-117,3105	70,12298	-115,99979
12540	69,46762	-115,34442	70,12297	-114,68906
12560	69,46761	-114,0337	70,12297	-112,72299
12580	69,46761	-111,41226	70,12296	-111,41227
12600	69,46761	-110,7569	70,12296	-110,10155
12620	70,12296	-110,10154	70,12296	-109,44619
12640	70,12296	-108,13546	70,77832	-107,48011
12660	70,12296	-106,82474	70,77832	-106,16939
12680	70,77832	-106,16938	70,77832	-106,16939
12700	70,77832	-105,51403	71,43367	-105,51404
12720	70,77832	-105,51403	70,77831	-104,85867
12740	62,25856	-105,51399	58,32639	-104,85863
12760	58,3264	-104,20328	59,63711	-104,20329
12780	57,67104	-104,20328	58,98175	-103,54793
12800	58,3264	-103,54792	58,98175	-103,54793
12820	58,3264	-102,89257	58,98175	-102,89259
12840	58,3264	-102,89258	58,98175	-102,89259
12860	58,3264	-102,89258	57,67103	-102,89258
12880	57,67104	-102,23721	58,32639	-102,23722
12900	58,3264	-102,23722	58,32639	-102,23723
12920	57,67104	-102,23723	58,32639	-101,58187
12940	58,3264	-102,23723	58,32639	-101,58187
12960	57,67104	-101,58187	58,32639	-101,58188
12980	57,67104	-102,23724	57,67103	-102,23725
13000	58,3264	-101,58189	73,39978	-100,92654
13020	92,40543	-98,96046	96,33767	-97,64976
13040	93,71623	-96,99441	93,71622	-96,33906
13060	93,06087	-96,33906	93,06087	-95,02835
13080	93,06087	-95,02836	93,06086	-94,37301
13100	92,40551	-94,373	93,06087	-94,37301
13120	91,75016	-93,71764	92,40551	-93,71765
13140	91,75015	-94,37301	91,75015	-94,37302
13160	91,09479	-93,71766	91,75015	-94,37303
13180	91,09479	-95,02839	91,75014	-95,0284
13200	90,43942	-95,68375	91,09478	-96,99448
13220	89,78406	-98,96051	87,16261	-102,23714
13240	79,95368	-105,51359	70,77859	-91,75048
13260	42,59829	-91,74976	28,83611	-92,40487
13280	3,2775	-89,78342	-1,30991	-88,47271
13300	-5,24206	-87,16198	-3,27601	-87,16199
13320	1,96675	-91,09414	15,07369	-95,68167
13340	32,1127	-95,0263	59,63752	-98,3033
13360	77,3321	-101,58039	-47,84174	-105,51275
13380	96,99276	-106,82361	102,89094	-108,13448
13400	104,85699	-109,4453	108,13377	-109,44541
13420	108,78913	-110,10082	110,7552	-110,10088
13440	110,7552	-110,75629	112,72127	-110,10097
13460	112,06592	-110,101	114,03199	-110,10102
13480	114,032	-110,10104	115,34271	-109,4457
13500	115,34272	-109,44571	116,65345	-109,44572
13520	115,99809	-109,44572	115,9981	-109,44574
13540	115,99811	-109,44574	116,65346	-109,44575
13560	115,99811	-109,44576	117,30883	-108,79041
13580	115,34275	-109,44576	103,54623	-111,41177
13600	93,71584	-115,99926	95,02655	-115,34393
13620	94,3712	-114,03323	94,37119	-114,03325
13640	94,3712	-114,03325	94,37119	-114,03326
13660	94,3712	-114,03326	94,37119	-113,37791
13680	94,3712	-113,3779	95,02655	-112,72254
13700	94,3712	-112,72253	94,37119	-112,72255
13720	93,71584	-112,06718	94,37119	-111,41183
13740	93,06048	-111,41183	93,71583	-110,75647
13760	93,06048	-111,41182	93,71583	-111,41183
13780	92,40512	-110,75646	93,06047	-110,10111
13800	92,40512	-110,75647	92,40511	-110,10111
13820	91,74976	-110,10111	92,40511	-109,44576
13840	91,74976	-109,44575	92,40511	-109,44576
13860	91,74976	-109,44576	91,74975	-109,44576
13880	91,74976	-109,44576	92,40511	-108,79042
13900	91,74976	-109,44577	92,40511	-108,79041
13920	91,74976	-108,13505	92,40511	-108,79042
13940	91,74976	-108,79041	92,40511	-108,13506
13960	91,74976	-108,13506	92,40511	-108,13506
13980	91,74976	-108,13506	92,40511	-107,47971
14000	91,74976	-107,47971	92,40511	-106,82435
14020	91,0944	-106,82434	91,74975	-106,16898
14040	91,0944	-106,16897	91,74975	-106,16897
14060	91,0944	-106,16897	91,09439	-106,16896
14080	87,8176	-106,16894	76,67647	-102,89215
14100	65,53536	-99,61534	62,91391	-99,61538
14120	61,6032	-101,58149	62,91391	-102,23688
14140	62,25856	-104,85834	62,25855	-107,47979
14160	62,25856	-109,44587	63,56927	-112,06733
14180	62,91392	-114,68875	63,56927	-115,99947
14200	63,56928	-116,65482	63,56927	-117,31019
14220	63,56928	-116,65482	64,22463	-115,99947
14240	63,56928	-116,65481	63,56927	-115,3441
14260	63,56928	-115,34409	64,22463	-113,37801
14280	62,91392	-112,72262	45,21919	-112,72251
14300	22,2816	-116,65454	12,45119	-119,27592
14320	10,48512	-116,65451	11,79583	-113,37774
14340	11,14048	-112,72239	12,45119	-111,41169
14360	11,79584	-110,10098	13,10655	-110,10099
14380	-48,49728	-109,44564	13,76191	-109,44564
14400	13,76192	-108,79028	15,07263	-108,13492
14420	15,07264	-108,13492	16,38335	-106,8242
14440	16,38336	-106,8242	17,69407	-104,85812
14460	17,03872	-104,20276	18,34943	-102,23667
14480	18,34944	-100,92594	19,66015	-99,61522
14500	19,66016	-98,30447	20,31551	-96,33836
14520	20,31552	-95,02758	21,62623	-93,71682
14540	20,97088	-91,7507	21,62623	-90,43996
14560	21,62624	-87,81851	20,97087	-85,85243
14580	20,31552	-83,88635	21,62623	-82,57565
14600	20,97088	-81,26494	21,62623	-79,95423
14620	21,62624	-78,64351	21,62623	-77,98815
14640	20,97088	-77,3328	21,62623	-76,02209
14660	21,62624	-74,71136	21,62623	-74,05601
14680	21,62624	-73,40065	22,28159	-72,7453
14700	21,62624	-72,7453	22,28414	-71,43459
14720	21,62624	-71,43458	22,93695	-70,77924
14740	22,2816	-70,12387	22,93695	-70,12387
14760	22,2816	-70,12387	22,93695	-69,46853
14780	22,2816	-70,12389	22,93695	-68,81318
14800	22,2816	-68,81318	22,93695	-68,15783
14820	22,93696	-68,15783	23,59231	-68,15784
14840	22,93696	-68,15784	22,93695	-62,91497
14860	22,93696	-67,50249	23,59231	-66,84714
14880	22,93696	-66,84714	23,59231	-66,84716
14900	22,93696	-66,84715	24,24767	-66,84716
14920	22,93696	-67,50252	24,24767	-67,50253
14940	22,93696	-67,50253	24,24767	-66,84718
14960	23,59232	-66,84717	24,24767	-66,84718
14980	22,93696	-67,50254	29,49055	-64,22577
15000	49,80672	-55,70613	67,50143	-48,49723
15020	77,9872	-43,25439	79,29791	-40,63303
15040	77,9872	-40,63311	77,98719	-38,66709
15060	77,33184	-38,66713	77,98719	-38,66717
15080	77,33184	-38,6672	77,33183	-38,66723
15100	76,67648	-39,32262	77,98719	-39,97803
15120	77,33184	-41,94416	77,98719	-45,22104
15140	77,33184	-49,15325	77,98719	-53,08547
15160	77,33184	-56,36229	77,98719	-58,98377
15180	77,33184	-60,94988	77,98719	-62,91601
15200	77,33184	-64,88212	77,98719	-66,84823
15220	77,33184	-69,4697	77,98719	-71,43583
15240	77,33184	-74,05729	77,98719	-76,02341
15260	77,33184	-77,9895	77,98719	-80,61099
15280	77,33184	-84,54318	76,67647	-89,13076
15300	76,02112	-93,71831	76,02111	-99,61661
15320	74,7104	-105,5149	74,71039	-112,06858
15340	72,74432	-121,2437	72,74431	-131,72957
15360	70,77824	-142,21547	70,12287	-151,39068
15380	68,1568	-163,1873	68,15679	-171,70712
15400	66,84608	-181,53764	67,50143	-190,7128
15420	65,53536	-199,23258	64,87999	-208,40775
15440	63,56928	-218,23826	62,25855	-227,41343
15460	60,94784	-235,93322	60,29247	-243,79766
15480	58,98176	-251,66208	58,32639	-258,87113
15500	58,3264	-263,45871	58,3264	-268,04627
15520	57,67108	-271,97846	58,32646	-275,25529
15540	58,3265	-279,84282	58,32655	-284,43039
15560	57,67126	-289,67331	58,32666	-292,29477
15580	57,67135	-292,29476	58,32674	-292,29477
15600	-48,4969	-292,29476	57,67144	-292,29477
15620	57,01609	-292,29476	57,67146	-292,29477
15640	57,01612	-292,29476	57,01613	-292,29477
15660	55,70543	-292,29476	56,3608	-292,29477
15680	55,0501	-292,29476	54,39475	-292,29477
15700	53,7394	-292,29476	54,39477	-292,29477
15720	53,08406	-292,29476	53,73941	-292,29477
15740	52,42869	-292,29476	53,73939	-292,29477
15760	53,08403	-292,29476	53,73938	-292,29477
15780	53,73937	-292,29476	54,3947	-292,29477
15800	53,73932	-292,29476	55,05002	-292,29477
15820	53,73926	-292,29476	48,49627	-292,29477
15840	48,49626	-292,29476	51,11768	-292,29477
15860	51,77303	-292,29476	53,08373	-292,29477
15880	53,73907	-292,29476	55,70513	-292,29477
15900	56,36048	-292,29469	58,98189	-292,29464
15920	59,63724	-292,29457	61,60329	-292,2945
15940	62,25863	-292,29442	64,22469	-292,29436
15960	64,22467	-292,29427	64,88001	-290,98348
15980	65,53536	-285,74052	72,74437	-281,15295
16000	96,33759	-279,18679	115,9986	-275,9099
16020	119,27544	-273,9438	118,62006	-268,70093
16040	117,9647	-265,4241	118,62005	-262,80265
16060	117,9647	-260,18118	118,62005	-257,55974
16080	117,30933	-255,59364	118,62004	-253,62755
16100	117,30934	-251,66144	117,30932	-249,69534
16120	115,34325	-248,38458	114,68788	-247,72916
16140	111,41108	-247,72904	106,82354	-244,45204
16160	93,71635	-228,7229	56,36087	-203,81839
16180	-12,45123	-182,84546	-37,35436	-115,34247
16200	-22,28143	-8,51878	-29,491	41,94393
16220	-46,53082	41,94394	-43,25441	41,94393
16240	-35,39008	41,94394	-24,90433	41,94393
16260	-20,3168	41,94394	-14,41857	41,94393
16280	-12,45248	41,94394	-7,86497	41,94393
16300	-6,55424	41,94394	-6,55425	41,94393
16320	-9,83104	41,94394	-11,14177	41,94393
16340	-19,66144	41,94394	-33,42401	41,94393
16360	-41,28832	41,94394	-30,14721	41,94393
16380	-1,31136	41,94394	47,1853	-25,55815
16400	78,64297	-93,71558	99,61455	-138,93543
16420	122,55216	-155,97501	143,5236	-161,21848
16440	146,14492	-163,84032	139,59114	-165,15135
16460	139,59108	-167,77296	142,86787	-172,36067
16480	146,14471	-177,60369	148,76619	-182,19135
16500	150,73231	-185,46825	152,04307	-187,43444
16520	152,69847	-190,05595	154,00922	-191,36675
16540	154,00927	-192,02216	155,32001	-192,02223
16560	155,32004	-192,02229	155,97539	-192,6777
16580	155,9754	-192,67773	157,28611	-191,36705
16600	157,28611	-190,7117	157,94146	-188,74565
16620	157,94145	-187,43493	158,59679	-185,46887
16640	157,94143	-183,50279	158,59677	-182,19208
16660	157,9414	-180,226	158,59674	-178,25993
16680	157,94137	-176,94921	157,94134	-174,98314
16700	157,28596	-173,67241	157,28594	-172,3617
16720	156,63056	-171,05098	157,2859	-169,0849
16740	156,63053	-169,0849	156,63051	-167,77417
16760	155,97515	-167,77418	155,97514	-166,46347
16780	154,66443	-167,11883	154,66441	-167,77421
16800	153,35369	-169,74031	152,69833	-171,70644
16820	150,73225	-174,32793	150,07687	-180,88161
16840	148,11079	-190,7121	146,14469	-203,16407
16860	142,21253	-220,85893	138,28037	-237,89845
16880	134,3482	-254,2826	131,07138	-269,35603
16900	126,48385	-283,11872	124,51776	-292,29388
16920	121,24096	-292,29396	120,58559	-292,29408
16940	117,96416	-292,29418	117,30879	-292,29427
16960	115,34272	-292,29435	114,68736	-292,29443
16980	113,37664	-292,29448	112,72127	-292,29455
17000	111,41056	-292,29461	111,41055	-292,29469
17020	110,09984	-292,29475	110,09983	-292,29477
17040	108,78912	-292,29476	108,13375	-292,29477
17060	106,82304	-292,29476	107,4784	-292,29477
17080	106,82304	-292,29476	106,82304	-292,29477
17100	105,51234	-292,29476	106,1677	-292,29477
17120	105,51235	-292,29476	106,16771	-292,29477
17140	106,16772	-292,29476	117,96429	-292,29477
17160	138,28066	-292,29476	152,69872	-292,29477
17180	155,97559	-292,29476	155,32023	-292,29477
17200	154,66488	-292,29476	155,9756	-292,29477
17220	155,9756	-292,29476	156,63095	-292,29477
17240	157,28631	-292,29476	157,94165	-292,29477
17260	158,597	-292,29476	159,9077	-292,29477
17280	159,9077	-292,29476	162,52912	-292,29477
17300	162,52911	-292,29221	165,80589	-292,29477
17320	167,77196	-292,2947	171,04874	-292,29461
17340	172,35945	-292,29449	175,63624	-292,29441
17360	177,60232	-292,29428	180,8791	-292,29416
17380	182,18981	-292,29401	184,81123	-292,29389
17400	185,46658	-292,29379	186,77728	-292,29371
17420	186,77729	-292,29361	188,74337	-285,08459
17440	188,08803	-277,87558	190,05412	-271,97732
17460	189,39878	-267,38977	190,05414	-263,4576
17480	189,39879	-260,83614	190,05415	-259,52542
17500	187,43271	-257,55934	166,46099	-256,24863
17520	128,44992	-255,59325	95,02655	-254,28251
17540	65,53536	-251,66104	38,01023	-248,38423
17560	7,86368	-247,72887	1,96543	-247,72896
17580	3,27616	-246,41832	4,58687	-246,41839
17600	4,58688	-246,41844	5,89759	-247,07386
17620	5,8976	-247,07388	7,20831	-246,41855
17640	7,20832	-245,76319	8,51903	-244,45247
17660	8,51904	-243,7971	9,17439	-243,14173
17680	9,1744	-241,83098	9,82975	-239,86489
17700	9,82976	-238,55414	10,48511	-235,93268
17720	9,82976	-234,62193	10,48511	-232,00047
17740	9,82976	-229,37898	10,48511	-226,10212
17760	9,82976	-222,16987	10,48511	-217,58227
17780	9,82976	-211,02858	9,82975	-204,47493
17800	9,1744	-196,61052	10,48511	-187,4354
17820	10,48512	-175,6388	11,79583	-163,84223
17840	11,14048	-153,35636	13,10655	-142,87055
17860	13,76192	-135,00614	15,72799	-128,45248
17880	16,38336	-123,20953	19,00479	-119,27734
17900	19,66016	-116,00051	20,31551	-112,06834
17920	20,97088	-108,79151	22,93695	-105,51467
17940	23,59232	-102,23781	24,24767	-98,30559
17960	24,24768	-95,0263	24,90303	-91,7519
17980	24,24768	-88,47506	25,55839	-85,8536
18000	24,90304	-83,88749	25,55839	-81,92138
18020	24,90304	-81,26599	25,55839	-79,95526
18040	24,90304	-78,64451	25,55839	-77,98914
18060	24,90304	-76,67841	25,55839	-76,02306
18080	24,90304	-76,02306	25,55839	-76,02308
18100	25,5584	-74,71234	26,21375	-74,05699
18120	26,21376	-72,74626	26,21375	-72,09089
18140	26,21376	-71,4355	26,86911	-70,78013
18160	26,21376	-70,7801	26,21375	-70,78006
18180	22,93696	-75,36752	-47,84193	-85,85324
18200	77,33186	-89,12998	95,68215	-91,75133
18220	101,58049	-93,71733	98,95906	-92,40653
18240	97,64836	-94,37253	98,30371	-95,68318
18260	97,64836	-98,30456	98,30373	-100,27059
18280	97,64841	-103,5473	97,64845	-106,16868
18300	96,99314	-107,47934	97,64854	-110,10073
18320	96,99321	-111,41141	96,99324	-112,06674
18340	96,33791	-113,37742	96,99328	-114,03276
18360	96,33795	-114,68809	96,99332	-114,68809
18380	96,99335	-115,34343	97,64871	-115,34343
18400	96,99336	-115,99879	98,30407	-115,9988
18420	97,64872	-115,9988	98,30407	-115,34346
18440	98,30407	-114,6881	98,95942	-114,68812
18460	98,30406	-114,03277	99,61478	-114,03278
18480	98,95941	-114,03279	100,27012	-114,0328
18500	99,61476	-113,37745	100,27011	-112,72211
18520	99,61475	-113,37748	100,2701	-114,03287
18540	99,61474	-114,03287	100,27009	-114,03289
18560	100,2701	-114,03288	100,92547	-114,68825
18580	100,27012	-115,3436	100,92547	-115,3436
18600	100,27011	-115,99895	101,58082	-117,30968
18620	100,92546	-119,27576	101,58081	-122,55257
18640	89,78425	-129,76147	72,74462	-142,86859
18660	61,60329	-150,73286	62,25863	-150,73291
18680	60,94797	-151,38827	60,94794	-152,699
18700	59,63723	-153,35437	60,29257	-154,00975
18720	58,98186	-154,66511	59,63722	-155,32048
18740	58,98186	-155,97583	58,98186	-156,6312
18760	58,32651	-157,94192	58,98187	-158,59729
18780	57,67115	-159,25264	57,67115	-160,56337
18800	57,67116	-161,21872	57,67115	-161,21873
18820	56,36044	-161,87408	55,70507	-161,21873
18840	55,04972	-161,21873	55,04972	-159,90803
18860	53,73899	-159,25267	53,08362	-158,59733
18880	52,42826	-157,94197	53,08361	-157,28662
18900	51,77288	-156,63126	52,42823	-155,97592
18920	52,42824	-156,63128	53,08359	-155,97593
18940	52,42823	-155,97594	53,08358	-155,97595
18960	52,42822	-155,97594	53,08358	-155,97595
18980	52,42823	-155,97594	53,08358	-156,63131
19000	52,42823	-156,63131	52,42821	-156,63132
19020	52,42822	-157,28668	53,08357	-157,94205
19040	51,77286	-157,94205	53,08358	-159,25278
19060	52,42823	-159,90814	53,08359	-159,90815
19080	52,42824	-160,56351	53,0836	-159,90816
19100	53,08361	-159,90816	53,73897	-160,56353
19120	53,08362	-160,56353	54,39433	-161,21891
19140	53,73897	-161,87428	54,39432	-161,87429
19160	53,73896	-161,87429	55,04968	-162,52967
19180	54,39433	-163,18503	55,04967	-163,18504
19200	51,77284	-163,84038	33,42271	-160,56351
19220	-0,65600000000001	-158,59736	-9,17569	-157,94201
19240	-11,79712	-158,59742	-10,48641	-159,90821
19260	-11,79712	-162,52971	-11,14177	-166,46195
19280	-11,79712	-172,36026	-12,45249	-180,88009
19300	-13,7632	-195,95356	-15,07393	-212,33777
19320	-16,38464	-229,37734	-16,38465	-247,07239
19340	-17,69536	-264,76743	-17,69537	-279,84099
19360	-17,69536	-292,2931	-15,72929	-292,29333
19380	-15,07392	-292,29351	-13,10785	-292,29367
19400	-12,45248	-292,29381	-10,48641	-292,29395
19420	-9,83104	-292,29408	-7,86497	-292,29421
19440	-7,2096	-292,29432	-5,24353	-292,29443
19460	-5,24352	-292,29452	-3,27745	-292,29461
19480	-2,62208	-292,2947	-1,31137	-292,29477
19500	0,65472	-292,29476	19,00479	-292,29477
19520	35,3888	-292,29476	44,56383	-292,29477
19540	44,56384	-292,29476	43,25311	-292,29477
19560	41,9424	-292,29476	42,59775	-292,29477
19580	41,9424	-292,29476	42,59775	-292,29477
19600	41,9424	-292,29476	43,25311	-292,29477
19620	42,59776	-292,29476	43,25311	-292,29477
19640	43,25312	-292,29476	43,90847	-292,29477
19660	43,90848	-292,29476	43,90847	-292,29477
19680	44,56384	-292,29476	45,21919	-292,29477
19700	44,56384	-292,29476	46,52991	-292,29477
19720	45,87456	-292,29476	47,18527	-292,29477
19740	47,18528	-292,29476	47,84063	-292,29477
19760	49,15136	-292,29476	50,46207	-292,29477
19780	50,46208	-292,29476	52,42815	-292,29477
19800	52,42816	-292,29476	53,08351	-292,29477
19820	53,08352	-292,29476	54,39423	-292,29477
19840	53,73888	-292,29467	53,08351	-292,2946
19860	51,7728	-292,29453	51,11743	-292,29448
19880	50,46208	-290,98369	50,46207	-283,11932
19900	49,15136	-277,22102	48,49599	-271,97809
19920	47,18528	-269,3566	46,52991	-266,07979
19940	45,2192	-264,11368	45,21919	-262,1476
19960	43,90848	-260,1815	43,25311	-258,21542
19980	42,59776	-257,56004	42,59775	-255,59397
20000	29,49056	-250,35104	33,42271	-239,86521
20020	13,10656	-231,34547	5,89759	-230,03476
20040	6,55296	-229,37941	5,89759	-228,72407
20060	4,58688	-228,72407	5,24223	-228,06873
20080	4,58688	-227,41337	4,58687	-226,75803
20100	3,93152	-226,75803	5,24223	-226,75805
20120	3,93152	-226,75806	5,24223	-226,75807
20140	4,58688	-226,75808	5,24223	-226,7581
20160	5,24224	-226,75811	5,89759	-226,75813
20180	5,24224	-226,75813	5,89759	-226,10279
20200	5,8976	-225,44742	6,55295	-224,79208
20220	5,8976	-224,79208	6,55295	-224,13673
20240	6,55296	-224,13674	7,20831	-224,13675
20260	7,20832	-224,13674	7,86367	-224,13675
20280	7,20832	-224,13675	7,86367	-224,79212
20300	7,86368	-224,13676	8,51903	-222,82605
20320	7,86368	-222,82604	8,51903	-222,17069
20340	7,86368	-221,51532	9,17439	-220,85996
20360	8,51904	-220,20459	8,51903	-219,54924
20380	8,51904	-218,89387	9,17439	-218,23851
20400	8,51904	-217,58314	9,82975	-216,92779
20420	9,1744	-216,92778	9,82975	-216,27243
20440	9,82976	-216,2724	10,48511	-215,61706
20460	9,82976	-214,30632	11,14047	-214,96168
20480	10,48512	-214,96168	11,14047	-214,30633
20500	11,14048	-214,3063	11,79583	-213,65096
20520	11,14048	-212,34023	11,79583	-212,34024
20540	11,14048	-212,99559	12,45119	-212,34023
20560	12,4512	-211,68486	13,10655	-211,68487
20580	12,4512	-211,02949	13,76191	-211,02949
20600	13,10656	-211,02948	14,41727	-211,02948
20620	14,41728	-210,37411	15,07263	-210,37411
20640	15,728	-211,68482	20,31551	-225,44741
20660	45,2192	-233,96711	64,22463	-237,89927
20680	64,88	-239,86534	64,22463	-237,89925
20700	63,56928	-237,89923	64,22463	-237,89923
20720	62,91392	-237,24384	63,56927	-236,58847
20740	62,25856	-235,27773	62,91391	-234,62236
20760	62,91392	-233,31162	62,91391	-232,00089
20780	62,25856	-232,65623	62,91391	-232,00087
20800	61,6032	-230,69014	62,91391	-229,37941
20820	62,25856	-229,3794	62,91391	-228,06867
20840	61,6032	-226,75793	62,91391	-226,75793
20860	61,6032	-226,10254	62,25855	-224,79181
20880	61,6032	-224,13644	62,25855	-222,82572
20900	62,25856	-222,17033	62,25855	-221,51497
20920	62,25856	-220,20423	62,25855	-218,23814
20940	61,6032	-216,92739	62,25855	-214,96129
20960	61,6032	-214,30591	62,91391	-212,99517
20980	61,6032	-211,68443	62,25855	-209,71833
21000	61,6032	-208,40759	61,60319	-207,75221
21020	61,6032	-206,44146	61,60319	-205,78609
21040	60,94784	-204,47534	61,60319	-203,81997
21060	60,29248	-202,50922	61,60319	-201,19848
21080	60,29248	-199,88773	60,94783	-198,577
21100	59,63712	-197,26625	60,29247	-195,95552
21120	58,98176	-195,30013	59,63711	-194,64477
21140	58,98176	-193,33404	59,63711	-192,02332
21160	58,98176	-191,36794	58,98175	-190,05721
21180	58,98176	-190,05719	59,63711	-188,74647
21200	58,98176	-188,09109	59,63711	-187,43573
21220	58,98176	-186,78037	58,98175	-186,78037
21240	58,98176	-186,12499	59,63711	-185,46963
21260	58,98176	-184,81426	59,63711	-184,1589
21280	58,98176	-184,15889	59,63711	-182,84817
21300	58,98176	-182,19279	59,63711	-182,1928
21320	59,63712	-182,19278	59,63711	-181,53743
21340	59,63712	-181,53742	59,63711	-180,88207
21360	59,63712	-180,2267	59,63711	-179,57134
21380	58,98176	-178,91596	60,29247	-178,26061
21400	59,63712	-176,94988	60,29247	-176,29452
21420	59,63712	-175,63916	59,63711	-175,63916
21440	59,63712	-174,98378	60,29247	-174,98377
21460	59,63712	-174,98376	60,29247	-174,98376
21480	59,63712	-174,32838	60,94783	-174,32838
21500	59,63712	-174,32836	59,63711	-173,673
21520	58,98176	-173,67298	59,63711	-173,67297
21540	58,98176	-173,67295	59,63711	-172,36223
21560	59,63712	-173,01757	59,63711	-173,01756
21580	58,3264	-172,36218	59,63711	-171,70682
21600	58,3264	-171,70679	58,98175	-171,70677
21620	57,67104	-171,70676	57,67103	-172,36211
21640	65,53536	-171,70674	94,37127	-171,70674
21660	123,20743	-167,77455	146,14531	-163,18699
21680	170,39389	-161,8762	192,67634	-157,28863
21700	208,4052	-152,04568	224,13402	-151,39028
21720	224,78945	-154,01175	223,47874	-156,63324
21740	223,47876	-163,84221	223,47877	-172,36191
21760	222,16807	-181,53697	221,5127	-190,0567
21780	219,54662	-198,57643	218,89125	-206,44081
21800	216,92517	-216,27126	215,61444	-222,82492
21820	212,99301	-230,68928	210,37156	-236,58757
21840	207,75012	-242,48586	205,78402	-247,72881
21860	201,85185	-252,97175	199,88576	-256,24861
21880	196,60894	-259,52545	194,64284	-261,49159
21900	192,02138	-263,4577	190,05528	-265,42383
21920	187,43383	-267,38742	186,12309	-270,01148
21940	183,50164	-272,63296	182,19089	-274,59909
21960	180,2248	-276,56518	178,91406	-278,53127
21980	176,94798	-280,49735	174,98189	-283,11878
22000	173,67109	-283,77412	171,04948	-281,80805
22020	167,77256	-276,56517	161,21887	-273,28842
22040	152,69918	-272,63315	146,80102	-278,53157
22060	142,86898	-287,70678	140,90298	-292,29443
22080	138,93696	-292,2945	138,93698	-292,29457
22100	136,97092	-292,2946	136,31555	-292,29462
22120	133,69409	-292,29463	135,66013	-292,29465
22140	134,34938	-292,29467	135,66006	-292,29469
22160	135,66004	-292,29468	135,00463	-292,2947
22180	135,00462	-292,29472	133,69387	-292,29473
22200	132,38313	-292,29474	131,72775	-292,29475
22220	129,76164	-292,29475	129,10626	-292,29476
22240	127,14016	-292,29476	125,17406	-292,29476
22260	123,20796	-292,29476	120,58649	-292,29477
22280	117,30968	-292,29476	116,65429	-292,29477
22300	114,68823	-292,29476	113,37749	-292,29477
22320	112,06679	-292,29474	112,06679	-292,29472
22340	109,44535	-292,29468	109,44533	-292,29465
22360	107,47925	-292,29462	107,47925	-292,2946
22380	106,16854	-292,29456	106,16853	-292,29453
22400	104,85782	-292,29448	104,85783	-292,29444
22420	103,54712	-292,2944	103,54711	-292,29436
22440	104,20248	-292,29432	115,34359	-292,29431
22460	122,55257	-292,2943	123,86328	-292,29433
22480	122,55261	-292,29437	123,86335	-292,29441
22500	123,20802	-292,29441	123,8634	-292,29441
22520	122,5527	-292,29437	121,89734	-292,29435
22540	119,27591	-292,29431	119,2759	-292,29426
22560	115,9991	-292,29419	114,03299	-292,29412
22580	110,75618	-292,29403	108,79008	-292,29396
22600	104,8579	-292,29386	102,89181	-292,29377
22620	99,615	-292,29365	96,99355	-292,29355
22640	94,37211	-292,29342	92,40601	-292,29328
22660	86,50778	-292,29309	78,64347	-292,29287
22680	73,40058	-292,29266	70,77914	-292,29236
22700	86,50773	-292,29208	108,1345	-292,29189
22720	120,5863	-292,29181	127,13989	-285,73829
22740	130,41674	-281,15086	135,00425	-277,21882
22760	137,62572	-275,25284	140,24717	-275,25291
22780	141,55791	-275,25299	142,21328	-277,21917
22800	142,21332	-280,49608	143,52407	-282,46231
22820	144,17951	-284,42856	146,801	-285,73948
22840	146,14571	-287,05041	146,80107	-287,05064
22860	145,49032	-288,36151	144,17955	-289,017
22880	142,21343	-288,36172	142,2134	-287,70645
22900	140,24732	-286,3958	140,24732	-285,7405
22920	139,59195	-285,74055	142,21337	-284,42989
22940	143,52409	-284,42992	146,14551	-283,7746
22960	146,80087	-283,11925	148,11158	-282,4639
22980	149,4223	-280,49781	151,38836	-279,18709
23000	152,04372	-277,22099	153,35442	-275,91028
23020	152,69907	-274,59956	154,00979	-273,9442
23040	152,69908	-273,28883	154,0098	-273,28883
23060	152,6991	-273,94417	152,04374	-275,25488
23080	147,45626	-284,4274	148,76707	-292,29436
23100	137,62599	-292,29433	111,41159	-292,29424
23120	85,85266	-292,29406	79,29924	-292,29386
23140	79,2993	-292,29366	81,26541	-292,29341
23160	83,88687	-292,29312	87,81905	-292,29278
23180	90,44055	-292,29236	91,75134	-292,29191
23200	93,71743	-292,29144	96,99422	-283,11596
23220	98,96028	-265,42087	104,2031	-246,41522
23240	107,47985	-230,03106	112,06733	-214,30226
23260	115,99946	-199,88421	119,93158	-187,43229
23280	122,55298	-174,98037	126,48508	-163,18385
23300	127,79579	-152,69798	129,10649	-142,21223
23320	128,45113	-133,03718	127,79576	-125,82823
23340	125,82969	-119,92998	125,17432	-114,68711
23360	123,20827	-110,75494	123,86365	-106,82279
23380	123,86369	-104,20134	125,17442	-100,92455
23400	125,17444	-97,64774	126,48518	-94,37095
23420	126,4852	-91,7495	123,86374	-89,78343
23440	118,62077	-90,43878	121,89761	-89,78343
23460	123,86375	-89,12806	124,51913	-87,81735
23480	125,17452	-87,81734	125,82991	-87,16199
23500	125,82993	-87,81734	126,4853	-87,81735
23520	126,4853	-87,81734	127,14065	-88,47271
23540	125,82993	-89,12806	127,14066	-90,43879
23560	125,82997	-91,09414	125,83	-91,09415
23580	125,17468	-91,7495	125,83004	-93,06023
23600	124,51932	-94,37094	125,83003	-95,68167
23620	124,51932	-96,99238	125,83004	-97,64775
23640	125,83006	-98,3031	126,48541	-99,61383
23660	125,83005	-100,92454	125,17468	-101,57991
23680	125,83004	-102,23526	126,48537	-102,89063
23700	125,83	-102,23526	126,48533	-101,57991
23720	125,82997	-100,92454	127,14068	-100,92455
23740	125,82997	-100,92454	126,48532	-99,61383
23760	126,48531	-98,95846	126,48529	-98,30311
23780	125,82992	-97,64774	126,48526	-96,33703
23800	125,8299	-96,33702	125,82988	-95,02631
23820	125,17451	-94,37094	125,82986	-93,06023
23840	123,86377	-91,7495	119,93157	-87,16199
23860	98,9599	-73,39942	52,42915	-58,98151
23880	-11,79584	-47,18502	-47,84022	-15,72775
23900	-47,18491	41,94394	-47,84049	41,94393
23920	-48,49614	41,94394	-47,84112	41,94393
23940	-48,49675	41,94394	-47,84158	41,94393
23960	-48,49714	41,94394	-47,84193	41,94393
23980	-48,49728	41,94394	-47,84193	41,94393
24000	-48,49728	41,94394	-47,84193	41,94393
24020	-48,49728	41,94394	-47,84193	41,94393
24040	-48,4971	41,94394	-20,97191	41,94393
24060	-0,00044000000000466	41,94394	17,69414	17,04025
24080	44,56384	-3,93126	65,53535	-18,34919
24100	78,64256	-30,80102	82,57471	-36,04391
24120	81,91936	-39,97606	83,23007	-43,25287
24140	83,88544	-46,52966	84,54079	-47,84039
24160	85,19616	-50,46182	86,50687	-52,42791
24180	85,85152	-55,04934	85,85151	-57,67087
24200	84,5408	-60,94775	84,54079	-62,91392
24220	83,88544	-64,22472	84,54079	-64,88018
24240	84,5408	-66,19099	85,19615	-66,19111
24260	84,5408	-66,84656	85,19615	-68,15738
24280	85,19616	-70,12356	85,85151	-72,74511
24300	85,19618	-76,67736	85,85158	-79,95427
24320	84,54091	-83,23116	85,85164	-85,8527
24340	85,19631	-89,12959	86,50703	-91,75113
24360	85,85169	-95,02799	86,50705	-95,68339
24380	87,16241	-95,68343	88,47311	-94,37276
24400	88,47311	-93,71743	89,78383	-92,40675
24420	89,12849	-91,09604	90,43922	-90,4407
24440	89,78388	-90,44071	90,43925	-89,13
24460	90,43926	-88,47464	91,09461	-87,81929
24480	90,43926	-88,47464	90,43926	-87,81929
24500	89,78391	-87,8193	89,7839	-87,16394
24520	89,12854	-86,50858	89,78389	-85,85323
24540	88,47318	-85,19784	89,7839	-84,54248
24560	89,12856	-83,88709	88,4732	-82,57637
24580	88,47323	-81,26562	89,1286	-79,29953
24600	89,784	-77,98878	91,09729	-76,67803
24620	90,43941	-76,02263	92,40553	-74,71187
24640	92,40558	-74,05643	92,40559	-72,74566
24660	92,40563	-72,09025	93,06101	-70,77948
24680	92,40569	-70,12406	92,40572	-68,15794
24700	92,40576	-67,50253	93,06115	-66,84714
24720	92,40585	-66,1917	93,06125	-64,8809
24740	93,0613	-63,57011	93,06133	-62,9147
24760	93,06137	-61,60395	93,71675	-60,94857
24780	93,06143	-60,94855	93,71679	-60,29318
24800	93,06145	-60,29316	98,30438	-59,63777
24820	118,62077	-60,29309	139,59249	-55,70556
24840	146,14622	-53,73948	146,80159	-52,42878
24860	146,14624	-51,77339	148,11235	-51,11802
24880	148,76774	-51,118	149,4231	-50,46264
24900	149,42311	-49,80728	151,38919	-49,15195
24920	152,04454	-49,15196	152,69988	-48,49663
24940	152,04452	-49,15201	152,69987	-49,80739
24960	152,04451	-50,46277	152,0445	-51,11814
24980	150,73378	-51,11815	151,38914	-51,77354
