T	LX	LY	RX	RY
0	0	0	0	0
20	0	-1,0000000003174E-5	0	-0,65535999999999
40	9,9999999960687E-6	-0,65537	9,9999999960687E-6	-1,31073
60	1,9999999999243E-5	-1,31074	1,9999999999243E-5	-1,31074
80	-0,65534	-1,9661	-0,65534	-2,62146
100	-0,65533	-2,62147	-0,65533	-3,27683
120	9,83053	-5,24294	27,52549	-1,96618
140	40,63289	3,93204	43,90978	7,20884
160	41,94371	9,17492	41,28833	9,83028
180	41,28833	11,79636	41,94368	12,45173
200	41,28831	13,76244	41,2883	13,76245
220	40,63293	13,76244	40,63293	13,76245
240	40,63292	13,76244	40,63291	13,76245
260	40,63292	13,76244	40,63291	13,10708
280	41,28827	13,10708	41,28827	12,45172
300	41,94363	12,45171	41,28827	11,79636
320	41,94363	12,45171	41,94363	11,79636
340	42,59899	11,14098	42,599	10,48563
360	43,25435	10,48563	43,25435	9,83027
380	43,25436	9,83026	43,25436	9,17491
400	43,25436	8,51954	38,01143	4,58739
420	29,49164	-0,00012000000000256	27,52551	-1,96619
440	28,83624	-1,31083	28,83624	-0,65546999999999
460	28,83625	-1,31084	28,83625	-1,31083
480	29,49161	-1,31084	29,49161	-1,96619
500	29,49161	-1,9662	30,14698	-1,96619
520	29,49161	-1,9662	30,14697	-2,62156
540	30,14698	-3,27692	30,14698	-3,27692
560	30,14698	-3,27692	30,14697	-3,93228
580	30,14697	-3,93229	30,14697	-4,58764
600	30,14697	-4,58765	30,14697	-5,243
620	30,14698	-4,58765	30,14697	-4,58765
640	30,14697	-4,58765	30,80233	-4,58765
660	30,80234	-4,58765	30,80233	-4,58765
680	30,80234	-5,24301	30,80234	-5,89837
700	30,80234	-5,24302	30,80234	-5,89837
720	36,04526	-4,58767	56,36163	-1,96624
740	79,9548	0,65519	85,19777	2,62128
760	83,88705	3,93199	83,88705	5,24272
780	83,88705	7,2088	83,88705	7,2088
800	83,88704	7,20879	83,88704	7,86416
820	83,88705	8,51951	83,23168	9,83024
840	83,88705	9,83023	83,88704	9,17488
860	83,88704	9,17487	83,88704	9,17488
880	83,88704	9,83023	83,88704	9,83023
900	83,23168	9,83023	83,23168	9,83023
920	83,23169	9,83023	82,57633	10,48559
940	82,57633	11,14095	82,57633	11,14095
960	82,57633	11,79631	81,92097	11,79631
980	81,92097	11,79631	81,92097	11,79631
1000	81,92097	11,79631	81,92096	11,79631
1020	81,92096	12,45167	81,92095	13,10704
1040	81,92095	13,76239	81,92094	13,7624
1060	81,26558	14,41776	81,92093	13,7624
1080	81,92093	14,41776	81,92093	13,7624
1100	81,92093	13,7624	81,92093	14,41776
1120	82,57629	15,07312	82,57629	13,76241
1140	82,5763	13,7624	82,5763	13,7624
1160	83,23166	13,10703	83,23166	13,10704
1180	82,5763	13,10703	83,23166	11,79631
1200	83,23166	11,79631	83,23165	11,14095
1220	83,23165	11,14095	83,23164	10,48559
1240	83,23165	11,14094	83,23164	9,83023
1260	83,23164	9,83022	82,57628	9,17487
1280	70,77972	7,20879	53,08486	7,20881
1300	43,25437	4,58738	44,56509	3,93202
1320	45,87582	4,58737	45,22045	5,24273
1340	45,87581	5,24273	45,87581	5,24274
1360	46,53117	5,89809	46,53117	4,58738
1380	46,53116	4,58737	46,53116	5,24274
1400	46,53117	5,24273	47,84188	3,93201
1420	47,84188	3,27664	48,49724	2,62129
1440	49,1526	1,96592	49,1526	1,31057
1460	49,80796	1,31056	49,80796	0,6552
1480	49,80796	-0,00016000000000105	51,11868	-1,31088
1500	50,46332	-1,96625	51,11868	-1,96625
1520	51,11868	-2,62162	51,11868	-2,62161
1540	51,77404	-2,62162	51,77404	-1,96625
1560	51,77404	-1,96626	51,77403	-1,96625
1580	52,4294	-0,65554	52,4294	-0,65553
1600	51,77404	-0,00018000000000029	51,77404	-0,00016999999999712
1620	51,11868	2,62126	49,80796	4,58736
1640	40,63286	9,17489	28,83627	13,76246
1660	25,55944	15,72854	25,55943	16,38391
1680	26,2148	18,34999	24,90407	20,97144
1700	24,24872	22,28214	24,90408	22,93752
1720	24,24872	23,59287	24,24872	24,24824
1740	24,24872	24,24823	24,90408	24,24824
1760	24,24871	24,9036	24,90406	24,9036
1780	24,90406	25,55896	24,90405	26,21432
1800	24,90405	26,21432	24,90405	25,55897
1820	24,90404	25,55896	24,90404	25,55896
1840	25,5594	24,90359	25,55939	25,55896
1860	25,55939	24,24823	26,21475	23,59288
1880	26,21474	22,93751	26,8701	21,62679
1900	26,8701	21,62679	24,90398	19,00536
1920	14,41808	15,07322	1,9661	11,79645
1940	-1,9661	11,14109	-1,9661	13,10718
1960	-2,62147	14,41789	-3,27683	15,07326
1980	-3,27683	15,72862	-3,27684	15,72862
2000	-3,27684	16,38398	-3,27684	16,38399
2020	-3,9322	16,38398	-3,27685	17,03935
2040	-3,93221	16,38398	-3,27685	17,03935
2060	-3,27685	17,03935	-3,27686	16,38399
2080	-3,27686	15,72862	-2,6215	15,07327
2100	-3,27686	15,07326	-3,27686	15,07327
2120	-3,27686	14,4179	-2,6215	13,76254
2140	-3,27686	13,10717	-3,27686	12,45182
2160	-3,27686	12,45181	-2,6215	11,79645
2180	-2,6215	11,14108	-2,6215	10,48572
2200	-2,6215	10,48571	-2,6215	9,83036
2220	-2,62149	9,17499	-2,62149	7,86427
2240	3,2768	8,51961	9,83046	8,51961
2260	10,48583	7,86423	10,48583	7,86424
2280	10,48584	8,51959	10,48584	7,86423
2300	10,48585	7,86422	9,83048	7,86423
2320	10,48585	7,86422	10,48584	7,20886
2340	9,83048	7,20886	10,48584	6,5535
2360	10,48585	5,89813	10,48585	5,89814
2380	10,48585	5,89813	10,48585	5,24278
2400	10,48584	5,24277	10,48585	5,24277
2420	10,48586	5,24277	10,48585	4,58742
2440	10,48586	3,93205	10,48585	3,27669
2460	10,48585	3,93205	10,48585	3,27669
2480	9,8305	2,62132	10,48585	1,96597
2500	10,48585	1,96596	10,48585	1,31061
2520	10,48586	0,65524	14,41806	1,31059
2540	24,90399	7,86417	34,7345	12,45169
2560	35,38989	14,41776	35,38987	13,76241
2580	34,73451	15,07313	35,38986	16,38385
2600	34,73449	17,03921	34,73449	16,38386
2620	34,73448	17,69457	35,38983	17,69458
2640	35,38983	18,34994	35,38983	17,69458
2660	35,38982	17,69458	36,04518	17,03923
2680	36,04518	18,34993	36,04518	17,69458
2700	36,04518	17,69458	36,04517	17,69458
2720	36,04517	18,34994	36,70053	17,69458
2740	36,70053	18,34994	36,70053	17,69458
2760	36,70053	17,69458	36,70052	17,69459
2780	36,70052	17,03922	36,70052	16,38387
2800	37,35588	16,38386	37,35587	15,72851
2820	37,35587	15,7285	37,35587	15,07315
2840	37,35587	15,07314	37,35587	15,07315
2860	37,35587	15,7285	37,35587	15,07315
2880	37,35587	15,07314	37,35587	15,07315
2900	37,35587	15,07314	38,01123	14,41779
2920	37,35587	14,41778	37,35587	13,76243
2940	38,66659	15,07314	46,53099	16,38386
2960	53,08466	17,03921	57,67221	16,38385
2980	59,63831	17,0392	59,6383	17,69457
3000	60,29367	17,69456	60,29367	17,69456
3020	60,29368	17,69456	60,29367	17,03921
3040	60,29367	16,38384	60,29367	17,0392
3060	59,63831	16,38384	59,63831	15,72849
3080	60,29368	16,38384	60,29367	15,72848
3100	60,29368	15,72847	60,29368	15,07312
3120	59,63832	15,07311	59,63832	14,41776
3140	58,98296	15,07311	59,63833	14,41776
3160	59,63833	13,76239	59,63833	13,7624
3180	60,29369	13,76239	59,63833	13,10704
3200	60,29369	13,10703	59,63833	12,45167
3220	59,63834	12,45167	59,63834	11,79631
3240	59,63834	11,14094	56,36151	11,79632
3260	54,39542	13,10703	53,74007	13,10704
3280	55,05079	12,45167	55,05079	12,45168
3300	55,05079	13,10703	54,39543	13,10704
3320	55,05079	12,45167	55,05078	13,10704
3340	55,05078	12,45167	54,39541	13,10704
3360	54,3954	13,10704	54,3954	13,10705
3380	54,3954	13,10704	54,3954	12,45168
3400	54,39539	13,10704	54,39539	13,10705
3420	55,05074	12,45168	55,05074	12,45169
3440	55,70611	11,14095	56,36146	11,14096
3460	56,36146	11,14095	56,36146	11,14096
3480	56,36146	11,14096	56,36145	11,14097
3500	56,36146	11,14096	55,70609	11,14097
3520	55,70609	11,14096	55,70609	10,48561
3540	57,01682	10,4856	68,81338	13,10705
3560	84,54219	17,0392	89,12978	19,66065
3580	87,16372	20,31601	87,16371	20,31602
3600	87,16371	22,28209	87,81907	22,28209
3620	87,81907	21,62673	87,81907	20,97137
3640	87,81907	20,97137	87,81907	20,31601
3660	87,81907	20,316	87,81907	20,31601
3680	87,81907	19,66064	87,81908	19,66065
3700	87,81907	19,00528	87,81907	19,00529
3720	87,81908	19,00528	87,16372	17,03921
3740	87,81908	17,0392	87,81908	16,38384
3760	87,81909	15,72847	87,16372	15,07312
3780	74,05642	15,07313	55,70619	11,79634
3800	51,11862	10,48562	52,42934	11,79635
3820	53,08471	11,14098	-41,94249	11,79635
3840	53,08471	11,79634	53,74007	11,79634
3860	53,74007	11,79634	53,74007	12,4517
3880	53,74008	13,10706	53,74008	12,45171
3900	53,74008	12,4517	53,74008	12,45171
3920	53,74008	11,79634	53,74009	11,79634
3940	53,74009	11,14098	54,39545	10,48562
3960	54,39546	9,83025	54,39546	9,1749
3980	54,39546	9,17489	54,39545	8,51954
4000	54,39545	8,51953	54,39545	8,51954
4020	54,39544	7,20881	54,39544	7,20882
4040	54,39544	7,20881	54,39543	5,8981
4060	55,05079	5,89808	55,70615	5,24273
4080	55,70615	4,58736	56,36151	3,93201
4100	56,36151	3,932	56,36151	3,932
4120	56,3615	3,27664	57,01686	3,27664
4140	56,3615	2,62127	57,01686	1,96592
4160	59,63831	1,96591	77,98855	1,9659
4180	89,78516	3,27661	91,75127	3,93198
4200	91,09591	4,58733	91,0959	5,89806
4220	91,0959	5,89805	90,44054	5,2427
4240	91,0959	5,89806	91,09589	5,89806
4260	91,09589	6,55342	91,0959	6,55342
4280	90,44053	6,55341	91,09589	6,55342
4300	91,09589	6,55341	91,09589	5,89806
4320	91,75125	6,55341	91,75125	6,55342
4340	91,09589	5,89805	91,09589	5,2427
4360	91,09589	5,24269	91,09589	5,89806
4380	90,44053	5,24269	91,09589	4,58734
4400	91,09589	3,93197	91,75125	3,93198
4420	91,09589	4,58733	91,0959	3,93198
4440	91,09589	3,93197	91,75126	3,27662
4460	91,75126	3,27661	91,75126	2,62126
4480	91,0959	2,62125	91,75382	1,96589
4500	91,75127	1,96589	91,75127	1,31054
4520	91,75127	0,65517	91,75127	0,65517000000001
4540	91,75127	-0,00019000000000347	92,40663	-0,65555
4560	91,75128	-0,00019000000000347	91,75128	-0,65553999999999
4580	91,75128	-0,65556	91,75128	-1,31091
4600	92,40664	-2,62164	92,40665	-1,96627
4620	92,40664	-2,62164	93,062	-3,27699
4640	93,062	-3,93236	93,062	-3,27699
4660	93,062	-3,277	93,06199	-3,93235
4680	92,40662	-3,277	93,06198	-3,27699
4700	93,06197	-3,277	93,06197	-3,93235
4720	93,06197	-3,277	93,06197	-3,93235
4740	93,71732	-3,93236	93,71732	-3,27699
4760	93,71733	-3,93236	94,37269	-3,93235
4780	94,37268	-3,93236	94,37268	-4,58771
4800	95,02805	-4,58772	95,02804	-5,24308
4820	95,02803	-4,58773	95,02803	-4,58772
4840	95,02803	-4,58773	95,68339	-5,24308
4860	95,02802	-5,24309	95,68338	-5,24308
4880	95,68338	-4,58773	95,68338	-5,24309
4900	95,68338	-5,24309	95,68338	-5,89845
4920	95,68338	-5,89845	95,68337	-5,24309
4940	95,68338	-5,24309	95,68338	-5,24309
4960	95,68338	-5,24309	96,33874	-6,55381
4980	95,68337	-5,89845	95,68337	-5,89845
5000	96,9941	-5,24309	108,79069	-0,00018999999999636
5020	119,2766	4,58733	121,89808	7,20878
5040	122,55347	9,83021	121,89811	13,10702
5060	121,24275	14,41774	121,24275	15,0731
5080	121,24275	16,38381	121,24275	16,38382
5100	121,24276	17,03918	120,58739	17,03918
5120	121,24275	17,03918	121,24276	17,69454
5140	121,24276	17,69453	120,5874	17,69453
5160	120,5874	17,69453	120,58741	17,03917
5180	121,24277	17,03916	120,58741	17,03917
5200	120,58741	16,3838	125,17498	16,3838
5220	129,10721	16,38379	129,10721	16,38379
5240	127,79648	17,03915	127,79648	17,03915
5260	127,79648	16,38379	127,14113	17,03915
5280	127,79649	17,03915	127,14113	17,03915
5300	127,14113	17,6945	127,14113	17,03914
5320	127,14113	17,03914	127,14114	17,6945
5340	127,14114	17,6945	127,14114	17,03914
5360	127,14114	17,03913	127,14114	17,03914
5380	127,14113	17,03914	127,79648	17,03914
5400	127,14112	16,38377	127,79646	14,4177
5420	114,03376	0,65513	81,92073	-19,00567
5440	40,6327	-34,73427	16,38414	-38,011
5460	11,1412	-32,76812	12,45193	-28,1806
5480	12,45193	-26,21452	12,45192	-24,9038
5500	12,45192	-24,9038	12,45191	-23,59308
5520	12,45191	-23,59309	12,4519	-22,93772
5540	13,10725	-22,28237	13,10725	-22,28236
5560	13,10724	-22,28237	12,45188	-23,59308
5580	13,10723	-23,59309	12,45187	-24,90381
5600	13,10723	-25,55917	13,10722	-26,86989
5620	13,10722	-27,52526	0,65529	-30,80202
5640	-9,17522	-32,76809	-13,10742	-34,0788
5660	-12,45206	-32,76808	-11,7967	-32,11272
5680	-12,45206	-30,802	-12,45206	-30,80199
5700	-11,79671	-29,49128	-11,14135	-29,49127
5720	-11,79671	-30,14663	-11,14135	-28,83591
5740	-11,14135	-30,14663	-11,14135	-30,80198
5760	-10,48599	-30,14663	-10,48599	-30,14662
5780	-10,48598	-30,14663	-10,48599	-30,80198
5800	-10,48599	-30,80198	-10,48599	-32,11269
5820	-10,48599	-32,76806	-10,48599	-33,42341
5840	-10,48598	-34,07878	-10,48598	-34,73413
5860	-9,83062	-34,73414	-9,83062	-34,73412
5880	-9,17525	-36,04486	-9,17525	-36,04485
5900	-9,17525	-36,70021	-8,51988	-37,35557
5920	-8,51988	-37,35557	-8,51988	-38,01093
5940	-8,51988	-38,01093	-8,51988	-38,66629
5960	-7,86451	-38,66629	-8,51987	-39,977
5980	-8,51986	-39,97701	-7,86451	-39,977
6000	-8,51986	-40,63237	-8,51986	-41,28773
6020	-8,51986	-41,28773	-7,8645	-41,94309
6040	-8,51986	-42,59845	-11,7967	-42,59844
6060	-13,10743	-43,90917	-12,45206	-44,56452
6080	-12,45205	-43,90917	-12,45206	-43,90916
6100	-12,45206	-43,25381	-12,45206	-43,90917
6120	-12,45205	-44,56453	-12,45205	-45,21989
6140	-12,45205	-45,2199	-12,45205	-45,21989
6160	-12,45204	-45,2199	-12,45204	-45,21989
6180	-12,45204	-44,56454	-12,45204	-43,90917
6200	-13,10739	-43,90918	-12,45203	-43,90917
6220	-12,45203	-43,90918	-12,45202	-43,90918
6240	-12,45202	-45,87527	-3,93224	-47,18601
6260	13,76264	-44,56461	17,03949	-42,59853
6280	15,07342	-42,59853	14,41805	-40,63245
6300	14,41805	-39,32173	14,41806	-38,66637
6320	13,7627	-38,01101	14,41806	-38,66637
6340	13,7627	-39,32173	13,7627	-39,97708
6360	14,41806	-39,32173	14,41805	-38,01101
6380	14,41804	-38,01101	14,41804	-38,011
6400	14,41803	-37,35565	14,41802	-37,35564
6420	-41,94294	-36,70029	15,07338	-36,70028
6440	15,07338	-37,35565	15,07337	-37,35564
6460	15,07337	-37,35565	15,07337	-38,66636
6480	15,72873	-38,01101	15,72873	-38,66637
6500	10,4858	-39,97709	9,17507	-40,63244
6520	10,4858	-41,28781	11,14116	-40,63244
6540	10,4858	-40,63245	10,48579	-40,63244
6560	10,48579	-41,28781	10,48579	-41,94316
6580	9,83043	-42,59852	10,48578	-41,94316
6600	9,83042	-41,94316	10,48578	-41,94316
6620	9,83042	-41,2878	9,83042	-41,2878
6640	9,83042	-41,28781	10,48577	-41,2878
6660	10,48578	-40,63245	10,48578	-41,2878
6680	10,48578	-41,94317	15,72868	-43,2539
6700	29,49139	-38,6664	39,97727	-37,3557
6720	43,25412	-37,35571	43,25412	-36,70034
6740	41,94339	-35,38963	42,59875	-35,38963
6760	41,94339	-35,38963	42,59875	-35,38963
6780	42,59875	-34,07891	42,59875	-34,73427
6800	41,94339	-33,42356	42,59874	-33,42355
6820	42,59875	-33,42356	41,94339	-32,76819
6840	41,94339	-32,7682	41,94338	-32,7682
6860	41,28802	-32,7682	41,94338	-33,42356
6880	41,28803	-32,7682	41,28803	-33,42356
6900	41,94339	-33,42357	51,77385	-32,11285
6920	58,32751	-31,4575	60,94897	-32,11286
6940	60,94898	-31,4575	60,94898	-30,80213
6960	60,94898	-30,80214	60,94898	-30,80214
6980	60,94898	-30,80214	60,94898	-31,45749
7000	60,94898	-30,80214	60,29362	-30,80213
7020	60,29362	-30,80214	60,94898	-32,11286
7040	60,94898	-32,11287	60,94899	-31,4575
7060	60,29363	-31,45751	60,94898	-32,76822
7080	60,94898	-32,76822	60,94898	-32,76822
7100	60,94897	-33,42359	60,94896	-33,42358
7120	60,94896	-32,76822	60,94895	-34,07894
7140	60,29359	-34,07894	60,94895	-34,07894
7160	60,94895	-34,7343	61,6043	-34,7343
7180	61,60431	-34,7343	61,6043	-35,38966
7200	61,6043	-35,38967	61,6043	-36,04502
7220	61,6043	-36,04502	62,25966	-36,70038
7240	62,25965	-36,70038	62,25965	-38,66646
7260	53,73992	-39,97717	37,3558	-43,25394
7280	34,07896	-45,87538	34,73431	-45,22002
7300	34,73431	-44,56466	34,7343	-44,56466
7320	34,7343	-44,56466	34,73431	-44,56466
7340	34,7343	-44,56467	35,38966	-44,56466
7360	35,38966	-44,56467	35,38966	-44,56466
7380	35,38966	-44,56467	35,38966	-44,56466
7400	35,38966	-44,56467	35,38966	-44,56466
7420	35,38966	-43,90931	35,38965	-44,56466
7440	35,38966	-43,90931	36,04501	-44,56466
7460	35,38965	-43,90931	35,38965	-44,56466
7480	35,38965	-43,90931	35,38964	-43,9093
7500	34,73428	-43,25394	35,38964	-43,9093
7520	35,38964	-43,25395	35,38964	-43,25394
7540	35,38964	-43,25395	35,38964	-43,25394
7560	35,38964	-42,59859	39,9772	-41,28787
7580	70,12397	-36,70038	96,99397	-32,76824
7600	104,20304	-27,52536	102,89234	-22,93782
7620	100,92627	-19,66102	100,27091	-15,72886
7640	100,27091	-13,10742	99,61554	-12,45206
7660	99,61555	-11,14134	99,61554	-10,48597
7680	99,61554	-10,48598	99,61554	-10,48598
7700	99,61554	-9,83062	99,61554	-9,83062
7720	99,61554	-9,83063	99,61554	-10,48598
7740	99,61554	-10,48598	99,61554	-11,14134
7760	99,61555	-11,14135	100,92627	-11,14134
7780	107,47995	-9,83063	109,44605	-8,5199
7800	108,7907	-9,17527	108,7907	-7,86455
7820	108,7907	-7,20919	108,13535	-6,55382
7840	108,13535	-5,89847	108,13535	-6,55382
7860	107,47999	-6,55383	107,47999	-5,89846
7880	107,47999	-5,2431	107,47998	-4,58774
7900	107,47998	-4,58774	107,47998	-3,93237
7920	106,82461	-3,93237	107,47996	-3,93237
7940	106,8246	-4,58773	106,8246	-3,93236
7960	106,8246	-3,93237	107,47996	-3,93236
7980	106,82459	-3,93237	107,47995	-3,93236
8000	107,47995	-4,58773	114,68897	-3,27701
8020	123,20878	0,65514	125,83026	1,31051
8040	125,83027	0,65515	125,83025	1,96587
8060	125,17489	3,27658	125,83025	2,62123
8080	125,83025	3,27658	125,17489	2,62123
8100	125,83024	3,27658	125,83024	2,62123
8120	125,17487	2,62122	126,48559	2,62123
8140	125,17488	3,27658	125,83023	3,93195
8160	125,83023	3,27658	125,83023	2,62123
8180	125,83023	3,27658	125,83023	3,27659
8200	125,17486	3,93194	125,83022	3,93195
8220	124,5195	3,93194	124,5195	3,27742
8240	-41,94194	3,27658	125,17486	3,27659
8260	125,17486	3,93194	125,17485	3,27659
8280	124,51949	3,27658	125,17485	2,62123
8300	125,17485	1,96586	124,51949	1,96587
8320	125,17485	2,62122	125,17485	2,62123
8340	125,17485	2,62122	125,17485	3,27659
8360	124,51949	2,62122	124,51949	1,31051
8380	120,58729	-3,27702	98,3048	-19,66102
8400	59,6382	-36,70034	22,93776	-45,21994
8420	-2,62145	-43,25382	-8,51971	-35,3895
8440	-8,51969	-29,49126	-8,51969	-25,55908
8460	-9,17506	-22,28229	-9,83042	-19,00548
8480	-9,83042	-17,03941	-10,48578	-15,07332
8500	-10,48579	-13,76259	-11,14117	-13,10722
8520	-11,79653	-12,45186	-12,45189	-12,45184
8540	-12,4519	-11,14113	-12,45192	-10,48576
8560	-13,10728	-11,14111	-13,76265	-10,48574
8580	-13,1073	-10,48574	-13,10731	-11,14108
8600	-13,10731	-11,14109	-13,10731	-11,79644
8620	-13,1073	-12,45181	-12,45194	-13,76253
8640	-14,41802	-15,07326	-19,66098	-18,35004
8660	-21,6271	-20,31611	-20,31636	-20,97148
8680	-19,661	-20,31613	-20,31635	-21,62684
8700	-19,66098	-21,62685	-19,66098	-22,28221
8720	-19,66098	-22,28221	-19,66097	-22,28221
8740	-19,66097	-22,93758	-19,66097	-22,93757
8760	-19,66097	-23,59293	-19,66097	-24,24829
8780	-19,0056	-24,90366	-19,0056	-26,21437
8800	-19,0056	-26,21438	-19,0056	-26,86973
8820	-19,0056	-26,86974	-19,0056	-28,18046
8840	-19,00559	-28,18046	-19,00559	-28,18046
8860	-19,00559	-28,83582	-18,35022	-30,14654
8880	-18,35022	-30,14654	-18,35024	-31,45726
8900	-18,35024	-30,8019	-17,69489	-31,45726
8920	-14,41802	-32,76801	9,17512	-32,11268
8940	20,97168	-30,14662	24,24852	-28,8359
8960	24,24852	-28,18055	24,24852	-27,52518
8980	24,24852	-25,55911	24,24852	-25,5591
9000	24,24852	-24,90374	24,90388	-25,5591
9020	24,24852	-24,90375	24,90388	-24,90374
9040	24,90388	-24,90375	24,90387	-24,90375
9060	24,90387	-24,90376	24,90387	-24,90375
9080	24,90387	-24,90376	24,90387	-26,21448
9100	24,90387	-26,21449	30,80217	-25,55914
9120	40,63266	-24,24844	43,90948	-24,24844
9140	43,90949	-23,59309	43,90949	-22,93773
9160	-41,94266	-22,28238	43,9095	-23,5931
9180	44,56486	-23,59311	43,9095	-23,5931
9200	44,56486	-23,59311	44,56486	-24,24846
9220	44,56486	-23,59311	44,56486	-23,59311
9240	44,56486	-24,24847	44,56486	-24,90383
9260	44,56486	-24,90384	44,56485	-25,55919
9280	44,56485	-26,21456	44,56486	-26,86992
9300	53,08458	-26,21458	72,09018	-24,24851
9320	83,23141	-22,9378	87,16361	-23,59316
9340	87,16362	-22,9378	87,16361	-21,62708
9360	87,16362	-22,28245	87,16362	-22,28245
9380	86,50826	-22,93781	87,16362	-22,93781
9400	86,50826	-22,93782	87,16362	-22,93781
9420	86,50826	-22,93782	87,16362	-23,59317
9440	87,16362	-23,59318	87,16362	-24,24853
9460	87,16362	-24,24854	87,16362	-24,90389
9480	87,16362	-25,55926	87,16362	-25,55926
9500	87,16363	-25,55926	87,16362	-26,86998
9520	87,16362	-26,86998	86,50826	-27,52534
9540	86,50826	-27,52534	86,50826	-27,52534
9560	87,16363	-28,1807	86,50827	-28,83606
9580	86,50827	-28,18067	86,50827	-28,1807
9600	86,50827	-28,1807	86,50827	-29,49141
9620	86,50828	-29,49143	86,50828	-30,14678
9640	86,50828	-31,45751	86,50828	-32,11287
9660	92,40657	-31,45752	95,02804	-31,45751
9680	95,02803	-32,11288	94,37266	-30,80215
9700	94,37266	-30,80216	94,37265	-30,14679
9720	94,37265	-30,80215	94,37264	-31,4575
9740	94,37264	-31,45751	93,71728	-31,4575
9760	94,37264	-30,80215	93,71727	-31,4575
9780	93,71728	-30,80215	93,71727	-31,45749
9800	93,71727	-30,80214	93,0619	-30,80213
9820	93,0619	-30,80214	93,71726	-30,80213
9840	93,71726	-30,80213	93,06189	-31,45749
9860	93,06189	-31,45749	93,06188	-30,80212
9880	93,06188	-31,45749	93,06187	-31,45748
9900	93,06187	-30,80213	92,40651	-31,45747
9920	92,40651	-30,80212	92,4065	-30,80211
9940	92,4065	-31,45747	93,06186	-31,45747
9960	93,06185	-31,45748	93,06185	-32,11283
9980	93,06185	-32,11283	93,06184	-34,07891
10000	93,06185	-34,73427	93,7172	-37,35571
10020	91,75111	-38,66644	87,16352	-40,6325
10040	87,81889	-39,97715	89,78498	-39,97714
10060	89,78499	-38,66643	90,44035	-38,01106
10080	90,44034	-38,66643	90,44034	-38,66642
10100	91,09571	-38,66643	90,44034	-38,66642
10120	90,44034	-38,66643	90,44034	-38,66642
10140	90,44034	-38,01107	90,44034	-38,01106
10160	90,44035	-38,01107	91,09571	-38,66642
10180	91,09572	-38,01107	91,09572	-37,35571
10200	90,44036	-37,35572	90,44036	-36,70035
10220	90,44036	-36,04499	90,44036	-34,73427
10240	90,44037	-34,07891	90,44037	-34,07891
10260	90,44037	-33,42355	90,44038	-32,76818
10280	89,78502	-31,45748	89,78502	-32,11283
10300	89,78503	-31,45748	89,78502	-30,80211
10320	88,47431	-30,80212	88,4743	-30,14675
10340	88,47431	-30,14676	88,47431	-30,80211
10360	88,47431	-31,45748	88,47432	-31,45748
10380	87,81896	-30,80213	88,47432	-30,80212
10400	87,81896	-31,45749	88,47432	-32,11284
10420	94,3726	-30,80213	110,75678	-28,83605
10440	119,27655	-25,55926	116,65511	-22,28244
10460	115,34439	-20,97173	114,68902	-19,00564
10480	114,68902	-18,35029	114,68902	-17,69493
10500	114,68902	-17,69494	114,68901	-19,00566
10520	114,68902	-20,31639	115,34438	-20,97175
10540	115,34438	-20,97176	115,34438	-20,97176
10560	115,34438	-20,31641	115,34438	-20,97176
10580	115,34438	-20,97177	115,99974	-20,97177
10600	115,99974	-20,97178	116,6551	-21,62714
10620	116,6551	-21,62714	116,65509	-22,2825
10640	116,65509	-22,2825	116,65509	-22,93785
10660	117,31045	-23,59322	117,31045	-24,24858
10680	117,31045	-23,59322	118,62118	-23,59321
10700	125,83024	-20,31642	133,0393	-17,69496
10720	135,66078	-18,35034	136,31614	-17,69497
10740	136,31614	-16,38425	136,31614	-16,38425
10760	136,9715	-17,03961	136,9715	-17,03961
10780	136,9715	-16,38426	136,9715	-17,69497
10800	136,9715	-17,69498	137,62685	-17,69498
10820	137,62686	-17,69498	136,9715	-18,35034
10840	136,9715	-18,35035	137,62686	-19,66106
10860	137,62686	-19,00571	137,62686	-19,0057
10880	137,62686	-19,00571	136,9715	-19,66106
10900	137,62686	-19,66107	136,9715	-19,66106
10920	137,62687	-20,31643	137,62687	-19,66107
10940	137,62687	-20,31643	137,62687	-20,31642
10960	137,62688	-20,31643	137,62688	-19,66107
10980	137,62688	-20,31643	137,62688	-20,97179
11000	137,62688	-20,31643	137,62688	-19,66107
11020	137,62689	-19,66108	136,97153	-20,97179
11040	136,31616	-22,28252	126,48564	-24,90394
11060	119,93195	-27,52538	120,58731	-28,18074
11080	121,24268	-26,87003	121,24268	-25,5593
11100	120,58732	-25,55931	121,24268	-25,5593
11120	120,58732	-25,55931	121,24268	-24,90394
11140	121,24268	-24,90395	121,24268	-24,90394
11160	121,24269	-24,24859	121,24269	-24,90394
11180	121,24269	-24,90395	121,24269	-24,24858
11200	120,58733	-23,59323	120,58734	-24,24859
11220	120,58734	-24,24859	120,58734	-24,24859
11240	119,93198	-24,24859	120,58734	-24,90395
11260	120,58734	-25,55932	120,58734	-26,21467
11280	120,58734	-25,55932	112,06758	-34,73435
11300	82,57609	-54,39514	41,94341	-70,12371
11320	4,58765	-76,67724	-14,41794	-70,1236
11340	-15,07332	-60,94855	-15,0733	-53,73958
11360	-15,72866	-47,84134	-16,38402	-44,56453
11380	-17,03938	-41,9431	-17,03938	-41,28774
11400	-17,69474	-39,32167	-17,69474	-39,32166
11420	-17,03939	-39,32167	-17,03939	-38,6663
11440	-17,0394	-38,66631	-17,03941	-39,32167
11460	-16,38406	-39,97704	-16,38407	-41,28775
11480	-15,72872	-41,28776	-15,72872	-41,94311
11500	-15,07337	-42,59847	-15,07337	-43,25383
11520	-15,07338	-43,9092	-15,07338	-44,56455
11540	-15,07339	-44,56456	-14,41803	-45,21992
11560	-14,41803	-45,87528	-14,41804	-46,53064
11580	-14,41802	-48,49674	-8,51967	-51,77357
11600	1,3108	-51,77359	3,93225	-53,08431
11620	3,27689	-53,08431	3,93225	-53,0843
11640	3,93225	-53,08431	3,93225	-53,73966
11660	3,93225	-54,39503	3,93224	-55,05038
11680	3,93224	-55,70575	3,93223	-55,70574
11700	3,93224	-55,70574	3,93224	-55,05037
11720	3,93224	-55,70574	3,93224	-55,70573
11740	3,93224	-55,70574	4,58759	-55,70573
11760	4,5876	-56,36109	4,5876	-57,01644
11780	5,24296	-57,01645	5,89832	-57,6718
11800	5,89832	-57,67181	5,89832	-58,32716
11820	5,89832	-58,98253	6,55368	-58,98252
11840	5,89832	-59,63789	5,89832	-60,29324
11860	14,41804	-59,6379	38,01116	-54,39503
11880	48,49704	-52,42897	52,42923	-51,77361
11900	51,77388	-50,4629	-41,94261	-49,80753
11920	51,77387	-49,15217	51,77387	-49,15217
11940	52,42923	-49,15218	53,08459	-49,80753
11960	53,08459	-49,80754	53,08459	-49,80753
11980	53,08459	-49,15218	53,08459	-49,80753
12000	53,08459	-50,4629	53,73995	-50,46289
12020	53,0846	-50,4629	53,0846	-51,77361
12040	53,08459	-51,11826	53,08459	-51,77362
12060	53,08459	-52,42898	53,08459	-53,08433
12080	53,08459	-53,7397	53,0846	-53,08434
12100	53,0846	-53,73971	53,0846	-54,39506
12120	53,0846	-54,39507	53,73996	-55,70578
12140	53,0846	-55,70579	53,0846	-55,70579
12160	53,73996	-55,70579	53,08461	-55,70579
12180	53,73997	-56,36115	53,73997	-57,01651
12200	53,73997	-57,67187	53,73997	-58,32723
12220	54,39534	-57,67188	53,73997	-58,32723
12240	53,73998	-58,32724	54,39534	-59,63795
12260	53,73998	-58,9826	53,73998	-59,63796
12280	53,73998	-60,29332	47,18634	-60,94866
12300	45,8756	-61,60403	47,18632	-63,57011
12320	47,18632	-62,91475	47,18632	-62,25938
12340	47,18631	-61,60403	46,53094	-61,60403
12360	46,53094	-60,94867	45,87558	-60,94866
12380	45,87557	-60,94867	45,87556	-60,94866
12400	45,87555	-61,60402	45,87555	-61,60402
12420	47,18628	-61,60403	64,22577	-58,32725
12440	87,16356	-54,39511	98,30478	-51,1183
12460	99,61555	-50,46295	98,30482	-47,8415
12480	98,30482	-45,22007	98,96018	-44,5647
12500	98,96018	-43,25399	98,30482	-43,25398
12520	98,30481	-42,59863	98,30481	-42,59862
12540	98,30481	-42,59863	98,3048	-43,25399
12560	98,30481	-42,59863	98,3048	-42,59862
12580	97,64944	-42,59863	98,3048	-43,25398
12600	98,3048	-43,254	98,3048	-43,25399
12620	98,3048	-43,25399	98,96016	-43,90935
12640	98,3048	-43,90936	98,30479	-43,90935
12660	99,61552	-44,56472	98,96015	-44,56471
12680	98,96016	-45,22008	98,96015	-45,22007
12700	99,61551	-45,87544	99,61551	-47,18616
12720	99,61551	-47,18616	99,61551	-47,84152
12740	99,61551	-48,49689	99,61551	-48,49688
12760	99,61551	-49,15225	96,99405	-51,77368
12780	85,19746	-57,01656	77,33307	-59,63799
12800	76,02234	-58,98263	77,33307	-58,32727
12820	77,33307	-58,32727	77,33306	-57,67191
12840	76,67771	-57,67192	76,67771	-57,67192
12860	77,33307	-57,67193	76,67771	-58,98264
12880	76,67771	-58,98265	77,33308	-59,63801
12900	77,33308	-58,98265	77,33308	-60,29337
12920	77,33308	-60,29338	77,33308	-60,94873
12940	77,33308	-60,94874	77,33308	-61,6041
12960	77,33309	-60,94874	77,98844	-61,6041
12980	77,98844	-62,25946	77,33308	-62,25946
13000	77,33308	-62,25947	77,98844	-62,91482
13020	77,98845	-62,25947	77,33309	-62,91482
13040	77,33309	-63,5702	77,98845	-64,22555
13060	77,33309	-64,88092	77,33309	-64,88091
13080	77,33309	-64,88092	77,33308	-64,88091
13100	77,98844	-65,53628	77,33307	-64,88091
13120	77,33307	-64,88092	77,33306	-65,53627
13140	76,67769	-65,53627	76,67769	-65,53627
13160	79,9545	-65,53628	96,33863	-62,25949
13180	107,47988	-59,63806	110,75674	-57,67197
13200	110,75675	-56,36125	110,10138	-52,42909
13220	109,44602	-49,15229	110,10138	-48,49692
13240	109,44602	-47,84158	109,44601	-47,18621
13260	109,44601	-46,53086	109,44601	-46,53085
13280	109,446	-46,53086	109,446	-46,53085
13300	108,79064	-46,53086	108,79064	-46,53085
13320	108,79063	-47,18621	109,44599	-47,84157
13340	108,79063	-47,84158	109,44599	-48,49694
13360	108,79063	-47,84158	109,44599	-48,49693
13380	109,44599	-47,84158	109,44599	-49,15229
13400	109,44599	-49,1523	110,10135	-49,80765
13420	110,10135	-49,80766	106,82452	-49,80765
13440	104,85841	-51,11838	106,16914	-52,42909
13460	106,17169	-51,77374	106,16914	-51,11837
13480	105,51378	-50,46301	105,51378	-51,77373
13500	105,51379	-51,77374	105,51378	-51,11837
13520	105,51378	-51,11837	105,51378	-51,77373
13540	105,51379	-50,46301	105,51379	-51,11837
13560	105,51378	-51,77373	105,51379	-51,11837
13580	104,85843	-51,77374	105,51379	-51,77373
13600	104,85843	-51,77373	105,51379	-53,08445
13620	105,5138	-53,08446	105,51379	-53,08446
13640	105,5138	-53,08446	105,5138	-53,73981
13660	105,5138	-53,73982	105,51379	-53,73982
13680	105,5138	-53,73982	105,5138	-54,39518
13700	105,5138	-54,39518	105,5138	-55,05054
13720	105,5138	-55,05055	105,5138	-55,05054
13740	105,51381	-55,05055	105,51381	-55,7059
13760	104,85844	-55,70591	105,5138	-55,7059
13780	104,85845	-55,70591	105,51381	-56,36127
13800	104,85846	-56,36127	105,51382	-57,01663
13820	105,51382	-57,01664	104,85846	-57,67199
13840	104,85846	-56,36128	105,51382	-57,67199
13860	104,85847	-57,672	105,51382	-58,32735
13880	107,47992	-57,01664	111,41213	-55,70592
13900	112,72286	-55,70592	112,72285	-55,05055
13920	112,06749	-53,73984	112,06748	-53,73983
13940	112,06748	-53,08448	112,06747	-53,08447
13960	112,06747	-53,73983	112,72283	-53,73983
13980	112,06747	-53,08448	112,72283	-54,39519
14000	112,72282	-53,73984	112,72283	-54,3952
14020	113,37818	-56,36128	114,03354	-58,32736
14040	114,03354	-57,01665	113,37818	-55,70592
14060	113,37818	-55,05056	113,37817	-55,70592
14080	113,37817	-55,05056	113,37817	-55,70592
14100	113,37816	-55,70593	114,03352	-56,36128
14120	113,37816	-55,70593	113,37816	-57,01664
14140	113,37816	-55,70593	113,37816	-56,36128
14160	113,37815	-57,01665	113,37815	-58,98273
14180	114,03351	-58,32737	110,75668	-60,29345
14200	106,1691	-62,25953	106,16909	-63,57025
14220	108,13519	-62,91489	108,13518	-62,25953
14240	108,13519	-62,25953	108,13519	-62,25952
14260	107,47982	-61,60417	107,47982	-62,25952
14280	107,47982	-61,60417	107,47982	-62,25953
14300	107,47982	-63,57025	107,47981	-62,91488
14320	107,47982	-62,25953	107,47981	-62,25953
14340	107,47981	-62,25954	107,47981	-62,91489
14360	107,47982	-62,25954	106,82445	-62,91489
14380	106,82446	-62,9149	107,47982	-63,57025
14400	106,82446	-63,57026	107,47982	-63,57025
14420	106,82446	-63,57026	106,82446	-62,91489
14440	106,82446	-63,57026	106,82446	-63,57025
14460	106,82446	-63,57026	106,82446	-64,22561
14480	106,82446	-64,22562	106,82446	-64,22562
14500	106,1691	-63,57026	106,82446	-63,57025
14520	106,1691	-64,22562	106,82447	-64,22562
14540	106,16911	-64,22563	106,82447	-64,22562
14560	106,82447	-64,22562	106,82447	-64,22562
14580	106,82448	-64,88099	106,82448	-64,88098
14600	106,82448	-64,22563	106,82448	-64,88098
14620	106,16913	-64,22563	106,16912	-64,22562
14640	106,16913	-63,57027	106,16912	-63,57026
14660	105,51377	-63,57027	105,51377	-63,57026
14680	105,51377	-62,91491	105,51377	-62,9149
14700	105,51377	-62,25955	105,51377	-62,25954
14720	105,51377	-62,25955	105,51377	-63,57026
14740	105,51377	-62,25955	106,16912	-62,25954
14760	106,16912	-62,25955	106,16912	-62,25954
14780	106,16911	-61,60418	106,16911	-61,60418
14800	106,1691	-60,94882	106,1691	-60,94881
14820	105,51374	-60,29346	106,1691	-60,94881
14840	106,1691	-60,94882	106,16909	-60,29345
14860	106,16909	-59,6381	106,16909	-59,63809
14880	106,16909	-58,98274	106,16909	-58,98273
14900	106,16908	-58,32738	105,51372	-58,32737
14920	106,16908	-58,32737	106,16908	-58,32736
14940	106,16908	-58,32737	106,16908	-58,32736
14960	106,16908	-58,32737	106,16908	-58,32735
14980	106,16908	-58,98272	106,82443	-59,63808
15000	106,16908	-59,63808	106,16907	-59,63807
15020	106,82443	-59,63808	106,82443	-59,63808
15040	106,82443	-59,63808	106,82444	-59,63807
15060	106,82443	-58,98272	106,82443	-59,63807
15080	106,82444	-59,63808	106,82443	-59,63807
15100	106,82443	-58,98271	106,82443	-58,98271
15120	106,82443	-58,98272	107,47979	-58,98271
15140	107,4798	-59,63808	106,82443	-59,63807
15160	106,82443	-59,63808	107,47979	-60,9488
15180	109,44589	-58,98273	114,68884	-56,36127
15200	115,34422	-55,05056	115,34422	-55,05055
15220	115,34423	-53,73984	115,34423	-52,42912
15240	115,34423	-51,1184	115,34423	-50,46303
15260	115,34424	-49,80768	114,68888	-49,15231
15280	114,68888	-49,15232	114,68887	-49,15231
15300	114,68888	-48,49696	114,68888	-48,49695
15320	115,34425	-50,46304	115,99961	-53,08448
15340	115,34425	-52,42913	114,68889	-51,11839
15360	114,03353	-49,80768	114,03353	-48,49695
15380	114,03353	-47,18624	114,03354	-47,18624
15400	113,37818	-45,87552	113,37818	-45,87551
15420	113,37819	-45,87552	112,72283	-45,22015
15440	112,72283	-44,5648	112,72283	-44,56479
15460	112,72284	-44,5648	113,37819	-43,90943
15480	115,99967	-42,59872	127,14094	-38,66656
15500	133,69464	-34,07904	133,69465	-33,42368
15520	133,0393	-32,76833	132,38393	-31,4576
15540	132,38394	-30,80225	132,38394	-30,80224
15560	132,38394	-30,80225	132,38394	-31,4576
15580	132,38393	-31,45761	132,38392	-31,4576
15600	133,03928	-31,45761	133,03928	-30,80224
15620	132,38392	-30,80225	132,38391	-30,80224
15640	132,38391	-30,14688	133,03927	-30,80224
15660	133,03928	-30,80225	133,03927	-31,4576
15680	133,03927	-31,45761	132,38391	-32,11296
15700	133,03927	-31,45761	133,03928	-31,4576
15720	133,03928	-32,11297	133,03928	-32,76832
15740	133,03927	-32,76833	132,38392	-32,76832
15760	133,03928	-33,42369	136,97148	-32,11297
15780	141,55907	-30,80226	143,52518	-32,11297
15800	144,18055	-31,45761	144,18054	-30,80225
15820	144,18054	-30,80225	143,52519	-30,80225
15840	142,86983	-31,45761	142,86983	-31,45761
15860	143,52519	-30,1469	142,86983	-30,80225
15880	142,86983	-30,80226	142,86982	-30,80225
15900	142,86982	-31,45762	142,86982	-32,11297
15920	142,86982	-32,11298	142,86982	-32,11297
15940	142,86982	-32,76834	143,52518	-33,42369
15960	142,86982	-33,4237	142,86982	-34,07905
15980	142,86982	-34,07906	142,86982	-34,07906
16000	142,86982	-34,07907	142,86982	-34,73442
16020	142,86982	-35,38979	142,86982	-35,38978
16040	142,86982	-35,38979	142,86982	-36,04514
16060	142,86982	-36,70051	142,86982	-36,7005
16080	142,86982	-36,70051	142,86982	-37,35587
16100	142,21446	-38,6666	142,86982	-38,66659
16120	142,86981	-39,32196	142,86981	-39,97731
16140	142,86981	-40,63268	142,86981	-40,63268
16160	142,86981	-41,28804	142,86981	-43,25412
16180	142,86981	-43,90949	134,35005	-49,80771
16200	117,31046	-57,01666	104,20312	-60,29343
16220	100,92628	-59,63808	102,237	-58,32736
16240	102,23701	-58,32736	102,237	-58,32736
16260	101,58164	-57,01665	102,237	-57,01664
16280	101,58164	-56,36129	101,58164	-56,36128
16300	101,58164	-56,36129	101,58164	-57,01664
16320	101,58164	-56,36129	101,58165	-57,01665
16340	101,58165	-57,67201	101,58165	-58,32737
16360	102,23701	-58,98273	102,23701	-59,63809
16380	102,237	-59,63809	102,237	-59,63808
16400	102,237	-59,63809	101,58162	-59,63808
16420	102,23698	-60,29345	102,23697	-60,94881
16440	102,23697	-61,60417	102,89234	-62,25953
16460	109,446	-62,25954	114,03359	-62,25954
16480	115,34432	-61,60419	114,68895	-60,94882
16500	115,34431	-60,29347	114,68895	-60,29346
16520	114,68895	-59,63811	114,68895	-60,29346
16540	114,03359	-60,29347	114,03359	-60,29346
16560	114,03358	-60,29347	114,03358	-60,94882
16580	114,03358	-61,60419	113,37822	-61,60419
16600	113,37822	-62,25955	114,03358	-62,25955
16620	114,03357	-62,25955	113,37822	-62,91491
16640	114,03613	-62,91491	114,03358	-63,57026
16660	114,03358	-63,57027	114,68894	-64,88099
16680	114,68894	-64,88099	114,68894	-64,88098
16700	114,68893	-64,88099	114,68893	-65,53634
16720	114,68893	-66,19171	114,68893	-66,1917
16740	114,68893	-66,19171	114,03357	-66,1917
16760	114,03357	-65,53635	114,03358	-65,53634
16780	114,03358	-65,53635	114,03358	-66,1917
16800	114,68894	-66,19171	114,68894	-66,1917
16820	114,68894	-66,19171	114,68894	-66,84706
16840	114,68894	-66,84707	114,68894	-66,1917
16860	114,68895	-66,84707	114,68895	-66,84707
16880	114,68895	-67,50243	114,68895	-66,84707
16900	114,03359	-67,50243	114,68895	-67,50242
16920	114,68895	-68,15779	114,03359	-68,15779
16940	114,03359	-68,1578	114,68895	-68,81315
16960	114,03359	-68,1578	114,03359	-68,81315
16980	114,03359	-68,81315	114,68896	-68,81315
17000	114,0336	-68,15779	114,0336	-68,81315
17020	114,0336	-68,81315	114,03361	-69,46851
17040	108,79068	-70,77923	104,85846	-72,08994
17060	105,51383	-72,08994	106,82456	-70,12385
17080	106,82457	-69,4685	106,82458	-69,46849
17100	106,82458	-68,81314	106,82458	-68,15777
17120	106,82458	-68,81314	106,16922	-68,81313
17140	106,16923	-68,15778	106,82459	-68,81313
17160	106,82459	-68,15778	106,82459	-68,81313
17180	106,82459	-69,46849	106,16924	-72,08993
17200	106,8246	-71,43458	106,16924	-70,77921
17220	106,8246	-70,77922	106,16924	-71,43457
17240	106,8246	-71,43458	106,82459	-70,77921
17260	106,82459	-70,77921	106,82458	-70,12384
17280	106,16922	-70,12385	106,82457	-70,77921
17300	106,82457	-70,77921	106,82456	-70,7792
17320	106,82457	-70,77921	106,82456	-70,7792
17340	107,47992	-70,12385	108,13528	-70,12384
17360	108,13528	-70,77921	108,13528	-70,7792
17380	108,13528	-70,12385	108,79064	-70,12385
17400	108,79064	-70,77922	109,44599	-71,43457
17420	109,44599	-70,77922	109,44599	-71,43457
17440	109,44599	-72,08993	110,10135	-72,74529
17460	109,44599	-72,7453	110,10134	-73,40066
17480	110,10134	-75,36674	110,10134	-76,0221
17500	115,34426	-74,71139	123,86405	-70,77922
17520	123,86408	-69,46851	120,58725	-67,50241
17540	119,27652	-64,88098	118,62115	-63,57025
17560	119,27651	-62,25954	119,27651	-60,94881
17580	119,27651	-60,94882	119,27651	-60,29345
17600	118,62115	-59,63809	119,27651	-59,63809
17620	119,27651	-59,63809	119,27651	-59,63809
17640	119,93187	-60,94882	119,93187	-61,60417
17660	119,93188	-60,29346	119,27652	-58,98273
17680	119,93188	-58,98273	119,27652	-57,67201
17700	119,93188	-57,01666	119,27652	-57,01664
17720	119,27652	-55,70593	119,27652	-55,05056
17740	118,62117	-54,39521	118,62116	-53,08448
17760	118,62117	-51,77377	118,62117	-51,1184
17780	117,96582	-49,15233	118,62118	-48,49695
17800	118,62117	-46,53088	118,62118	-45,22014
17820	119,27654	-44,56479	119,27653	-44,56478
17840	119,27653	-43,90942	119,27652	-43,90941
17860	119,27653	-44,56477	119,27653	-44,56476
17880	119,27653	-44,56477	119,27653	-45,22012
17900	119,9319	-45,22013	119,9319	-46,53085
17920	119,9319	-45,87549	119,9319	-46,53085
17940	119,9319	-45,87549	119,93191	-46,53085
17960	119,93191	-45,22014	119,27655	-43,90941
17980	119,93192	-43,25405	119,93192	-43,25405
18000	119,27656	-41,94333	119,93192	-43,25405
18020	119,27656	-42,5987	119,27656	-43,90941
18040	121,89803	-40,63262	133,69467	-34,73438
18060	142,86984	-28,18078	142,86988	-25,55932
18080	142,21453	-24,24861	142,21452	-21,62716
18100	141,55917	-20,31645	142,21453	-20,31644
18120	142,86988	-20,31645	142,86988	-19,66108
18140	142,86987	-19,66109	142,86987	-19,00572
18160	142,86986	-19,66109	143,52522	-20,31644
18180	143,52522	-20,31645	143,52522	-20,9718
18200	142,86986	-20,97181	143,52521	-20,9718
18220	144,18058	-20,97181	149,42352	-19,00572
18240	155,32185	-16,38428	154,6665	-15,72891
18260	154,6665	-16,38428	154,01113	-14,4182
18280	154,01113	-13,10748	154,01113	-13,76284
18300	154,01113	-13,10748	154,01113	-13,10748
18320	154,01112	-12,45213	154,66648	-13,10747
18340	154,01112	-12,45212	154,66648	-13,76284
18360	154,66648	-13,76285	154,66647	-13,76284
18380	154,66648	-13,10749	150,07892	-17,69501
18400	129,10713	-38,66653	98,96014	-60,94873
18420	55,05065	-76,67729	17,69486	-78,6433
18440	5,24297	-71,43435	5,243	-66,19147
18460	5,89836	-64,2254	5,24299	-62,91467
18480	5,243	-60,9486	5,243	-60,29324
18500	5,89835	-60,94861	5,89835	-60,29324
18520	5,89835	-60,94862	6,5537	-60,94861
18540	6,5537	-60,94862	7,20906	-61,60397
18560	7,20906	-61,60399	7,20905	-62,9147
18580	7,20905	-63,57007	7,86441	-64,88078
18600	7,86441	-65,53615	7,86441	-66,84687
18620	7,86441	-68,1576	6,55368	-68,81295
18640	-2,62143	-72,08975	-6,55364	-76,0219
18660	-5,89827	-77,98799	-5,89826	-79,95408
18680	-7,86434	-81,26481	-8,51969	-81,92017
18700	-9,83041	-82,57555	-10,48578	-83,23091
18720	-11,14113	-83,88629	-11,79648	-85,85236
18740	-11,79648	-87,81846	-12,45184	-89,78454
18760	-12,45184	-91,09527	-12,45184	-94,37207
18780	-12,45184	-96,33817	-11,79647	-98,95961
18800	-11,79646	-100,9257	-11,14111	-102,23641
18820	-10,48575	-104,2025	-9,83039	-106,16857
18840	-9,17503	-108,13466	-7,8643	-110,10073
18860	-7,20894	-112,06682	-6,55358	-114,68825
18880	-5,24286	-115,99898	-4,58751	-117,30969
18900	-4,58752	-117,96505	-3,93217	-118,62041
18920	-2,62145	-119,93113	-2,62146	-121,24184
18940	-1,31075	-122,55257	-0,6554	-123,20791
18960	-3,9999999998486E-5	-122,55256	0,6553	-124,51863
18980	1,31066	-123,86327	1,96602	-124,51862
19000	2,62137	-123,86327	3,27672	-124,51861
19020	3,93207	-124,51862	4,58742	-123,86324
19040	4,58741	-123,86324	4,5874	-123,86323
19060	5,24276	-123,20788	5,89812	-123,86323
19080	5,24275	-124,5186	6,55346	-125,17396
19100	16,38395	-127,79543	49,80752	-128,45083
19120	62,25945	-124,51868	64,22557	-122,5517
19140	63,57021	-120,58652	63,5702	-117,96508
19160	63,5702	-115,99901	63,57019	-115,34364
19180	63,5702	-113,37757	62,91484	-112,7222
19200	62,91484	-112,06685	63,5702	-114,03293
19220	63,57021	-114,03294	62,91486	-112,72221
19240	62,91486	-111,4115	63,57022	-111,41149
19260	63,57022	-110,75614	62,91486	-110,75613
19280	63,57023	-109,44542	62,91487	-108,79006
19300	62,91487	-108,1347	62,91487	-108,1347
19320	62,25951	-107,47934	62,25952	-106,16861
19340	62,25952	-106,16862	62,25952	-105,51325
19360	58,32733	-105,51325	55,70588	-105,51323
19380	55,70588	-104,85788	55,70588	-102,89179
19400	55,70589	-100,92572	55,70589	-100,27036
19420	55,70589	-99,615	55,70589	-98,95964
19440	55,05053	-98,95964	55,7059	-97,64892
19460	55,7059	-96,99356	55,7059	-98,95964
19480	55,7059	-98,30429	55,7059	-98,95964
19500	55,70591	-98,95965	55,70591	-98,30428
19520	55,70591	-98,95964	55,70591	-99,615
19540	55,70591	-98,95965	55,70591	-99,615
19560	55,70592	-100,27037	55,70592	-100,27037
19580	55,70592	-100,27037	55,70593	-100,27037
19600	55,70848	-100,27037	55,70593	-100,27037
19620	56,3613	-101,5811	56,36129	-101,58109
19640	56,3613	-102,23646	56,36129	-101,58109
19660	56,36129	-100,27038	56,36128	-100,92573
19680	55,70591	-101,58109	55,70591	-102,23644
19700	60,94882	-101,5811	85,85269	-96,33824
19720	106,82442	-89,78465	112,72277	-86,50785
19740	111,41206	-83,88641	110,10132	-80,60961
19760	110,10133	-79,2989	-41,9422	-78,64353
19780	110,75668	-78,64354	110,75668	-77,98817
19800	110,10131	-77,33281	110,75667	-77,33281
19820	110,75667	-77,33281	110,75666	-77,33281
19840	110,75666	-78,64353	111,41202	-79,29889
19860	111,41202	-79,2989	111,41201	-79,95425
19880	111,41201	-80,60962	111,41201	-80,60961
19900	111,41201	-80,60962	111,41201	-80,60961
19920	112,06737	-81,26498	112,06737	-81,26497
19940	112,06738	-81,26498	112,06737	-82,57569
19960	112,06737	-82,5757	111,41201	-82,57569
19980	112,06738	-81,92034	112,72274	-83,23106
20000	115,34421	-83,23107	119,27641	-83,88642
20020	121,24252	-83,88643	121,24253	-84,54178
20040	120,58717	-83,23107	121,24252	-83,88642
20060	121,24252	-83,88643	120,58717	-84,54178
20080	120,58717	-84,5418	120,58716	-85,19714
20100	121,24252	-85,19715	120,58716	-86,50786
20120	120,58717	-86,50788	121,24252	-86,50787
20140	120,58717	-87,16324	120,58717	-90,44003
20160	110,1013	-93,06146	94,37251	-96,33823
20180	85,85275	-98,95967	87,16348	-97,64894
20200	87,81884	-95,68287	87,81884	-95,0275
20220	87,16348	-95,02751	87,16348	-94,37215
20240	87,81884	-93,71679	87,16348	-93,71678
20260	87,16348	-93,71679	87,16349	-94,37215
20280	87,16349	-95,02752	87,16349	-95,0275
20300	87,16349	-95,02751	87,16349	-95,68287
20320	87,1635	-95,68288	87,16349	-95,02751
20340	87,1635	-96,33824	87,1635	-96,33823
20360	87,1635	-96,9936	87,81886	-96,99359
20380	87,1635	-97,64896	87,1635	-98,30431
20400	87,1635	-98,30432	87,16351	-98,30431
20420	87,16351	-98,30431	87,16351	-98,95967
20440	87,16351	-98,95968	87,1635	-98,95967
20460	87,81886	-98,95968	87,1635	-98,95967
20480	87,81885	-99,61504	87,16349	-99,61503
20500	87,81884	-98,95968	87,81884	-99,61503
20520	87,81884	-99,61504	87,81883	-99,61503
20540	87,16347	-98,95968	87,81883	-99,61503
20560	87,81882	-98,95968	87,81882	-98,95968
20580	87,81883	-98,95968	88,47418	-98,95968
20600	88,47418	-98,95968	88,47418	-98,95967
20620	88,47417	-98,95969	88,47417	-99,61504
20640	88,47417	-99,61504	89,12953	-99,61504
20660	89,12953	-99,61504	88,47416	-100,2704
20680	93,0617	-100,27042	107,47977	-97,64898
20700	116,65493	-93,71683	116,65494	-91,09538
20720	115,9996	-89,1293	115,99959	-87,81858
20740	115,99959	-85,8525	115,34422	-85,8525
20760	115,34422	-84,54178	115,34422	-84,54178
20780	115,34422	-84,54179	114,68885	-83,88642
20800	114,68885	-83,88643	114,68884	-83,88642
20820	114,68885	-84,54179	114,68885	-83,88642
20840	114,68885	-84,54179	114,68885	-83,88642
20860	114,68885	-84,54179	114,68885	-84,54179
20880	114,03349	-84,54179	114,68884	-84,54179
20900	114,68885	-84,5418	114,03349	-84,54179
20920	114,03349	-85,19716	114,03349	-85,19716
20940	114,0335	-85,85253	114,03349	-86,50788
20960	114,0335	-86,50789	114,0335	-87,16325
20980	113,37814	-87,81861	113,37814	-87,81861
21000	112,72278	-89,12934	112,72278	-89,78469
21020	112,72278	-90,44007	112,72278	-91,09542
21040	112,72278	-91,09543	112,06743	-90,44006
21060	112,06743	-90,44007	112,06743	-91,09543
21080	112,06743	-91,09544	112,06744	-91,09544
21100	112,06745	-91,09545	112,06744	-91,09544
21120	112,06745	-91,09545	112,06745	-91,75081
21140	112,06745	-92,40618	114,03355	-92,40618
21160	124,51944	-89,78475	133,03924	-87,81867
21180	135,66073	-86,50796	134,35001	-84,54187
21200	133,69464	-83,23116	133,69464	-81,92043
21220	133,03928	-81,26508	133,03928	-81,92044
21240	133,03928	-81,92045	133,03927	-83,23117
21260	129,10708	-89,12941	108,79067	-104,20266
21280	74,05624	-119,27588	39,32189	-130,41692
21300	13,1073	-132,38296	10,48582	-126,48471
21320	12,45191	-121,8972	12,45189	-117,96502
21340	11,79652	-114,03287	11,14116	-110,75606
21360	10,48579	-108,13463	10,48578	-106,8239
21380	10,48577	-106,16855	10,48577	-106,8239
21400	11,14112	-106,16854	10,48575	-106,16853
21420	11,14111	-108,78997	12,45182	-112,06676
21440	12,45181	-112,72212	12,45179	-116,65426
21460	13,76249	-129,1061	15,72854	-140,9026
21480	15,07315	-138,9365	15,07313	-145,49008
21500	15,72843	-148,7669	14,41769	-146,8008
21520	13,10697	-145,49008	13,10696	-145,49007
21540	11,79624	-144,8347	11,79624	-143,52398
21560	11,79625	-143,52399	11,79626	-144,17934
21580	11,79627	-143,52399	12,45164	-144,17934
21600	11,79629	-144,17935	12,45166	-144,83471
21620	15,07313	-147,45617	23,5929	-150,07763
21640	26,21437	-150,07765	26,21438	-148,76692
21660	26,21438	-146,80085	26,21439	-146,14548
21680	26,21439	-145,49013	26,2144	-144,83477
21700	25,55904	-145,49013	25,55904	-145,49013
21720	25,55905	-144,83478	26,21442	-144,83477
21740	25,55906	-144,17942	26,21443	-144,17941
21760	25,55907	-144,17942	25,55907	-144,17942
21780	26,21444	-143,52406	26,21444	-143,52406
21800	26,21445	-144,17943	26,21445	-143,52406
21820	26,21445	-143,52407	26,86982	-144,83479
21840	26,86983	-145,49016	34,07884	-146,14554
21860	49,80759	-146,80092	57,01661	-146,80093
21880	58,32735	-145,49022	57,67198	-144,17949
21900	57,67198	-142,86878	58,32735	-142,21342
21920	58,32735	-141,55807	58,32736	-142,21342
21940	58,32736	-141,55807	58,32736	-140,90271
21960	58,32737	-140,90272	57,67201	-140,24735
21980	57,67201	-139,592	58,32737	-140,24735
22000	57,67202	-138,93664	57,67202	-138,93663
22020	57,67202	-138,28128	57,67202	-138,28127
22040	57,67203	-137,62592	57,67203	-138,28127
22060	57,67204	-138,28128	57,67203	-137,62591
22080	57,67204	-136,3152	57,67204	-136,97056
22100	57,67204	-136,3152	57,67205	-136,97055
22120	-41,94267	-136,97056	58,32741	-136,97056
22140	58,32741	-136,3152	58,98277	-137,62592
22160	53,08449	-142,21343	30,80209	-147,45626
22180	20,97157	-150,07768	20,31618	19,00521
22200	20,97154	-145,49015	20,97153	-144,17942
22220	21,62689	-142,86871	21,62688	-142,21334
22240	21,62689	-142,21336	21,62688	-142,21335
22260	22,28224	-141,558	22,28224	-141,558
22280	22,28224	-140,90265	22,93761	-140,90265
22300	23,59297	-140,90266	24,24834	-141,55802
22320	24,24834	-141,55803	24,24834	-142,21338
22340	24,24834	-142,21339	24,24834	-142,86875
22360	24,24833	-143,52411	24,24833	-144,83483
22380	24,24833	-145,4902	31,45737	-144,1795
22400	67,50245	-137,62595	94,37245	-129,10629
22420	103,54762	-120,58661	100,9262	-115,34372
22440	98,30475	-108,79012	98,30474	-102,89186
22460	97,64938	-97,64899	96,99401	-95,02754
22480	96,99401	-94,37219	96,33864	-93,71682
22500	96,33863	-93,71683	96,33863	-93,06146
22520	96,33862	-93,71683	96,33863	-93,71684
22540	96,33863	-94,3722	96,33863	-95,02757
22560	96,33863	-95,02757	96,33863	-95,68292
22580	96,99399	-96,3383	96,99399	-97,64901
22600	96,994	-96,99366	96,994	-98,95974
22620	96,994	-98,95975	96,99399	-99,6151
22640	96,994	-100,27047	96,99399	-101,58118
22660	97,64935	-102,23654	96,99399	-102,23654
22680	96,99399	-103,54726	97,64935	-104,20262
22700	96,99399	-104,20262	96,99399	-104,85797
22720	97,64936	-105,51334	97,64936	-106,16869
22740	97,64936	-106,82406	97,64936	-108,13478
22760	102,23692	-108,13479	110,10135	-108,79016
22780	112,72281	-107,47945	112,72282	-108,1348
22800	112,72282	-106,82408	112,72282	-106,82408
22820	112,72282	-107,47945	112,72282	-107,47944
22840	112,72282	-107,47945	112,72282	-108,79016
22860	112,72283	-108,79016	112,06747	-110,10088
22880	112,72282	-111,41161	112,72283	-112,06696
22900	112,72283	-112,06696	112,72283	-112,06696
22920	113,37818	-112,06696	113,37817	-112,06695
22940	113,37817	-112,06696	113,37817	-112,06695
22960	113,37817	-110,75623	113,37816	-111,41158
22980	114,03352	-112,06695	114,03351	-111,41158
23000	114,03351	-111,41158	114,0335	-111,41158
23020	114,03351	-112,06695	114,68886	-112,06694
23040	123,20865	-110,75623	133,69454	-106,82406
23060	138,28213	-105,51335	138,28214	-104,85798
23080	138,28214	-103,54727	138,28213	-103,54727
23100	138,28213	-102,89191	137,62677	-102,89191
23120	138,28213	-102,89191	138,28212	-103,54727
23140	138,93748	-103,54728	138,93747	-103,54727
23160	138,93747	-103,54728	138,93747	-104,20263
23180	138,93747	-103,54728	138,93747	-102,23655
23200	138,2821	-102,23656	138,93746	-101,58119
23220	138,2821	-100,27048	138,2821	-100,27047
23240	138,28209	-99,61512	138,2821	-98,95975
23260	138,28209	-98,30439	138,2821	-98,30439
23280	138,28209	-99,61512	138,28209	-98,95975
23300	138,28209	-98,95976	138,28209	-98,95975
23320	138,28209	-99,61512	137,62673	-99,61511
23340	137,62673	-98,95976	137,62673	-99,61511
23360	137,62673	-98,95976	137,62673	-99,61511
23380	136,97137	-99,61512	137,62673	-100,27048
23400	137,62673	-100,27048	136,97137	-100,27048
23420	136,31602	-100,27048	137,62674	-100,92584
23440	137,62674	-101,58121	137,62674	-101,5812
23460	136,97138	-101,58019	135,00528	-101,5812
23480	130,41772	-102,89192	131,07308	-104,20263
23500	131,07308	-102,23656	130,41772	-101,58119
23520	130,41772	-100,92584	130,41772	-100,92583
23540	130,41773	-100,92584	129,76237	-100,92584
23560	130,41774	-101,5812	129,76237	-101,5812
23580	129,76237	-101,5812	129,76238	-101,5812
23600	129,76238	-101,5812	129,76238	-101,5812
23620	129,76238	-101,5812	129,76238	-101,5812
23640	129,76239	-101,5812	129,76238	-102,23656
23660	129,76239	-102,23656	129,76239	-103,54728
23680	129,76239	-104,20264	129,76239	-104,20263
23700	129,76239	-104,20264	129,76239	-104,20264
23720	129,76238	-104,20264	129,76237	-104,20264
23740	130,41773	-104,20264	130,41772	-105,51335
23760	125,17478	-110,75623	110,75669	-114,033
23780	103,54764	-114,03299	104,20301	-112,0669
23800	105,51373	-111,41155	105,51372	-110,10082
23820	104,85836	-108,79011	105,51371	-109,44546
23840	105,51371	-109,44547	105,51371	-109,44546
23860	105,51371	-108,79011	105,5137	-109,44546
23880	106,16906	-108,79011	106,16905	-108,7901
23900	105,51369	-109,44547	106,16905	-110,10083
23920	106,16905	-110,10083	106,16905	-111,41155
23940	106,82441	-110,75619	106,82441	-112,06691
23960	106,82441	-112,06692	106,16904	-112,72227
23980	106,82441	-112,72228	106,82441	-112,72227
24000	106,8244	-113,37764	106,8244	-114,68835
24020	108,79049	-114,68837	122,55323	-111,41158
24040	135,66059	-105,51334	137,6267	-101,58117
24060	135,66063	-99,61509	135,00526	-98,30437
24080	135,00526	-96,33829	-32,11155	-96,99365
24100	135,00525	-96,3383	135,00525	-96,33829
24120	135,00525	-96,3383	135,00524	-96,99365
24140	135,00524	-96,99367	135,00524	-97,64902
24160	135,00524	-98,95975	135,00524	-98,30438
24180	135,00524	-98,95975	135,00524	-98,95975
24200	135,00524	-99,61512	135,00524	-100,27046
24220	135,00524	-100,27048	135,00524	-100,27047
24240	134,34988	-100,27047	134,34988	-100,27047
24260	135,00524	-100,27048	133,69452	-100,27047
24280	134,34988	-100,27047	134,34988	-100,92583
24300	133,69452	-100,27047	134,34988	-100,92582
24320	133,69452	-100,27047	133,69452	-100,27046
24340	136,31599	-98,95976	148,76801	-93,06151
24360	158,59856	-87,81863	160,5647	-85,19717
24380	159,90935	-83,2311	159,25398	-80,60965
24400	158,59862	-78,64357	158,59861	-79,29893
24420	158,59862	-79,29894	157,94326	-78,64357
24440	157,94326	-77,98823	157,94326	-78,64358
24460	157,94326	-78,64358	157,94326	-79,29894
24480	157,94327	-79,29895	157,2879	-79,29894
24500	157,28791	-78,64359	157,28791	-79,29895
24520	157,28792	-79,95431	157,28791	-80,60967
24540	157,28791	-81,26504	157,28792	-81,26503
24560	163,8416	-79,95432	171,70603	-77,33287
24580	174,98289	-76,67751	174,32753	-75,36678
24600	174,32751	-74,71143	174,3275	-74,71142
24620	173,67214	-74,05607	174,32749	-74,05606
24640	173,67212	-73,40071	174,32748	-73,4007
24660	173,67212	-72,74534	173,67212	-72,08998
24680	173,67211	-72,08999	173,67211	-72,08997
24700	173,67211	-71,43462	173,67211	-71,43462
24720	173,67211	-71,43462	173,01675	-71,43461
24740	173,01675	-70,1239	173,01675	-70,77925
24760	173,01675	-70,77926	173,67211	-71,43461
24780	174,32747	-71,43462	177,60432	-70,77925
24800	11,14289	-69,46853	176,94897	-69,46852
24820	177,60433	-69,46853	177,60433	-69,46852
24840	177,60433	-68,81317	177,60434	-68,81316
24860	177,60433	-68,81317	176,94897	-68,81316
24880	177,60434	-68,15781	176,94898	-68,81316
24900	177,60434	-68,15781	176,94898	-68,1578
24920	176,94898	-67,50244	176,94897	-68,1578
24940	176,94898	-68,15781	177,60434	-68,81315
24960	176,94898	-68,15781	177,60434	-69,46852
24980	176,94898	-68,81317	177,60434	-68,1578
25000	177,60434	-68,81317	177,60434	-68,81316
25020	177,60434	-68,1578	177,60435	-68,81316
25040	177,60435	-68,81316	177,60435	-68,81316
25060	177,60435	-68,1578	177,60435	-69,46851
25080	177,60435	-69,46853	176,94899	-70,12388
25100	177,60435	-70,12388	177,60436	-70,77924
25120	176,949	-71,43461	174,3275	-72,08996
25140	173,01677	-71,4346	171,70605	-72,08996
25160	173,01677	-70,77924	172,36141	-69,46851
25180	172,36141	-69,46852	172,36141	-69,46851
25200	172,36142	-68,81316	173,01678	-69,46851
25220	173,01678	-70,12389	173,01678	-70,12388
25240	173,01678	-70,12389	173,01679	-69,46852
25260	173,01679	-70,12389	173,01679	-68,81316
25280	172,36143	-68,15781	172,36143	-67,50244
25300	172,36143	-66,84709	172,36144	-67,50244
25320	172,36144	-67,50245	161,22019	-74,7114
25340	136,97153	-91,75075	107,47995	-106,16861
25360	76,67772	-108,78998	45,87554	-104,20237
25380	21,62704	-95,68263	14,41806	-84,5415
25400	14,41809	-75,36646	13,76273	-69,46821
25420	12,45202	-65,53606	11,1413	-63,56998
25440	11,1413	-62,91463	11,79665	-62,91462
25460	11,14129	-62,91463	11,79664	-62,91462
25480	11,79663	-62,25927	11,14126	-62,91463
25500	11,7966	-64,22536	12,45196	-65,53608
25520	13,10732	-66,84681	13,76268	-66,84681
25540	14,41804	-69,46826	15,07339	-71,43434
25560	15,72875	-73,40043	18,3502	-76,02188
25580	25,55921	-79,95407	28,83602	-81,92015
25600	28,83602	-83,23088	28,83602	-83,23088
25620	28,83602	-82,57553	28,83602	-83,88624
25640	28,83602	-85,19697	29,49138	-86,50769
25660	30,14674	-87,81842	30,14673	-89,12913
25680	30,8021	-90,43986	30,8021	-91,09522
25700	31,45746	-92,40595	31,45746	-93,0613
25720	32,11282	-94,37203	32,76818	-96,33811
25740	33,42354	-97,64884	33,42353	-98,30419
25760	38,66644	-99,61494	59,63812	-101,58106
25780	76,02227	-101,5811	80,60984	-103,54718
25800	80,60984	-104,20255	80,60984	-104,20254
25820	80,60984	-104,20255	81,2652	-104,85791
25840	81,2652	-106,16864	81,2652	-106,16864
25860	81,92056	-105,51329	81,92056	-106,824
25880	82,57592	-107,47937	83,23128	-109,44545
25900	83,23129	-110,10082	83,88664	-111,41153
25920	83,88665	-113,37763	83,88664	-114,68834
25940	84,54201	-117,30979	85,19737	-119,27587
25960	80,60982	-121,89731	77,98835	-122,55266
25980	78,64371	-124,51874	79,29907	-124,51874
26000	79,95444	-125,17411	79,95444	-126,48482
26020	79,95444	-126,48483	80,60979	-127,79554
26040	79,95444	-128,45091	80,6098	-129,76163
26060	81,26516	-130,417	81,26516	-131,72772
26080	81,92053	-131,72772	81,26517	-131,72771
26100	81,26517	-133,03845	81,92054	-134,34916
26120	81,92054	-135,00453	81,92054	-136,31524
26140	81,92054	-137,62597	82,57591	-138,28133
26160	82,57591	-138,93669	82,57591	-140,24741
26180	83,23127	-141,55814	83,88664	-142,21349
26200	83,88664	-142,21349	83,88664	-141,55813
26220	84,542	-141,55813	84,542	-142,21349
26240	84,54199	-142,21349	84,54198	-142,86884
26260	85,19734	-144,17957	85,19734	-144,83493
26280	83,8866	-145,49029	73,40075	-148,76706
26300	65,53636	-150,07777	60,94879	-151,38847
26320	60,29342	-151,38848	60,94877	-150,7331
26340	60,94877	-150,73311	60,2934	-150,73311
26360	60,29341	-150,73312	60,94876	-152,69919
26380	60,94876	-156,63136	61,60411	-157,28671
26400	60,94874	-157,94207	61,6041	-159,25278
26420	60,94873	-159,90814	60,94873	-160,56349
26440	61,60409	-161,21886	61,60409	-161,87421
26460	61,60408	-162,52957	61,60408	-163,18493
26480	59,638	-166,46173	47,18606	-171,70458
26500	39,32167	-172,35993	39,97704	-171,70456
26520	42,59849	-169,73849	43,25385	-169,73849
26540	43,25384	-168,42778	42,59848	-167,77241
26560	43,25385	-168,42778	43,25384	-167,77242
26580	43,25385	-169,08315	43,90921	-169,08314
26600	43,25385	-168,42779	43,25384	-168,42778
26620	43,9092	-169,08315	43,9092	-168,42778
26640	43,9092	-167,11707	43,9092	-167,77242
26660	43,25384	-167,11707	43,9092	-167,77242
26680	43,9092	-167,11707	43,25385	-168,42779
26700	50,46286	-165,15101	72,08994	-159,2528
26720	83,23116	-153,35457	84,54192	-148,11168
26740	83,88657	-144,17952	82,57584	-138,93663
26760	81,92048	-133,69375	81,92047	-131,72766
26780	81,92047	-130,41695	81,26511	-128,45086
26800	81,92047	-128,45087	81,2651	-127,14014
26820	81,2651	-126,48479	80,60974	-127,14014
26840	81,26511	-126,48479	81,2651	-127,14015
26860	81,26511	-127,14016	81,26511	-127,14015
26880	80,60975	-127,14015	81,26511	-127,79551
26900	81,26511	-129,10624	81,26511	-129,7616
26920	87,81876	-129,10626	102,23683	-127,79555
26940	108,13514	-126,48484	107,47979	-126,48483
26960	107,4798	-127,1402	107,47979	-127,1402
26980	107,4798	-128,45093	108,13516	-129,10628
27000	108,79052	-130,41701	108,79052	-131,72773
27020	108,79052	-133,03846	109,44587	-134,34917
27040	109,44587	-135,00454	110,10122	-135,00453
27060	109,44586	-135,00454	109,44585	-135,65989
27080	109,44586	-135,65989	110,10121	-136,31525
27100	110,75657	-136,31526	112,72266	-136,97062
27120	125,17467	-132,38311	137,62667	-127,79559
27140	139,5928	-126,48487	137,62671	-125,8295
27160	136,31597	-124,51879	137,62669	-123,86342
27180	137,62669	-124,51879	137,62668	-124,51879
27200	137,62668	-122,55272	137,62668	-123,86343
27220	137,62667	-123,86344	137,62668	-124,51879
27240	137,62668	-125,17416	137,62667	-125,82952
27260	137,62667	-126,48488	137,62667	-126,48488
27280	137,62667	-125,82952	137,62667	-127,7956
27300	137,62667	-128,45096	137,62667	-129,10632
27320	136,97131	-129,10632	136,97131	-129,10631
27340	136,97131	-128,45097	136,31595	-129,76167
27360	136,9713	-130,41704	136,31595	-131,72775
27380	136,31595	-132,38312	136,31595	-133,03848
27400	135,66059	-133,03848	135,66059	-133,69384
27420	135,00523	-133,69384	135,66059	-133,69383
27440	135,00523	-133,03848	135,66059	-133,03847
27460	135,00523	-133,03848	135,00523	-133,69383
27480	135,00524	-134,34919	135,00524	-134,34919
27500	141,55893	-133,03848	155,3217	-128,45096
27520	165,15226	-123,86343	168,42911	-121,24198
27540	166,46303	-118,62055	165,80766	-117,30982
27560	166,46302	-116,65447	166,46303	-116,65446
27580	166,46303	-115,99911	166,46303	-116,65446
27600	166,46303	-115,34375	166,46303	-115,34374
27620	166,46303	-114,68839	166,46303	-114,68839
27640	166,46304	-114,68839	166,46303	-114,03303
27660	166,46303	-114,03304	166,46303	-114,68839
27680	166,46304	-114,03304	166,46304	-114,03304
27700	166,46304	-113,37768	167,1184	-113,37767
27720	167,1184	-114,03304	167,11841	-114,03304
27740	167,1184	-114,03304	168,42913	-113,37768
27760	172,36136	-110,75624	173,6721	-109,44552
27780	172,36138	-108,79016	171,70602	-108,1348
27800	171,70602	-106,82408	171,70601	-105,51336
27820	171,70602	-106,16873	171,70602	-106,16872
27840	171,70602	-106,16873	172,36138	-106,82408
27860	171,70602	-104,858	171,70602	-104,858
27880	171,70602	-104,858	171,70602	-103,54727
27900	171,70601	-102,89192	172,36136	-103,54727
27920	171,70601	-102,23656	171,70599	-102,23655
27940	171,70599	-102,89192	172,36135	-103,54727
27960	172,36134	-103,54728	171,70598	-103,54727
27980	172,36134	-103,54728	172,36134	-103,54727
28000	172,36133	-103,54728	172,36133	-103,54728
28020	172,36133	-102,89193	173,01669	-102,89192
28040	173,01669	-102,23656	173,01668	-102,23656
28060	172,36132	-101,58121	173,01668	-101,5812
28080	173,67204	-100,92585	173,01668	-100,92584
28100	173,67204	-100,92585	173,01667	-99,61512
28120	173,01667	-98,3044	173,67202	-98,3044
28140	173,67203	-98,30441	173,67202	-97,64904
28160	173,01667	-96,99369	173,67203	-96,99368
28180	171,05057	-101,58121	154,66637	-118,62056
28200	128,45157	-143,52422	98,96005	-162,52959
28220	66,19173	-170,39383	40,63246	-171,04913
28240	34,07883	-163,18483	35,38956	-157,28658
28260	36,70027	-153,35444	35,38955	-152,04371
28280	36,04491	-151,38836	36,0449	-150,733
28300	36,04489	-150,07765	35,38954	-150,73301
28320	36,04489	-150,73301	36,04488	-152,04373
28340	36,04489	-152,6991	36,04488	-154,00982
28360	36,04488	-154,66519	36,04488	-155,97591
28380	36,04488	-157,28664	36,04487	-158,59736
28400	36,04488	-159,90809	36,70024	-161,2188
28420	36,70024	-161,87418	36,70024	-164,49561
28440	36,70024	-165,80634	36,70024	-167,77242
28460	37,35561	-169,08315	37,35561	-170,39386
28480	36,70025	-172,35995	29,49124	-174,32602
28500	28,83588	-175,63674	32,11269	-176,94746
28520	32,11269	-175,63675	31,45988	-174,98138
28540	31,45733	-174,98139	-41,94299	-175,63674
28560	32,1127	-174,98139	32,1127	-174,98138
28580	32,11271	-174,32603	32,76807	-174,98138
28600	32,76807	-174,98139	32,76808	-174,98139
28620	33,42344	-174,98139	33,42344	-174,98139
28640	33,42344	-173,67067	33,42345	-174,32603
28660	40,63245	-174,98141	64,88099	-171,70465
28680	84,54197	-167,77253	89,12957	-165,80645
28700	87,81886	-163,18501	87,81885	-161,21892
28720	87,16349	-159,25285	87,81884	-158,59748
28740	87,81884	-157,94212	87,81884	-157,94212
28760	87,81884	-157,28677	88,47419	-156,6314
28780	88,47418	-155,32069	88,47418	-155,32068
28800	88,47418	-154,66533	87,81881	-154,00996
28820	88,47417	-154,00996	88,47417	-154,00995
28840	89,12952	-154,66532	88,47416	-154,66532
28860	89,12953	-154,66532	89,12953	-155,32068
28880	89,78489	-155,97605	89,78489	-155,97604
28900	88,47416	-157,94213	77,98831	-160,56354
28920	69,46854	-161,87425	67,50243	-163,18496
28940	68,81316	-162,52961	69,46851	-161,87425
28960	68,81315	-161,21889	68,81315	-161,21888
28980	68,81315	-161,21889	68,81315	-161,87425
29000	69,46851	-162,52961	69,4685	-162,52961
29020	69,46851	-162,52962	69,4685	-162,52961
29040	69,46851	-161,87426	69,4685	-162,52961
29060	69,4685	-161,87426	69,4685	-162,52962
29080	69,4685	-162,52963	70,12386	-163,18498
29100	70,12386	-161,87427	70,12386	-163,18498
29120	72,08994	-163,84035	90,4402	-162,52967
29140	115,99951	-156,63146	127,79615	-148,76713
29160	127,14083	-145,49033	124,51938	-141,55816
29180	124,51937	-139,59209	124,51937	-139,59209
29200	125,17473	-139,5921	125,17473	-138,93673
29220	125,17472	-138,93674	125,17472	-138,93673
29240	125,17473	-138,93674	125,17472	-138,93674
29260	125,17472	-138,28139	125,17472	-138,28138
29280	125,17473	-138,28139	125,17472	-138,93674
29300	125,17473	-139,59211	125,17473	-138,93674
29320	125,17473	-138,93675	125,83009	-138,93675
29340	125,17473	-139,59211	125,8301	-140,90283
29360	125,17474	-140,90284	125,83009	-140,90283
29380	125,8301	-140,24748	125,8301	-140,90283
29400	125,17474	-141,5582	121,89791	-143,52427
29420	110,75667	-146,80105	102,2369	-148,76711
29440	100,92616	-150,07783	102,23689	-149,42247
29460	102,23689	-148,76712	102,23689	-149,42247
29480	102,23689	-149,42248	102,23689	-150,07784
29500	102,23689	-150,07785	102,89225	-151,38856
29520	102,2369	-151,38857	102,89225	-152,04392
29540	102,89225	-151,38857	103,5476	-152,69928
29560	103,5476	-152,69929	103,54759	-153,35464
29580	103,54758	-154,01001	103,54759	-154,66536
29600	103,54758	-155,32073	103,54758	-155,97608
29620	103,54758	-156,63145	103,54758	-157,94217
29640	104,20293	-158,59754	104,20293	-159,25289
29660	104,20293	-159,2529	104,20293	-160,56361
29680	104,85829	-160,56363	104,85829	-161,21898
29700	104,85829	-161,21899	104,20292	-161,87434
29720	104,85828	-161,87435	104,85828	-163,18507
29740	104,20292	-163,18507	104,85828	-163,18507
29760	104,85828	-163,84044	110,75656	-163,18508
29780	123,20857	-159,25295	130,41762	-157,94222
29800	131,72837	-157,28687	131,07301	-155,97614
29820	131,073	-155,32079	131,073	-154,01007
29840	131,72836	-154,66544	131,07299	-153,3547
29860	131,07299	-154,01007	131,07299	-154,01007
29880	131,07299	-154,01008	131,72835	-154,01007
29900	131,07299	-153,35472	131,07298	-153,35471
29920	131,07298	-153,35472	131,07298	-152,69935
29940	129,76226	-154,01008	130,41762	-154,01008
29960	130,41762	-154,01008	131,07298	-152,69936
29980	130,41762	-154,01008	130,41762	-154,66544
30000	130,41761	-155,32081	130,41763	-155,3208
30020	130,41762	-155,32081	129,76226	-156,63153
30040	130,41763	-155,32081	130,41763	-155,97617
30060	130,41762	-155,32081	130,41763	-155,97617
30080	130,41763	-155,97618	130,41763	-155,32081
30100	130,41763	-155,97618	129,76227	-155,97617
30120	130,41764	-155,97618	129,76227	-155,97617
30140	130,41763	-155,32082	130,41763	-155,32082
30160	130,41764	-156,63155	130,41764	-157,28691
30180	129,76228	-157,28691	129,76228	-157,28691
30200	129,10692	-156,63156	129,10692	-157,28691
30220	129,10691	-155,9762	-38,00989	-155,32083
30240	128,45156	-155,32084	127,7962	-155,32083
30260	128,45156	-155,32084	128,45155	-154,66547
30280	128,45156	-154,66548	127,7962	-154,66547
30300	128,45156	-155,32085	128,45156	-155,9762
30320	128,45156	-155,9762	127,7962	-155,9762
30340	128,45157	-155,9762	128,45156	-156,63156
30360	129,10691	-156,63157	129,1069	-156,63155
30380	128,45154	-155,32084	129,10689	-155,32083
30400	129,10689	-155,9762	129,76224	-156,63155
30420	-38,00992	-155,32084	129,10687	-154,66547
30440	129,76223	-154,01012	129,76223	-155,32084
30460	130,41759	-155,32084	131,07295	-157,94228
30480	131,72831	-159,90837	131,72831	-159,90836
30500	131,72831	-159,25301	131,7283	-159,90836
30520	132,38367	-159,25302	132,38366	-159,90837
30540	132,38366	-160,56374	133,03902	-161,87445
30560	125,17464	-162,5298	110,75655	-161,21903
30580	102,23678	-156,6315	101,58141	-152,69932
30600	101,5814	-148,76717	100,92604	-147,45644
30620	100,92603	-146,14573	100,92603	-145,49036
30640	100,92602	-146,14574	100,92601	-145,49037
30660	100,92601	-145,49037	100,92601	-145,49037
30680	100,926	-145,49037	100,926	-144,83501
30700	100,926	-145,49037	100,27064	-146,14573
30720	100,926	-147,45646	100,27064	-147,45645
30740	99,61528	-147,45646	100,27064	-148,11181
30760	100,27064	-148,76719	100,27065	-150,0779
30780	99,61529	-150,07791	98,95993	-150,0779
30800	98,30457	-150,73327	98,30457	-151,38863
30820	98,30458	-151,38864	98,30458	-153,35472
30840	98,30458	-152,69937	98,30458	-152,69937
30860	97,64923	-153,35474	97,64923	-154,66546
30880	98,3046	-155,32084	98,30459	-156,63155
30900	97,64924	-159,253	98,30461	-160,56373
30920	98,30462	-162,52983	97,64926	-162,52982
30940	96,9939	-163,18519	96,9939	-164,49591
30960	103,54757	-165,15129	114,03345	-165,80666
30980	118,62102	-174,32637	120,58713	-205,78369
31000	125,17474	-270,00908	131,72847	-291,63607
31020	134,35002	-291,63618	131,72859	-291,63616
31040	127,14102	-291,6361	122,55342	-272,63059
31060	119,27653	-242,48398	116,65503	-216,92488
31080	115,34427	-196,60869	114,03351	-181,53537
31100	112,06741	-170,39423	111,41203	-163,18524
31120	110,10131	-157,287	109,44594	-151,38874
31140	108,79058	-148,76729	108,79057	-146,14584
31160	108,13521	-143,5244	107,47985	-141,55831
31180	107,47985	-139,59223	106,16913	-138,2815
31200	106,16913	-136,97079	106,16914	-136,31542
31220	105,51378	-135,66007	105,51378	-136,31542
31240	104,85843	-136,31543	105,51379	-138,28151
31260	105,51379	-139,59224	106,16914	-140,90296
31280	106,16914	-140,24761	106,16913	-138,93689
31300	106,16913	-138,28154	106,16912	-140,90298
31320	105,51376	-141,55836	105,51376	-140,90299
31340	105,51376	-140,24765	105,51376	-140,24764
31360	105,51376	-139,5923	105,51375	-140,90302
31380	105,51376	-140,90303	106,16912	-141,55838
31400	106,16912	-141,5584	105,51376	-141,55839
31420	106,16913	-141,5584	106,16913	-140,90304
31440	106,16914	-141,55841	106,16913	-142,21377
31460	106,8245	-142,21377	106,8245	-142,86914
31480	106,8245	-142,86914	106,82451	-144,17986
31500	106,82451	-144,83524	106,16915	-145,4906
31520	106,16915	-146,80134	106,82452	-149,42278
31540	106,16916	-150,73351	106,82452	-152,69959
31560	106,82452	-152,6996	107,47988	-152,69959
31580	107,47988	-154,01032	107,47988	-154,01032
31600	108,13525	-152,69961	108,13524	-152,04425
31620	107,47988	-151,38889	108,7906	-150,73353
31640	108,13525	-148,76746	107,47989	-148,76745
31660	107,47989	-148,76747	106,82453	-148,76746
31680	106,16918	-148,76746	105,51382	-149,42282
31700	104,85846	-150,07819	104,85847	-150,07818
31720	104,20311	-150,73355	104,20311	-150,73354
31740	104,20311	-152,04427	104,85847	-152,69962
31760	104,85848	-152,69962	104,85847	-152,04426
31780	104,85847	-151,38891	105,51383	-150,73354
31800	105,51383	-150,07819	105,51382	-148,76748
31820	105,51381	-144,83532	104,85845	-127,14055
31840	100,27092	-108,79044	96,33876	-95,02784
31860	94,37268	-87,81887	93,71731	-87,81886
31880	94,37268	-87,81888	93,06196	-88,47422
31900	93,06197	-90,44031	92,40662	-91,75102
31920	91,0959	-89,78495	89,12982	-88,47422
31940	87,8191	-85,85278	86,50838	-81,92061
31960	85,19765	-78,64381	84,54228	-74,71165
31980	83,23156	-72,09021	83,23156	-70,77949
32000	83,23157	-68,81341	83,23157	-67,50269
32020	83,23159	-66,84735	83,88696	-67,50271
32040	83,88697	-67,50272	84,54233	-68,81344
32060	85,19771	-70,12417	86,50844	-72,09026
32080	87,81918	-74,71171	89,12991	-77,98851
32100	91,09601	-79,95461	92,40675	-82,57605
32120	94,37284	-84,54214	96,33893	-85,85286
32140	98,30501	-87,16359	99,61573	-87,81895
32160	100,92646	-87,1636	102,23718	-87,81895
32180	102,23718	-89,12968	109,44621	-89,12969
32200	121,89822	-87,819	127,79655	-86,50827
32220	129,1073	-85,85292	129,1073	-85,19755
32240	129,76266	-84,5422	130,41802	-83,88684
32260	131,07337	-84,5422	131,07337	-84,5422
32280	131,07338	-85,19756	131,72874	-85,85291
32300	132,3841	-86,50828	132,3841	-87,819
32320	132,3841	-88,47436	132,38409	-88,47435
32340	132,38409	-89,12971	131,07336	-87,81898
32360	129,76264	-85,8529	129,10728	-85,19753
32380	128,45192	-83,23145	126,48583	-81,26536
32400	126,48583	-80,61001	126,48582	-77,98856
32420	125,1751	-75,36713	125,1751	-74,0564
32440	125,1751	-72,09032	125,1751	-70,77959
32460	124,51973	-70,12424	124,51974	-68,81351
32480	123,86438	-68,81351	123,86438	-68,81351
32500	123,20902	-69,46888	123,20902	-71,43496
32520	123,20903	-72,09034	123,20904	-74,71178
32540	123,8644	-76,02251	123,8644	-77,33322
32560	123,8644	-78,64396	123,20904	-79,29931
32580	123,20905	-79,29932	123,20905	-79,29932
32600	123,20905	-79,9547	123,86441	-80,61005
32620	123,86441	-79,95471	123,86442	-80,61007
32640	123,86443	-81,26544	124,51979	-81,26543
32660	123,86443	-80,61007	123,86443	-79,95471
32680	123,20907	-79,29935	123,20907	-78,64399
32700	122,5537	-79,29936	123,20906	-81,26544
32720	122,5537	-82,57615	123,86442	-85,19759
32740	123,86442	-86,50831	122,55369	-89,12974
32760	106,82488	-92,40651	72,74584	-91,75106
32780	38,66686	-84,542	18,35056	-76,02225
32800	7,86473	-67,50254	4,58792	-59,63819
32820	4,58794	-53,73996	4,58793	-49,80779
32840	4,58794	-46,53098	4,58793	-45,22024
32860	3,93256	-43,90951	5,24326	-45,87557
32880	5,8986	-47,18629	6,55394	-49,80771
32900	7,86463	-51,77378	8,51996	-53,08448
32920	9,17531	-57,01665	11,14137	-61,60415
32940	12,45208	-64,88095	14,41815	-69,46847
32960	16,38423	-75,36671	2,6216	-75,36666
32980	-14,41787	-72,74517	-19,00542	-74,05587
33000	-17,03932	-74,71123	-15,7286	-75,36658
33020	-17,03932	-74,71123	-17,69468	-76,02194
33040	-18,35004	-75,36658	-19,0054	-74,71121
33060	-19,66076	-73,40049	-20,31612	-74,05585
33080	-20,31612	-72,74513	-20,97147	-71,4344
33100	-20,97148	-70,77905	-20,97148	-69,46832
33120	-20,97147	-68,1576	-20,31612	-66,84687
33140	-19,0054	-64,88079	-19,0054	-64,22542
33160	-17,69468	-63,57006	-17,03932	-62,25933
33180	-15,7286	-61,60397	-14,41788	-60,9486
33200	-13,76252	-60,29324	-7,86426	-59,63789
33220	13,76275	-55,70575	24,2486	-53,73967
33240	24,90397	-51,7736	24,90397	-52,42895
33260	24,90397	-50,46287	24,90396	-49,8075
33280	24,24861	-49,15215	23,59324	-50,46286
33300	23,59325	-51,11823	23,59324	-51,77358
33320	23,59324	-50,46287	22,93788	-50,46286
33340	22,93788	-51,77358	23,59324	-51,77358
33360	22,93788	-51,11822	23,59324	-51,11822
33380	22,93788	-50,46286	23,59325	-50,46286
33400	23,59325	-50,46287	22,93789	-49,8075
33420	22,93788	-49,80751	22,93788	-49,80751
33440	22,28252	-49,80751	20,97179	-50,46286
33460	20,31642	-50,46287	19,00569	-50,46286
33480	17,0396	-50,46286	14,41815	-50,46285
33500	12,45207	-50,46286	10,48596	-51,1182
33520	7,86451	-49,80748	5,24306	-50,46283
33540	3,27696	-50,46283	1,31086	-51,77354
33560	-0,65524	-52,42891	-2,62134	-53,73962
33580	-6,55352	-53,08426	-9,83034	-53,73961
33600	-12,4518	-53,73961	-15,07326	-54,39496
33620	-16,38401	-54,39496	-17,69475	-55,70566
33640	-19,0055	-55,70566	-19,66088	-55,70566
33660	-20,31627	-55,70567	-20,97165	-57,01638
33680	-20,97167	-57,67175	-7,20899	-68,81293
33700	42,59874	-85,19709	98,96014	-98,95976
33720	125,17486	-101,58127	131,07322	-93,71695
33740	127,79642	-87,81872	125,17497	-86,50799
33760	125,17495	-85,19728	125,17494	-83,88656
33780	125,17493	-83,88657	125,17493	-83,88657
33800	125,17492	-84,54194	125,17492	-85,1973
33820	125,17491	-85,85267	125,17491	-87,16339
33840	125,1749	-87,81876	124,51953	-88,47412
33860	124,51954	-89,12949	123,86417	-89,12948
33880	123,86417	-89,78486	123,86416	-91,09558
33900	123,86416	-91,09559	123,2088	-91,09559
33920	123,2088	-91,75097	123,20879	-92,40633
33940	122,55344	-91,75098	122,55344	-94,37242
33960	122,55344	-95,0278	121,89808	-96,99388
33980	121,24272	-98,95998	120,58736	-104,20287
34000	120,58737	-112,72258	121,24275	-135,00485
34020	125,17496	-188,74446	132,38399	-270,00923
34040	136,31631	-291,63626	139,59332	-291,63646
34060	145,4921	-291,6366	149,42474	-291,63657
34080	158,60026	-291,63651	166,4659	-291,63648
34100	167,12041	-291,63653	161,22208	-291,63654
34120	163,84363	-291,63654	161,87755	-291,63655
34140	152,04694	-291,63662	142,21616	-291,63669
34160	136,31736	-291,63669	132,38473	-291,63662
34180	127,79692	-291,63653	125,83071	-283,77213
34200	124,51992	-258,21304	123,20916	-237,89684
34220	121,24305	-226,10034	120,58769	-217,58064
34240	119,27696	-210,37167	118,62159	-204,47342
34260	117,96622	-201,85198	117,31085	-199,23052
34280	117,31085	-197,26445	117,31084	-196,60908
34300	117,31083	-195,29837	117,31082	-195,29836
34320	117,31082	-195,95373	117,96618	-197,9198
34340	118,62154	-200,54125	119,93226	-205,12877
34360	119,93225	-202,50734	120,5876	-199,88588
34380	121,24296	-197,91981	121,89833	-199,88588
34400	123,20905	-201,19661	123,8644	-199,88588
34420	124,51977	-202,50734	125,83303	-205,12877
34440	127,1412	-205,12878	127,79656	-207,09486
34460	129,10728	-211,02703	130,418	-213,64847
34480	130,418	-214,9592	131,07336	-214,95919
34500	131,72871	-215,61455	131,72871	-218,23599
34520	131,72872	-220,20209	131,72872	-221,51279
34540	130,41801	-222,82353	130,41801	-223,47888
34560	129,76266	-233,30929	129,76268	-254,9362
34580	131,72881	-289,01498	133,69496	-291,6365
34600	135,00575	-291,63659	134,3504	-291,6366
34620	133,03967	-291,6366	126,48601	-291,6366
34640	117,31086	-291,63663	108,79112	-291,63664
34660	104,85896	-291,63667	104,20359	-291,63668
34680	103,5482	-291,63666	102,23742	-291,63663
34700	101,58202	-291,63661	100,92662	-291,63656
34720	100,27122	-291,63654	99,61584	-291,63651
34740	98,96047	-291,63649	98,30508	-291,63647
34760	97,64972	-291,63647	96,99433	-287,70428
34780	96,99433	-284,42748	96,33896	-279,18459
34800	95,68359	-272,63098	95,02823	-270,00953
34820	95,02822	-267,38809	95,02822	-264,76665
34840	94,37286	-261,48984	94,37286	-264,11128
34860	95,02822	-266,07737	95,68359	-268,69881
34880	95,68359	-270,66489	96,33895	-274,59705
34900	96,99432	-282,46138	105,51411	-291,63649
34920	123,20909	-291,63668	136,9719	-291,63683
34940	141,55952	-291,63689	139,5934	-291,63685
34960	138,28265	-291,63685	138,93797	-291,63683
34980	138,93794	-291,63683	138,93791	-291,63681
35000	138,28253	-291,63681	136,97179	-291,6368
35020	135,0057	-291,6368	133,0396	-291,63679
35040	131,07352	-291,6368	129,10743	-291,6368
35060	127,14135	-291,6368	125,17525	-291,63679
35080	124,51989	-291,6368	122,5538	-291,63678
35100	121,24308	-291,63679	120,58771	-291,63678
35120	120,58771	-291,63679	120,58772	-291,63681
35140	121,2431	-291,63684	122,55383	-291,63685
35160	122,55384	-291,63687	123,2092	-291,63687
35180	123,2092	-291,63687	123,2092	-291,63686
35200	123,86455	-291,63687	124,5199	-291,63685
35220	124,51989	-291,63686	124,51988	-291,63684
35240	124,51986	-291,63682	124,51985	-291,63681
35260	124,51983	-291,6368	124,51983	-291,63678
35280	121,243	-291,63677	100,92664	-291,63666
35300	70,12441	-291,63653	38,01146	-291,63637
35320	4,58783	-291,63621	-22,93753	-291,63607
35340	-41,94318	-291,63594	-41,94333	-291,63589
35360	-41,94335	-291,6359	-41,94337	-291,63588
35380	-41,94339	-291,63589	-41,94339	-291,63588
35400	-41,94339	-291,63589	-41,94339	-291,63589
35420	-41,94339	-291,6359	-41,94339	-291,63589
35440	-41,9434	-291,6359	-41,9434	-291,63589
35460	-41,9434	-291,63589	-41,9434	-291,63588
35480	-41,94341	-291,63589	-41,94342	-291,63587
35500	-41,94343	-291,63587	-41,94344	-291,63586
35520	-41,94344	-291,63587	-41,94344	-291,63586
35540	-41,94343	-291,63586	-41,94343	-291,63585
35560	-41,94342	-291,63585	-41,94342	-291,63585
35580	-41,94341	-291,63586	-41,94339	-291,63588
35600	-30,80205	-291,63598	3,93233	-291,63606
35620	25,5594	-291,63611	30,80236	-291,63611
35640	28,18089	-291,63611	27,52551	-291,6361
35660	28,18086	-291,63611	27,52549	-291,6361
35680	28,18084	-291,63611	28,8362	-291,63612
35700	28,83621	-291,63614	29,49157	-291,63614
35720	30,80231	-291,63616	33,4238	-291,63621
35740	38,01142	-291,63631	45,8759	-291,6365
35760	57,0173	-291,63668	66,19308	-291,63651
35780	51,12136	-291,63586	44,56871	-291,63494
35800	57,67614	-291,63459	70,12798	-291,63458
35820	80,61374	-291,63459	81,92446	-291,63458
35840	78,64766	-291,63523	85,20126	-291,63584
35860	103,55046	-291,63624	114,69063	-291,63648
35880	107,48089	-291,63652	105,5144	-291,63638
35900	104,85885	-291,63622	103,54805	-291,6361
35920	103,548	-269,3538	102,89262	-246,41615
35940	102,23725	-230,03213	101,58188	-218,89098
35960	101,58186	-209,06056	100,92648	-199,88549
35980	101,58183	-194,6426	102,23717	-191,36578
36000	101,5818	-189,39969	102,23716	-186,12287
36020	102,23715	-182,84607	102,23714	-180,22461
36040	102,23714	-178,25853	102,23713	-175,63707
36060	102,23713	-173,671	102,23713	-173,67099
36080	102,23714	-171,70492	102,23714	-171,04955
36100	102,23715	-167,77276	102,23715	-167,11739
36120	101,58179	-167,11739	101,58179	-167,11739
36140	101,58179	-165,80667	101,58178	-165,1513
36160	102,23714	-165,1513	101,58178	-165,15129
36180	105,51398	-155,97624	115,99994	-129,76177
36200	124,5198	-107,47947	127,14134	-93,71687
36220	125,1753	-85,19717	124,51993	-81,92037
36240	124,51992	-76,6775	124,51992	-75,36677
36260	125,17528	-74,71142	125,17528	-74,05605
36280	125,17528	-74,05606	125,17528	-74,71142
36300	125,17528	-74,05606	125,17528	-73,40069
36320	125,83064	-73,4007	125,83064	-73,40069
36340	125,83064	-72,74534	125,83064	-72,74533
36360	125,83064	-72,74534	126,486	-71,43461
36380	127,14136	-71,43462	127,79672	-73,4007
36400	127,79672	-73,4007	127,79672	-72,74534
36420	127,79672	-72,74535	127,79672	-74,05606
36440	127,79672	-74,05607	128,45208	-74,71142
36460	128,45208	-74,71143	127,79673	-75,36678
36480	129,10745	-76,02215	129,76281	-77,33287
36500	129,7628	-77,98823	129,76281	-78,64359
36520	129,10745	-77,98823	129,76281	-78,64359
36540	130,41817	-78,6436	130,41817	-79,29895
36560	131,07354	-80,60968	131,07352	-81,9204
36580	131,72888	-82,57576	129,76278	-85,1972
36600	115,34467	-93,71687	93,7175	-103,54724
36620	74,71185	-107,47937	59,63842	-108,1347
36640	57,67232	-106,16864	58,98305	-105,51327
36660	58,32768	-103,5472	58,32767	-103,5472
36680	58,32768	-103,54721	58,98303	-103,5472
36700	58,98303	-103,54721	59,63838	-102,89185
36720	59,63838	-103,54722	60,29374	-104,20257
36740	60,29374	-103,54721	60,29373	-104,20257
36760	60,29373	-104,85794	60,29373	-104,85793
36780	60,94908	-105,5133	60,94908	-106,82402
36800	61,60444	-107,47939	61,60444	-108,7901
36820	61,60444	-109,44547	61,60445	-110,10083
36840	62,25981	-110,7562	62,25981	-111,41156
36860	62,25981	-112,06693	62,91517	-112,72228
36880	62,91517	-113,37765	62,91518	-114,03301
36900	62,91517	-114,03302	62,91517	-114,68837
36920	62,91518	-115,34374	62,91517	-115,9991
36940	62,91517	-116,65447	62,91517	-116,65446
36960	62,91517	-117,30983	62,91517	-117,96519
36980	62,91518	-117,96519	63,57053	-119,27591
37000	64,2259	-119,93128	64,2259	-119,93128
37020	64,22591	-121,24201	64,88127	-121,89737
37040	64,88127	-121,89737	64,88128	-122,55273
37060	65,53664	-122,55274	65,53664	-123,86345
37080	65,53664	-123,86346	66,192	-124,51882
37100	65,53665	-124,51882	65,53664	-125,82954
37120	66,19201	-124,51883	66,19201	-126,4849
37140	66,19201	-125,82954	66,19201	-125,82954
37160	66,19201	-125,82954	66,19201	-127,79562
37180	66,19201	-127,79563	66,84737	-130,41707
37200	66,84737	-130,41708	66,84738	-131,07244
37220	66,84738	-132,38316	66,84738	-133,69388
37240	66,84738	-133,69389	67,50274	-135,0046
37260	68,15811	-137,62606	68,15811	-139,59214
37280	68,15811	-138,93679	67,50275	-138,28143
37300	67,50275	-138,28144	67,50275	-138,28143
37320	66,8474	-137,62608	66,84739	-138,28144
37340	66,84739	-138,28145	66,19203	-138,93681
37360	66,19203	-138,28146	66,84738	-139,59217
37380	66,19202	-138,28146	66,84737	-138,93682
37400	66,84737	-138,93683	67,50273	-140,24754
37420	68,15808	-139,59219	67,50272	-140,90291
37440	68,15808	-140,90291	68,15807	-139,59219
37460	68,15808	-139,59219	68,81342	-139,59219
37480	68,81343	-138,93683	68,81343	-138,93682
37500	69,46879	-138,93683	69,46879	-138,93682
37520	69,46878	-138,28147	69,46878	-137,6261
37540	70,12413	-137,62611	69,46877	-137,6261
37560	69,46876	-137,62611	68,8134	-138,28146
37580	68,8134	-138,28146	69,46875	-138,28146
37600	69,46875	-140,24754	69,46875	-140,90289
37620	69,46875	-140,9029	70,12412	-140,9029
37640	70,77948	-141,55827	72,0902	-142,86898
37660	72,74557	-143,52434	73,40093	-144,83506
37680	73,40093	-146,1458	74,71165	-148,11187
37700	74,71166	-148,11188	75,36702	-149,42259
37720	74,71166	-149,42259	74,71165	-150,07795
37740	74,71166	-150,07796	74,05629	-150,73331
37760	74,05629	-150,73332	74,05628	-150,73331
37780	73,40092	-151,38868	73,40092	-152,04403
37800	74,05628	-151,38868	74,05629	-152,04403
37820	74,71165	-152,04405	75,36701	-152,04404
37840	76,02238	-152,04405	76,02238	-152,04404
37860	76,67775	-152,6994	77,33312	-152,6994
37880	77,98848	-152,04404	77,33312	-152,04404
37900	77,33312	-152,69941	77,33312	-153,35476
37920	77,33312	-153,35476	76,67776	-154,01012
37940	76,67775	-154,01012	76,02239	-155,32084
37960	75,36703	-155,9762	75,36703	-156,63155
37980	75,36703	-156,63156	74,71166	-156,63156
38000	76,0224	-156,63156	76,0224	-156,63156
38020	76,67776	-155,9762	77,33313	-155,32084
38040	77,33313	-155,9762	77,98849	-157,94228
38060	78,64386	-158,59765	78,64386	-157,94228
38080	79,29923	-159,90837	79,9546	-161,87445
38100	79,29924	-161,21909	78,64388	-160,56373
38120	78,64387	-161,21909	78,64386	-161,87444
38140	78,64385	-161,21909	77,98848	-161,87444
38160	77,98847	-163,18517	77,98846	-163,18516
38180	77,98845	-162,52981	77,98845	-163,84052
38200	79,29917	-165,80661	79,95453	-167,77268
38220	81,26525	-171,70486	81,92062	-177,6031
38240	91,75109	-178,91385	108,79063	-180,22459
38260	120,58724	-177,60315	126,48557	-174,32635
38280	126,4856	-169,73883	125,83022	-160,56378
38300	124,5195	-150,07801	123,86412	-144,83511
38320	122,55339	-138,2815	122,55337	-135,66005
38340	121,898	-132,38325	121,24263	-129,10643
38360	121,24262	-126,485	120,58725	-125,17427
38380	121,24261	-123,20819	121,24261	-122,55282
38400	121,24261	-120,58675	121,24261	-120,58674
38420	121,89797	-118,62066	122,55334	-117,30994
38440	123,20871	-115,99922	123,86407	-115,99922
38460	123,86408	-115,34387	124,51944	-114,6885
38480	124,51944	-115,99922	124,51944	-115,99922
38500	123,86408	-115,34386	123,86408	-115,34386
38520	123,20872	-114,6885	123,20871	-114,6885
38540	123,20871	-114,6885	122,55334	-115,34386
38560	122,55334	-114,6885	122,55333	-115,99922
38580	122,55333	-114,6885	122,55334	-115,34386
38600	123,20869	-115,99923	123,2087	-115,99922
38620	123,2087	-115,99923	123,86406	-117,30995
38640	125,17479	-118,62068	124,51943	-119,27603
38660	124,51944	-119,27604	125,83016	-119,93139
38680	125,83017	-120,58676	126,48553	-121,89748
38700	126,48553	-122,55285	126,48553	-122,55284
38720	125,83018	-121,89749	125,83017	-122,55284
38740	125,17481	-122,55285	125,1748	-122,55284
38760	124,51944	-122,55285	125,1748	-122,55284
38780	125,1748	-122,55285	125,1748	-123,86356
38800	125,1748	-123,86357	125,1748	-124,51892
38820	125,1748	-124,51893	125,1748	-125,82965
38840	125,83017	-126,48502	125,83017	-127,14037
38860	125,83018	-127,79574	126,48554	-128,4511
38880	127,14091	-131,07255	127,14091	-133,03862
38900	127,14091	-136,31543	118,62113	-143,52438
38920	104,20306	-149,42262	94,37255	-152,04403
38940	90,44035	-150,73219	90,44034	-149,42259
38960	89,78496	-150,07796	89,12958	-150,73332
38980	88,47422	-150,07796	87,82139	-149,42259
39000	88,4742	-148,76724	87,81883	-149,42259
39020	87,81882	-148,76724	88,47418	-149,42259
39040	87,81882	-148,76724	89,12954	-149,4226
39060	89,12954	-148,76725	89,78489	-150,07796
39080	89,7849	-150,73333	91,09562	-152,04405
39100	91,75098	-154,01013	92,40634	-155,97622
39120	83,88661	-184,81207	66,84705	-253,62492
39140	47,18606	-291,6358	28,18054	-291,63579
39160	18,35014	-291,63582	11,14115	-291,63584
39180	9,83043	-291,63585	9,17504	-291,63586
39200	7,86428	-291,63587	7,20891	-291,63586
39220	7,2089	-291,63588	7,20888	-291,63588
39240	7,86424	-291,63589	8,51959	-291,6359
39260	9,17496	-291,63592	9,83031	-291,63593
39280	10,48568	-291,63594	10,48567	-291,63594
39300	11,14104	-291,63596	11,14103	-291,63596
39320	11,79639	-291,63597	11,7964	-291,63597
39340	11,7964	-291,63597	11,79641	-291,63597
39360	11,79642	-291,63597	12,45178	-291,63598
39380	11,79642	-291,63598	-41,9431	-291,63598
39400	11,79643	-291,63598	11,14107	-291,63598
39420	10,4857	-291,63598	9,83034	-291,63598
39440	9,17498	-291,63598	8,51962	-291,63458
39460	8,51963	-291,63598	7,86427	-291,63597
39480	8,51963	-291,63598	8,51962	-291,63598
39500	8,51964	-291,63598	8,51964	-291,63598
39520	9,17501	-291,63599	9,83038	-291,63599
39540	10,48574	-291,636	11,14112	-291,636
39560	11,14113	-291,63602	11,14114	-291,63601
39580	11,14115	-291,63602	11,79653	-291,63603
39600	13,76269	-291,63608	21,62716	-291,63616
39620	37,35601	-291,63629	51,77417	-291,63636
39640	67,50314	-291,63634	79,30013	-291,63623
39660	83,23271	-291,63611	89,13126	-291,63604
39680	91,09752	-291,636	95,02982	-291,63599
39700	95,02972	-291,63607	93,06338	-291,63617
39720	87,82021	-291,63624	85,1985	-291,63627
39740	84,54285	-291,63631	81,92113	-291,63624
39760	79,95487	-291,63617	78,644	-291,63606
39780	77,98853	-291,63599	77,33309	-270,00905
39800	76,02232	-246,41607	74,71156	-230,03204
39820	74,05616	-216,92483	73,40078	-209,06048
39840	72,74541	-203,81761	71,43467	-197,26399
39860	70,7793	-190,71039	70,12392	-186,77821
39880	69,46855	-182,84606	69,46856	-178,91388
39900	68,15783	-173,671	68,81319	-171,70491
39920	68,81318	-169,73883	68,81319	-167,77274
39940	68,81319	-165,1513	69,46855	-163,84057
39960	70,12391	-161,87449	70,12392	-161,87448
39980	70,12392	-161,21913	70,12392	-159,25304
