T	LX	LY	RX	RY
0	0	0	0	0
20	-1,3107	0	1,0000000003174E-5	-0,65535999999999
40	-1,3107	-1,31071	-0,65535	-1,31072
60	-1,3107	-1,31071	1,0000000003174E-5	-1,31072
80	-0,65534	-1,31072	5,24286	2,62144
100	-7,20915	9,17505	-10,48601	10,48579
120	-7,20914	11,79652	-5,89842	12,45188
140	-7,20913	12,45189	-5,89841	13,10725
160	-6,55376	12,45189	-5,89841	13,10726
180	-6,55374	13,76263	-7,2091	13,76264
200	-8,51981	14,41801	-7,20909	15,07337
220	-9,17515	15,72874	-8,5198	15,72875
240	-10,48587	15,72875	-9,17516	15,07339
260	-10,48587	16,38412	-9,17514	17,03949
280	-9,83047	17,69487	-8,51973	19,00559
300	-7,86433	20,31634	-9,83041	24,90387
320	-13,10721	24,24853	-7,20893	22,28245
340	-3,93208	26,21461	-1,96595	24,90391
360	-3,93194	21,62713	-4,58724	19,66106
380	-7,86396	18,35036	-9,82998	17,69501
400	-15,07275	17,69502	-16,38339	17,69501
420	-19,00476	17,69501	-19,66009	17,03964
440	-20,97077	17,03964	-20,31542	17,03962
460	-19,00471	17,69496	-15,07259	19,00566
480	-13,10652	20,97174	-9,82974	22,93782
500	-9,82972	24,9039	-8,51901	24,90389
520	-9,8297	25,55926	-13,76183	25,55927
540	-5,24193	24,90394	8,52073	25,55931
560	1,96709	26,87004	1,3117	26,87004
580	0,0009900000000016	27,5254	1,31168	28,83612
600	0,65632	28,83612	2,62238	29,49147
620	3,27774	29,49148	5,89916	29,49148
640	6,55453	29,49148	9,83133	30,14685
660	11,14206	29,4915	13,76349	29,49149
680	13,10813	29,4915	14,41884	29,49149
700	12,45277	28,83613	13,10811	28,83613
720	10,48667	28,83612	39,32254	28,83609
740	63,57108	28,83609	68,15863	28,83609
760	64,88179	29,49145	65,53713	29,49144
780	65,53715	28,83607	66,1925	27,52534
800	66,19254	25,55926	66,19254	24,24855
820	66,19258	22,93784	67,50332	22,93785
840	68,15873	23,59323	69,46948	24,24861
860	69,46952	26,21472	71,43562	28,18082
880	72,09102	30,8023	74,05711	33,42378
900	74,05715	35,3899	75,36788	36,70064
920	74,71255	38,01138	76,02327	38,01138
940	76,67865	38,66674	77,33401	38,01139
960	76,67865	36,70067	76,67865	36,04531
980	77,33401	35,38995	80,61082	34,7346
1000	89,13062	33,42389	93,06279	32,11317
1020	91,0967	31,45781	91,75201	29,49172
1040	90,44127	26,87025	91,75193	23,59342
1060	90,44116	19,66122	90,4411	15,72902
1080	89,13034	14,41828	89,78565	9,83072
1100	87,81951	4,58779	88,4748	0,00021000000000271
1120	93,71772	-3,27664	97,64988	-6,55346
1140	96,33913	-7,20883	95,02835	-8,51957
1160	94,37296	-9,8303	93,71757	-10,48568
1180	93,71758	-11,14104	94,37294	-11,14102
1200	93,7176	-11,14101	95,02831	-11,79637
1220	94,37298	-11,79636	95,68369	-11,79638
1240	95,02834	-11,79638	95,68369	-13,10712
1260	93,7176	-13,10713	95,0283	-14,41786
1280	94,37295	-15,07324	94,37293	-15,07325
1300	100,92662	-15,07326	114,034	-16,38397
1320	115,34476	-16,38397	115,34473	-14,41787
1340	115,34474	-12,45177	116,0001	-11,14104
1360	114,68939	-10,48567	115,34474	-11,79638
1380	114,03401	-10,48566	113,3786	-11,14104
1400	110,75714	-15,07323	110,10173	-17,69471
1420	108,13562	-19,66083	109,44629	-20,31621
1440	108,79092	-20,31622	112,72307	-20,31623
1460	127,14123	-20,97159	143,52547	-20,31619
1480	144,83622	-15,7286	144,83623	-13,76246
1500	144,83628	-13,76241	146,14703	-14,41775
1520	145,49168	-15,72845	146,14702	-18,3499
1540	144,18094	-20,97137	144,83627	-24,24819
1560	143,52554	-25,55892	143,52552	-26,2138
1580	142,21479	-26,21429	142,21477	-26,2143
1600	140,90404	-25,55896	140,90402	-24,9036
1620	140,90403	-24,24824	140,90402	-24,9036
1640	140,24866	-24,9036	140,904	-25,55897
1660	140,90402	-25,55898	137,62716	-27,52508
1680	106,16949	-38,0109	58,98302	-50,46282
1700	36,04518	-51,11819	42,59877	-46,53065
1720	45,87562	-45,87528	45,22024	-46,53065
1740	42,5988	-45,21993	43,90951	-44,56458
1760	42,5988	-44,56458	43,25414	-43,90922
1780	42,59878	-43,90923	42,59877	-44,56459
1800	42,59877	-43,90924	43,25411	-44,5646
1820	43,25413	-44,5646	43,90948	-45,21996
1840	42,59877	-45,21996	39,32193	-47,18604
1860	-8,51953	-49,80747	-23,59296	-51,77355
1880	-20,97146	-48,49673	-19,00537	-47,186
1900	-21,62681	-46,53064	-21,62683	-46,53065
1920	-22,28218	-45,21993	-20,97147	-45,21993
1940	-22,93754	-43,90921	-22,93756	-43,90922
1960	-24,90365	-43,90923	-24,2483	-43,90924
1980	-24,90365	-43,90924	-24,90368	-43,90925
2000	-27,52512	-43,25389	-24,90368	-43,25389
2020	-26,86975	-41,94315	-24,24839	-41,28776
2040	-24,90373	-39,32166	-24,24834	-38,01093
2060	-25,55904	-37,35555	-25,55906	-38,01092
2080	-26,2144	-38,01091	-26,86977	-38,66628
2100	-27,52512	-38,66628	-27,52514	-39,32165
2120	-28,18048	-38,66628	-27,52515	-39,32166
2140	-29,49122	-38,6663	-28,83587	-39,32165
2160	-29,49122	-38,6663	-28,83588	-39,32166
2180	-30,14658	-38,66629	-29,49123	-38,66629
2200	-30,80194	-38,01092	-29,49123	-38,66628
2220	-30,80193	-39,32164	-31,4573	-39,97701
2240	-31,4573	-40,63237	-11,14105	-42,59846
2260	26,21466	-45,21991	30,80218	-45,87527
2280	28,18072	-45,2199	29,49143	-45,87527
2300	28,83608	-46,53064	30,14678	-47,186
2320	29,49144	-47,186	30,14678	-47,84136
2340	29,49144	-47,84136	30,80215	-47,84136
2360	29,49144	-48,49672	31,45751	-49,80744
2380	30,1468	-49,15208	30,14678	-50,4628
2400	30,14679	-50,4628	30,80214	-51,11817
2420	30,80215	-51,77353	30,80213	-52,42889
2440	36,04504	-52,4289	56,36141	-52,42889
2460	71,43492	-55,05033	72,09025	-54,39497
2480	70,12416	-51,77351	70,12415	-52,42888
2500	69,46881	-51,11817	70,77951	-51,11818
2520	70,12416	-49,80745	70,77951	-50,46282
2540	70,12416	-49,80746	71,43487	-49,80746
2560	70,77953	-49,80746	71,43488	-50,46283
2580	70,77952	-49,80747	71,43487	-50,46283
2600	70,77953	-50,46284	77,33316	-50,46283
2620	89,12984	-49,80745	96,99424	-50,46281
2640	94,37279	-49,15208	95,6835	-47,84136
2660	94,37279	-47,84136	95,02813	-47,84138
2680	94,37278	-47,84138	95,02813	-47,84139
2700	95,02814	-47,84139	95,6835	-47,8414
2720	95,02816	-47,8414	96,99424	-47,84141
2740	95,68354	-47,18605	96,33888	-47,84142
2760	95,68355	-47,84068	103,54794	-49,15214
2780	113,37856	-50,46285	119,27684	-50,46285
2800	117,31074	-48,49676	117,96608	-47,8414
2820	116,65537	-47,18604	116,65535	-47,18604
2840	116,65535	-46,53068	117,96606	-45,87532
2860	116,65533	-45,87532	117,31068	-45,87532
2880	116,65533	-45,87532	117,31067	-45,87533
2900	116,65531	-45,21997	117,31065	-45,87532
2920	118,6214	-45,87532	125,17509	-45,87531
2940	127,14122	-45,21994	125,83047	-45,21993
2960	125,83046	-43,90921	126,48582	-44,56457
2980	127,14118	-44,56458	128,45189	-45,21994
3000	127,79653	-45,21994	128,45188	-45,8753
3020	127,79652	-45,87531	129,10722	-46,53067
3040	128,45188	-45,87531	129,10723	-45,87531
3060	128,45187	-45,21994	129,10723	-45,21994
3080	129,10724	-45,21994	129,76258	-45,21994
3100	129,10723	-45,21994	129,76257	-47,18603
3120	114,68911	-53,08432	80,60994	-65,53625
3140	51,11845	-72,74527	48,49693	-70,77918
3160	53,73986	-66,84699	55,05058	-66,19163
3180	51,77377	-65,53626	53,08448	-64,22554
3200	53,08449	-62,91482	53,73969	-62,91482
3220	52,42913	-62,91482	53,08447	-63,57019
3240	52,42912	-63,5702	53,08447	-63,5702
3260	53,08448	-63,5702	53,73982	-64,22556
3280	52,42911	-63,5702	53,73982	-63,57021
3300	52,42911	-63,5702	49,15227	-63,5702
3320	15,72874	-64,22554	-7,86436	-63,57015
3340	3,0000000002417E-5	-60,29332	2,62149	-57,67186
3360	1,31079	-56,36112	2,6215	-56,36111
3380	2,62153	-54,39503	3,27689	-54,39502
3400	2,62154	-53,73966	2,62154	-53,73966
3420	0,65547	-53,0843	2,62154	-53,0843
3440	1,31084	-52,42894	2,62154	-53,0843
3460	1,31084	-53,0843	2,62154	-52,42894
3480	1,31084	-52,42894	2,62155	-53,0843
3500	-1,31059	-53,0843	-26,86977	-56,36111
3520	-30,14664	-57,01647	-27,52515	-55,05038
3540	-27,52512	-53,73964	-26,86978	-54,39501
3560	-27,52512	-53,08429	-26,21441	-52,42892
3580	-26,86976	-51,77356	-26,21441	-51,77356
3600	-26,86976	-51,1182	-26,2144	-50,46284
3620	-26,86975	-49,80748	-25,55905	-49,80749
3640	-26,21438	-49,80748	-26,2144	-49,15213
3660	-26,86975	-48,49677	-25,55904	-48,49677
3680	-27,5251	-47,8414	-25,55903	-47,8414
3700	-26,86973	-47,84141	-25,55902	-48,49677
3720	-26,21438	-48,49677	-21,62687	-49,15214
3740	30,80214	-49,15213	54,39535	-51,1182
3760	58,32757	-51,77356	57,0168	-49,80748
3780	56,36145	-49,80748	56,36144	-50,46285
3800	55,70608	-50,46285	55,70607	-50,46286
3820	55,05072	-50,46286	55,70608	-50,46286
3840	55,05073	-49,8075	55,70608	-49,8075
3860	55,7061	-49,15214	56,36144	-50,46287
3880	55,05073	-50,46286	56,36143	-51,11824
3900	55,05072	-51,7736	55,0507	-52,42896
3920	55,0507	-52,42896	55,70606	-53,08432
3940	54,39535	-52,42897	54,39534	-53,08434
3960	47,18631	-54,39505	36,04504	-55,70576
3980	36,70043	-54,39504	39,32188	-53,73968
4000	38,01116	-53,08431	38,66651	-53,73968
4020	38,01116	-53,08431	38,6665	-53,73968
4040	37,35579	-53,73968	38,66649	-53,73968
4060	38,01114	-53,73968	38,66649	-53,73969
4080	38,01113	-54,39505	39,32184	-54,39506
4100	38,66649	-53,08433	39,9772	-53,08434
4120	39,32185	-52,42897	39,9772	-52,42898
4140	39,97721	-51,77361	39,9772	-51,77362
4160	39,97721	-51,77362	40,63256	-51,77363
4180	39,97721	-51,77362	39,9772	-51,77363
4200	39,32185	-51,77362	41,28792	-51,77363
4220	40,63257	-51,11827	41,28792	-51,11827
4240	40,63257	-51,11827	51,77376	-51,77363
4260	72,09022	-52,42898	81,26535	-53,08434
4280	78,64388	-51,11825	78,64386	-49,80753
4300	77,98852	-49,80753	79,29923	-49,80753
4320	78,64388	-49,15218	79,29923	-49,15218
4340	78,64389	-48,49681	79,29923	-48,49682
4360	78,64389	-47,84145	79,9546	-47,84145
4380	78,6439	-47,18609	79,9546	-48,49682
4400	79,29926	-47,84146	80,60998	-47,84146
4420	79,95463	-48,49682	79,95461	-48,49682
4440	83,88682	-49,15219	98,9603	-51,11826
4460	106,16939	-51,77362	105,51399	-51,11826
4480	104,20326	-49,80753	105,51398	-49,80754
4500	104,20327	-49,15219	104,85862	-49,15219
4520	104,85863	-49,15219	104,85862	-48,49684
4540	104,20327	-48,49684	104,20326	-49,1522
4560	104,20327	-48,49685	104,20326	-49,15222
4580	103,5479	-49,15222	104,20325	-49,15222
4600	102,89254	-49,15221	104,20325	-49,80758
4620	103,5479	-50,46294	104,85859	-51,11831
4640	104,20323	-51,77367	106,1693	-53,0844
4660	107,48004	-54,39512	121,89812	-58,32729
4680	138,93779	-61,60409	142,86997	-62,25944
4700	140,24848	-60,29335	140,24846	-60,29335
4720	140,24848	-59,63799	140,90382	-59,63799
4740	140,24846	-58,32727	140,90381	-58,32727
4760	139,5931	-58,32727	140,9038	-58,98264
4780	140,24845	-59,638	140,90378	-59,63801
4800	140,24843	-60,29337	140,90377	-60,29337
4820	140,24842	-60,29338	140,90377	-60,29338
4840	140,24841	-60,94874	140,90376	-60,94874
4860	140,24841	-60,29338	140,90376	-60,94874
4880	140,90377	-60,94875	138,93764	-64,88094
4900	121,24274	-73,40071	106,16925	-76,0222
4920	106,16926	-71,43465	110,10144	-70,12392
4940	108,79073	-70,12392	109,44607	-70,77928
4960	108,13536	-70,12393	109,44607	-70,12394
4980	108,79071	-69,46858	109,44606	-70,12395
5000	109,44607	-70,12395	110,10142	-70,12395
5020	109,44607	-70,12396	110,75677	-70,12396
5040	110,10142	-70,12396	111,41212	-70,77933
5060	110,75678	-70,77934	112,06748	-71,43471
5080	111,41212	-72,09008	112,72283	-72,74544
5100	109,44602	-73,40081	86,50813	-80,60981
5120	45,22006	-89,78487	13,1072	-90,44021
5140	17,69475	-84,54192	24,24839	-81,26508
5160	21,62697	-79,29897	21,62696	-77,98824
5180	21,62698	-74,71142	22,28234	-73,40069
5200	21,62699	-72,74533	21,62698	-71,4346
5220	20,31627	-70,77924	21,62698	-70,77925
5240	20,97163	-70,77924	21,62698	-70,12389
5260	21,627	-70,12388	21,62698	-70,12389
5280	21,627	-70,12389	20,97163	-68,81317
5300	6,55366	-67,50242	4,58754	-66,84705
5320	5,24294	-66,19168	7,20901	-65,53632
5340	5,8983	-65,53632	7,20901	-65,53632
5360	5,89831	-64,2256	7,20901	-64,88097
5380	5,8983	-64,88097	6,55365	-64,88097
5400	6,55366	-64,22562	7,20901	-64,88098
5420	6,55366	-63,57026	7,86437	-64,22562
5440	7,20902	-63,57027	8,51973	-63,57027
5460	8,51974	-63,57027	24,24845	-65,53635
5480	39,32187	-64,88097	42,59868	-64,88096
5500	40,63261	-64,2256	41,28795	-62,91489
5520	39,97724	-63,57025	41,28795	-63,57026
5540	40,6326	-64,22562	41,94329	-64,88098
5560	41,9433	-65,53635	42,59865	-65,53635
5580	41,9433	-66,19172	43,254	-67,50245
5600	42,59865	-67,50245	43,90935	-68,15782
5620	42,59864	-68,81318	43,25399	-68,81319
5640	49,15228	-68,81319	68,15793	-70,1239
5660	76,02238	-68,81316	76,6777	-68,1578
5680	75,36696	-66,84708	76,02232	-66,84709
5700	74,71161	-67,50245	76,02231	-67,50245
5720	74,7116	-67,50246	76,02231	-67,50247
5740	75,36696	-67,50247	76,67767	-68,15783
5760	75,36696	-68,15784	76,67767	-68,15785
5780	76,02231	-68,15784	76,67765	-68,81321
5800	76,02231	-68,15785	76,67766	-68,81321
5820	76,67767	-68,81322	77,33302	-68,81322
5840	76,67767	-68,81322	76,67765	-69,46858
5860	76,67766	-69,46858	77,33301	-70,12396
5880	76,67766	-70,12396	77,98836	-70,77932
5900	76,67765	-70,77932	77,98835	-70,77933
5920	81,2652	-70,77933	87,16351	-72,09005
5940	87,16353	-70,77932	87,1635	-70,77933
5960	86,50816	-70,12397	87,81887	-70,12397
5980	87,16352	-70,12397	88,47423	-70,12398
6000	87,81888	-70,77935	88,47421	-72,74544
6020	87,81886	-73,40081	89,12956	-74,05619
6040	88,4742	-73,40083	89,12955	-72,74546
6060	88,47421	-72,74546	92,40637	-72,0901
6080	107,47986	-74,05616	129,1071	-77,33295
6100	137,6269	-77,9883	137,62682	-74,05612
6120	136,3161	-72,09002	138,28218	-72,09004
6140	137,62682	-72,09004	138,28216	-72,74542
6160	138,28217	-73,40079	139,59287	-75,3669
6180	139,59288	-76,67765	140,90359	-78,64375
6200	140,24824	-77,98839	140,9036	-77,33304
6220	139,5929	-76,67768	140,24825	-76,02232
6240	140,24828	-76,02231	140,90363	-76,67768
6260	145,49121	-77,33303	158,5986	-79,29912
6280	161,22011	-78,64374	159,90933	-76,67765
6300	159,25397	-75,36693	159,90932	-74,71157
6320	159,25397	-74,0562	159,90932	-74,05621
6340	158,59859	-72,74549	159,25393	-73,40085
6360	158,59858	-72,74548	159,25393	-72,74548
6380	158,59857	-72,09012	159,25391	-71,43476
6400	159,25392	-71,43476	159,25391	-71,43476
6420	158,59856	-70,7794	159,2539	-70,7794
6440	158,59855	-70,7794	155,32169	-72,7455
6460	123,86406	-81,26524	75,36683	-96,99396
6480	39,97707	-101,58154	41,94312	-96,33863
6500	51,11821	-92,40645	51,11821	-93,71717
6520	49,15213	-93,06181	50,46284	-92,40644
6540	50,46284	-91,75108	51,1182	-91,75109
6560	50,46285	-91,75109	51,77356	-91,09574
6580	51,11821	-91,09574	51,77355	-91,7511
6600	51,11821	-91,09574	51,77356	-91,09574
6620	51,77357	-91,09574	51,77355	-90,44038
6640	51,77356	-90,44038	52,42891	-91,09575
6660	51,77355	-91,09575	52,42889	-91,09576
6680	51,77355	-91,09575	53,08426	-91,75112
6700	52,42891	-91,75111	53,73961	-91,09576
6720	53,08427	-90,44039	53,73961	-91,09576
6740	53,08426	-90,44039	54,39497	-89,78503
6760	53,73963	-89,78502	54,39497	-89,12966
6780	64,88082	-84,54207	84,54186	-81,92054
6800	95,0278	-79,95441	95,0278	-77,33294
6820	93,0617	-74,71149	93,71706	-75,36686
6840	92,40635	-74,7115	93,71706	-74,7115
6860	93,06171	-74,7115	93,71706	-74,71151
6880	93,06171	-74,05614	93,71707	-74,71151
6900	92,40636	-74,71151	93,71707	-74,71151
6920	92,40636	-74,05616	93,0617	-74,71152
6940	92,40636	-74,71152	93,0617	-75,36689
6960	91,751	-75,36689	102,89222	-76,6776
6980	118,62114	-78,64364	122,55333	-79,299
7000	120,58722	-77,98827	121,24256	-76,67755
7020	119,2765	-76,67756	119,93185	-76,0222
7040	119,2765	-75,36684	119,2765	-76,02221
7060	119,27651	-75,36684	119,93186	-75,36685
7080	118,62115	-75,36685	119,93186	-74,7115
7100	118,62116	-74,71149	119,2765	-74,7115
7120	118,62115	-74,7115	119,2765	-74,7115
7140	118,62116	-74,7115	118,62114	-74,71151
7160	114,68895	-74,71151	94,37252	-78,64369
7180	66,19171	-81,9205	64,2256	-79,95442
7200	69,46855	-76,67759	70,1239	-76,6776
7220	68,15783	-76,02223	68,81318	-74,71152
7240	68,15783	-74,05616	68,81318	-74,05616
7260	67,50246	-72,74545	68,15781	-73,40081
7280	67,50247	-72,74545	67,50245	-72,74545
7300	67,50246	-72,0901	68,15781	-73,40083
7320	67,50245	-73,40084	68,81316	-74,05621
7340	67,50245	-72,74549	67,50244	-74,05621
7360	66,84709	-74,05621	68,1578	-72,7455
7380	68,15781	-73,40085	68,1578	-73,40085
7400	67,50245	-72,74549	68,81316	-73,40086
7420	68,81318	-73,40085	69,46852	-74,05622
7440	69,46852	-74,05622	64,88094	-74,71158
7460	58,98265	-74,71157	61,60411	-74,71156
7480	61,60413	-74,05619	62,25947	-74,71155
7500	-48,49636	-74,71155	61,60411	-74,71156
7520	60,94875	-75,36692	61,6041	-76,02228
7540	61,60412	-75,36693	62,91484	-76,02229
7560	62,25949	-75,36692	63,5702	-76,02228
7580	61,60412	-76,02228	53,7397	-79,2991
7600	41,28774	-79,29909	43,90919	-77,98836
7620	45,21995	-76,67761	45,21995	-77,33298
7640	43,25387	-76,67762	45,21994	-76,02226
7660	43,90923	-75,36689	45,21995	-76,02226
7680	44,5646	-74,71153	43,90922	-74,71153
7700	43,25387	-75,36688	44,56714	-75,36689
7720	43,25388	-74,71152	44,56459	-74,71152
7740	43,25388	-74,71152	43,25387	-75,36688
7760	42,59852	-74,71152	43,90923	-74,71152
7780	42,59853	-74,71152	43,25388	-75,36688
7800	42,59853	-74,71152	43,25389	-75,36688
7820	41,94318	-74,71152	48,4968	-74,71152
7840	65,53638	-76,02221	76,02228	-75,36683
7860	73,40082	-73,40074	73,40079	-72,74538
7880	72,74545	-72,09002	73,4008	-72,74539
7900	72,09009	-71,43466	72,74543	-72,09003
7920	72,0901	-71,43467	73,4008	-72,09003
7940	72,0901	-71,43467	72,74545	-71,43467
7960	72,0901	-71,43467	72,74545	-71,43467
7980	72,0901	-71,43467	72,74545	-71,43468
8000	72,0901	-71,43468	73,40081	-71,43467
8020	72,0901	-72,09004	73,40081	-71,43468
8040	72,0901	-71,43468	72,74546	-72,09005
8060	72,09011	-72,09005	72,74546	-72,09005
8080	72,09012	-71,43469	72,74546	-72,09006
8100	72,09011	-72,09005	72,74546	-72,09006
8120	77,33304	-72,09005	82,57599	-72,09005
8140	81,92064	-71,43468	81,92062	-71,43468
8160	81,26527	-70,77932	81,92062	-71,43468
8180	81,26528	-70,77933	81,92063	-70,77933
8200	81,26528	-70,12396	81,26527	-70,77933
8220	81,26528	-70,12397	81,92063	-70,77933
8240	81,26528	-70,77933	82,57599	-71,4347
8260	81,26527	-71,4347	82,57597	-72,74543
8280	81,92062	-72,74543	93,06185	-74,05614
8300	104,20317	-76,02221	108,13535	-76,67756
8320	106,82462	-75,36684	107,47997	-75,36685
8340	106,16926	-75,36685	108,13533	-75,36685
8360	107,47999	-74,71149	108,13533	-74,05613
8380	108,13535	-74,05613	108,79069	-74,05613
8400	108,13534	-74,05613	108,79069	-74,05614
8420	108,7907	-74,05614	109,44604	-74,71151
8440	108,79069	-75,36687	109,44604	-75,36688
8460	108,79069	-75,36687	110,1014	-75,36688
8480	109,44604	-75,36688	110,10139	-75,36688
8500	109,44604	-75,36688	117,31041	-77,33295
8520	131,72858	-78,64367	139,59297	-79,29902
8540	136,9715	-77,33293	137,62683	-76,67757
8560	136,97149	-77,33293	136,97147	-77,33294
8580	136,31612	-77,33294	137,62682	-77,33294
8600	136,97147	-77,33294	136,97146	-77,33294
8620	136,97147	-76,67758	137,62682	-77,33294
8640	136,31611	-76,67758	136,97145	-76,67758
8660	136,97146	-76,02222	138,28217	-76,02223
8680	136,97146	-75,36687	138,28217	-76,02222
8700	137,62682	-75,36687	138,28216	-76,02223
8720	137,62682	-75,36688	136,97144	-75,36688
8740	137,62681	-76,02224	138,28216	-75,36689
8760	136,97145	-75,36688	138,28216	-75,36689
8780	137,6268	-75,36688	138,28216	-75,36688
8800	137,62681	-75,36689	138,93751	-74,71152
8820	137,62681	-74,71152	138,28215	-75,36689
8840	137,62681	-75,36688	138,93752	-75,36689
8860	138,28217	-74,71153	140,90362	-75,3669
8880	140,90366	-75,36689	141,559	-75,36689
8900	140,90365	-74,71153	140,90364	-75,3669
8920	140,90365	-74,71153	140,90363	-74,71154
8940	140,24828	-74,05618	141,55899	-74,71154
8960	140,24828	-74,05618	141,559	-74,05619
8980	140,90365	-74,05618	141,55899	-74,05619
9000	140,24829	-72,74547	141,559	-74,05619
9020	140,90364	-73,40083	141,55899	-73,40083
9040	140,24829	-73,40083	141,55899	-74,0562
9060	141,559	-73,40083	142,21434	-74,0562
9080	141,55898	-74,71156	142,86969	-75,36693
9100	142,21434	-75,36692	143,52504	-76,02229
9120	142,86969	-76,67765	143,52504	-77,33302
9140	144,18041	-77,98838	153,35556	-79,29909
9160	155,97708	-79,29907	155,32168	-77,98834
9180	153,3556	-76,02225	155,32168	-76,02225
9200	154,66633	-76,02225	155,32167	-76,67761
9220	154,66632	-76,02225	155,32166	-76,02225
9240	154,01095	-76,02226	155,32165	-76,67762
9260	154,6663	-76,67761	155,32166	-76,67762
9280	154,6663	-76,02225	154,66629	-76,67761
9300	154,01095	-76,67761	155,32166	-76,02225
9320	154,01094	-75,36688	155,97701	-76,67761
9340	154,66631	-76,67761	154,66629	-76,67761
9360	154,01094	-76,02225	155,32165	-76,67761
9380	154,01094	-76,67761	154,66629	-76,67761
9400	154,01094	-76,67761	154,66628	-77,33298
9420	154,01094	-77,98834	154,66628	-77,33297
9440	154,01093	-77,33297	154,66629	-77,33298
9460	154,01094	-77,98834	154,01093	-77,98835
9480	149,42337	-79,29908	121,89791	-88,4742
9500	76,02225	-99,6154	43,25389	-100,92614
9520	43,25386	-93,06176	50,46285	-89,12958
9540	48,4968	-87,81884	47,18607	-87,16348
9560	46,53072	-85,19739	47,18608	-84,54203
9580	45,87538	-83,88666	47,18609	-83,88667
9600	46,53074	-83,23131	46,53072	-83,88668
9620	45,87537	-83,88668	47,84145	-84,54204
9640	45,22001	-82,57595	29,49124	-81,92055
9660	9,17496	-80,60982	8,51958	-79,2991
9680	9,83034	-77,33301	10,48569	-77,98837
9700	9,17499	-77,98837	9,83033	-77,98838
9720	9,17498	-77,98838	10,48571	-77,33302
9740	9,83035	-77,98838	10,4857	-77,98839
9760	11,14108	-77,98839	11,79643	-77,9884
9780	10,48572	-77,9884	11,79643	-77,98841
9800	11,79645	-77,9884	12,45179	-77,98841
9820	11,14108	-77,98841	12,45179	-78,64378
9840	12,4518	-77,98842	13,76252	-78,64378
9860	13,10717	-78,64378	13,76252	-78,64378
9880	13,76253	-77,98842	15,7286	-78,64378
9900	15,07326	-78,64378	13,76252	-78,64378
9920	11,79644	-77,9884	13,10717	-77,9884
9940	12,45183	-77,9884	13,10717	-77,9884
9960	12,45184	-77,33304	13,76254	-77,33304
9980	12,45184	-77,9884	13,76254	-79,29913
10000	13,10718	-79,29914	14,41788	-79,95451
10020	13,10717	-80,60987	14,41787	-81,26523
10040	13,76252	-81,26524	15,07322	-81,9206
10060	14,41787	-82,57596	15,07322	-82,57597
10080	14,41787	-82,57596	15,07321	-83,88669
10100	14,41787	-83,23133	15,72858	-83,23133
10120	14,41786	-83,23133	15,07322	-83,23134
10140	18,35003	-84,54206	46,53063	-85,85276
10160	62,91484	-86,5081	66,19167	-87,16346
10180	64,22557	-85,85273	64,88092	-85,85273
10200	63,57021	-85,85273	64,22556	-85,85274
10220	63,57021	-85,19738	64,22556	-85,19738
10240	63,57022	-84,54202	64,22556	-84,54202
10260	63,57022	-84,54202	64,22557	-84,54203
10280	63,57022	-84,54202	64,22557	-84,54203
10300	63,57021	-83,88667	64,22556	-85,19739
10320	63,57022	-84,54203	64,22556	-85,19739
10340	62,91486	-85,85275	63,5702	-85,85276
10360	70,77922	-86,50811	84,54196	-88,47419
10380	89,12957	-88,47418	89,78489	-87,81881
10400	89,12954	-86,50808	89,78489	-85,85274
10420	89,12955	-85,85274	90,44025	-85,19738
10440	89,7849	-84,54202	89,78489	-84,54202
10460	89,12954	-83,88666	89,78489	-84,54202
10480	89,12954	-84,54202	90,44024	-84,54203
10500	89,78489	-84,54203	90,44024	-85,1974
10520	89,12953	-84,54204	90,44024	-84,54204
10540	89,78489	-84,54204	90,44024	-84,54204
10560	90,44025	-84,54205	91,0956	-84,54205
10580	89,78489	-83,88669	91,0956	-84,54206
10600	90,44025	-84,54206	90,44024	-84,54206
10620	90,44024	-84,54206	91,0956	-84,54206
10640	90,44025	-84,54206	89,78487	-84,54206
10660	88,47415	-85,19743	89,78487	-84,54207
10680	89,78489	-83,8867	89,78487	-84,54207
10700	89,12951	-84,54207	89,78487	-84,54207
10720	89,12951	-83,88671	89,78486	-84,54208
10740	89,12952	-83,23136	89,78486	-83,88672
10760	89,12952	-83,23136	89,78487	-83,23136
10780	89,78487	-83,23136	90,44022	-83,23136
10800	89,12951	-83,23136	89,78486	-83,23136
10820	95,02781	-83,88671	106,82447	-85,85278
10840	108,79059	-85,85278	109,44592	-84,54205
10860	107,47985	-83,23132	108,79057	-83,23133
10880	108,13521	-82,57598	108,79056	-83,23134
10900	107,47985	-83,23134	108,79057	-82,57598
10920	107,47986	-82,57598	108,79057	-82,57476
10940	108,13522	-82,57599	108,1352	-83,23135
10960	107,47985	-83,23135	108,79055	-83,88672
10980	108,1352	-83,88672	109,44591	-85,8528
11000	111,41201	-86,50815	119,93179	-87,81885
11020	122,55329	-89,12957	121,8979	-87,81885
11040	121,89791	-87,16348	121,8979	-87,81885
11060	121,24255	-87,81885	122,55326	-87,81885
11080	121,24256	-87,81885	122,55326	-87,81886
11100	121,89792	-87,1635	123,20862	-88,47422
11120	121,24254	-87,1635	123,20861	-88,47423
11140	121,8979	-88,47424	121,24251	-89,1296
11160	108,79057	-89,78498	103,54759	-91,09571
11180	103,54763	-89,78498	105,5137	-89,78498
11200	104,85835	-89,78499	105,5137	-89,785
11220	104,85835	-89,12964	105,51369	-89,12965
11240	104,20298	-89,78502	104,85832	-91,09575
11260	104,20296	-90,4404	104,8583	-91,09578
11280	104,20295	-91,75113	104,8583	-92,4065
11300	103,54759	-92,40651	99,61537	-93,71724
11320	81,92045	-96,33868	70,12381	-96,99404
11340	70,77921	-95,02795	74,71139	-93,06187
11360	72,74532	-92,4065	72,7453	-92,4065
11380	72,08995	-90,44041	72,08995	-91,09578
11400	71,4346	-89,78506	72,08995	-90,44043
11420	70,77923	-89,78507	70,77922	-89,78508
11440	70,77924	-89,78508	71,43459	-89,78508
11460	70,77923	-89,78508	70,12385	-90,44045
11480	66,19168	-89,78509	60,29336	-90,44045
11500	58,32727	-89,78508	60,94873	-88,47435
11520	59,63802	-88,47435	59,638	-88,47436
11540	58,32729	-88,47436	58,98264	-88,47436
11560	58,98266	-87,819	59,638	-88,47436
11580	58,3273	-88,47437	58,98265	-88,47437
11600	58,98266	-87,819	58,98264	-87,81901
11620	58,98265	-87,16365	59,63801	-87,16365
11640	58,98265	-87,16366	59,638	-87,16365
11660	58,32729	-87,16365	60,29337	-87,16366
11680	58,98266	-86,50829	59,63801	-87,16365
11700	58,32729	-87,16365	58,98264	-87,16366
11720	58,3273	-87,16364	59,638	-87,16365
11740	58,32729	-87,16365	59,638	-87,16365
11760	57,01656	-89,12974	42,59849	-97,64948
11780	13,10713	-103,54777	20,97147	-101,58168
11800	27,52511	-98,96021	26,86973	-100,27094
11820	24,90366	-100,27093	26,86972	-99,61557
11840	26,21437	-100,27093	26,86972	-100,92629
11860	26,21437	-100,92629	26,21435	-101,58166
11880	25,559	-101,58165	26,8697	-102,23702
11900	24,90363	-101,58166	27,52507	-102,23702
11920	26,86972	-102,89239	28,18041	-105,51385
11940	24,90361	-105,51386	5,89809	-104,85848
11960	0,65517	-104,2031	3,932	-102,89237
11980	3,27666	-102,237	3,27665	-102,89236
12000	2,62131	-102,23699	3,93202	-102,237
12020	2,62131	-101,58164	3,93203	-101,58163
12040	3,93204	-100,92627	3,93203	-100,92626
12060	3,27668	-100,27091	4,58739	-100,27091
12080	4,58741	-99,61554	5,24276	-99,61554
12100	4,58741	-98,96018	5,89812	-99,61554
12120	5,24277	-98,96018	5,89813	-99,61554
12140	5,24277	-99,61554	9,17493	-100,92627
12160	44,56452	-102,23697	60,94871	-102,8923
12180	61,6041	-100,92622	60,29333	-99,61549
12200	60,29335	-98,96013	60,94871	-98,30478
12220	59,638	-96,99405	60,29334	-96,99406
12240	59,63799	-96,99406	60,29334	-96,99406
12260	60,29336	-96,3387	60,29335	-96,33871
12280	59,63799	-95,68335	59,63798	-95,68336
12300	58,98262	-95,68336	59,63798	-95,68337
12320	58,98263	-95,02801	60,9487	-95,02802
12340	58,32727	-95,02802	58,98261	-95,02802
12360	58,98263	-95,02803	59,63797	-95,02803
12380	44,56458	-96,99413	-0,00018000000000029	-99,61559
12400	-5,24309	-100,27095	1,31057	-96,99413
12420	1,31059	-95,68341	-0,00014999999999787	-96,33879
12440	-0,00012999999999863	-95,02807	-0,00014999999999787	-94,37272
12460	-0,6555	-93,71736	-0,00014999999999787	-93,71736
12480	-0,6555	-92,40664	-0,00014999999999787	-92,40664
12500	-0,6555	-91,75128	0,65521	-91,75129
12520	-0,6555	-91,09593	0,65521	-90,44058
12540	-0,0001399999999947	-90,44058	-0,00016000000000105	-90,44057
12560	-0,65552	-90,44058	1,31056	-89,78522
12580	-0,00014999999999787	-89,78521	0,65518	-89,78522
12600	-0,65553999999999	-90,44058	0,65515	-90,44058
12620	-0,00021999999999878	-90,44059	1,31047	-90,44059
12640	1,31047	-90,44059	1,96581	-91,09594
12660	1,31044	-91,09594	-47,84159	-91,09594
12680	0,65504	-91,09594	1,31037	-91,7513
12700	0,655	-91,7513	11,79613	-91,75129
12720	50,4626	-95,02805	64,88069	-95,02804
12740	64,2253	-93,71731	62,91452	-91,75122
12760	62,25917	-91,09586	63,56987	-91,09587
12780	62,25914	-91,09588	62,91447	-91,09588
12800	62,2591	-91,75124	62,91443	-92,40661
12820	62,91443	-92,40661	62,91441	-93,06198
12840	62,9144	-93,06198	62,91438	-93,06199
12860	62,25901	-91,75126	63,5697	-93,06198
12880	62,91434	-92,40662	63,56967	-93,06199
12900	62,91431	-92,40663	63,56964	-93,71736
12920	62,25892	-93,71736	63,56961	-93,71736
12940	62,91425	-93,71736	64,22494	-93,71736
12960	78,64298	-95,02807	93,71647	-96,33877
12980	93,71646	-95,6834	92,40566	-93,71732
13000	92,40567	-93,06195	93,06102	-93,06196
13020	92,40566	-92,4066	93,06099	-92,4066
13040	91,75027	-91,09588	93,06097	-91,09589
13060	92,4056	-91,09589	93,06094	-91,75126
13080	92,40558	-91,75125	93,06091	-91,0959
13100	91,75019	-91,75126	92,40553	-91,75127
13120	91,09481	-91,09591	92,40551	-91,75127
13140	91,75015	-91,75127	91,75012	-92,40664
13160	77,33208	-93,71735	57,67103	-97,64951
13180	54,39421	-95,68342	59,63712	-93,06196
13200	59,63712	-92,4066	58,98173	-93,71733
13220	58,32638	-92,40661	58,98172	-91,75125
13240	58,32637	-91,09589	59,63707	-91,09589
13260	58,32636	-91,09589	58,32633	-91,75126
13280	57,67099	-90,44053	58,98169	-90,44054
13300	58,32634	-90,44054	58,32632	-90,44054
13320	58,32633	-89,78518	58,98168	-89,78518
13340	57,67096	-89,78518	58,98167	-89,78518
13360	58,32632	-89,78518	60,94776	-90,44055
13380	61,60316	-89,78518	62,25851	-89,78518
13400	61,60315	-89,78518	62,2585	-89,12982
13420	60,94779	-89,78519	62,25849	-90,44055
13440	61,60314	-90,44055	62,91385	-91,09591
13460	62,25849	-91,09592	62,91383	-92,40664
13480	62,91384	-93,71736	63,56919	-94,37273
13500	62,25848	-94,37273	63,56919	-95,02809
13520	62,25848	-95,0281	63,56918	-95,68346
13540	62,91384	-95,68346	63,56919	-95,0281
13560	62,91384	-95,02809	63,5692	-95,68346
13580	62,91384	-95,0281	64,22455	-95,68346
13600	62,91384	-95,0281	65,53528	-95,68346
13620	81,91943	-97,64952	100,92514	-100,27095
13640	102,89127	-100,27095	102,23585	-98,30487
13660	101,5805	-96,99415	102,89122	-96,3388
13680	102,23587	-96,99416	102,89122	-96,99416
13700	102,23588	-96,3388	103,54659	-96,3388
13720	102,23588	-96,33881	103,54659	-96,33882
13740	102,89124	-96,99418	104,20194	-96,99419
13760	102,89123	-97,64955	104,20194	-98,30492
13780	103,5466	-98,30492	104,20195	-98,96029
13800	102,89124	-98,96029	103,54658	-99,61565
13820	106,82341	-98,96029	119,93078	-100,27097
13840	125,17376	-100,92631	125,17373	-98,96023
13860	124,51837	-97,6495	125,17373	-96,99414
13880	124,51838	-96,99414	125,17373	-96,99415
13900	125,17374	-96,99414	124,51836	-97,64951
13920	124,51837	-97,64952	125,82909	-97,64952
13940	124,51838	-97,64952	125,17372	-97,64952
13960	125,17373	-96,99416	125,82909	-96,99416
13980	123,86302	-96,3388	125,17373	-96,99417
14000	125,17374	-96,99416	132,38273	-97,64951
14020	142,8687	-98,30485	146,14551	-98,30484
14040	144,17941	-96,99412	144,83476	-96,33876
14060	144,17941	-95,6834	144,83475	-95,6834
14080	144,1794	-95,68341	144,83475	-95,68341
14100	143,52404	-96,33877	144,83475	-95,68341
14120	144,1794	-95,68342	144,17939	-96,33878
14140	142,86869	-95,68342	144,17939	-96,33878
14160	143,52404	-95,68342	143,52403	-95,68343
14180	142,86868	-95,68343	143,52403	-96,33879
14200	142,86867	-96,33879	143,52403	-95,68343
14220	142,21332	-96,33879	142,86866	-95,68344
14240	141,55795	-96,3388	142,86866	-96,3388
14260	150,73309	-98,30489	161,8744	-100,27095
14280	162,52978	-99,61558	161,87436	-98,96022
14300	161,219	-98,96023	162,52971	-99,6156
14320	161,21899	-100,27096	161,87432	-100,92633
14340	160,5636	-102,23706	160,56357	-104,20314
14360	159,90822	-104,20315	161,87429	-105,51388
14380	160,56358	-105,51388	160,56355	-106,82461
14400	150,73305	-108,79069	114,68783	-116,65506
14420	66,19064	-126,48388	11,14033	-138,28215
14440	5,89746	-157,94325	22,93681	-176,29362
14460	24,24754	-175,63828	20,31537	-171,70605
14480	18,3493	-167,11848	17,69393	-163,84162
14500	16,38322	-159,25405	15,72785	-156,63257
14520	14,41714	-152,70038	14,41713	-149,42355
14540	13,76178	-147,45744	12,45105	-144,83598
14560	11,14034	-144,18062	11,14033	-142,86989
14580	9,82962	-141,55915	11,79569	-140,24842
14600	11,14034	-139,59305	19,66001	-140,90378
14620	26,21362	-140,24841	26,21361	-138,93766
14640	23,59218	-136,97156	23,59217	-136,3162
14660	22,93682	-135,00548	24,24753	-134,35011
14680	22,93682	-132,38402	22,93681	-132,38402
14700	22,28146	-131,72865	24,90289	-131,07328
14720	24,9029	-130,41792	24,90289	-129,76257
14740	23,59218	-129,76257	24,24753	-129,10721
14760	22,28146	-129,1072	22,28145	-129,76257
14780	20,97074	-129,76257	21,62609	-129,76258
14800	33,42258	-131,07329	62,25841	-134,35005
14820	80,60858	-135,00539	83,23002	-135,66075
14840	80,60856	-133,0393	81,26391	-131,72858
14860	79,95321	-131,72858	80,60856	-132,38395
14880	79,29784	-131,07323	79,95318	-131,72859
14900	78,64248	-131,07323	79,29782	-131,07323
14920	78,64246	-130,41787	78,64246	-130,41788
14940	77,33174	-130,41787	77,98708	-129,76252
14960	77,33173	-129,76251	77,98707	-129,76252
14980	76,67637	-129,76252	77,98708	-129,10716
15000	76,02101	-129,10716	76,67635	-129,76252
15020	75,36563	-129,76252	76,02097	-129,76252
15040	76,02098	-130,41788	76,02097	-130,41788
15060	75,36562	-131,07325	76,02097	-131,72861
15080	70,7781	-133,03933	66,19057	-135,66077
15100	64,87986	-135,00541	66,84593	-134,35004
15120	66,19058	-134,35004	66,19057	-134,35004
15140	64,87986	-134,35003	66,19057	-133,69468
15160	66,19058	-133,03932	66,19057	-133,69468
15180	66,19058	-133,03932	66,84593	-133,69468
15200	65,53522	-133,69468	66,19057	-134,35004
15220	65,53522	-134,35004	66,19057	-135,00542
15240	69,46738	-135,66077	91,09435	-138,28218
15260	116,65379	-140,24821	127,79502	-140,24819
15280	125,17352	-136,97137	125,17349	-135,00528
15300	125,17352	-135,00529	125,82886	-134,34994
15320	125,82888	-133,69457	126,48422	-133,03922
15340	125,82887	-133,03922	126,48423	-132,38387
15360	125,82887	-132,38387	126,48422	-131,72851
15380	125,82888	-131,72851	126,48423	-131,72852
15400	125,82888	-131,72852	127,79494	-131,07315
15420	127,1396	-130,41779	127,79495	-130,4178
15440	127,1396	-129,76244	127,79495	-129,10708
15460	127,13961	-129,10708	127,79496	-129,10709
15480	127,79497	-129,76246	135,65931	-132,3839
15500	152,04363	-134,34996	163,18492	-135,66065
15520	161,21879	-132,38384	161,21875	-131,07312
15540	161,87414	-129,7624	162,52948	-129,7624
15560	161,87413	-129,10704	163,18484	-129,10705
15580	162,52949	-127,79633	163,18483	-127,79633
15600	162,52949	-127,14096	163,18484	-126,4856
15620	161,87412	-125,83024	162,52948	-125,83024
15640	161,87412	-125,17488	162,52947	-125,17488
15660	161,87412	-124,51952	163,18483	-124,51953
15680	161,87412	-123,86416	163,18482	-123,86416
15700	148,11139	-129,10708	109,44472	-137,62683
15720	75,36566	-138,93757	72,08881	-135,66077
15740	77,98706	-131,7286	79,95314	-131,72859
15760	77,3317	-131,07324	77,98705	-130,41788
15780	77,3317	-129,76252	78,64241	-130,41789
15800	77,98706	-130,4179	-47,84207	-132,384
15820	78,64242	-133,69473	79,29777	-134,3501
15840	78,64242	-135,66084	79,95313	-136,97158
15860	79,29778	-138,28231	80,60849	-140,90379
15880	69,46738	-150,0789	35,38865	-171,05066
15900	23,59218	-194,64396	49,15121	-212,99434
15920	62,25842	-228,0678	68,81201	-228,06782
15940	62,91378	-220,8588	57,01553	-214,30514
15960	51,1173	-209,06218	49,15121	-203,81923
15980	43,90834	-198,57627	38,66545	-195,95476
16000	32,76722	-192,02254	31,45649	-189,40105
16020	29,49042	-187,43493	29,49041	-185,46883
16040	28,1797	-183,50274	28,17969	-182,192
16060	17,03858	-182,84735	9,82961	-182,84734
16080	9,17426	-180,88124	10,48497	-177,60441
16100	9,82962	-176,29366	8,51889	-175,6383
16120	7,86354	-174,32756	8,51889	-173,6722
16140	7,20818	-172,36146	8,51889	-171,05073
16160	7,20818	-170,39536	7,86353	-169,74
16180	7,20818	-168,42927	7,86353	-167,77391
16200	7,20818	-167,11854	7,86353	-167,11854
16220	7,20818	-165,80782	7,20817	-165,15245
16240	6,55282	-164,49708	7,20817	-164,49709
16260	22,93682	-164,49707	59,63697	-164,49704
16280	64,87986	-163,1863	64,22449	-162,53093
16300	63,56914	-161,87558	64,22449	-165,15242
16320	63,56914	-165,80778	64,87985	-165,15242
16340	64,87986	-163,18633	64,87985	-163,18633
16360	64,2245	-161,8756	64,22449	-161,8756
16380	64,2245	-160,56487	64,87985	-159,25415
16400	62,91378	-159,25414	64,22449	-159,25414
16420	63,56914	-158,59878	64,22449	-157,94342
16440	62,91378	-157,28805	63,56913	-157,28806
16460	62,91378	-157,28805	66,84593	-156,63269
16480	79,29778	-155,97729	90,43889	-156,63262
16500	91,74962	-154,66653	91,09425	-154,01117
16520	90,4389	-152,70045	91,09425	-153,35581
16540	89,78354	-152,70046	90,43889	-152,0451
16560	89,78354	-152,04511	91,09425	-152,04512
16580	90,4389	-151,38975	91,74961	-152,04512
16600	90,4389	-152,04512	91,09425	-152,04513
16620	90,4389	-151,38976	91,74961	-152,70049
16640	91,74962	-152,70049	92,40497	-153,35586
16660	91,74962	-154,01122	92,40497	-154,66659
16680	91,74962	-155,32195	93,06033	-155,97732
16700	98,30322	-157,94339	117,30873	-160,5648
16720	125,82856	-159,90941	124,51778	-157,94332
16740	123,86242	-155,32187	124,51778	-155,32187
16760	123,86244	-154,66652	125,17314	-154,66652
16780	123,86243	-154,01116	125,17315	-154,66652
16800	123,86244	-154,01115	125,17315	-155,32188
16820	123,86243	-154,66652	123,86243	-155,32188
16840	123,20707	-154,66652	124,51778	-154,66652
16860	123,86244	-154,01115	124,51779	-154,01115
16880	123,86245	-154,01115	124,5178	-154,66651
16900	123,20709	-154,01115	123,86244	-154,01114
16920	123,20709	-152,70042	123,86244	-154,01115
16940	123,20709	-154,01114	123,86243	-154,01115
16960	123,20709	-154,01114	123,86243	-153,35578
16980	123,20709	-154,01114	123,86243	-154,01115
17000	123,20708	-152,70042	123,20707	-152,70042
17020	123,20708	-152,70042	124,51779	-153,35578
17040	127,79465	-152,70039	129,10537	-151,38966
17060	127,13929	-150,07893	127,79464	-149,42356
17080	127,79467	-148,7682	127,79465	-148,11284
17100	126,48395	-147,45746	127,1393	-146,8021
17120	126,48395	-146,14674	127,1393	-146,80211
17140	126,48395	-146,14675	125,17317	-135,00552
17160	117,30879	-112,06761	108,78915	-89,1297
17180	106,16779	-76,02233	106,16783	-67,50259
17200	104,20177	-63,57039	104,20176	-61,60429
17220	103,54642	-59,6382	104,85713	-58,98284
17240	103,54642	-58,32748	104,20177	-58,32748
17260	102,89106	-58,32748	104,20177	-57,67212
17280	102,23571	-57,67211	103,54641	-58,32748
17300	102,89106	-59,63822	104,85712	-64,22579
17320	107,47853	-76,67777	110,09984	-101,58176
17340	95,68178	-137,62692	69,46737	-167,11839
17360	36,69938	-165,80773	38,66545	-146,1468
17380	30,14578	-129,7626	20,97073	-119,27667
17400	15,72786	-106,82467	13,76177	-96,33877
17420	11,7957	-85,85289	9,82961	-77,33313
17440	6,55282	-69,46872	3,93137	-64,22578
17460	1,30994	-60,29357	1,30993	-57,01674
17480	0,65458	-55,70599	-0,00079000000000207	-54,39525
17500	-2,62222	-51,7738	-1,96687	-51,77379
17520	-2,62222	-51,11842	-1,96687	-50,46305
17540	11,7957	-46,53085	34,07793	-41,2879
17560	36,04402	-38,01104	35,38865	-34,73422
17580	34,07794	-33,42349	34,07793	-33,42349
17600	32,76722	-33,42349	33,42257	-33,42348
17620	32,76722	-33,42348	33,42257	-33,42348
17640	32,76722	-33,42347	34,07793	-32,76812
17660	32,76722	-33,42348	33,42257	-33,42349
17680	32,11186	-34,07885	31,45649	-35,38957
17700	-5,89902	-37,35567	-20,31695	-38,66638
17720	-21,62766	-36,04493	-18,35087	-34,07883
17740	-20,31694	-35,38955	-19,66159	-35,38955
17760	-19,66158	-34,07883	-19,00623	-34,07884
17780	-19,66158	-34,07883	-19,00623	-34,07883
17800	-20,31694	-33,42346	-19,00623	-33,42346
17820	-19,66158	-33,42346	-19,00623	-33,42346
17840	-19,66158	-33,42346	-19,00623	-33,42346
17860	-20,31694	-33,42346	-19,66159	-34,07883
17880	-20,31694	-33,42346	-13,10799	-34,73419
17900	39,97618	-34,73419	73,39975	-36,04491
17920	81,26419	-36,04491	79,29803	-32,11273
17940	77,98732	-30,14663	79,29805	-28,83592
17960	78,6427	-28,18055	79,29805	-27,52519
17980	78,6427	-26,86983	79,29805	-26,21447
18000	77,98734	-25,55911	78,64269	-26,21447
18020	77,33199	-26,21447	77,98734	-25,55911
18040	76,67663	-26,21447	77,98735	-26,21447
18060	76,67664	-25,55912	77,98735	-25,55912
18080	76,67664	-24,90376	74,05517	-26,21448
18100	60,29245	-28,83593	55,70485	-29,49129
18120	57,01563	-26,21447	58,98171	-26,21447
18140	57,01563	-26,86984	57,67098	-26,21448
18160	57,01564	-25,55912	57,67098	-25,55912
18180	57,01564	-24,90376	58,32635	-25,55913
18200	56,36028	-24,90377	57,01562	-25,55913
18220	56,36028	-24,90377	57,671	-24,90377
18240	57,01565	-24,24841	57,671	-24,24842
18260	56,36029	-23,59306	57,671	-24,24842
18280	57,01565	-24,24843	57,671	-24,24843
18300	57,01565	-23,59307	58,98173	-24,24843
18320	72,74446	-25,55915	83,23035	-25,55913
18340	80,60888	-23,59303	80,60886	-22,28231
18360	79,95351	-22,28232	79,95348	-23,59304
18380	65,53542	-26,86984	43,90833	-31,45737
18400	38,66546	-30,14665	43,25297	-28,18055
18420	43,25298	-27,52519	43,25297	-27,52519
18440	43,25298	-26,86983	43,90833	-26,86983
18460	43,25298	-26,86982	45,21905	-25,5591
18480	44,5637	-25,5591	45,21905	-26,21446
18500	44,5637	-25,5591	45,21905	-26,21447
18520	45,21906	-26,21447	45,21905	-26,86983
18540	43,90834	-26,21447	44,56369	-27,5252
18560	36,04402	-29,49128	24,90289	-30,14664
18580	26,86898	-28,18055	30,80113	-27,52518
18600	28,83506	-27,52518	30,14577	-27,52518
18620	28,83506	-26,21446	30,14577	-26,86982
18640	28,83506	-26,21446	29,49041	-26,86983
18660	28,83506	-26,86983	28,83505	-28,18055
18680	28,83506	-27,52519	30,80113	-28,18056
18700	30,14578	-28,83592	30,80113	-28,83593
18720	30,80114	-28,83592	26,86897	-29,49129
18740	-13,10798	-31,45736	-21,62767	-32,11271
18760	-20,31694	-28,83589	-18,35087	-26,8698
18780	-20,31694	-26,21444	-19,00623	-26,21444
18800	-20,31694	-25,55908	-20,31695	-25,55908
18820	-20,9723	-24,24836	-19,66159	-24,90373
18840	-20,31694	-24,24837	-19,66159	-24,24837
18860	-19,66158	-22,93765	-19,00623	-23,59301
18880	-20,31694	-22,93765	-19,00623	-22,93764
18900	-19,66158	-21,62693	11,14033	-22,28228
18920	55,70497	-22,28228	79,95357	-22,28226
18940	79,95359	-20,31616	78,6428	-17,03934
18960	77,3321	-15,07327	77,98746	-15,07327
18980	76,67674	-15,07328	77,33209	-15,07328
19000	76,67674	-14,41792	77,33209	-13,76257
19020	76,67674	-13,76257	77,33209	-14,41794
19040	76,02138	-13,76258	77,33209	-13,76258
19060	75,36602	-14,41794	76,02136	-14,41795
19080	76,02138	-14,41796	76,67673	-15,07332
19100	76,67675	-15,07332	76,02136	-15,07332
19120	63,56941	-20,31623	56,36033	-21,62697
19140	57,67109	-19,00552	60,29253	-19,00551
19160	58,32646	-19,00551	59,63717	-19,00552
19180	58,98182	-19,00551	59,63718	-19,66088
19200	58,32646	-19,66088	59,63718	-19,66088
19220	58,98182	-19,66088	59,63717	-20,31625
19240	58,98182	-20,31625	60,94788	-20,97161
19260	60,29253	-21,62697	60,94787	-22,28234
19280	60,29252	-22,93769	61,60323	-24,24842
19300	57,67104	-26,21451	43,90833	-30,14666
19320	36,04402	-30,80202	40,63153	-28,83593
19340	40,63154	-27,5252	41,28689	-28,18056
19360	41,2869	-26,86984	41,94225	-27,5252
19380	41,2869	-26,86984	41,94225	-26,86984
19400	41,2869	-27,5252	41,94225	-27,5252
19420	41,2869	-28,18056	42,59761	-28,18057
19440	41,94226	-27,52521	42,59761	-27,52521
19460	41,94226	-26,86985	42,59761	-26,86984
19480	41,2869	-26,21449	42,59761	-26,86985
19500	46,52978	-24,90377	72,08907	-27,52522
19520	96,99312	-29,49129	99,61457	-26,86983
19540	96,33772	-22,93764	96,99308	-22,28229
19560	95,68238	-22,28228	96,99307	-21,62693
19580	95,68236	-21,62693	96,33771	-22,2823
19600	95,68236	-21,62694	96,33771	-21,62694
19620	95,68237	-20,97158	96,99308	-21,62694
19640	95,027	-20,97158	96,33771	-20,97159
19660	95,68237	-20,31622	96,33772	-20,97159
19680	96,33773	-20,31623	97,64844	-20,97159
19700	95,68237	-20,9716	96,99308	-21,62696
19720	100,26994	-22,28232	113,37734	-24,2484
19740	116,6542	-24,24839	114,68805	-22,93766
19760	114,0327	-20,97157	114,68806	-21,62694
19780	114,03271	-20,97159	114,68805	-20,31623
19800	114,68807	-19,66086	115,34342	-20,97158
19820	114,68807	-20,31623	115,99878	-20,31624
19840	114,68807	-20,9716	115,34342	-20,9716
19860	114,68806	-20,31624	114,68805	-20,31625
19880	118,62025	-21,62696	136,97058	-24,24841
19900	144,83504	-24,24839	143,52424	-22,2823
19920	141,55815	-20,31621	142,86888	-19,66085
19940	142,21353	-19,66085	142,86887	-19,00549
19960	142,21352	-18,35013	142,86888	-18,35014
19980	142,21352	-18,35013	142,86887	-18,35014
20000	141,55816	-17,69477	142,21351	-17,03942
20020	141,55816	-16,38405	142,2135	-16,38405
20040	141,55815	-15,07333	142,21351	-15,07333
20060	141,55816	-15,07334	141,55815	-15,7287
20080	118,62029	-22,28235	73,39988	-36,70033
20100	28,83506	-44,56468	6,55281	-41,28786
20120	20,31538	-34,73423	20,97073	-35,38958
20140	15,72786	-35,38959	15,72785	-34,73422
20160	15,72786	-33,42349	16,38321	-33,42349
20180	15,72786	-33,42348	16,38321	-33,42349
20200	15,0725	-34,07885	17,03857	-34,73421
20220	15,72786	-35,38957	17,03857	-36,04493
20240	17,03858	-36,04493	15,72785	-36,7003
20260	16,38322	-36,04493	19,66001	-37,35566
20280	1,9653	-39,97711	-36,70095	-44,56464
20300	-41,28846	-44,56463	-36,04559	-41,94318
20320	-36,70094	-41,28781	-36,04559	-41,94318
20340	-36,04558	-41,28782	-35,39023	-41,94318
20360	-36,04558	-41,28782	-35,39023	-41,94318
20380	-36,04558	-41,28782	-36,04559	-41,94318
20400	-36,04558	-41,28782	-34,73487	-41,28782
20420	-36,70094	-41,28782	-36,04559	-41,28783
20440	-36,04558	-41,28782	-35,39023	-41,28782
20460	-37,3563	-41,28782	-35,39023	-41,28783
20480	-36,04558	-40,63246	-35,39023	-41,28782
20500	-36,04558	-40,63246	-35,39023	-41,28783
20520	-35,39022	-41,28783	-17,04015	-39,32174
20540	11,14034	-38,66636	17,03857	-38,66636
20560	14,41714	-37,35563	15,72785	-38,01099
20580	15,72786	-38,01099	17,03857	-38,01099
20600	16,38322	-38,01099	17,03857	-38,01099
20620	17,03858	-38,01099	17,69393	-38,66636
20640	17,69394	-38,66635	19,00465	-39,32171
20660	19,00466	-39,32171	19,66001	-39,32172
20680	19,66002	-39,32172	20,31537	-39,97708
20700	19,66002	-39,97708	20,31537	-39,32172
20720	19,66002	-39,32172	20,97073	-39,32172
20740	19,66002	-38,66636	20,31537	-39,97709
20760	19,00466	-39,32172	21,62609	-39,97709
20780	40,63154	-40,63246	64,22473	-41,94318
20800	75,366	-41,94317	74,05523	-40,63244
20820	72,7445	-38,66636	73,39985	-38,66636
20840	72,74451	-38,66637	73,39985	-38,01101
20860	72,08914	-38,01101	72,74448	-38,01101
20880	71,43378	-37,35566	72,08912	-37,35566
20900	71,43377	-36,7003	72,08912	-37,35566
20920	71,43377	-36,7003	72,08912	-37,35567
20940	70,77841	-37,35567	71,43376	-36,70031
20960	71,43377	-36,70031	72,08913	-37,35567
20980	70,77841	-36,70031	71,43376	-37,35568
21000	70,77841	-36,04496	72,08912	-36,70032
21020	71,43377	-37,35569	72,74446	-38,01106
21040	71,43375	-38,66642	72,74444	-39,32179
21060	71,43373	-39,97715	73,3998	-40,63251
21080	81,26419	-41,94323	108,13432	-45,8754
21100	123,20786	-47,84147	121,89706	-45,22002
21120	119,27559	-41,9432	121,24168	-41,94319
21140	120,58633	-40,63248	121,24167	-40,63248
21160	120,58632	-39,32175	121,24167	-38,66639
21180	119,93096	-38,66638	121,24167	-38,66638
21200	119,93096	-38,01102	121,24166	-38,01102
21220	120,58631	-38,01101	121,24166	-37,35565
21240	120,58631	-36,04492	121,24166	-36,70028
21260	120,58631	-36,04492	121,24167	-36,04492
21280	120,58632	-35,38955	120,5863	-34,73419
21300	120,58632	-34,07883	121,24167	-34,07883
21320	120,58632	-33,42346	120,58631	-33,42347
21340	120,58632	-32,11275	120,5863	-32,76811
21360	119,93095	-32,11275	123,20776	-32,76812
21380	129,76149	-33,42346	132,38296	-32,11274
21400	131,07222	-30,802	130,41685	-30,14664
21420	130,41687	-29,49128	131,72757	-29,49128
21440	131,07223	-28,18055	131,72757	-28,18056
21460	129,7615	-28,83592	131,0722	-28,18056
21480	131,07222	-27,5252	131,72756	-28,18056
21500	130,41685	-28,18056	131,72755	-28,18057
21520	129,76148	-27,5252	131,07219	-27,5252
21540	130,41684	-27,5252	131,07219	-28,18057
21560	130,41684	-28,18057	117,30947	-31,45741
21580	80,60887	-42,59858	44,56369	-49,15222
21600	39,32082	-45,22004	47,18513	-39,97714
21620	47,18514	-39,97714	46,52977	-39,32177
21640	46,52978	-38,66641	47,84049	-37,3557
21660	47,8405	-37,35569	49,80657	-37,3557
21680	49,15122	-36,70034	50,46193	-36,70034
21700	49,80658	-36,04498	51,11729	-37,35571
21720	51,1173	-36,70035	51,77265	-37,35572
21740	51,1173	-37,35572	52,42801	-38,01109
21760	52,42802	-37,35573	53,08337	-38,66645
21780	53,08338	-39,32181	51,77265	-40,63254
21800	38,66546	-46,5308	24,24753	-50,46298
21820	28,83506	-49,15224	34,07793	-47,84151
21840	32,11186	-48,49687	32,76721	-49,15224
21860	32,76977	-48,49687	34,73329	-48,49688
21880	34,07794	-48,49688	34,73329	-48,49688
21900	33,42258	-48,49688	34,73329	-49,15224
21920	34,7333	-47,84152	34,73329	-49,15225
21940	32,76722	-49,80761	34,07793	-49,80763
21960	33,42258	-50,46299	34,07793	-52,42909
21980	3,93138	-57,01663	-19,66159	-60,29344
22000	-17,04014	-58,98271	-11,79727	-57,67198
22020	-13,10798	-56,36126	-12,45263	-57,01662
22040	-13,10798	-56,36125	-12,45263	-56,36126
22060	-13,10798	-56,36126	-11,79727	-56,36127
22080	-13,10798	-56,36127	-12,45263	-56,36127
22100	-12,45262	-56,36127	-11,79727	-57,01663
22120	-13,10798	-57,01664	-11,14191	-57,01664
22140	-11,79726	-57,01664	-11,14191	-57,672
22160	-11,1419	-57,672	-9,83119	-57,01664
22180	-9,83118	-57,01664	-9,17583	-57,01664
22200	-10,48654	-56,36128	-3,27759	-56,36128
22220	39,32082	-55,05053	64,22456	-55,05051
22240	73,39974	-55,0505	72,74687	-53,08441
22260	70,12287	-51,77369	70,77823	-51,77369
22280	70,12288	-51,11834	70,12287	-51,11834
22300	69,46752	-50,46297	70,12288	-49,80762
22320	69,46752	-49,80762	70,12287	-49,80762
22340	69,46752	-49,15225	70,12287	-49,15226
22360	68,81217	-48,4969	69,46751	-49,15226
22380	68,81217	-48,4969	69,46752	-49,15226
22400	69,46753	-48,4969	69,46753	-48,4969
22420	68,15666	-48,49691	68,81217	-48,49691
22440	68,81219	-49,15227	68,15681	-49,80764
22460	66,84609	-49,80764	68,15681	-49,15228
22480	66,8461	-49,15228	67,50145	-49,80765
22500	67,50146	-49,80764	68,81217	-49,15229
22520	68,15683	-49,80765	80,6088	-51,11838
22540	95,02697	-53,73981	98,30379	-53,08444
22560	95,68231	-51,11836	96,99303	-51,11836
22580	95,68232	-50,463	96,33766	-50,46301
22600	95,68231	-50,46301	96,33766	-50,46301
22620	96,99303	-50,46301	97,64837	-50,46302
22640	97,64838	-50,46302	98,30372	-51,77375
22660	97,64837	-52,42911	98,30372	-53,08448
22680	98,30372	-53,08447	98,95908	-53,73984
22700	98,30372	-53,08448	-47,84157	-54,39521
22720	98,30372	-53,08448	98,95908	-54,39521
22740	98,30373	-53,08448	98,95908	-53,73984
22760	98,95909	-53,73985	99,61444	-54,39521
22780	98,95907	-54,39521	99,61442	-54,39522
22800	98,95907	-54,39522	99,61442	-55,05058
22820	99,61443	-55,05058	100,26977	-55,05059
22840	99,61442	-55,05059	100,26977	-55,05059
22860	99,61442	-54,39523	100,92513	-54,39523
22880	106,16808	-55,70593	123,86304	-58,98272
22900	131,07212	-58,98272	130,4167	-58,32735
22920	130,4167	-56,36126	131,07206	-56,36126
22940	130,41672	-56,36126	131,07206	-56,36126
22960	129,76135	-55,7059	131,72742	-55,7059
22980	131,07208	-55,05054	132,3828	-55,05055
23000	131,72745	-55,05054	131,72744	-54,39518
23020	131,72745	-53,73982	132,3828	-53,08446
23040	132,38281	-53,08446	133,03815	-53,08447
23060	132,38281	-54,39519	133,03816	-53,73984
23080	129,76134	-55,05057	106,82345	-63,57031
23100	68,15681	-73,40075	50,46193	-75,36685
23120	55,04946	-68,8132	58,98161	-65,53638
23140	57,01554	-64,881	55,70481	-63,57027
23160	53,0834	-62,25954	52,42803	-60,94881
23180	51,77269	-60,29343	52,42804	-58,98271
23200	52,42806	-58,32736	54,39412	-57,67199
23220	54,39414	-57,01663	55,70485	-57,01663
23240	55,0495	-56,36128	55,70484	-56,36128
23260	55,04949	-56,36129	52,42801	-58,98274
23280	30,80114	-60,29346	9,82961	-61,60419
23300	11,7957	-58,32737	15,07249	-57,01665
23320	13,76178	-56,36128	14,41713	-57,01665
23340	13,76178	-56,3613	-47,84207	-56,3613
23360	14,41714	-56,36131	13,76177	-56,36132
23380	13,10642	-55,70596	13,76177	-55,70596
23400	13,76178	-55,0506	15,72785	-55,0506
23420	13,76178	-54,39524	14,41713	-54,39524
23440	13,76178	-53,73988	14,41713	-55,0506
23460	13,76178	-54,39525	15,07249	-54,39525
23480	8,5189	-55,70598	-2,62223	-57,0167
23500	-3,93294	-55,70597	-1,31151	-55,70596
23520	-2,62222	-55,70596	-2,62223	-56,36132
23540	-2,62222	-56,36132	-1,31151	-56,36133
23560	-2,62222	-57,67205	-1,31151	-58,32742
23580	-1,96686	-58,32742	-1,31151	-58,98278
23600	-2,62222	-58,98278	-0,65615	-59,63814
23620	-1,3115	-58,98278	-0,65615	-59,63813
23640	-1,3115	-59,63813	-0,00079000000000207	-58,98277
23660	0,65458	-59,63813	30,80113	-60,29348
23680	53,08341	-58,98274	62,25854	-59,63716
23700	61,60318	-58,32736	61,60315	-57,672
23720	60,94782	-57,672	61,60316	-57,67201
23740	60,94781	-57,01664	62,25853	-57,01665
23760	60,94781	-57,01664	62,25853	-56,36128
23780	62,25855	-56,36127	62,91389	-57,01664
23800	61,60318	-57,01664	62,25853	-57,672
23820	62,25854	-57,01665	62,25853	-57,01666
23840	62,25854	-57,67201	62,91388	-57,67202
23860	62,25854	-58,32738	62,91388	-58,98275
23880	61,60317	-58,98275	62,25851	-58,98276
23900	61,60315	-59,63812	62,2585	-60,94885
23920	61,60315	-60,94885	62,2585	-60,94886
23940	60,94778	-61,60422	62,25849	-61,60423
23960	61,60314	-62,25959	61,60313	-62,91496
23980	60,94778	-63,57033	61,60312	-64,22569
24000	60,29241	-64,2257	58,98166	-64,88107
24020	58,32631	-64,88106	58,98166	-64,88107
24040	58,32632	-64,88106	58,98165	-65,53643
24060	58,32631	-64,88107	58,98166	-64,88107
24080	57,67095	-65,53643	58,3263	-66,19179
24100	57,67095	-66,19178	58,3263	-66,19179
24120	57,67094	-66,19179	58,3263	-67,5025
24140	57,67094	-66,84714	57,67093	-67,50251
24160	63,56924	-68,15787	74,05514	-68,81323
24180	75,3659	-68,15786	76,02123	-67,50249
24200	74,71052	-66,84713	75,36588	-66,84714
24220	74,71053	-66,19177	76,02124	-65,53641
24240	75,36589	-65,53641	75,36587	-65,53642
24260	74,71051	-65,53642	74,7105	-66,84715
24280	74,05514	-66,84715	74,71049	-66,84716
24300	73,39978	-66,84716	74,05512	-67,50253
24320	72,74441	-66,84716	74,05513	-66,84716
24340	72,08906	-67,50252	72,74441	-68,81325
24360	72,08906	-68,15789	73,39977	-68,81325
24380	72,08906	-70,12398	73,39977	-71,43471
24400	72,08907	-72,74544	80,6088	-73,4008
24420	99,61456	-75,36686	109,44509	-76,67757
24440	107,47896	-74,71148	108,13431	-72,74539
24460	108,78972	-71,43467	109,44509	-70,77931
24480	109,44511	-70,12394	110,75583	-69,46858
24500	110,75586	-68,15786	112,06657	-68,81323
24520	111,41122	-68,15787	112,06658	-68,15787
24540	112,06658	-68,15787	112,06657	-68,15787
24560	111,41122	-68,15787	112,72191	-68,15787
24580	111,41119	-68,15787	115,99872	-70,12395
24600	125,82929	-71,43467	132,38294	-72,09002
24620	130,41682	-70,12393	131,07215	-69,46858
24640	130,4168	-70,12394	130,41678	-70,12395
24660	129,76143	-70,77931	131,07212	-70,77932
24680	130,41677	-70,77932	131,72747	-71,43469
24700	130,41676	-71,43468	132,38282	-70,77933
24720	-36,04469	-70,77932	132,38281	-70,12397
24740	131,72747	-70,12396	133,03818	-69,4686
24760	132,38283	-68,81324	133,03818	-69,4686
24780	132,38283	-68,81324	133,03817	-70,12397
24800	131,72745	-70,12397	135,65962	-70,77934
24820	144,17949	-72,74541	147,45631	-72,7454
24840	144,83484	-70,77931	145,49019	-70,12394
24860	144,17949	-69,46858	146,14555	-69,46858
24880	145,49021	-68,15786	145,49019	-68,15786
24900	144,17948	-67,50249	145,49019	-68,15786
24920	144,83484	-67,5025	145,49019	-68,15787
24940	144,17948	-68,15787	144,83482	-68,81323
24960	144,17946	-68,15787	145,49018	-68,15787
24980	144,83484	-68,15787	143,52408	-69,4686
25000	118,62015	-75,3669	76,67661	-89,78491
25020	43,25298	-93,71711	43,25297	-89,12957
25040	50,46194	-85,85274	49,80657	-85,85274
25060	47,8405	-85,85272	48,49585	-84,542
25080	47,8405	-83,23129	48,49585	-83,88666
25100	48,49586	-84,54202	49,80657	-84,54203
25120	48,49586	-85,19739	49,80657	-85,85277
25140	49,80658	-86,50813	51,77265	-87,81886
25160	48,49586	-88,47423	31,45649	-87,1635
25180	11,14034	-85,85277	11,14033	-84,54204
25200	14,41714	-82,57596	14,41713	-82,57596
25220	13,10642	-82,57596	13,10641	-81,92061
25240	12,45106	-82,57597	14,41713	-83,23134
25260	13,10642	-83,23134	13,10641	-83,88671
25280	13,10642	-84,54208	14,41713	-84,54207
25300	13,76178	-84,54208	15,07249	-84,54208
25320	15,0725	-84,54208	15,72785	-83,88673
25340	14,41714	-84,54208	15,07249	-84,54209
25360	15,72786	-83,88674	17,03857	-84,5421
25380	15,72786	-84,5421	16,38321	-85,19747
25400	15,72786	-85,19746	16,38321	-85,85283
25420	17,03858	-85,85283	18,34929	-85,85284
25440	17,03858	-85,85283	17,69393	-85,85284
25460	17,03858	-85,85284	19,00465	-85,85284
25480	17,69394	-85,19747	19,00465	-85,85284
25500	19,00466	-85,19748	20,31537	-85,85284
25520	19,00466	-85,19748	19,66001	-85,19749
25540	22,28146	-85,85285	45,87441	-87,81892
25560	62,25842	-87,81891	66,19057	-87,81891
25580	63,56914	-85,85282	64,87985	-85,19746
25600	64,2245	-85,19746	64,22449	-85,19746
25620	64,2245	-84,5421	64,87985	-84,5421
25640	64,2245	-83,88674	65,53521	-84,5421
25660	64,87986	-83,88675	64,87985	-83,23139
25680	64,87987	-83,88675	64,87986	-84,54211
25700	64,22451	-83,88675	64,87985	-84,54212
25720	64,22451	-83,88675	64,87986	-84,54212
25740	64,22452	-83,88676	65,53523	-84,54213
25760	64,87988	-83,88676	70,77815	-84,54212
25780	83,23019	-83,88674	90,43922	-84,5421
25800	88,47313	-83,88674	89,78383	-83,23137
25820	88,47313	-82,57602	89,78384	-83,23139
25840	89,12849	-83,2314	89,78384	-83,88676
25860	89,12849	-83,88676	91,09456	-84,54213
25880	90,43921	-85,1975	91,09457	-85,85286
25900	90,43922	-85,85286	91,09458	-86,50823
25920	91,09459	-86,50822	91,74995	-86,50823
25940	91,74998	-86,50822	92,40534	-87,16359
25960	91,75	-86,50822	91,75	-87,16358
25980	91,09466	-86,50822	92,40539	-87,16358
26000	91,09469	-87,16359	91,75005	-87,81895
26020	91,09472	-87,81895	91,75007	-88,47432
26040	90,43938	-88,47431	91,09474	-88,47433
26060	90,43941	-88,47432	92,40551	-88,47432
26080	91,09482	-88,47432	91,75018	-88,47432
26100	90,4395	-87,81896	91,75023	-88,47432
26120	91,75027	-87,81896	91,75029	-88,47432
26140	91,09496	-88,47433	93,06107	-88,47432
26160	97,6487	-89,12967	106,82387	-90,44038
26180	108,13466	-90,44037	108,13464	-89,78501
26200	107,47933	-88,47428	108,79006	-89,12965
26220	107,47938	-88,47429	108,79011	-87,81893
26240	107,47944	-88,4743	108,79016	-89,12966
26260	108,7902	-88,4743	110,10094	-88,4743
26280	109,44561	-87,81893	110,10099	-87,81894
26300	109,44566	-87,16357	110,10103	-87,81894
26320	109,4457	-87,81894	110,10106	-87,81894
26340	109,44573	-88,4743	110,1011	-89,12967
26360	109,44577	-89,12967	110,10114	-90,4404
26380	109,4458	-91,09577	108,13504	-93,06187
26400	84,54188	-102,89233	56,36109	-111,41208
26420	49,80745	-110,75674	57,67181	-108,79066
26440	58,32719	-109,44603	57,67181	-110,10141
26460	57,01646	-109,44605	58,32718	-109,44606
26480	57,01648	-108,7907	57,01647	-108,13535
26500	55,70576	-108,13535	55,70574	-108,13535
26520	55,70576	-108,13535	56,36111	-108,13536
26540	55,0504	-107,47999	55,70575	-107,47999
26560	55,70577	-106,82462	56,36112	-106,82462
26580	50,46285	-107,47998	22,93751	-107,47995
26600	7,20879	-106,16922	14,4178	-103,54775
26620	14,41783	-102,23701	13,76246	-101,58164
26640	13,10711	-100,92626	13,76247	-100,92626
26660	11,79641	-100,27089	12,45176	-100,27089
26680	9,83034	-100,27088	9,83033	-100,92624
26700	8,51962	-100,92624	8,51961	-101,58161
26720	5,89818	-102,89232	6,55352	-103,54768
26740	5,89817	-104,20304	7,86424	-104,8584
26760	7,20889	-104,8584	8,5196	-106,16911
26780	7,86425	-106,16911	8,5196	-106,82447
26800	8,51961	-106,16911	9,17496	-107,47982
26820	9,17497	-107,47982	9,83033	-107,47981
26840	8,51962	-106,82444	9,83033	-107,4798
26860	8,51962	-106,16908	9,17498	-106,82444
26880	9,17498	-106,16907	9,17497	-106,82444
26900	7,86426	-106,82443	12,45178	-106,82443
26920	37,35559	-107,47976	51,11831	-108,79044
26940	51,77369	-108,13507	51,1183	-106,82434
26960	50,46296	-106,16897	51,11831	-106,16897
26980	49,15224	-105,51361	50,46295	-105,51362
27000	48,49688	-104,85825	48,49687	-105,51362
27020	47,18617	-104,2029	47,84152	-104,20289
27040	45,87545	-104,85826	45,87544	-104,85826
27060	45,2201	-104,2029	45,87544	-104,20291
27080	45,22009	-104,85827	45,22008	-104,85828
27100	44,56473	-104,85828	45,22008	-104,85828
27120	44,56473	-104,85828	45,87545	-104,85828
27140	46,53082	-104,20291	47,18617	-104,85827
27160	48,49691	-104,20291	63,57032	-105,51362
27180	77,33309	-106,82433	81,92063	-106,82433
27200	79,95453	-106,16896	80,60988	-105,5136
27220	79,29917	-105,5136	80,60989	-105,51361
27240	79,95454	-104,85825	80,60988	-104,85825
27260	79,95453	-104,85824	80,60988	-104,85825
27280	79,95454	-104,20289	79,95452	-104,85825
27300	79,29917	-104,20289	79,95452	-104,85826
27320	78,6438	-104,2029	79,29915	-104,85826
27340	78,64381	-104,20289	79,29915	-104,20289
27360	77,98845	-104,20288	78,64379	-104,20289
27380	77,98845	-104,20289	77,33306	-104,2029
27400	62,25965	-106,16898	53,08445	-106,82433
27420	54,39523	-104,85825	57,01668	-103,54752
27440	55,0506	-104,20287	55,70595	-104,20288
27460	55,0506	-103,54751	55,70595	-103,54752
27480	54,39524	-103,54752	55,0506	-102,89216
27500	53,73989	-102,89216	55,05059	-102,89216
27520	53,73989	-101,58143	55,05059	-102,2368
27540	53,73988	-102,2368	55,05059	-102,23681
27560	53,73989	-102,2368	54,39523	-102,2368
27580	53,08452	-102,23681	54,39524	-102,23682
27600	53,73988	-102,23681	54,39523	-102,23682
27620	53,08452	-102,23681	53,08449	-102,89218
27640	39,97718	-103,54753	37,35569	-103,54752
27660	-48,49642	-102,2368	40,63252	-102,23679
27680	39,3218	-102,89216	39,97714	-102,89216
27700	38,66643	-103,54753	39,32177	-104,20289
27720	38,66642	-104,85826	39,32177	-104,85826
27740	38,66642	-105,51362	38,66641	-105,51362
27760	38,01107	-104,85826	39,32179	-105,51362
27780	38,66644	-105,51362	39,32179	-104,85826
27800	38,66644	-104,85825	39,3218	-105,51362
27820	38,01109	-104,85825	38,66643	-105,51362
27840	38,66645	-104,85826	39,97716	-105,51363
27860	38,01108	-106,16899	39,32179	-106,16899
27880	38,01108	-106,16899	39,32179	-106,16899
27900	38,01109	-105,51363	38,66644	-105,51363
27920	38,01109	-104,85826	38,66644	-105,51364
27940	38,01109	-105,51364	38,66643	-105,51364
27960	38,01109	-104,85827	39,97716	-106,169
27980	55,70596	-106,16898	83,23145	-106,82432
28000	94,37276	-106,8243	92,40659	-104,20285
28020	91,09585	-102,23675	91,75122	-102,23677
28040	91,75124	-101,5814	93,06194	-100,92604
28060	92,4066	-100,92604	93,71731	-100,92604
28080	93,71732	-100,92604	95,02804	-101,58141
28100	95,02805	-102,23678	95,02804	-102,89214
28120	94,37268	-102,89214	95,6834	-103,5475
28140	95,02806	-103,5475	99,6156	-104,85822
28160	112,06767	-108,79039	120,58745	-110,75647
28180	120,58743	-107,47966	122,55349	-106,82429
28200	121,89815	-105,51357	122,55351	-105,51357
28220	123,20888	-105,51357	123,86423	-105,51358
28240	123,20888	-105,51358	124,51959	-105,51358
28260	123,20888	-105,51358	125,17495	-105,51359
28280	124,51959	-104,85823	125,17494	-105,5136
28300	126,48569	-104,20285	134,35011	-103,54747
28320	137,62698	-103,54746	137,62694	-102,8921
28340	136,97159	-101,58137	137,62693	-101,58138
28360	136,97158	-100,92602	136,97157	-101,58138
28380	137,62694	-100,92603	138,2823	-100,92603
28400	136,97159	-100,27067	138,2823	-100,92603
28420	137,62695	-100,27067	138,93766	-101,58139
28440	137,62695	-101,58139	138,93765	-102,23676
28460	138,28229	-102,89212	128,45176	-104,20286
28480	120,58735	-104,85821	122,55344	-104,85821
28500	123,86419	-104,20285	124,51953	-104,85821
28520	123,20882	-104,85821	124,51952	-104,85822
28540	124,51953	-104,85822	125,17488	-104,85822
28560	123,86417	-104,20286	125,17488	-104,20286
28580	125,83024	-104,20286	126,4856	-104,20287
28600	125,83025	-104,20288	126,48559	-104,20288
28620	126,48559	-104,20288	134,34998	-106,16895
28640	142,86982	-107,47966	146,802	-106,82429
28660	145,49126	-105,51356	146,80197	-104,85821
28680	146,14662	-104,85821	147,45734	-104,85822
28700	146,80198	-105,51358	147,45732	-106,16896
28720	147,45732	-106,82432	148,76801	-108,13506
28740	148,11266	-110,10117	149,42335	-111,41191
28760	148,76798	-114,03337	148,76793	-115,99947
28780	126,48546	-123,20851	87,16339	-138,28192
28800	61,60405	-143,52487	64,8808	-142,86953
28820	70,77905	-142,21419	69,46832	-142,21419
28840	66,84687	-141,55883	68,15758	-140,24812
28860	66,84687	-139,59275	68,15757	-138,9374
28880	67,50221	-138,28205	67,5022	-138,28205
28900	66,84685	-136,97132	67,5022	-135,6606
28920	66,84685	-136,31596	68,15755	-135,6606
28940	67,50222	-134,34987	68,81294	-134,34987
28960	68,81295	-133,69449	70,12367	-132,38377
28980	66,84687	-131,07304	48,49659	-128,45157
29000	0,65508000000001	-123,864	-1,96641	-121,89788
29020	1,96583	-118,62106	3,27657	-117,96569
29040	2,62122	-117,31032	3,27659	-115,99959
29060	3,2766	-114,68887	3,93196	-114,68887
29080	4,58734	-114,03351	5,24269	-113,37815
29100	3,93198	-112,72278	4,58733	-112,72278
29120	3,93199	-112,06742	5,24269	-112,06743
29140	4,58735	-111,41206	5,89807	-110,75671
29160	5,24272	-110,75671	5,89807	-110,7567
29180	5,24273	-110,10134	5,89808	-110,10135
29200	5,24274	-109,44599	7,86417	-110,10136
29220	36,70013	-112,06742	51,77357	-113,37813
29240	55,05041	-113,37812	54,39503	-112,72276
29260	53,73967	-112,72277	54,39503	-112,72277
29280	54,39503	-113,37813	55,70574	-113,37814
29300	55,05039	-113,37814	55,70573	-114,0335
29320	54,39502	-114,0335	55,70573	-114,68887
29340	54,39502	-115,34422	55,05037	-115,34423
29360	55,05037	-114,68887	55,70573	-115,34423
29380	55,05038	-115,34422	58,32718	-115,34423
29400	76,02207	-115,99956	98,95999	-117,9656
29420	104,20296	-117,96559	102,89216	-116,65488
29440	101,58144	-115,99951	102,2368	-115,99952
29460	101,58144	-115,99952	102,23679	-116,65489
29480	101,58145	-115,99953	102,89216	-115,99953
29500	102,23681	-115,34417	102,89215	-115,34417
29520	102,89217	-114,68881	103,54752	-115,34418
29540	102,89218	-115,34417	103,54752	-115,34417
29560	102,89217	-115,34417	103,54752	-115,34418
29580	102,89217	-115,34418	103,54752	-115,34418
29600	102,23681	-115,34418	102,89215	-115,34419
29620	101,58144	-115,34418	101,58142	-115,99955
29640	101,58143	-115,34419	101,58142	-115,34419
29660	100,92607	-115,34419	100,92606	-115,34419
29680	100,92607	-114,68884	100,92606	-114,68883
29700	100,92608	-114,68883	102,89215	-115,3442
29720	116,65486	-119,93171	134,34982	-122,55314
29740	135,0052	-121,2424	135,00514	-119,27632
29760	134,3498	-118,62095	136,31588	-118,62097
29780	135,66053	-118,62096	136,97124	-118,62097
29800	136,31589	-117,96561	137,6266	-117,31024
29820	137,62662	-117,31025	138,28197	-117,31025
29840	137,62662	-116,65489	137,62661	-116,65489
29860	137,62661	-115,99953	138,93732	-116,6549
29880	138,93734	-115,99953	138,93733	-116,6549
29900	138,93734	-115,99955	139,59268	-116,6549
29920	139,5927	-115,34418	140,24804	-115,34419
29940	139,5927	-115,34418	139,59269	-114,68882
29960	139,5927	-114,68882	140,24805	-114,68883
29980	140,24806	-114,03346	140,90341	-114,68883
