T	LX	LY	RX	RY
0	0	0	0	0
20	0,65538000000001	0,65537	2,0000000006348E-5	1,31073
40	3,0000000009522E-5	1,31073	-0,65532999999999	1,31073
60	5,000000000166E-5	1,9661	-0,65532999999999	1,31073
80	-0,65530999999999	1,96611	-1,31068	2,62147
100	-0,65530999999999	2,62147	-1,96603	2,62148
120	-1,96602	1,96613	-2,61884	1,96612
140	-1,96602	1,96613	-2,62138	1,96613
160	-1,96601	1,96613	-3,27675	2,62149
180	-1,96601	1,96613	-2,62138	1,96613
200	-1,966	1,96613	-2,62138	1,31077
220	-1,31066	1,96614	-1,31067	1,31078
240	-0,6553	1,31078	3,9999999998486E-5	1,31078
260	0,6554	1,31078	2,9999999995312E-5	1,31078
280	1,31076	1,31078	0,65538000000001	1,31078
300	0,6554	1,96615	0,65539	1,31078
320	0,6554	1,31078	-0,65532999999999	1,31078
340	4,0000000012697E-5	1,31078	2,9999999995312E-5	0,65543
360	-0,65530999999999	0,65542	-0,65532	6,0000000004834E-5
380	-0,65530999999999	0,65542	-1,31067	0,65542
400	5,000000000166E-5	6,0000000004834E-5	-1,31067	6,0000000004834E-5
420	-0,65528999999999	6,0000000004834E-5	-1,31066	6,0000000004834E-5
440	-0,65527999999999	6,0000000004834E-5	-1,31065	6,0000000004834E-5
460	-0,65527999999999	0,65542	-1,31065	6,0000000004834E-5
480	-0,65526999999999	0,65543	-1,31063	6,0000000004834E-5
500	-0,65526	0,65542	-0,65528	0,65542
520	-0,65526	0,65542	-0,65527	6,0000000004834E-5
540	0,00010000000000332	6,0000000004834E-5	-65,53591	6,0000000004834E-5
560	0,00012000000000967	0,65542	-1,31061	5,000000000166E-5
580	-0,65522999999999	6,0000000004834E-5	-1,3106	-0,6553
600	-0,65522	-0,6553	-1,31059	-0,65531
620	-1,31057	-0,6553	-1,31057	-0,6553
640	-1,31055	-0,6553	-7,20882	-1,31063
660	-10,48561	-1,96597	-9,83025	-1,96599
680	-9,17488	-1,31063	-9,83025	-1,31063
700	-9,83023	-1,31062	-10,48559	-1,31062
720	-10,48558	-1,31062	-10,48558	-1,96598
740	-10,48556	-1,31061	-10,48558	-1,96597
760	-9,83021	-1,96596	-9,83022	-2,62132
780	-9,17486	-2,62132	-9,83022	-3,27668
800	-9,17485	-2,62131	-9,83022	-3,27667
820	-9,17485	-2,62131	-10,48557	-2,62131
840	-9,8302	-1,96594	-11,14093	-1,96594
860	-10,48555	-1,96594	-11,14092	-1,96595
880	-11,1409	-1,31057	-9,83018	-0,65523
900	-2,62114	0,00012000000000256	-2,62113	-0,65525
920	-2,62112	0,65548	-2,62115	1,31083
940	-1,96578	1,31083	-2,62115	1,31083
960	-1,96577	1,9662	-2,62114	1,9662
980	-2,62112	3,27693	-3,2765	1,96621
1000	-2,62112	1,96621	-3,27649	1,96621
1020	-2,62112	1,96621	-3,93185	1,9662
1040	-3,27647	2,62157	-3,93184	2,62157
1060	-3,27647	2,62158	-3,93183	2,62157
1080	-3,93182	3,27693	-4,58719	3,27693
1100	-3,93182	3,9323	-4,58718	3,9323
1120	-4,58716	4,58766	-4,58717	4,58766
1140	-3,9318	5,24303	-4,58717	5,89839
1160	-4,58715	5,89839	-5,24252	6,55375
1180	-4,58715	6,55375	-4,58715	7,20911
1200	-4,58714	7,86447	-5,24251	7,86447
1220	-3,27641	9,83055	5,24335	11,79661
1240	9,83094	11,79661	7,86485	13,10733
1260	7,86485	14,41805	7,20948	14,41806
1280	8,52021	14,41806	7,86484	14,41807
1300	8,52021	14,41808	8,52019	14,41809
1320	9,17555	15,07346	8,52019	14,4181
1340	9,17556	15,72883	8,52019	15,72883
1360	9,17556	16,38419	8,52018	16,3842
1380	9,83091	17,69492	9,17555	17,69492
1400	9,83092	19,00565	9,17555	19,00564
1420	10,48628	19,66101	20,31675	24,24849
1440	34,73481	25,55918	38,01166	26,21453
1460	37,35628	27,52525	37,35626	27,52525
1480	38,01162	28,1806	38,0116	28,18061
1500	38,01161	28,18061	38,0116	28,18061
1520	38,66696	28,83598	38,01159	28,83598
1540	38,0116	29,49135	36,70087	28,836
1560	36,70087	29,49137	35,39014	28,83601
1580	35,39014	28,83602	34,07941	28,83602
1600	33,42406	28,83603	32,11333	28,83603
1620	34,07942	30,80211	45,87601	35,38961
1640	54,3958	35,38959	53,08508	36,70031
1660	53,74044	38,6664	53,74043	38,6664
1680	55,70652	39,97712	55,05115	40,63248
1700	56,36189	41,28784	55,70651	41,9432
1720	57,01725	42,59856	57,01724	43,25392
1740	57,67261	43,25393	57,01724	43,25393
1760	57,01725	43,25394	56,36188	43,25394
1780	56,36189	43,25395	55,70652	43,25395
1800	56,36189	43,25395	55,70651	43,25395
1820	55,70653	43,25396	55,05115	43,25396
1840	55,70652	43,25396	55,05115	43,25396
1860	55,05116	43,25397	54,39579	43,25396
1880	55,05115	43,25396	55,05114	43,25396
1900	55,70651	43,25397	56,36185	43,25397
1920	57,01722	43,25397	56,36185	43,25397
1940	57,01722	43,25398	57,01721	43,25398
1960	58,32794	43,25398	57,67257	43,25453
1980	60,9494	43,25397	68,15845	43,25395
2000	72,09066	43,25395	70,77992	43,25395
2020	71,4353	43,25394	72,09064	43,25395
2040	72,74601	43,25394	72,09065	43,25394
2060	73,40138	43,25394	73,40138	43,25394
2080	74,05676	43,25394	73,40139	43,25394
2100	74,71212	43,25393	74,05677	43,25393
2120	-64,87955	43,25393	74,71213	43,25393
2140	75,36751	43,25393	75,3675	43,25393
2160	76,02288	43,25394	76,02287	43,25393
2180	76,67825	43,25393	76,67824	43,25393
2200	77,33362	43,25394	77,33361	43,25393
2220	76,67827	43,25394	64,88171	43,25399
2240	53,74053	42,59868	48,49761	41,94332
2260	50,4637	43,25405	50,46367	43,25406
2280	51,11903	43,25407	51,119	43,25407
2300	51,77438	43,25408	51,11901	43,25408
2320	53,0851	43,25408	52,42973	43,25408
2340	53,74047	43,25408	53,74047	43,25407
2360	54,39839	43,25407	53,74047	43,25407
2380	55,0512	43,25407	54,39583	43,25407
2400	54,39585	43,25408	53,74048	43,25407
2420	53,74048	43,25408	52,42975	43,25408
2440	53,08513	43,25409	52,42975	43,25409
2460	52,42976	43,2541	51,77438	43,25411
2480	51,77438	43,25412	51,119	43,25413
2500	51,119	43,25415	49,80824	43,25417
2520	49,80823	43,2542	48,49748	43,25424
2540	49,15283	43,25428	48,49743	43,25432
2560	48,49744	43,25435	48,49743	43,25437
2580	47,84208	43,25439	47,1867	43,2544
2600	47,84207	43,25442	46,53135	43,25441
2620	46,53136	43,25443	46,53136	43,25442
2640	47,18673	43,25442	50,46355	43,2544
2660	66,19235	43,25437	77,3336	43,25434
2680	78,64435	43,25433	77,98897	43,25431
2700	79,95506	43,25431	80,6104	43,2543
2720	82,57649	43,25429	82,57649	43,25429
2740	83,88722	43,25428	83,88721	43,25427
2760	84,54259	43,25426	84,54259	43,25426
2780	85,85332	43,25426	85,85331	43,25425
2800	85,85332	43,25425	85,19795	43,25424
2820	85,19796	43,25425	84,54259	43,25425
2840	84,5426	43,25424	83,88725	43,25424
2860	86,50873	43,25425	89,78557	43,25424
2880	91,09631	43,25423	89,78558	43,25423
2900	90,44094	43,25423	89,78557	43,25423
2920	91,0963	43,25423	89,78557	43,25453
2940	90,44095	43,25423	89,78559	43,25422
2960	89,78561	43,25423	72,74615	43,2543
2980	41,2887	43,2544	16,38484	43,25444
3000	1,96684	43,25448	-9,82973	43,25452
3020	-13,76191	42,59915	-13,1066	43,25449
3040	-11,7959	43,25448	-11,14056	43,25447
3060	-11,14057	43,25447	-10,48523	43,25447
3080	-64,88011	43,25447	-11,14062	43,25447
3100	-10,48526	43,25448	-11,14064	43,25449
3120	-11,14064	43,2545	-11,79602	43,2545
3140	-11,79601	43,2545	-12,45138	43,25451
3160	-11,79602	43,25451	-12,45138	43,25451
3180	-12,45137	43,25451	-13,10674	43,2545
3200	-11,14066	43,25451	-10,48531	43,2545
3220	-9,17458	43,2545	-8,51924	43,25449
3240	-7,20852	43,25449	-1,31027	43,25447
3260	12,45241	43,25443	15,72924	43,25441
3280	16,3846	43,2544	17,03994	43,25439
3300	17,6953	43,25439	18,35066	43,25439
3320	19,00858	43,2544	19,00602	43,2544
3340	19,00604	43,2544	17,69531	43,2544
3360	18,35069	43,2544	17,03996	43,25441
3380	17,03998	43,25441	16,38462	43,25441
3400	16,38463	43,25441	15,72927	43,25441
3420	15,72929	43,25441	14,41857	43,2544
3440	21,62759	43,25439	34,07958	43,25435
3460	39,32254	43,25435	38,0118	43,25433
3480	38,66717	43,25433	38,66715	43,25432
3500	39,32252	43,25432	39,32251	43,25431
3520	39,32252	43,25431	38,01179	43,2543
3540	38,66716	43,25429	38,0118	43,25429
3560	38,01181	43,25429	36,70109	43,25428
3580	37,35646	43,25428	36,70109	43,25426
3600	37,35646	43,25426	37,35645	43,25425
3620	38,01182	43,25425	38,66717	43,25423
3640	39,32254	43,25423	39,32254	43,25422
3660	39,97791	43,25422	39,32254	43,25422
3680	39,97791	43,25422	39,32255	43,25421
3700	39,32255	43,25421	39,32255	43,2542
3720	43,91011	43,25418	55,05134	43,25415
3740	61,60504	43,25415	60,29431	43,25413
3760	60,94967	43,25413	60,94966	43,25412
3780	62,2604	43,25411	62,26039	43,25411
3800	63,57112	43,25411	63,57112	43,2541
3820	64,2265	43,2541	64,88185	43,25409
3840	66,84793	43,2541	67,50327	43,25409
3860	68,814	43,2541	70,1247	43,25409
3880	70,78007	43,25409	70,1247	43,25409
3900	70,78007	43,2541	70,78007	43,25409
3920	71,43544	43,25411	70,78009	43,2541
3940	71,43546	43,2541	70,78011	43,2541
3960	70,78012	43,2541	74,05695	43,2541
3980	85,85358	43,25409	91,09654	43,25408
4000	90,44119	43,25408	89,78581	43,25408
4020	91,09654	43,25408	90,44117	43,25408
4040	91,09655	43,25408	91,09654	43,25408
4060	91,09656	43,25408	90,44119	43,25408
4080	91,75192	43,25409	91,09655	43,25409
4100	92,40728	43,25408	91,09655	43,25408
4120	92,40728	43,25408	91,75191	43,25408
4140	92,40728	43,25408	91,75191	43,25407
4160	92,40727	43,25408	91,75192	43,25407
4180	92,40728	43,25407	91,75191	43,25407
4200	92,40729	43,25408	91,75193	43,25407
4220	91,09658	43,25408	74,71252	43,25414
4240	45,87654	38,66671	21,62806	30,14709
4260	9,17615	26,87031	9,17611	27,52564
4280	10,48681	29,49171	9,83142	28,18098
4300	11,14214	28,83634	10,48677	27,52562
4320	11,14214	27,52562	11,14212	27,52562
4340	11,14214	27,52562	11,14213	26,87025
4360	11,14213	27,52561	11,14212	27,52561
4380	11,7975	27,52561	11,14212	27,52561
4400	12,45286	27,52562	11,7975	27,52562
4420	11,79751	27,52563	10,48679	27,52563
4440	2,62245	26,21496	-4,58656	25,55963
4460	-3,27583	26,21499	-3,27585	26,87035
4480	-1,96513	28,18108	-1,96515	28,83644
4500	-0,65441999999999	29,4918	-1,3098	29,49181
4520	-0,65442999999999	29,49181	-1,3098	29,49181
4540	-1,96515	29,49182	-1,96517	29,49182
4560	-1,96516	28,83646	-2,62053	28,83646
4580	-1,96516	28,83646	-2,62053	27,52573
4600	-2,62052	27,52574	-3,27589	27,52574
4620	-1,96515	27,52574	-2,62052	26,87037
4640	1,31166	29,49181	15,72972	32,76857
4660	26,21561	33,42391	25,56026	33,4239
4680	26,21562	34,73462	26,87096	34,07925
4700	28,1817	34,07926	28,18168	34,07926
4720	28,83706	34,07926	28,18169	33,4239
4740	29,49241	33,42389	28,83703	32,76853
4760	29,4924	32,76853	29,49239	32,11316
4780	29,4924	32,11317	29,49239	31,4578
4800	30,14776	30,80244	30,14774	30,80243
4820	30,80311	30,80243	30,14774	30,14707
4840	31,45847	30,14707	30,8031	29,4917
4860	31,45847	29,4917	38,66747	34,0792
4880	51,11947	36,04526	53,08559	35,38989
4900	53,08559	37,35597	52,43022	36,70061
4920	53,74095	37,35597	53,08558	36,7006
4940	53,74095	36,7006	53,74094	36,7006
4960	54,39631	36,7006	53,74095	36,04524
4980	54,39632	36,04525	53,74094	35,38988
5000	54,39631	35,38988	53,74095	35,38987
5020	54,39632	34,73452	54,39631	34,73452
5040	55,05168	34,73452	54,39631	35,38988
5060	55,70704	34,73451	55,70703	34,07916
5080	56,3624	33,4238	57,01774	32,76844
5100	66,19285	37,35595	86,50924	41,94344
5120	98,30589	41,94344	96,99515	43,25415
5140	96,33977	43,25415	98,30583	43,25413
5160	99,61655	43,25414	99,61653	43,25413
5180	100,27189	43,25413	99,61652	42,59876
5200	100,27189	43,25412	99,61652	42,59875
5220	100,27189	42,59876	99,61652	41,94339
5240	100,27189	41,94339	99,61652	41,94339
5260	100,27189	41,94339	99,61653	42,59874
5280	101,58262	42,59874	100,92725	42,59873
5300	102,23799	43,25409	101,58262	43,25409
5320	102,89336	43,25409	102,89335	43,25408
5340	104,20409	43,25408	102,89337	42,59872
5360	104,2041	42,59872	103,54874	41,28799
5380	93,06294	38,01124	75,36811	32,76842
5400	68,15908	31,4577	67,50371	31,45768
5420	68,15908	32,11304	67,50369	32,11303
5440	68,15906	32,11303	67,50369	31,45767
5460	68,81442	32,76839	68,15906	32,76839
5480	68,81443	33,42374	68,81443	33,42374
5500	69,46981	34,0791	69,46981	33,42373
5520	70,78055	34,07909	70,78055	34,0791
5540	72,09129	34,0791	72,09128	34,07909
5560	73,40202	34,07909	72,74666	32,76837
5580	74,05739	32,76837	72,74667	31,45765
5600	72,74669	31,45764	72,09133	29,49156
5620	72,09135	27,52549	76,02355	30,14692
5640	87,16485	31,45765	93,06321	30,14692
5660	92,40787	30,14692	90,44177	30,14692
5680	91,09714	29,49156	90,44177	28,83619
5700	91,09713	28,18084	91,09712	27,52548
5720	92,40785	26,87013	85,8542	23,59336
5740	60,29501	15,07376	30,14824	7,20951
5760	9,83196	1,96667	-3,93072	0,65599
5780	-7,86289	0,65599	-5,24147	3,27739
5800	-3,93075	7,20956	-2,62008	10,48637
5820	0,6567	13,10784	1,31202	15,72928
5840	3,2781	19,66144	4,58878	21,62751
5860	5,89949	23,59359	5,89945	25,55965
5880	6,55481	27,52573	5,24405	28,18108
5900	5,89941	29,4918	4,58866	30,14716
5920	4,58866	31,45787	3,93327	32,11322
5940	4,58863	32,76858	3,93326	33,42393
5960	7,21008	36,70072	16,38517	39,9775
5980	17,69593	39,32213	16,38518	40,63284
6000	17,69591	41,2882	17,04053	40,63283
6020	17,04054	40,63283	15,72981	39,97746
6040	15,72981	39,97747	15,07444	39,97746
6060	15,07445	39,3221	13,76371	38,66673
6080	13,76372	39,3221	13,10835	38,01137
6100	13,10836	38,01137	11,79763	37,35601
6120	11,79764	37,35602	11,79762	36,70065
6140	11,79763	37,35602	10,48689	36,70065
6160	11,14227	37,35601	10,48689	36,04529
6180	9,83153	36,70066	8,5208	36,0453
6200	9,17616	36,70066	7,21008	36,70066
6220	7,21009	36,70067	6,55472	36,70066
6240	15,72984	41,94353	28,83719	43,25422
6260	32,76942	43,25422	30,14794	43,25422
6280	30,80332	43,25423	31,45867	43,25423
6300	32,11404	43,25423	30,80332	41,94351
6320	30,148	40,63281	28,18195	39,3221
6340	28,18198	39,3221	26,87127	39,32211
6360	28,18201	39,32211	27,52664	39,97746
6380	28,18201	39,97747	27,52664	39,97746
6400	28,18201	39,97747	27,52664	39,97746
6420	28,18201	39,3221	27,52664	38,66673
6440	28,18201	38,66674	27,52664	38,01137
6460	28,182	38,01137	28,18199	37,35601
6480	28,182	37,35601	32,76955	41,28816
6500	46,53227	43,25422	49,80913	42,59885
6520	49,80911	43,2542	49,15373	43,2542
6540	51,11981	43,25421	50,46445	43,2542
6560	51,11982	43,2542	49,80909	43,2542
6580	50,46446	43,25421	49,80908	43,2542
6600	50,46445	43,25421	49,80908	43,2542
6620	49,80908	43,25421	49,80907	43,2542
6640	49,80909	43,2542	49,15372	43,2542
6660	49,80908	43,25421	49,15371	43,2542
6680	49,80908	43,25421	49,80907	43,2542
6700	49,80907	43,2542	49,15371	43,2542
6720	49,80906	43,2542	58,98418	43,25419
6740	74,05762	43,25417	77,98981	43,25416
6760	77,33445	43,25416	77,33442	43,25416
6780	77,98977	43,25416	77,33439	43,25416
6800	78,64512	43,25416	77,98975	43,25416
6820	78,6451	43,25416	77,98973	43,25417
6840	79,30045	43,25417	79,30044	43,25417
6860	79,9558	43,25418	80,61115	43,25418
6880	81,26651	43,25418	80,61113	43,25418
6900	81,2665	43,25419	81,26649	43,25418
6920	81,92186	43,25419	81,92185	43,25418
6940	81,92186	43,25418	81,26649	43,25418
6960	81,92185	43,25417	81,92185	43,25417
6980	85,85406	43,25417	91,097	43,25417
7000	91,75238	43,25416	90,44164	43,25415
7020	91,75235	43,25415	91,75235	43,25415
7040	92,40772	43,25415	91,75235	43,25414
7060	92,40773	43,25414	91,75235	43,25414
7080	92,40773	43,25414	91,75236	43,25414
7100	92,40773	43,25415	91,75237	43,25414
7120	92,40774	43,25415	91,097	43,25415
7140	92,40774	43,25415	91,75237	43,25414
7160	92,40774	43,25415	91,75237	43,25415
7180	92,40774	43,25415	91,09701	43,25415
7200	91,75239	43,25415	91,09702	43,25415
7220	91,75239	43,25415	91,09703	43,25415
7240	91,09704	43,25416	89,13094	42,5988
7260	70,12543	36,04528	36,70185	25,55963
7280	4,58904	16,38467	-19,00408	11,79722
7300	-28,83455	12,45259	-26,21317	13,10791
7320	-24,90247	15,72934	-24,24715	16,38469
7340	-22,93644	17,04005	-22,93646	17,6954
7360	-21,62575	19,00612	-21,62576	19,00611
7380	-20,9704	19,66147	-20,97042	19,66147
7400	-20,31506	20,31683	-20,31508	20,31683
7420	-19,00436	20,31683	-18,34902	19,66146
7440	-17,03831	19,66147	-16,38297	19,0061
7460	-15,07224	19,0061	-14,41691	18,35073
7480	-13,76153	18,35073	-14,41691	17,69537
7500	-13,76154	18,35072	-13,76155	17,69536
7520	-13,10618	17,69536	-11,14014	23,59363
7540	-4,58666	36,04556	-4,58677	43,25453
7560	-5,89754	43,25453	-5,24225	43,2545
7580	-2,62084	43,25449	-2,62089	43,25448
7600	-1,31019	43,25447	-1,31022	43,25446
7620	-0,65486	43,25447	-1,31024	43,25446
7640	-1,31023	43,25446	-2,62096	43,25446
7660	-1,96558	43,25447	-3,27631	43,25446
7680	-2,62093	43,25448	-3,93165	43,25448
7700	-3,93165	43,25448	-5,24237	43,25448
7720	-5,24235	43,25449	-6,55308	43,25449
7740	-5,8977	43,25449	-7,20842	43,25449
7760	-7,2084	43,2545	-8,51913	43,2545
7780	-7,86376	43,2545	-10,48516	42,59914
7800	-15,07244	24,9044	-13,10621	7,20964
7820	-12,45082	9,17571	-14,41693	15,72929
7840	-14,41692	16,38465	-14,41695	16,38464
7860	-13,76159	18,35072	-14,41696	18,35072
7880	-13,7616	19,66143	-13,76162	19,66143
7900	-13,76161	20,31679	-13,76163	20,97214
7920	-13,76162	21,6275	-14,41699	20,97213
7940	-13,76162	21,6275	-15,07235	22,28285
7960	-14,41697	22,93822	-15,07234	22,28286
7980	-14,41697	22,93822	-15,07233	22,28286
8000	-15,07232	22,93823	-15,72768	22,93822
8020	-15,0723	23,59359	-15,72768	22,93823
8040	-15,0723	22,93823	-15,07231	22,28287
8060	-14,41694	22,28288	-14,41696	24,24898
8080	-13,10625	26,21507	-13,76163	25,5597
8100	-13,10626	26,21506	-13,10627	26,21506
8120	-12,45089	26,21506	-13,10626	26,21505
8140	-12,45089	26,21506	-13,10625	26,21506
8160	-11,79552	26,87042	-12,45088	26,21505
8180	-11,7955	26,21506	-13,10623	26,21505
8200	-12,45086	26,21506	-12,45087	25,5597
8220	-12,45085	26,21506	-13,10622	25,5597
8240	-13,10619	25,5597	-13,76156	25,5597
8260	-13,10618	26,21506	-5,89718	30,80256
8280	9,17628	33,42398	11,79777	32,76861
8300	11,79777	35,39005	11,79776	35,39004
8320	12,45312	35,39004	13,10849	36,04539
8340	13,76386	36,04539	13,76386	36,04539
8360	14,41923	36,70075	14,41923	36,70074
8380	15,0746	37,35611	15,07459	36,04538
8400	15,0746	36,70074	15,07459	36,04538
8420	16,38532	35,39002	15,0746	35,39001
8440	15,72997	34,73466	14,41924	34,07929
8460	15,07461	33,42394	14,41924	32,76858
8480	14,41925	32,11322	13,10853	31,45786
8500	13,10854	31,45787	11,79781	30,14715
8520	15,73001	33,42395	28,18199	36,04535
8540	36,04643	36,7007	34,08034	36,04534
8560	34,08034	37,35606	34,08032	36,7007
8580	34,08033	36,7007	33,42496	36,04535
8600	34,08033	36,70071	33,42495	36,04534
8620	34,08032	36,70071	34,08031	36,70071
8640	34,08032	37,35607	33,42496	36,7007
8660	34,73569	37,35607	34,08031	37,35607
8680	34,73568	37,35607	34,73567	36,04535
8700	35,39104	36,04536	36,04639	35,38999
8720	36,70176	36,04535	36,70175	34,73463
8740	37,35712	35,39	38,01248	36,7007
8760	47,84301	40,63285	55,05206	38,66675
8780	55,05207	39,97748	53,74133	41,28819
8800	55,05205	41,28819	54,39668	39,97747
8820	55,05205	39,97747	54,39668	39,32211
8840	55,05205	39,32211	54,39668	38,66675
8860	54,39669	38,66675	54,39668	38,01139
8880	54,39669	37,35603	53,08596	36,70066
8900	53,74134	37,35603	53,08596	36,70066
8920	53,74134	36,70066	53,08597	36,70066
8940	53,74134	36,70066	53,08597	36,0453
8960	53,74134	36,70066	53,74133	36,70065
8980	54,39671	36,70065	53,74134	36,04529
9000	54,39672	36,70065	53,74134	36,04529
9020	54,39672	36,70065	53,74135	36,04528
9040	54,39672	36,04529	53,74136	35,38992
9060	51,77528	34,07922	35,39121	27,52568
9080	23,59466	23,59355	19,66246	22,93819
9100	20,97318	24,24889	20,31781	23,59352
9120	21,62853	23,59351	15,07488	21,62747
9140	-10,48427	15,72933	-35,38809	9,1758
9160	-39,97564	6,55436	-38,00961	7,86503
9180	-36,04355	8,52038	-36,04359	7,20964
9200	-33,42217	7,86499	-32,76685	7,86497
9220	-31,45613	7,86497	-30,14544	7,20959
9240	-29,49008	7,86495	-28,83474	7,20958
9260	-27,52401	7,86494	-27,52403	7,86493
9280	-25,55795	7,86493	-24,9026	7,86493
9300	-24,24724	7,86493	-23,59189	7,20956
9320	-22,28116	6,55421	-22,28118	5,89883
9340	-20,97045	5,89884	-21,62583	5,24347
9360	-20,97045	5,24348	-21,62583	4,58811
9380	-20,31509	4,58811	-20,97046	4,5881
9400	-10,48462	9,83097	0,65663000000001	10,48631
9420	3,93348	10,4863	2,62274	11,79701
9440	3,2781	12,45237	3,93345	11,797
9460	4,58882	11,79701	4,58881	11,14164
9480	5,89954	11,797	5,24417	11,14163
9500	5,89954	11,14164	5,24417	11,14163
9520	6,55491	11,14163	5,89953	10,48627
9540	5,89955	11,14164	5,89954	10,48627
9560	6,55491	10,48627	5,89954	10,48627
9580	6,55491	10,48627	5,89954	9,83091
9600	7,21027	9,17555	6,5549	9,17554
9620	6,55491	9,17554	6,55489	8,52018
9640	7,21025	9,17554	7,21023	9,17554
9660	7,86561	8,52018	7,21023	8,52017
9680	7,86559	8,52017	7,86558	7,86481
9700	7,86559	8,52016	7,86558	7,8648
9720	8,52094	7,86481	-65,53475	7,20944
9740	8,52095	7,8648	7,86558	7,8648
9760	7,86558	7,20945	7,21022	7,20944
9780	7,86559	7,20945	7,86558	7,20944
9800	7,86559	7,20944	7,21022	6,55408
9820	7,21024	6,55409	6,55487	5,89872
9840	13,76388	10,48623	26,87122	13,76299
9860	35,39101	15,72907	35,39101	15,0737
9880	35,39102	17,03978	36,04636	16,38442
9900	37,35708	16,38441	38,01243	15,72906
9920	39,32316	15,72906	39,97851	15,0737
9940	40,63387	15,72906	39,9785	15,07369
9960	41,28922	15,07369	41,28921	14,41833
9980	41,94459	14,41833	41,28921	14,41833
10000	41,94458	14,41833	41,94457	14,41833
10020	42,59994	13,76297	41,94457	13,10761
10040	42,59995	13,10762	41,94457	12,45225
10060	42,59995	12,45225	43,25531	12,45225
10080	43,91067	12,45225	43,2553	12,45225
10100	43,91067	12,45224	43,2553	11,79688
10120	43,91068	11,79688	43,91067	11,79688
10140	43,91068	11,79688	43,25531	11,14152
10160	44,56604	11,14152	43,91067	10,48616
10180	43,91068	11,14151	43,25532	11,14152
10200	43,91069	11,14152	42,59996	11,79689
10220	43,25534	11,7969	41,94462	11,14153
10240	42,59999	12,45225	41,94462	13,76297
10260	43,25536	14,41833	41,94463	14,41833
10280	42,60001	15,07369	41,94464	15,07369
10300	42,60001	15,72906	41,94465	15,72905
10320	42,60002	16,38442	41,94465	16,38442
10340	42,60002	16,38442	41,28929	16,38442
10360	41,94467	17,03979	41,28931	16,38443
10380	38,66788	15,72909	22,28378	11,79699
10400	13,76405	11,14166	11,79793	11,79701
10420	12,45328	13,10772	12,45326	14,41843
10440	13,76398	15,07379	13,76397	15,07378
10460	14,41934	15,72914	14,41933	16,3845
10480	15,0747	17,03986	15,07469	17,69522
10500	15,73007	17,69522	15,73005	17,69522
10520	16,38543	17,03986	16,38541	17,03987
10540	17,69614	15,72915	17,04077	15,72915
10560	19,00686	15,72916	17,69613	15,07379
10580	18,3515	14,41843	18,35148	14,41843
10600	18,3515	14,41844	18,35149	13,76307
10620	19,00686	14,41843	18,35149	14,41843
10640	19,00686	13,76307	18,35149	14,41843
10660	18,3515	13,76307	18,35149	13,76306
10680	19,00686	13,76307	18,35149	13,1077
10700	19,00686	13,10771	18,3515	12,45234
10720	19,00687	13,1077	19,00686	12,45234
10740	19,00688	12,45234	18,3515	12,45235
10760	18,35151	12,45234	20,31761	13,1077
10780	26,21594	13,10769	26,21595	12,45233
10800	26,21595	13,76304	26,21593	13,10767
10820	26,8713	13,10768	26,87129	13,10768
10840	26,8713	13,76304	26,21592	13,10768
10860	26,8713	13,10768	26,21592	13,10768
10880	26,87129	13,10768	26,21592	12,45232
10900	26,8713	13,10767	26,21593	12,45232
10920	26,21593	13,10768	26,21593	13,10768
10940	26,21595	12,45231	26,21593	12,45231
10960	26,87131	12,45232	26,21594	12,45231
10980	26,87132	11,79695	25,56059	11,79695
11000	26,21595	11,79695	25,56058	11,79695
11020	25,56059	11,79696	24,90523	11,14159
11040	25,5606	11,14159	26,21596	12,45231
11060	36,04647	15,7291	39,97867	15,72909
11080	39,32331	16,38445	39,3233	17,03981
11100	39,97867	17,03981	39,32329	16,38444
11120	39,97867	16,38445	39,97867	16,38444
11140	40,63404	16,38445	39,97867	16,38445
11160	40,63404	15,72909	40,63403	15,72909
11180	40,63404	15,72909	39,97867	15,72908
11200	40,63404	15,72909	40,63403	15,72908
11220	41,94476	15,07373	41,94474	14,41836
11240	43,25547	13,76301	43,25546	13,10765
11260	51,11984	18,35052	64,22719	20,31658
11280	72,74698	22,28266	72,09161	22,93801
11300	73,40233	24,24873	72,74695	23,59336
11320	74,05768	22,938	74,05767	22,938
11340	74,71304	22,938	74,05767	22,938
11360	74,71304	22,93799	74,05767	22,28263
11380	75,3684	22,28263	75,36838	21,62726
11400	76,02376	22,28263	76,02374	21,62726
11420	76,67911	21,62726	76,02374	20,9719
11440	76,67911	21,62726	76,6791	20,97189
11460	77,33447	20,97189	83,23276	26,21477
11480	97,65087	28,18084	101,58308	28,18083
11500	100,27236	30,14691	100,27234	30,1469
11520	101,58306	30,1469	101,58305	29,49153
11540	102,23842	30,14689	101,58304	29,49152
11560	102,89377	29,49152	102,89376	28,83615
11580	102,89378	28,18079	102,23841	26,87006
11600	102,23842	25,55933	100,92769	24,2486
11620	101,58305	23,59323	100,92766	22,93785
11640	102,23838	22,93784	100,92762	22,28246
11660	102,8937	21,62708	102,89367	22,28243
11680	96,34004	18,35029	64,22721	5,24317
11700	27,52681	-7,20857	-0,65384999999999	-12,45141
11720	-4,58607	-11,79608	-1,30929	-10,48538
11740	0,0014200000000102	-9,83004	0,65675	-9,83006
11760	1,96746	-8,51934	1,96745	-7,86398
11780	3,27818	-6,55326	2,62281	-6,55326
11800	3,27817	-5,8979	2,6228	-5,8979
11820	3,27817	-5,24253	2,6228	-5,24253
11840	3,27817	-5,24253	2,6228	-5,24253
11860	2,62281	-5,24252	1,96745	-5,89789
11880	1,96746	-5,24253	0,0013799999999975	-5,89788
11900	-2,62005	-6,55322	-1,96468	-6,55323
11920	-0,65393999999999	-7,20859	-0,65396	-7,20859
11940	0,65677000000001	-6,55323	0,65675	-7,20859
11960	1,96749	-6,55323	1,31212	-7,20858
11980	1,96749	-6,55322	1,31212	-5,89786
12000	1,96749	-5,89785	1,31212	-5,89786
12020	1,9675	-6,55321	1,31212	-6,55322
12040	1,31214	-6,55322	1,9675	-5,2425
12060	15,07483	1,31108	28,83755	1,96641
12080	31,45905	2,62177	30,14829	3,27713
12100	31,45901	3,93249	31,45899	3,27712
12120	32,11436	3,93249	32,76971	3,93248
12140	32,76971	3,93248	32,11434	3,93248
12160	33,42507	3,93248	32,7697	3,93248
12180	33,42506	4,58784	32,76969	3,93293
12200	34,08042	3,93248	32,76969	3,93248
12220	34,08042	3,93248	33,42505	3,27711
12240	34,08041	3,27711	37,35723	7,20927
12260	52,43071	11,79677	60,95049	11,1414
12280	60,9505	13,10748	60,29511	14,41819
12300	62,2612	13,76283	61,60582	13,10747
12320	62,2612	13,76283	61,60582	13,76282
12340	62,2612	13,10746	62,26118	13,10746
12360	62,26119	13,10746	62,26118	12,4521
12380	62,2612	12,45211	62,26118	12,45211
12400	62,91656	12,45211	62,91655	12,45211
12420	62,91656	12,45211	62,26119	11,79675
12440	63,57192	11,79675	62,91655	11,79674
12460	63,57192	11,79675	62,91655	11,79674
12480	64,22729	13,10747	74,05781	17,69498
12500	85,85445	17,69498	86,50985	17,03962
12520	86,50984	19,66106	86,50982	19,66105
12540	87,82055	19,66105	87,82053	19,66105
12560	88,4759	19,66105	88,47589	19,00569
12580	89,78662	19,00569	89,7866	18,35033
12600	91,09733	18,35033	91,09732	17,03962
12620	92,40804	17,03962	91,75268	16,38425
12640	92,40805	15,7289	91,75267	15,7289
12660	92,40805	15,7289	91,75268	15,07353
12680	92,40806	15,07354	91,75269	14,41817
12700	91,75271	14,41817	88,47589	11,79675
12720	64,88281	3,27715	26,87169	-9,17459
12740	-1,96428	-18,34955	-17,69305	-19,66023
12760	-17,69307	-17,69418	-16,38238	-16,38348
12780	-15,07166	-15,72813	-14,41634	-15,07277
12800	-13,10563	-13,10669	-13,76102	-11,79596
12820	-12,45031	-11,14059	-13,10569	-10,48523
12840	-13,10569	-9,82986	-13,76107	-9,17451
12860	-12,45034	-9,17451	-13,10572	-9,17451
12880	-12,45035	-9,17451	-13,10572	-9,17451
12900	-12,45035	-8,51916	-13,76108	-9,82989
12920	-13,10569	-9,17452	-17,03787	-9,82986
12940	-17,69323	-9,1745	-17,69323	-9,17451
12960	-17,69322	-8,51916	-17,69322	-7,8638
12980	-16,3825	-7,20845	-17,03787	-7,86381
13000	-16,38249	-7,20844	-17,03787	-7,86381
13020	-15,72713	-7,20845	-16,38249	-7,86381
13040	-13,76104	-5,24237	0,65701	0,0004600000000039
13060	13,76439	0,65581	14,41975	0,65613
13080	14,41974	2,62188	14,41973	1,96651
13100	16,38581	1,96651	15,73044	1,96651
13120	16,38581	2,62187	16,3858	1,96651
13140	16,38581	2,62188	16,3858	2,62187
13160	16,38581	2,62187	16,3858	3,27723
13180	17,04117	3,27724	17,04116	3,27723
13200	17,69653	3,27724	17,04116	3,27723
13220	17,69654	3,27723	17,04117	2,62187
13240	17,69654	2,62188	17,69653	2,62188
13260	18,35191	1,96652	18,35189	1,31116
13280	19,66262	0,65581	19,00726	0,00045000000000073
13300	19,66263	-0,6549	19,66261	-1,31026
13320	19,66263	-1,31026	21,62872	0,00045000000000073
13340	31,45924	3,9326	35,39144	1,96651
13360	34,73609	3,27723	34,73607	3,27722
13380	36,0468	3,93258	35,39143	2,62186
13400	36,0468	2,62186	35,39143	2,62186
13420	36,0468	1,9665	36,0468	1,96649
13440	36,70216	2,62186	36,70215	1,96649
13460	38,01288	2,62185	37,35751	2,62185
13480	38,66824	2,62184	38,01287	2,62184
13500	39,3236	2,62184	36,04675	5,24333
13520	28,83753	15,72923	16,38542	24,90436
13540	3,27802	30,14728	0,65644	33,42404
13560	4,58853	36,7008	6,55453	38,01149
13580	8,52057	38,66684	9,17588	39,32219
13600	9,83124	39,97754	9,83122	39,32218
13620	11,14194	39,97754	10,48657	40,63289
13640	11,14194	40,63289	11,14192	39,97752
13660	12,45265	40,63289	11,79728	39,97752
13680	11,7973	39,97753	11,79729	39,97752
13700	12,45266	40,63287	11,79729	40,63287
13720	12,45266	41,28823	11,79729	40,63287
13740	11,79731	40,63287	9,17584	42,59898
13760	7,20968	43,25438	3,93283	43,25437
13780	4,5882	43,25436	3,93282	43,25437
13800	5,24354	43,25436	3,93281	43,25436
13820	5,24354	43,25436	4,58817	43,25436
13840	5,24354	43,25436	5,24353	43,25436
13860	5,24354	43,25436	4,58818	43,25436
13880	5,24355	43,25436	4,58818	43,25435
13900	5,24355	43,25436	4,58818	43,25436
13920	5,24355	43,25436	-65,53534	43,25436
13940	4,58819	43,25436	3,93283	43,25436
13960	5,24356	43,25436	4,58818	43,25436
13980	5,8989	43,25436	5,24353	43,25436
14000	8,52034	43,25435	26,87058	43,25431
14020	45,22087	43,25427	46,53163	43,25425
14040	45,87626	43,25426	45,22089	43,25426
14060	47,18698	43,25426	47,18697	43,25426
14080	47,84235	43,25426	48,49771	43,25425
14100	49,15309	43,25425	49,15308	43,25424
14120	50,46383	43,25424	49,80846	43,25423
14140	50,46384	43,25424	49,80847	43,25423
14160	50,46384	43,25422	49,80848	43,25422
14180	49,80848	43,25422	48,49775	43,25421
14200	48,49776	43,25421	47,84239	43,25421
14220	47,18704	43,25422	31,45833	43,25429
14240	9,17601	43,25439	-9,17402	43,25448
14260	-19,00417	40,63309	-22,28089	42,59917
14280	-22,93628	43,25453	-22,93634	43,25451
14300	-20,31493	43,2545	-19,65964	43,25448
14320	-18,34895	43,25447	-18,349	43,25446
14340	-17,69367	43,25446	-17,6937	43,25445
14360	-17,69372	43,25445	-19,00446	43,25443
14380	-18,34911	43,25443	-19,00449	43,25443
14400	-18,34914	43,25443	-19,65989	43,25443
14420	-19,00454	43,25443	-19,65993	43,25443
14440	-19,00458	43,25444	-20,31533	43,25443
14460	-19,00462	43,25443	-17,69392	43,25441
14480	-1,30975	43,25436	15,72982	43,25431
14500	20,31741	43,2543	19,00663	43,25429
14520	19,66199	43,25429	19,66196	43,25428
14540	20,97269	43,25428	20,31731	43,25428
14560	21,62804	43,25427	21,62803	43,25426
14580	22,2834	43,25427	21,62803	43,25426
14600	22,2834	43,25426	21,62804	43,25426
14620	21,62806	43,25427	21,62804	43,25427
14640	22,28341	43,25428	21,62804	43,25427
14660	22,2834	43,25428	22,28339	43,25429
14680	24,24947	43,25429	24,90482	43,25429
14700	25,56018	43,2543	26,21553	43,2543
14720	27,52626	43,25431	26,8709	43,25431
14740	27,52628	43,25432	26,21557	43,25433
14760	26,87096	43,25433	25,56024	43,25433
14780	24,90491	43,25433	23,5942	43,25433
14800	22,28351	43,25433	19,00675	41,28823
14820	18,35148	38,66679	9,83199	30,80252
14840	-7,2069	11,79722	-31,4547	-6,55283
14860	-39,31874	-10,48499	-38,66339	-5,24211
14880	-37,35272	1,31149	-36,04205	1,96685
14900	-34,07601	4,58829	-34,73142	6,55437
14920	-34,73145	8,52045	-35,38685	9,83115
14940	-35,3869	11,79721	-36,04231	13,76328
14960	-34,73162	16,38471	-35,38703	19,00615
14980	-34,07634	22,28295	-33,42103	23,59368
15000	-32,11035	24,90439	-32,11039	25,55975
15020	-31,45507	26,2151	-30,79975	26,87045
15040	-29,48906	28,18116	-28,83373	28,83651
15060	-28,17839	29,49187	-27,52305	30,14722
15080	-25,55698	30,80258	-25,55699	32,11329
15100	-24,24627	32,76864	-24,24628	32,76864
15120	-22,28018	34,73471	-15,72658	39,32223
15140	-9,17296	41,28829	-7,86225	41,94363
15160	-5,89618	43,25434	-4,58547	43,25433
15180	-3,27474	43,25432	-2,61939	43,25431
15200	-1,30866	43,2543	-1,96402	43,25429
15220	-0,65328	43,25428	-1,30864	42,59891
15240	-0,65325999999999	42,59891	-1,96398	41,28818
15260	-1,3086	42,5989	-1,96654	41,28817
15280	-1,96398	41,28817	-2,61936	40,6328
15300	-1,96401	41,28816	-2,6194	39,97744
15320	-1,30869	39,32208	-1,30872	38,66671
15340	0,65735000000001	38,01135	1,31268	37,35598
15360	1,96804	36,70062	1,31266	37,35599
15380	3,27855	43,25435	1,9675	43,25444
15400	-1,9648	43,25443	-2,62022	43,25437
15420	1,31188	43,25435	1,31183	43,25432
15440	2,62254	43,25431	2,62251	43,25429
15460	3,27787	43,25428	3,93321	43,25426
15480	4,58857	43,25426	4,58855	43,25425
15500	5,89928	43,25424	5,2439	43,25422
15520	5,89927	43,25422	5,24388	43,25421
15540	6,55462	43,2542	5,89924	43,2542
15560	6,55461	43,25419	6,55459	43,25419
15580	7,20996	43,25419	7,20995	43,25418
15600	7,86532	43,25417	7,8653	43,25418
15620	8,52067	43,25417	7,8653	43,25417
15640	8,52068	43,25417	7,8653	43,25417
15660	7,86532	43,25417	6,55458	43,25417
15680	6,55459	43,25417	5,24385	43,25417
15700	5,24386	43,25417	3,93313	43,25417
15720	3,93314	43,25418	3,27776	43,25418
15740	3,27777	43,25419	1,96703	43,25418
15760	1,96704	43,25419	0,65631	43,25419
15780	1,31167	43,2542	0,65629	43,25419
15800	0,00094000000001415	43,25419	0,00092999999999677	43,25419
15820	0,65629000000001	43,25419	-0,65443999999999	43,25418
15840	0,65629000000001	43,25419	1,31164	43,25419
15860	1,96702	43,25418	1,31165	43,25418
15880	2,62238	43,25418	1,96701	43,25418
15900	3,27775	43,25418	1,96702	43,25417
15920	3,27775	43,25418	3,27774	43,25417
15940	4,58847	43,25417	4,58845	43,25417
15960	5,89919	43,25418	5,24381	43,25418
15980	6,55454	43,25417	5,89918	43,25417
16000	6,55455	43,25417	5,89918	43,25417
16020	7,2099	43,25417	6,55454	43,25417
16040	7,20992	43,25417	6,55454	43,25416
16060	7,86527	43,25416	7,2099	43,25415
16080	7,86527	43,25415	7,2099	43,25415
16100	8,52063	43,25414	8,52061	43,25414
16120	9,83133	43,25413	9,83133	43,25413
16140	11,14204	43,25413	10,48667	43,25411
16160	11,14204	43,25411	11,14202	43,25411
16180	12,45274	43,25411	11,79736	43,2541
16200	12,45274	43,2541	11,79737	43,2541
16220	12,45273	43,2541	11,79735	43,25409
16240	12,45272	43,25409	11,79734	43,25409
16260	11,79735	43,25409	10,48661	43,25409
16280	11,14198	43,25409	10,48661	43,25409
16300	9,83126	43,2541	9,17589	43,25409
16320	9,83127	43,25409	7,86518	43,25409
16340	7,86518	43,25409	6,55445	43,25409
16360	5,89909	43,25409	3,933	43,25409
16380	3,27764	43,2541	1,31154	43,2541
16400	0,65617	43,25411	-1,30994	43,25411
16420	-1,96531	43,25412	-3,93142	43,25412
16440	-5,24214	43,25412	-6,55289	43,25412
16460	-7,20825	43,25413	-9,17436	43,25413
16480	-9,82972	43,25413	-11,79581	43,25414
16500	-11,79582	43,25414	-13,10655	43,25414
16520	-12,45119	43,25414	-13,10657	43,25415
16540	-12,4512	43,25415	-12,45123	43,25415
16560	-12,45122	43,25415	-13,10659	43,25414
16580	-12,45123	43,25415	-13,1066	43,25414
16600	-12,45123	43,25415	-13,76197	43,25415
16620	-12,45123	43,25414	-13,76197	43,25413
16640	-9,17442	43,25413	15,07409	43,25406
16660	47,18707	43,25401	62,91593	43,25397
16680	64,88207	43,25397	62,26057	43,25397
16700	64,882	43,25396	64,88198	43,25396
16720	66,19269	43,25395	65,53732	43,25394
16740	67,50339	43,25394	66,84801	43,25393
16760	67,50338	43,25393	67,50336	43,25393
16780	68,15873	43,25392	67,50336	43,25392
16800	67,50336	43,25393	66,84798	43,25391
16820	66,84799	43,25392	65,53725	43,25392
16840	66,19262	43,25391	64,22652	43,25391
16860	64,8819	43,25391	64,22652	43,25391
16880	64,22652	43,25391	62,91579	43,25391
16900	63,57116	43,25391	62,91578	43,25391
16920	64,22651	43,25391	64,22649	43,2539
16940	57,67287	43,25395	25,56001	43,2541
16960	-9,17439	43,25424	-42,59799	43,25436
16980	-55,04999	43,25437	-52,4286	43,25433
17000	-50,46254	43,25431	-50,46258	43,25429
17020	-49,15187	43,25427	-49,1519	43,25425
17040	-47,84118	43,25425	-47,8412	43,25423
17060	-46,53048	43,25423	-47,18587	43,25422
17080	-45,87514	43,25422	-45,87517	43,25421
17100	-44,56445	43,25421	-44,56448	43,2542
17120	-43,25377	43,25419	-43,90915	43,25419
17140	-42,59842	43,25419	-43,2538	43,25418
17160	-41,94308	43,25417	-42,59845	43,25417
17180	-41,28772	43,25416	-41,94309	43,25415
17200	-40,63237	43,25415	-40,63237	43,25415
17220	-39,32164	43,25415	-39,97702	43,25414
17240	-38,66628	43,25414	-38,66629	43,25413
17260	-37,35557	43,25413	-36,70021	43,25412
17280	-36,04484	43,25412	-36,04485	43,25411
17300	-34,73412	43,25411	-34,73412	43,2541
17320	-33,42338	43,2541	-32,76802	43,25409
17340	-31,45728	43,25409	-30,80192	43,25409
17360	-29,49119	43,25409	-29,49119	43,25408
17380	-28,83581	43,25408	-28,18046	43,25407
17400	-27,52508	43,25407	-27,52508	43,25406
17420	-26,21435	43,25406	-26,86971	43,25406
17440	-26,21434	43,25406	-26,21434	43,25406
17460	-25,55897	43,25406	-20,9714	43,25404
17480	3,93258	43,25395	34,07957	38,01096
17500	43,25486	35,38947	39,97806	37,35556
17520	38,66734	39,32164	38,66733	39,32163
17540	39,32269	39,977	39,32268	41,28771
17560	39,97805	41,28772	39,32267	42,59843
17580	39,97804	42,59844	39,97803	42,59843
17600	40,6334	43,2538	40,63339	43,25379
17620	41,28876	41,94309	40,63339	41,94308
17640	39,97803	41,94309	41,9441	40,63236
17660	43,25484	40,63237	43,25482	40,63236
17680	43,9102	40,63236	43,25483	40,63236
17700	44,56557	41,28772	45,22093	41,94307
17720	46,53168	43,25379	47,18704	43,25379
17740	49,15315	43,25379	50,46388	43,25377
17760	52,42998	43,25377	53,08535	43,25375
17780	55,05146	43,25375	55,70683	43,25374
17800	57,01758	43,25373	57,67294	43,25373
17820	59,63905	43,25372	58,98369	43,25372
17840	59,63908	43,25371	60,29444	43,2537
17860	60,94982	43,2537	60,94983	43,2537
17880	61,60522	43,2537	61,60522	43,25371
17900	62,91597	43,25373	63,57133	43,25373
17920	64,88207	43,25373	65,53743	43,25373
17940	67,50353	43,25374	68,15889	43,25374
17960	70,12499	43,25375	70,78033	43,25375
17980	72,74643	43,25376	73,40178	43,25377
18000	74,71251	43,25378	76,02322	43,25379
18020	77,9893	43,25383	79,3	43,25386
18040	81,2661	43,25389	82,57683	43,2539
18060	85,19831	43,25391	81,26613	43,25395
18080	61,60514	43,25409	32,11366	43,25422
18100	9,83118	43,25432	-5,24227	43,25435
18120	-4,58696	43,25431	-1,31021	43,25429
18140	1,31123	43,25427	2,62191	43,25425
18160	5,89872	43,25424	6,55406	43,25423
18180	9,1755	43,25424	10,48621	43,25424
18200	11,79694	43,25424	12,45228	43,25423
18220	14,41837	43,25423	14,41836	43,25422
18240	15,72909	43,25421	16,38444	43,25421
18260	17,69517	43,2542	18,35052	43,25419
18280	19,0059	43,25419	19,66125	43,25418
18300	20,31662	43,25418	20,31661	43,25417
18320	22,2827	43,25417	22,2827	42,5988
18340	22,93806	43,25416	22,28268	42,59879
18360	23,5934	42,59879	23,59339	41,94343
18380	24,90411	41,94342	24,24873	41,94341
18400	24,9041	41,28804	24,24873	40,63267
18420	24,90409	39,97731	24,90408	39,9773
18440	25,55944	38,66656	24,90407	38,01119
18460	25,55943	37,35582	24,90408	36,04509
18480	31,45763	43,25409	-65,53575	43,25415
18500	39,32182	43,25418	35,3896	43,25416
18520	35,38958	43,25414	36,04489	43,25412
18540	36,70023	43,25411	35,38949	43,25409
18560	36,04485	43,25409	34,07875	43,25407
18580	33,42338	43,25407	31,45728	43,25406
18600	30,80192	43,25405	28,83582	43,25405
18620	27,52511	43,25404	25,559	43,25403
18640	24,90366	43,25403	23,59292	43,25403
18660	22,28222	43,25403	20,97148	43,25403
18680	20,31614	43,25403	19,66077	43,25403
18700	19,66078	43,25403	18,35006	43,25403
18720	19,00543	43,25403	17,6947	43,25403
18740	18,35007	43,25404	17,03933	43,25403
18760	17,03933	43,25404	15,72859	43,25403
18780	14,42041	43,25403	12,45177	41,94331
18800	11,14105	40,63259	8,51959	38,66651
18820	5,89815	37,3558	3,27669	35,38973
18840	0,65526000000001	34,07901	-2,62157	32,11294
18860	-4,58765	31,45759	-8,51984	30,14688
18880	-10,48592	28,83617	-13,10738	27,52546
18900	-14,41811	26,21475	-17,03957	25,55939
18920	-18,35028	24,90404	-20,31638	23,59332
18940	-20,97173	23,59333	-22,28245	22,93798
18960	-22,9378	22,93798	-24,24853	22,93798
18980	-15,7288	29,49159	-8,51981	34,07912
19000	-5,89836	36,70057	-7,86445	36,70056
19020	-7,20908	37,35592	-7,86446	36,70056
19040	-7,20908	37,35593	-8,51982	36,70057
19060	-8,5198	37,35593	-9,17518	37,35593
19080	-8,51981	38,01129	-9,83054	37,35593
19100	-9,83052	37,35594	-11,14125	37,35594
19120	-11,14124	38,01131	-13,10733	37,35595
19140	-13,10732	36,7006	-15,07341	36,04524
19160	-15,72875	36,04525	-17,69484	35,3899
19180	-18,35019	34,73454	-19,66093	34,73454
19200	-20,31627	34,07919	-21,62699	33,42383
19220	-22,28232	32,76848	-24,24838	30,80241
19240	-26,21437	29,49172	-32,76784	28,83642
19260	-39,97642	27,52577	-57,01537	30,80269
19280	-64,87927	43,25453	-65,53423	43,25453
19300	-64,87848	43,25453	-65,53365	43,25453
19320	-64,87819	43,25453	-65,53353	43,25453
19340	-64,87812	43,25453	-65,53349	43,25453
19360	-64,87816	43,25453	-65,53362	43,25453
19380	-64,87846	43,25453	-65,53408	43,25453
19400	-64,87894	43,25453	-65,53453	43,25453
19420	-64,8793	43,25453	-62,91338	43,25453
19440	-51,7724	42,59917	-44,56357	41,28845
19460	-38,01006	42,59914	-34,73337	43,25448
19480	-30,14592	43,25446	-28,83527	43,25444
19500	-26,21388	43,25444	-24,90321	43,25442
19520	-22,93716	43,25442	-22,28184	43,25441
19540	-20,31578	43,25441	-20,3158	43,25441
19560	-18,34974	43,2544	-18,34975	43,2544
19580	-17,03902	43,25439	-16,38369	43,25438
19600	-15,07296	43,25438	-14,41761	43,25438
19620	-13,76225	43,25438	-13,10691	43,25437
19640	-11,79618	43,25437	-11,14084	43,25436
19660	-10,48547	43,25436	-9,83012	43,25435
19680	-8,51939	43,25435	-8,5194	43,25435
19700	-7,20867	43,25435	-7,20868	43,25435
19720	-6,55331	43,25435	-5,89795	43,25434
19740	-5,89795	43,25434	-5,89796	43,25434
19760	-5,89795	43,25435	-7,86405	43,25435
19780	-7,86404	43,25436	-9,17477	43,25437
19800	-9,17477	43,25437	-10,4855	43,25437
19820	-11,14086	43,25438	-11,79623	43,25439
19840	-12,45159	43,25439	-13,10696	43,2544
19860	-11,14086	43,25439	-11,14086	43,25438
19880	-9,83013	43,25436	-9,17477	43,25434
19900	-7,20868	43,25433	-5,89797	43,2543
19920	-3,93189	43,25428	-1,96584	43,25425
19940	0,00023000000000195	43,25423	0,65557	43,2542
19960	2,62164	43,25418	2,62162	43,25415
19980	3,93234	43,25414	3,93233	43,25413
20000	4,58769	43,25413	4,58768	42,59877
20020	4,58768	41,28805	4,58766	39,97734
20040	4,58767	39,97733	3,27693	39,32197
20060	3,93231	39,32198	2,62157	38,66662
20080	3,27695	39,32198	2,62159	39,32198
20100	3,93232	39,97733	3,93232	40,63269
20120	5,89842	41,28804	6,55378	41,28803
20140	8,51988	42,59875	9,17524	41,94339
20160	9,83061	41,28802	10,48597	40,63265
20180	10,48598	39,9773	9,17524	38,66657
20200	9,17525	38,66658	7,20916	37,35586
20220	5,89843	36,70051	3,27697	35,38979
20240	2,62162	34,07908	0,00015000000000498	32,76837
20260	-0,65519999999999	30,8023	-2,6213	29,49158
20280	-3,27665	28,18086	-5,24275	26,21479
20300	-5,24274	26,87015	-6,55346	26,21479
20320	-6,55345	26,2148	-7,20882	25,55943
20340	-6,55345	25,55944	-7,86418	25,55943
20360	-9,83025	25,55945	-23,59285	23,59342
20380	-31,4572	21,62737	-32,76794	22,28271
20400	-31,45721	26,87023	-30,80187	28,83632
20420	-30,14651	28,83632	-32,11262	28,83632
20440	-31,45726	30,8024	-32,11263	31,45777
20460	-30,80191	31,45777	-32,11264	31,45777
20480	-32,11264	31,45777	-32,76802	30,80241
20500	-32,76801	30,14706	-33,42339	30,80241
20520	-32,76802	30,80241	-34,07875	32,11313
20540	-33,42339	32,76849	-33,42341	32,76848
20560	-33,4234	33,42384	-33,42341	34,07919
20580	-32,1127	35,38992	-32,76806	35,38991
20600	-31,45734	36,70063	-31,45735	37,35597
20620	-30,14662	38,01134	-29,49127	38,01133
20640	-27,52518	38,01134	-27,5252	38,6667
20660	-26,86982	38,01134	-26,86984	38,66669
20680	-26,21447	38,6667	-26,86984	38,01134
20700	-26,86982	38,6667	-27,52518	38,01134
20720	-27,52516	37,35598	-28,83587	36,70063
20740	-28,83584	35,38992	-31,45725	33,42385
20760	-33,42323	30,14708	-41,28741	28,18106
20780	-51,77283	26,87042	-65,53498	28,83661
20800	-64,87921	43,25453	-65,53425	43,25453
20820	-64,8786	43,25453	-65,53381	43,25453
20840	-64,87835	43,25453	-65,53365	43,25453
20860	-64,87823	43,25453	-65,53358	43,25453
20880	-64,87824	43,25453	-65,53369	43,25453
20900	-64,8785	43,25453	-65,53409	43,25453
20920	-64,87893	43,25453	-65,53452	43,25453
20940	-64,8793	43,25453	-65,5348	41,28845
20960	-64,87956	39,32237	-65,53504	37,35625
20980	-64,87977	36,0455	-61,60306	36,04548
21000	-57,67097	36,04547	-55,70497	35,39009
21020	-53,08358	36,04544	-51,77293	35,39007
21040	-49,15152	36,04541	-49,15157	35,39005
21060	-47,18552	35,39005	-46,53019	35,39004
21080	-45,87485	35,39003	-45,87489	35,39003
21100	-44,56418	35,39002	-45,21958	34,73466
21120	-43,90887	34,73465	-44,56427	34,07929
21140	-43,90891	32,76857	-44,5643	32,1132
21160	-43,2536	32,11321	-43,25363	31,45784
21180	-42,59827	32,1132	-41,94295	31,45783
21200	-41,28761	31,45783	-40,63228	30,80246
21220	-39,32158	30,14709	-38,66626	28,83637
21240	-37,35555	28,181	-36,70022	27,52563
21260	-35,38951	26,87026	-34,73417	26,21489
21280	-33,42346	26,21489	-34,07885	25,55951
21300	-32,76812	25,5595	-32,76815	24,90413
21320	-32,11279	24,90413	-32,11281	24,24875
21340	-31,45745	23,59339	-32,11283	22,93802
21360	-31,45747	23,59337	-31,45748	22,938
21380	-30,14676	23,59335	-30,80213	22,93798
21400	-29,4914	22,93797	-33,4236	23,59336
21420	-43,2541	25,55951	-48,49707	27,5256
21440	-48,49709	28,83631	-49,15248	29,49165
21460	-48,49713	29,49165	-48,49715	28,83629
21480	-48,49715	28,18093	-49,15254	27,52556
21500	-48,49717	26,8702	-49,15255	26,21484
21520	-49,15254	26,21484	-49,15256	24,90412
21540	-49,15255	24,90411	-49,15257	23,59339
21560	-48,4972	23,59338	-49,15257	22,93801
21580	-48,49721	22,93801	-48,49722	22,28264
21600	-48,49721	22,28264	-48,49723	21,62727
21620	-47,84185	22,28262	-48,49723	21,62725
21640	-47,84185	22,28261	-47,84186	22,28259
21660	-47,84185	22,28259	-47,84185	21,62722
21680	-46,53111	21,62721	-47,18648	20,97184
21700	-45,87574	21,62719	-46,53112	20,31646
21720	-45,87573	20,31646	-45,87574	19,00573
21740	-45,87572	17,69501	-47,18645	17,03965
21760	-46,53108	15,72892	-47,84181	14,4182
21780	-47,18644	13,10748	-48,49718	12,45212
21800	-47,84181	12,45213	-48,49719	12,45211
21820	-47,84182	13,10748	-47,84183	13,10747
21840	-46,5311	13,76283	-45,87574	14,41818
21860	-44,56502	14,41818	-45,22038	14,41817
21880	-44,565	43,254	-45,87573	13,7628
21900	-45,22036	13,10743	-46,53108	12,45207
21920	-46,53106	11,14134	-40,63272	7,86451
21940	-26,86984	-5,24274	-22,9375	-17,69463
21960	-21,62678	-15,0732	-22,93752	-10,4857
21980	-21,62679	-11,14106	-20,97145	-9,83036
22000	-20,31608	-8,51964	-20,97145	-8,51965
22020	-20,31609	-7,86428	-21,62682	-7,86429
22040	-20,97145	-7,86429	-22,28219	-8,51965
22060	-22,28218	-8,51965	-23,59292	-8,51965
22080	-23,59291	-7,86429	-65,53597	-7,86429
22100	-23,59292	-7,86429	-23,59293	-7,86429
22120	-22,2822	-7,8643	-22,28221	-7,20894
22140	-20,97148	-7,20895	-21,62685	-7,20894
22160	-20,97147	-6,55359	-22,2822	-6,55359
22180	-22,28219	-7,20894	-23,59292	-7,20894
22200	-23,59291	-7,20894	-24,90364	-7,86431
22220	-24,24827	-7,8643	-25,55901	-7,8643
22240	-24,90363	-7,20894	-24,90365	-7,86431
22260	-24,90364	-7,20894	-24,90365	-7,86431
22280	-24,90364	-7,20895	-24,90365	-7,20895
22300	-24,90364	-7,20895	-26,21439	-6,55359
22320	-25,55901	-7,20894	-26,21439	-7,86431
22340	-25,55903	-7,8643	-25,55905	-8,51966
22360	-24,24832	-8,51966	-24,90369	-7,8643
22380	-27,52513	-8,51964	-36,7002	-9,17495
22400	-41,94311	-7,86421	-43,90921	-7,86422
22420	-43,25385	-6,55351	-43,90923	-5,89816
22440	-43,25386	-5,89816	-43,25387	-5,89817
22460	-41,94313	-5,89817	-41,28778	-5,24282
22480	-39,97704	-5,24282	-39,97704	-5,24283
22500	-38,66631	-4,58747	-38,66632	-4,58747
22520	-38,6663	-3,93211	-39,32167	-3,93211
22540	-38,6663	-3,27675	-39,97704	-3,93211
22560	-39,97703	-3,93211	-41,94313	-4,58747
22580	-41,94312	-5,24283	-42,59849	-5,89819
22600	-42,59847	-5,89819	-47,18604	-2,62133
22620	-51,1183	3,93235	-53,73983	8,5199
22640	-54,39523	11,14132	-55,05063	13,10738
22660	-53,73992	14,41809	-54,39531	15,07344
22680	-53,73994	16,38415	-55,05067	15,72878
22700	-54,39531	16,38414	-53,73996	16,38414
22720	-53,73995	16,38413	-54,39533	15,72877
22740	-53,73996	15,07341	-53,73997	15,0734
22760	-52,42924	15,07341	-52,42926	15,0734
22780	-51,77389	15,0734	-51,77391	14,41804
22800	-51,7739	15,0734	-52,42927	15,0734
22820	-51,77391	15,07341	-52,42928	14,41805
22840	-51,77392	14,41805	-52,42929	13,10733
22860	-51,11856	13,76269	-51,77394	11,79661
22880	-50,46321	11,79662	-49,80787	10,48591
22900	-49,1525	9,83055	-48,49715	8,51983
22920	-47,84179	7,20913	-47,18644	5,89841
22940	-35,38975	-0,65523	-22,93764	-15,72856
22960	-19,66077	-19,66074	-23,59299	-14,41785
22980	-23,59298	-14,41785	-23,59302	-15,07321
23000	-23,59302	-14,41785	-24,2484	-14,41785
23020	-24,2484	-14,41785	-24,24841	-14,41785
23040	-23,59305	-14,41785	-24,24843	-15,07322
23060	-22,9377	-15,07322	-22,28236	-14,41786
23080	-21,627	-14,41786	-21,62701	-14,41786
23100	-20,31629	-14,41786	-20,3163	-14,41786
23120	-20,31629	-14,41786	-20,3163	-14,41786
23140	-20,31629	-14,41785	-20,97166	-14,41786
23160	-19,66093	-15,07321	-20,97166	-15,72857
23180	-20,31629	-15,72857	-21,62702	-16,38393
23200	-21,627	-16,38393	-22,28238	-16,38393
23220	-21,627	-16,38393	-22,28237	-16,38393
23240	-22,28236	-16,38393	-22,28237	-16,38393
23260	-21,62699	-15,72856	-22,28237	-16,38394
23280	-22,28234	-16,38393	-23,59307	-16,38323
23300	-23,59306	-15,72858	-24,90378	-16,38395
23320	-24,24841	-15,72859	-25,55914	-15,72859
23340	-25,55912	-16,38395	-26,21449	-16,38396
23360	-25,55911	-17,03932	-26,21447	-18,35005
23380	-25,55909	-18,35005	-26,21445	-19,66078
23400	-26,86725	-19,66078	-28,18053	-20,31614
23420	-28,18051	-20,31614	-30,14659	-20,9715
23440	-31,45729	-21,62686	-33,42338	-22,28222
23460	-33,42336	-22,28222	-34,7341	-22,28222
23480	-34,73407	-22,28222	-36,70016	-22,28224
23500	-34,73407	-21,62687	-34,73407	-21,62688
23520	-34,0787	-20,97152	-33,42335	-21,62688
23540	-31,45726	-21,62688	-30,80192	-22,28224
23560	-29,49118	-22,28224	-30,14655	-22,93761
23580	-29,49118	-22,9376	-30,14655	-23,59296
23600	-30,8019	-24,24832	-31,45726	-24,90368
23620	-31,45725	-24,90368	-32,76799	-26,2144
23640	-32,11261	-26,86977	-33,42333	-26,21441
23660	-32,76796	-26,86977	-33,42333	-26,86978
23680	-33,42331	-26,86977	-33,42333	-26,86978
23700	-33,42331	-26,86978	-34,07868	-27,52514
23720	-33,42331	-26,86978	-34,07868	-27,52515
23740	-33,42331	-26,86979	-65,53596	-27,52515
23760	-32,76794	-27,52515	-33,42331	-28,18051
23780	-33,4233	-28,18051	-34,73403	-28,18052
23800	-34,73401	-28,83587	-36,04473	-29,49123
23820	-36,70005	-30,14658	-38,6661	-30,80193
23840	-42,59816	-30,14653	-49,80693	-28,18038
23860	-64,87982	-21,62666	-65,53475	-5,24231
23880	-64,8789	30,14733	-65,53391	43,25453
23900	-64,8783	43,25453	-65,53346	43,25453
23920	-64,87796	43,25453	-65,53334	43,25453
23940	-64,87799	43,25453	-65,53345	43,25453
23960	-64,87826	43,25453	-65,53388	43,25453
23980	-64,87874	21,62765	-65,53436	4,58829
24000	-64,87919	-2,62079	-65,53467	-7,86379
24020	-64,87941	-9,82995	-65,53488	-12,45145
24040	-64,87959	-13,7622	-65,53503	-15,72832
24060	-64,87971	-17,03906	-65,53512	-17,03908
24080	-62,25835	-17,69445	-60,29232	-16,38376
24100	-57,01555	-15,72841	-55,70487	-15,07307
24120	-53,7388	-14,41772	-51,77276	-14,41773
24140	-47,84061	-14,41774	-45,87456	-15,0731
24160	-43,90849	-14,41774	-44,56387	-15,07311
24180	-43,9085	-15,72846	-43,90852	-15,72847
24200	-43,25316	-15,72846	-43,25317	-16,38383
24220	-41,94244	-17,03919	-42,59782	-17,0392
24240	-41,28709	-17,0392	-40,63174	-17,03921
24260	-39,32102	-16,38385	-39,32103	-16,38385
24280	-37,35494	-16,38386	-36,69959	-16,38387
24300	-35,38887	-15,72851	-34,73352	-15,72851
24320	-32,76743	-15,07315	-32,11209	-15,72852
24340	-30,80136	-15,07316	-30,80139	-14,4178
24360	-30,14602	-14,4178	-30,80139	-14,41781
24380	-30,80139	-13,76244	-29,49068	-14,4178
24400	-27,52459	-13,76244	-26,21389	-13,10707
24420	-25,55852	-13,10707	-24,90319	-13,10707
24440	-22,93711	-11,79634	-22,93713	-13,10707
24460	-22,28177	-13,76243	-22,93715	-14,41778
24480	-22,28179	-14,41778	-21,62646	-15,72851
24500	-20,31574	-17,03923	-20,31576	-17,69459
24520	-19,00504	-17,69458	-20,31578	-19,0053
24540	-20,31578	-19,00529	-21,62652	-19,66064
24560	-22,28188	-20,31599	-23,59261	-21,6267
24580	-24,90331	-20,97132	-26,86937	-21,62666
24600	-29,49075	-21,62662	-36,04423	-19,00511
24620	-41,28677	-15,07283	-62,25785	1,31149
24640	-64,87869	43,25453	-65,53344	43,25453
24660	-64,87763	43,25453	-65,53281	43,25453
24680	-64,87731	43,25453	-65,53261	43,25453
24700	-64,87718	43,25453	-65,5325	43,25453
24720	-64,87713	43,25453	-65,53253	43,25453
24740	-64,8773	43,25453	-65,53293	43,25453
24760	-64,87784	43,25453	-65,53351	43,25453
24780	-64,87839	40,63309	-65,534	26,21517
24800	-64,87884	19,00621	-65,53435	14,41869
24820	-64,87908	12,45261	-61,6024	11,7972
24840	-54,39352	11,14181	-49,15074	10,48642
24860	-43,90792	10,4864	-41,28656	11,14174
24880	-37,35446	11,14172	-36,04381	11,79707
24900	-32,76705	12,45242	-31,45639	12,45241
24920	-28,83497	12,45241	-28,17965	13,10775
24940	-26,21359	13,76311	-24,9029	14,41847
24960	-22,93683	14,41846	-22,28149	13,7631
24980	-20,97077	13,7631	-21,62616	13,10774
25000	-20,31544	13,10775	-20,97083	13,10775
25020	-20,97085	13,76312	-22,28159	13,10776
25040	-22,2816	13,10777	-23,59235	12,45242
25060	-23,59235	11,79707	-25,55845	10,48635
25080	-25,55845	10,48635	-26,21383	9,83099
25100	-26,86918	9,17563	-27,52455	8,52025
25120	-26,86918	8,52025	-27,52456	8,52024
25140	-27,52455	8,52025	-27,52455	7,86488
25160	-26,86918	8,52025	-27,52456	8,52024
25180	-26,86921	9,1756	-26,86922	9,17559
25200	-25,55849	9,83095	-26,21387	9,17558
25220	-25,5585	9,17558	-26,21387	8,52021
25240	-25,5585	9,17557	-25,55851	8,5202
25260	-24,24778	8,5202	-24,90315	8,5202
25280	-24,24778	8,5202	-24,90315	8,52019
25300	-23,59242	8,5202	-24,2478	8,5202
25320	-22,93708	9,17556	-23,59247	8,5202
25340	-22,28177	7,86485	-22,28179	7,20947
25360	-21,62643	6,55411	-21,62646	5,89874
25380	-20,31574	5,89873	-20,31576	5,24335
25400	-19,6604	5,24335	-18,3497	4,58798
25420	-17,03898	5,24335	-17,039	3,27725
25440	-15,72827	3,27726	-15,72829	2,62188
25460	-14,41756	3,27724	-15,07293	2,62188
25480	-14,41756	2,62188	-15,07293	2,62188
25500	-14,41756	2,62187	-15,72829	1,96651
25520	-15,07292	1,31115	-15,72829	0,65578
25540	-15,07293	1,31114	-15,72829	0,65578
25560	-15,07293	0,65577	-15,72831	0,00041000000000224
25580	-15,7283	0,65578	-16,38368	0,00042000000000542
25600	-15,72831	0,65578	-16,38369	0,65577
25620	-15,72832	0,65578	-16,38369	1,31113
25640	-15,72832	1,31113	-16,38369	1,96649
25660	-15,72831	2,62185	-15,72833	1,96648
25680	-15,07295	2,62184	-15,72832	2,62183
25700	-15,07295	3,93256	-15,07296	3,27719
25720	-14,41759	3,93255	-15,07296	3,93254
25740	-14,41759	3,93254	-15,07296	3,93253
25760	-14,41759	4,58789	-15,07297	3,93252
25780	-15,07295	4,58788	-15,07297	3,93252
25800	-15,07296	3,93251	-15,72833	3,27715
25820	-15,72832	3,27716	-16,3837	3,27715
25840	-16,38369	2,62179	-17,69443	1,31107
25860	-18,34978	1,31107	-19,66051	0,65571
25880	-19,00514	0,00035000000000451	-19,66051	-0,65501
25900	-19,00513	-0,65501	-19,66049	-1,31037
25920	-19,00513	-1,96573	-19,66049	-2,62109
25940	-19,00511	-2,62109	-19,00512	-3,93181
25960	-19,00509	-4,58716	-19,66043	-7,20859
25980	-19,005	-9,17464	-22,28171	-10,48531
26000	-26,86905	-7,86376	-34,733	-0,65459
26020	-49,15039	22,93837	-60,94624	43,25453
26040	-61,60114	43,25453	-64,22235	43,25453
26060	-64,87759	43,25453	-65,53286	43,25453
26080	-64,87744	43,25453	-65,5329	43,25453
26100	-64,87772	43,25453	-65,53342	43,25453
26120	-64,87843	43,25453	-65,53419	43,25453
26140	-64,87917	26,87053	-61,60265	15,72941
26160	-55,70458	9,17581	-48,49579	4,58829
26180	-40,63157	1,96685	-34,73344	0,00073000000000434
26200	-28,17992	-1,96537	-25,55856	-3,27612
26220	-22,93717	-5,24222	-20,97116	-5,89759
26240	-19,66048	-6,55297	-19,00517	-7,8637
26260	-17,03913	-8,51907	-16,38381	-9,17444
26280	-14,41775	-8,5191	-13,76243	-9,17447
26300	-11,79636	-9,17448	-11,79639	-9,82986
26320	-9,83032	-9,82987	-10,4857	-10,48525
26340	-9,17498	-9,17453	-9,17499	-9,17455
26360	-7,86426	-9,17455	-8,51963	-9,82992
26380	-7,86425	-8,51921	-8,51963	-9,17457
26400	-8,51961	-9,82994	-10,4857	-11,79604
26420	-11,14106	-13,10676	-13,10715	-14,41748
26440	-13,7625	-16,38357	-15,7286	-17,6943
26460	-15,7286	-18,34966	-17,6947	-19,00502
26480	-17,03932	-19,00502	-17,69469	-19,00503
26500	-16,38396	-17,03894	-6,55354	-7,20852
26520	1,31075	-0,65488999999999	0,65534	1,96653
26540	0,65533000000001	2,62188	1,31065	3,93258
26560	1,96599	3,93257	1,31061	2,62184
26580	1,96598	1,31112	1,31059	0,000390000000003
26600	1,3106	-0,65497999999999	1,31058	-1,9657
26620	2,62129	-3,27642	2,62127	-5,24251
26640	3,932	-6,55323	3,27662	-7,86396
26660	4,58734	-8,51932	3,93196	-10,48541
26680	5,24269	-10,48541	3,93197	-11,79613
26700	4,58734	-11,79613	3,93197	-12,45149
26720	5,24272	-12,45149	4,58735	-13,10685
26740	3,93203	-13,76219	3,27669	-15,0729
26760	2,62136	-14,41753	1,96601	-15,07288
26780	1,96606	-14,41747	-2,62133	-12,45133
26800	-11,79593	-6,55292	-47,18476	13,76333
26820	-62,9127	43,25453	-65,53363	43,25453
26840	-64,87791	43,25453	-65,533	43,25453
26860	-64,87745	43,25453	-65,5327	43,25453
26880	-64,8773	43,25453	-65,5327	43,25453
26900	-64,87746	43,25453	-65,53308	43,25453
26920	-64,87808	43,25453	-65,53386	43,25453
26940	-64,87887	39,97773	-65,53456	15,07405
26960	-64,8794	6,55437	-57,67063	1,96685
26980	-44,56358	-0,65459	-36,04405	-1,96531
27000	-29,49056	-3,93141	-26,21388	-4,58679
27020	-22,93717	-5,24216	-21,62655	-5,89754
27040	-19,66052	-6,5529	-19,00522	-7,20828
27060	-17,03918	-6,55293	-17,03923	-6,55294
27080	-15,72854	-5,89759	-15,07321	-5,24224
27100	-13,7625	-4,58688	-13,10717	-3,93153
27120	-11,1411	-3,27618	-11,14113	-2,62083
27140	-9,17507	-1,31011	-8,51974	-1,31012
27160	-7,20903	-0,65476	-7,20905	-0,65477
27180	-5,24299	-0,65478	-5,89838	-0,65479
27200	-4,58767	-1,31015	-3,93234	-1,96553
27220	-3,27698	-1,96553	-3,93237	-1,96554
27240	-3,93237	-1,31019	-3,93239	-1,3102
27260	-3,93239	-1,3102	-5,24311	-0,65485
27280	-5,2431	0,00051000000000556	-6,55127	0,00051000000000556
27300	-6,5538	0,65586	-8,5199	0,00048999999999921
27320	-8,51989	0,00048000000000314	-9,83062	0,00048000000000314
27340	-8,51989	0,65585	-9,17528	0,65585
27360	-8,51991	1,31121	-8,51993	1,3112
27380	-8,51993	2,62193	-8,51995	2,62193
27400	-7,86458	2,62193	-7,8646	3,27729
27420	-7,20924	4,58801	-7,86461	5,24337
27440	-6,55388	5,89873	-7,20926	5,24336
27460	-7,20926	5,89872	-7,86463	4,588
27480	-8,51999	3,93263	-10,48608	2,62191
27500	-11,14142	0,65583	-13,76288	-0,65488999999999
27520	-14,41824	-1,31024	-17,03969	-3,27631
27540	-18,3504	-3,93166	-19,66113	-3,2763
27560	-20,31646	-2,62094	-19,6611	-0,65488
27580	-17,69498	1,31119	-17,03967	7,20946
27600	-12,4522	15,07382	-10,48614	20,31669
27620	-7,86469	21,62739	-6,55399	21,62737
27640	-5,24327	18,35057	-6,55401	14,4184
27660	-7,86472	9,17551	-11,14154	3,93262
27680	-14,41834	-0,6549	-18,35051	-4,58706
27700	-20,31659	-5,89778	-23,59341	-7,20851
27720	-24,24877	-7,2085	-26,21487	-6,55315
27740	-26,21486	-5,24244	-26,21488	-3,93173
27760	-26,21488	-1,96566	-26,2149	-1,3103
27780	-24,90418	-1,31031	-25,55957	-1,96567
27800	-25,55957	-2,62103	-26,21496	-4,58713
27820	-26,21497	-5,24249	-26,87035	-6,55322
27840	-26,21499	-7,20857	-26,87039	-7,86394
27860	-26,21503	-8,51931	-26,21507	-7,86397
27880	-25,55971	-7,86397	-26,2151	-7,86399
27900	-25,55974	-7,86399	-26,21513	-7,864
27920	-26,8705	-8,51937	-28,83659	-9,8301
27940	-29,49194	-10,48546	-31,45803	-11,14082
27960	-32,11338	-11,79618	-34,73483	-12,45153
27980	-35,39018	-13,10688	-38,01163	-13,76224
28000	-38,01162	-13,76223	-38,01163	-12,45152
28020	-37,35626	-11,14079	-37,35627	-9,83007
28040	-36,70088	-9,17471	-37,35622	-7,86399
28060	-36,04548	-6,55326	-36,70085	-5,8979
28080	-36,70083	-5,24253	-38,01156	-5,24252
28100	-38,6669	-5,89787	-40,63299	-5,89785
28120	-41,28833	-7,20856	-43,90977	-7,86391
28140	-44,5651	-7,8639	-45,87583	-7,8639
28160	-45,87581	-7,20853	-45,87582	-7,20853
28180	-45,22045	-5,8978	-45,87583	-5,24245
28200	-45,22047	-5,24244	-45,87584	-5,24245
28220	-45,22048	-4,58708	-46,53122	-5,24245
28240	-47,18658	-5,24244	-47,84197	-5,24244
28260	-47,84196	-5,24244	-49,80806	-4,58707
28280	-49,80806	-5,24242	-52,42951	-5,24242
28300	-52,42948	-4,58705	-38,66675	-2,62102
28320	-5,24292	-5,24256	-65,53558	-7,86408
28340	43,90997	-6,55341	61,60509	-7,86419
28360	75,36793	-9,83031	74,05722	-15,07323
28380	72,74643	-11,79643	71,43565	-13,10714
28400	72,09097	-14,41785	71,43556	-15,07322
28420	70,78016	-15,72858	70,7801	-17,03931
28440	71,43543	-17,69468	72,09075	-18,35005
28460	72,74609	-17,69469	74,05677	-18,35006
28480	75,36748	-17,6947	74,71208	-17,03934
28500	76,02278	-17,03934	75,36739	-17,69471
28520	75,36739	-17,69471	74,71199	-18,35007
28540	74,71199	-18,35008	74,0566	-19,00544
28560	74,05659	-18,35008	73,40121	-18,35009
28580	73,40121	-18,3501	72,09046	-18,3501
28600	72,74583	-18,3501	68,15828	-19,66079
28620	43,2544	-22,93741	0,00027000000000044	-26,86941
28640	-39,32166	-27,52462	-65,53631	-25,55844
28660	-64,88107	-22,93704	-63,57042	-15,07276
28680	-58,32757	1,31122	-53,74011	9,83088
28700	-53,74015	11,14158	-55,05091	11,14157
28720	-54,3956	11,79691	-54,39563	12,45227
28740	-53,73771	11,79691	-53,74027	9,17545
28760	-53,74026	6,55399	-54,39563	3,27717
28780	-53,0849	1,96644	-53,74027	1,96642
28800	-51,77418	3,27713	-51,11883	3,93247
28820	-49,8081	4,58781	-49,80811	4,58779
28840	-47,84202	6,55387	-46,53131	6,55384
28860	-45,22058	8,51991	-44,56523	9,17525
28880	-43,2545	9,8306	-42,59915	10,48596
28900	-41,28842	11,14131	-40,63307	10,48594
28920	-38,66698	11,1413	-38,01163	11,79665
28940	-36,04554	12,45201	-35,39019	13,10736
28960	-34,07946	14,41809	-32,76875	15,72881
28980	-37,35626	17,69494	-51,11883	16,3843
29000	-55,70634	15,72895	-55,70635	17,03966
29020	-55,05098	17,69501	-56,36171	17,03965
29040	-55,05098	16,38428	-56,36171	15,72893
29060	-56,3617	16,38429	-56,36171	16,38429
29080	-57,01706	17,03965	-57,67243	17,69503
29100	-57,67242	17,69504	-58,32779	18,35041
29120	-58,32778	19,00578	-59,63851	19,00578
29140	-58,98314	19,00579	-59,63851	19,00579
29160	-58,98314	20,31651	-58,98315	20,31651
29180	-57,67242	20,97187	-57,67243	21,62722
29200	-56,3617	22,28258	-55,70635	22,93793
29220	-54,39562	23,59328	-53,08491	23,59327
29240	-51,77418	24,24863	-50,46347	24,90398
29260	-49,15272	24,90397	-48,49736	25,55933
29280	-47,18662	26,21468	-46,53127	26,21467
29300	-45,22053	26,21466	-45,8759	26,21465
29320	-43,9098	26,21465	-43,25445	26,21464
29340	-42,59908	26,21464	-41,94372	25,55927
29360	-40,63299	25,55927	-40,63299	26,21462
29380	-39,97761	26,21462	-39,97762	26,21462
29400	-39,32224	26,21463	-39,97761	25,55926
29420	-39,32223	24,9039	-40,63295	24,24853
29440	-39,97757	23,59318	-40,63294	23,59317
29460	-39,97757	22,93782	-39,32222	21,62711
29480	-38,66686	21,62711	-38,01152	21,62711
29500	-36,70079	22,28248	-37,35618	22,93783
29520	-36,7008	22,28248	-36,70082	22,93784
29540	-36,04545	23,5932	-36,70081	23,5932
29560	-36,04544	24,24857	-36,70082	24,24857
29580	-36,70081	24,24857	-37,35617	23,59321
29600	-36,7008	24,24857	-38,01154	23,59321
29620	-37,35616	23,59321	-38,01153	23,59321
29640	-37,35616	22,93785	-37,35617	22,93784
29660	-37,35615	22,93785	-38,01153	22,93785
29680	-37,35616	22,93784	-38,01152	22,28249
29700	-37,35615	21,62713	-38,01152	21,62713
29720	-37,35615	21,62713	-38,01152	20,97177
29740	-37,35615	20,31641	-38,66689	20,31641
29760	-38,01152	19,66105	-38,66689	19,00569
29780	-38,01152	19,00569	-38,01154	19,00569
29800	-38,01153	19,00569	-38,6669	18,35033
29820	-38,01153	17,69497	-38,66691	17,69496
29840	-38,66689	17,03961	-38,6669	16,38424
29860	-38,66689	16,38424	-38,6669	15,72887
29880	-38,01153	15,72888	-38,66691	15,07351
29900	-38,01153	15,72887	-39,32226	15,07351
29920	-38,01154	15,07351	-39,32227	15,72887
29940	-38,01154	15,72887	-39,32227	15,07351
29960	-38,66691	15,07352	-38,66692	15,07351
29980	-38,66691	15,72888	-39,32229	15,72888
