T	LX	LY	RX	RY
0	0	0	0	0
20	0	0	9,9999999960687E-6	9,9999999960687E-6
40	-0,65536	9,9999999960687E-6	-0,65535000000001	0,65536
60	-0,65536	0,65537	9,9999999960687E-6	9,9999999960687E-6
80	-0,65535	0,65537	-0,65535000000001	0,65537
100	-0,65535	0,65537	-0,65535000000001	0,65537
120	-0,65535	0,65537	-1,31071	0,65537
140	-1,31071	0,65537	-0,65535000000001	0,65537
160	-1,31071	0,65537	-1,3107	0,65537
180	-1,31071	1,31074	-1,3107	1,31074
200	-1,96606	1,31074	-1,96606	1,31074
220	-1,96606	1,31074	-1,96606	1,31074
240	-1,96607	1,9661	-1,31071	1,31074
260	-1,31072	1,9661	-1,31072	2,62146
280	-1,31072	2,62147	-1,31072	2,62147
300	-1,96609	2,62147	-1,96609	2,62147
320	-1,96609	2,62147	-1,96608	40,63236
340	-1,96609	3,27684	-1,96608	3,27684
360	-1,96609	3,9322	-1,96608	3,9322
380	-1,96608	3,9322	-2,62143	3,9322
400	-2,62144	3,9322	-1,96607	4,58756
420	-2,62144	4,58757	-3,93216	5,24293
440	-3,93216	5,8983	-3,93215	5,8983
460	-3,93215	5,89831	-3,93215	5,89831
480	-4,58751	6,55367	-4,58751	6,55367
500	-4,58751	6,55367	-4,5875	6,55367
520	-4,58751	6,55367	-4,5875	6,55367
540	-4,58751	6,55368	-4,5875	6,55367
560	-4,58751	6,55368	-5,24286	6,55368
580	-5,24287	6,55368	-5,24286	6,55368
600	-5,24287	6,55368	-5,24286	6,55367
620	-5,24286	6,55367	-5,24286	6,55438
640	-4,5875	6,55367	-4,58749	7,20903
660	-4,5875	7,20904	-4,58749	7,20904
680	-4,58749	6,55368	-4,58749	7,20904
700	-5,24285	7,20904	-5,24285	6,55368
720	-5,24285	7,20904	-5,24284	7,20903
740	-5,24285	7,20904	-5,24285	7,20904
760	-4,58749	7,8644	-5,24284	7,8644
780	-4,58749	7,8644	-4,58748	7,8644
800	-4,58748	7,8644	1,96616	8,51976
820	13,7628	9,17512	17,03967	9,17512
840	15,72893	9,83048	15,72893	9,83049
860	15,07357	10,48585	15,07357	9,83049
880	15,07356	9,83049	15,07357	10,48585
900	14,4182	10,48585	14,41821	10,48585
920	14,4182	10,48585	14,41821	10,48585
940	14,4182	10,48585	14,41821	10,48585
960	13,76284	10,48585	14,41821	10,48585
980	13,76285	10,48585	14,4182	9,83049
1000	13,76284	9,83049	13,76284	9,83048
1020	13,10747	9,83048	13,10748	9,83048
1040	13,10747	9,83048	13,10747	9,83048
1060	13,76282	9,83048	15,07353	10,48583
1080	18,35034	10,48583	24,90402	11,14118
1100	25,55938	11,79654	26,21474	11,79654
1120	26,21473	12,4519	26,87009	13,10727
1140	26,87008	13,10727	26,87008	13,76264
1160	25,55936	13,76265	24,90402	13,76265
1180	23,5933	13,1073	21,62723	12,45193
1200	19,66116	11,79657	18,35044	10,48584
1220	17,69508	10,48584	17,03972	9,83048
1240	16,38436	9,83048	26,21486	9,83048
1260	37,35616	11,1412	38,66693	10,48583
1280	37,35619	10,48584	36,70083	10,48584
1300	36,04547	10,48584	36,04547	10,48584
1320	36,04546	10,48584	35,39011	10,48584
1340	35,3901	11,1412	34,73475	10,48584
1360	35,39011	10,48584	34,73475	10,48584
1380	34,73475	11,1412	34,73475	10,48584
1400	34,73475	10,48584	34,73475	11,1412
1420	34,73474	10,48585	34,73474	11,1412
1440	34,73474	10,48584	34,73474	11,1412
1460	34,07938	10,48584	42,59915	13,10729
1480	58,98338	15,07339	62,91567	14,41802
1500	61,60493	15,07339	61,60493	15,07339
1520	61,60492	15,07339	61,60492	15,72875
1540	61,60492	15,72876	61,60493	15,72875
1560	61,60492	15,72876	61,60493	15,72875
1580	61,60492	16,38412	61,60492	16,38412
1600	61,60492	17,03948	61,60493	17,03948
1620	61,60492	17,03949	61,60492	17,03949
1640	61,60492	17,69485	61,60492	17,03949
1660	66,84787	18,35022	77,33381	19,66095
1680	79,29995	19,66095	78,64458	20,31632
1700	77,98921	20,31633	78,64458	20,31633
1720	77,98921	20,97169	77,98922	20,97169
1740	77,98921	20,9717	77,33386	20,97169
1760	77,33386	20,9717	76,6785	21,62705
1780	76,67849	21,62706	76,6785	20,97169
1800	77,33386	20,97169	91,75198	21,62706
1820	101,58259	21,62706	100,92725	22,28242
1840	99,6165	22,28243	99,61652	22,93779
1860	99,61651	22,93779	99,61652	23,59315
1880	99,61651	23,59316	98,96116	23,59315
1900	98,96115	23,59316	98,96115	23,59315
1920	98,96115	23,59316	98,96115	24,24852
1940	98,96114	24,24852	98,96114	24,90388
1960	98,96113	24,90388	99,61649	24,90388
1980	98,96111	24,90389	99,61648	25,55924
2000	98,30574	25,55924	79,95539	22,28242
2020	45,87866	17,69488	9,17543	13,76271
2040	-11,79631	14,41806	-11,79629	15,72879
2060	-10,48554	17,03951	-9,83019	17,03951
2080	-10,48555	18,35025	-9,83018	19,00561
2100	-10,48555	19,66098	-9,83018	20,31635
2120	-10,48554	20,31636	-10,48553	20,97172
2140	-10,48555	20,97173	-10,48554	21,62708
2160	-10,48555	21,62709	-10,48554	22,28245
2180	-10,48555	22,28245	-10,48555	22,28245
2200	-10,48555	22,28245	-10,48555	22,28245
2220	-10,48556	22,93781	-9,83019	22,9378
2240	-9,8302	22,28244	-9,83019	22,28244
2260	-10,48556	22,28244	-9,8302	22,28244
2280	-10,48556	22,28244	-10,48556	22,28244
2300	-10,48557	21,62708	-9,8302	21,62707
2320	-9,83021	20,97171	-3,9319	20,9717
2340	6,55401	20,9717	7,2094	20,97169
2360	5,89866	20,9717	5,89866	20,9717
2380	6,55402	20,31634	5,89866	20,31634
2400	5,89865	20,31633	5,89865	20,31633
2420	5,89865	20,31633	5,89865	19,66096
2440	5,24328	19,66097	5,24328	19,66096
2460	5,24328	19,0056	5,24328	19,0056
2480	5,89863	19,0056	5,24328	18,35023
2500	5,24327	18,35023	5,24327	18,35023
2520	5,24326	17,69487	4,58791	17,69486
2540	4,5879	17,0395	4,5879	16,38414
2560	3,93253	16,38414	3,93253	15,72877
2580	3,93252	15,72877	3,93253	15,72877
2600	3,93253	15,72877	3,93253	15,0734
2620	3,93252	15,07341	3,93252	15,0734
2640	12,45229	16,38413	32,11336	18,35022
2660	39,97784	18,35022	38,01176	18,35022
2680	38,01175	18,35022	38,6671	18,35022
2700	38,66709	17,69486	39,32246	17,69485
2720	38,66709	17,69486	39,32245	18,35022
2740	39,32244	17,69486	39,97781	18,35022
2760	39,32243	17,69486	39,32244	17,69485
2780	39,32244	17,69485	39,32244	17,69485
2800	44,56537	18,35022	49,15298	19,00558
2820	48,49762	18,35022	48,49761	18,35022
2840	48,49761	18,35022	48,49761	18,35022
2860	48,49761	18,35022	48,49761	18,35022
2880	48,4976	18,35022	48,4976	18,35022
2900	48,4976	18,35022	48,4976	18,35022
2920	48,4976	18,35023	49,15296	18,35022
2940	48,49759	18,35022	48,4976	17,69485
2960	55,05125	18,35022	72,09085	20,3163
2980	83,23221	20,3163	83,23224	19,66093
3000	82,57685	19,66094	82,57685	19,66094
3020	82,57685	19,00558	81,92149	19,66093
3040	82,57684	19,66094	81,92148	19,00557
3060	81,92147	19,66093	81,92147	19,00557
3080	81,26611	19,66094	81,26611	19,00557
3100	81,26611	19,00557	81,26611	19,00557
3120	80,61075	19,00558	80,61075	19,00557
3140	80,61075	19,00557	81,26611	18,3502
3160	81,26609	18,3502	83,88758	18,3502
3180	88,47519	19,66093	89,78595	19,66093
3200	89,13058	19,00558	89,78594	19,00557
3220	89,78594	19,00557	89,78594	19,00557
3240	90,44129	19,66093	89,78594	19,00557
3260	90,44129	19,00557	89,78593	19,00557
3280	90,44129	19,00557	91,09666	19,00557
3300	91,09665	19,00556	89,13057	19,00556
3320	77,9893	19,00557	72,09097	19,00558
3340	74,05706	19,00558	74,71243	19,00558
3360	74,71242	19,00558	75,36779	19,00557
3380	75,36778	19,00558	75,36778	18,35021
3400	76,02314	18,35021	76,6785	18,35021
3420	77,33384	18,35021	77,33384	19,00622
3440	77,98919	18,3502	77,98919	17,69483
3460	71,43551	15,72874	43,90997	9,83046
3480	9,1754	3,93218	-11,79635	2,62146
3500	-11,14097	5,24292	-8,5195	6,55365
3520	-7,86414	7,86438	-7,20877	8,51976
3540	-7,20877	9,17513	-6,55341	10,48585
3560	-6,55341	11,14122	-6,55342	11,14122
3580	-5,89807	11,79659	-5,89806	12,45195
3600	-6,55343	12,45196	-6,55343	12,45196
3620	-7,20879	13,10732	-6,55343	13,76268
3640	-6,55343	13,10732	-6,55343	13,10732
3660	-7,2088	14,41805	-9,83026	15,72879
3680	-9,17489	16,38415	-8,51953	15,72879
3700	-8,51954	15,72879	-8,51954	16,38415
3720	-8,51955	16,38415	-45,21971	15,72879
3740	-8,51956	15,72879	-9,17491	16,38414
3760	-8,51956	15,72878	-8,51955	15,72877
3780	-9,17493	15,72878	-8,51956	15,72878
3800	-9,17492	15,07342	-8,51956	15,07341
3820	-9,17493	15,07341	-9,17493	14,41804
3840	-9,17493	14,41804	-9,17493	14,41803
3860	-9,8303	13,76268	-9,17494	13,76267
3880	-9,8303	13,10731	-9,17494	13,1073
3900	-9,83031	13,10731	-9,17494	13,1073
3920	-9,17495	12,45194	-9,17494	11,79658
3940	-9,17495	11,79658	-9,83031	11,79657
3960	-9,83031	11,1412	-9,83031	10,48583
3980	-9,83031	10,48583	-9,83031	10,48583
4000	-9,17495	9,83047	-9,17495	10,48583
4020	-9,83031	9,83047	-9,17494	9,83047
4040	-9,17495	9,83047	-9,8303	9,83046
4060	-9,17495	9,83046	-9,17494	9,83046
4080	-9,17495	9,83047	-7,86423	9,83046
4100	13,10748	14,41801	51,11883	19,6609
4120	83,23198	22,28235	98,30564	22,93772
4140	96,33964	23,5931	95,0289	23,5931
4160	95,02889	24,24848	95,0289	24,90385
4180	94,37353	24,90386	95,0289	25,55922
4200	95,0289	26,2146	94,37354	26,86996
4220	95,02891	26,86997	95,02891	27,52533
4240	95,02891	27,52533	95,02891	27,52533
4260	95,02891	27,52534	95,02891	27,52533
4280	95,0289	27,52534	95,0289	28,1807
4300	95,68426	28,1807	95,0289	27,52533
4320	95,02889	27,52534	95,0289	28,1807
4340	95,02889	27,52534	95,68426	28,1807
4360	95,68425	28,1807	95,02889	28,1807
4380	95,68425	28,1807	95,02889	28,1807
4400	95,02889	28,1807	95,02889	28,1807
4420	95,02889	28,1807	89,13057	27,52533
4440	63,57114	26,21462	27,52578	21,62708
4460	-5,89803	17,03954	-22,28216	15,07346
4480	-20,97142	17,69492	-19,00531	19,00564
4500	-19,00532	19,66101	-19,00531	20,31638
4520	-19,66067	20,31639	-19,66067	20,97175
4540	-19,00531	20,97176	-19,00531	21,62711
4560	-19,66068	21,62712	-19,66067	21,62711
4580	-19,66068	21,62712	-19,66067	21,62711
4600	-19,66069	21,62712	-19,00532	21,62711
4620	-19,00533	21,62711	-19,00532	21,6271
4640	-19,00533	21,6271	-19,00533	20,97174
4660	-18,34998	20,97174	-19,00534	20,97173
4680	-18,34998	20,97173	-18,34998	20,97172
4700	-19,00534	20,31636	-18,34998	20,31636
4720	-18,34999	20,97171	-18,34998	20,31635
4740	-18,34999	20,31635	-18,34998	20,31634
4760	-18,34999	19,66099	-17,69462	19,66097
4780	-17,69463	19,66097	-18,34998	19,00561
4800	-17,03927	18,35024	-0,6551	20,31632
4820	19,00598	21,62706	20,31678	20,97169
4840	18,35067	20,9717	18,35066	20,31633
4860	18,35065	20,31634	19,00601	20,31633
4880	18,35064	20,31633	18,35064	20,31633
4900	18,35063	20,31633	17,69527	20,31632
4920	17,69526	20,31633	18,35063	20,31632
4940	17,69526	20,31633	20,31672	20,31632
4960	36,04556	21,62705	41,28858	21,62704
4980	39,97784	21,62705	39,32246	21,62705
5000	39,97782	21,62705	39,32246	21,62705
5020	39,97781	21,62705	39,97781	20,97168
5040	39,32244	21,62705	39,32245	20,97168
5060	39,32244	20,97169	39,32244	20,97168
5080	39,32243	20,97169	39,32244	20,97168
5100	39,32243	20,97168	39,32243	20,97168
5120	39,32243	20,97168	39,97779	20,97168
5140	39,32242	20,97168	39,32242	20,97167
5160	39,97778	20,97167	52,42979	20,97167
5180	62,26037	21,62702	63,57113	20,97166
5200	62,26038	20,97167	62,91575	20,97166
5220	62,26038	20,97166	62,26038	20,97166
5240	62,26038	20,97166	62,91574	20,3163
5260	62,91574	20,3163	62,91574	20,31629
5280	62,91574	20,31629	62,91574	20,31629
5300	62,91573	19,66093	63,57109	19,66092
5320	62,91573	19,00556	63,57109	18,3502
5340	63,57109	18,35019	62,91573	18,35019
5360	63,57108	18,35019	63,57109	18,35018
5380	63,57107	18,35018	63,57108	17,03946
5400	63,57107	17,69482	63,57108	17,03945
5420	63,57107	17,69482	62,91571	17,03945
5440	62,91571	17,03946	63,57108	17,03945
5460	79,29989	17,69481	97,65029	18,35016
5480	100,92722	17,6948	99,61649	17,6948
5500	99,61648	17,6948	100,27184	17,6948
5520	100,27183	17,03945	99,61647	17,6948
5540	98,96111	17,6948	99,61647	17,03944
5560	98,9611	17,03944	98,9611	17,03944
5580	98,9611	17,03944	98,9611	17,03944
5600	98,96109	17,03944	98,30573	17,03944
5620	98,30572	16,38408	97,65036	16,38407
5640	98,30571	16,38408	97,65036	16,38408
5660	97,65035	16,38408	98,30571	16,38407
5680	98,96106	16,38407	98,96105	17,03943
5700	98,96104	17,03944	98,96104	17,03943
5720	98,96104	16,38408	85,1983	15,07335
5740	53,74052	9,83044	17,69521	6,55364
5760	-7,86417	5,89829	-13,10706	7,20902
5780	-11,14095	8,51976	-11,14094	9,17512
5800	-11,14095	10,48586	-11,14095	11,14122
5820	-11,14097	11,14122	-11,14097	11,14122
5840	-11,14099	11,79659	-11,14099	11,79659
5860	-11,141	11,79659	-11,141	11,79659
5880	-11,14101	11,7966	-11,14101	11,7966
5900	-11,14101	12,45196	-11,14101	12,45196
5920	-11,14101	12,45197	-11,14101	12,45196
5940	-11,14102	12,45196	-11,14101	13,10733
5960	-11,14102	13,10733	-11,14101	13,10732
5980	-11,14102	13,10732	-11,14102	13,10732
6000	-11,79638	13,10732	-11,79638	12,45195
6020	-15,72856	9,83049	-17,69467	9,17512
6040	-17,03931	9,83048	-16,38394	9,83048
6060	-16,38394	9,83048	-16,38394	9,83048
6080	-16,38394	9,83048	-15,72857	9,83048
6100	-15,72858	9,83048	-15,72858	9,83047
6120	-15,72858	9,83047	-15,72857	9,83047
6140	-15,72858	9,83047	-15,72858	9,83047
6160	-15,72859	9,17511	-15,07321	9,83046
6180	-15,07322	9,17511	-15,07322	9,1751
6200	-15,07322	9,1751	-14,41785	9,17509
6220	-14,41531	9,17509	-15,07321	8,51972
6240	-14,41786	8,51972	-15,07321	8,51972
6260	-14,41785	7,86436	-14,41785	8,51972
6280	-15,07322	7,86435	-14,41787	6,55361
6300	-14,41787	5,89825	-14,41787	5,89823
6320	-14,41788	5,24286	-14,41788	4,5875
6340	-14,41789	4,5875	-14,41789	4,58749
6360	-13,76253	4,58749	-3,27666	5,24285
6380	16,38441	7,86431	17,69524	7,86431
6400	16,38449	7,86432	16,38449	7,86432
6420	16,38449	7,86433	16,38449	7,86432
6440	16,38704	8,51969	16,3845	8,51969
6460	16,38449	8,51969	16,3845	8,5197
6480	16,38449	9,17506	16,3845	9,17505
6500	16,3845	9,17506	17,03986	9,17505
6520	16,38449	9,17506	16,3845	8,51969
6540	22,93815	9,17506	38,66704	11,14113
6560	41,28855	11,14114	39,97782	10,48578
6580	39,9778	10,48578	40,63317	10,48578
6600	40,63315	10,48578	41,28851	10,48578
6620	41,2885	10,48578	40,63314	10,48578
6640	41,28849	10,48578	41,2885	10,48578
6660	41,28849	10,48578	41,28849	9,83042
6680	41,28848	9,83042	41,2885	9,83041
6700	41,28849	9,83041	41,2885	9,83041
6720	41,28849	9,17505	41,28849	9,17504
6740	41,28848	9,17505	41,28848	9,17504
6760	41,28848	9,17504	41,94384	8,51968
6780	41,28847	8,51968	41,28848	8,51967
6800	41,28847	8,51967	45,22067	7,86431
6820	59,63879	8,51967	67,50328	8,51966
6840	68,15866	8,51967	67,50328	8,51967
6860	67,50328	8,51967	67,50328	8,51967
6880	67,50327	8,51967	67,50327	7,86431
6900	67,50327	7,86431	67,50327	7,86431
6920	67,50327	7,86431	67,50327	7,86431
6940	67,50326	7,20894	67,50326	7,20894
6960	67,50326	7,8643	67,50326	7,20893
6980	67,50326	7,20894	67,50326	7,20893
7000	67,50325	6,55357	68,15862	6,55357
7020	77,33378	7,20893	83,23215	7,20893
7040	81,92141	7,20893	81,92141	7,20893
7060	81,92141	6,55357	81,92141	6,55357
7080	81,9214	6,55357	81,92141	5,8982
7100	81,92141	5,89821	81,92141	5,8982
7120	81,9214	5,8982	81,92141	5,8982
7140	81,9214	5,8982	83,23213	5,24284
7160	93,71804	5,89819	100,27179	5,89819
7180	100,92716	6,55356	100,27179	5,89819
7200	100,27178	5,8982	100,27179	5,8982
7220	100,27178	5,89819	100,27179	5,89819
7240	100,27179	5,24283	100,92715	5,24283
7260	100,27179	5,24283	100,92715	4,58747
7280	100,92714	5,24283	100,92715	4,58746
7300	100,92714	4,58747	100,92714	3,93209
7320	104,85935	4,58746	106,82548	5,24282
7340	106,17011	5,24283	106,1701	5,24283
7360	106,17009	4,58747	106,17009	4,58746
7380	106,17008	4,58746	106,82544	3,93209
7400	106,82543	3,27673	103,54859	1,31063
7420	76,02307	-5,89838	35,39014	-15,07347
7440	-1,31052	-19,661	-16,38394	-19,00564
7460	-15,07319	-17,69491	-13,76246	-16,38418
7480	-12,45175	-15,72881	-11,79639	-15,07345
7500	-11,7964	-14,41808	-11,14104	-13,76272
7520	-11,79641	-13,10735	-11,14105	-12,45199
7540	-11,79642	-11,79662	-11,14106	-12,45198
7560	-11,14107	-11,79662	-11,14108	-11,14126
7580	-7,86424	-7,20906	-5,89811	-5,89832
7600	-5,89812	-5,89832	-5,89812	-5,89832
7620	-5,89813	-5,24295	-5,89812	-5,24296
7640	-5,89813	-5,24295	-5,89813	-5,89832
7660	-5,89814	-5,24296	-5,89813	-5,24296
7680	-6,5535	-5,24295	-5,89813	-5,24296
7700	-5,89814	-5,24296	-5,89814	-5,24296
7720	-5,89814	-5,24296	-5,89813	-5,89832
7740	-5,89814	-5,89832	-5,89814	-5,89833
7760	-5,89815	-5,89833	-5,89814	-6,55369
7780	-5,89815	-6,55369	-5,89814	-6,5537
7800	-5,89815	-7,20906	-5,89815	-7,20906
7820	-5,89815	-7,20906	-5,24279	-7,20906
7840	-5,2428	-7,20906	-5,24279	-7,86443
7860	-5,2428	-8,51979	-5,2428	-9,17517
7880	-5,24281	-9,83053	-5,24282	-11,79664
7900	-6,55355	-21,6271	-11,79635	-60,9489
7920	-11,79628	-123,8638	9,83059	-195,29847
7940	41,28773	-234,62059	51,11808	-239,20824
7960	53,7395	-51,11966	48,49675	-193,33258
7980	41,28794	-172,36091	36,04518	-151,38924
8000	34,07913	-133,69441	32,11308	-119,93178
8020	31,45771	-108,13522	32,11308	-98,96013
8040	32,11307	-90,4404	32,11307	-83,23139
8060	32,11305	-77,33311	32,11305	-72,0902
8080	32,11304	-66,84729	32,11304	-63,57046
8100	32,11303	-59,63828	32,11304	-57,01682
8120	32,11303	-55,05072	32,11303	-52,42927
8140	32,11303	-49,80781	32,11303	-47,18636
8160	32,11303	-45,22026	31,45768	-43,90953
8180	31,45767	-42,5988	31,45768	-40,63271
8200	31,45767	-39,32198	31,45767	-38,01125
8220	30,8023	-37,35588	31,45767	-36,70052
8240	30,8023	-35,38979	38,01134	-32,76834
8260	55,7063	-30,14689	60,94931	-28,83615
8280	59,63857	-27,52542	59,63857	-26,87006
8300	59,63857	-26,21468	59,63857	-24,90396
8320	59,63856	-24,24859	59,63857	-24,24859
8340	59,63855	-22,93786	58,98321	-22,93786
8360	58,9832	-22,2825	58,9832	-22,2825
8380	59,63856	-22,28249	58,9832	-21,62713
8400	58,9832	-21,62713	58,9832	-20,97177
8420	58,98321	-20,97177	58,98321	-20,97177
8440	58,98321	-20,97177	59,63857	-20,97177
8460	58,9832	-20,97177	59,63857	-20,97177
8480	58,98321	-20,97177	59,63857	-20,97177
8500	-45,21903	-20,97177	59,63857	-20,97177
8520	59,63857	-21,62714	54,39565	-22,2825
8540	37,35609	-23,59321	32,76851	-22,93785
8560	35,38997	-20,97176	35,38998	-20,97175
8580	35,38997	-20,97175	36,04534	-20,3164
8600	36,04533	-20,31638	35,39253	-19,66103
8620	35,38997	-19,66102	35,38997	-19,66103
8640	35,38997	-19,66103	34,73716	-19,00567
8660	35,38997	-19,00566	34,73461	-18,3503
8680	34,7346	-18,3503	34,73461	-18,3503
8700	34,73461	-17,03957	34,73462	-17,03957
8720	34,73462	-17,69493	34,73462	-17,69493
8740	34,73463	-17,03957	34,73463	-17,69493
8760	34,73464	-17,69493	34,73465	-17,69494
8780	34,73465	-17,69493	34,73466	-17,69494
8800	34,73464	-17,69494	34,73464	-17,69494
8820	34,73463	-17,69494	34,07927	-18,3503
8840	34,07925	-18,3503	42,59902	-17,03958
8860	57,01714	-15,07349	60,29404	-14,41812
8880	58,9833	-13,76275	58,9833	-13,10738
8900	58,9833	-13,10738	59,63867	-13,10738
8920	60,29402	-12,45202	60,29403	-12,45202
8940	60,29402	-12,45203	60,94939	-11,79666
8960	60,94939	-12,45202	60,94939	-12,45203
8980	60,94938	-12,45202	60,94939	-12,45203
9000	60,94938	-12,45203	60,94938	-13,10739
9020	60,94937	-12,45203	60,94938	-12,45203
9040	60,29401	-13,10739	69,46915	-11,79667
9060	86,50877	-10,48596	91,09643	-9,83059
9080	89,78569	-9,83058	89,78569	-9,83058
9100	89,78569	-9,17521	89,78569	-9,17522
9120	89,78567	-9,17522	89,78568	-9,17522
9140	89,13031	-9,17522	89,78567	-9,17522
9160	89,78567	-9,17521	89,13031	-9,17522
9180	89,13031	-8,51985	89,13031	-9,17522
9200	89,13031	-8,51985	89,13031	-9,17521
9220	88,47495	-8,51985	89,13031	-8,51985
9240	89,1303	-8,51985	89,13031	-9,17522
9260	89,1303	-9,17522	81,2659	-11,1413
9280	62,26019	-11,79666	57,01723	-11,14129
9300	58,98333	-9,83056	58,98334	-9,83056
9320	58,98333	-9,1752	58,98334	-8,51983
9340	58,98333	-8,51983	58,98333	-7,86447
9360	58,32797	-7,86446	58,32797	-7,86446
9380	58,32796	-7,2091	58,32796	-7,2091
9400	58,32795	-7,2091	58,32796	-7,2091
9420	58,32795	-7,2091	58,32796	-6,55374
9440	57,67259	-6,55374	58,32796	-7,20911
9460	51,7743	-8,51983	44,56525	-8,51982
9480	45,87598	-7,86446	47,18672	-7,86446
9500	46,53135	-7,86445	46,53135	-7,86446
9520	46,53135	-7,86446	46,53135	-7,86446
9540	46,53135	-8,51982	45,87599	-8,51982
9560	45,87598	-8,51982	46,53135	-8,51983
9580	45,87598	-9,17518	45,22062	-9,17519
9600	45,87598	-9,17518	46,53135	-9,17519
9620	46,53134	-9,17519	46,53134	-9,17519
9640	46,53133	-9,17519	47,18669	-9,83056
9660	48,49741	-9,1752	60,94941	-7,86447
9680	67,50314	-7,86448	67,50315	-7,86447
9700	66,84776	-7,86447	67,50313	-7,86448
9720	67,50312	-7,86447	67,50312	-7,86448
9740	67,50312	-8,51984	67,50312	-8,51985
9760	67,50311	-9,17521	67,50311	-9,17521
9780	66,84774	-9,17521	67,5031	-9,83058
9800	75,36752	-8,51986	83,23199	-7,86449
9820	83,23201	-7,86449	83,232	-7,86449
9840	82,57663	-7,86449	82,57663	-7,86449
9860	82,57662	-7,86449	82,57662	-7,86449
9880	82,57662	-7,86449	82,57661	-7,20912
9900	81,92125	-7,20912	82,57661	-7,20912
9920	81,92124	-6,55376	81,92125	-6,55376
9940	81,92124	-5,89838	81,92125	-5,89839
9960	81,26588	-5,89839	81,92125	-5,24302
9980	77,98905	-5,89839	54,39577	-10,48592
10000	19,00585	-15,07345	-4,5874	-15,7288
10020	-5,8981	-13,10732	-3,93197	-10,48586
10040	-4,58734	-9,17512	-3,93197	-7,20903
10060	-4,58733	-5,24292	-5,24268	-3,93219
10080	-5,89805	-2,62145	-5,24269	-1,96609
10100	-5,89805	-1,31072	-5,89804	-1,31072
10120	-5,89805	-0,65535	-6,55341	-0,65535
10140	-5,89805	9,9999999960687E-6	-6,55341	9,9999999960687E-6
10160	-5,89805	9,9999999960687E-6	-5,89805	9,9999999960687E-6
10180	-6,55342	9,9999999960687E-6	-5,89806	-0,65536
10200	-6,55342	-0,65536	-5,89806	-1,31073
10220	-6,55343	-1,31074	-6,55342	-1,9661
10240	-6,55343	-1,9661	-5,89807	-2,62147
10260	1,96634	-1,96612	20,31668	-0,6554
10280	24,9043	-0,6554	23,59357	-1,31077
10300	23,59356	-0,6554	23,59357	-1,31076
10320	23,59356	-1,31077	24,24892	-1,96613
10340	23,59356	-1,96613	24,24892	-1,96614
10360	24,90427	-1,96614	24,90426	-1,96614
10380	25,55961	-1,96614	25,55962	-2,62151
10400	25,5596	-2,62151	26,21497	-2,62152
10420	26,21496	-2,62151	26,21496	-3,27688
10440	26,21496	-2,62152	26,21496	-3,27688
10460	26,21496	-3,27688	26,87032	-3,93225
10480	26,87032	-3,93226	18,35055	-5,89834
10500	-1,31051	-7,20906	-6,55345	-6,55369
10520	-3,93199	-5,89833	-3,27662	-5,89833
10540	-3,27664	-5,89832	-3,27663	-5,24296
10560	-3,27664	-5,24296	-3,27664	-5,24296
10580	-3,27664	-5,24296	-3,27664	-5,24296
10600	-3,27664	-4,5876	-2,62128	-4,5876
10620	-2,62128	-4,5876	-2,62128	-4,5876
10640	-2,62129	-3,93224	-2,62128	-4,5876
10660	-2,62129	-3,93224	-2,62128	-4,5876
10680	-2,62129	-3,93224	-2,62128	-4,5876
10700	-2,62129	-4,5876	-2,62129	-4,58761
10720	-2,6213	-5,24297	-2,6213	-5,24297
10740	-1,31058	-5,24298	17,03972	-1,3108
10760	34,07937	-0,65544	36,04553	-0,65544
10780	34,73478	-0,65543	34,73478	-7,0000000000903E-5
10800	34,73477	-0,65543	34,73478	-0,65543
10820	34,07941	-0,65542	34,73477	-0,65543
10840	34,73477	-0,65543	34,07941	-0,65543
10860	34,73477	-0,65543	34,07941	-0,65543
10880	34,0794	-0,65543	34,73476	-0,65544
10900	35,39012	-1,3108	49,15285	-9,0000000000146E-5
10920	58,32806	1,31064	57,01736	1,31064
10940	56,36197	0,65529	56,36198	0,65528
10960	56,36197	1,31065	56,36198	1,31065
10980	56,36197	1,31065	56,36198	1,31065
11000	56,36197	1,31065	56,36198	1,31065
11020	56,36197	1,31065	56,36198	1,31065
11040	56,36197	0,65529	56,36198	1,31065
11060	56,36197	1,31065	55,70662	1,31064
11080	56,36197	1,31065	56,36197	0,65528
11100	56,36196	0,65529	57,01732	0,65529
11120	56,36195	0,65529	57,01731	0,65528
11140	57,0173	0,65528	56,36194	0,65528
11160	56,36192	0,65528	66,19243	2,62136
11180	87,81961	5,24281	93,71804	4,58744
11200	91,75195	4,58745	91,09658	4,58745
11220	91,09657	4,58745	91,09657	4,58745
11240	91,75193	4,58745	91,75193	4,58745
11260	91,75192	4,58745	91,75192	3,93209
11280	92,40727	3,93209	92,40727	3,93208
11300	92,40726	3,93208	92,40726	3,93208
11320	92,40725	3,93208	-45,21835	3,27672
11340	92,40725	3,27672	93,06261	3,27672
11360	92,40725	3,27672	91,09651	1,31062
11380	85,85357	0,65525	86,50891	0,65525
11400	86,50892	0,65525	87,16427	0,65525
11420	87,16427	0,65525	87,16427	0,65524
11440	87,16426	0,65525	87,16426	-0,00010999999999939
11460	87,16426	-0,00012000000000256	87,16426	-0,00012000000000256
11480	87,16425	-0,00012000000000256	86,5089	-0,00012000000000256
11500	86,50889	-0,00012000000000256	86,50889	-0,65548
11520	86,50889	-0,00012000000000256	86,50889	-0,65549
11540	85,85352	-0,65548	-45,21848	-1,31085
11560	92,40718	-0,65549	110,75754	-0,00014000000000181
11580	120,58816	0,65523	121,24356	-0,00012999999999863
11600	119,93281	-0,00012999999999863	120,58818	-0,00012999999999863
11620	120,58816	-0,00012999999999863	120,58817	-0,00012999999999863
11640	120,58816	-0,00012999999999863	120,58816	-0,65549
11660	120,58816	-0,00012999999999863	120,58816	-0,00014000000000181
11680	120,58816	-0,6555	120,58816	-0,6555
11700	120,58816	-0,6555	120,58816	-0,6555
11720	120,58816	-1,31086	126,48649	-1,31086
11740	129,10801	-1,31087	129,76337	-1,31086
11760	129,108	-1,31086	129,108	-1,31087
11780	129,108	-1,96622	129,76336	-1,96622
11800	129,10799	-1,31086	129,76336	-1,31087
11820	129,10799	-1,31086	129,108	-1,31086
11840	129,10799	-1,31086	129,76336	-1,31086
11860	129,10799	-1,31086	129,108	-1,31086
11880	129,10799	-1,31086	129,108	-1,31086
11900	129,10799	-1,31086	129,108	-1,31086
11920	129,10799	-1,31086	125,83116	-1,31087
11940	110,75767	-3,27695	101,58249	-3,27695
11960	102,23785	-2,62158	102,89322	-2,62158
11980	103,54857	-2,62158	103,54858	-2,62158
12000	103,54857	-1,96622	103,54857	-2,62159
12020	103,54857	-2,62158	103,54857	-2,62158
12040	103,54857	-2,62158	102,89321	-1,96622
12060	103,54857	-1,96622	103,54858	-2,62158
12080	103,54857	-1,96622	103,54858	-2,62159
12100	103,54858	-1,96622	103,54858	-2,62158
12120	103,54858	-2,62158	103,54859	-2,62159
12140	103,54859	-2,62159	104,20395	-2,62159
12160	104,20394	-2,62159	104,20394	-1,96623
12180	104,85929	-1,96623	102,89319	-2,6216
12200	88,47507	-3,27695	81,266	-3,27695
12220	82,57672	-2,62159	83,23209	-2,62159
12240	83,23208	-2,62159	83,23208	-2,62158
12260	83,23208	-2,62159	83,23208	-2,62159
12280	83,23208	-2,62159	83,23208	-2,62159
12300	83,88743	-1,96623	83,88744	-1,96623
12320	83,88743	-2,62159	83,88744	-1,96623
12340	83,23207	-1,96623	83,88743	-1,96623
12360	84,54278	-1,96623	84,54279	-1,96624
12380	84,54278	-1,96623	84,54279	-1,96624
12400	84,54278	-2,6216	85,19815	-2,62161
12420	85,19815	-2,62161	85,19816	-2,62161
12440	82,57668	-3,27697	63,57099	-5,24305
12460	49,15286	-5,8984	49,15286	-5,24304
12480	50,46359	-5,24304	49,80823	-5,24304
12500	49,80823	-5,24305	50,46359	-5,24304
12520	50,46358	-4,58769	50,46358	-5,24305
12540	50,46358	-5,24305	50,46359	-5,24305
12560	50,46358	-5,24305	50,46359	-5,24305
12580	51,11894	-5,89841	51,11895	-5,89842
12600	51,7743	-5,89842	51,11895	-5,89842
12620	39,97772	-7,8645	27,52571	-9,83059
12640	26,87033	-9,17522	28,18107	-9,17523
12660	28,18107	-9,17523	28,18107	-9,17524
12680	28,18106	-9,17523	28,83642	-9,8306
12700	28,83642	-9,8306	28,83643	-9,8306
12720	28,83897	-10,48596	28,83643	-10,48596
12740	28,83642	-10,48596	28,83643	-10,48597
12760	29,49179	-10,48597	29,49179	-10,48597
12780	29,49178	-11,14133	29,4918	-11,14133
12800	29,49179	-11,14133	29,4918	-11,14134
12820	30,14715	-11,79669	29,49179	-11,7967
12840	29,49179	-11,7967	29,4918	-11,7967
12860	29,49179	-11,7967	30,14716	-12,45207
12880	29,49179	-12,45207	30,14716	-12,45207
12900	30,14715	-12,45207	29,4918	-12,45207
12920	30,14715	-12,45207	30,14716	-12,45207
12940	30,14716	-12,45207	30,14716	-13,10743
12960	30,14716	-13,10743	30,14716	-13,10743
12980	30,14716	-13,10744	30,14717	-12,45208
13000	30,14716	-13,10744	30,14716	-13,10744
13020	29,4918	-13,10744	29,49181	-13,7628
13040	30,14716	-13,10744	30,14716	-13,10744
13060	30,14716	-13,10744	30,14716	-13,7628
13080	30,14716	-13,7628	30,14716	-13,76281
13100	30,14715	-13,7628	30,80251	-13,76281
13120	30,14713	-13,76281	30,8025	-14,41817
13140	30,80249	-14,41818	30,8025	-15,07354
13160	25,55956	-15,07354	19,66125	-14,41816
13180	-45,21939	-14,41816	20,97198	-13,7628
13200	20,97197	-13,7628	20,97198	-13,7628
13220	20,97197	-13,76279	21,62733	-13,10743
13240	21,62733	-13,10743	22,2827	-13,10743
13260	22,28269	-12,45207	22,28269	-13,10744
13280	22,28268	-13,10744	22,28268	-13,7628
13300	21,62732	-13,10744	22,28268	-13,10744
13320	23,5934	-12,45208	42,59907	-9,83064
13340	60,94944	-7,20918	65,53709	-6,55382
13360	63,57099	-5,89844	63,57099	-5,24307
13380	63,57098	-5,24306	63,57098	-4,5877
13400	63,57097	-3,93233	63,57097	-3,27697
13420	63,57097	-3,27696	63,57097	-2,6216
13440	63,57097	-2,6216	63,57097	-2,6216
13460	63,57097	-2,62159	63,57097	-2,6216
13480	63,57097	-2,62159	63,57097	-2,62159
13500	63,57097	-1,96623	63,57098	-1,96624
13520	63,57097	-1,96623	63,57098	-1,96623
13540	63,57097	-1,96623	63,57098	-1,96623
13560	63,57097	-1,96623	62,91561	-1,96623
13580	63,57097	-1,96623	63,57097	-1,96623
13600	63,57096	-2,62159	62,26025	-2,6216
13620	62,26024	-2,6216	62,91561	-2,6216
13640	62,26024	-1,96624	62,26025	-2,6216
13660	72,09074	-1,96624	95,02867	-0,00017000000000422
13680	100,92709	-0,65553	98,96101	-0,00016000000000105
13700	98,30563	-0,00016000000000105	98,961	-0,00016000000000105
13720	98,96099	-0,00016000000000105	98,961	-0,00016000000000105
13740	98,96099	0,65521	98,961	-0,00016000000000105
13760	98,96099	0,65521	98,961	-0,00014999999999787
13780	98,96099	-0,00016000000000105	98,96099	-0,00016000000000105
13800	99,61635	-0,00016000000000105	110,75763	1,31057
13820	119,27749	1,96594	118,62215	1,31057
13840	117,96676	1,31058	117,3114	1,31057
13860	117,96676	0,65521	118,62211	-0,00016000000000105
13880	118,6221	-0,00016000000000105	119,27746	-0,00017000000000422
13900	119,93282	-0,00017000000000422	119,93282	-0,00017000000000422
13920	119,93281	-0,00016000000000105	120,58818	-0,00017000000000422
13940	119,9328	-0,00016000000000105	120,58817	-0,00017000000000422
13960	119,9328	0,6552	120,58816	-0,00017000000000422
13980	120,58816	-0,00017000000000422	109,44691	-2,62162
14000	77,33376	-7,86452	37,35623	-13,1074
14020	1,96632	-16,38419	-9,17488	-15,72882
14040	-5,89805	-13,76273	-4,58731	-12,452
14060	-4,58732	-11,79663	-4,58732	-10,4859
14080	-4,58732	-9,83053	-4,58732	-9,17517
14100	-4,58733	-8,5198	-4,58733	-7,86444
14120	-4,58733	-7,86442	-4,58733	-7,20906
14140	-4,58733	-6,5537	-4,58734	-6,5537
14160	-3,93197	-6,5537	-3,93198	-5,89834
14180	1,31096	-3,93224	3,93246	-3,27688
14200	3,27709	-3,93224	3,27708	-3,93224
14220	3,27707	-3,27688	3,27707	-3,93224
14240	3,27707	-3,93224	3,27707	-4,58761
14260	3,27706	-3,93225	3,27707	-4,58761
14280	3,93242	-4,58762	3,93243	-4,58762
14300	3,93243	-5,24298	4,58778	-5,24298
14320	3,93242	-5,24298	15,07366	-5,243
14340	33,42401	-2,62155	38,66702	-3,27691
14360	36,70092	-3,93227	36,70091	-3,93228
14380	36,70091	-3,93227	36,70091	-4,58764
14400	36,7009	-4,58764	36,70091	-4,58765
14420	37,35626	-4,58765	37,35627	-5,24301
14440	37,35626	-4,58764	37,35627	-5,24301
14460	38,01161	-5,24301	37,35626	-4,58766
14480	36,70089	-5,24301	37,35626	-5,89838
14500	37,35625	-5,24302	37,35625	-5,89839
14520	37,35624	-6,55374	37,35625	-6,55375
14540	37,35624	-6,55376	35,39016	-8,51985
14560	28,1811	-9,17521	26,21499	-9,17522
14580	26,87035	-9,17521	26,87035	-9,83058
14600	26,87034	-9,17522	26,87035	-9,83058
14620	26,87034	-9,83058	26,87034	-10,48595
14640	27,52569	-9,83059	27,52569	-10,48595
14660	27,52569	-10,48595	28,18104	-10,48595
14680	27,52567	-9,83058	27,52567	-10,48595
14700	28,18103	-10,48595	45,22057	-8,51987
14720	72,0907	-4,58771	81,266	-5,24308
14740	78,64456	-5,24308	78,64454	-5,24307
14760	78,64453	-5,24307	78,64452	-5,24307
14780	79,29988	-5,24307	78,64452	-5,24307
14800	78,64451	-5,24306	78,64451	-5,24306
14820	78,6445	-5,24306	78,6445	-5,24306
14840	78,64449	-5,24306	78,6445	-5,24306
14860	78,64449	-5,24306	78,64449	-5,24306
14880	78,64449	-5,24306	78,64449	-5,24306
14900	78,64449	-5,24306	79,29985	-5,24306
14920	78,64448	-5,24306	78,64449	-5,24307
14940	78,64448	-5,24306	77,98912	-5,89842
14960	78,64447	-5,24307	77,98911	-5,89843
14980	77,98911	-5,24307	78,64447	-5,89843
15000	87,16426	-3,93234	89,7858	-4,5877
15020	88,47506	-4,5877	88,47506	-4,5877
15040	88,47506	-4,5877	88,47506	-3,93235
15060	88,47506	-4,5877	88,47506	-4,5877
15080	88,47506	-4,5877	88,47506	-4,5877
15100	88,47505	-4,5877	87,8197	-4,5877
15120	88,47505	-4,5877	88,47505	-4,5877
15140	87,81969	-3,93234	87,81969	-4,5877
15160	88,47505	-3,93234	88,47505	-4,58771
15180	91,75188	-4,58771	108,79148	-3,27699
15200	118,6221	-3,27698	117,96677	-2,62162
15220	116,65602	-2,62161	117,31138	-3,27698
15240	117,31137	-3,27697	117,31138	-2,62161
15260	117,96673	-2,62161	117,31138	-2,62161
15280	117,31137	-2,62161	117,31138	-2,62161
15300	117,31137	-1,96624	117,96673	-1,96625
15320	117,96673	-1,96624	117,31138	-1,96625
15340	117,96673	-1,96624	117,31138	-1,96624
15360	117,31137	-1,96624	117,96673	-2,62161
15380	115,34526	-3,27697	91,75196	-7,20916
15400	53,74049	-11,79666	17,03982	-16,38418
15420	-2,62121	-17,03954	-2,62118	-15,72882
15440	-0,65508	-15,07345	-0,65509	-14,41809
15460	0,00025999999999726	-14,41809	0,00025999999999726	-14,41809
15480	0,00023999999999802	-15,72882	0,65559	-17,03957
15500	0,65556	-21,62713	0,0002099999999956	-39,97736
15520	-5,24261	-107,47977	8,51986	-200,54146
15540	42,59819	-270,01049	29,49097	-290,32695
15560	18,34999	-288,36078	20,31607	-293,60367
15580	30,80171	-293,6037	39,32114	-277,87494
15600	34,73357	-260,18002	32,11217	-239,8637
15620	28,83543	-220,85805	22,28199	-201,85242
15640	15,72853	-185,4683	9,83037	-169,73957
15660	5,24289	-156,63228	2,62147	-144,83572
15680	1,9999999999243E-5	-133,69451	-1,3107	-124,51942
15700	-1,96607	-117,31041	-2,62143	-110,75678
15720	-3,2768	-104,85849	-3,93215	-99,61558
15740	-3,93216	-95,68339	-3,27679	-91,7512
15760	-3,93216	-87,81902	-4,58751	-84,54219
15780	-4,58752	-81,92073	-3,93215	-79,29927
15800	-4,58751	-77,33317	-4,5875	-75,36708
15820	-4,58751	-73,40099	-4,5875	-72,09026
15840	-8,5197	-69,4688	-8,51968	-66,19197
15860	-7,86432	-63,5705	-7,86431	-61,60441
15880	-8,51968	-60,94904	-7,86431	-60,29368
15900	-8,51968	-59,63831	3,27692	-56,3615
15920	21,62725	-53,08469	23,59341	-51,77396
15940	22,28266	-51,11858	22,28266	-49,80786
15960	21,6273	-48,49712	22,28266	-47,84176
15980	22,28266	-47,18639	22,28267	-45,87566
16000	22,28267	-45,2203	22,28267	-45,2203
16020	22,28267	-44,56493	22,28268	-43,90956
16040	22,28268	-43,2542	21,62732	-43,2542
16060	21,62732	-42,59883	21,62733	-42,59883
16080	21,62732	-41,94347	21,62732	-41,28811
16100	20,97195	-41,28811	23,59342	-41,28812
16120	36,7008	-39,32202	45,22065	-37,35593
16140	45,22066	-37,35593	43,90993	-37,35592
16160	44,56528	-37,35592	45,22065	-36,70056
16180	45,22063	-36,70056	45,22064	-36,70057
16200	45,22062	-36,0452	45,87598	-36,70057
16220	45,87597	-36,0452	45,22061	-36,70057
16240	45,22061	-36,0452	45,22061	-36,0452
16260	45,87596	-36,04521	45,22061	-35,38985
16280	45,87596	-36,0452	45,87597	-36,04521
16300	45,87596	-36,04402	45,87597	-36,04521
16320	45,87596	-36,04521	46,53133	-36,70058
16340	46,53131	-36,70059	46,53132	-38,01132
16360	47,18667	-37,35595	46,53131	-38,01132
16380	46,53131	-39,32204	47,18667	-39,32205
16400	46,5313	-39,32205	47,18667	-39,97742
16420	47,18665	-39,97742	47,18666	-39,97742
16440	47,18666	-40,63278	47,18666	-40,63278
16460	47,84201	-40,63279	47,84202	-40,63279
16480	47,84201	-40,63279	47,84202	-41,28815
16500	47,84201	-40,63279	47,84201	-41,28815
16520	47,84201	-41,28815	47,84201	-41,28815
16540	47,842	-41,28816	48,49737	-41,94352
16560	60,94937	-39,97744	71,4353	-37,35599
16580	72,0907	-37,35598	70,77997	-38,01135
16600	71,43532	-37,35598	70,77996	-37,35598
16620	70,77995	-37,35598	71,43531	-36,70062
16640	70,77996	-37,35598	70,77996	-37,35598
16660	70,77995	-37,35598	70,77996	-37,35598
16680	70,77995	-37,35598	70,77996	-38,01135
16700	62,91556	-40,6328	39,32229	-44,56497
16720	16,38439	-45,87567	13,76293	-43,25422
16740	15,72903	-41,94349	15,72903	-41,94348
16760	15,72902	-41,94348	15,72902	-41,94348
16780	15,72901	-41,28811	16,38437	-41,28812
16800	15,729	-41,28812	15,729	-41,28812
16820	15,72899	-41,28812	15,72899	-41,94348
16840	15,72898	-41,94348	15,72899	-41,94349
16860	16,38433	-42,59885	16,38434	-41,9435
16880	17,03969	-41,94349	17,03969	-41,94349
16900	17,03968	-41,94349	17,69505	-40,63277
16920	18,3504	-40,63276	19,00576	-40,63277
16940	19,66112	-40,63276	19,66113	-39,97741
16960	20,97184	-39,9774	20,97185	-39,32204
16980	20,97185	-39,32203	21,62722	-39,32203
17000	20,97185	-39,32203	21,62721	-39,9774
17020	30,80236	-38,66668	43,25439	-36,70059
17040	44,56516	-36,70059	43,25442	-36,70059
17060	43,25441	-36,70058	43,25441	-36,70059
17080	43,25441	-36,70058	42,59905	-36,70058
17100	43,2544	-36,04522	42,59905	-36,04522
17120	42,59904	-36,04522	42,59904	-36,70059
17140	42,59904	-36,04522	42,59904	-36,04522
17160	42,59904	-36,04522	42,59904	-36,70058
17180	42,59903	-36,70058	42,59903	-36,70059
17200	42,59903	-36,04523	42,59903	-36,70059
17220	42,59902	-36,70059	42,59903	-36,70059
17240	41,94366	-36,70058	42,59903	-36,70059
17260	41,94366	-36,70059	42,59903	-36,70059
17280	41,94367	-36,70059	41,94367	-36,70059
17300	41,94367	-36,70059	41,94367	-36,70059
17320	41,94366	-37,35595	41,94367	-37,35596
17340	41,94366	-37,35595	41,2883	-37,35596
17360	41,2883	-37,35596	41,2883	-38,01132
17380	41,2883	-37,35596	41,2883	-37,35596
17400	41,2883	-37,35596	41,2883	-37,35596
17420	42,59902	-37,35596	53,74028	-35,38988
17440	62,26011	-34,07915	65,53698	-33,42379
17460	64,22624	-34,07915	64,22625	-33,42379
17480	64,22624	-33,42379	64,22624	-33,42379
17500	63,57087	-34,07916	63,57087	-34,73452
17520	63,57087	-34,73452	62,9155	-34,07916
17540	63,57086	-34,07916	63,57086	-34,07916
17560	63,57085	-34,73452	63,57086	-34,73453
17580	63,57086	-34,73452	63,57086	-34,73453
17600	63,57085	-34,73452	64,22622	-34,73453
17620	63,57085	-34,73453	64,22621	-34,73453
17640	71,43527	-33,42381	76,02289	-32,76844
17660	76,02289	-32,76844	75,36752	-32,11306
17680	75,36751	-32,11307	76,02287	-32,11307
17700	76,02286	-32,76843	76,02286	-32,11308
17720	76,67821	-32,11307	76,67822	-32,11307
17740	76,67821	-31,45771	76,67821	-32,11307
17760	76,6782	-32,11307	76,6782	-32,11307
17780	76,67819	-32,11307	76,02283	-31,45771
17800	76,02282	-32,11307	76,02283	-32,11307
17820	76,02282	-32,76844	76,67818	-32,76844
17840	76,67818	-32,76844	76,67818	-32,76845
17860	76,67818	-32,76845	70,77988	-34,07917
17880	55,05103	-35,38988	49,1527	-34,73452
17900	51,11879	-34,07915	51,1188	-34,07914
17920	50,46343	-34,07914	51,11878	-33,42378
17940	50,46342	-33,42378	50,46342	-33,42378
17960	50,46341	-33,42377	51,11878	-32,76842
17980	51,11877	-33,42378	50,46341	-34,07914
18000	50,46341	-34,07914	50,46341	-34,07914
18020	50,46341	-34,07915	50,46341	-35,38988
18040	51,11876	-36,70061	50,4634	-39,97744
18060	49,80803	-48,49719	46,53126	-79,29926
18080	41,28841	-144,18018	57,01693	-220,20236
18100	-45,21962	-266,07819	73,40048	-285,08401
18120	73,40038	-288,36084	77,98783	-283,11788
18140	84,54138	-268,69982	85,85211	-251,6603
18160	82,5754	-233,96542	79,95405	-218,23661
18180	76,02202	-203,16317	71,43462	-190,71124
18200	66,84717	-178,91467	63,57044	-167,77348
18220	61,60438	-157,28766	59,63832	-147,4572
18240	58,32761	-140,24819	57,0169	-133,69455
18260	55,70618	-127,14091	54,39547	-122,55336
18280	53,74011	-117,96581	53,08476	-114,03364
18300	52,42939	-110,10145	51,77404	-106,16927
18320	51,77404	-103,5478	51,11868	-100,27099
18340	51,11868	-97,64953	51,11869	-95,02807
18360	51,11868	-93,06197	50,46333	-90,44053
18380	51,11869	-89,78516	51,11869	-89,1298
18400	50,46333	-89,1298	51,11869	-87,81908
18420	-45,21923	-87,1637	50,46333	-85,19761
18440	50,46333	-84,54225	50,46334	-84,54225
18460	50,46333	-84,54225	50,46334	-84,54226
18480	51,11869	-85,19762	46,53114	-87,16371
18500	28,83619	-89,12978	17,69493	-86,50831
18520	18,3503	-83,23149	19,66104	-80,61002
18540	19,00567	-79,29929	19,66103	-77,98856
18560	19,00566	-76,02247	19,00567	-74,71174
18580	19,00566	-74,05638	19,00567	-73,40101
18600	19,00566	-72,74564	19,00566	-72,09028
18620	19,00566	-71,43492	19,00566	-70,77955
18640	19,661	-70,12419	19,66101	-70,12419
18660	19,66099	-69,46882	20,31635	-68,81347
18680	19,66099	-68,81346	20,31635	-68,1581
18700	19,66098	-67,50274	19,66099	-67,50274
18720	19,66098	-67,50273	19,66098	-66,84737
18740	-45,21966	-66,84737	19,00562	-66,84737
18760	19,66098	-66,19201	19,66098	-66,19201
18780	19,66097	-66,192	19,00562	-65,53665
18800	19,66097	-65,53665	19,66097	-66,19201
18820	19,66097	-66,19201	19,66097	-66,19202
18840	18,35023	-67,50274	2,62142	-69,46881
18860	-11,14129	-70,12415	-10,48592	-67,5027
18880	-9,83055	-66,19196	-9,83055	-65,5366
18900	-9,83056	-64,88123	-9,1752	-64,22587
18920	-9,83056	-64,22586	-9,83057	-63,57051
18940	-9,83057	-62,91513	-9,83057	-62,25978
18960	-9,83057	-62,25977	-9,83057	-61,60441
18980	-9,83057	-60,94905	-9,83057	-60,29369
19000	-9,83058	-60,29368	-9,83057	-59,63832
19020	-9,83057	-59,63832	-9,83057	-58,98296
19040	-9,17522	-58,32759	-9,83057	-57,67223
19060	-9,83058	-57,67222	-9,83057	-57,67222
19080	-9,83058	-56,3615	-9,83058	-56,3615
19100	-9,83058	-56,3615	-9,83058	-55,70614
19120	-9,83058	-55,05077	-9,83058	-55,05077
19140	-9,83058	-54,3954	-9,83058	-53,74005
19160	-9,83059	-53,74005	-9,17522	-54,39541
19180	-9,17522	-54,39541	-8,51986	-55,05078
19200	-7,86451	-55,70615	-7,20915	-56,36151
19220	-6,55379	-57,01688	-5,89843	-58,98298
19240	-5,89845	-60,29371	-4,58772	-61,60445
19260	-4,58773	-62,25982	-4,58773	-62,91519
19280	-3,93238	-62,91519	-3,93238	-62,9152
19300	-3,93239	-64,88129	-3,27702	-69,46885
19320	8,51962	-89,12984	28,18074	-121,89819
19340	39,97742	-148,11287	42,59888	-155,97729
19360	42,5988	-157,94336	43,90952	-160,56483
19380	43,25413	-161,87555	43,25413	-162,53091
19400	43,25411	-162,53092	42,59875	-162,53092
19420	42,59873	-163,18628	41,94337	-162,53092
19440	42,59872	-163,18628	43,25408	-163,18628
19460	42,5987	-163,18629	43,25406	-163,18629
19480	43,25405	-163,18629	43,25404	-162,53093
19500	35,38964	-159,90945	26,8699	-155,32187
19520	26,21452	-150,73431	26,86988	-149,42357
19540	26,86987	-148,11284	26,86987	-146,80211
19560	26,86986	-146,14673	26,86987	-144,83601
19580	26,86986	-143,52527	26,86987	-142,8699
19600	26,2145	-141,55916	26,86987	-139,59308
19620	26,86986	-139,59307	26,86987	-138,9377
19640	26,86986	-137,62697	26,86987	-136,31624
19660	26,21451	-136,9716	26,21452	-136,31624
19680	26,21451	-135,66087	26,21452	-134,35014
19700	25,55916	-135,00549	18,35014	-136,97157
19720	-5,24308	-136,97151	-32,11312	-134,34998
19740	-45,22049	-132,38383	-45,22051	-129,76237
19760	-45,2205	-126,48556	-45,2205	-125,83019
19780	-45,22052	-124,51946	-45,22051	-123,8641
19800	-45,22052	-123,20873	-45,22052	-122,55337
19820	-45,22052	-121,89801	-45,22052	-121,89801
19840	-45,22053	-121,24265	-45,22052	-120,58729
19860	-45,22053	-120,58729	-45,22052	-120,5873
19880	-45,22053	-119,93194	-45,22053	-119,93194
19900	-45,22056	-119,27658	-45,2206	-118,62121
19920	-45,2206	-116,65511	-45,22059	-115,99976
19940	-45,2206	-115,99976	-45,2206	-115,99976
19960	-45,22061	-115,99976	-45,2206	-115,3444
19980	-45,2206	-115,3444	-45,2206	-115,3444
20000	-45,2206	-115,3444	-45,2206	-115,34441
20020	-45,22061	-115,3444	-45,2206	-115,99977
20040	-45,22061	-115,99977	-45,22061	-116,65514
20060	-45,22061	-115,99977	-45,2206	-116,65514
20080	-45,22061	-115,99977	-45,2206	-116,65513
20100	-45,22061	-117,3105	-45,2206	-117,3105
20120	-45,22062	-115,3444	-45,22061	-114,03367
20140	-45,22061	-113,3783	-45,22061	-113,3783
20160	-45,22062	-113,3783	-45,22062	-113,3783
20180	-45,22063	-113,37831	-45,22063	-114,03367
20200	-45,22064	-114,03367	-45,22064	-114,68904
20220	-45,22064	-114,68903	-45,22064	-114,68904
20240	-45,22064	-114,68904	-45,22064	-114,68904
20260	-45,22064	-114,03367	-45,22064	-114,68904
20280	-45,22064	-114,03368	-45,22062	-114,68903
20300	-45,22063	-114,03367	-45,22062	-114,68903
20320	-45,22063	-114,03367	-45,22062	-114,03367
20340	-45,22063	-114,03366	-45,22063	-114,03366
20360	-45,22064	-114,03366	-45,22063	-113,3783
20380	-45,22064	-114,03366	-45,22063	-113,3783
20400	-45,22064	-113,3783	-45,22063	-113,3783
20420	-45,22064	-113,3783	-45,22063	-112,72294
20440	-45,22064	-112,72293	-45,22063	-112,06756
20460	-45,22063	-111,41219	-45,22061	-111,41218
20480	-45,22061	-110,10144	-45,2206	-110,10143
20500	-45,22059	-110,10143	-45,22058	-109,44606
20520	-45,22059	-108,79069	-45,22058	-108,79069
20540	-45,22058	-108,13531	-45,22057	-108,13531
20560	-45,22057	-107,47995	-45,22057	-107,47995
20580	-45,22058	-107,47995	-45,22057	-107,47995
20600	-45,22059	-107,47995	-45,22058	-105,51386
20620	-45,22057	-104,85849	-45,22057	-103,54777
20640	-45,22057	-103,54776	-45,22058	-103,54776
20660	-45,22059	-103,54777	-45,22059	-103,54777
20680	-45,22059	-102,8924	-45,22059	-102,23705
20700	-45,2206	-100,92632	-45,22059	-100,92632
20720	-45,2206	-100,27095	-45,22059	-99,6156
20740	-45,22059	-98,96023	-45,22059	-98,96023
20760	-45,22059	-98,96024	-45,22059	-98,30488
20780	-45,2206	-98,96024	-45,2206	-99,61561
20800	-45,2206	-98,96025	-45,2206	-98,30489
20820	-45,2206	-97,64952	-45,2206	-98,30489
20840	-45,22059	-98,3049	-29,49173	-87,8191
20860	13,1071	-72,74576	53,0846	-58,98311
20880	88,47453	-51,77407	117,96624	-57,01693
20900	142,21505	-62,25978	157,28873	-52,42927
20920	161,22123	-35,38973	157,9446	-20,3163
20940	156,63389	-7,86434	155,97853	1,31079
20960	155,32316	9,17518	154,66781	14,41811
20980	154,01243	18,35032	152,70172	21,62714
21000	151,39099	24,24862	150,73564	26,87007
21020	150,08027	28,18081	150,08028	29,49154
21040	149,42492	30,80227	148,76957	31,45764
21060	148,76956	32,113	150,73587	35,38984
21080	153,35753	39,97744	152,7022	40,6331
21100	150,73611	40,6329	150,08078	40,63291
21120	150,08077	40,63292	150,08078	40,63292
21140	150,08078	40,63292	150,08078	40,63293
21160	149,42542	40,63293	149,42542	40,63293
21180	149,42542	40,63294	148,77007	40,63293
21200	149,42542	40,63293	149,42542	40,63292
21220	150,08077	40,63292	150,08077	40,6329
21240	150,08077	40,6329	150,73613	40,63289
21260	151,39147	40,63287	152,04683	40,63281
21280	142,87138	33,42366	116,00071	8,51965
21300	76,67847	-19,00578	39,3224	-43,25432
21320	9,83076	-57,67236	0,65557	-58,32773
21340	1,96629	-58,98308	2,62166	-57,67236
21360	3,277	-57,67234	3,27699	-57,01698
21380	3,93233	-57,01698	3,93233	-57,01699
21400	4,58766	-57,67235	4,58765	-58,98308
21420	5,243	-58,32772	5,243	-58,98309
21440	5,24299	-59,63845	5,24298	-58,9831
21460	5,24297	-58,98309	5,24298	-58,98309
21480	5,89832	-58,98309	5,89832	-60,94919
21500	5,89831	-62,25993	5,89831	-64,8814
21520	6,55365	-69,46898	6,55363	-72,09045
21540	7,20899	-72,09045	7,209	-72,09045
21560	7,86435	-71,43508	3,93217	-61,60459
21580	1,96608	-45,22041	0,65535999999999	-32,11305
21600	-0,65535	-26,87008	-0,65534	-24,2486
21620	-0,65534	-22,2825	-0,65534	-22,28249
21640	-0,65535	-21,62713	-1,31071	-21,62712
21660	-1,31071	-20,97176	-1,31071	-20,97176
21680	-1,31072	-20,31639	-1,31073	-20,3164
21700	-1,31073	-19,66103	-0,65537	-19,66103
21720	-1,31073	-19,66103	-1,31074	-19,00567
21740	-1,31074	-18,3503	-1,31074	-18,35031
21760	-1,31075	-18,3503	-1,31075	-18,3503
21780	-1,31075	-18,3503	-1,31075	-18,35031
21800	-1,31076	-18,35031	-0,6554	-19,00567
21820	-1,31076	-18,3503	-0,65539	-18,35031
21840	-0,6554	-18,3503	-0,6554	-17,69494
21860	-0,6554	-17,69494	-4,0000000005591E-5	-18,3503
21880	-0,65541	-18,3503	-0,65541	-17,69494
21900	-0,65541	-17,69494	-0,65542000000001	-17,69494
21920	-0,65542	-17,69494	-0,65542000000001	-18,35031
21940	-0,65543	-18,35031	-0,65543	-18,35031
21960	-0,65544	-19,00567	-1,3108	-18,35031
21980	-1,96617	-18,3503	-1,96618	-19,00567
22000	-1,96619	-19,00567	-1,9662	-19,00568
22020	-2,62156	-19,00568	-3,27693	-18,35031
22040	-3,27694	-18,35031	-3,93231	-18,35032
22060	-3,93232	-18,35031	-4,58768	-17,69495
22080	-4,58769	-17,69495	-4,58769	-18,35032
22100	-5,24307	-20,31642	-4,58772	-20,97179
22120	-4,58772	-20,97179	-4,58772	-20,31643
22140	-4,58773	-19,66106	-4,58773	-19,66107
22160	-4,58774	-19,66108	-5,2431	-20,31644
22180	-5,24311	-20,31644	-5,89848	-20,97181
22200	-5,89849	-21,62718	-6,55386	-22,28254
22220	-6,55386	-22,28255	-6,55386	-22,28255
22240	-6,55387	-22,28255	-5,89851	-22,93792
22260	-6,55387	-23,59328	-5,89851	-24,24865
22280	-5,89853	-24,24866	-5,89852	-25,5594
22300	-13,10752	-41,28814	-36,04524	-70,12423
22320	-45,22047	-94,37275	-45,22059	-101,5818
22340	-45,22067	-100,92641	-45,22067	-102,8925
22360	-45,2207	-102,23713	-45,22071	-102,89249
22380	-45,22073	-102,89249	-45,22073	-102,23713
22400	-45,22075	-102,23712	-45,22075	-102,23712
22420	-45,22076	-102,23712	-45,22076	-102,23712
22440	-45,22077	-101,58176	-45,22077	-102,23712
22460	-45,22079	-102,23713	-45,22079	-102,23713
22480	-45,2208	-102,23713	-45,22081	-102,23714
22500	-45,22081	-100,92641	-45,22073	-95,02812
22520	-45,22068	-91,09592	-45,22068	-91,0959
22540	-45,2207	-90,44054	-45,2207	-90,44054
22560	-45,22071	-90,44054	-45,2207	-90,44055
22580	-45,22071	-90,44054	-45,2207	-90,44055
22600	-45,22071	-90,44055	-45,2207	-90,44054
22620	-45,22071	-90,44054	-45,2207	-90,44055
22640	-45,22071	-90,44055	-45,22071	-91,09591
22660	-45,22071	-90,44055	-45,22071	-90,44055
22680	-45,22071	-91,09426	-45,2207	-90,44055
22700	-45,22071	-90,44055	-45,22071	-91,09591
22720	-45,22071	-90,44055	-45,22071	-91,09592
22740	-45,22072	-91,09591	-45,22071	-91,75128
22760	-45,22072	-91,75128	-45,22071	-91,75128
22780	-45,22072	-91,75128	-45,22071	-93,06201
22800	-45,22072	-95,68347	-45,22072	-96,99421
22820	-45,22072	-96,33884	-45,22071	-96,33885
22840	-45,22071	-95,68348	-45,22071	-95,68348
22860	-45,22072	-95,68348	-45,22072	-96,33885
22880	-45,22072	-95,68348	-45,22072	-96,33884
22900	-45,22073	-96,9942	-45,22073	-96,99421
22920	-45,22073	-96,9942	-45,22073	-96,9942
22940	-45,22074	-97,64956	-45,22073	-96,99421
22960	-45,22074	-96,99421	-45,22074	-96,99421
22980	-45,22074	-96,9925	-45,22073	-96,99422
23000	-45,22074	-98,30494	-45,22074	-98,96032
23020	-45,22075	-101,58177	-45,22075	-106,8247
23040	-45,22074	-132,38384	-45,22069	-187,43429
23060	-28,83675	-251,00449	-1,96706	-293,6033
23080	-1,31171	-293,60361	-3,93314	-293,60372
23100	-5,89923	-293,60376	-5,24386	-293,60376
23120	-4,58851	-293,60375	-0,65634	-293,6037
23140	2,62045	-293,60359	-0,65634	-293,60348
23160	-7,86531	-293,60336	-11,1421	-278,52996
23180	-13,76355	-266,73338	-13,76354	-256,90292
23200	-16,38499	-247,07246	-19,00642	-239,2081
23220	-22,28323	-231,34374	-24,90465	-224,79011
23240	-27,52608	-217,58112	-30,1475	-211,68285
23260	-32,76894	-205,78458	-35,39037	-200,54167
23280	-37,35645	-195,29877	-39,32253	-190,05586
23300	-40,63325	-186,77904	-41,28861	-183,50223
23320	-41,94397	-180,22541	-42,59933	-177,60396
23340	-43,91007	-174,98249	-43,91006	-173,01641
23360	-44,56543	-171,70568	-45,22079	-169,73959
23380	-45,2208	-168,42886	-45,22079	-167,11814
23400	-45,2208	-165,80742	-45,2208	-164,49669
23420	-45,22081	-163,18597	-45,2208	-161,87525
23440	-45,22081	-160,56451	-45,22081	-158,59843
23460	-45,22082	-157,28769	-45,22082	-155,32161
23480	-45,22083	-153,35552	-45,22082	-152,04479
23500	-45,22083	-150,73406	-45,22082	-149,42334
23520	-45,22083	-148,11261	-45,22082	-146,80188
23540	-45,22083	-145,49115	-45,22082	-144,18043
23560	-45,22083	-142,8697	-45,22082	-141,55897
23580	-45,22083	-140,9036	-45,22082	-140,24824
23600	-45,22083	-136,9714	-45,22082	-132,38381
23620	-45,22083	-127,79625	-45,22082	-125,17479
23640	-45,22083	-123,20869	-45,22082	-120,58724
23660	-45,22083	-119,27651	-45,22082	-117,96578
23680	-45,22083	-116,65506	-45,22082	-115,34433
23700	-45,22083	-114,68897	-45,22082	-114,0336
23720	-45,22083	-112,72287	-45,22082	-111,41215
23740	-45,22083	-110,75678	-45,22082	-110,10141
23760	-45,22083	-108,79069	-45,22082	-107,47997
23780	-45,22083	-107,47996	-45,22082	-106,82461
23800	-45,22083	-106,8246	-45,22082	-106,16924
23820	-45,22083	-105,51387	-45,22082	-104,85852
23840	-45,22083	-104,85851	-45,22082	-104,85852
23860	-45,22083	-104,20316	-45,22082	-104,20316
23880	-45,22083	-103,54779	-45,22082	-104,20316
23900	-45,22083	-103,5478	-45,22082	-103,5478
23920	-45,22083	-103,5478	-45,22082	-103,5478
23940	-45,22083	-103,5478	-45,22082	-103,5478
23960	-45,22083	-102,89244	-45,22082	-103,54781
23980	-45,22083	-103,5478	-45,22082	-102,89245
24000	-45,22083	-102,89244	-45,22082	-102,89244
24020	-45,22083	-102,89245	-45,22082	-104,85854
24040	-45,22083	-107,48002	-45,22082	-108,79078
24060	-45,22083	-107,48004	-45,22082	-106,82468
24080	-45,22083	-106,82467	-45,22082	-106,16931
24100	-45,22083	-106,16931	-45,22082	-105,51395
24120	-45,22083	-105,51395	-45,22082	-105,51395
24140	-45,22083	-105,51395	-45,22082	-106,16931
24160	-45,22083	-106,16931	-45,22082	-106,82468
24180	-45,22083	-108,13541	-45,22082	-110,10152
24200	-45,22083	-113,37834	-45,22082	-119,27664
24220	-45,22083	-133,69465	-45,22082	-167,11818
24240	-41,94403	-232,65444	-11,1421	-287,705
24260	0,65437	-293,60366	-3,27778	-293,60393
24280	-3,93315	-293,60393	-4,5885	-293,60389
24300	-5,24387	-293,60388	-4,5885	-293,60386
24320	-0,0009900000000016	-293,60376	3,93118	-293,60361
24340	1,96509	-293,60348	-5,89922	-293,60336
24360	-8,52067	-283,11748	-8,52066	-269,35482
24380	-8,52067	-256,24754	-12,45282	-243,79563
24400	-16,38499	-233,30982	-20,31713	-224,13474
24420	-24,90463	-214,95965	-28,83678	-206,43994
24440	-32,76894	-199,23094	-36,04574	-192,67731
24460	-38,66718	-187,43441	-40,63325	-182,1915
24480	-42,59933	-177,60395	-43,25469	-173,01641
24500	-45,22078	-169,08423	-45,22078	-165,80741
24520	-45,21823	-162,5306	-45,22077	-159,25378
24540	-45,22078	-156,63233	-45,22078	-154,66624
24560	-45,22078	-152,04479	-45,22078	-150,0787
24580	-45,22079	-147,45725	-45,22078	-146,80188
24600	-45,22079	-144,83579	-45,22079	-142,86971
24620	-45,2208	-141,55898	-45,2208	-139,59289
24640	-45,22081	-137,6268	-45,22081	-136,31607
24660	-45,22082	-134,34998	-45,22082	-133,03924
24680	-45,22082	-131,07316	-45,22082	-129,76243
24700	-45,22082	-128,4517	-45,22081	-126,48561
24720	-45,22082	-125,17488	-45,22082	-123,20879
24740	-45,22082	-121,2427	-45,22081	-119,93197
24760	-45,22082	-117,96588	-45,22082	-117,31051
24780	-45,22082	-116,65514	-45,22082	-115,34442
24800	-45,22083	-114,68905	-45,22082	-113,37833
24820	-45,22083	-112,72296	-45,22082	-111,41224
24840	-45,22082	-110,10151	-45,22082	-108,79078
24860	-45,22082	-108,79078	-45,22082	-108,13542
24880	-45,22082	-107,48004	-45,22081	-106,16932
24900	-45,22082	-105,51395	-45,22081	-104,85859
24920	-45,22081	-103,54786	-45,22081	-103,54786
24940	-45,22081	-102,89249	-45,22081	-102,23713
24960	-45,22081	-101,58176	-45,2208	-100,9264
24980	-45,2208	-100,27103	-45,2208	-99,61567
25000	-45,2208	-98,96031	-45,22079	-98,96031
25020	-45,2208	-97,64958	-45,22079	-96,99421
25040	-45,22079	-96,33884	-45,22078	-95,02812
25060	-45,22078	-94,37275	-45,22078	-93,71738
25080	-45,22077	-91,75129	-45,22076	-91,09592
25100	-45,22077	-89,78519	-45,22075	-88,47447
25120	-45,22076	-87,81909	-45,22074	-86,50837
25140	-45,22074	-85,19763	-45,22073	-84,54227
25160	-45,22073	-83,8869	-45,22072	-81,92081
25180	-45,22072	-81,26544	-45,22072	-81,26544
25200	-45,22072	-80,61007	-45,22071	-79,95471
25220	-45,22071	-79,95471	-45,2207	-79,95471
25240	-45,22071	-80,61008	-45,22065	-77,98864
25260	-32,76862	-66,84745	-14,41825	-51,77408
25280	9,17499	-36,70066	27,52537	-24,24871
25300	43,25429	-11,14137	47,1866	-1,31085
25320	44,56517	3,27673	43,25445	7,20894
25340	43,25444	10,48578	42,59909	13,10725
25360	41,94372	15,07335	41,94372	17,03945
25380	41,28836	18,35018	41,28836	19,66091
25400	40,633	20,31628	39,97764	20,97165
25420	39,97764	21,62702	39,32228	22,28239
25440	39,32228	22,93776	38,66693	22,93776
25460	38,66692	23,59313	38,66693	24,24849
25480	38,01157	24,24849	38,01157	24,90386
25500	37,35621	24,90386	37,35622	24,90386
25520	37,35622	25,55923	37,35622	25,55923
25540	37,35622	26,2146	37,35623	26,2146
25560	37,35622	26,2146	36,70087	26,2146
25580	36,70087	26,86997	36,70088	26,86997
25600	36,70087	26,86997	36,04552	27,52534
25620	36,04552	27,52534	36,04553	28,1807
25640	36,04552	28,18071	36,04554	28,83607
25660	35,39017	28,83607	36,04554	29,49143
25680	35,39017	28,83608	35,39018	29,49144
25700	35,39018	29,49144	34,73482	29,49144
25720	34,73482	30,1468	34,73483	29,49144
25740	34,73482	30,1468	34,73483	29,49144
25760	34,07947	30,1468	34,07947	29,49144
25780	34,07947	29,49144	34,07947	29,49143
25800	34,07946	29,49144	34,07946	29,49143
25820	34,07946	29,49144	34,07947	28,83607
25840	34,07945	28,83606	34,07946	28,18069
25860	34,73481	26,86996	34,7348	24,90384
25880	36,04548	40,63237	36,04546	-17,69489
25900	34,7348	-100,92604	47,18651	-195,2984
25920	63,56997	-249,03852	59,63761	-270,66578
25940	51,77325	-279,18561	40,63204	-280,49639
25960	30,80157	-279,84106	29,49081	-281,80719
25980	33,42287	-292,29298	40,63175	-293,60366
26000	39,32101	-293,60357	35,38885	-283,11771
26020	32,11209	-272,63184	32,11214	-260,83525
26040	30,80145	-249,03868	30,14616	-237,89745
26060	26,86943	-229,37772	22,93733	-220,85798
26080	19,00521	-211,68289	15,07308	-203,81853
26100	12,45166	-197,26489	9,17488	-190,05589
26120	7,20882	-183,50225	5,24275	-178,25934
26140	3,93203	-172,36107	2,62131	-167,77352
26160	1,31057	-163,84134	0,65521	-159,90915
26180	-0,65551	-155,97697	-1,31088	-153,35551
26200	-1,96625	-150,0787	-2,62161	-146,80188
26220	-2,62162	-145,49115	-3,27697	-142,8697
26240	-3,93234	-140,24824	-3,27698	-137,62679
26260	-3,93235	-136,31606	-3,93234	-134,34998
26280	-3,93235	-133,03924	-3,93234	-131,72852
26300	-4,58771	-130,41779	-4,58771	-129,76243
26320	-4,58771	-129,76244	-4,58771	-131,07318
26340	-3,93235	-133,69464	-4,58771	-140,90365
26360	-3,93231	-162,53063	3,27668	-226,75618
26380	32,76756	-292,94809	21,62648	-293,60392
26400	5,24281	-262,80192	-22,93741	-245,1068
26420	-38,01043	-238,55283	-40,63174	-235,93126
26440	-41,94239	-233,30972	-41,94237	-231,34359
26460	-41,287	-231,34354	-43,25313	-231,34355
26480	-45,21938	-231,99899	-45,21968	-233,96526
26500	-35,38955	-238,55304	-15,07354	-249,03902
26520	-5,24321	-266,07853	9,17459	-282,4626
26540	14,41733	-293,6037	19,00478	-293,60369
26560	23,59226	-293,60363	24,24762	-293,60357
26580	26,21371	-290,98209	26,86907	-283,77308
26600	27,52443	-275,25331	27,52444	-266,07821
26620	27,52446	-258,86919	26,86916	-249,69407
26640	25,55849	-242,48504	22,28175	-234,62067
26660	19,00499	-228,06702	17,03895	-220,85803
26680	14,41753	-214,95975	12,45148	-209,06147
26700	9,83005	-203,81856	7,86399	-199,23101
26720	5,89791	-193,9881	4,5872	-189,40056
26740	3,27648	-186,12373	1,96577	-182,19154
26760	1,31041	-178,91472	0,65505	-175,63791
26780	-1,31105	-173,6718	-20,31664	-172,36103
26800	-41,94373	-167,77343	-45,22062	-161,87512
26820	-45,22064	-154,66612	-45,22064	-148,1125
26840	-45,22065	-144,83567	-45,22065	-141,55886
26860	-45,22067	-138,9374	-45,22066	-136,31595
26880	-45,22068	-133,6945	-45,22068	-132,38378
26900	-45,22069	-130,41769	-45,22069	-128,4516
26920	-45,2207	-127,79623	-45,22069	-126,4855
26940	-45,2207	-125,17477	-45,2207	-123,86405
26960	-45,22071	-123,20869	-45,2207	-121,89796
26980	-45,22071	-121,2426	-45,22071	-120,58724
27000	-45,22072	-119,93187	-45,22071	-119,27651
27020	-45,22071	-117,96579	-45,22071	-117,30866
27040	-45,22072	-115,9997	-45,22071	-115,34433
27060	-45,22072	-114,68897	-45,22071	-114,0336
27080	-45,22071	-113,37824	-45,22071	-112,06752
27100	-45,22071	-112,06752	-45,2207	-111,41215
27120	-45,22071	-110,75679	-45,2207	-110,10143
27140	-45,22071	-109,44607	-45,2207	-108,7907
27160	-45,2207	-108,13534	-45,22069	-107,47998
27180	-45,22069	-107,47998	-45,22069	-107,47998
27200	-45,22069	-106,82462	-45,22068	-106,16926
27220	-45,22069	-106,16925	-45,22069	-106,82461
27240	-45,2207	-106,16926	-45,22069	-106,16926
27260	-45,2207	-106,16926	-45,2207	-106,16927
27280	-45,22071	-106,16926	-45,22071	-106,82463
27300	-45,22072	-106,16926	-45,22071	-106,16926
27320	-45,22071	-106,16926	-45,22071	-105,5139
27340	-45,22072	-104,85853	-45,22071	-104,85853
27360	-45,22071	-104,20316	-45,22071	-104,20317
27380	-45,22071	-103,5478	-45,22071	-102,89244
27400	-45,22072	-102,89244	-45,22072	-102,23708
27420	-45,22072	-102,23708	-45,22072	-102,23708
27440	-45,22073	-102,23708	-45,22065	-98,3049
27460	-40,63303	-95,68343	-41,28837	-94,3727
27480	-41,28839	-93,06197	-41,28839	-92,40498
27500	-41,2884	-91,75124	-41,28839	-91,75124
27520	-41,2884	-91,09588	-41,2884	-91,09588
27540	-41,28841	-91,09588	-45,22056	-90,44052
27560	-40,63305	-90,44052	-40,63305	-89,78516
27580	-40,63305	-89,78515	-39,97769	-89,78516
27600	-39,9777	-89,12979	-40,63305	-89,78516
27620	-40,63306	-89,12979	-40,63306	-89,78515
27640	-40,63306	-89,12979	-40,63306	-88,47443
27660	-39,9777	-88,47443	-39,9777	-88,47442
27680	-39,9777	-87,81905	-39,32233	-86,50833
27700	-39,32233	-86,50833	-39,32232	-85,85297
27720	-39,32232	-85,1976	-39,32231	-85,1976
27740	-38,66696	-84,54224	-39,3223	-83,88688
27760	-39,32231	-83,23151	-39,3223	-82,57615
27780	-39,3223	-82,57614	-39,97766	-82,57614
27800	-39,97766	-81,92078	-39,97766	-81,92078
27820	-40,63302	-81,26541	-40,63301	-81,26542
27840	-40,63302	-80,61005	-40,633	-80,61005
27860	-40,63301	-80,61004	-40,63302	-79,95469
27880	-39,97766	-79,95469	-39,97766	-79,29932
27900	-45,22058	-82,57614	-45,22067	-85,1976
27920	-45,22068	-83,88687	-45,22067	-83,2315
27940	-45,22068	-83,88686	-45,22068	-85,1976
27960	-45,22069	-87,81905	-45,22069	-94,3727
27980	-45,22069	-115,9997	-45,22062	-173,01626
28000	-19,66163	-260,1796	1,30974	-293,60364
28020	-7,20995	-293,60393	-16,38474	-282,46269
28040	-32,11325	-270,01062	-41,94364	-262,80156
28060	-45,22055	-262,14621	-38,66709	-267,38917
28080	-20,31713	-279,84111	-5,89922	-293,6037
28100	-2,62243	-293,60365	-1,3117	-293,60356
28120	-3,93315	-293,60344	-6,55458	-284,42833
28140	-8,52067	-273,28713	-9,17602	-262,14589
28160	-9,83139	-251,00468	-12,45282	-241,1742
28180	-16,38499	-232,65446	-20,31714	-224,13473
28200	-24,24927	-215,615	-27,52604	-208,40601
28220	-30,80283	-201,85237	-34,07707	-195,29874
28240	-36,70107	-190,05583	-38,66715	-185,46828
28260	-40,63324	-181,5361	-41,94396	-178,25929
28280	-43,25469	-175,63783	-43,91005	-176,2932
28300	-43,91006	-178,2593	-43,25469	-182,1915
28320	-41,28861	-193,98803	-33,42428	-228,06688
28340	-9,83139	-284,42811	-5,89922	-293,60356
28360	-26,87075	-270,0109	-45,22078	-250,35008
28380	-45,22052	-242,48552	-45,22045	-239,86393
28400	-45,22045	-237,8978	-45,22049	-237,24243
28420	-45,22062	-238,55319	-45,22076	-242,48545
28440	-45,22083	-246,41773	-36,70114	-258,8696
28460	-21,62787	-275,90896	-12,45282	-289,67144
28480	-9,83139	-293,6035	-7,8653	-293,60341
28500	-9,83139	-293,60335	-9,83138	-286,39428
28520	-12,45283	-276,56378	-12,45282	-266,07792
28540	-13,10819	-255,59209	-14,4189	-246,417
28560	-17,69571	-237,24191	-20,97248	-230,03292
28580	-24,24927	-221,5132	-26,8707	-214,95957
28600	-30,80286	-207,75057	-33,4243	-201,8523
28620	-36,04575	-195,95404	-38,01183	-191,3665
28640	-39,97792	-186,77895	-41,944	-181,53604
28660	-43,91009	-176,9485	-45,22082	-173,67168
28680	-45,22082	-169,7395	-45,22082	-166,46269
28700	-45,22083	-163,84123	-45,22082	-161,21978
28720	-45,22083	-157,94296	-45,22082	-155,97687
28740	-45,22083	-154,66614	-45,22082	-153,35542
28760	-45,22083	-152,0447	-45,22082	-151,38933
28780	-45,22083	-146,80175	-45,22082	-137,62662
28800	-45,22083	-131,72833	-45,22082	-126,48542
28820	-45,22083	-123,86396	-45,22082	-121,24251
28840	-45,22083	-119,93179	-45,22082	-118,62106
28860	-45,22083	-116,65497	-45,22082	-115,34424
28880	-45,22083	-114,03352	-45,22082	-113,37816
28900	-45,22083	-112,06742	-45,22082	-111,41207
28920	-45,22083	-110,7567	-45,22082	-110,10134
28940	-45,22083	-108,79061	-45,22082	-108,79061
28960	-45,22083	-108,79061	-45,22082	-108,79062
28980	-45,22083	-108,13525	-45,22082	-108,13525
29000	-45,22083	-108,13525	-45,22082	-107,4799
29020	-45,22083	-107,47989	-45,22082	-106,82453
29040	-45,22083	-106,16917	-45,22082	-105,51381
29060	-45,22083	-105,5138	-45,22082	-104,85844
29080	-45,22083	-103,54772	-45,22082	-103,54771
29100	-45,22083	-102,23699	-45,22082	-102,23699
29120	-45,22083	-101,58162	-45,22082	-100,92626
29140	-45,22083	-100,92626	-45,22082	-100,92625
29160	-45,22083	-100,27089	-45,22082	-99,61553
29180	-45,22083	-98,96016	-45,22082	-98,3048
29200	-45,22083	-97,64944	-45,22082	-96,99408
29220	-45,22083	-96,99407	-45,22082	-96,33871
29240	-45,22083	-95,68334	-45,22082	-95,68335
29260	-45,22083	-95,02798	-45,22082	-95,02798
29280	-45,22083	-95,02798	-45,22082	-95,02798
29300	-45,22083	-94,37262	-45,22082	-94,37262
29320	-45,22083	-94,37262	-45,22082	-94,37262
29340	-45,22083	-94,37262	-45,22082	-94,37263
29360	-45,22083	-94,37263	-45,22082	-94,37263
29380	-45,22083	-94,37263	-45,22082	-96,33873
29400	-45,22083	-97,64947	-45,22082	-98,9602
29420	-45,22083	-99,61557	-45,22082	-100,27094
29440	-45,22083	-100,92631	-45,22082	-102,89241
29460	-45,22083	-104,85851	-45,22082	-106,16926
29480	-45,22083	-108,13534	-45,22082	-108,13535
29500	-45,22083	-108,13535	-45,22082	-107,47999
29520	-45,22083	-107,47998	-45,22082	-107,47998
29540	-45,22083	-106,82462	-45,22082	-106,16925
29560	-45,22083	-106,16925	-45,22082	-105,51389
29580	-45,22083	-106,16925	-45,22082	-105,51389
29600	-45,22083	-105,51389	-45,22082	-104,85853
29620	-45,22083	-100,92633	-45,22082	-96,33878
29640	-45,22083	-95,02803	-45,22082	-94,37267
29660	-45,22083	-93,06194	-45,22082	-92,40658
29680	-45,22083	-92,40658	-45,22082	-91,75122
29700	-45,22083	-91,75121	-45,22082	-91,75122
29720	-45,22083	-91,75122	-45,22082	-91,75122
29740	-45,22083	-91,09585	-45,22082	-91,09586
29760	-45,22083	-91,09586	-45,22082	-91,09586
29780	-45,22083	-90,4405	-45,22082	-90,44049
29800	-45,22083	-90,44049	-45,22082	-89,78514
29820	-45,22083	-89,78513	-45,22082	-89,78514
29840	-45,22083	-89,12978	-45,22082	-89,78514
29860	-45,22083	-89,78514	-45,22082	-89,12978
29880	-45,22083	-89,12978	-45,22082	-89,12978
29900	-45,22083	-89,12978	-45,22082	-89,12978
29920	-45,22083	-89,12978	-45,22082	-89,12979
29940	-45,22083	-89,12979	-45,22082	-89,78515
29960	-45,22083	-91,75125	-45,22082	-96,3388
29980	-45,22083	-104,20318	-45,22082	-126,48556
30000	-45,22073	-188,74504	-25,56002	-265,42273
30020	-10,48675	-293,6038	-11,79737	-289,01631
30040	-16,38467	-283,11797	0,65470999999999	-293,60379
30060	20,31547	-293,60383	28,17969	-293,60383
30080	28,83491	-293,60375	24,24738	-292,29294
30100	21,62596	-282,46243	22,28136	-272,63196
30120	21,626	-262,14614	20,3153	-251,66029
30140	19,00461	-241,82979	15,72788	-231,99932
30160	12,45114	-224,79026	8,51906	-216,92589
30180	5,89766	-209,71688	3,27628	-203,16324
30200	-0,00050000000000239	-195,95424	-1,96655	-191,36669
30220	-4,58798	-186,12378	-5,89868	-181,53623
30240	-7,20939	-176,94869	-8,5201	-173,67186
30260	-9,17547	-170,39504	-11,14154	-167,11823
30280	-11,14155	-164,49677	-11,7969	-162,53067
30300	-12,45227	-159,90922	-12,45226	-157,28777
30320	-13,76299	-155,32167	-13,76299	-153,35558
30340	-13,763	-152,04485	-13,763	-150,73412
30360	-13,76301	-149,4234	-14,41837	-148,11267
30380	-14,41837	-146,80194	-15,07374	-146,14658
30400	-15,07374	-145,49122	-15,07374	-145,49122
30420	-15,07375	-148,11267	-15,07375	-150,73414
30440	-15,07376	-151,38951	-15,07375	-150,73415
30460	-15,07376	-149,42342	-14,41839	-147,45732
30480	-15,07376	-146,80196	-14,4184	-145,49124
30500	-15,07376	-144,1805	-15,07376	-142,21442
30520	-17,69523	-144,1805	-36,04544	-154,66632
30540	-45,22066	-157,94312	-45,22073	-155,32165
30560	-45,22074	-152,04483	-45,22074	-149,42338
30580	-45,22076	-148,76801	-45,22076	-147,45728
30600	-45,22077	-145,49119	-45,22077	-145,4912
30620	-45,22078	-144,18046	-45,22078	-143,5251
30640	-45,22078	-143,52509	-45,22078	-142,86974
30660	-45,22079	-141,55901	-45,22079	-141,55901
30680	-45,2208	-140,90364	-45,2208	-140,24828
30700	-45,2208	-139,59292	-45,2208	-138,93756
30720	-45,2208	-138,93755	-45,2208	-138,28219
30740	-45,2208	-137,62683	-45,22079	-138,28219
30760	-45,2208	-137,62683	-45,2208	-136,97146
30780	-45,2208	-137,62682	-45,2208	-136,97146
30800	-45,22081	-136,97146	-45,2208	-136,3161
30820	-45,22081	-136,3161	-45,22081	-136,31611
30840	-45,22082	-136,3161	-45,22082	-136,31611
30860	-45,22083	-135,66074	-45,22082	-129,76246
30880	-45,2208	-125,83024	-45,2208	-124,5195
30900	-45,22082	-123,20877	-45,22082	-122,55341
30920	-45,22083	-121,89805	-45,22082	-121,89805
30940	-45,22083	-121,89805	-45,22082	-121,24269
30960	-45,22083	-121,24268	-45,22082	-120,58732
30980	-45,22083	-119,93196	-45,22082	-119,93196
31000	-45,22083	-119,93196	-45,22082	-119,93196
31020	-45,22083	-119,93196	-45,22082	-119,93196
31040	-45,22083	-119,93196	-45,22082	-119,93195
31060	-45,22083	-119,27659	-45,22082	-118,62123
31080	-45,22083	-118,62123	-45,22082	-118,62123
31100	-45,22083	-118,62123	-45,22082	-118,62123
31120	-45,22083	-118,62123	-45,22082	-118,62124
31140	-45,22083	-119,2766	-45,22082	-119,2766
31160	-45,22083	-119,2766	-45,22082	-119,2766
31180	-45,22083	-119,93197	-45,22082	-121,2427
31200	-45,22083	-123,2088	-45,22082	-127,79637
31220	-45,22083	-131,07322	-32,11345	-129,76255
31240	-3,93265	-124,51965	15,07308	-122,55357
31260	30,14655	-127,14111	39,97706	-142,86985
31280	43,90913	-176,29342	71,43381	-239,86382
31300	85,19613	-290,32713	70,12336	-284,42877
31320	49,15219	-264,76749	35,39011	-258,21369
31340	28,18138	-256,90283	21,6279	-255,59206
31360	19,00643	-255,59204	17,69568	-254,9367
31380	20,97246	-252,31527	30,80277	-247,72776
31400	45,87584	-245,10635	59,63812	-245,10646
31420	76,67728	-249,69412	89,1291	-254,93716
31440	96,33796	-256,24794	96,99316	-256,24791
31460	95,02696	-251,66033	93,7162	-243,79594
31480	89,78401	-233,31011	87,81794	-222,1689
31500	85,85184	-211,0277	81,9197	-201,19725
31520	76,67683	-191,36679	72,08936	-182,84705
31540	66,84652	-174,98268	64,22512	-170,39513
31560	62,25907	-165,15223	60,29301	-159,25396
31580	58,32695	-154,66642	58,32697	-154,66642
31600	57,01623	-154,01107	57,01625	-152,04499
31620	56,3609	-150,73427	56,36091	-149,42356
31640	55,70554	-150,73428	55,05018	-149,42357
31660	55,05018	-150,07892	55,70554	-151,38966
31680	55,70552	-154,01111	56,36086	-158,59867
31700	57,01619	-163,18622	57,67153	-165,15232
31720	57,67148	-167,11843	57,67148	-168,42918
31740	58,32682	-169,08455	58,32681	-170,3953
31760	57,01609	-169,73994	57,01608	-171,70605
31780	57,01604	-173,0168	57,01604	-172,36144
31800	55,70532	-171,70606	55,04998	-171,0507
31820	55,70534	-169,0846	55,04999	-165,80776
31840	55,05	-162,53094	55,05002	-159,9095
31860	54,39466	-157,94341	55,05003	-158,59877
31880	53,7393	-157,28805	53,73931	-155,97731
31900	53,08395	-154,01121	53,73933	-152,70048
31920	53,08397	-152,04512	53,08394	-153,35587
31940	53,08393	-153,35587	53,08394	-152,7005
31960	53,08391	-152,70052	53,73927	-153,3559
31980	53,73927	-152,04516	53,08391	-151,38979
32000	53,08393	-149,4237	52,42857	-148,76834
32020	52,42857	-148,76833	52,42856	-148,11296
32040	51,77321	-146,80221	51,11786	-146,14685
32060	51,11787	-145,49148	50,46252	-144,18076
32080	50,46253	-144,18075	50,46253	-143,52538
32100	50,46253	-142,21465	51,11789	-142,87001
32120	51,11789	-142,87	51,1179	-142,21464
32140	51,77327	-142,21463	52,42865	-141,55926
32160	52,42866	-140,24852	52,42869	-138,93778
32180	53,08406	-138,93777	53,73943	-138,28241
32200	54,39479	-136,97167	54,39479	-136,3163
32220	54,39478	-135,00558	54,39479	-133,69484
32240	54,39478	-133,03948	54,39478	-133,03949
32260	54,39478	-132,38412	54,39479	-130,41803
32280	53,73943	-130,41802	54,39479	-129,1073
32300	54,39479	-129,1073	54,39481	-129,10729
32320	54,39479	-128,45193	53,73943	-127,1412
32340	54,39479	-128,45192	54,39479	-127,79657
32360	54,39479	-127,79656	54,3948	-127,14119
32380	54,3948	-126,48581	54,3948	-125,17509
32400	54,39481	-123,86436	54,39482	-123,209
32420	54,39481	-122,55363	54,39481	-121,89827
32440	54,39481	-121,89826	54,39482	-121,24289
32460	53,73946	-119,93216	53,73947	-119,93216
32480	53,08411	-119,93214	53,73946	-120,58752
32500	49,15189	-127,14114	26,21406	-142,2145
32520	-3,27745	-154,66638	-27,52603	-159,90926
32540	-43,25475	-161,21998	-45,22082	-157,28781
32560	-45,22083	-155,32171	-45,22082	-153,35563
32580	-45,22083	-150,73417	-45,22082	-150,07881
32600	-45,22083	-148,76808	-45,22082	-147,45736
32620	-45,22083	-146,80199	-45,22082	-146,14662
32640	-45,22083	-144,8359	-45,22082	-144,18052
32660	-45,22083	-143,52516	-45,22082	-142,8698
32680	-45,22083	-141,55908	-45,22082	-142,21443
32700	-45,22083	-141,55907	-45,22082	-140,24835
32720	-45,22083	-140,24834	-45,22082	-139,59298
32740	-45,22083	-138,93762	-45,22082	-138,93762
32760	-45,22083	-139,59298	-45,22082	-141,55908
32780	-45,22083	-144,18054	-45,22082	-147,45738
32800	-45,22083	-150,07884	-45,22082	-152,04494
32820	-45,22083	-154,6664	-45,22082	-157,28787
32840	-44,56547	-159,90932	-44,56546	-161,87542
32860	-43,91011	-162,53079	-43,25474	-163,18616
32880	-43,25475	-163,84153	-42,59938	-163,84154
32900	-43,25475	-164,49689	-43,25474	-165,80762
32920	-43,25475	-165,80762	-43,25474	-167,11835
32940	-43,25475	-167,11835	-43,9101	-166,46298
32960	-43,91011	-165,80762	-43,9101	-165,15225
32980	-44,56547	-163,84152	-45,22082	-163,84152
33000	-45,22083	-163,18615	-45,22082	-162,53079
33020	-45,22083	-162,53078	-45,22082	-162,53078
33040	-45,22083	-162,53078	-45,22082	-162,53078
33060	-45,22083	-161,87541	-45,22082	-161,22006
33080	-45,22083	-159,90933	-45,22082	-158,59861
33100	-45,22083	-159,25396	-45,22082	-158,59861
33120	-45,22083	-157,94324	-45,22082	-156,63252
33140	-45,22083	-155,97715	-45,22082	-155,97715
33160	-45,22083	-155,97715	-45,22082	-155,97715
33180	-45,22083	-156,63252	-45,22082	-157,94325
33200	-45,22083	-159,25398	-45,22082	-161,22008
33220	-45,22083	-166,46299	-45,22082	-183,50244
33240	-35,39043	-216,92595	-7,8653	-257,55856
33260	22,28125	-286,39466	32,76702	-293,60382
33280	38,00989	-293,60392	39,97598	-293,60395
33300	42,59741	-293,60396	42,59746	-293,60395
33320	41,94214	-293,60392	43,25284	-293,60391
33340	49,80644	-293,60392	55,70465	-293,60392
33360	58,32605	-293,60387	58,32606	-293,60381
33380	53,08317	-289,67157	49,80638	-283,11789
33400	48,49565	-275,90888	47,84031	-268,69988
33420	45,21887	-260,8355	45,21888	-252,97112
33440	44,56353	-247,07284	43,25284	-241,17455
33460	41,28678	-235,27627	39,9761	-231,34407
33480	37,35469	-226,10114	35,38867	-221,51358
33500	33,42263	-216,27066	32,11195	-212,99384
33520	29,49053	-209,71701	28,17984	-205,78484
33540	26,21378	-203,16337	24,90309	-199,23119
33560	22,93702	-196,60974	21,62633	-193,33292
33580	20,31562	-190,71146	19,00492	-189,40073
33600	17,6942	-187,43464	17,03886	-186,12391
33620	15,72813	-183,50246	14,41743	-182,19173
33640	13,10671	-180,881	12,45136	-179,57027
33660	11,79601	-178,91491	11,14066	-177,60419
33680	10,4853	-176,29346	9,82995	-174,98274
33700	9,17459	-173,672	8,51924	-172,36128
33720	8,51925	-171,05054	8,51926	-169,08446
33740	7,86389	-168,42908	7,20853	-167,77372
33760	7,8639	-167,77371	8,51926	-167,11835
33780	8,51926	-167,11835	9,82998	-167,11835
33800	10,48532	-167,77371	11,14068	-168,42908
33820	12,45139	-168,42908	13,76212	-168,42908
33840	13,76211	-169,08444	15,07283	-167,77373
33860	14,41746	-167,11836	14,41747	-166,46299
33880	14,41747	-165,80762	14,41747	-165,15226
33900	13,76211	-164,49689	13,76212	-163,18617
33920	13,76211	-162,53081	13,76212	-161,87544
33940	13,76213	-161,22007	14,4175	-159,25398
33960	13,76214	-157,94325	13,76215	-157,94326
33980	13,76215	-156,63253	12,45144	-155,97717
34000	12,45144	-155,3218	12,45145	-155,3218
34020	11,79609	-154,66644	11,7961	-154,01108
34040	11,14329	-153,35571	10,48539	-152,70035
34060	10,48538	-152,04498	10,48539	-150,73426
34080	11,14074	-151,38962	11,79611	-150,73426
34100	12,45147	-149,42353	12,45148	-149,42353
34120	12,45147	-148,76816	12,45148	-148,1128
34140	12,45147	-147,45742	12,45146	-147,45742
34160	12,45145	-147,45742	12,45145	-147,45742
34180	12,45144	-148,11278	13,1068	-148,76815
34200	13,10678	-150,73424	13,76212	-155,32178
34220	14,41745	-161,22006	15,72815	-169,08444
34240	17,69418	-184,81316	-45,22046	-215,61522
34260	43,25291	-262,14608	55,70462	-293,60368
34280	49,15101	-293,60395	37,35464	-293,60407
34300	22,93713	-282,46284	9,83	-273,94299
34320	-3,2772	-270,01067	-8,51993	-265,42299
34340	-11,79665	-263,45681	-10,48594	-264,11215
34360	-5,89847	-263,45676	-1,31101	-264,76752
34380	4,58714	-267,38908	11,79604	-273,94282
34400	22,28176	-283,77332	27,52457	-292,29303
34420	28,83516	-293,60375	29,49045	-293,60371
34440	26,86895	-290,32685	23,59214	-285,0839
34460	19,66	-277,2195	15,72787	-268,04441
34480	11,14037	-259,52467	5,89753	-251,00492
34500	-0,00068999999999875	-243,14054	-4,58818	-236,5869
34520	-9,83103	-231,99935	-13,10779	-228,06717
34540	-15,07384	-224,13499	-17,03989	-220,85817
34560	-18,3506	-218,23671	-17,69524	-217,58135
34580	-15,72918	-216,92599	-13,76314	-216,926
34600	-11,79711	-218,23674	-8,52035	-220,20286
34620	-5,89896	-220,85824	-3,27757	-223,47971
34640	-1,31155	-224,1351	0,6545	-225,44585
34660	1,96521	-225,44585	3,93128	-227,41196
34680	7,86342	-227,41199	28,17977	-224,1352
34700	45,21937	-219,54767	45,87484	-217,58157
34720	42,59804	-217,58156	41,9427	-214,9601
34740	41,28736	-212,33863	39,97667	-208,40643
34760	38,66595	-206,44035	38,01061	-204,47427
34780	38,01061	-201,85282	38,01062	-200,54208
34800	37,35526	-198,57598	37,35527	-196,60988
34820	37,35526	-193,98842	37,35526	-193,33304
34840	38,01061	-191,36693	39,32132	-190,71156
34860	40,63202	-190,05618	42,59809	-190,05616
34880	43,90879	-189,40081	44,56413	-190,71154
34900	45,87483	-190,71153	47,18554	-190,71153
34920	47,84089	-190,05616	47,84089	-189,4008
34940	47,84089	-188,09007	47,8409	-186,77933
34960	47,18555	-185,4686	46,53022	-184,15788
34980	45,21952	-182,84714	46,53029	-183,50251
35000	58,32695	-184,81328	61,60385	-184,15794
35020	60,29313	-182,19182	59,63777	-180,88109
35040	58,98242	-178,91499	58,98243	-177,60425
35060	58,98244	-176,2935	58,3271	-174,32741
35080	58,32711	-174,32739	57,67177	-173,01666
35100	57,01641	-171,70592	57,01643	-170,39519
35120	57,01644	-170,39518	57,67182	-169,73982
35140	57,67184	-169,08444	58,32721	-169,08444
35160	58,32722	-168,42907	58,32723	-167,77371
35180	58,32723	-167,7737	58,9826	-167,77371
35200	58,9826	-167,11834	58,98261	-167,11835
35220	58,32725	-166,46298	58,98262	-166,46298
35240	58,32725	-166,46298	58,32726	-165,80762
35260	57,67191	-165,15225	57,01656	-164,49689
35280	57,01655	-163,84152	56,36121	-163,18616
35300	55,70584	-161,87544	55,0505	-161,22007
35320	55,05049	-160,5647	54,39515	-159,25398
35340	53,73978	-158,59862	53,08443	-157,94325
35360	48,49688	-153,35569	41,28792	-144,18054
35380	38,66648	-136,9715	38,01113	-133,69467
35400	38,66648	-129,76248	38,66648	-128,45175
35420	38,01111	-127,14102	38,66903	-125,8303
35440	38,01111	-124,51956	38,66648	-123,8642
35460	38,66648	-123,20883	39,32184	-122,55348
35480	39,32184	-121,89811	39,32186	-121,24275
35500	39,97721	-120,58738	39,97722	-119,27666
35520	40,63258	-118,62128	40,63258	-117,31055
35540	39,97722	-115,99982	39,97723	-115,34446
35560	39,97722	-114,03374	39,97723	-114,03374
35580	32,11283	-117,31054	4,58739	-121,24269
35600	-24,90416	-124,51945	-43,9098	-123,86406
35620	-45,22055	-120,58724	-42,59908	-118,62116
35640	-41,94375	-117,31043	-41,28839	-116,65507
35660	-41,28841	-115,99971	-40,63305	-115,34436
35680	-40,63307	-114,68899	-39,9777	-114,03363
35700	-40,63307	-114,03363	-39,97771	-114,03363
35720	-39,97772	-113,37827	-39,32236	-113,37828
35740	-39,32237	-113,37828	-39,32237	-113,37828
35760	-39,32237	-113,37828	-38,66701	-113,37829
35780	-38,66701	-113,37828	-38,66701	-113,37829
35800	-38,01165	-114,03366	-37,35629	-114,03366
35820	-37,35629	-114,03367	-37,3563	-114,68903
35840	-36,70093	-114,68903	-36,70093	-114,68904
35860	-36,70094	-114,68904	-36,04557	-115,34441
35880	-36,04557	-115,3444	-35,39021	-115,34441
35900	-35,39021	-115,34441	-34,73484	-115,34442
35920	-34,73485	-115,34442	-34,73485	-115,99978
35940	-34,07949	-115,99978	-34,07948	-115,99979
35960	-33,42413	-116,65515	-33,42412	-116,65516
35980	-33,42413	-117,31052	-32,76876	-117,31053
36000	-32,76877	-117,96589	-32,76876	-117,96589
36020	-32,1134	-118,62126	-32,11339	-119,27662
36040	-32,11339	-118,62126	-32,11338	-118,62126
36060	-32,11339	-119,27662	-32,11338	-119,27663
36080	-32,11339	-119,93198	-32,11338	-119,932
36100	-32,11338	-120,58735	-32,11338	-121,24272
36120	-32,11339	-121,24273	-32,11338	-121,24273
36140	-32,11339	-121,89809	-32,11338	-121,89809
36160	-32,11338	-121,24273	-32,11337	-121,24273
36180	-32,11337	-121,24273	-32,11336	-121,24273
36200	-32,11336	-120,58737	-32,11335	-120,58736
36220	-32,11335	-120,58736	-32,7687	-120,58736
36240	-33,42406	-120,58736	-33,42405	-120,58736
36260	-33,42405	-120,58736	-34,0794	-120,58736
36280	-34,0794	-120,58735	-34,0794	-120,58735
36300	-34,73476	-119,93199	-34,73475	-120,58735
36320	-34,73476	-120,58735	-34,73476	-120,58736
36340	-34,73477	-120,58735	-34,73476	-120,58735
36360	-34,73478	-120,58736	-34,73478	-120,58736
36380	-34,73478	-120,58736	-34,73478	-121,24273
36400	-36,04551	-126,48564	-34,73475	-129,10712
36420	-34,73477	-127,79639	-35,39013	-127,14102
36440	-35,39014	-125,8303	-35,39014	-126,48566
36460	-35,39015	-126,48565	-35,39014	-126,48565
36480	-35,39015	-126,48565	-35,39015	-125,83029
36500	-35,39016	-126,48565	-35,39015	-126,48565
36520	-35,39017	-126,48564	-35,39017	-127,14102
36540	-36,04554	-127,14102	-36,70089	-127,79638
36560	-37,35627	-127,79638	-37,35627	-128,45174
36580	-37,35628	-128,45174	-38,01164	-127,14101
36600	-38,01166	-127,79638	-38,01166	-128,45174
36620	-38,01167	-129,10711	-38,66703	-130,41784
36640	-38,66704	-138,28221	-38,66702	-161,21991
36660	-33,42406	-218,8918	-1,31157	-279,18528
36680	11,14013	-293,60371	8,51877	-293,60404
36700	-1,3113	-287,05036	-13,10763	-275,90912
36720	-21,62732	-268,70009	-31,45765	-262,80177
36740	-32,76836	-260,83562	-28,83618	-258,86952
36760	-30,14688	-258,2141	-28,83616	-256,90336
36780	-25,55943	-256,24802	-13,10764	-256,90346
36800	1,96559	-262,14645	13,76205	-271,97694
36820	28,18	-279,84129	36,04432	-288,361
36840	39,97644	-293,60388	41,94248	-293,60389
36860	43,25316	-293,60387	45,87458	-293,60386
36880	49,15135	-293,60386	49,80669	-293,60384
36900	49,15131	-293,60382	49,80666	-293,6038
36920	49,80664	-293,60378	49,80665	-293,60376
36940	49,15129	-293,60373	48,49594	-293,60373
36960	47,84057	-293,60373	47,84057	-293,60374
36980	47,18521	-290,98228	47,84057	-287,70547
37000	47,84057	-283,77327	47,84056	-279,84109
37020	47,84055	-276,56426	47,84054	-273,28742
37040	47,84053	-270,66597	47,84052	-268,69987
37060	47,18516	-265,42304	47,18517	-262,14622
37080	45,87445	-258,21402	44,56375	-254,28184
37100	43,25304	-251,66037	41,94233	-249,03892
37120	40,6316	-249,03892	45,8745	-247,72822
37140	71,43381	-238,55316	92,40568	-228,06734
37160	96,33805	-221,51366	91,75059	-217,58142
37180	89,12917	-212,33849	86,50779	-207,09556
37200	83,88639	-202,508	81,26499	-197,92045
37220	79,29893	-193,33289	76,67752	-189,4007
37240	75,36681	-186,12387	74,05612	-182,84706
37260	72,09004	-180,22559	70,77934	-177,60414
37280	69,46862	-176,29341	68,1579	-174,98268
37300	67,50254	-173,67195	66,19182	-172,36123
37320	65,53646	-170,39514	64,88111	-169,08441
37340	63,57039	-167,77367	63,5704	-166,46294
37360	63,57039	-164,49685	63,5704	-163,18613
37380	63,5704	-162,53075	63,57042	-161,22003
37400	64,22577	-160,56467	64,88115	-159,25394
37420	64,88114	-158,59857	64,88115	-157,28785
37440	64,88116	-156,63248	64,88116	-154,6664
37460	64,2258	-154,01104	64,22581	-152,70031
37480	63,57045	-151,38958	62,9151	-150,07885
37500	62,25973	-148,76812	61,60438	-148,11276
37520	60,94901	-147,45739	60,94902	-146,80203
37540	60,29365	-146,14666	60,29366	-145,49131
37560	59,63829	-146,14666	60,29366	-146,14668
37580	60,29365	-146,80204	60,94901	-148,11278
37600	60,94901	-153,35569	56,36143	-165,80763
37620	48,49696	-178,25958	50,46301	-180,22569
37640	51,77374	-180,88106	51,77373	-182,84715
37660	51,77371	-186,12397	52,42903	-193,98835
37680	54,39502	-218,23679	64,88056	-269,35518
37700	72,08942	-293,60386	49,1519	-293,60413
37720	26,87	-279,18603	0,65571	-260,8356
37740	-17,69432	-256,90326	-11,79614	-256,90332
37760	11,79674	-259,52491	30,14672	-264,76793
37780	40,63236	-273,94307	49,15196	-284,42887
37800	58,98228	-293,60392	66,19116	-293,60393
37820	72,08932	-293,60392	77,33217	-293,60391
37840	79,95357	-293,60387	81,91965	-293,60383
37860	83,23037	-293,60379	83,23039	-288,36088
37880	83,23038	-282,4626	82,57503	-276,5643
37900	82,57501	-270,66599	81,91966	-264,7677
37920	81,2643	-258,21405	79,95361	-251,00503
37940	77,98754	-245,7621	76,02149	-240,51918
37960	74,05543	-236,58697	72,08938	-231,9994
37980	69,46796	-228,0672	66,84655	-224,135
38000	64,88049	-220,20281	62,25907	-218,23671
38020	60,29299	-216,27061	58,98229	-214,30452
38040	58,32694	-211,02769	57,6716	-209,71698
38060	57,01625	-208,40625	57,01625	-208,40626
38080	57,01625	-209,71699	66,84674	-218,23678
38100	95,02759	-235,93177	122,55315	-252,97141
38120	140,2482	-264,76806	144,83576	-267,38955
38140	144,83575	-268,70026	146,80184	-268,70026
38160	148,11257	-267,38953	148,76793	-266,0788
38180	148,76792	-264,76807	149,42328	-264,1127
38200	149,42327	-263,45733	149,42326	-262,80197
38220	149,42325	-262,1466	149,42324	-261,49124
38240	149,42322	-261,49122	149,42321	-261,49123
38260	148,11247	-252,97147	142,86961	-234,62117
38280	133,69456	-213,64937	123,86417	-193,33293
38300	115,99989	-179,5702	114,68922	-169,73973
38320	114,03388	-161,22	113,37854	-155,32172
38340	113,37854	-150,0788	113,37855	-146,14662
38360	113,37855	-142,8698	113,37856	-139,59299
38380	113,37856	-136,31617	114,03392	-134,35008
38400	114,03391	-133,03935	114,68928	-131,72862
38420	114,03392	-130,41789	114,03392	-129,10717
38440	114,03391	-128,4518	114,03392	-127,14107
38460	112,72319	-126,4857	113,37856	-125,17497
38480	112,72318	-123,86424	112,06783	-123,20888
38500	110,7571	-122,55351	110,7571	-121,24278
38520	109,44637	-121,24278	108,79101	-119,93206
38540	108,13565	-119,93206	101,58199	-122,5535
38560	70,12435	-129,10711	30,80226	-131,72849
38580	-7,20906	-133,03915	-28,1808	-133,03913
38600	-29,49153	-128,45159	-27,52542	-126,4855
38620	-27,52543	-123,86404	-26,87008	-121,89795
38640	-26,87009	-120,58722	-26,87009	-118,62113
38660	-26,8701	-117,96576	-26,8701	-116,65503
38680	-26,87012	-114,68894	-27,52548	-114,03357
38700	-27,52549	-112,72285	-27,52548	-112,06749
38720	-26,87013	-111,41212	-26,87013	-110,75676
38740	-26,87013	-110,75676	-25,5594	-110,75676
38760	-25,5594	-110,10139	-24,90402	-108,79068
38780	-23,59331	-108,79068	-22,28257	-108,13532
38800	-21,62721	-108,13532	-20,31647	-107,47996
38820	-20,31647	-106,8246	-19,00573	-106,8246
38840	-18,35037	-106,16924	-17,695	-106,16924
38860	-17,03963	-106,16924	-16,38426	-106,8246
38880	-16,38426	-106,82461	-16,38426	-107,47997
38900	-16,38426	-107,47998	-25,55938	-106,8246
38920	-41,94353	-102,89237	-45,22035	-99,61554
38940	-45,22035	-98,3048	-45,22034	-95,68334
38960	-45,22036	-94,37261	-45,22036	-94,3726
38980	-45,22037	-93,06188	-45,22036	-92,40652
39000	-45,22036	-91,75115	-45,21781	-91,09578
39020	-45,22036	-90,44042	-45,22035	-89,78506
39040	-45,22036	-89,1297	-45,22036	-89,78506
39060	-45,22037	-89,78506	-45,22037	-90,44043
39080	-45,22038	-90,44043	-45,22039	-90,44043
39100	-45,22041	-91,75116	-45,22043	-87,16361
39120	-45,22044	-79,95456	-45,22043	-76,67771
39140	-45,22045	-75,36698	-45,22046	-74,05626
39160	-45,22047	-74,05626	-45,22048	-74,05626
39180	-45,22049	-73,40089	-45,2205	-73,4009
39200	-45,22052	-72,74552	-45,22051	-72,09016
39220	-45,22052	-71,43479	-45,22052	-71,43479
39240	-45,22054	-71,43479	-45,22055	-71,4348
39260	-45,22056	-72,74552	-45,22057	-73,40088
39280	-45,22059	-73,40089	-45,2206	-72,74554
39300	-45,2206	-72,74553	-45,22061	-72,74554
39320	-45,22062	-73,4009	-45,22062	-73,40091
39340	-45,22063	-73,4009	-45,22062	-72,74555
39360	-45,22063	-73,4009	-45,22063	-72,74555
39380	-45,22063	-73,40091	-45,22063	-72,74555
39400	-45,22063	-72,74555	-45,22063	-72,74555
39420	-45,22063	-72,74555	-45,22062	-72,74555
39440	-45,22062	-73,40092	-45,22062	-74,05628
39460	-45,22061	-74,05628	-45,2206	-73,40093
39480	-45,22061	-74,05628	-45,22059	-74,05629
39500	-45,22059	-74,05629	-45,22058	-73,40093
39520	-45,22058	-74,05629	-45,22056	-74,0563
39540	-45,22056	-74,0563	-45,22055	-74,0563
39560	-45,22054	-74,0563	-45,22053	-74,05631
39580	-45,22052	-74,05631	-45,22051	-74,05632
39600	-45,22051	-74,05632	-45,2205	-74,71169
39620	-45,2205	-75,36705	-45,22049	-76,02242
39640	-45,22049	-76,67779	-45,22048	-77,33316
39660	-45,22047	-77,33316	-45,22046	-77,98852
39680	-45,22046	-78,64388	-45,22045	-79,29925
39700	-45,22045	-79,95461	-45,22044	-79,95462
39720	-45,22044	-79,95461	-45,22043	-80,60999
39740	-45,22043	-79,95463	-45,22042	-80,60999
39760	-45,22043	-80,61	-45,22043	-80,61001
39780	-45,22042	-80,61002	-45,22042	-81,26539
39800	-45,22042	-81,92076	-44,56505	-83,23149
39820	-44,56504	-85,19757	-43,90966	-87,81902
39840	-43,25429	-89,12976	-42,59891	-89,12977
39860	-41,94357	-89,78514	-39,97749	-89,12979
39880	-38,66679	-89,78517	-38,01142	-89,78518
39900	-36,70071	-91,09592	-36,7007	-91,09593
39920	-36,04534	-91,75129	-35,38998	-92,40667
39940	-35,38997	-93,06203	-35,38997	-93,7174
39960	-35,38997	-94,37277	-35,38996	-96,33886
39980	-35,38996	-97,6496	-34,73459	-98,96033
