T	LX	LY	RX	RY
0	0	0	0	0
20	-0,65535999999999	-0,65537	-0,65537	-9,9999999960687E-6
40	-0,65535999999999	0	-1,31073	-0,65535999999999
60	-0,65535	-0,65537	-0,65537	-0,65537
80	-1,31071	-1,31073	-1,31073	-0,65537
100	-1,31072	-0,65537	-1,31072	-0,65537
120	-1,31071	0	-1,31071	0,65537
140	-1,31069	1,31073	-1,96606	1,9661
160	-1,96604	2,62147	-1,96604	3,27684
180	-2,62139	3,27684	-1,96604	3,9322
200	-2,6214	3,9322	-1,96604	3,9322
220	-1,96602	3,9322	-1,96604	3,9322
240	-2,62139	3,9322	-1,96603	4,58757
260	-1,96602	4,58757	-1,31067	4,58757
280	-1,31067	3,27684	-7,86432	1,31082
300	-27,52521	3,27709	-41,94327	4,58796
320	-41,9434	3,9327	-41,94349	3,93271
340	-41,94346	5,24341	-41,94346	5,24342
360	-41,94346	5,24343	-41,94347	5,89878
380	-41,94346	5,89878	-41,94347	6,55414
400	-41,94346	5,89878	-41,94348	5,89878
420	-41,94347	5,24341	-41,94348	5,24341
440	-41,94347	5,24341	-41,94348	5,2434
460	-41,94347	5,2434	-41,94348	5,2434
480	-41,94347	4,58804	-41,94348	4,58804
500	-41,94347	3,93268	-41,94354	0,00055000000000405
520	-41,94362	-2,62088	-41,94366	-1,31016
540	-41,94364	-0,65479999999999	-41,94365	-0,65479
560	-41,94365	0,00057000000000329	-41,94366	1,3113
580	-41,94365	0,65594	-41,94366	1,3113
600	-41,94365	1,31131	-41,94366	1,96667
620	-41,94365	2,62203	-41,94366	2,62204
640	-41,94365	3,27741	-41,94366	3,93277
660	-41,94365	3,93277	-41,94366	4,58814
680	-41,94365	5,2435	-41,94366	5,89887
700	-41,94365	5,89886	-41,94366	7,20959
720	-41,94365	7,2096	-41,94366	8,52032
740	-41,94365	9,17569	-41,94366	10,48642
760	-41,94365	11,14178	-41,94366	12,45251
780	-41,94365	13,10788	-41,94366	14,41861
800	-41,94365	15,72934	-41,94366	17,04006
820	-41,94365	18,35078	-41,94366	19,6615
840	-41,94365	20,31686	-41,94366	21,62758
860	-41,94365	22,9383	-41,94366	24,90438
880	-41,94365	26,2151	-41,94366	28,83654
900	-41,94365	32,11334	-41,94366	36,0455
920	-41,94365	39,97766	-41,94366	43,90982
940	-41,94365	46,53126	-41,94366	46,53126
960	-41,94365	46,53126	-41,94366	46,53126
980	-41,94365	46,53126	-41,94366	46,53126
1000	-41,94365	46,53126	-41,94366	46,53126
1020	-41,94365	46,53126	-41,94366	46,53126
1040	-41,94365	46,53126	-41,94366	46,53126
1060	-41,94365	46,53126	-41,94366	46,53126
1080	-41,94365	46,53126	-41,94366	46,53126
1100	-41,94365	46,53126	-41,94366	46,53126
1120	-35,38994	46,53126	-24,24871	46,53126
1140	-23,59337	46,53126	-26,21492	46,53126
1160	-25,55962	46,53126	-25,55966	46,53126
1180	-25,55965	46,53126	-26,21502	46,53126
1200	-26,87037	46,53126	-27,52574	46,53126
1220	-27,52573	46,53126	-28,1811	46,53126
1240	-28,18109	46,53126	-28,83646	46,53126
1260	-28,83645	46,53126	-28,83646	46,53126
1280	-28,83645	46,53126	-28,83646	46,53126
1300	-29,49181	46,53126	-29,49182	46,53126
1320	-30,14717	46,53126	-30,14718	46,53126
1340	-30,80253	46,53126	-36,70078	46,53126
1360	-41,94365	46,53126	-41,94366	46,53126
1380	-41,94365	46,53126	-41,94366	46,53126
1400	-41,94365	46,53126	-41,94366	46,53126
1420	-41,94365	46,53126	-41,94366	46,53126
1440	-41,94365	46,53126	-41,94366	46,53126
1460	-41,94365	46,53126	-41,94366	46,53126
1480	-41,94365	46,53126	-41,94366	46,53126
1500	-41,94365	46,53126	-41,94366	46,53126
1520	-41,94365	46,53126	-41,94366	46,53126
1540	-41,94365	46,53126	-41,94366	46,53126
1560	-41,94365	46,53126	-41,94366	46,53126
1580	-41,94365	46,53126	-41,94366	46,53126
1600	-41,94365	46,53126	-41,94366	46,53126
1620	-41,94365	46,53126	-41,94366	46,53126
1640	-41,94365	46,53126	-41,94366	46,53126
1660	-41,94365	46,53126	-41,94366	46,53126
1680	-41,94365	46,53126	-41,94366	46,53126
1700	-41,94365	46,53126	-41,94366	46,53126
1720	-41,94365	46,53126	-41,94366	46,53126
1740	-41,94365	46,53126	-41,94366	46,53126
1760	-41,94365	46,53126	-41,94366	46,53126
1780	-41,94365	46,53126	-41,94366	46,53126
1800	-41,94365	46,53126	-41,94366	46,53126
1820	-41,94365	46,53126	-41,94366	46,53126
1840	-41,94365	46,53126	-41,94366	46,53126
1860	-41,94365	46,53126	-41,94366	46,53126
1880	-41,94365	46,53126	-41,94366	46,53126
1900	-41,94365	46,53126	-41,94366	46,53126
1920	-41,94365	46,53126	-41,94366	46,53126
1940	-41,94365	46,53126	-41,94366	46,53126
1960	-41,94365	46,53126	-41,94366	46,53126
1980	-41,94365	46,53126	-41,94366	46,53126
2000	-41,94365	46,53126	-41,94366	46,53126
2020	-41,94365	46,53126	-41,94366	46,53126
2040	-41,94365	46,53126	-41,94366	46,53126
2060	-41,94365	46,53126	-41,94366	46,53126
2080	-41,94365	46,53126	-41,94366	46,53126
2100	-41,94365	46,53126	-41,94366	46,53126
2120	-41,94365	46,53126	-41,94366	46,53126
2140	-41,94365	46,53126	-41,94366	46,53126
2160	-41,94365	46,53126	-41,94366	46,53126
2180	-40,63038	46,53126	-40,63294	46,53126
2200	-40,63293	46,53126	-40,63294	46,53126
2220	-40,63293	46,53126	-40,63294	46,53126
2240	-40,63293	46,53126	-40,63294	46,53126
2260	-40,63293	46,53126	-40,63294	46,53126
2280	-40,63293	46,53126	-40,63294	46,53126
2300	-40,63293	46,53126	-40,63294	46,53126
2320	-40,63293	46,53126	-40,63294	46,53126
2340	-40,63293	46,53126	-41,2883	46,53126
2360	-41,28829	46,53126	-41,2883	46,53126
2380	-41,28829	46,53126	-41,2883	46,53126
2400	-41,28829	46,53126	-40,63294	46,53126
2420	-40,63293	46,53126	-39,97758	46,53126
2440	-39,32221	46,53126	-38,66686	46,53126
2460	-38,66685	46,53126	-38,0115	46,53126
2480	-38,01149	46,53126	-37,35614	46,53126
2500	-36,70077	46,53126	-36,70078	46,53126
2520	-37,35613	46,53126	-36,70078	46,53126
2540	-36,70077	46,53126	-36,70078	46,53126
2560	-36,70077	46,53126	-36,70078	46,53126
2580	-36,70077	46,53126	-36,70078	46,53126
2600	-36,70077	46,53126	-36,70078	46,53126
2620	-36,70077	46,53126	-36,04542	46,53126
2640	-36,70077	46,53126	-36,04542	46,53126
2660	-36,04541	46,53126	-36,04542	46,53126
2680	-36,04541	46,53126	-36,04542	46,53126
2700	-36,04541	46,53126	-36,04542	46,53126
2720	-36,04541	46,53126	-36,04542	46,53126
2740	-36,04541	46,53126	-36,04542	46,53126
2760	-36,04541	46,53126	-36,70078	46,53126
2780	-36,70077	46,53126	-36,70078	46,53126
2800	-37,35613	46,53126	-37,35614	46,53126
2820	-37,35613	46,53126	-37,35614	46,53126
2840	-37,35613	46,53126	-38,0115	46,53126
2860	-38,01149	46,53126	-38,0115	46,53126
2880	-30,14717	46,53126	-22,93817	46,53126
2900	-23,59352	46,53126	-24,90426	46,53126
2920	-24,24889	46,53126	-24,90426	46,53126
2940	-24,90425	46,53126	-24,90426	46,53126
2960	-24,90425	46,53126	-24,90425	46,53126
2980	-24,24888	46,53126	-24,24889	46,53126
3000	-24,90424	46,53126	-24,90424	46,53126
3020	-24,90423	46,53126	-24,90424	46,53126
3040	-24,90423	46,53126	-24,90423	46,53126
3060	-24,24886	46,53126	-24,90423	46,53126
3080	-24,90421	46,53126	-24,90422	46,53126
3100	-24,90421	46,53126	-24,90422	46,53126
3120	-24,9042	46,53126	-24,90421	46,53126
3140	-24,90421	46,53126	-24,24886	46,53126
3160	-24,24885	46,53126	-23,5935	46,53126
3180	-23,59349	46,53126	-23,5935	46,53126
3200	-23,5935	46,53126	-23,5935	46,53126
3220	-23,59349	46,53126	-22,93814	46,53126
3240	-22,93813	46,53126	-23,5935	46,53126
3260	-23,59349	46,53126	-23,59349	46,53126
3280	-23,59349	46,53126	-23,59349	46,53126
3300	-20,31666	46,53126	-13,1076	46,53126
3320	-9,17537	46,53126	-9,17539	46,53126
3340	-9,17538	46,53126	-9,1754	46,53126
3360	-9,17539	46,53126	-9,17539	46,53126
3380	-9,17538	46,53126	-9,17539	46,53126
3400	-9,17538	46,53126	-9,17538	46,53126
3420	-9,17538	46,53126	-9,17538	46,53126
3440	-9,17538	46,53126	-9,17538	46,53126
3460	-9,17537	46,53126	-9,17538	46,53126
3480	-8,52001	46,53126	-8,52002	46,53126
3500	-8,52001	46,53126	-8,52002	46,53126
3520	-8,52001	46,53126	-8,52001	46,53126
3540	-8,52001	46,53126	-7,86465	46,53126
3560	-7,86464	46,53126	-7,86464	46,53126
3580	-7,86463	46,53126	-7,86464	46,53126
3600	-7,20927	46,53126	-7,86464	46,53126
3620	-7,86462	46,53126	-7,20928	46,53126
3640	-7,86462	46,53126	-7,20927	46,53126
3660	-7,86462	46,53126	-7,20927	46,53126
3680	-7,86461	46,53126	-7,86463	46,53126
3700	-7,86462	46,53126	-7,86462	46,53126
3720	-7,86461	46,53126	-7,86462	46,53126
3740	-7,86461	46,53126	-8,51998	46,53126
3760	-8,51998	46,53126	-9,17534	46,53126
3780	-9,17533	46,53126	-9,17534	46,53126
3800	-9,17534	46,53126	-9,17534	46,53126
3820	-9,83069	46,53126	-9,83071	46,53126
3840	-9,8307	46,53126	-9,17534	46,53126
3860	-9,17534	46,53126	-9,17535	46,53126
3880	-9,17535	46,53126	-8,52	46,53126
3900	-8,51999	46,53126	-8,52	46,53126
3920	-7,86463	46,53126	-8,52	46,53126
3940	-7,86463	46,53126	-7,86464	46,53126
3960	-7,86463	46,53126	-7,86464	46,53126
3980	-8,51999	46,53126	-8,52	46,53126
4000	-7,86463	46,53126	-7,86464	46,53126
4020	-7,86463	46,53126	-7,86464	46,53126
4040	-7,86463	46,53126	-5,24318	46,53126
4060	-3,27707	46,53126	-3,93244	46,53126
4080	-3,93244	46,53126	-3,93244	46,53126
4100	-3,93243	46,53126	-3,93244	46,53126
4120	-3,93243	46,53126	-3,93245	46,53126
4140	-3,27707	46,53126	-3,27708	46,53126
4160	-3,27707	46,53126	-3,27708	46,53126
4180	-2,62171	46,53126	-2,62172	46,53126
4200	-2,62172	46,53126	-1,96636	46,53126
4220	4,58733	46,53126	11,14102	46,53126
4240	14,41786	46,53126	-41,94309	46,53126
4260	15,07323	46,53126	15,07322	46,53126
4280	14,41787	46,53126	15,07322	46,53126
4300	15,07323	46,53126	14,41786	46,53126
4320	14,41787	46,53126	15,07322	46,53126
4340	14,41787	46,53126	14,41786	46,53126
4360	14,41786	46,53126	13,76249	46,53126
4380	14,41786	46,53126	13,76249	46,53126
4400	13,76251	46,53126	13,10713	46,53126
4420	13,7625	46,53126	13,10713	46,53126
4440	13,10714	46,53126	13,10713	46,53126
4460	13,10714	46,53126	12,45177	46,53126
4480	12,45178	46,53126	12,45177	46,53126
4500	11,79642	46,53126	12,45177	46,53126
4520	11,79642	46,53126	11,79642	46,53126
4540	11,79642	46,53126	11,14105	46,53126
4560	11,14106	46,53126	11,79641	46,53126
4580	11,79641	46,53126	12,45176	46,53126
4600	12,45177	46,53126	12,45175	46,53126
4620	12,45176	46,53126	12,45175	46,53126
4640	12,45176	46,53126	12,45176	46,53126
4660	12,45176	46,53126	11,14104	46,53126
4680	11,7964	46,53126	11,14104	46,53126
4700	11,14104	46,53126	10,48568	46,53126
4720	10,48568	46,53126	9,83031	46,53126
4740	9,83032	46,53126	9,83031	46,53126
4760	9,17496	46,53126	9,17495	46,53126
4780	9,17496	46,53126	9,17495	46,53126
4800	9,17496	46,53126	8,51959	46,53126
4820	9,17496	46,53126	8,51959	46,53126
4840	8,5196	46,53126	9,17495	46,53126
4860	13,10716	46,53126	18,35011	46,53126
4880	17,03939	46,53126	17,03936	46,53126
4900	17,03938	46,53126	16,38402	46,53126
4920	-41,94301	46,53126	16,38402	46,53126
4940	16,38403	46,53126	16,38402	46,53126
4960	15,72867	46,53126	16,38402	46,53126
4980	15,72867	46,53126	15,72867	46,53126
5000	15,72868	46,53126	15,72867	46,53126
5020	15,07332	46,53126	15,07332	46,53126
5040	15,07332	46,53126	15,07331	46,53126
5060	15,07332	46,53126	15,07332	46,53126
5080	15,07332	46,53126	14,41796	46,53126
5100	14,41797	46,53126	14,41795	46,53126
5120	14,41797	46,53126	14,41796	46,53126
5140	13,7626	46,53126	13,76259	46,53126
5160	13,7626	46,53126	13,76259	46,53126
5180	13,10724	46,53126	13,10723	46,53126
5200	13,10723	46,53126	13,10723	46,53126
5220	12,45188	46,53126	12,45186	46,53126
5240	12,45187	46,53126	12,45186	46,53126
5260	12,45187	46,53126	13,10722	46,53126
5280	13,10722	46,53126	13,10722	46,53126
5300	13,10722	46,53126	13,10721	46,53126
5320	13,10722	46,53126	16,38405	46,53126
5340	18,35017	46,53126	17,69478	46,53126
5360	17,69479	46,53126	17,69478	46,53126
5380	17,69479	46,53126	17,03941	46,53126
5400	17,03942	46,53126	17,03942	46,53126
5420	16,38406	46,53126	17,03941	46,53126
5440	17,03942	46,53126	17,03941	46,53126
5460	16,38406	46,53126	17,03941	46,53126
5480	17,03942	46,53126	17,03942	46,53126
5500	17,03942	46,53126	17,03941	46,53126
5520	17,03943	46,53126	17,69478	46,53126
5540	17,03943	46,53126	17,03942	46,53126
5560	17,03943	46,53126	17,69478	46,53126
5580	17,03943	46,53126	17,69479	46,53126
5600	17,03943	46,53126	17,03942	46,53126
5620	17,69479	46,53126	17,03943	46,53126
5640	17,03943	46,53126	16,38407	46,53126
5660	17,03944	46,53126	17,03942	46,53126
5680	17,03943	46,53126	16,38407	46,53126
5700	16,38407	46,53126	17,03942	46,53126
5720	16,38407	46,53126	16,38406	46,53126
5740	16,38408	46,53126	16,38407	46,53126
5760	16,38408	46,53126	16,38407	46,53126
5780	22,28239	46,53126	28,83607	46,53126
5800	29,49146	46,53126	28,83607	46,53126
5820	28,83608	46,53126	28,18071	46,53126
5840	28,18072	46,53126	28,18071	46,53126
5860	27,52536	46,53126	28,18071	46,53126
5880	28,18072	46,53126	28,83607	46,53126
5900	28,83608	46,53126	28,83607	46,53126
5920	28,83607	46,53126	29,49143	46,53126
5940	29,49144	46,53126	29,49143	46,53126
5960	29,49144	46,53126	29,49144	46,53126
5980	28,83608	46,53126	29,49144	46,53126
6000	28,83609	46,53126	28,83608	46,53126
6020	29,49145	46,53126	33,42365	46,53126
6040	34,7344	46,53126	34,07902	46,53126
6060	34,07902	46,53126	34,07902	46,53126
6080	34,07903	46,53126	34,07902	46,53126
6100	33,42367	46,53126	34,07902	46,53126
6120	33,42367	46,53126	33,42366	46,53126
6140	33,42367	46,53126	33,42366	46,53126
6160	33,42367	46,53126	33,42366	46,53126
6180	32,76831	46,53126	33,42366	46,53126
6200	32,7683	46,53126	32,7683	46,53126
6220	32,76831	46,53126	32,7683	46,53126
6240	32,7683	46,53126	32,76829	46,53126
6260	32,11294	46,53126	32,11293	46,53126
6280	32,11294	46,53126	32,11293	46,53126
6300	31,45758	46,53126	32,11293	46,53126
6320	32,11294	46,53126	31,45757	46,53126
6340	31,45758	46,53126	31,45757	46,53126
6360	31,45758	46,53126	31,45757	46,53126
6380	31,45759	46,53126	31,45758	46,53126
6400	31,45759	46,53126	31,45758	46,53126
6420	31,45759	46,53126	30,80221	46,53126
6440	28,83611	46,53126	28,8361	46,53126
6460	29,49148	46,53126	29,49147	46,53126
6480	29,49148	46,53126	29,49147	46,53126
6500	28,83612	46,53126	29,49147	46,53126
6520	28,83612	46,53126	28,83611	46,53126
6540	28,83612	46,53126	29,49147	46,53126
6560	30,14683	46,53126	30,14682	46,53126
6580	30,14683	46,53126	30,14682	46,53126
6600	30,80219	46,53126	30,80218	46,53126
6620	30,80219	46,53126	30,80218	46,53126
6640	30,80219	46,53126	30,80218	46,53126
6660	30,80219	46,53126	30,80218	46,53126
6680	30,80219	46,53126	30,80218	46,53126
6700	30,80219	46,53126	30,80218	46,53126
6720	30,80218	46,53126	30,80217	46,53126
6740	30,80217	46,53126	31,45752	46,53126
6760	30,80217	46,53126	30,14679	46,53126
6780	30,1468	46,53126	30,80215	46,53126
6800	30,1468	46,53126	30,14678	46,53126
6820	30,14679	46,53126	30,14678	46,53126
6840	32,76826	46,53126	39,32193	46,53126
6860	39,32195	46,53126	39,32194	46,53126
6880	39,32194	46,53126	39,32193	46,53126
6900	38,66658	46,53126	38,66657	46,53126
6920	38,66658	46,53126	38,66657	46,53126
6940	38,01122	46,53126	38,66658	46,53126
6960	38,66658	46,53126	38,66658	46,53126
6980	38,66659	46,53126	38,66658	46,53126
7000	38,01123	46,53126	38,66658	46,53126
7020	38,01123	46,53126	38,01122	46,53126
7040	38,66659	46,53126	38,66658	46,53126
7060	38,66659	46,53126	38,66658	46,53126
7080	38,6666	46,53126	38,01122	46,53126
7100	38,01124	46,53126	38,01123	46,53126
7120	38,01124	46,53126	38,01123	46,53126
7140	38,01124	46,53126	38,01123	46,53126
7160	38,01124	46,53126	38,01123	46,53126
7180	38,01124	46,53126	38,01123	46,53126
7200	38,01124	46,53126	38,01123	46,53126
7220	38,01124	46,53126	38,01123	46,53126
7240	38,66659	46,53126	38,66658	46,53126
7260	39,32195	46,53126	39,32194	46,53126
7280	39,32195	46,53126	39,32194	46,53126
7300	39,32195	46,53126	39,32194	46,53126
7320	39,32194	46,53126	39,32194	46,53126
7340	39,32194	46,53126	39,32193	46,53126
7360	39,32194	46,53126	39,32193	46,53126
7380	39,32194	46,53126	39,32193	46,53126
7400	39,32194	46,53126	39,32193	46,53126
7420	39,32194	46,53126	39,32192	46,53126
7440	39,32194	46,53126	39,32193	46,53126
7460	39,32193	46,53126	39,32192	46,53126
7480	39,32193	46,53126	39,32192	46,53126
7500	39,32193	46,53126	39,32192	46,53126
7520	39,32192	46,53126	39,32191	46,53126
7540	42,59875	46,53126	45,8756	46,53126
7560	45,22023	46,53126	45,22022	46,53126
7580	45,22023	46,53126	45,22022	46,53126
7600	45,22023	46,53126	45,22022	46,53126
7620	45,22023	46,53126	45,22023	46,53126
7640	45,22024	46,53126	44,56487	46,53126
7660	44,56488	46,53126	44,56488	46,53126
7680	44,56489	46,53126	44,56488	46,53126
7700	44,56489	46,53126	44,56488	46,53126
7720	44,56489	46,53126	44,56488	46,53126
7740	44,56489	46,53126	44,56488	46,53126
7760	43,90954	46,53126	43,90952	46,53126
7780	43,90954	46,53126	43,90953	46,53126
7800	43,25418	46,53126	43,25417	46,53126
7820	43,25418	46,53126	43,25417	46,53126
7840	43,25417	46,53126	43,25417	46,53126
7860	43,25418	46,53126	42,59881	46,53126
7880	42,59882	46,53126	42,59881	46,53126
7900	41,94345	46,53126	41,94345	46,53126
7920	41,94346	46,53126	41,94345	46,53126
7940	41,94346	46,53126	41,94344	46,53126
7960	42,59881	46,53126	42,5988	46,53126
7980	42,59881	46,53126	43,25415	46,53126
8000	43,25416	46,53126	43,25416	46,53126
8020	43,25672	46,53126	42,59879	46,53126
8040	27,52537	46,53126	-0,65546	46,53126
8060	-24,2487	46,53126	-36,04534	46,53126
8080	-33,42391	46,53126	-31,45781	46,53126
8100	-31,4578	46,53126	-30,80245	46,53126
8120	-30,14709	46,53126	-29,49174	46,53126
8140	-29,49173	46,53126	-28,83638	46,53126
8160	-28,18102	46,53126	-28,18103	46,53126
8180	-27,52566	46,53126	-27,52567	46,53126
8200	-27,52566	46,53126	-26,87032	46,53126
8220	-26,87031	46,53126	-26,21496	46,53126
8240	-26,21495	46,53126	-26,21495	46,53126
8260	-26,21494	46,53126	-36,04542	46,53126
8280	-41,94365	46,53126	-41,94366	46,53126
8300	-41,94365	46,53126	-41,94366	46,53126
8320	-41,94365	46,53126	-41,94366	46,53126
8340	-41,94365	46,53126	-41,94366	46,53126
8360	-41,94365	46,53126	-41,94366	46,53126
8380	-41,94365	46,53126	-41,94366	46,53126
8400	-41,94365	46,53126	-41,94366	46,53126
8420	-41,94365	46,53126	-41,94366	46,53126
8440	-41,94365	46,53126	-41,94366	46,53126
8460	-41,94365	46,53126	-41,94366	46,53126
8480	-41,94365	46,53126	-41,94366	46,53126
8500	-41,94365	46,53126	-41,94366	46,53126
8520	-41,94365	46,53126	-41,94366	46,53126
8540	-41,94365	46,53126	-41,94366	46,53126
8560	-41,94365	46,53126	-41,94366	46,53126
8580	-41,94365	46,53126	-41,94366	46,53126
8600	-41,94365	46,53126	-41,94366	46,53126
8620	-41,94365	46,53126	-41,94366	46,53126
8640	-41,94365	46,53126	-41,94366	46,53126
8660	-41,94365	46,53126	-41,2883	46,53126
8680	-39,97757	46,53126	-39,32222	46,53126
8700	-38,66685	46,53126	-37,35614	46,53126
8720	-37,35613	46,53126	-39,97758	46,53126
8740	-41,28829	46,53126	-39,32222	46,53126
8760	-38,66685	46,53126	-38,0115	46,53126
8780	-37,35613	46,53126	-36,70078	46,53126
8800	-36,04541	46,53126	-36,04542	46,53126
8820	-35,39005	46,53126	-35,39006	46,53126
8840	-34,73469	46,53126	-34,7347	46,53126
8860	-34,73469	46,53126	-34,07934	46,53126
8880	-34,73469	46,53126	-34,07934	46,53126
8900	-34,07933	46,53126	-34,7347	46,53126
8920	-34,73469	46,53126	-34,7347	46,53126
8940	-35,39005	46,53126	-36,04542	46,53126
8960	-35,39005	46,53126	-36,04542	46,53126
8980	-36,70077	46,53126	-36,70078	46,53126
9000	-36,70077	46,53126	-37,35614	46,53126
9020	-37,35613	46,53126	-38,0115	46,53126
9040	-38,01149	46,53126	-32,11324	46,53126
9060	-28,18101	46,53126	-29,49176	46,53126
9080	-30,14712	46,53126	-30,14713	46,53126
9100	-30,14712	46,53126	-30,80249	46,53126
9120	-30,80249	46,53126	-30,8025	46,53126
9140	-31,45785	46,53126	-31,45786	46,53126
9160	-31,45785	46,53126	-32,11322	46,53126
9180	-32,11321	46,53126	-32,11321	46,53126
9200	-32,76856	46,53126	-32,76857	46,53126
9220	-32,76856	46,53126	-33,42393	46,53126
9240	-32,76856	46,53126	-33,42393	46,53126
9260	-33,42392	46,53126	-32,76856	46,53126
9280	-32,1132	46,53126	-32,11321	46,53126
9300	-32,1132	46,53126	-32,11321	46,53126
9320	-32,1132	46,53126	-32,11321	46,53126
9340	-31,45784	46,53126	-31,45784	46,53126
9360	-31,45784	46,53126	-31,45784	46,53126
9380	-31,45784	46,53126	-31,45784	46,53126
9400	-31,45784	46,53126	-32,1132	46,53126
9420	-32,1132	46,53126	-32,11322	46,53126
9440	-32,1132	46,53126	-32,76858	46,53126
9460	-32,76857	46,53126	-32,76859	46,53126
9480	-32,76858	46,53126	-23,59346	46,53126
9500	-13,10755	46,53126	-10,48607	46,53126
9520	-11,14144	46,53126	-11,79682	46,53126
9540	-12,45218	46,53126	-12,45219	46,53126
9560	-13,10755	46,53126	-13,76291	46,53126
9580	-13,10755	46,53126	-13,76293	46,53126
9600	-13,76292	46,53126	-14,4183	46,53126
9620	-14,41829	46,53126	-15,07366	46,53126
9640	-15,07366	46,53126	-15,07367	46,53126
9660	-15,72903	46,53126	-16,3844	46,53126
9680	-16,3844	46,53126	-17,03977	46,53126
9700	-17,03977	46,53126	-17,03978	46,53126
9720	-17,69514	46,53126	-17,69516	46,53126
9740	-17,69516	46,53126	-18,35053	46,53126
9760	-18,35054	46,53126	-19,00592	46,53126
9780	-20,31664	46,53126	-20,31666	46,53126
9800	-41,94354	46,53126	-21,6274	46,53126
9820	-22,93812	46,53126	-24,24887	46,53126
9840	-25,55959	46,53126	-26,87034	46,53126
9860	-28,18106	46,53126	-29,49181	46,53126
9880	-31,45789	46,53126	-32,11326	46,53126
9900	-34,07933	46,53126	-34,7347	46,53126
9920	-35,39005	46,53126	-36,70078	46,53126
9940	-37,35613	46,53126	-38,0115	46,53126
9960	-38,01149	46,53126	-38,0115	46,53126
9980	-38,01149	46,53126	-37,35614	46,53126
10000	-37,35613	46,53126	-32,76862	46,53126
10020	-26,21497	46,53126	-24,24889	46,53126
10040	-24,90425	46,53126	-24,90426	46,53126
10060	-24,24889	46,53126	-24,24889	46,53126
10080	-24,24888	46,53126	-24,24888	46,53126
10100	-24,24887	46,53126	-23,59351	46,53126
10120	-23,5935	46,53126	-23,59095	46,53126
10140	-22,93812	46,53126	-22,28275	46,53126
10160	-21,62737	46,53126	-20,972	46,53126
10180	-19,66125	46,53126	-18,35052	46,53126
10200	-17,03977	46,53126	-15,07367	46,53126
10220	-13,76292	46,53126	-12,45219	46,53126
10240	-10,48608	46,53126	-9,17535	46,53126
10260	-8,51997	46,53126	-7,86461	46,53126
10280	-7,20924	46,53126	-7,20924	46,53126
10300	-7,20923	46,53126	-6,55388	46,53126
10320	-7,20923	46,53126	-7,20924	46,53126
10340	-8,51996	46,53126	-13,76291	46,53126
10360	-15,07366	46,53126	-14,41831	46,53126
10380	-14,4183	46,53126	-15,07368	46,53126
10400	-15,07367	46,53126	-15,07368	46,53126
10420	-15,07367	46,53126	-15,07368	46,53126
10440	-14,4183	46,53126	-14,41831	46,53126
10460	-14,4183	46,53126	-14,41831	46,53126
10480	-14,4183	46,53126	-14,41831	46,53126
10500	-15,07366	46,53126	-15,07368	46,53126
10520	-15,72903	46,53126	-15,72904	46,53126
10540	-16,38441	46,53126	-17,69514	46,53126
10560	-18,3505	46,53126	-19,00587	46,53126
10580	-19,66123	46,53126	-20,3166	46,53126
10600	-20,97195	46,53126	-20,97197	46,53126
10620	-21,62732	46,53126	-21,62733	46,53126
10640	-22,28268	46,53126	-22,28269	46,53126
10660	-22,28268	46,53126	-22,28269	46,53126
10680	-22,93805	46,53126	-22,93807	46,53126
10700	-22,93807	46,53126	-23,59345	46,53126
10720	-23,59345	46,53126	-24,90418	46,53126
10740	-24,90419	46,53126	-26,21492	46,53126
10760	-27,52565	46,53126	-28,18103	46,53126
10780	-29,49175	46,53126	-30,8025	46,53126
10800	-32,11322	46,53126	-33,42396	46,53126
10820	-34,73469	46,53126	-36,04542	46,53126
10840	-37,35613	46,53126	-38,66686	46,53126
10860	-39,97757	46,53126	-41,2883	46,53126
10880	-41,94365	46,53126	-41,94366	46,53126
10900	-41,94365	46,53126	-41,94366	46,53126
10920	-41,94365	46,53126	-41,94366	46,53126
10940	-41,94365	46,53126	-41,94366	46,53126
10960	-41,94365	46,53126	-41,94366	46,53126
10980	-41,94365	46,53126	-41,94366	46,53126
11000	-41,94365	46,53126	-41,94366	46,53126
11020	-41,94365	46,53126	-41,94366	46,53126
11040	-41,94365	46,53126	-41,94366	46,53126
11060	-41,94365	46,53126	-41,94366	46,53126
11080	-41,94365	46,53126	-41,94366	46,53126
11100	-41,94365	46,53126	-41,94366	46,53126
11120	-41,94365	46,53126	-41,94366	46,53126
11140	-41,94365	46,53126	-41,94366	46,53126
11160	-37,35613	46,53126	-36,70078	46,53126
11180	-36,70077	46,53126	-36,70077	46,53126
11200	-36,70076	46,53126	-36,04541	46,53126
11220	-36,04539	46,53126	-35,39003	46,53126
11240	-35,39001	46,53126	-34,73466	46,53126
11260	-34,73465	46,53126	-35,39001	46,53126
11280	-34,73463	46,53126	-35,39	46,53126
11300	-34,73462	46,53126	-34,73463	46,53126
11320	-34,73462	46,53126	-34,73463	46,53126
11340	-34,73461	46,53126	-34,73462	46,53126
11360	-35,38997	46,53126	-35,38998	46,53126
11380	-35,38998	46,53126	-35,38999	46,53126
11400	-35,38999	46,53126	-35,39	46,53126
11420	-35,39	46,53126	-35,39001	46,53126
11440	-35,39	46,53126	-36,04538	46,53126
11460	-36,70073	46,53126	-36,70074	46,53126
11480	-36,70074	46,53126	-37,35611	46,53126
11500	-38,01146	46,53126	-38,01147	46,53126
11520	-38,01147	46,53126	-38,66684	46,53126
11540	-38,66683	46,53126	-38,66685	46,53126
11560	-39,3222	46,53126	-38,66685	46,53126
11580	-39,3222	46,53126	-39,32221	46,53126
11600	-39,3222	46,53126	-37,35612	46,53126
11620	-36,70073	46,53126	-37,3561	46,53126
11640	-37,3561	46,53126	-37,35611	46,53126
11660	-38,01145	46,53126	-38,01147	46,53126
11680	-38,66681	46,53126	-38,66683	46,53126
11700	-38,66681	46,53126	-38,66682	46,53126
11720	-39,32217	46,53126	-38,66682	46,53126
11740	-39,32217	46,53126	-39,32217	46,53126
11760	-39,32217	46,53126	-39,32217	46,53126
11780	-39,32216	46,53126	-39,32217	46,53126
11800	-39,32216	46,53126	-39,97752	46,53126
11820	-39,97751	46,53126	-39,97752	46,53126
11840	-39,97751	46,53126	-39,32215	46,53126
11860	-31,45774	46,53126	-23,59333	46,53126
11880	-21,62722	46,53126	-21,62723	46,53126
11900	-22,28258	46,53126	-22,28259	46,53126
11920	-22,28258	46,53126	-22,28259	46,53126
11940	-22,28258	46,53126	-22,28259	46,53126
11960	-22,28258	46,53126	-22,28259	46,53126
11980	-22,28258	46,53126	-22,93795	46,53126
12000	-22,93794	46,53126	-23,59331	46,53126
12020	-22,93793	46,53126	-24,24866	46,53126
12040	-23,59329	46,53126	-23,5933	46,53126
12060	-23,59329	46,53126	-23,5933	46,53126
12080	-24,24866	46,53126	-23,59331	46,53126
12100	-22,93794	46,53126	-22,93795	46,53126
12120	-22,93795	46,53126	-22,28259	46,53126
12140	-22,28259	46,53126	-22,2826	46,53126
12160	-22,28258	46,53126	-22,28259	46,53126
12180	-22,28258	46,53126	-22,28259	46,53126
12200	-22,28258	46,53126	-22,28259	46,53126
12220	-22,28258	46,53126	-22,28259	46,53126
12240	-22,28258	46,53126	-22,28258	46,53126
12260	-20,31649	46,53126	-9,8306	46,53126
12280	-1,31079	46,53126	1,31068	46,53126
12300	0,65531	46,53126	0,6553	46,53126
12320	-4,9999999994554E-5	46,53126	-5,9999999997729E-5	46,53126
12340	-4,9999999994554E-5	46,53126	-5,9999999997729E-5	46,53126
12360	-4,9999999994554E-5	46,53126	-7,0000000000903E-5	46,53126
12380	0,65531	46,53126	-7,0000000000903E-5	46,53126
12400	-5,9999999997729E-5	46,53126	-7,0000000000903E-5	46,53126
12420	-5,9999999997729E-5	46,53126	-7,0000000000903E-5	46,53126
12440	-5,9999999997729E-5	46,53126	-7,0000000000903E-5	46,53126
12460	-7,0000000000903E-5	46,53126	-8,0000000004077E-5	46,53126
12480	-7,0000000000903E-5	46,53126	0,65527	46,53126
12500	-9,0000000000146E-5	46,53126	0,65526	46,53126
12520	1,31061	46,53126	1,96597	46,53126
12540	1,96597	46,53126	1,96596	46,53126
12560	2,62132	46,53126	2,6213	46,53126
12580	3,27667	46,53126	3,27666	46,53126
12600	3,27666	46,53126	3,27665	46,53126
12620	3,93202	46,53126	3,93201	46,53126
12640	3,93202	46,53126	4,58737	46,53126
12660	3,93202	46,53126	3,93201	46,53126
12680	4,58737	46,53126	4,58736	46,53126
12700	3,93201	46,53126	4,58736	46,53126
12720	4,58737	46,53126	4,58736	46,53126
12740	4,58737	46,53126	4,58736	46,53126
12760	4,58737	46,53126	4,58736	46,53126
12780	4,58736	46,53126	5,24271	46,53126
12800	5,24271	46,53126	5,2427	46,53126
12820	5,89806	46,53126	5,89806	46,53126
12840	5,89807	46,53126	5,89805	46,53126
12860	5,89806	46,53126	5,89805	46,53126
12880	5,89806	46,53126	5,89806	46,53126
12900	6,55343	46,53126	6,55342	46,53126
12920	5,89807	46,53126	5,89806	46,53126
12940	7,2088	46,53126	13,76247	46,53126
12960	14,41786	46,53126	13,76247	46,53126
12980	13,76247	46,53126	13,76247	46,53126
13000	13,10712	46,53126	13,10711	46,53126
13020	13,10713	46,53126	12,45175	46,53126
13040	12,45177	46,53126	12,45176	46,53126
13060	11,79641	46,53126	11,7964	46,53126
13080	11,14105	46,53126	11,14104	46,53126
13100	10,4857	46,53126	10,48568	46,53126
13120	9,83033	46,53126	9,83033	46,53126
13140	9,83034	46,53126	9,17497	46,53126
13160	9,17498	46,53126	9,17498	46,53126
13180	9,17498	46,53126	9,17497	46,53126
13200	9,17498	46,53126	8,51962	46,53126
13220	9,17499	46,53126	8,51962	46,53126
13240	9,17499	46,53126	9,17498	46,53126
13260	9,175	46,53126	9,17499	46,53126
13280	9,175	46,53126	8,51963	46,53126
13300	9,175	46,53126	9,17499	46,53126
13320	9,175	46,53126	9,17498	46,53126
13340	9,17499	46,53126	9,17498	46,53126
13360	9,17499	46,53126	9,83033	46,53126
13380	8,5196	46,53126	6,55347	46,53126
13400	6,55348	46,53126	7,20883	46,53126
13420	7,20883	46,53126	7,20882	46,53126
13440	7,20883	46,53126	7,20882	46,53126
13460	7,20883	46,53126	7,20882	46,53126
13480	6,55347	46,53126	7,20882	46,53126
13500	7,20882	46,53126	7,86417	46,53126
13520	7,86418	46,53126	8,51953	46,53126
13540	8,51953	46,53126	9,17488	46,53126
13560	8,51953	46,53126	8,51952	46,53126
13580	9,17489	46,53126	8,51952	46,53126
13600	8,51953	46,53126	17,69466	46,53126
13620	27,52522	46,53126	32,76816	46,53126
13640	31,45743	46,53126	30,80204	46,53126
13660	30,80205	46,53126	30,14668	46,53126
13680	30,14669	46,53126	30,14668	46,53126
13700	30,14669	46,53126	29,49132	46,53126
13720	29,49133	46,53126	28,83596	46,53126
13740	28,83597	46,53126	28,18061	46,53126
13760	27,52526	46,53126	27,52525	46,53126
13780	27,52526	46,53126	26,86989	46,53126
13800	26,21454	46,53126	26,21453	46,53126
13820	25,55918	46,53126	24,24844	46,53126
13840	23,59309	46,53126	22,93771	46,53126
13860	22,28235	46,53126	20,97161	46,53126
13880	19,66089	46,53126	18,35015	46,53126
13900	17,03942	46,53126	15,72868	46,53126
13920	14,41795	46,53126	13,1072	46,53126
13940	11,14112	46,53126	9,83037	46,53126
13960	8,51965	46,53126	7,2089	46,53126
13980	5,89817	46,53126	5,24278	46,53126
14000	3,93206	46,53126	3,27668	46,53126
14020	2,62132	46,53126	1,31058	46,53126
14040	0,65522	46,53126	-0,65552	46,53126
14060	-1,96624	46,53126	-3,27698	46,53126
14080	-5,24308	46,53126	-6,55383	46,53126
14100	-7,86455	46,53126	-9,1753	46,53126
14120	-10,48602	46,53126	-12,45213	46,53126
14140	-13,10748	46,53126	-14,41822	46,53126
14160	-15,07358	46,53126	-15,72896	46,53126
14180	-15,72897	46,53126	-16,38434	46,53126
14200	-16,38434	46,53126	-17,03971	46,53126
14220	-17,0397	46,53126	-17,0397	46,53126
14240	-17,69505	46,53126	-17,0397	46,53126
14260	-17,03968	46,53126	-17,03969	46,53126
14280	-17,03967	46,53126	-17,03968	46,53126
14300	-17,03966	46,53126	-17,03966	46,53126
14320	-17,03964	46,53126	-17,03965	46,53126
14340	-17,69499	46,53126	-18,35036	46,53126
14360	-18,35035	46,53126	-18,35035	46,53126
14380	-19,00569	46,53126	-19,66105	46,53126
14400	-19,66103	46,53126	-20,31639	46,53126
14420	-20,31638	46,53126	-20,97175	46,53126
14440	-20,97173	46,53126	-20,97173	46,53126
14460	-20,97172	46,53126	-21,62709	46,53126
14480	-21,62707	46,53126	-20,97172	46,53126
14500	-21,62707	46,53126	-20,97172	46,53126
14520	-20,97171	46,53126	-20,97171	46,53126
14540	-20,9717	46,53126	-20,97171	46,53126
14560	-20,9717	46,53126	-20,9717	46,53126
14580	-19,66096	46,53126	-13,76265	46,53126
14600	-11,79653	46,53126	-11,79655	46,53126
14620	-11,79654	46,53126	-11,79654	46,53126
14640	-11,79653	46,53126	-11,79654	46,53126
14660	-11,79653	46,53126	-11,79654	46,53126
14680	-11,14117	46,53126	-11,14117	46,53126
14700	-11,14116	46,53126	-11,14117	46,53126
14720	-11,79652	46,53126	-11,79652	46,53126
14740	-11,79652	46,53126	-11,79652	46,53126
14760	-11,79651	46,53126	-11,79652	46,53126
14780	-11,79651	46,53126	-11,79652	46,53126
14800	-11,79651	46,53126	-11,14116	46,53126
14820	-11,14115	46,53126	-10,48581	46,53126
14840	-10,48581	46,53126	-6,55362	46,53126
14860	-2,62138	46,53126	-0,65529	46,53126
14880	-1,31065	46,53126	-0,6553	46,53126
14900	-1,31065	46,53126	-1,31066	46,53126
14920	-0,65529	46,53126	-0,6553	46,53126
14940	-0,65529	46,53126	-0,6553	46,53126
14960	-0,6553	46,53126	-0,6553	46,53126
14980	-0,65529	46,53126	-0,65531	46,53126
15000	-0,65529	46,53126	-0,65531	46,53126
15020	6,0000000004834E-5	46,53126	5,000000000166E-5	46,53126
15040	-0,6553	46,53126	-0,65531	46,53126
15060	-0,6553	46,53126	1,31079	46,53126
15080	4,58765	46,53126	3,93227	46,53126
15100	3,93227	46,53126	3,93226	46,53126
15120	3,93227	46,53126	3,93226	46,53126
15140	3,93226	46,53126	3,93226	46,53126
15160	3,93226	46,53126	3,93225	46,53126
15180	3,93226	46,53126	4,58761	46,53126
15200	4,58762	46,53126	4,58761	46,53126
15220	4,58761	46,53126	4,58761	46,53126
15240	4,58762	46,53126	4,58761	46,53126
15260	4,58761	46,53126	4,58761	46,53126
15280	4,58761	46,53126	4,58761	46,53126
15300	4,58762	46,53126	5,24297	46,53126
15320	5,24299	46,53126	0,65542	46,53126
15340	-23,59317	46,53126	-41,9436	46,53126
15360	-41,94365	46,53126	-41,94366	46,53126
15380	-41,94365	46,53126	-41,94366	46,53126
15400	-41,94365	46,53126	-41,94366	46,53126
15420	-41,94365	46,53126	-41,94366	46,53126
15440	-41,94365	46,53126	-41,94366	46,53126
15460	-41,94365	46,53126	-41,94366	46,53126
15480	-41,94365	46,53126	-41,94366	46,53126
15500	-41,94365	46,53126	-41,94366	46,53126
15520	-41,94365	46,53126	-41,94366	46,53126
15540	-41,94365	46,53126	-41,94366	46,53126
15560	-41,94365	46,53126	-41,94366	46,53126
15580	-41,94365	46,53126	-41,94366	46,53126
15600	-41,94365	46,53126	-41,94366	46,53126
15620	-41,94365	46,53126	-41,94366	46,53126
15640	-41,94365	46,53126	-41,94366	46,53126
15660	-41,94365	46,53126	-41,94366	46,53126
15680	-41,94365	46,53126	-41,94366	46,53126
15700	-41,94365	46,53126	-41,94366	46,53126
15720	-41,94365	46,53126	-41,94366	46,53126
15740	-41,94365	46,53126	-41,94366	46,53126
15760	-41,94365	46,53126	-41,94366	46,53126
15780	-41,94365	46,53126	-41,94366	46,53126
15800	-41,94365	46,53126	-41,94366	46,53126
15820	-41,94365	46,53126	-41,94366	46,53126
15840	-41,94365	46,53126	-41,94366	46,53126
15860	-41,94365	46,53126	-41,94366	46,53126
15880	-41,94364	46,53126	-41,94364	46,53126
15900	-41,94363	46,53126	-41,94362	46,53126
15920	-41,94361	46,53126	-41,28825	46,53126
15940	-40,63287	46,53126	-39,97751	46,53126
15960	-39,32214	46,53126	-38,66678	46,53126
15980	-38,66676	46,53126	-38,0114	46,53126
16000	-38,66676	46,53126	-41,94361	46,53126
16020	-41,9436	46,53126	-41,28824	46,53126
16040	-40,63287	46,53126	-41,28823	46,53126
16060	-40,63286	46,53126	-40,63287	46,53126
16080	-40,63286	46,53126	-41,28822	46,53126
16100	-40,63285	46,53126	-41,28822	46,53126
16120	-41,28821	46,53126	-41,28822	46,53126
16140	-41,28822	46,53126	-41,28824	46,53126
16160	-41,28823	46,53126	-41,28824	46,53126
16180	-41,94359	46,53126	-41,9436	46,53126
16200	-41,94105	46,53126	-41,9436	46,53126
16220	-41,9436	46,53126	-41,94361	46,53126
16240	-41,94361	46,53126	-41,94363	46,53126
16260	-41,94362	46,53126	-41,94364	46,53126
16280	-41,94364	46,53126	-41,94366	46,53126
16300	-41,94365	46,53126	-41,94366	46,53126
16320	-41,94365	46,53126	-41,94366	46,53126
16340	-41,94365	46,53126	-41,94366	46,53126
16360	-41,94365	46,53126	-41,94366	46,53126
16380	-41,94365	46,53126	-41,94366	46,53126
16400	-41,94365	46,53126	-41,94366	46,53126
16420	-41,94365	46,53126	-41,94366	46,53126
16440	-41,94365	46,53126	-41,94366	46,53126
16460	-41,94365	46,53126	-41,94366	46,53126
16480	-41,94365	46,53126	-41,94366	46,53126
16500	-41,94365	46,53126	-41,94366	46,53126
16520	-41,94365	46,53126	-41,94366	46,53126
16540	-41,94365	46,53126	-41,94366	46,53126
16560	-41,94365	46,53126	-41,94366	46,53126
16580	-41,94365	46,53126	-41,94366	46,53126
16600	-41,94365	46,53126	-41,94366	46,53126
16620	-41,94365	46,53126	-41,94366	46,53126
16640	-41,94365	46,53126	-41,94366	46,53126
16660	-41,94365	46,53126	-41,94366	46,53126
16680	-41,94365	46,53126	-41,94365	46,53126
16700	-41,94364	46,53126	-41,94365	46,53126
16720	-41,94363	46,53126	-41,94364	46,53126
16740	-41,94363	46,53126	-41,94363	46,53126
16760	-41,94362	46,53126	-41,94363	46,53126
16780	-41,94362	46,53126	-41,94364	46,53126
16800	-41,94362	46,53126	-41,94364	46,53126
16820	-41,94363	46,53126	-41,94364	46,53126
16840	-41,94363	46,53126	-41,94365	46,53126
16860	-41,94364	46,53126	-41,94365	46,53126
16880	-41,94365	46,53126	-41,94366	46,53126
16900	-41,94365	46,53126	-41,94366	46,53126
16920	-41,94365	46,53126	-41,94366	46,53126
16940	-41,94365	46,53126	-41,94366	46,53126
16960	-41,94365	46,53126	-41,94366	46,53126
16980	-41,94365	46,53126	-41,94366	46,53126
17000	-37,35605	46,53126	-34,07922	46,53126
17020	-36,04532	46,53126	-37,35607	46,53126
17040	-38,01143	46,53126	-38,66681	46,53126
17060	-39,32217	46,53126	-39,32219	46,53126
17080	-39,32219	46,53126	-39,97756	46,53126
17100	-39,97756	46,53126	-40,63294	46,53126
17120	-40,63293	46,53126	-41,2883	46,53126
17140	-41,28829	46,53126	-41,2883	46,53126
17160	-41,28829	46,53126	-41,2883	46,53126
17180	-41,28829	46,53126	-41,2883	46,53126
17200	-41,28829	46,53126	-41,94366	46,53126
17220	-41,28829	46,53126	-41,94366	46,53126
17240	-41,28829	46,53126	-41,2883	46,53126
17260	-41,28827	46,53126	-41,28829	46,53126
17280	-41,28827	46,53126	-40,63292	46,53126
17300	-40,6329	46,53126	-39,97755	46,53126
17320	-39,97753	46,53126	-39,97754	46,53126
17340	-39,97752	46,53126	-37,35607	46,53126
17360	-32,76848	46,53126	-32,76849	46,53126
17380	-33,42385	46,53126	-33,42386	46,53126
17400	-33,42385	46,53126	-33,42385	46,53126
17420	-33,42384	46,53126	-33,42385	46,53126
17440	-33,42384	46,53126	-33,42385	46,53126
17460	-32,76848	46,53126	-32,7685	46,53126
17480	-32,76849	46,53126	-32,7685	46,53126
17500	-32,76849	46,53126	-32,7685	46,53126
17520	-32,76849	46,53126	-33,42386	46,53126
17540	-32,76849	46,53126	-38,01142	46,53126
17560	-41,94365	46,53126	-41,94366	46,53126
17580	-41,94365	46,53126	-41,94366	46,53126
17600	-41,94365	46,53126	-41,94366	46,53126
17620	-41,94365	46,53126	-41,94366	46,53126
17640	-41,94365	46,53126	-41,94366	46,53126
17660	-41,94365	46,53126	-41,94366	46,53126
17680	-41,94365	46,53126	-41,94366	46,53126
17700	-41,94365	46,53126	-41,94366	46,53126
17720	-41,94365	46,53126	-41,94366	46,53126
17740	-41,94365	46,53126	-41,94366	46,53126
17760	-41,94365	46,53126	-41,94366	46,53126
17780	-41,94365	46,53126	-41,94366	46,53126
17800	-41,94365	46,53126	-41,94366	46,53126
17820	-41,94365	46,53126	-41,94366	46,53126
17840	-41,94365	46,53126	-41,94366	46,53126
17860	-41,94365	46,53126	-41,94366	46,53126
17880	-41,94365	46,53126	-41,94366	46,53126
17900	-41,94365	46,53126	-41,94366	46,53126
17920	-41,94365	46,53126	-41,94366	46,53126
17940	-41,94365	46,53126	-41,94366	46,53126
17960	-41,94365	46,53126	-41,94366	46,53126
17980	-41,94365	46,53126	-41,94366	46,53126
18000	-41,94365	46,53126	-41,94366	46,53126
18020	-41,94365	46,53126	-41,94366	46,53126
18040	-41,94365	46,53126	-41,94366	46,53126
18060	-41,94365	46,53126	-41,94366	46,53126
18080	-41,94365	46,53126	-41,94366	46,53126
18100	-41,94365	46,53126	-41,94366	46,53126
18120	-41,94365	46,53126	-41,94366	46,53126
18140	-41,94365	46,53126	-41,94366	46,53126
18160	-41,94365	46,53126	-41,94366	46,53126
18180	-41,94365	46,53126	-41,94366	46,53126
18200	-41,94365	46,53126	-41,94366	46,53126
18220	-41,94365	46,53126	-41,94366	46,53126
18240	-41,94365	46,53126	-41,94366	46,53126
18260	-41,94365	46,53126	-41,94366	46,53126
18280	-41,94365	46,53126	-41,94366	46,53126
18300	-41,94365	46,53126	-41,94366	46,53126
18320	-41,94365	46,53126	-41,94366	46,53126
18340	-41,94365	46,53126	-41,94366	46,53126
18360	-41,94365	46,53126	-41,94366	46,53126
18380	-41,94365	46,53126	-41,94366	46,53126
18400	-41,94365	46,53126	-39,97757	46,53126
18420	-34,73461	46,53126	-34,07926	46,53126
18440	-35,38999	46,53126	-35,38999	46,53126
18460	-35,38999	46,53126	-36,04536	46,53126
18480	-36,04535	46,53126	-36,04536	46,53126
18500	-36,04536	46,53126	-36,70073	46,53126
18520	-41,9436	46,53126	-36,70074	46,53126
18540	-37,35609	46,53126	-37,3561	46,53126
18560	-38,01146	46,53126	-38,66683	46,53126
18580	-38,66682	46,53126	-38,66684	46,53126
18600	-39,32219	46,53126	-39,3222	46,53126
18620	-39,97756	46,53126	-39,97757	46,53126
18640	-39,97757	46,53126	-39,97757	46,53126
18660	-39,97756	46,53126	-40,63293	46,53126
18680	-40,63293	46,53126	-39,97757	46,53126
18700	-40,63291	46,53126	-41,28828	46,53126
18720	-41,28826	46,53126	-41,28827	46,53126
18740	-41,28826	46,53126	-41,28827	46,53126
18760	-41,28826	46,53126	-41,28827	46,53126
18780	-41,28826	46,53126	-41,28827	46,53126
18800	-41,28826	46,53126	-41,28826	46,53126
18820	-41,28825	46,53126	-40,6329	46,53126
18840	-40,63289	46,53126	-40,63289	46,53126
18860	-40,63288	46,53126	-40,63288	46,53126
18880	-40,63287	46,53126	-40,63288	46,53126
18900	-41,28823	46,53126	-41,9436	46,53126
18920	-41,94357	46,53126	-41,94357	46,53126
18940	-41,94354	46,53126	-41,94352	46,53126
18960	-41,9435	46,53126	-41,94349	46,53126
18980	-41,94347	46,53126	-41,94346	46,53126
19000	-41,94345	46,53126	-41,94345	46,53126
19020	-41,94345	46,53126	-41,94347	46,53126
19040	-41,94347	46,53126	-41,94348	46,53126
19060	-41,94348	46,53126	-41,94351	46,53126
19080	-41,9435	46,53126	-41,94352	46,53126
19100	-41,94352	46,53126	-41,94354	46,53126
19120	-41,94354	46,53126	-41,94356	46,53126
19140	-41,94356	46,53126	-41,94358	46,53126
19160	-41,94358	46,53126	-41,94359	46,53126
19180	-41,94358	46,53126	-41,9436	46,53126
19200	-41,9436	46,53126	-41,94361	46,53126
19220	-41,94361	46,53126	-41,94362	46,53126
19240	-41,94361	46,53126	-41,94362	46,53126
19260	-41,94362	46,53126	-41,94363	46,53126
19280	-41,94362	46,53126	-41,94364	46,53126
19300	-41,94363	46,53126	-41,94363	46,53126
19320	-41,94363	46,53126	-41,94364	46,53126
19340	-41,94363	46,53126	-41,94363	46,53126
19360	-41,94363	46,53126	-41,94363	46,53126
19380	-41,94363	46,53126	-41,94364	46,53126
19400	-41,94363	46,53126	-41,94364	46,53126
19420	-41,94363	46,53126	-41,94364	46,53126
19440	-41,94362	46,53126	-41,94358	46,53126
19460	-39,97745	46,53126	-40,63284	46,53126
19480	-40,63284	46,53126	-41,2882	46,53126
19500	-40,63284	46,53126	-41,2882	46,53126
19520	-41,94356	46,53126	-41,2882	46,53126
19540	-41,28819	46,53126	-41,94356	46,53126
19560	-41,94356	46,53126	-41,94356	46,53126
19580	-41,94355	46,53126	-41,2882	46,53126
19600	-41,2882	46,53126	-40,63285	46,53126
19620	-40,63284	46,53126	-40,63285	46,53126
19640	-40,63284	46,53126	-39,97749	46,53126
19660	-40,63284	46,53126	-40,63285	46,53126
19680	-36,70065	46,53126	-26,87013	46,53126
19700	-22,28253	46,53126	-20,31645	46,53126
19720	-20,97181	46,53126	-21,62718	46,53126
19740	-21,62717	46,53126	-21,62718	46,53126
19760	-22,28254	46,53126	-22,28255	46,53126
19780	-22,28254	46,53126	-22,28255	46,53126
19800	-22,9379	46,53126	-22,28255	46,53126
19820	-22,9379	46,53126	-22,93791	46,53126
19840	-22,9379	46,53126	-22,93791	46,53126
19860	-23,59326	46,53126	-23,59327	46,53126
19880	-22,9379	46,53126	-22,93791	46,53126
19900	-23,59326	46,53126	-23,59327	46,53126
19920	-23,59327	46,53126	-23,59327	46,53126
19940	-24,24862	46,53126	-24,24863	46,53126
19960	-24,24863	46,53126	-24,24863	46,53126
19980	-24,24863	46,53126	-24,24864	46,53126
20000	-24,24862	46,53126	-24,90399	46,53126
20020	-24,90399	46,53126	-24,24863	46,53126
20040	-24,24862	46,53126	-24,24863	46,53126
20060	-24,24863	46,53126	-24,24863	46,53126
20080	-24,24862	46,53126	-24,24863	46,53126
20100	-25,55935	46,53126	-30,14694	46,53126
20120	-30,80231	46,53126	-30,14695	46,53126
20140	-30,14694	46,53126	-30,14696	46,53126
20160	-30,80231	46,53126	-30,80231	46,53126
20180	-30,8023	46,53126	-30,80231	46,53126
20200	-31,45766	46,53126	-31,45766	46,53126
20220	-31,45766	46,53126	-32,11302	46,53126
20240	-32,11302	46,53126	-32,76838	46,53126
20260	-32,76837	46,53126	-32,76839	46,53126
20280	-32,76838	46,53126	-32,11304	46,53126
20300	-32,76839	46,53126	-32,11304	46,53126
20320	-32,11303	46,53126	-32,11049	46,53126
20340	-32,76839	46,53126	-32,11304	46,53126
20360	-32,11303	46,53126	-32,11304	46,53126
20380	-32,11303	46,53126	-32,11304	46,53126
20400	-32,11303	46,53126	-31,45768	46,53126
20420	-32,11303	46,53126	-31,45768	46,53126
20440	-31,45767	46,53126	-31,45768	46,53126
20460	-31,45767	46,53126	-31,45768	46,53126
20480	-31,45767	46,53126	-30,80232	46,53126
20500	-30,80231	46,53126	-30,80232	46,53126
20520	-31,45767	46,53126	-30,80232	46,53126
20540	-30,80231	46,53126	-30,80231	46,53126
20560	-30,14694	46,53126	-30,14695	46,53126
20580	-30,8023	46,53126	-30,14695	46,53126
20600	-30,14694	46,53126	-30,14695	46,53126
20620	-30,14693	46,53126	-30,14694	46,53126
20640	-30,14693	46,53126	-30,14694	46,53126
20660	-30,14693	46,53126	-30,14694	46,53126
20680	-30,14693	46,53126	-30,8023	46,53126
20700	-30,80229	46,53126	-30,8023	46,53126
20720	-30,80229	46,53126	-30,8023	46,53126
20740	-30,80229	46,53126	-30,8023	46,53126
20760	-31,45765	46,53126	-31,45766	46,53126
20780	-31,45765	46,53126	-31,45766	46,53126
20800	-31,45765	46,53126	-31,45766	46,53126
20820	-31,45765	46,53126	-32,11302	46,53126
20840	-32,11301	46,53126	-32,11302	46,53126
20860	-32,11301	46,53126	-32,11302	46,53126
20880	-32,76837	46,53126	-32,76838	46,53126
20900	-32,76837	46,53126	-33,42374	46,53126
20920	-27,52543	46,53126	-22,93785	46,53126
20940	-22,93785	46,53126	-23,59323	46,53126
20960	-23,59322	46,53126	-24,24858	46,53126
20980	-24,24858	46,53126	-24,24858	46,53126
21000	-24,24857	46,53126	-24,24858	46,53126
21020	-23,59322	46,53126	-24,24858	46,53126
21040	-23,59322	46,53126	-24,24858	46,53126
21060	-24,24858	46,53126	-24,24858	46,53126
21080	-24,90393	46,53126	-24,90394	46,53126
21100	-24,90393	46,53126	-24,90394	46,53126
21120	-24,90393	46,53126	-24,90394	46,53126
21140	-24,90393	46,53126	-24,90394	46,53126
21160	-24,90393	46,53126	-25,55931	46,53126
21180	-25,5593	46,53126	-24,90395	46,53126
21200	-25,5593	46,53126	-24,90395	46,53126
21220	-25,5593	46,53126	-25,55931	46,53126
21240	-25,5593	46,53126	-25,55931	46,53126
21260	-25,5593	46,53126	-25,5593	46,53126
21280	-24,90394	46,53126	-24,90395	46,53126
21300	-25,5593	46,53126	-24,90394	46,53126
21320	-24,90394	46,53126	-24,24859	46,53126
21340	-24,24858	46,53126	-24,24859	46,53126
21360	-24,24858	46,53126	-24,24858	46,53126
21380	-24,24858	46,53126	-24,24859	46,53126
21400	-24,24858	46,53126	-23,59322	46,53126
21420	-23,59321	46,53126	-23,59322	46,53126
21440	-23,59322	46,53126	-23,59323	46,53126
21460	-23,59322	46,53126	-23,59322	46,53126
21480	-23,59322	46,53126	-23,59322	46,53126
21500	-22,93786	46,53126	-22,93786	46,53126
21520	-16,38418	46,53126	-12,45198	46,53126
21540	-13,10733	46,53126	-13,10736	46,53126
21560	-13,10735	46,53126	-13,10736	46,53126
21580	-13,76271	46,53126	-13,10736	46,53126
21600	-13,10736	46,53126	-13,76272	46,53126
21620	-14,41808	46,53126	-14,41809	46,53126
21640	-14,41808	46,53126	-14,41809	46,53126
21660	-15,07344	46,53126	-15,72881	46,53126
21680	-15,07345	46,53126	-15,72881	46,53126
21700	-16,38417	46,53126	-16,38417	46,53126
21720	-16,38417	46,53126	-15,72881	46,53126
21740	-15,72881	46,53126	-15,07346	46,53126
21760	-15,07345	46,53126	-14,4181	46,53126
21780	-14,41809	46,53126	-14,41809	46,53126
21800	-14,41809	46,53126	-14,41809	46,53126
21820	-14,41808	46,53126	-14,41809	46,53126
21840	-14,41807	46,53126	-14,41808	46,53126
21860	-14,41807	46,53126	-16,38417	46,53126
21880	-18,35027	46,53126	-17,69492	46,53126
21900	-17,69491	46,53126	-17,03956	46,53126
21920	-17,03955	46,53126	-17,03956	46,53126
21940	-17,03955	46,53126	-17,03956	46,53126
21960	-17,69491	46,53126	-17,03957	46,53126
21980	-17,69491	46,53126	-17,69492	46,53126
22000	-17,69491	46,53126	-17,69492	46,53126
22020	-17,69491	46,53126	-17,69492	46,53126
22040	-17,69491	46,53126	-18,35028	46,53126
22060	-17,69491	46,53126	-18,35028	46,53126
22080	-18,35027	46,53126	-17,69492	46,53126
22100	-18,35027	46,53126	-18,35028	46,53126
22120	-18,35027	46,53126	-18,35028	46,53126
22140	-12,45197	46,53126	-3,27681	46,53126
22160	1,31079	46,53126	1,96615	46,53126
22180	0,65542	46,53126	0,65542	46,53126
22200	0,65543	46,53126	0,65541	46,53126
22220	0,65542	46,53126	0,65542	46,53126
22240	0,65543	46,53126	0,65541	46,53126
22260	0,65543	46,53126	0,65542	46,53126
22280	6,0000000004834E-5	46,53126	5,9999999997729E-5	46,53126
22300	6,0000000004834E-5	46,53126	5,9999999997729E-5	46,53126
22320	-0,6553	46,53126	5,000000000166E-5	46,53126
22340	-0,6553	46,53126	-0,65532	46,53126
22360	-1,31067	46,53126	-1,31068	46,53126
22380	-1,31068	46,53126	-1,96605	46,53126
22400	-1,96604	46,53126	-1,96606	46,53126
22420	-2,62141	46,53126	-2,62142	46,53126
22440	-2,62141	46,53126	-1,96607	46,53126
22460	-1,31071	46,53126	-1,0000000003174E-5	46,53126
22480	1,31071	46,53126	2,62141	46,53126
22500	3,93213	46,53126	5,24284	46,53126
22520	6,55356	46,53126	7,86427	46,53126
22540	8,51963	46,53126	9,17497	46,53126
22560	9,17497	46,53126	9,17496	46,53126
22580	8,5196	46,53126	8,51958	46,53126
22600	7,86423	46,53126	7,86421	46,53126
22620	7,20886	46,53126	6,55349	46,53126
22640	6,5535	46,53126	5,24278	46,53126
22660	5,24279	46,53126	4,58742	46,53126
22680	4,58743	46,53126	3,93206	46,53126
22700	3,27671	46,53126	2,62135	46,53126
22720	2,62136	46,53126	1,96599	46,53126
22740	1,31064	46,53126	1,31063	46,53126
22760	0,65529	46,53126	0,65528	46,53126
22780	-7,0000000000903E-5	46,53126	-8,0000000004077E-5	46,53126
22800	-0,65543	46,53126	-0,65544	46,53126
22820	-0,65542	46,53126	-0,65543	46,53126
22840	-0,65541	46,53126	-0,65542	46,53126
22860	-1,31077	46,53126	-1,31077	46,53126
22880	-1,31076	46,53126	-1,31077	46,53126
22900	-1,31075	46,53126	-1,31076	46,53126
22920	-1,96611	46,53126	-1,96611	46,53126
22940	-1,9661	46,53126	-2,62146	46,53126
22960	-2,62146	46,53126	-2,62146	46,53126
22980	-2,62145	46,53126	-3,27682	46,53126
23000	-3,27681	46,53126	-3,27682	46,53126
23020	-3,27681	46,53126	-3,27682	46,53126
23040	-3,93216	46,53126	-3,93217	46,53126
23060	-3,2768	46,53126	-3,27681	46,53126
23080	-3,93216	46,53126	-3,93217	46,53126
23100	-3,93216	46,53126	-3,93217	46,53126
23120	-3,93216	46,53126	-3,93217	46,53126
23140	-3,27681	46,53126	-3,93218	46,53126
23160	-3,27681	46,53126	-2,62147	46,53126
23180	-2,62146	46,53126	-1,96612	46,53126
23200	-2,62147	46,53126	-1,96612	46,53126
23220	-1,96612	46,53126	-1,96612	46,53126
23240	-9,9999999960687E-6	46,53126	4,58757	46,53126
23260	4,58758	46,53126	3,27684	46,53126
23280	2,62149	46,53126	2,62149	46,53126
23300	1,96614	46,53126	1,31077	46,53126
23320	1,31078	46,53126	0,65542	46,53126
23340	0,65542	46,53126	0,65542	46,53126
23360	7,0000000000903E-5	46,53126	-0,6553	46,53126
23380	-0,65528	46,53126	-1,31064	46,53126
23400	-1,31063	46,53126	-2,62135	46,53126
23420	-2,62135	46,53126	-2,62135	46,53126
23440	-2,62134	46,53126	-3,2767	46,53126
23460	-3,27669	46,53126	-3,27669	46,53126
23480	-3,93204	46,53126	-3,93205	46,53126
23500	-3,93204	46,53126	-3,93205	46,53126
23520	-3,93204	46,53126	-3,93205	46,53126
23540	-3,93205	46,53126	-3,93206	46,53126
23560	-3,27669	46,53126	-3,2767	46,53126
23580	-3,27669	46,53126	-2,62133	46,53126
23600	1,96624	46,53126	1,96624	46,53126
23620	1,31087	46,53126	1,31086	46,53126
23640	0,65551	46,53126	0,6555	46,53126
23660	0,65551	46,53126	0,00014000000000181	46,53126
23680	0,00015000000000498	46,53126	0,00014000000000181	46,53126
23700	0,00015000000000498	46,53126	0,00014000000000181	46,53126
23720	-0,65522	46,53126	-0,65523	46,53126
23740	-0,65523	46,53126	-0,65524	46,53126
23760	-1,31059	46,53126	-1,3106	46,53126
23780	-1,31059	46,53126	-1,31061	46,53126
23800	-1,3106	46,53126	-1,31061	46,53126
23820	-1,96596	46,53126	-1,96597	46,53126
23840	-1,31061	46,53126	-1,96598	46,53126
23860	-1,96597	46,53126	-1,96598	46,53126
23880	-1,96597	46,53126	-1,96598	46,53126
23900	-1,31061	46,53126	-1,31063	46,53126
23920	-0,65526	46,53126	7,9999999996971E-5	46,53126
23940	9,0000000000146E-5	46,53126	7,9999999996971E-5	46,53126
23960	8,0000000004077E-5	46,53126	0,65543	46,53126
23980	8,0000000004077E-5	46,53126	0,65543	46,53126
24000	0,65544	46,53126	3,93225	46,53126
24020	10,48596	46,53126	14,41816	46,53126
24040	15,7289	46,53126	15,72889	46,53126
24060	16,38425	46,53126	16,38424	46,53126
24080	17,03961	46,53126	17,0396	46,53126
24100	17,69497	46,53126	18,35032	46,53126
24120	18,35032	46,53126	19,00567	46,53126
24140	19,00568	46,53126	19,00567	46,53126
24160	19,66103	46,53126	19,66102	46,53126
24180	19,66102	46,53126	20,31637	46,53126
24200	24,24857	46,53126	28,83615	46,53126
24220	28,83614	46,53126	28,83611	46,53126
24240	28,83611	46,53126	28,8361	46,53126
24260	28,83609	46,53126	29,49144	46,53126
24280	29,49145	46,53126	29,49144	46,53126
24300	29,49144	46,53126	30,14679	46,53126
24320	29,49143	46,53126	30,14678	46,53126
24340	29,49142	46,53126	29,49142	46,53126
24360	29,49142	46,53126	29,49141	46,53126
24380	29,49142	46,53126	30,14677	46,53126
24400	29,49142	46,53126	29,49141	46,53126
24420	29,49142	46,53126	30,14677	46,53126
24440	29,49142	46,53126	29,49141	46,53126
24460	29,49142	46,53126	29,49141	46,53126
24480	29,49142	46,53126	29,49142	46,53126
24500	29,49142	46,53126	29,49142	46,53126
24520	29,49143	46,53126	29,49142	46,53126
24540	29,49143	46,53126	29,49142	46,53126
24560	28,83607	46,53126	28,83607	46,53126
24580	28,83608	46,53126	28,83607	46,53126
24600	28,83608	46,53126	28,83608	46,53126
24620	28,83608	46,53126	28,83608	46,53126
24640	28,83609	46,53126	28,83608	46,53126
24660	28,83609	46,53126	29,49144	46,53126
24680	29,49144	46,53126	30,14679	46,53126
24700	30,80215	46,53126	30,80215	46,53126
24720	30,80216	46,53126	30,80214	46,53126
24740	30,80216	46,53126	31,45751	46,53126
24760	30,80216	46,53126	30,80215	46,53126
24780	30,80216	46,53126	30,80216	46,53126
24800	30,80217	46,53126	30,1468	46,53126
24820	30,80217	46,53126	30,80216	46,53126
24840	30,80217	46,53126	30,80216	46,53126
24860	30,80217	46,53126	30,80215	46,53126
24880	31,45752	46,53126	31,45752	46,53126
24900	30,80216	46,53126	30,80215	46,53126
24920	30,80216	46,53126	30,80215	46,53126
24940	30,80216	46,53126	30,80215	46,53126
24960	30,80215	46,53126	30,80214	46,53126
24980	30,80215	46,53126	30,80214	46,53126
25000	30,14679	46,53126	30,14678	46,53126
25020	30,14679	46,53126	30,14678	46,53126
25040	30,1468	46,53126	30,14678	46,53126
25060	30,1468	46,53126	29,49143	46,53126
25080	30,1468	46,53126	30,14679	46,53126
25100	30,1468	46,53126	30,1468	46,53126
25120	30,1468	46,53126	29,49143	46,53126
25140	29,49145	46,53126	29,49144	46,53126
25160	29,49145	46,53126	29,49144	46,53126
25180	28,83609	46,53126	29,49144	46,53126
25200	28,83609	46,53126	28,83608	46,53126
25220	28,83609	46,53126	28,18072	46,53126
25240	28,18073	46,53126	27,52536	46,53126
25260	28,18073	46,53126	27,52537	46,53126
25280	27,52537	46,53126	26,87001	46,53126
25300	26,87002	46,53126	26,87001	46,53126
25320	26,87002	46,53126	26,21465	46,53126
25340	26,87001	46,53126	26,21465	46,53126
25360	26,21465	46,53126	26,21464	46,53126
25380	26,21464	46,53126	26,21463	46,53126
25400	26,87	46,53126	26,86999	46,53126
25420	26,87	46,53126	26,86999	46,53126
25440	26,86999	46,53126	26,86998	46,53126
25460	26,86999	46,53126	26,21462	46,53126
25480	26,21463	46,53126	26,21463	46,53126
25500	26,21463	46,53126	26,21462	46,53126
25520	26,21463	46,53126	25,55926	46,53126
25540	25,55927	46,53126	25,55925	46,53126
25560	25,55927	46,53126	25,55925	46,53126
25580	24,9039	46,53126	24,90389	46,53126
25600	24,9039	46,53126	24,90389	46,53126
25620	24,90389	46,53126	24,24852	46,53126
25640	24,24853	46,53126	24,24852	46,53126
25660	24,24852	46,53126	24,24852	46,53126
25680	24,24852	46,53126	24,24852	46,53126
25700	24,24853	46,53126	24,24852	46,53126
25720	24,24853	46,53126	24,24853	46,53126
25740	23,59318	46,53126	22,28245	46,53126
25760	20,97174	46,53126	20,31637	46,53126
25780	19,00567	46,53126	16,38422	46,53126
25800	14,41815	46,53126	13,10742	46,53126
25820	10,486	46,53126	9,17527	46,53126
25840	7,86456	46,53126	6,55382	46,53126
25860	5,89848	46,53126	5,24311	46,53126
25880	3,93242	46,53126	2,62171	46,53126
25900	0,65567	46,53126	-2,62111	46,53126
25920	-6,55321	46,53126	-10,48531	46,53126
25940	-15,07276	46,53126	-18,3495	46,53126
25960	-22,28158	46,53126	-26,21369	46,53126
25980	-29,49042	46,53126	-32,11183	46,53126
26000	-34,07787	46,53126	-36,69928	46,53126
26020	-39,32069	46,53126	-40,6314	46,53126
26040	-41,9421	46,53126	-41,9421	46,53126
26060	-41,94209	46,53126	-41,9421	46,53126
26080	-41,94208	46,53126	-41,94209	46,53126
26100	-41,94209	46,53126	-41,94211	46,53126
26120	-41,94211	46,53126	-41,94213	46,53126
26140	-41,94212	46,53126	-41,9421	46,53126
26160	-41,94208	46,53126	-41,94211	46,53126
26180	-41,94212	46,53126	-41,94213	46,53126
26200	-41,94212	46,53126	-41,94213	46,53126
26220	-41,94213	46,53126	-41,94213	46,53126
26240	-41,94212	46,53126	-41,94212	46,53126
26260	-41,94211	46,53126	-41,94211	46,53126
26280	-41,9421	46,53126	-41,9421	46,53126
26300	-41,94209	46,53126	-41,9421	46,53126
26320	-41,94209	46,53126	-41,94211	46,53126
26340	-41,94211	46,53126	-41,94213	46,53126
26360	-41,94215	46,53126	-41,94218	46,53126
26380	-41,94219	46,53126	-41,9422	46,53126
26400	-41,9422	46,53126	-41,94222	46,53126
26420	-41,94221	46,53126	-41,94223	46,53126
26440	-41,94222	46,53126	-41,94224	46,53126
26460	-41,94224	46,53126	-41,94226	46,53126
26480	-41,94226	46,53126	-41,94227	46,53126
26500	-41,94227	46,53126	-41,94229	46,53126
26520	-41,94228	46,53126	-41,9423	46,53126
26540	-41,9423	46,53126	-41,94233	46,53126
26560	-41,94235	46,53126	-41,94237	46,53126
26580	-41,94239	46,53126	-41,94237	46,53126
26600	-41,94231	46,53126	-39,32088	46,53126
26620	-33,42266	46,53126	-26,86919	46,53126
26640	-15,07293	46,53126	-2,6214	46,53126
26660	9,83012	39,3223	20,31569	24,90438
26680	28,17987	13,1079	35,38882	7,20962
26700	44,56387	2,62202	51,77282	-1,96558
26720	56,36035	-4,58708	60,94786	-5,89784
26740	61,60323	-5,89785	64,22466	-3,9317
26760	66,19075	1,96669	68,15682	11,79718
26780	68,15683	22,28294	64,22466	40,63302
26800	58,32643	46,53126	51,11746	46,53126
26820	44,56387	46,53126	39,32098	46,53126
26840	32,76739	46,53126	27,5245	46,53126
26860	20,31555	46,53126	11,79586	46,53126
26880	3,27619	46,53126	-4,58814	46,53126
26900	-11,14173	46,53126	-15,72926	46,53126
26920	-19,66141	46,53126	-23,59358	46,53126
26940	-26,87037	46,53126	-28,83646	46,53126
26960	-31,45789	46,53126	-32,76862	46,53126
26980	-34,07933	46,53126	-35,39006	46,53126
27000	-35,39005	46,53126	-34,7347	46,53126
27020	-34,07933	46,53126	-28,1811	46,53126
27040	-23,59357	46,53126	-22,28286	46,53126
27060	-21,62749	46,53126	-19,66142	46,53126
27080	-17,69533	46,53126	-16,38462	46,53126
27100	-15,72925	46,53126	-14,41854	46,53126
27120	-13,10781	46,53126	-11,7971	46,53126
27140	-11,14173	46,53126	-10,48638	46,53126
27160	-10,48637	46,53126	-9,83102	46,53126
27180	-9,17563	46,53126	-9,17563	46,53126
27200	-9,17561	46,53126	-9,17561	46,53126
27220	-9,17559	46,53126	-8,52024	46,53126
27240	-7,86487	46,53126	-7,86487	46,53126
27260	-7,86486	46,53126	-7,86486	46,53126
27280	-7,20949	46,53126	-7,2095	46,53126
27300	-7,20948	46,53126	-6,55413	46,53126
27320	-5,89876	46,53126	-5,89876	46,53126
27340	-6,5541	46,53126	-6,55411	46,53126
27360	-7,20944	46,53126	-7,8648	46,53126
27380	-9,17549	46,53126	-9,17548	46,53126
27400	-9,17545	46,53126	-8,52008	46,53126
27420	-7,86469	46,53126	-7,20933	46,53126
27440	-6,55395	46,53126	-5,24322	46,53126
27460	-5,24321	46,53126	-3,27713	46,53126
27480	1,96581	46,53126	4,58728	46,53126
27500	5,24264	46,53126	4,58728	46,53126
27520	5,24266	46,53126	5,89801	46,53126
27540	5,24266	46,53126	5,24266	46,53126
27560	5,89803	46,53126	5,24266	46,53126
27580	5,24267	46,53126	5,24266	46,53126
27600	4,58731	46,53126	4,58731	46,53126
27620	4,58731	46,53126	3,93194	46,53126
27640	3,93195	46,53126	3,93193	46,53126
27660	3,93194	46,53126	3,27657	46,53126
27680	3,27658	46,53126	1,96585	46,53126
27700	2,62122	46,53126	1,96584	46,53126
27720	1,96585	46,53126	1,96584	46,53126
27740	1,96585	46,53126	1,96584	46,53126
27760	1,31049	46,53126	1,31048	46,53126
27780	1,31049	46,53126	0,65512	46,53126
27800	0,65513	46,53126	0,65512	46,53126
27820	0,65513	46,53126	0,65512	46,53126
27840	0,65513	46,53126	0,65512	46,53126
27860	0,65512	46,53126	0,65511	46,53126
27880	1,31047	46,53126	1,31045	46,53126
27900	1,31045	46,53126	1,96579	46,53126
27920	2,62116	46,53126	2,62114	46,53126
27940	3,93186	46,53126	3,93184	46,53126
27960	4,5872	46,53126	4,58719	46,53126
27980	5,24255	46,53126	5,8979	46,53126
28000	6,55326	46,53126	7,20861	46,53126
28020	7,20862	46,53126	7,86397	46,53126
28040	8,51932	46,53126	8,51931	46,53126
28060	9,17468	46,53126	9,17467	46,53126
28080	9,83004	46,53126	10,48539	46,53126
28100	15,72834	46,53126	21,62664	46,53126
28120	22,93738	46,53126	22,28199	46,53126
28140	22,282	46,53126	22,28199	46,53126
28160	22,93735	46,53126	22,93734	46,53126
28180	22,93735	46,53126	23,5927	46,53126
28200	24,24807	46,53126	24,24806	46,53126
28220	24,24807	46,53126	24,90342	46,53126
28240	25,55879	46,53126	24,90598	46,53126
28260	25,55879	46,53126	26,21415	46,53126
28280	26,21416	46,53126	26,21416	46,53126
28300	26,86953	46,53126	26,86952	46,53126
28320	27,5249	46,53126	28,18025	46,53126
28340	28,83563	46,53126	29,49099	46,53126
28360	29,491	46,53126	30,14636	46,53126
28380	30,80173	46,53126	31,45709	46,53126
28400	31,45711	46,53126	32,11248	46,53126
28420	32,11249	46,53126	32,11249	46,53126
28440	31,45714	46,53126	31,45714	46,53126
28460	30,80179	46,53126	30,14642	46,53126
28480	30,14643	46,53126	30,14643	46,53126
28500	30,14643	46,53126	30,14643	46,53126
28520	30,14643	46,53126	29,49105	46,53126
28540	29,49104	46,53126	28,83566	46,53126
28560	28,83566	46,53126	27,52491	46,53126
28580	26,86955	46,53126	25,55881	46,53126
28600	24,90344	46,53126	24,24806	46,53126
28620	23,59269	46,53126	22,93731	46,53126
28640	22,28195	46,53126	21,62657	46,53126
28660	17,03901	46,53126	-41,94351	46,53126
28680	9,82992	46,53126	11,14064	46,53126
28700	10,48528	46,53126	10,48526	46,53126
28720	10,48527	46,53126	9,82989	46,53126
28740	9,8299	46,53126	9,17453	46,53126
28760	8,51917	46,53126	7,8638	46,53126
28780	7,20845	46,53126	5,89772	46,53126
28800	5,24237	46,53126	4,58699	46,53126
28820	3,93164	46,53126	3,27626	46,53126
28840	1,96556	46,53126	1,31019	46,53126
28860	-0,00050999999999846	46,53126	-0,65588	46,53126
28880	-1,96658	46,53126	-2,62194	46,53126
28900	-2,62192	46,53126	-0,65581	46,53126
28920	-0,65578	46,53126	-0,65578	46,53126
28940	-1,31113	46,53126	-1,31113	46,53126
28960	-1,31111	46,53126	-0,65575	46,53126
28980	-1,31109	46,53126	-0,65573	46,53126
29000	-0,65572	46,53126	-0,65572	46,53126
29020	-0,65569	46,53126	-0,00034000000000134	46,53126
29040	-0,00031999999999499	46,53126	-0,00030999999999892	46,53126
29060	-0,00029999999999575	46,53126	-0,00030000000000285	46,53126
29080	0,65507	46,53126	-0,00028000000000361	46,53126
29100	0,65509	46,53126	0,65509	46,53126
29120	0,65511	46,53126	1,31046	46,53126
29140	1,31302	46,53126	1,96583	46,53126
29160	1,96583	46,53126	1,96583	46,53126
29180	1,96584	46,53126	2,62119	46,53126
29200	1,96585	46,53126	1,96584	46,53126
29220	1,96585	46,53126	1,96584	46,53126
29240	1,96586	46,53126	2,62121	46,53126
29260	1,96586	46,53126	1,96586	46,53126
29280	1,96586	46,53126	1,96586	46,53126
29300	1,96586	46,53126	1,96585	46,53126
29320	1,3105	46,53126	1,31048	46,53126
29340	1,31049	46,53126	1,31047	46,53126
29360	-0,00023999999999802	46,53126	-0,00026000000000437	46,53126
29380	-0,00025000000000119	46,53126	-0,00026000000000437	46,53126
29400	-0,65561	46,53126	-1,31099	46,53126
29420	-1,31098	46,53126	-1,31099	46,53126
29440	-1,31097	46,53126	-1,31098	46,53126
29460	-1,96632	46,53126	-1,31096	46,53126
29480	-1,9663	46,53126	-1,9663	46,53126
29500	-2,62166	46,53126	-1,9663	46,53126
29520	-1,96628	46,53126	-1,96629	46,53126
29540	-1,96627	46,53126	-1,96628	46,53126
29560	-1,96626	46,53126	-1,96627	46,53126
29580	-1,96626	46,53126	-1,96628	46,53126
29600	-2,62162	46,53126	-1,96627	46,53126
29620	-1,96626	46,53126	-2,62163	46,53126
29640	-1,96625	46,53126	-2,62162	46,53126
29660	-2,62161	46,53126	-3,27698	46,53126
29680	-3,93234	46,53126	-3,93235	46,53126
29700	-4,5877	46,53126	-5,24307	46,53126
29720	-5,89843	46,53126	-5,89844	46,53126
29740	-6,5538	46,53126	-7,20917	46,53126
29760	-7,20918	46,53126	-7,20919	46,53126
29780	-7,20919	46,53126	-7,20921	46,53126
29800	-7,2092	46,53126	-7,20921	46,53126
29820	-7,86456	46,53126	-7,20921	46,53126
29840	-7,2092	46,53126	-7,20921	46,53126
29860	-7,2092	46,53126	-7,2092	46,53126
29880	-7,2092	46,53126	-7,2092	46,53126
29900	-7,20919	46,53126	-7,20921	46,53126
29920	-7,2092	46,53126	-5,24311	46,53126
29940	-1,31089	46,53126	-1,3109	46,53126
29960	-1,96626	46,53126	-1,96626	46,53126
29980	-1,96625	46,53126	-1,3109	46,53126
30000	-1,96625	46,53126	-1,3109	46,53126
30020	-1,31089	46,53126	-1,3109	46,53126
30040	-1,31089	46,53126	-1,3109	46,53126
30060	-1,31089	46,53126	-0,65554	46,53126
30080	-0,65553	46,53126	-0,65554	46,53126
30100	-0,65553	46,53126	-0,65553	46,53126
30120	-0,65552	46,53126	-0,65553	46,53126
30140	-0,00016000000000105	46,53126	-0,00017000000000422	46,53126
30160	0,6552	46,53126	0,65519	46,53126
30180	0,65521	46,53126	1,31056	46,53126
30200	1,31058	46,53126	1,96593	46,53126
30220	1,96595	46,53126	2,6213	46,53126
30240	1,96595	46,53126	2,62131	46,53126
30260	1,96596	46,53126	2,62131	46,53126
30280	1,96596	46,53126	1,96596	46,53126
30300	1,96597	46,53126	1,96596	46,53126
30320	2,62133	46,53126	2,62131	46,53126
30340	3,27668	46,53126	3,27667	46,53126
30360	3,27667	46,53126	3,27666	46,53126
30380	3,27667	46,53126	3,27666	46,53126
30400	3,27666	46,53126	3,27666	46,53126
30420	3,27666	46,53126	2,62129	46,53126
30440	3,27666	46,53126	3,27665	46,53126
30460	5,89813	46,53126	11,79645	46,53126
30480	13,10719	46,53126	11,79645	46,53126
30500	11,79645	46,53126	11,79644	46,53126
30520	11,14108	46,53126	10,48571	46,53126
30540	9,83035	46,53126	9,83033	46,53126
30560	9,17497	46,53126	8,51959	46,53126
30580	7,86423	46,53126	7,86421	46,53126
30600	7,20885	46,53126	6,55347	46,53126
30620	5,89811	46,53126	5,8981	46,53126
30640	5,8981	46,53126	5,24273	46,53126
30660	5,24274	46,53126	5,24273	46,53126
30680	4,58737	46,53126	5,24272	46,53126
30700	5,24274	46,53126	5,24273	46,53126
30720	5,24274	46,53126	5,24274	46,53126
30740	5,24275	46,53126	5,24274	46,53126
30760	1,96592	46,53126	-3,27705	46,53126
30780	-1,96632	46,53126	-1,31095	46,53126
30800	-1,31094	46,53126	-1,96631	46,53126
30820	-1,9663	46,53126	-1,96631	46,53126
30840	-2,62167	46,53126	-2,62168	46,53126
30860	-2,62167	46,53126	-2,62168	46,53126
30880	-3,27703	46,53126	-3,27704	46,53126
30900	-3,27703	46,53126	-3,27703	46,53126
30920	-3,27702	46,53126	-3,93239	46,53126
30940	-3,93237	46,53126	-2,62166	46,53126
30960	-2,62165	46,53126	-3,27702	46,53126
30980	-18,35044	46,53126	-41,94366	46,53126
31000	-41,94365	46,53126	-41,94366	46,53126
31020	-41,94365	46,53126	-41,94366	46,53126
31040	-41,94365	46,53126	-41,94366	46,53126
31060	-41,94365	46,53126	-41,94366	46,53126
31080	-41,94365	46,53126	-41,94366	46,53126
31100	-41,94365	46,53126	-41,94366	46,53126
31120	-41,94365	46,53126	-41,94366	46,53126
31140	-41,94365	46,53126	-41,94366	46,53126
31160	-41,94365	46,53126	-41,94366	46,53126
31180	-41,94365	46,53126	-41,2883	46,53126
31200	-39,97757	46,53126	-39,32222	46,53126
31220	-38,66685	46,53126	-38,0115	46,53126
31240	-41,94365	46,53126	-41,94366	46,53126
31260	-41,94365	46,53126	-41,94366	46,53126
31280	-41,94365	46,53126	-41,94366	46,53126
31300	-41,94365	46,53126	-41,94366	46,53126
31320	-41,94365	46,53126	-41,94366	46,53126
31340	-41,94365	46,53126	-41,94366	46,53126
31360	-41,94365	46,53126	-41,94366	46,53126
31380	-41,94365	46,53126	-41,94366	46,53126
31400	-41,94365	46,53126	-41,94366	46,53126
31420	-41,94365	46,53126	-41,94366	46,53126
31440	-41,94365	46,53126	-41,94366	46,53126
31460	-41,94365	46,53126	-41,94366	46,53126
31480	-41,94365	46,53126	-41,94366	46,53126
31500	-41,94365	46,53126	-41,94366	46,53126
31520	-41,94365	46,53126	-41,94366	46,53126
31540	-41,94365	46,53126	-41,94366	46,53126
31560	-41,94365	46,53126	-41,94366	46,53126
31580	-41,94365	46,53126	-41,94366	46,53126
31600	-41,94365	46,53126	-41,94366	46,53126
31620	-41,94365	46,53126	-41,94366	46,53126
31640	-41,94365	46,53126	-41,94366	46,53126
31660	-41,94365	46,53126	-41,94366	46,53126
31680	-41,94365	46,53126	-41,94366	46,53126
31700	-41,94365	46,53126	-41,94366	46,53126
31720	-41,94365	46,53126	-41,94366	46,53126
31740	-41,94365	46,53126	-41,94366	46,53126
31760	-41,94365	46,53126	-41,94366	46,53126
31780	-41,94365	46,53126	-41,94366	46,53126
31800	-41,94365	46,53126	-41,94366	46,53126
31820	-41,94365	46,53126	-41,94366	46,53126
31840	-41,94365	46,53126	-41,94366	46,53126
31860	-41,94365	46,53126	-41,94366	46,53126
31880	-41,94365	46,53126	-41,94366	46,53126
31900	-41,94365	46,53126	-41,94366	46,53126
31920	-41,94365	46,53126	-41,94366	46,53126
31940	-41,94365	46,53126	-41,94366	46,53126
31960	-41,94365	46,53126	-41,94366	46,53126
31980	-41,94365	46,53126	-41,94366	46,53126
32000	-41,94365	46,53126	-41,94366	46,53126
32020	-41,94365	46,53126	-41,94366	46,53126
32040	-41,94365	46,53126	-41,94366	46,53126
32060	-41,94365	46,53126	-41,94366	46,53126
32080	-41,94365	46,53126	-41,94366	46,53126
32100	-41,94365	46,53126	-41,94366	46,53126
32120	-41,94365	46,53126	-41,94366	46,53126
32140	-41,94365	46,53126	-41,94366	46,53126
32160	-41,94365	46,53126	-41,94366	46,53126
32180	-18,35041	46,53126	-0,65542	46,53126
32200	3,27682	46,53126	1,96605	46,53126
32220	1,31068	46,53126	0,6553	46,53126
32240	0,65531	46,53126	-7,0000000000903E-5	46,53126
32260	-0,65543	46,53126	-0,65545	46,53126
32280	-1,3108	46,53126	-1,96619	46,53126
32300	-1,96618	46,53126	-2,62156	46,53126
32320	-2,62155	46,53126	-3,27693	46,53126
32340	-3,93228	46,53126	-4,58766	46,53126
32360	-4,58765	46,53126	-5,24302	46,53126
32380	-5,24301	46,53126	-5,24302	46,53126
32400	-5,24301	46,53126	-5,24302	46,53126
32420	-5,24301	46,53126	-5,24302	46,53126
32440	-5,24301	46,53126	-5,24301	46,53126
32460	-4,58765	46,53126	-3,9323	46,53126
32480	-3,93229	46,53126	-3,9323	46,53126
32500	-3,27692	46,53126	2,62137	46,53126
32520	12,45194	46,53126	18,35026	46,53126
32540	20,97174	46,53126	20,97172	46,53126
32560	20,31637	46,53126	20,31636	46,53126
32580	20,31637	46,53126	20,31636	46,53126
32600	20,31637	46,53126	20,31636	46,53126
32620	20,31636	46,53126	20,31635	46,53126
32640	20,31636	46,53126	20,31635	46,53126
32660	20,31635	46,53126	20,31636	46,53126
32680	20,31636	46,53126	20,31634	46,53126
32700	19,661	46,53126	19,66098	46,53126
32720	19,66099	46,53126	21,62708	46,53126
32740	26,21467	46,53126	27,5254	46,53126
32760	26,87003	46,53126	26,87002	46,53126
32780	26,21467	46,53126	26,87001	46,53126
32800	26,21466	46,53126	26,21465	46,53126
32820	25,5593	46,53126	25,55929	46,53126
32840	25,5593	46,53126	25,55929	46,53126
32860	25,55929	46,53126	24,90393	46,53126
32880	24,90393	46,53126	24,90393	46,53126
32900	24,90393	46,53126	24,90392	46,53126
32920	24,90393	46,53126	24,24856	46,53126
32940	24,90393	46,53126	24,90392	46,53126
32960	24,90393	46,53126	24,90392	46,53126
32980	24,24857	46,53126	24,24856	46,53126
33000	24,24857	46,53126	24,90393	46,53126
33020	24,24857	46,53126	24,90392	46,53126
33040	24,90393	46,53126	24,90393	46,53126
33060	24,24858	46,53126	24,24857	46,53126
33080	24,24857	46,53126	24,24856	46,53126
33100	24,24857	46,53126	23,59321	46,53126
33120	24,24857	46,53126	23,5932	46,53126
33140	23,59321	46,53126	23,5932	46,53126
33160	23,59321	46,53126	23,5932	46,53126
33180	24,24856	46,53126	24,90391	46,53126
33200	24,90392	46,53126	25,55926	46,53126
33220	25,55927	46,53126	25,55926	46,53126
33240	25,55927	46,53126	25,55926	46,53126
33260	26,21463	46,53126	26,21462	46,53126
33280	26,21463	46,53126	26,21462	46,53126
33300	25,55927	46,53126	26,21462	46,53126
33320	26,21463	46,53126	26,21462	46,53126
33340	26,21463	46,53126	27,52537	46,53126
33360	30,14688	46,53126	30,80223	46,53126
33380	31,45759	46,53126	32,11294	46,53126
33400	32,11294	46,53126	32,7683	46,53126
33420	32,76832	46,53126	32,76831	46,53126
33440	32,76832	46,53126	33,42368	46,53126
33460	33,42369	46,53126	33,42368	46,53126
33480	34,07905	46,53126	34,07904	46,53126
33500	34,07906	46,53126	34,73441	46,53126
33520	34,07906	46,53126	34,73441	46,53126
33540	-41,9427	46,53126	34,73441	46,53126
33560	34,73442	46,53126	35,38978	46,53126
33580	34,73442	46,53126	34,73442	46,53126
33600	34,73442	46,53126	34,73442	46,53126
33620	34,73442	46,53126	34,73442	46,53126
33640	34,73442	46,53126	34,73441	46,53126
33660	34,73442	46,53126	28,83612	46,53126
33680	5,89826	46,53126	-20,31649	46,53126
33700	-39,32214	46,53126	-41,94366	46,53126
33720	-41,94365	46,53126	-41,94366	46,53126
33740	-41,94365	46,53126	-41,94366	46,53126
33760	-41,94365	46,53126	-41,94366	46,53126
33780	-41,94365	46,53126	-41,94366	46,53126
33800	-41,94365	46,53126	-41,94366	46,53126
33820	-41,94365	46,53126	-41,94366	46,53126
33840	-41,94365	46,53126	-41,94366	46,53126
33860	-41,94365	46,53126	-41,94366	46,53126
33880	-41,94365	46,53126	-41,94366	46,53126
33900	-41,94365	46,53126	-41,94366	46,53126
33920	-41,94365	46,53126	-41,94366	46,53126
33940	-41,94365	46,53126	-41,94366	46,53126
33960	-41,94365	46,53126	-41,94366	46,53126
33980	-41,94365	46,53126	-41,94366	46,53126
34000	-41,94365	46,53126	-41,94366	46,53126
34020	-41,94365	46,53126	-41,94366	46,53126
34040	-41,94365	46,53126	-41,94366	46,53126
34060	-41,94365	46,53126	-41,94366	46,53126
34080	-41,94365	46,53126	-41,94366	46,53126
34100	-41,94365	46,53126	-41,94366	46,53126
34120	-41,94365	46,53126	-41,94366	46,53126
34140	-41,94365	46,53126	-41,94366	46,53126
34160	-41,94365	46,53126	-41,94366	46,53126
34180	-41,94365	46,53126	-41,94366	46,53126
34200	-41,94365	46,53126	-41,94366	46,53126
34220	-41,94365	46,53126	-41,94366	46,53126
34240	-41,94365	46,53126	-41,94366	46,53126
34260	-41,94365	46,53126	-41,94366	46,53126
34280	-41,94365	46,53126	-41,94366	46,53126
34300	-41,94365	46,53126	-41,94366	46,53126
34320	-41,94365	46,53126	-41,94366	46,53126
34340	-41,94365	46,53126	-41,94366	46,53126
34360	-41,94365	46,53126	-41,94366	46,53126
34380	-41,94365	46,53126	-41,94366	46,53126
34400	-41,94365	46,53126	-41,94366	46,53126
34420	-41,94365	46,53126	-41,94366	46,53126
34440	-41,94365	46,53126	-41,94366	46,53126
34460	-41,94365	46,53126	-41,94366	46,53126
34480	-41,94365	46,53126	-41,94366	46,53126
34500	-41,94365	46,53126	-41,94366	46,53126
34520	-41,94365	46,53126	-41,94366	46,53126
34540	-41,94365	46,53126	-41,94366	46,53126
34560	-41,94365	46,53126	-41,94366	46,53126
34580	-41,94365	46,53126	-41,94366	46,53126
34600	-37,35607	46,53126	-15,7289	46,53126
34620	-7,86442	46,53126	-9,17519	46,53126
34640	-9,83056	46,53126	-9,83057	46,53126
34660	-9,83056	46,53126	-9,17521	46,53126
34680	-8,51985	46,53126	-7,8645	46,53126
34700	-7,86449	46,53126	-7,20914	46,53126
34720	-6,55377	46,53126	-7,20914	46,53126
34740	-7,20913	46,53126	-6,55378	46,53126
34760	-7,20912	46,53126	-6,55377	46,53126
34780	-7,20912	46,53126	-7,20914	46,53126
34800	-7,20913	46,53126	-7,8645	46,53126
34820	-7,86449	46,53126	-7,8645	46,53126
34840	-7,8645	46,53126	-7,86451	46,53126
34860	-8,51986	46,53126	-7,86452	46,53126
34880	-8,51987	46,53126	-8,51987	46,53126
34900	-9,17523	46,53126	-7,20914	46,53126
34920	1,96603	46,53126	11,79656	46,53126
34940	13,76267	46,53126	12,45192	46,53126
34960	11,79656	46,53126	11,79654	46,53126
34980	11,14119	46,53126	10,48581	46,53126
35000	9,83045	46,53126	9,17507	46,53126
35020	8,51971	46,53126	7,86433	46,53126
35040	7,20896	46,53126	6,55358	46,53126
35060	5,24286	46,53126	4,58748	46,53126
35080	3,93212	46,53126	2,62138	46,53126
35100	2,62138	46,53126	1,96601	46,53126
35120	1,31066	46,53126	1,31064	46,53126
35140	0,65529	46,53126	0,65528	46,53126
35160	0,65529	46,53126	0,65528	46,53126
35180	0,65529	46,53126	1,31065	46,53126
35200	1,31066	46,53126	1,31066	46,53126
35220	1,31067	46,53126	1,31066	46,53126
35240	1,96604	46,53126	7,20897	46,53126
35260	9,17511	46,53126	8,51973	46,53126
35280	9,17509	46,53126	9,17509	46,53126
35300	9,17511	46,53126	9,83046	46,53126
35320	9,17512	46,53126	9,17511	46,53126
35340	9,83048	46,53126	10,48583	46,53126
35360	10,48583	46,53126	11,79655	46,53126
35380	11,79656	46,53126	11,79655	46,53126
35400	12,45193	46,53126	18,35022	46,53126
35420	23,5932	46,53126	24,24856	46,53126
35440	24,24855	46,53126	24,24854	46,53126
35460	24,24856	46,53126	24,24855	46,53126
35480	24,24856	46,53126	24,24855	46,53126
35500	24,24856	46,53126	24,24855	46,53126
35520	24,24856	46,53126	24,24855	46,53126
35540	24,24856	46,53126	23,59319	46,53126
35560	23,5932	46,53126	23,59319	46,53126
35580	23,5932	46,53126	23,59319	46,53126
35600	22,93783	46,53126	22,93783	46,53126
35620	22,93784	46,53126	22,93782	46,53126
35640	22,93783	46,53126	22,93782	46,53126
35660	22,93783	46,53126	22,93782	46,53126
35680	22,28246	46,53126	22,28246	46,53126
35700	22,28246	46,53126	22,28246	46,53126
35720	22,28246	46,53126	20,97173	46,53126
35740	11,7966	46,53126	3,93214	46,53126
35760	1,96603	46,53126	2,62138	46,53126
35780	2,6214	46,53126	2,62139	46,53126
35800	2,6214	46,53126	2,62139	46,53126
35820	2,6214	46,53126	2,62139	46,53126
35840	1,96604	46,53126	2,62139	46,53126
35860	1,96604	46,53126	1,96603	46,53126
35880	1,96603	46,53126	1,96603	46,53126
35900	1,96604	46,53126	1,31067	46,53126
35920	1,31067	46,53126	1,31067	46,53126
35940	1,31067	46,53126	1,31066	46,53126
35960	1,31067	46,53126	0,65531	46,53126
35980	0,65532	46,53126	0,65531	46,53126
36000	0,65532	46,53126	-5,000000000166E-5	46,53126
36020	-3,9999999998486E-5	46,53126	0,65531	46,53126
36040	-3,9999999998486E-5	46,53126	-5,000000000166E-5	46,53126
36060	-2,9999999995312E-5	46,53126	0,65531	46,53126
36080	0,65533	46,53126	1,31067	46,53126
36100	1,31068	46,53126	1,96603	46,53126
36120	1,96604	46,53126	1,31068	46,53126
36140	1,96605	46,53126	1,96604	46,53126
36160	1,96605	46,53126	1,96604	46,53126
36180	1,96605	46,53126	1,96605	46,53126
36200	1,3107	46,53126	1,31068	46,53126
36220	1,31069	46,53126	1,31069	46,53126
36240	1,31069	46,53126	1,96604	46,53126
36260	1,31069	46,53126	1,31068	46,53126
36280	1,96605	46,53126	1,31068	46,53126
36300	1,96605	46,53126	1,31068	46,53126
36320	1,96605	46,53126	1,31067	46,53126
36340	1,31068	46,53126	1,31066	46,53126
36360	1,31068	46,53126	1,31067	46,53126
36380	1,31068	46,53126	1,31067	46,53126
36400	-9,17517	46,53126	-37,35593	46,53126
36420	-41,94365	46,53126	-41,94366	46,53126
36440	-41,94365	46,53126	-41,94366	46,53126
36460	-41,94365	46,53126	-41,94366	46,53126
36480	-41,94365	46,53126	-41,94366	46,53126
36500	-41,94365	46,53126	-41,94366	46,53126
36520	-41,94365	46,53126	-41,94366	46,53126
36540	-41,94365	46,53126	-41,94366	46,53126
36560	-41,94365	46,53126	-41,94366	46,53126
36580	-41,94365	46,53126	-41,94366	46,53126
36600	-41,94365	46,53126	-41,94366	46,53126
36620	-41,94365	46,53126	-41,94366	46,53126
36640	-41,94365	46,53126	-41,94366	46,53126
36660	-41,94365	46,53126	-41,94366	46,53126
36680	-41,94365	46,53126	-41,94366	46,53126
36700	-41,94365	46,53126	-41,94366	46,53126
36720	-41,94365	46,53126	-41,94366	46,53126
36740	-41,94365	46,53126	-41,94366	45,8759
36760	-41,94365	13,76316	-41,94366	-13,76216
36780	-41,94365	-53,08423	-41,94366	-57,01678
36800	-41,94365	-34,07918	-41,94366	-3,93249
36820	-41,94365	12,45153	-41,94366	19,66053
36840	-41,94365	26,21415	-41,94366	24,90334
36860	-41,94365	9,82997	-41,94366	-9,83083
36880	-41,94365	-23,5933	-41,94366	-29,49129
36900	-41,94365	-28,18029	-41,94366	-19,66036
36920	-41,94365	-7,86364	-41,94366	4,58822
36940	-41,94365	18,35078	-41,94366	33,42406
36960	-41,94365	46,53126	-41,94366	46,53126
36980	-41,94365	46,53126	-41,94366	46,53126
37000	-41,94365	46,53126	-41,94366	46,53126
37020	-41,94365	46,53126	-41,94366	46,53126
37040	-41,94365	46,53126	-41,94366	46,53126
37060	-41,94365	46,53126	-41,94366	46,53126
37080	-41,94365	46,53126	-41,94366	46,53126
37100	-41,94365	46,53126	-41,94366	46,53126
37120	-41,94365	46,53126	-41,94366	46,53126
37140	-41,94365	46,53126	-41,94366	46,53126
37160	-41,94365	46,53126	-41,94366	46,53126
37180	-41,94365	46,53126	-41,94366	46,53126
37200	-41,94365	46,53126	-41,94366	46,53126
37220	-41,94365	46,53126	-41,94366	46,53126
37240	-41,94365	46,53126	-41,94366	46,53126
37260	-41,94365	46,53126	-41,94366	46,53126
37280	-41,94365	46,53126	-41,94366	46,53126
37300	-41,94365	46,53126	-41,94366	46,53126
37320	-41,94365	46,53126	-41,94366	46,53126
37340	-41,94365	46,53126	-41,94366	46,53126
37360	-41,94365	46,53126	-41,94366	46,53126
37380	-41,94365	46,53126	-41,94366	46,53126
37400	-41,94365	46,53126	-41,94366	46,53126
37420	-41,94365	46,53126	-41,94366	46,53126
37440	-41,94365	46,53126	-41,94366	46,53126
37460	-41,94365	46,53126	-41,94366	46,53126
37480	-41,94365	46,53126	-41,94366	46,53126
37500	-41,94365	46,53126	-41,94366	46,53126
37520	-41,94365	46,53126	-41,94366	46,53126
37540	-41,94365	46,53126	-41,94366	46,53126
37560	-41,94365	46,53126	-41,94366	46,53126
37580	-41,94365	46,53126	-41,94366	46,53126
37600	-41,94365	46,53126	-41,94366	46,53126
37620	-41,94365	46,53126	-41,94366	46,53126
37640	-41,94365	46,53126	-41,94366	46,53126
37660	-41,94365	46,53126	-41,94366	46,53126
37680	-41,94365	46,53126	-41,94366	46,53126
37700	-41,94365	46,53126	-41,94366	46,53126
37720	-41,94365	46,53126	-41,94366	46,53126
37740	-41,94365	46,53126	-41,94366	46,53126
37760	-41,94365	46,53126	-41,94366	46,53126
37780	-41,94365	46,53126	-41,94366	46,53126
37800	-41,94365	46,53126	-41,94366	46,53126
37820	-41,94365	46,53126	-41,94366	46,53126
37840	-41,94365	46,53126	-41,94366	46,53126
37860	-41,94365	46,53126	-41,94366	46,53126
37880	-41,94365	46,53126	-41,94366	46,53126
37900	-41,94365	46,53126	-41,94366	46,53126
37920	-41,94365	46,53126	-41,94366	46,53126
37940	-41,94365	46,53126	-41,94366	46,53126
37960	-41,94365	46,53126	-41,94366	46,53126
37980	-41,94365	46,53126	-41,94366	46,53126
38000	-41,94365	46,53126	-41,94366	46,53126
38020	-41,94365	46,53126	-41,94366	46,53126
38040	-41,94365	46,53126	-41,94366	46,53126
38060	-41,94365	46,53126	-41,94366	46,53126
38080	-41,94365	46,53126	-41,94366	46,53126
38100	-39,97754	46,53126	-13,10743	46,53126
38120	10,48588	46,53126	28,83621	46,53126
38140	31,45767	46,53126	29,49153	46,53126
38160	29,49154	46,53126	28,83616	46,53126
38180	28,83617	46,53126	28,83615	46,53126
38200	28,83615	46,53126	28,83613	46,53126
38220	29,49149	46,53126	30,14684	46,53126
38240	30,14684	46,53126	30,80218	46,53126
38260	30,14683	46,53126	30,80218	46,53126
38280	30,80218	46,53126	30,80217	46,53126
38300	30,80218	46,53126	30,80217	46,53126
38320	37,35584	46,53126	55,70621	46,53126
38340	70,77979	46,53126	79,29962	46,53126
38360	81,26567	46,53126	81,26564	46,53126
38380	82,57636	46,53126	83,23172	46,53126
38400	83,23172	46,53126	83,88706	46,53126
38420	83,88707	46,53126	83,88705	46,53126
38440	83,88706	46,53126	83,88705	46,53126
38460	83,88706	46,53126	83,88705	46,53126
38480	83,88705	46,53126	83,88704	46,53126
38500	83,88705	46,53126	83,88704	46,53126
38520	83,88705	46,53126	83,88704	46,53126
38540	83,88704	46,53126	83,88703	46,53126
38560	83,23168	46,53126	83,23167	46,53126
38580	83,23167	46,53126	83,88702	46,53126
38600	83,23166	46,53126	82,57629	46,53126
38620	82,57629	46,53126	82,57628	46,53126
38640	81,92092	46,53126	82,57628	46,53126
38660	90,44075	46,53126	99,61595	46,53126
38680	102,89284	46,53126	102,23746	46,53126
38700	101,5821	46,53126	101,58209	46,53126
38720	101,5821	46,53126	101,5821	46,53126
38740	101,5821	46,53126	100,92674	46,53126
38760	101,5821	46,53126	101,58209	46,53126
38780	100,92674	46,53126	101,58209	46,53126
38800	101,5821	46,53126	101,5821	46,53126
38820	102,23747	46,53126	102,23746	46,53126
38840	102,89283	46,53126	102,89283	46,53126
38860	104,20356	46,53126	104,85891	46,53126
38880	106,16964	46,53126	106,82499	46,53126
38900	107,48036	46,53126	108,13571	46,53126
38920	108,79109	46,53126	109,44644	46,53126
38940	109,44645	46,53126	110,1018	46,53126
38960	110,75717	46,53126	110,75716	46,53126
38980	110,75717	46,53126	110,75716	46,53126
39000	111,41253	46,53126	111,41253	46,53126
39020	111,41254	46,53126	111,41253	46,53126
39040	111,41254	46,53126	112,06789	46,53126
39060	111,41254	46,53126	112,06789	46,53126
39080	111,41253	46,53126	111,41253	46,53126
39100	111,41254	46,53126	111,41252	46,53126
39120	110,75717	46,53126	110,75717	46,53126
39140	110,75717	46,53126	111,41252	46,53126
39160	110,75716	46,53126	110,75715	46,53126
39180	110,75716	46,53126	110,75715	46,53126
39200	110,75717	46,53126	110,75715	46,53126
39220	111,41252	46,53126	111,41251	46,53126
39240	111,41253	46,53126	110,75716	46,53126
39260	111,41253	46,53126	111,41253	46,53126
39280	111,41255	46,53126	112,06792	46,53126
39300	112,06794	46,53126	111,41259	46,53126
39320	111,41262	46,53126	112,06798	46,53126
39340	102,2375	46,53126	75,36725	46,53126
39360	36,70046	46,53126	-2,62165	46,53126
39380	-40,63293	46,53126	-41,94366	46,53126
39400	-41,94365	46,53126	-41,94366	46,53126
39420	-41,94365	46,53126	-41,94366	46,53126
39440	-41,94365	46,53126	-41,94366	46,53126
39460	-41,94365	46,53126	-41,94366	46,53126
39480	-41,94365	46,53126	-41,94366	46,53126
39500	-41,94365	46,53126	-41,94366	46,53126
39520	-41,94365	46,53126	-41,94366	46,53126
39540	-41,94365	46,53126	-41,94366	46,53126
39560	-41,94365	46,53126	-41,94366	46,53126
39580	-41,94365	46,53126	-41,94366	46,53126
39600	-41,94365	46,53126	-41,94366	46,53126
39620	-41,94365	46,53126	-41,94366	46,53126
39640	-41,94365	46,53126	-41,94366	46,53126
39660	-41,94365	46,53126	-41,94366	46,53126
39680	-41,94365	46,53126	-41,94366	46,53126
39700	-41,94365	46,53126	-41,94366	46,53126
39720	-41,94365	46,53126	-41,94366	46,53126
39740	-41,94365	46,53126	-41,94366	46,53126
39760	-41,94365	46,53126	-41,94366	46,53126
39780	-41,94365	46,53126	-41,94366	46,53126
39800	-41,94365	46,53126	-41,94366	46,53126
39820	-41,94365	46,53126	-41,94366	46,53126
39840	-41,94365	46,53126	-41,94366	46,53126
39860	-41,94365	46,53126	-41,94366	46,53126
39880	-41,94365	46,53126	-41,94366	46,53126
39900	-41,94365	46,53126	-41,94366	46,53126
39920	-41,94365	46,53126	-41,94366	46,53126
39940	-41,94365	46,53126	-41,94366	46,53126
39960	-41,94365	46,53126	-41,94366	46,53126
39980	-41,94365	46,53126	-41,94366	46,53126
