T	LX	LY	RX	RY
0	0	0	0	0
20	0,65536	-0,65535999999999	0,65536	-0,65536
40	0,65535000000001	-1,31072	0,65536	-0,65536
60	1,31072	-1,31072	1,31071	-1,31072
80	1,31072	-1,96608	1,96608	-1,31072
100	1,31072	-1,96607	1,96609	-1,96608
120	1,96608	-1,96608	1,96608	-1,31072
140	1,96608	-2,62143	1,96607	-1,31071
160	1,96606	-1,96607	1,96606	-1,96607
180	2,62141	-1,96607	2,62141	-1,31071
200	2,6214	-1,96607	2,62141	-1,31071
220	3,27677	-1,96607	2,62141	-1,31071
240	2,6214	-1,96607	2,6214	-1,31071
260	2,62139	-1,31071	2,6214	-0,65535000000001
280	2,62139	-1,3107	3,27676	1,9999999999243E-5
300	3,27675	-0,65534	3,27676	1,9999999999243E-5
320	3,27674	-0,65534	3,27674	1,9999999999243E-5
340	3,27674	-0,65534	3,27674	1,9999999999243E-5
360	3,27674	1,9999999999243E-5	2,62138	1,9999999999243E-5
380	3,27674	1,9999999999243E-5	5,24285	0,65537999999999
400	5,24285	3,0000000002417E-5	5,24285	0,65539
420	5,24284	3,0000000002417E-5	5,24285	1,31075
440	5,24284	0,65539	5,24284	1,31075
460	4,58748	0,65539	5,24284	0,65539
480	4,58748	0,65539	5,24284	1,31075
500	4,58748	0,65539	4,58749	1,96611
520	4,58748	1,31076	4,58749	1,96611
540	4,58748	1,31075	4,58749	1,96611
560	4,58748	1,31075	4,58748	1,96611
580	4,58748	1,31075	3,93213	1,31075
600	4,58748	1,31075	3,93213	1,96611
620	3,93212	0,65539	3,93213	1,96611
640	3,93212	0,65539	3,93213	1,96612
660	3,93212	1,31076	3,93213	1,96676
680	3,93212	1,96612	3,93213	2,62147
700	3,93212	2,62148	3,27677	3,27684
720	3,93212	3,27684	3,27676	3,9322
740	3,27675	4,58757	3,27675	5,89829
760	3,9321	5,8983	3,9321	8,51975
780	4,58744	10,48584	9,83041	14,41803
800	11,14115	16,38413	10,48577	20,97166
820	9,17502	23,59313	8,51966	26,86994
840	7,20892	28,83604	7,20891	31,4575
860	6,55354	32,11288	5,89818	34,07896
880	5,24281	34,07898	5,24281	34,07898
900	4,58745	33,42362	4,58746	34,73434
920	3,9321	33,42362	3,9321	34,07898
940	7,86433	32,76826	12,45198	30,80217
960	11,79663	29,49145	11,14126	30,80217
980	11,14127	29,49145	10,48591	29,49145
1000	10,48592	28,83609	10,48593	28,83609
1020	10,48593	28,18072	10,48593	28,18072
1040	11,14128	27,52536	11,79664	28,18072
1060	11,79663	27,52536	11,79664	28,18072
1080	12,45199	27,52536	11,79664	28,18072
1100	11,79663	27,52536	12,45199	27,52536
1120	12,45199	26,21464	11,79664	26,87
1140	11,14127	26,21464	11,79664	26,21464
1160	16,38421	25,55928	22,93798	25,55929
1180	23,59335	24,90394	22,28261	25,5593
1200	22,2826	24,90394	22,28261	25,5593
1220	22,28259	24,90394	22,93796	25,55931
1240	22,93795	25,55931	22,93795	26,87003
1260	22,28258	26,21467	22,93794	28,18076
1280	22,28257	28,83613	22,28256	30,80222
1300	21,62719	31,45759	21,62719	33,42368
1320	21,62718	34,07905	28,18086	36,04514
1340	33,42385	36,04516	33,42385	37,35589
1360	32,1131	37,3559	32,1131	38,01126
1380	32,11309	37,3559	32,11309	37,3559
1400	31,45773	36,04517	31,45774	36,04517
1420	31,45774	35,38981	30,80238	34,73445
1440	31,45774	34,07908	30,80239	34,73444
1460	30,80239	33,42372	30,8024	33,42372
1480	30,8024	32,76836	30,80241	32,76835
1500	30,8024	32,113	30,14704	33,42371
1520	30,8024	32,113	30,14705	32,76835
1540	30,14704	32,11299	30,80241	32,76835
1560	38,66684	32,113	45,87596	31,45765
1580	45,87595	30,80229	44,56521	32,11301
1600	45,22056	31,45765	44,56521	31,45764
1620	43,90985	30,80229	44,56522	31,45764
1640	43,90986	30,14693	43,90987	30,80228
1660	44,56523	29,49156	43,90987	30,14691
1680	43,90988	29,49155	43,90988	29,49155
1700	43,90988	28,18083	43,90989	28,18081
1720	43,25453	26,87009	43,25454	26,87009
1740	43,9099	25,55936	43,25455	25,55936
1760	43,25455	24,24863	43,25456	24,90399
1780	43,25456	23,59326	43,25458	23,59326
1800	43,25457	22,28254	43,90994	22,28253
1820	43,90993	20,97181	43,90994	21,62716
1840	44,56529	20,9718	44,56529	21,62716
1860	44,56528	20,9718	45,22065	21,62716
1880	44,56527	20,9718	44,56528	22,28292
1900	44,56528	20,9718	45,22319	21,62716
1920	44,56528	20,9718	45,22065	20,97179
1940	45,22064	20,9718	45,22065	21,62716
1960	44,56528	20,9718	45,22065	21,62715
1980	47,84211	20,9718	49,80824	21,62716
2000	49,80824	20,97181	49,15287	22,28253
2020	49,15286	21,62717	49,15287	22,93789
2040	49,15286	22,28253	49,15287	22,93789
2060	49,15287	22,9379	49,15287	23,59325
2080	49,15287	22,9379	49,15287	23,59326
2100	49,15287	22,9379	49,15288	23,59325
2120	49,15288	22,9379	49,15288	23,59325
2140	47,84216	22,28253	48,49752	22,9379
2160	47,84215	22,93789	47,84216	23,59325
2180	48,49752	22,28253	47,84217	22,93789
2200	47,84216	22,93789	47,84217	22,93789
2220	47,1868	22,28253	47,18681	22,93789
2240	47,84216	22,28253	49,1529	23,59325
2260	51,11903	22,28254	51,11904	22,9379
2280	51,11903	22,28254	51,11903	23,59326
2300	51,11903	23,59326	51,11903	23,59326
2320	50,46367	22,9379	51,11903	24,24863
2340	50,46366	23,59327	50,46368	24,24863
2360	50,46367	23,59327	51,11904	24,24863
2380	50,46367	22,9379	50,46369	23,59327
2400	53,74051	23,59327	62,26037	24,90401
2420	63,57111	23,5933	62,91573	24,90401
2440	62,26037	23,5933	62,91574	24,24865
2460	62,26036	23,5933	62,91573	24,24866
2480	62,26037	23,59329	62,26037	24,24865
2500	62,26037	23,5933	62,26037	23,5933
2520	62,26036	22,93793	61,60502	23,59329
2540	61,60501	22,93793	61,60502	22,93793
2560	61,60501	22,28257	62,26038	22,93792
2580	62,26036	22,28256	62,91572	23,59328
2600	62,91572	22,28256	62,91572	22,93792
2620	63,57107	22,93792	63,57108	23,59328
2640	63,57107	22,28256	63,57107	22,93792
2660	62,91571	22,28256	62,91572	22,28256
2680	62,91571	22,28256	62,91572	22,93792
2700	62,91571	22,28256	62,91572	22,93791
2720	62,91571	22,28255	62,91572	22,93791
2740	62,91571	22,28256	63,57108	22,93791
2760	62,26035	22,93792	63,57108	22,93792
2780	68,15867	22,93792	69,46942	22,93792
2800	68,81404	22,93793	68,81404	22,93793
2820	68,15868	22,28257	68,15868	22,93793
2840	68,15867	22,28257	68,15868	22,93793
2860	68,15868	22,28257	68,15868	23,59329
2880	68,15867	22,28257	67,50332	23,59329
2900	68,15868	22,28256	68,15868	22,93792
2920	68,15868	22,28256	68,15868	22,28256
2940	68,15867	22,28257	68,15868	22,28256
2960	67,50332	22,28256	68,15869	22,93792
2980	67,50331	22,28256	67,50332	22,93792
3000	68,15867	22,28256	68,15868	22,93792
3020	67,50331	22,93793	68,15868	22,93792
3040	68,15868	22,28256	68,15868	22,93792
3060	68,15867	22,28256	67,50332	22,93792
3080	67,50332	22,28257	68,15868	22,93792
3100	68,15868	22,28256	68,15869	22,93792
3120	68,15868	22,28256	67,50333	22,93792
3140	67,50332	22,28256	66,84797	22,93792
3160	67,50332	22,93792	67,50333	23,59328
3180	66,84797	22,93792	66,84798	23,59328
3200	66,19258	22,93793	64,22648	24,24865
3220	64,22648	23,59329	64,88184	24,90401
3240	64,88184	24,90402	64,22649	24,90402
3260	64,88184	24,24866	64,22649	25,55937
3280	64,22648	24,90402	64,22649	25,55938
3300	64,22649	24,90401	64,2265	24,90401
3320	64,22649	24,24865	63,57114	24,90401
3340	62,91577	24,24865	63,57114	24,24865
3360	63,57113	24,24865	62,91578	23,59329
3380	63,57113	23,59329	64,88187	23,59329
3400	70,12485	22,93794	70,12486	22,93793
3420	70,12484	22,93794	70,12484	23,59329
3440	70,7802	22,93794	70,12484	22,93794
3460	70,12483	22,28258	70,12484	22,93793
3480	69,46948	22,28258	70,12484	22,93793
3500	70,12483	21,62721	70,78019	22,28257
3520	71,43554	20,97185	71,43554	22,28256
3540	72,09089	22,28256	72,09089	22,28256
3560	72,09088	22,28256	72,74624	22,28256
3580	72,74623	21,6272	72,74623	22,28255
3600	72,74623	20,97183	72,74622	21,62719
3620	72,74622	20,97183	75,36769	21,6272
3640	88,4751	20,97186	94,37346	20,97188
3660	92,40734	20,31651	91,75196	21,62724
3680	91,75196	20,97188	91,75196	21,62724
3700	91,75194	20,97188	91,75195	22,2826
3720	91,75194	20,97188	91,75194	21,62724
3740	91,75194	20,97188	91,75194	22,2826
3760	91,75194	21,62724	91,75194	21,62724
3780	91,09658	20,97188	91,75195	21,62723
3800	91,09657	20,97187	91,75194	20,97188
3820	91,75194	20,31651	91,75194	20,97187
3840	91,09657	20,31651	91,75194	20,97187
3860	91,75192	19,66115	91,75193	20,31651
3880	91,75193	19,66116	91,75193	20,31651
3900	91,75193	19,00579	91,75193	19,66115
3920	91,75193	18,35043	91,75449	19,00579
3940	91,75193	18,35043	91,09657	18,35043
3960	91,09657	18,35043	91,75193	18,35043
3980	91,75193	17,69507	91,09657	18,35043
4000	91,09657	17,69507	91,09657	18,35043
4020	91,75192	17,03971	91,09657	18,35043
4040	91,09656	17,69507	91,09657	17,69507
4060	91,09657	17,03971	91,75194	17,03971
4080	91,09657	16,38435	91,75194	17,0397
4100	91,75194	15,72898	91,75194	16,38434
4120	92,4073	15,72898	92,40731	15,72898
4140	92,4073	15,07362	92,4073	15,07362
4160	92,40729	13,7629	92,40729	13,7629
4180	92,40728	13,10754	92,40728	12,45217
4200	92,40728	11,79682	92,40728	11,79681
4220	92,40728	10,48609	92,40728	11,14145
4240	92,40728	10,48609	92,40729	10,48609
4260	92,40728	10,48609	92,40729	10,48609
4280	92,40728	9,83073	92,40729	10,48609
4300	92,40728	9,83073	92,40729	9,83073
4320	93,71802	9,17537	98,96098	9,83074
4340	98,30562	9,17539	97,65025	10,4861
4360	97,65025	9,83075	97,65026	10,48611
4380	97,65025	9,83075	97,65027	11,14147
4400	97,65026	10,48611	96,99491	11,79684
4420	97,65027	11,14147	96,99493	12,45219
4440	96,99492	11,14147	96,99492	11,79683
4460	97,65028	10,48611	96,99493	11,14147
4480	96,99491	10,48611	96,99492	11,79683
4500	96,33955	10,48611	89,78586	11,79683
4520	61,60494	13,10755	28,18108	19,00578
4540	5,24313	22,28258	-1,96592	24,24865
4560	0,65554	24,90401	1,3109	26,87009
4580	1,31087	27,52545	1,96622	28,83618
4600	2,62157	28,83618	3,27692	29,49154
4620	3,93224	28,83618	6,55368	30,80226
4640	7,86437	32,11298	10,48581	34,07904
4660	13,10723	35,38976	15,72866	37,35582
4680	18,35009	38,66653	20,97153	39,97723
4700	23,59295	40,63258	26,21439	41,28792
4720	28,83581	40,63255	31,45726	41,2879
4740	32,11259	40,63253	24,24812	41,28788
4760	23,59271	40,6325	26,21416	41,28786
4780	27,52487	40,6325	29,49094	41,28785
4800	30,14629	40,63249	31,45702	41,28784
4820	32,11236	40,63248	32,76772	41,28784
4840	33,42306	40,63248	33,42305	41,28785
4860	33,42304	40,6325	34,07838	41,28787
4880	35,38908	40,6325	37,35516	41,28784
4900	39,32123	40,63247	41,28732	41,2878
4920	43,2534	40,63243	44,56414	41,28777
4940	46,53021	40,6324	47,84095	38,66631
4960	47,84095	37,35559	47,84096	37,35558
4980	47,84096	35,3895	47,18561	35,3895
5000	45,8749	33,42342	43,90885	34,07878
5020	41,94277	32,76805	39,32135	33,42342
5040	37,35527	32,76806	34,07849	33,42343
5060	32,11242	34,0788	29,491	36,70025
5080	28,18028	36,70027	25,55885	38,66635
5100	23,59277	39,32172	21,6267	40,63245
5120	20,31598	40,63246	19,00528	41,28782
5140	17,69457	40,63246	16,38386	41,28781
5160	16,38385	40,63246	16,38387	41,28782
5180	15,72851	40,63246	15,07316	41,28783
5200	15,07316	40,63246	21,62687	41,28783
5220	28,18062	40,63248	30,14676	41,28784
5240	29,49138	40,63248	28,83602	41,28784
5260	28,18065	39,97712	28,18067	40,63248
5280	26,86993	39,32177	26,21459	39,97713
5300	25,55923	38,66641	25,55922	38,66641
5320	24,90386	37,35569	24,90387	38,01105
5340	24,90386	37,35569	24,24851	37,35569
5360	24,2485	36,70033	24,24851	37,35568
5380	23,59314	35,38961	23,59315	36,04497
5400	22,93778	34,73425	22,93779	34,73425
5420	22,28243	33,42353	22,28243	33,42353
5440	22,28242	32,11281	21,62706	32,76817
5460	20,9717	30,80209	20,31634	30,80209
5480	19,66097	29,49137	19,00562	29,49137
5500	19,00561	28,83601	19,00561	28,83601
5520	17,69488	27,52529	17,69488	27,52528
5540	17,69488	26,86992	17,69488	26,86992
5560	17,03951	24,90384	17,03952	25,5592
5580	17,0395	24,24848	17,03951	24,90384
5600	16,38415	23,59312	17,03951	23,59311
5620	17,0395	22,93775	16,38414	24,24848
5640	17,0395	22,93775	17,0395	24,24848
5660	16,38414	22,93776	17,03951	24,24847
5680	17,0395	23,59312	17,03951	24,24848
5700	17,69487	23,59311	17,69487	24,24847
5720	17,69487	23,59311	17,69487	24,90383
5740	17,69487	24,24847	17,03951	24,24847
5760	17,0395	23,59311	17,03951	23,59311
5780	17,0395	22,93774	17,0395	23,59311
5800	17,69485	22,93775	17,03951	22,93775
5820	17,69486	22,28238	17,03951	22,93774
5840	17,69486	22,28238	17,69487	22,93774
5860	17,03951	22,28237	17,69487	22,93773
5880	17,69486	22,28237	17,69487	22,93773
5900	17,69486	22,28237	17,69487	22,93773
5920	17,03951	22,28238	18,35024	22,28237
5940	27,52543	22,28238	32,76844	21,62703
5960	32,76844	20,97167	32,11307	20,97166
5980	32,11307	20,3163	32,11307	20,3163
6000	32,11307	20,3163	32,11307	20,3163
6020	32,11306	19,66094	32,11307	20,3163
6040	32,11305	19,66094	32,11305	20,3163
6060	32,11304	20,3163	32,76841	20,3163
6080	32,11304	19,66094	32,11305	20,3163
6100	32,11303	19,00558	31,45768	19,66094
6120	31,45767	18,35022	31,45768	19,00558
6140	31,45768	17,69486	31,45768	19,00558
6160	31,45767	18,35022	31,45768	19,00558
6180	31,45767	18,35022	31,45768	18,35022
6200	31,45767	17,69486	30,80232	19,00558
6220	30,80231	17,69486	30,14695	19,00558
6240	32,11304	17,69486	39,97749	19,00559
6260	41,94362	17,03952	41,28826	18,35024
6280	41,28824	17,69488	41,29079	18,35024
6300	-59,6372	17,69488	40,63289	18,35024
6320	40,63288	17,69488	41,28824	17,69488
6340	40,63288	17,03952	40,63288	17,69488
6360	40,63288	17,03952	40,63288	17,69488
6380	39,97752	17,03951	39,97752	17,69488
6400	39,97751	17,03952	39,97752	17,69487
6420	40,63289	17,03952	46,53123	17,69488
6440	49,15271	16,38417	49,15272	17,69489
6460	48,49735	17,03953	49,15271	17,6949
6480	48,49734	17,6949	47,84199	18,35026
6500	47,84198	17,6949	47,84199	18,35026
6520	47,84198	18,35026	47,18662	19,00562
6540	47,18662	18,35027	46,53127	18,35026
6560	46,53126	18,35027	46,53127	19,00563
6580	45,8759	18,35027	45,87591	19,00563
6600	45,22054	18,35027	45,22055	19,00562
6620	45,22054	18,35027	45,22055	19,00563
6640	45,22055	18,35027	45,87591	19,66098
6660	47,84198	20,31635	49,15271	21,62706
6680	49,80806	21,62706	53,08489	22,93778
6700	57,01712	22,28243	58,32785	23,59314
6720	58,32783	23,59315	58,9832	24,24851
6740	59,63855	24,24851	59,63856	25,55923
6760	59,63855	24,90387	60,94928	26,21459
6780	62,25999	26,21459	62,91535	27,52531
6800	64,88141	27,52532	66,19213	28,18068
6820	68,1582	28,18068	70,77964	29,4914
6840	73,40106	28,83604	75,36715	30,14676
6860	77,98857	30,14676	79,95465	31,45747
6880	82,57608	31,45748	84,54216	32,11283
6900	86,50822	31,45747	88,47431	32,11283
6920	90,44038	31,45747	100,92627	32,7682
6940	112,06758	32,11287	117,9659	31,45751
6960	117,96587	31,4575	118,62123	31,4575
6980	118,62123	30,80214	119,27658	31,4575
7000	119,27657	30,80214	117,3105	31,4575
7020	115,99978	30,14677	113,37835	30,80213
7040	109,44619	29,49141	106,82476	28,83605
7060	102,23725	26,86998	97,64974	26,86998
7080	93,71759	24,9039	90,4408	24,24853
7100	87,81936	22,93781	86,50866	22,9378
7120	85,19793	22,28245	83,88722	22,9378
7140	83,23187	22,28245	82,57651	22,28245
7160	81,92115	21,62709	81,2658	22,28244
7180	81,2658	20,97172	80,61045	21,62708
7200	79,95508	20,97172	79,29973	20,97172
7220	79,95508	20,97172	80,61044	21,62708
7240	79,95507	20,31636	80,61044	21,62708
7260	79,95506	20,31636	79,95507	20,97172
7280	79,2997	20,31636	79,29971	20,31636
7300	83,23192	19,661	91,75178	19,00566
7320	95,02865	18,35031	93,06255	18,35031
7340	93,06254	17,03958	93,06254	17,69495
7360	92,40718	15,72887	91,75182	17,03959
7380	91,75182	15,72887	91,09646	16,38423
7400	91,09645	15,07352	90,4411	15,72887
7420	90,44109	15,07352	90,44109	15,72888
7440	89,78572	14,41816	89,78573	15,07352
7460	89,78573	14,41816	89,13037	14,41816
7480	89,13037	13,7628	88,47501	13,7628
7500	87,81965	13,10744	88,47501	13,7628
7520	87,81964	13,10744	87,16429	13,7628
7540	87,16429	12,45208	86,50893	13,10744
7560	85,85356	13,10745	85,19822	13,10745
7580	85,19821	12,45209	85,19821	13,10745
7600	84,54285	11,79674	84,54285	12,45209
7620	84,54285	11,79674	84,54285	11,79673
7640	83,88749	11,14138	86,50896	11,14138
7660	89,78582	9,83066	89,13046	10,48602
7680	89,13044	9,83066	89,78581	9,83066
7700	89,7858	9,1753	89,13044	9,83066
7720	89,13043	8,51994	89,78579	9,17529
7740	89,78579	7,86458	89,78579	7,86457
7760	89,78579	7,20922	90,44116	7,86457
7780	90,44115	6,55385	91,09652	7,20921
7800	91,09651	6,55385	91,09651	7,2092
7820	91,75187	6,55385	92,40724	7,2092
7840	92,40723	5,89848	93,06259	7,2092
7860	92,40723	6,55384	93,0626	7,2092
7880	93,71795	6,55384	95,02868	7,20919
7900	94,37331	6,55383	93,06257	7,20918
7920	72,09073	7,86454	35,39004	12,45205
7940	6,55371	17,69493	-7,20906	21,62708
7960	-7,8644	22,28243	-5,2429	23,59314
7980	-5,24292	23,59314	-4,58758	24,90386
8000	-3,93224	24,90386	-3,27689	25,55923
8020	-3,27692	24,90386	-3,27692	26,21459
8040	-3,27695	25,55923	-3,93231	26,86995
8060	-3,93232	26,21459	-3,93232	26,86995
8080	-3,93233	26,21459	-3,93232	26,86995
8100	-4,58769	26,2146	-4,58768	26,86996
8120	-5,24304	25,55924	-4,58767	26,86995
8140	-4,58768	26,2146	-5,24303	26,86995
8160	-5,24303	26,86996	-5,24302	27,52533
8180	-5,89838	26,86997	-5,89837	27,52532
8200	-6,55374	26,86997	-5,89836	27,52533
8220	-6,55373	26,86997	-6,55371	27,52533
8240	-6,55371	26,86996	-6,5537	27,52533
8260	-6,5537	26,86997	-6,55368	27,52533
8280	-6,55368	27,52532	-6,55367	28,18068
8300	-6,55367	27,52532	-5,89831	28,18068
8320	-5,24295	27,52532	-4,58758	28,83604
8340	-1,96611	28,83605	1,31076	29,49142
8360	2,62149	28,83605	2,62149	29,49141
8380	3,27683	28,83605	4,58756	29,49141
8400	5,89825	29,4914	7,86434	30,80212
8420	8,51969	30,80212	9,17506	31,45748
8440	9,83041	30,80212	11,14113	31,45748
8460	11,14113	30,80212	12,45185	31,45748
8480	12,45184	30,14675	12,45184	30,80211
8500	12,45183	30,14675	14,41793	30,80211
8520	20,31627	29,49139	20,97169	28,83603
8540	20,97166	28,83603	20,97166	28,83603
8560	20,97165	28,83604	20,97165	29,49139
8580	20,31628	28,83603	20,31629	29,4914
8600	20,31628	28,83604	19,66093	29,4914
8620	19,66093	28,83604	19,00558	29,4914
8640	19,00557	28,83604	18,35022	29,4914
8660	17,69487	28,18068	17,69487	28,83604
8680	17,03951	28,18068	17,03952	28,18067
8700	16,38415	27,52532	16,38416	27,52531
8720	15,07344	26,86995	15,07345	26,86995
8740	14,41808	25,55923	13,76273	25,55923
8760	13,10737	24,90387	12,45202	25,55923
8780	12,45202	24,24851	11,79667	24,24851
8800	11,79666	22,93778	11,14131	23,59315
8820	11,1413	22,93778	11,14131	22,93778
8840	11,14131	22,28243	11,14132	22,93778
8860	10,48595	21,62706	10,48595	22,28242
8880	10,48594	21,62706	10,48596	21,62706
8900	9,83059	20,9717	10,48597	21,62706
8920	17,69507	19,66098	20,97195	19,00562
8940	19,66121	18,35026	19,00584	19,00562
8960	19,00583	18,35026	19,00584	18,35026
8980	19,00583	17,69491	19,00584	18,35027
9000	17,69511	17,6949	18,35048	18,35026
9020	18,35047	18,35027	18,35048	18,35027
9040	18,35047	17,69491	17,69511	18,35027
9060	20,31657	17,69491	28,83641	18,35028
9080	31,45792	16,3842	30,80256	17,03956
9100	30,80254	16,3842	30,80255	17,69492
9120	30,80254	16,3842	30,80254	17,03956
9140	31,45789	16,3842	31,45789	17,03956
9160	31,45787	17,03956	31,45788	17,69493
9180	31,45786	17,03956	31,45787	17,69492
9200	31,45786	17,69492	31,45786	18,35028
9220	31,45786	18,35029	30,8025	19,00565
9240	30,80249	18,35028	31,45786	19,00564
9260	30,8025	19,00565	30,8025	19,66101
9280	31,45785	19,00565	31,45786	19,661
9300	30,80248	19,00565	30,80249	19,661
9320	31,45784	19,00564	30,80248	19,661
9340	31,45784	18,35029	32,1132	19,661
9360	31,45783	18,35028	32,11321	19,00564
9380	32,1132	17,69492	32,1132	19,00564
9400	32,1132	17,69492	32,76857	18,35027
9420	32,76855	17,03955	38,66686	17,69492
9440	53,08501	15,72885	57,67264	15,72886
9460	56,3619	14,41814	57,01725	14,41813
9480	57,6726	13,10741	57,6726	13,76276
9500	57,67259	12,45204	57,6726	12,45204
9520	58,32795	11,79668	57,67259	12,45204
9540	57,67258	11,14131	58,32795	11,79667
9560	58,32794	11,14132	58,32795	11,79667
9580	58,32794	10,48596	58,98331	11,14131
9600	58,32794	10,48595	58,32795	11,79667
9620	58,32794	10,48595	58,32794	11,79667
9640	58,32794	10,48595	58,32795	11,79667
9660	58,32794	10,48595	58,32794	11,79667
9680	57,67258	11,14131	57,67259	11,79667
9700	58,32794	11,14131	57,67259	11,79667
9720	57,67258	11,79667	57,01723	12,45203
9740	57,01722	11,79668	57,01723	12,45204
9760	56,36186	11,79668	56,36187	12,45204
9780	55,7065	12,45204	59,63873	12,45205
9800	61,60486	12,45205	60,94951	13,1074
9820	60,94949	12,45205	60,9495	13,10741
9840	60,29414	12,45205	60,29414	13,10741
9860	60,29414	13,10741	60,29414	13,76278
9880	59,63878	13,10742	59,63879	13,76278
9900	60,29414	12,45205	60,29414	13,10741
9920	60,94949	12,45205	60,94949	13,10741
9940	60,94948	13,10741	60,94948	13,76277
9960	61,60482	13,10741	61,60484	13,76277
9980	60,94947	13,10741	60,94947	13,76278
10000	60,94947	13,10742	61,60484	13,10741
10020	61,60483	12,45205	62,26019	13,10741
10040	62,26019	12,45205	62,26019	13,10741
10060	62,91555	12,45204	63,5709	13,10741
10080	63,5709	12,45205	63,5709	13,76277
10100	63,57089	13,10741	63,57089	13,76277
10120	63,57088	13,10741	63,57089	13,76276
10140	63,57089	13,10741	62,91553	14,41813
10160	62,91553	13,10741	62,91554	14,41813
10180	62,26017	13,76277	62,26018	15,07349
10200	61,60482	14,41813	60,94946	15,72886
10220	60,94945	15,0735	60,2941	16,38422
10240	58,98338	16,38423	58,32803	16,38423
10260	57,0173	16,38423	57,01731	17,69496
10280	56,36194	17,0396	58,32804	18,35032
10300	62,91564	17,03962	63,57104	17,03961
10320	62,91565	16,38425	62,91566	17,69497
10340	62,26029	17,03961	62,91566	17,03961
10360	62,26029	17,03961	62,2603	17,03962
10380	62,26029	17,03961	62,2603	17,03961
10400	61,60493	16,38425	61,60494	17,03961
10420	62,26029	16,38425	62,2603	16,38426
10440	62,91566	15,7289	70,12476	16,38427
10460	74,05699	15,07355	73,40161	16,38427
10480	72,74624	15,72891	72,74625	15,72891
10500	72,74624	14,4182	72,74624	15,07355
10520	72,74624	14,41819	73,4016	15,07355
10540	72,74623	13,76283	72,09089	13,76283
10560	72,74624	13,76283	72,09089	13,76283
10580	72,74624	13,10747	72,74626	13,10746
10600	72,09089	13,10746	72,0909	13,10746
10620	72,09089	12,4521	72,0909	13,10746
10640	72,09089	12,4521	72,0909	13,10746
10660	72,0909	12,4521	72,09091	12,4521
10680	72,09089	11,79674	75,36774	13,10746
10700	83,88756	11,79676	89,78591	12,45213
10720	89,78591	11,14141	89,13054	12,45213
10740	89,13053	11,79677	89,13053	12,45213
10760	89,13053	11,14141	89,13054	12,45212
10780	89,13053	11,79677	89,13054	11,79676
10800	89,13052	11,79677	88,47517	11,79676
10820	89,13052	11,79676	89,13052	11,79676
10840	88,47516	11,1414	88,47516	11,79676
10860	87,8198	10,48604	88,47517	11,1414
10880	87,8198	10,48604	87,81981	10,48603
10900	91,09663	9,83068	100,27183	9,83069
10920	100,92721	8,51997	99,61648	9,17532
10940	99,61647	7,86461	99,61648	8,51996
10960	100,27183	7,865	99,61648	8,51996
10980	98,96111	7,86461	99,61648	8,51996
11000	98,96111	7,20924	98,96112	7,8646
11020	98,30819	6,55388	98,30576	7,20924
11040	98,30576	6,55388	98,30577	7,20923
11060	97,65041	5,89851	98,30577	6,55387
11080	98,30576	5,89851	98,30577	6,55387
11100	98,96111	5,8985	99,61647	6,55386
11120	99,61646	5,8985	98,9611	6,55386
11140	98,9611	5,8985	99,61646	6,55386
11160	99,61645	5,89851	99,61646	6,55386
11180	98,96109	5,8985	98,9611	6,55387
11200	98,9611	5,8985	98,9611	6,55386
11220	98,9611	6,55386	98,9611	6,55386
11240	98,9611	5,8985	104,20407	6,55387
11260	106,17018	5,89852	105,51481	7,20924
11280	105,5148	5,89852	105,5148	6,55388
11300	105,51479	5,89852	105,5148	5,89852
11320	105,51479	5,89852	105,5148	5,89852
11340	105,51479	5,24316	104,85944	5,24316
11360	104,85943	5,24316	104,85944	5,24315
11380	104,85943	4,5878	105,5148	5,24315
11400	105,51479	3,93243	105,51479	4,58779
11420	105,51479	4,58779	105,51479	4,58779
11440	106,17014	3,93243	105,51478	4,58779
11460	106,17014	3,93243	106,17014	4,58779
11480	106,17013	3,93243	106,8255	4,58778
11500	106,82549	3,93242	106,8255	4,58778
11520	98,96106	4,58778	69,46942	8,51993
11540	34,73481	12,45209	11,1415	16,38423
11560	1,96633	17,03957	3,93248	17,69492
11580	5,2432	17,69492	5,89855	18,35027
11600	6,55389	17,69491	7,20925	18,35026
11620	7,8646	17,6949	8,51997	17,6949
11640	7,86459	17,03954	8,51996	17,03953
11660	8,51995	15,7288	8,51996	16,38416
11680	9,17531	15,07344	8,51995	15,72879
11700	9,17531	15,07343	8,51995	15,07343
11720	8,51995	14,41807	9,17531	15,07343
11740	9,17531	13,7627	9,17532	14,41806
11760	9,17531	13,10734	9,17532	13,76269
11780	6,55383	13,7627	-1,96599	17,03951
11800	-3,93212	16,38415	-2,62138	17,69487
11820	-3,27674	17,0395	-2,62137	17,69486
11840	-3,27674	17,0395	-2,62136	16,38413
11860	-2,62136	15,72877	-2,62135	16,38412
11880	-3,27672	15,07341	-3,27671	15,72876
11900	-3,27671	13,76268	-3,93206	14,41804
11920	-3,93206	13,76268	-4,58741	14,41804
11940	-4,58741	13,76268	-5,24277	14,41804
11960	-5,24278	13,10732	-4,58741	14,41803
11980	-4,58741	13,10731	-5,24277	13,10731
12000	-9,17499	11,79658	-9,17499	11,79656
12020	-9,17499	10,48585	-9,17498	11,1412
12040	-9,17499	10,48585	-9,17498	11,1412
12060	-9,17498	9,83048	-8,51961	9,83047
12080	-8,51962	9,17511	-8,5196	9,17511
12100	-8,51961	8,51975	-7,86424	8,51974
12120	-8,5196	7,86438	-8,51959	8,51974
12140	-8,5196	7,86438	-9,17495	8,51974
12160	-9,17495	7,20902	-8,51958	7,86438
12180	-8,51959	7,20901	-9,17494	7,20902
12200	-9,17494	7,20902	-9,17493	7,20902
12220	-9,8303	6,55366	-9,83029	6,55365
12240	-9,17494	5,8983	-9,17495	5,89829
12260	-8,51959	5,24294	-8,51959	5,89829
12280	-8,5196	5,89829	-8,5196	5,89829
12300	-7,86425	5,24293	-7,86424	5,89828
12320	-7,86424	5,24293	-7,86424	5,89829
12340	-7,86424	4,58757	-7,86423	5,24292
12360	-7,86423	3,9322	-7,86423	4,58756
12380	-7,86423	3,9322	-7,86422	4,58756
12400	-7,86423	3,27684	-7,86422	3,27684
12420	-7,86423	2,62147	-7,86422	3,27683
12440	-7,20888	1,96611	-7,20887	2,62147
12460	-7,20888	1,31075	-6,55352	1,96611
12480	-7,20888	1,31074	-6,55352	1,31075
12500	-7,20888	1,31074	-6,55351	0,65537999999999
12520	-7,20888	1,9999999999243E-5	-6,55351	0,65537999999999
12540	-5,89816	0,65538	-5,89815	1,9999999999243E-5
12560	-5,89815	-0,65534	-5,89815	1,9999999999243E-5
12580	-5,89816	-0,65535	-5,24279	9,9999999960687E-6
12600	-5,89817	-0,65535	-5,2428	-0,65535000000001
12620	-4,58743	1,9999999999243E-5	-4,58742	1,31075
12640	-3,93208	0,65539	-3,93208	1,96612
12660	-3,93209	1,31075	-3,93207	1,31075
12680	-3,27672	0,65539	-3,27671	0,65537999999999
12700	-3,93208	1,31075	-3,93207	1,31075
12720	-3,93208	0,65539	-3,93208	1,31075
12740	-3,27673	1,31075	-3,27672	1,96611
12760	-3,93209	1,96612	-3,93209	1,96612
12780	-3,27673	1,96611	-3,27672	5,24293
12800	-3,27674	9,17515	-3,27674	11,7966
12820	-2,62139	12,45196	-2,6214	14,41804
12840	-2,62141	14,41805	-2,6214	14,41805
12860	-3,27676	13,76269	-2,6214	15,07341
12880	-3,27677	14,41805	-3,27675	14,41805
12900	-3,27676	13,76269	-2,62139	14,41804
12920	-3,27676	13,10732	-3,27675	13,76268
12940	-3,27675	12,45196	-3,27674	13,10732
12960	-3,27675	12,45196	-3,27674	12,45196
12980	-3,93211	12,45196	-3,27674	13,10731
13000	-3,9321	11,79659	-3,93209	13,10732
13020	-3,9321	12,45196	-3,93209	12,45195
13040	-4,58745	12,45195	-3,93208	12,45195
13060	-3,93209	11,79659	-3,93208	12,45195
13080	-3,93209	11,79659	-3,93208	12,45195
13100	-3,27673	11,79659	-3,27673	12,45194
13120	-3,27674	11,79658	-2,62137	12,45194
13140	-3,27674	11,79658	-3,27674	12,45194
13160	-3,27675	11,79658	-3,27674	12,45194
13180	-2,62138	11,14122	-2,62137	12,45194
13200	-2,62138	11,14122	-2,62137	11,79658
13220	-3,27674	11,14122	-3,27674	11,14122
13240	-3,27674	10,48586	-3,27673	11,79658
13260	-3,27674	10,48586	-3,27674	11,14122
13280	0,65545	10,48586	21,62733	13,10735
13300	57,67272	12,45207	89,13051	13,76288
13320	99,61652	13,10757	98,3058	14,41829
13340	96,99504	16,38438	97,6504	17,6951
13360	97,65038	16,38438	98,30574	17,03973
13380	98,30572	15,72901	98,96108	15,72901
13400	98,96107	15,07364	99,61644	14,41827
13420	99,61642	13,76291	100,27179	14,41827
13440	99,61642	13,10755	99,61643	13,10754
13460	99,61642	11,79682	99,61643	11,79681
13480	99,61642	11,14145	100,27179	11,14145
13500	99,61642	10,48609	99,61642	11,14144
13520	99,61642	9,83072	99,61642	10,48608
13540	100,27178	9,17535	99,61642	9,83071
13560	98,96106	8,51999	98,96106	9,17535
13580	98,96106	8,51999	98,96107	8,51999
13600	98,96106	7,86463	98,30571	8,51998
13620	96,99497	7,86462	89,13055	6,55387
13640	85,8537	5,24314	86,50908	6,55386
13660	86,50907	6,55386	86,50908	6,55387
13680	86,50907	5,89851	86,50908	7,20922
13700	85,85371	6,55387	86,50908	6,55386
13720	86,50908	5,89851	85,85372	7,20923
13740	85,85626	5,89851	85,85372	5,89851
13760	85,85372	5,24314	85,19837	5,8985
13780	85,85372	4,58778	86,50909	4,58778
13800	86,50908	3,93242	86,50908	4,58777
13820	87,16442	3,93241	87,16443	4,58777
13840	87,81977	4,58777	87,81978	4,58777
13860	87,81977	4,58777	88,47513	4,58776
13880	88,47513	3,9324	87,81977	3,9324
13900	87,81977	2,62168	87,81978	2,62167
13920	87,81977	1,31095	89,78587	4,58778
13940	92,40737	5,24317	95,02885	5,24317
13960	95,02884	4,58781	95,02883	4,58781
13980	95,02883	3,93244	95,02884	3,93244
14000	95,68418	3,93244	95,02883	3,93244
14020	95,68418	3,93244	95,68419	3,93243
14040	95,02882	3,27708	95,68419	3,93244
14060	95,68418	3,27708	95,6842	3,27707
14080	96,33955	2,62172	96,33956	3,27707
14100	96,33955	2,62171	96,99492	3,27707
14120	96,99491	2,6217	97,65027	2,6217
14140	96,99491	1,96634	88,4751	1,96634
14160	58,32809	5,24313	23,5935	10,486
14180	1,3109	15,72888	-7,20889	17,69494
14200	-3,27665	17,69492	-1,96587	19,00564
14220	0,00022000000000588	18,35027	0,6556	19,00562
14240	1,31097	17,6949	2,6217	18,35026
14260	2,6217	17,6949	2,6217	18,35025
14280	3,27705	16,38417	3,27705	16,38417
14300	2,62166	15,07345	2,62165	14,41809
14320	2,62163	13,76273	1,96626	13,10737
14340	1,96624	11,79665	1,96623	12,45201
14360	1,31085	11,14129	1,96621	11,79665
14380	1,31085	11,14129	1,31086	11,79664
14400	1,96622	11,79665	1,31087	12,452
14420	0,65549	12,45201	-3,27675	14,41809
14440	-2,62139	14,4181	-2,62137	15,07346
14460	-2,62138	15,07346	-2,62138	15,07346
14480	-2,62138	15,07346	-3,27674	15,07346
14500	-3,27675	13,76274	-3,27674	14,4181
14520	-3,27675	13,10738	-3,93211	13,76274
14540	-3,27675	13,10738	-3,27674	13,76273
14560	-3,27675	12,45201	-2,62138	13,10737
14580	-1,96602	12,452	-2,62137	13,10736
14600	-1,96602	12,45199	-0,65528	13,76271
14620	-0,65529	12,45199	-1,31063	13,76271
14640	-0,65528	12,45198	-0,65527	12,45198
14660	-0,65526999999999	11,79662	9,9999999996214E-5	11,79662
14680	-0,65526	11,14126	-0,65526	11,14125
14700	-0,65526	10,48589	-0,65524	9,83052
14720	-1,3106	8,5198	-1,31059	8,5198
14740	-0,65524	7,86444	-1,31059	7,86444
14760	-1,31059	7,20908	1,3109	7,86444
14780	5,24314	6,55373	7,86464	5,89837
14800	7,20927	5,24301	7,20927	5,89837
14820	7,20926	5,24301	6,55391	5,89837
14840	6,55391	4,58765	6,55391	5,24301
14860	6,5539	3,93229	5,89855	4,58765
14880	5,89853	3,93229	5,89853	4,58765
14900	6,55389	3,27693	6,55389	4,58765
14920	6,55388	3,27693	6,55388	4,58765
14940	6,55388	3,9323	6,55388	3,9323
14960	11,14147	3,27694	13,10761	3,27694
14980	12,45224	2,62158	12,45223	3,9323
15000	12,45222	3,27694	12,45223	3,27694
15020	11,79687	2,62158	11,79687	3,27694
15040	12,45223	2,62158	12,45223	2,62157
15060	12,45222	1,96622	12,45223	2,62157
15080	11,79687	1,31085	12,45224	1,96621
15100	11,79687	0,65549	12,45225	1,96621
15120	12,45224	1,96622	12,45225	2,62158
15140	12,45224	1,31086	12,45225	2,62158
15160	12,45225	1,96621	13,10761	1,96621
15180	13,1076	1,31085	13,10761	2,62157
15200	13,1076	1,31085	13,10761	1,96621
15220	13,10761	1,31085	13,10761	1,96621
15240	13,10761	0,65549	13,10761	1,31085
15260	13,10761	1,31085	13,76297	1,31084
15280	13,10761	0,65548	13,76297	1,31085
15300	13,1076	0,65549	13,1076	1,31085
15320	12,45224	0,65548	13,10761	1,31084
15340	13,1076	0,65548	13,10761	1,31084
15360	12,45224	0,65548	13,10761	1,31084
15380	12,45224	0,65549	12,45225	1,31084
15400	12,45225	1,31085	12,45226	1,9662
15420	12,45225	1,31084	12,45226	1,9662
15440	12,45225	0,65548	18,3506	1,31085
15460	25,55969	0,00014000000000181	26,87045	1,31087
15480	25,55972	0,00014000000000181	26,21508	0,0001399999999947
15500	26,21507	-0,65521	26,21508	-0,65522
15520	26,87044	-1,31058	26,87044	-0,65522
15540	26,87043	-1,31059	26,87044	-1,31059
15560	26,87044	-1,96595	26,87045	-1,31059
15580	26,87044	-1,96595	26,87045	-1,31059
15600	26,87044	-2,62131	26,87045	-1,96595
15620	26,87044	-2,62132	26,87045	-2,62132
15640	26,21509	-3,27668	26,2151	-2,62132
15660	25,55972	-3,27668	26,21509	-2,62132
15680	25,55973	-3,93204	25,55973	-3,27668
15700	26,21508	-3,27668	26,21509	-3,27668
15720	26,21509	-3,93204	25,55973	-3,27668
15740	25,55973	-3,93204	26,21509	-3,93204
15760	26,21508	-4,58741	26,87044	-4,58742
15780	26,87042	-5,24277	28,18114	-5,24278
15800	28,18113	-5,89814	28,18113	-5,24278
15820	28,83648	-5,89814	33,42405	-6,55351
15840	38,66704	-8,51958	39,97779	-7,86423
15860	39,97777	-8,51958	39,97778	-7,86423
15880	39,97777	-9,17494	39,32242	-8,51958
15900	39,32241	-9,83031	39,32242	-8,51959
15920	39,32241	-9,83031	39,32242	-8,51959
15940	39,32241	-9,83031	39,32241	-9,17495
15960	39,97776	-9,8303	39,32241	-9,17495
15980	39,32241	-9,17494	38,66705	-8,51958
16000	39,3224	-9,17494	38,66705	-8,51958
16020	38,66704	-9,17494	38,66705	-9,17494
16040	41,28851	-9,17494	47,18686	-9,17493
16060	47,84224	-10,48565	47,18687	-9,83029
16080	47,18685	-9,83029	47,18686	-9,17493
16100	46,53149	-10,48565	46,5315	-9,83029
16120	46,53149	-10,48565	46,5315	-10,48565
16140	46,53149	-11,14101	46,53149	-10,48565
16160	46,53148	-11,14101	45,87613	-10,48565
16180	46,53148	-11,79636	45,87612	-10,48564
16200	45,87613	-11,79637	45,87614	-11,141
16220	45,87613	-11,79636	43,25466	-10,48564
16240	39,32242	-11,141	39,32243	-10,48565
16260	39,97779	-11,14101	39,9778	-9,83029
16280	39,97779	-10,48565	39,9778	-9,83029
16300	39,32243	-10,48565	39,9778	-9,83029
16320	39,32243	-11,14101	39,32244	-9,83029
16340	39,32243	-11,14101	39,32244	-10,48565
16360	38,01171	-10,48565	38,66708	-9,83029
16380	38,01171	-11,14101	38,01172	-10,48565
16400	38,01172	-11,14101	37,35636	-10,48565
16420	37,35636	-11,14101	37,35637	-10,48565
16440	37,35636	-11,14101	37,35637	-11,14101
16460	37,35636	-11,14101	38,01172	-10,48565
16480	37,35636	-11,14101	37,35637	-10,48565
16500	37,35636	-11,14101	37,35637	-10,48565
16520	37,35636	-11,14101	37,35637	-10,48565
16540	37,35637	-11,14101	37,35638	-10,48566
16560	37,35637	-11,14101	37,35638	-10,48565
16580	38,01173	-11,14102	37,35638	-11,14102
16600	37,35637	-11,79638	38,01174	-11,79638
16620	37,35637	-12,45174	37,35637	-11,79639
16640	38,01173	-13,1071	38,01173	-11,79638
16660	37,35637	-13,10711	38,01173	-11,79639
16680	38,01173	-13,10711	38,01174	-12,45175
16700	37,35638	-13,10711	37,35638	-12,45175
16720	38,01174	-13,76247	38,01175	-13,10711
16740	38,01174	-13,76247	38,01174	-12,45176
16760	38,01174	-13,76247	38,01174	-13,10711
16780	38,01174	-13,10711	38,01175	-12,45175
16800	38,01174	-13,76247	38,01174	-12,45175
16820	38,01174	-13,76247	38,01175	-13,10711
16840	38,01174	-13,10712	38,01175	-12,45176
16860	38,01175	-13,10712	38,01175	-13,10712
16880	38,66709	-13,76248	38,6671	-13,10712
16900	39,32245	-13,10712	39,32244	-12,45176
16920	39,97779	-12,45176	39,97779	-11,7964
16940	39,97779	-12,45176	39,97779	-11,7964
16960	39,97778	-12,45176	39,97779	-11,7964
16980	39,97779	-12,45176	39,97779	-11,7964
17000	39,97779	-13,10712	39,97779	-11,7964
17020	39,97779	-11,7964	39,97779	-11,7964
17040	39,32243	-11,7964	39,9778	-11,7964
17060	39,97779	-12,45176	39,97779	-11,7964
17080	40,6357	-11,7964	43,91001	-11,14104
17100	44,56537	-12,45176	43,25465	-11,7964
17120	43,25463	-12,45175	43,91	-11,14104
17140	43,25464	-11,79639	43,91	-11,7964
17160	43,91	-11,79639	43,91001	-11,14104
17180	43,91	-11,7964	43,91001	-11,14104
17200	43,25464	-11,79639	43,25465	-11,14104
17220	43,91	-11,7964	43,25465	-11,14104
17240	43,25463	-11,79639	43,25464	-11,14103
17260	43,25464	-11,14103	43,25464	-10,48567
17280	43,25464	-11,14103	42,59928	-10,48567
17300	42,59927	-11,14103	46,5315	-9,8303
17320	48,4976	-11,14102	47,18688	-9,8303
17340	47,18687	-10,48566	47,84223	-9,8303
17360	47,18687	-9,8303	47,84224	-9,8303
17380	47,84223	-9,83029	47,18687	-9,17493
17400	47,18687	-10,48565	47,18688	-9,17493
17420	47,18687	-9,8303	47,18688	-9,83029
17440	46,53151	-9,83029	46,53152	-9,17494
17460	46,53151	-9,17493	46,53152	-9,17493
17480	46,53151	-9,17493	46,53152	-9,17494
17500	45,87615	-9,83029	45,87617	-9,17493
17520	45,87615	-9,17494	45,87617	-8,51957
17540	45,2208	-9,17493	45,87617	-9,17493
17560	45,2208	-9,83029	45,22081	-9,17493
17580	45,87616	-9,8303	45,87618	-9,17494
17600	45,22081	-9,83029	45,22081	-9,17494
17620	45,22081	-9,8303	44,56546	-9,17494
17640	45,22081	-9,8303	45,22081	-9,8303
17660	44,56545	-9,8303	44,56546	-9,17494
17680	45,22081	-9,8303	44,56546	-9,17494
17700	44,56545	-9,8303	44,56546	-9,17494
17720	45,22081	-9,8303	45,22082	-9,8303
17740	44,56546	-10,48566	44,56547	-9,17495
17760	44,56546	-9,83031	44,56546	-9,83031
17780	44,56546	-9,83031	44,56546	-9,83031
17800	44,56546	-10,48567	44,56547	-9,83031
17820	44,56546	-10,48567	43,9101	-9,83031
17840	43,9101	-9,83031	43,91012	-9,17495
17860	43,91011	-10,48566	43,91011	-9,17495
17880	43,91011	-10,48567	43,91012	-9,83031
17900	44,56547	-10,48567	45,22082	-9,83032
17920	44,56545	-10,48568	39,97784	-9,17496
17940	39,32246	-9,17496	40,6332	-8,51959
17960	40,6332	-9,17436	41,28856	-8,5196
17980	40,63319	-9,17496	41,28856	-7,86423
18000	41,28855	-9,17495	41,28856	-8,51959
18020	40,63319	-9,17495	40,63321	-8,5196
18040	40,63319	-9,17496	40,63321	-8,5196
18060	40,6332	-9,17496	39,97784	-7,86424
18080	39,97783	-9,17496	39,32249	-7,86424
18100	39,32248	-9,17496	39,32249	-8,5196
18120	39,32248	-8,5196	39,32248	-8,5196
18140	38,66711	-9,17496	38,66713	-8,51961
18160	39,32248	-9,17496	38,66712	-8,5196
18180	38,66711	-9,83033	38,66712	-8,51961
18200	38,66712	-9,17497	38,66712	-8,51961
18220	38,66711	-9,17497	38,66712	-9,17497
18240	38,66711	-9,83033	38,66712	-9,17497
18260	39,32247	-9,17497	39,32248	-8,51961
18280	38,66711	-9,17497	39,32248	-9,17497
18300	49,15301	-8,5196	58,32823	-8,51957
18320	57,67288	-9,17493	57,0175	-7,86421
18340	56,36213	-8,51957	57,01749	-8,51958
18360	57,01749	-9,17494	57,67286	-8,51958
18380	57,01749	-9,17494	57,67285	-8,51958
18400	57,01748	-8,51958	57,01749	-7,86422
18420	57,01749	-8,51958	57,01749	-7,86422
18440	57,01749	-8,51958	57,01749	-7,86422
18460	56,36212	-9,17494	56,36213	-7,86422
18480	56,36212	-8,51958	56,36213	-7,86422
18500	56,36212	-8,51958	56,36213	-7,86422
18520	56,36212	-8,51958	56,36213	-7,86422
18540	55,70676	-7,86422	55,70677	-7,20887
18560	55,70677	-8,51958	55,05141	-7,86422
18580	55,05141	-7,86422	57,67289	-7,86423
18600	58,98365	-9,17494	58,32829	-7,86422
18620	58,32827	-8,51957	58,32828	-7,20885
18640	58,32827	-7,86421	58,32828	-7,86421
18660	58,32827	-7,86421	58,32829	-7,20885
18680	57,67291	-7,86421	57,67292	-7,20885
18700	57,67291	-7,86421	57,67292	-7,20885
18720	57,67292	-7,86421	57,01756	-7,20885
18740	57,01756	-7,86421	57,01757	-7,20885
18760	57,01756	-7,20885	57,01756	-7,20885
18780	57,01756	-7,86421	57,01757	-7,20885
18800	57,01756	-7,86421	57,01757	-6,55349
18820	57,01755	-7,20885	57,01756	-6,55349
18840	57,01755	-6,55349	57,01756	-6,55349
18860	57,01755	-6,55349	57,01756	-5,89813
18880	59,63902	-5,89812	66,19274	-5,89811
18900	66,19275	-6,55347	64,88202	-5,24275
18920	65,53738	-6,55347	66,19274	-6,55347
18940	66,19273	-7,20883	65,53738	-5,89811
18960	65,53737	-6,55347	66,19273	-6,55348
18980	66,19272	-7,20883	66,84808	-7,20884
19000	66,84807	-7,8642	66,84807	-6,55348
19020	66,1927	-7,20884	66,84806	-6,55348
19040	66,84805	-7,20884	66,1927	-6,55348
19060	66,84806	-7,8642	66,84807	-7,20884
19080	72,74638	-7,20883	81,92158	-6,55344
19100	83,23234	-7,2088	82,57697	-5,89808
19120	82,57696	-7,2088	82,57696	-6,55344
19140	82,57695	-7,2088	81,9216	-5,89807
19160	81,92159	-6,55343	81,92159	-5,89807
19180	81,92159	-5,89806	81,92159	-5,2427
19200	81,26623	-5,89806	81,26623	-5,2427
19220	80,61086	-5,89806	80,61087	-5,2427
19240	80,61085	-5,24269	79,30014	-4,58733
19260	79,30013	-5,89806	79,30014	-4,58734
19280	79,30013	-5,2427	79,30013	-4,58734
19300	79,30012	-5,2427	79,30013	-4,58734
19320	79,30012	-5,2427	79,30012	-4,58734
19340	79,30012	-5,89807	79,30012	-5,24271
19360	79,30012	-5,24271	79,30012	-5,24271
19380	79,30011	-6,55343	79,30012	-5,89808
19400	79,30011	-6,55343	78,64476	-6,55343
19420	79,30011	-7,2088	78,64476	-6,55344
19440	78,64475	-7,86416	78,64475	-7,2088
19460	78,64475	-7,86416	78,64475	-7,2088
19480	78,64474	-8,51952	78,64475	-7,20881
19500	87,81992	-8,5195	97,65048	-8,51948
19520	97,6505	-9,17484	96,33977	-9,17484
19540	96,33976	-9,8302	96,33977	-9,8302
19560	96,33976	-10,48556	95,68441	-9,83021
19580	95,6844	-10,48556	95,6844	-10,48557
19600	95,6844	-11,14093	95,02904	-10,48557
19620	95,68439	-11,79629	95,6844	-11,14093
19640	95,68439	-11,79629	95,02904	-11,14093
19660	95,02903	-11,7963	95,6844	-11,7963
19680	95,02903	-13,10702	95,6844	-11,7963
19700	95,6844	-12,45166	95,6844	-12,45166
19720	95,6844	-13,10703	95,6844	-13,10703
19740	96,33975	-13,76239	95,6844	-13,10703
19760	96,33975	-13,76239	96,99511	-13,76239
19780	96,99511	-14,41775	96,99511	-13,7624
19800	96,99511	-14,41776	97,65047	-13,7624
19820	97,65046	-14,41776	98,30583	-13,7624
19840	98,30583	-14,41776	98,30583	-13,7624
19860	98,96119	-15,07312	99,61656	-14,41777
19880	99,61655	-15,72849	100,27192	-14,41776
19900	100,92727	-13,7624	100,27191	-12,45167
19920	102,23798	-11,14094	102,23798	-8,51949
19940	103,54868	-7,20876	103,54868	-5,24268
19960	102,89331	-5,89803	102,89332	-4,58731
19980	102,89331	-3,93194	102,89332	-3,27658
20000	102,89331	-3,27658	102,23796	-2,62122
20020	102,89331	-2,62122	103,54868	-1,96586
20040	103,54866	-2,62122	104,20402	-1,3105
20060	104,20401	-1,96586	104,20402	-1,3105
20080	104,204	-1,3105	104,204	-0,65513
20100	104,20399	-1,31049	104,204	-0,65514
20120	104,20399	-1,96586	97,6503	-0,65514
20140	67,50332	1,31094	33,42407	7,20919
20160	7,86464	12,45207	4,58783	15,72886
20180	7,2093	17,69495	9,17538	21,62713
20200	9,17533	24,90395	9,83067	29,49149
20220	11,14135	32,76831	11,14133	36,70049
20240	11,14129	38,01122	11,1413	39,32195
20260	10,48592	39,32195	11,14128	39,97731
20280	10,48592	39,97732	10,48593	39,32195
20300	9,83056	38,01122	10,48594	38,66658
20320	10,48593	37,35586	10,48594	37,35585
20340	10,48595	36,04512	10,48596	36,04511
20360	7,86448	35,38976	-1,3107	36,04511
20380	-5,24295	34,73437	-4,58757	35,38973
20400	-4,58757	34,07902	-4,58756	34,07901
20420	-4,58756	34,079	-4,58754	32,76828
20440	-5,2429	30,80219	-5,89822	30,80219
20460	-6,55357	30,14684	-7,86427	30,80221
20480	-8,51962	30,14686	-9,83032	31,45759
20500	-10,48568	31,4576	-10,48566	32,11297
20520	-10,48567	32,11297	-10,48566	32,76833
20540	-10,48566	31,45761	-10,48565	31,45761
20560	-9,17494	30,14689	-8,51956	30,14688
20580	-8,51957	28,83616	-8,51956	29,49151
20600	-10,48569	28,83616	-10,48569	29,49152
20620	-9,83034	28,83616	-9,17497	29,49151
20640	-9,83034	28,83615	-9,17497	28,83615
20660	-9,17498	28,18078	-9,17498	29,4915
20680	-9,17498	28,83614	-9,17498	29,49149
20700	-9,17498	28,83613	-8,51961	28,83613
20720	-8,51962	28,18076	-8,51961	28,83612
20740	-8,51961	28,18076	-8,5196	28,18075
20760	-8,51961	26,87003	-8,5196	27,52538
20780	-7,86425	26,21466	-7,86425	26,87002
20800	-7,86426	25,5593	-7,2089	26,21465
20820	-7,20891	25,55929	-6,55355	25,55928
20840	-6,55356	24,24856	-5,89819	24,90392
20860	-5,8982	23,5932	-5,89819	24,24855
20880	-5,8982	22,93784	-5,89819	22,93783
20900	-5,8982	22,28247	-5,89819	22,93783
20920	-5,8982	22,28247	-5,89818	22,93782
20940	-5,89819	21,6271	-5,89818	21,62709
20960	-5,89819	20,97174	-5,24282	21,62709
20980	-5,24283	20,97173	-5,24282	20,97172
21000	-5,24283	20,31636	-5,24283	20,31636
21020	-5,24283	19,661	-5,24282	19,661
21040	-5,24283	19,00564	-5,24282	19,661
21060	-5,24283	18,35028	-1,96597	19,661
21080	-0,65524	18,35029	-1,31059	19,00564
21100	-1,31061	18,35028	-1,3106	18,35028
21120	-1,96596	17,69492	-1,3106	18,35028
21140	-1,3106	17,03956	-1,3106	17,69492
21160	-1,96596	17,03955	-1,3106	17,03955
21180	-1,3106	15,72883	-1,31059	17,03955
21200	-1,96596	15,72883	-1,96595	16,38419
21220	-1,3106	15,72883	-1,31059	16,38419
21240	-1,3106	15,72883	-1,31059	16,38419
21260	-1,3106	15,72883	-1,31059	15,72883
21280	-1,3106	15,72883	-1,31059	15,72882
21300	-1,31059	15,07346	-1,31059	15,07346
21320	-1,3106	14,4181	-1,31059	15,07346
21340	-1,3106	14,4181	-1,31059	15,07346
21360	-1,31059	13,76274	-1,31058	15,07346
21380	-1,3106	14,4181	-1,31059	15,07346
21400	-1,31059	13,76274	2,62163	14,4181
21420	3,93239	13,76275	3,27703	14,41811
21440	3,27701	13,76275	3,27702	14,41811
21460	2,62165	14,41812	2,62166	15,07348
21480	2,62165	14,41811	2,62166	14,41812
21500	2,62164	14,41812	3,27701	14,41812
21520	3,277	14,41812	2,62164	15,07347
21540	3,27699	15,07348	2,62164	15,72883
21560	2,62163	15,07347	2,62164	15,72883
21580	2,62163	15,07348	2,62164	15,72884
21600	1,96628	15,07348	1,96629	15,72884
21620	1,96628	15,07348	1,96629	15,72884
21640	1,96629	15,72884	1,9663	15,72884
21660	1,96629	15,07348	1,96629	15,72884
21680	1,96628	15,72884	1,31093	16,3842
21700	1,31092	15,07348	1,31092	16,3842
21720	1,31092	15,72884	1,31092	16,38421
21740	1,31092	15,72884	3,93241	16,38421
21760	3,93244	15,72885	3,93244	16,38421
21780	3,93242	15,72885	3,93244	16,38421
21800	3,27707	15,72885	3,27707	15,72885
21820	3,27707	16,38421	3,27707	17,03957
21840	3,27706	15,72886	3,27707	16,38421
21860	3,27707	15,72885	3,27707	16,38421
21880	3,27706	15,72885	2,62171	16,38421
21900	3,27707	15,72885	2,62171	16,38421
21920	2,62171	15,72885	2,62172	15,72885
21940	2,62171	15,07349	2,62172	15,72884
21960	2,62171	15,07349	2,62172	15,72884
21980	2,62171	14,41812	2,62172	15,72884
22000	1,96635	14,41813	2,62173	15,07348
22020	2,62172	13,76276	1,96636	14,41812
22040	1,96636	13,76276	1,96637	14,41812
22060	1,96636	13,1074	1,96637	13,76276
22080	1,96636	13,10739	1,96636	13,76275
22100	3,93246	13,10739	13,10769	13,76277
22120	18,35067	12,45207	18,35068	12,45206
22140	17,6953	11,7967	17,6953	12,45206
22160	17,6953	11,14133	17,69531	11,14133
22180	17,69529	9,8306	17,6953	10,48596
22200	18,35065	9,8306	18,35064	10,48596
22220	19,00599	9,17523	19,006	9,83059
22240	19,00599	9,17522	19,00599	9,83058
22260	19,00598	8,51986	19,006	9,17522
22280	19,00599	8,51986	19,006	9,17521
22300	19,006	8,51985	19,66137	8,51985
22320	19,66136	7,20912	19,006	7,86448
22340	19,006	7,20913	19,00601	7,20912
22360	19,006	6,55376	19,006	7,20912
22380	18,35063	6,55377	19,006	6,55376
22400	18,35062	5,8984	18,35064	5,8984
22420	18,35063	4,58768	18,35064	5,24304
22440	18,35063	5,24305	18,35064	5,24304
22460	18,35063	4,58767	18,35064	5,24304
22480	18,35063	4,58767	18,35064	5,24304
22500	18,35064	4,58768	18,35065	5,24303
22520	17,03991	3,93232	15,07379	4,58768
22540	15,07378	5,24304	15,07379	5,8984
22560	15,07379	5,24304	14,41843	5,8984
22580	14,41843	5,24304	14,41843	5,8984
22600	15,07379	5,24304	14,41844	5,8984
22620	15,07379	5,24304	15,07379	5,8984
22640	15,07379	5,24304	15,0738	5,8984
22660	15,07379	5,24304	15,72915	5,89839
22680	15,72915	4,58767	15,72916	4,58766
22700	16,38451	3,93231	16,38452	4,58766
22720	16,38451	3,9323	16,38452	4,58766
22740	17,03987	3,93231	16,38452	4,58766
22760	17,03988	3,9323	16,38452	4,58766
22780	16,38451	3,27694	16,38452	3,9323
22800	16,38451	3,9323	15,0738	4,58766
22820	15,0738	3,27694	15,0738	4,58766
22840	20,31676	3,93231	22,93828	3,27695
22860	21,62754	2,62159	20,97217	3,93232
22880	20,97217	3,93232	20,97218	4,58768
22900	20,97217	3,93232	20,31682	3,93232
22920	20,31682	3,27696	20,31682	3,93232
22940	20,97217	2,6216	21,62753	3,93231
22960	20,97216	3,27695	21,62752	3,93231
22980	21,6275	3,27696	28,83658	4,58768
23000	36,04568	2,62161	36,04569	3,27698
23020	34,73493	2,62162	35,39031	3,27698
23040	35,3903	1,96626	36,04565	2,62161
23060	35,39029	1,96626	35,3903	2,62161
23080	35,39028	1,96626	35,39029	3,27698
23100	35,39028	2,62162	36,04565	3,27698
23120	35,39028	1,96626	36,04564	2,62162
23140	36,04564	1,96625	36,04564	2,62161
23160	35,39027	1,96625	35,39028	2,62162
23180	35,39027	1,96625	36,04563	1,96626
23200	36,04563	1,31089	36,04563	1,96625
23220	35,39026	1,96626	36,04562	2,62161
23240	36,04563	1,96626	36,04563	1,96626
23260	36,04562	1,96625	36,04564	2,62161
23280	35,39027	1,31089	34,7349	3,27698
23300	35,39026	1,96626	35,39026	2,62162
23320	34,7349	1,31089	35,39027	2,62161
23340	34,7349	1,96626	34,07954	3,27698
23360	34,07954	1,96626	33,42418	2,62162
23380	33,42418	2,62162	33,42418	2,62162
23400	33,42418	2,62162	33,42418	2,62162
23420	33,42418	1,96626	33,42419	2,62162
23440	33,42418	1,96626	32,76883	2,62162
23460	32,76882	1,96626	32,76883	2,62161
23480	32,76883	1,3109	33,42419	1,96625
23500	38,66715	1,3109	41,28866	1,3109
23520	40,63328	0,65554	40,63328	1,3109
23540	40,63328	0,65554	40,63328	1,3109
23560	40,63328	0,65554	40,63328	0,65553999999999
23580	40,63328	0,00019000000000347	39,97792	0,00018000000000029
23600	39,97792	-0,65517999999999	39,97793	0,00018000000000029
23620	39,97792	-0,65517999999999	39,97792	-0,65519
23640	39,32256	-1,31055	39,32256	-0,65518
23660	42,59939	-1,31055	49,8085	-1,31053
23680	51,77462	-2,62125	50,46389	-2,62125
23700	50,46388	-3,27661	51,11925	-2,62126
23720	50,46388	-3,93198	51,11925	-2,62126
23740	51,11924	-3,93197	50,46389	-3,27662
23760	50,46388	-3,93197	50,46389	-3,93198
23780	51,11925	-4,58734	50,46389	-3,93198
23800	51,11925	-4,58734	50,46389	-4,58734
23820	50,46388	-5,2427	51,11925	-4,58735
23840	56,3622	-5,2427	64,22668	-4,58732
23860	66,19279	-5,24268	66,19278	-5,24268
23880	65,53741	-5,89804	66,19277	-5,24268
23900	66,19276	-5,24268	66,19277	-3,93196
23920	66,19276	-3,93196	66,19276	-3,93196
23940	66,19276	-4,58716	66,19277	-3,2766
23960	66,19277	-3,93195	65,53741	-3,93196
23980	64,88205	-4,58731	65,53741	-3,2766
24000	64,88205	-4,58732	64,88205	-3,2766
24020	64,88205	-3,93196	64,88205	-3,93196
24040	64,88205	-4,58732	64,22669	-3,93196
24060	64,22669	-4,58732	63,57133	-3,2766
24080	63,57133	-4,58732	63,57133	-4,58732
24100	63,57133	-5,24268	63,57133	-4,58732
24120	62,91597	-5,24268	62,91598	-5,24268
24140	62,91597	-5,24269	62,26062	-5,24269
24160	62,91597	-6,5534	64,22669	-5,89805
24180	68,81426	-6,55341	72,09113	-6,5534
24200	73,40183	-7,20876	74,71254	-6,55341
24220	75,36789	-7,86413	76,02325	-7,20877
24240	76,02325	-7,86413	76,02325	-7,86413
24260	76,02324	-8,51949	75,36788	-7,86413
24280	74,71252	-9,17485	73,40181	-8,51949
24300	72,74644	-9,17485	72,09109	-8,519
24320	72,09108	-9,17485	72,09109	-9,17486
24340	71,43572	-9,83021	71,43573	-9,17485
24360	71,43571	-9,83022	71,43572	-9,83021
24380	70,78035	-10,48557	71,43572	-9,83022
24400	71,43571	-10,48558	71,43571	-9,83022
24420	71,43571	-10,48558	72,09107	-9,83022
24440	72,09107	-11,14094	72,74643	-10,48558
24460	72,74643	-11,14094	72,74644	-11,14095
24480	72,74644	-11,79631	58,98369	-9,83022
24500	27,52594	-7,20879	2,62188	-1,96591
24520	-7,86403	0,00016000000000105	-5,8979	0,6555
24540	-5,24254	0,00014000000000181	-4,58718	0,65549
24560	-3,93184	0,00013000000000574	-3,27648	-0,65524000000001
24580	-2,62112	-1,3106	-1,96576	-1,31061
24600	-1,31041	-2,62133	-1,3104	-2,62134
24620	-0,65505	-3,2767	-0,65505	-3,2767
24640	-0,65506	-3,93207	-0,65505	-3,93207
24660	-0,65506999999999	-5,2428	0,00029999999999575	-5,2428
24680	-0,65508	-5,2428	-5,24269	-3,2767
24700	-5,89806	-2,62135	-5,24269	-1,96599
24720	-4,58734	-1,96599	-4,58733	-1,31063
24740	-4,58733	-1,96599	-4,58733	-1,31063
24760	-4,58733	-1,31063	-4,58732	-0,65527
24780	-4,58732	-1,31064	-4,58731	-0,65528
24800	-4,58733	-1,31063	-4,58732	7,9999999996971E-5
24820	-4,58732	-1,31063	-4,58732	-0,65528
24840	-5,24268	-1,31064	-5,24268	-0,65528
24860	-5,24268	-1,31064	-5,24268	-0,65528
24880	-5,24268	-1,31064	-5,24268	-0,65528
24900	-5,24268	-1,31064	-5,24268	-0,65529
24920	-5,24269	-0,65528	-5,89803	7,9999999996971E-5
24940	-5,89804	-1,31064	-5,89803	-0,65528
24960	-5,89803	-0,65528	-7,86414	9,0000000000146E-5
24980	-8,51952	9,0000000000146E-5	-7,20878	0,65544999999999
25000	-7,20879	0,65545	-7,20879	1,31081
25020	-7,20879	0,65545	-7,20879	1,96617
25040	-7,2088	1,31082	-7,20879	1,96618
25060	-7,2088	1,31082	-7,20879	1,96617
25080	-7,20879	0,65545	-7,20879	1,31081
25100	-7,86415	1,31081	-7,86414	0,65544999999999
25120	-7,86415	8,0000000004077E-5	-7,86414	0,65544
25140	-7,86415	-0,65528	-7,86415	7,9999999996971E-5
25160	-7,20878	8,0000000004077E-5	-5,24266	7,9999999996971E-5
25180	-5,24266	-0,65528	-5,24266	7,9999999996971E-5
25200	-5,89803	-0,65528	-5,89802	-0,65528
25220	-5,89803	-1,31064	-5,89801	-0,65528
25240	-5,89802	-1,31064	-5,89801	-1,31064
25260	-5,89801	-1,31064	-5,89801	-1,31064
25280	-5,24266	-1,966	-5,24266	-1,31064
25300	-4,58731	-1,96601	-3,93195	-1,31065
25320	-3,2766	-1,96601	-3,2766	-1,31065
25340	-3,27661	-1,31064	-2,62125	-0,65528
25360	-3,27661	-1,966	-2,6187	-0,65529
25380	-2,62125	-1,31065	-1,96589	-0,65529
25400	-1,96589	-1,96601	-2,62124	-1,31065
25420	-2,62124	-1,96601	-2,62124	-0,65529
25440	-3,27661	-0,65529	-3,93196	-0,65529
25460	-4,58733	-0,65529	-3,93197	6,9999999993797E-5
25480	-3,93198	7,0000000000903E-5	-1,96586	0,65543
25500	-1,31049	-0,65528	-1,96585	0,65544
25520	-1,96586	8,0000000004077E-5	-1,96586	0,65544
25540	-1,96586	8,0000000004077E-5	-2,62121	0,65544
25560	-2,62121	8,0000000004077E-5	-2,6212	1,3108
25580	-1,96585	0,65544000000001	-2,6212	1,3108
25600	-1,96585	0,65544000000001	-2,6212	0,65544
25620	-2,62121	0,65544000000001	-2,6212	1,3108
25640	-2,62121	8,0000000004077E-5	-2,6212	1,3108
25660	-2,62121	0,65544000000001	-3,27656	1,3108
25680	-3,27657	0,65544000000001	-3,27656	1,3108
25700	-3,93193	0,65545	-3,93192	1,3108
25720	-3,93193	0,65544000000001	-4,58728	1,96616
25740	-5,24264	1,3108	-5,24263	1,96617
25760	-5,24264	1,31081	-5,89799	1,3114
25780	-6,55335	0,65545	-5,89799	1,96616
25800	-6,55335	0,65545	-6,55334	1,31081
25820	-6,55335	0,65545	-6,55334	1,3108
25840	-7,2087	0,65544000000001	-7,2087	0,65544
25860	-7,2087	8,0000000004077E-5	-7,2087	1,3108
25880	-7,2087	0,65544000000001	-7,2087	1,3108
25900	-6,55334	8,0000000004077E-5	-6,55334	1,3108
25920	-6,55334	0,65544000000001	-7,20869	1,3108
25940	-7,2087	8,0000000004077E-5	-7,20869	1,3108
25960	-7,86406	0,65545	-7,20869	1,3108
25980	-7,20869	0,65545	-7,2087	0,65544
26000	-9,17482	1,31081	-8,51945	1,96617
26020	-8,51944	1,31081	-8,51944	1,31081
26040	-8,51944	1,31081	-8,51944	1,31081
26060	-8,51944	0,65545	-9,17479	0,65544999999999
26080	-7,86407	0,65544000000001	-1,96572	9,0000000000146E-5
26100	-0,65497	-1,31063	-1,31035	9,0000000000146E-5
26120	-1,31037	-1,31064	-1,31036	7,9999999996971E-5
26140	-1,96574	-0,65526999999999	-1,31037	9,0000000000146E-5
26160	-1,96574	-1,31063	-1,96574	-0,65527
26180	-1,96574	-0,65526999999999	-1,96573	-0,65528
26200	-1,96573	-1,31064	-2,62109	-0,65528
26220	-1,96573	-1,31064	-1,96572	-1,31064
26240	-2,62109	-1,966	-1,96572	-1,31065
26260	-1,96573	-1,966	-1,96572	-1,31065
26280	-1,96573	-1,966	-1,96572	-1,966
26300	-1,96574	-1,966	-1,96573	-1,31065
26320	-1,31038	-2,62137	-1,96574	-1,96601
26340	-1,96574	-2,62137	-1,96574	-1,96601
26360	-1,96574	-2,62136	3,27723	-1,966
26380	7,20948	-3,27671	7,20948	-3,27672
26400	6,5541	-3,93208	7,20947	-2,62136
26420	7,20946	-3,27672	6,5541	-2,62136
26440	7,20946	-3,27672	7,86482	-2,62136
26460	7,20945	-3,27672	7,20946	-1,966
26480	7,20946	-3,27672	7,20946	-1,966
26500	7,20946	-2,62136	6,5541	-1,966
26520	7,20945	-2,62135	7,20946	-1,966
26540	7,20945	-2,62136	7,20946	-1,966
26560	7,20945	-1,96599	7,20946	-1,96599
26580	6,55409	-1,96599	6,5541	-0,65527
26600	6,55409	-1,96599	6,5541	-0,65527
26620	5,89874	-1,96599	5,89875	-1,31063
26640	5,89874	-1,31063	5,89875	-0,65527
26660	5,89874	-1,31063	5,89875	-0,65527
26680	5,89875	-1,31063	5,89875	-0,65527
26700	5,89874	-0,65526999999999	5,24339	-0,65527
26720	7,20948	-1,31063	13,10784	-0,65526000000001
26740	15,07396	-1,96598	14,4186	-0,65527
26760	14,41859	-1,31062	14,41859	-0,65526000000001
26780	14,41859	-1,31062	14,41859	-0,65526000000001
26800	13,76323	-1,31062	13,76323	-0,65526000000001
26820	13,76323	-1,31062	13,76323	-0,65526000000001
26840	13,76323	-1,31062	13,10788	-1,31062
26860	13,10787	-1,96598	13,10788	-1,31063
26880	13,10788	-1,96599	13,10788	-1,31063
26900	13,76323	-2,62135	13,76323	-1,31063
26920	18,3508	-1,96598	21,62768	-1,96598
26940	22,28303	-2,62134	22,28302	-1,96598
26960	22,28301	-2,62134	22,28302	-1,96598
26980	22,93837	-2,62134	22,28301	-1,96598
27000	22,283	-2,62134	22,28301	-1,96599
27020	22,283	-2,62135	22,28301	-2,62135
27040	22,283	-3,27671	22,28301	-2,62135
27060	22,283	-3,2767	22,93837	-2,62135
27080	22,93836	-3,27671	22,93836	-2,62136
27100	22,93835	-2,62136	23,59372	-2,62136
27120	22,93835	-3,93208	23,59371	-3,27672
27140	23,59371	-3,93209	23,59371	-3,27672
27160	24,24906	-4,58745	23,59371	-3,27673
27180	24,24906	-5,2428	24,24907	-4,58745
27200	24,24905	-5,24281	24,90442	-4,58745
27220	24,90442	-5,24281	25,55978	-5,24282
27240	24,90441	-5,89818	28,18124	-4,58745
27260	37,35644	-5,2428	40,63332	-5,89815
27280	39,97795	-6,55352	39,32258	-5,24279
27300	39,32257	-5,89816	39,97794	-5,89816
27320	39,32257	-6,55352	39,32258	-5,89816
27340	38,66721	-6,55351	39,32256	-5,89816
27360	38,6672	-6,55352	38,66721	-6,55352
27380	38,6672	-7,20888	38,01185	-6,55352
27400	38,01184	-7,20888	38,66721	-6,55352
27420	38,66721	-7,20888	38,01185	-6,55352
27440	38,01184	-6,55352	38,01185	-5,89816
27460	38,01185	-6,55352	38,01185	-5,89816
27480	38,01184	-6,55352	38,01185	-5,89816
27500	38,01185	-6,55352	38,01185	-5,89815
27520	38,01184	-6,55351	38,01185	-5,89815
27540	38,01185	-6,55351	38,01186	-5,89815
27560	38,01185	-6,55351	38,01186	-5,89816
27580	38,01185	-6,55351	38,01186	-5,89815
27600	38,01185	-7,20887	38,01186	-6,55351
27620	38,01185	-7,20887	37,3565	-6,55352
27640	38,01185	-7,86423	37,3565	-7,20887
27660	37,3565	-7,86424	38,01186	-7,20888
27680	36,04575	-7,86423	32,11354	-7,20888
27700	32,76889	-7,86424	33,42426	-7,20888
27720	32,11354	-7,86424	32,76891	-7,20889
27740	32,76891	-7,86424	32,76891	-7,86425
27760	32,76891	-8,51961	32,76891	-8,51961
27780	32,76891	-9,17497	-59,63684	-8,51961
27800	32,76891	-9,83033	32,76892	-9,17498
27820	32,76891	-9,83034	32,76893	-9,83034
27840	32,76892	-11,14106	32,11358	-10,4857
27860	32,76893	-11,14106	32,76894	-10,4857
27880	32,11357	-11,14106	36,04578	-10,4857
27900	39,32264	-11,79642	38,66729	-11,14106
27920	38,66727	-12,45178	39,32264	-11,14106
27940	39,32264	-12,45178	38,66728	-11,79642
27960	38,66728	-12,45178	38,66729	-11,79642
27980	38,66728	-12,45178	38,66729	-12,45178
28000	38,66729	-13,10714	38,6673	-13,10714
28020	38,66729	-13,7625	38,66729	-13,10715
28040	39,32265	-14,41787	39,97801	-13,10714
28060	39,978	-14,41787	39,97801	-13,10715
28080	39,97799	-13,76251	39,97799	-13,10715
28100	40,63335	-13,10714	39,978	-13,10715
28120	40,63334	-13,76251	39,97799	-12,45178
28140	39,97798	-13,76251	39,97799	-13,10715
28160	39,97799	-13,76251	39,97799	-13,76251
28180	39,97799	-14,41786	39,32264	-13,76251
28200	39,97799	-14,41786	39,97799	-14,41787
28220	39,97799	-14,41787	39,97799	-13,76251
28240	39,97799	-14,41787	40,63335	-13,76251
28260	42,59943	-14,41787	49,15316	-13,7625
28280	51,77465	-15,07321	51,11929	-13,7625
28300	50,46391	-14,41785	50,46392	-13,76249
28320	51,11927	-15,07321	51,11928	-13,76249
28340	51,11927	-15,07321	51,11928	-14,41785
28360	51,11927	-15,07321	51,11927	-14,41786
28380	51,11927	-15,07322	51,11927	-14,41786
28400	51,11927	-14,41785	51,11927	-14,41786
28420	51,11927	-14,41785	51,11927	-14,41786
28440	48,49779	-14,41785	41,94408	-12,45177
28460	40,63334	-13,10714	41,94409	-12,45178
28480	41,28872	-13,10714	41,94408	-11,79642
28500	41,94408	-12,45178	41,94408	-11,79642
28520	41,94408	-12,45178	42,59945	-11,79642
28540	42,59944	-13,10714	41,94409	-11,79642
28560	42,59945	-13,10714	42,59945	-11,79642
28580	42,59945	-12,45178	42,59946	-11,79642
28600	42,59945	-13,10714	42,59946	-11,79642
28620	42,59945	-12,45178	42,59946	-11,79642
28640	42,59946	-12,45178	42,59947	-12,45178
28660	42,59946	-13,10714	42,59947	-12,45178
28680	42,59947	-13,10714	41,94411	-13,10714
28700	42,59946	-13,10714	42,59947	-13,10715
28720	42,59947	-13,7625	42,59948	-13,10715
28740	42,59947	-13,76251	42,59947	-13,76251
28760	42,59947	-14,41787	43,25484	-13,76251
28780	43,25483	-14,41788	43,25484	-14,41788
28800	43,25483	-15,07324	43,25484	-14,41788
28820	42,59947	-15,07324	43,25484	-14,41788
28840	42,59947	-15,7286	42,59947	-15,07324
28860	42,59947	-16,38396	42,59948	-15,07324
28880	42,59947	-15,7286	42,59948	-15,7286
28900	39,97799	-16,38396	38,66722	-15,07324
28920	39,97795	-15,07324	39,97795	-14,41788
28940	39,97795	-14,41788	40,63331	-14,41788
28960	40,63331	-15,07324	40,63331	-13,76252
28980	40,6333	-15,07324	40,63331	-14,41788
29000	41,28866	-15,07324	41,28867	-14,41788
29020	41,28866	-15,07324	41,28866	-14,41788
29040	41,28866	-15,7286	41,28867	-15,07325
29060	41,28866	-15,7286	41,28866	-15,07325
29080	41,28866	-15,7286	41,28866	-15,07324
29100	41,28865	-15,7286	41,28866	-14,41788
29120	41,94401	-15,7286	41,28865	-14,41788
29140	41,28865	-15,07324	41,28866	-14,41788
29160	43,91012	-15,7286	46,53164	-15,07322
29180	46,53163	-15,72858	46,53163	-15,07324
29200	46,53163	-15,72859	47,18699	-15,07323
29220	46,53163	-15,72859	47,18699	-15,72859
29240	47,18698	-15,72859	47,18699	-15,07323
29260	47,18698	-16,38395	47,18698	-16,38395
29280	47,18698	-17,03931	47,18698	-16,38396
29300	47,18698	-17,69468	47,84235	-16,38396
29320	47,84234	-17,69468	47,84235	-17,03932
29340	47,84234	-18,35005	48,49771	-17,69469
29360	48,4977	-18,35005	49,15306	-17,69469
29380	49,15306	-19,00541	53,08528	-18,35005
29400	54,39603	-19,66077	55,05139	-19,00541
29420	55,05138	-20,31614	55,05139	-19,66078
29440	55,70674	-20,31613	55,70674	-19,66078
29460	56,3621	-20,9715	55,70675	-20,31614
29480	55,70674	-20,9715	55,70674	-20,31614
29500	56,3621	-20,9715	56,3621	-20,31614
29520	56,36209	-21,62686	56,3621	-20,9715
29540	55,70673	-21,62686	55,70674	-20,9715
29560	55,70673	-21,62686	56,3621	-20,9715
29580	55,70673	-20,9715	55,70674	-20,9715
29600	55,70673	-20,9715	55,70674	-20,97151
29620	56,3621	-21,62686	60,9497	-20,31614
29640	63,57119	-22,28221	62,91583	-20,97149
29660	62,91581	-21,62685	62,91582	-21,62685
29680	62,26046	-22,28221	62,91582	-22,28221
29700	62,91581	-22,93757	63,57118	-21,62686
29720	64,22653	-22,28222	63,57117	-22,28222
29740	64,22652	-22,93758	63,57116	-22,28222
29760	63,57115	-22,93758	63,57115	-22,28222
29780	63,57115	-22,93758	63,57115	-22,28222
29800	62,91578	-22,93758	63,57115	-22,93758
29820	62,91579	-23,59294	63,57116	-22,93758
29840	62,91579	-23,59294	63,57116	-22,93758
29860	62,91579	-23,59294	62,91579	-22,93759
29880	62,91579	-23,59294	62,9158	-23,59295
29900	62,91578	-23,59294	62,91579	-22,93758
29920	62,26043	-23,59294	62,26043	-22,93758
29940	62,26042	-22,93758	61,60506	-22,28222
29960	62,26043	-23,59294	61,60507	-22,93757
29980	61,60506	-23,59293	61,60508	-22,93758
30000	60,9497	-23,59293	60,94971	-22,28221
30020	60,94971	-22,93758	60,94971	-22,28221
30040	60,29435	-22,28221	60,29435	-21,62685
30060	59,63898	-22,2822	59,63899	-20,97148
30080	58,32826	-21,62683	58,98363	-20,31611
30100	58,32826	-20,97147	58,32827	-20,31611
30120	57,67291	-20,97147	57,67291	-20,31611
30140	58,32826	-20,97147	58,32827	-20,31611
30160	57,67291	-20,97147	57,67291	-20,97147
30180	60,94975	-20,97146	66,84811	-20,31609
30200	67,50347	-21,6268	66,8481	-20,97145
30220	66,84809	-21,62681	66,8481	-20,97145
30240	66,19273	-21,62681	66,19274	-20,97145
30260	66,19273	-22,28217	66,19274	-21,62681
30280	66,19274	-22,28217	66,19275	-21,62681
30300	66,19274	-22,28217	66,19275	-22,28217
30320	65,53738	-22,28217	65,53739	-22,28217
30340	65,53738	-22,93754	64,88203	-22,93754
30360	64,88202	-23,59289	65,53738	-22,93754
30380	65,53738	-23,59289	64,88203	-23,5929
30400	64,88202	-24,24826	64,88203	-23,5929
30420	64,88202	-24,24826	64,22668	-23,5929
30440	64,22667	-24,24825	64,22668	-23,5929
30460	64,22667	-24,24825	63,57132	-23,59289
30480	63,57131	-24,24825	63,57132	-23,59289
30500	64,88205	-23,59289	67,50355	-23,59288
30520	67,50355	-24,24824	66,19282	-23,59288
30540	66,84818	-23,59288	66,84819	-22,93752
30560	66,19283	-23,59287	66,19283	-22,93751
30580	65,53745	-22,93751	64,88211	-22,28215
30600	64,88211	-22,9375	64,88211	-22,28214
30620	64,22675	-22,28214	64,22675	-21,62678
30640	63,57139	-22,28213	63,5714	-21,62677
30660	62,91604	-22,28213	62,91605	-21,62677
30680	62,91604	-22,28213	62,91605	-21,62677
30700	62,26069	-22,93749	62,26069	-22,28213
30720	62,26069	-22,93749	61,60534	-22,28213
30740	61,60533	-22,93749	61,60534	-22,93749
30760	61,60533	-23,59285	61,60534	-22,93749
30780	64,2268	-22,93749	72,74664	-22,93747
30800	78,64496	-22,93745	79,30034	-22,93745
30820	79,95568	-23,59281	80,61104	-22,93746
30840	81,26639	-23,59282	81,92175	-22,93746
30860	81,92174	-23,59282	81,92174	-22,93746
30880	81,92173	-23,59282	81,92174	-22,93746
30900	81,92173	-24,24818	81,92173	-24,24818
30920	81,26637	-24,24818	81,26637	-24,24818
30940	81,92173	-25,55891	81,26638	-24,24819
30960	81,26637	-25,55891	81,92174	-25,55891
30980	81,26637	-26,21427	81,92173	-25,55891
31000	81,26636	-26,21427	81,92173	-25,55892
31020	81,92172	-26,21427	81,92172	-25,55891
31040	81,26636	-26,21427	81,26636	-26,21428
31060	81,92172	-26,86963	81,26636	-26,21428
31080	81,92171	-27,525	81,92173	-26,21428
31100	81,26635	-27,525	81,26636	-26,86964
31120	81,92172	-28,18036	81,92172	-27,525
31140	81,92172	-28,18036	81,92172	-28,18037
31160	81,92171	-28,83572	81,92171	-28,18036
31180	81,26635	-28,83572	81,92171	-28,83572
31200	81,9217	-29,49109	86,50929	-28,18035
31220	95,02912	-29,49105	96,33988	-28,83568
31240	95,68449	-30,14641	95,02914	-28,83569
31260	95,68449	-29,49104	95,02914	-28,83569
31280	95,02913	-29,49105	95,02913	-29,49104
31300	94,37377	-30,1464	95,02913	-28,83568
31320	95,02913	-30,14641	95,02914	-29,49105
31340	-59,63583	-30,1464	93,06305	-29,49105
31360	85,85397	-29,49105	83,88785	-28,8357
31380	84,54322	-28,83569	83,88787	-28,8357
31400	83,88786	-28,8357	84,54322	-28,18034
31420	84,54322	-28,8357	84,54322	-28,18034
31440	84,54322	-28,8357	83,88786	-28,18034
31460	84,54322	-29,49106	84,54322	-28,18034
31480	83,88786	-28,8357	84,54322	-28,18034
31500	84,54321	-28,8357	83,88786	-27,52498
31520	85,19857	-28,83571	84,54322	-28,18035
31540	84,54321	-28,83571	85,19858	-28,18035
31560	83,88785	-28,83571	79,30026	-28,18035
31580	78,64488	-28,18035	79,30026	-28,18036
31600	79,30025	-28,83572	79,30026	-28,18036
31620	79,30025	-28,18036	79,30026	-27,525
31640	79,30025	-28,18036	79,95562	-27,525
31660	79,30025	-28,18036	79,95562	-27,525
31680	79,30025	-28,18036	79,95561	-27,52501
31700	81,26635	-27,525	94,37375	-26,21425
31720	105,51503	-27,52493	105,51506	-26,86957
31740	104,20432	-27,52493	104,85968	-26,86958
31760	105,51504	-27,52494	105,51504	-27,52494
31780	105,51503	-28,1803	105,51503	-27,52494
31800	106,17039	-28,83566	106,17039	-28,1803
31820	105,51503	-28,83567	106,1704	-28,83567
31840	106,17039	-29,49103	105,51504	-28,83568
31860	106,17039	-29,49104	105,51503	-29,49104
31880	105,51502	-30,14639	106,17039	-29,49104
31900	105,51502	-30,1464	106,17038	-29,49104
31920	106,82573	-30,1464	106,82572	-29,49105
31940	106,82572	-30,14641	107,48108	-29,49105
31960	106,82571	-29,49104	103,54887	-28,83569
31980	101,58275	-28,83568	101,58276	-28,83568
32000	101,58276	-28,83568	101,58276	-28,18032
32020	100,9274	-29,49104	100,92741	-28,18032
32040	101,58276	-28,83568	100,92741	-28,18032
32060	100,9274	-28,83568	100,27205	-27,52496
32080	100,27204	-28,18032	100,27204	-27,52496
32100	100,27204	-28,18032	100,27205	-27,52495
32120	100,27204	-28,18032	100,27205	-27,52496
32140	100,27203	-28,83568	100,27204	-28,18032
32160	100,92739	-29,49104	101,58276	-28,83568
32180	101,58275	-29,49105	102,23812	-28,83569
32200	101,58275	-29,49104	102,23811	-28,83569
32220	102,89347	-28,83569	102,89348	-28,83569
32240	102,89347	-29,49105	102,89347	-29,49105
32260	102,89347	-30,14641	102,23811	-29,49106
32280	102,23811	-30,80178	102,23811	-30,14641
32300	101,58274	-31,45714	101,58275	-30,80178
32320	101,58275	-31,45713	101,58275	-30,80178
32340	100,92739	-31,45713	101,58276	-30,80177
32360	102,89348	-31,45713	102,89348	-31,45713
32380	105,51493	-30,80177	116,00084	-29,49101
32400	122,55451	-29,49099	122,55452	-28,83563
32420	123,20985	-29,49099	123,20986	-28,18027
32440	123,86521	-28,83564	123,86521	-28,18028
32460	124,52056	-28,83564	124,52056	-28,18028
32480	124,52055	-29,49101	124,52055	-28,83565
32500	124,52055	-30,14637	124,52055	-29,49102
32520	125,1759	-30,80174	125,17591	-30,80175
32540	125,1759	-31,45711	125,1759	-30,80175
32560	125,17589	-30,80175	125,1759	-30,14639
32580	125,17589	-29,49102	125,83126	-28,1803
32600	125,83125	-27,52493	125,1759	-25,55884
32620	125,83125	-24,24811	126,48662	-21,62666
32640	126,48662	-20,97129	127,14199	-18,34984
32660	121,89904	-16,38375	95,68426	-9,17478
32680	58,98356	-1,31046	28,83657	6,55388
32700	12,45234	10,48603	14,41846	13,76283
32720	16,38454	15,07357	17,69525	17,03966
32740	19,6613	19,00574	19,66128	20,31647
32760	19,66127	19,66112	20,31662	20,97183
32780	20,3166	20,97183	20,31659	20,97183
32800	19,66121	19,66111	20,31657	20,31647
32820	19,00584	19,00574	19,6612	17,69502
32840	19,00584	16,38429	19,00585	15,72892
32860	18,35048	14,4182	19,00586	13,76284
32880	19,00586	11,79675	19,00587	11,79674
32900	19,00588	9,83066	13,76293	10,48603
32920	3,93235	10,48602	2,62161	11,14137
32940	3,27699	9,83065	3,277	10,486
32960	3,277	9,17528	3,27701	9,83064
32980	3,277	8,51992	3,27701	7,86456
33000	2,62164	6,55383	3,27701	7,20919
33020	3,277	6,55382	3,27701	5,89846
33040	3,277	5,2431	3,93237	5,89846
33060	3,93237	5,24309	4,58774	5,24309
33080	3,93238	3,93237	4,58774	3,93236
33100	4,58774	3,27699	4,58775	3,27699
33120	4,58775	1,96627	5,24312	1,96626
33140	4,58775	1,3109	5,24312	1,3109
33160	4,58776	0,00018000000000029	4,58776	0,65553999999999
33180	4,58776	-0,65517999999999	4,58777	0,00016999999999712
33200	4,58776	-1,31055	5,24313	-1,31055
33220	4,58777	-1,96592	4,58778	-1,96592
33240	4,58778	-2,62128	4,58779	-2,62128
33260	4,58778	-3,27664	5,24315	-3,27665
33280	4,58779	-3,93201	4,5878	-3,93201
33300	4,58779	-4,58737	5,24316	-4,58738
33320	4,5878	-4,58737	3,93244	-4,58738
33340	2,62169	-5,8981	3,27706	-5,24274
33360	3,27706	-6,55346	3,27706	-5,8981
33380	3,27706	-5,8981	3,27707	-5,8981
33400	3,27706	-6,55347	3,27707	-5,89811
33420	3,27707	-7,20883	2,62171	-6,55347
33440	3,27707	-7,86419	2,62172	-7,20883
33460	3,27707	-7,20883	2,62171	-7,20883
33480	2,62172	-7,8642	2,62172	-7,20828
33500	3,27707	-8,51955	3,27707	-7,20884
33520	3,27706	-7,8642	3,27706	-7,20884
33540	3,93241	-8,51956	3,27706	-7,8642
33560	3,27705	-8,51956	3,93242	-7,86421
33580	3,27705	-8,51956	3,27706	-8,51957
33600	3,27706	-9,17493	3,27706	-8,51957
33620	3,27706	-8,51957	3,93243	-7,86421
33640	3,27706	-9,17493	3,27708	-8,51958
33660	3,93243	-9,17493	3,27707	-8,51958
33680	3,27707	-9,17493	3,27707	-8,51958
33700	3,27706	-9,17494	3,27706	-8,51958
33720	3,27705	-9,17494	3,27705	-8,51958
33740	3,93241	-9,8303	3,27706	-9,17495
33760	3,27705	-9,8303	3,27705	-9,17495
33780	3,93241	-9,83031	3,27705	-9,83032
33800	3,93241	-10,48568	3,93241	-9,83032
33820	3,93241	-10,48568	3,93241	-9,83032
33840	3,93241	-9,83032	3,93241	-9,17496
33860	3,93241	-9,83032	4,58778	-9,17496
33880	4,58777	-9,17496	4,58778	-8,5196
33900	4,58777	-9,17496	4,58778	-8,5196
33920	4,58777	-9,17496	4,58778	-8,5196
33940	4,58777	-9,17496	4,58778	-8,5196
33960	4,58777	-9,17496	4,58779	-8,5196
33980	4,58778	-9,17496	4,58778	-8,5196
34000	5,24314	-9,17496	5,24315	-8,5196
34020	4,58779	-9,17496	4,58779	-8,5196
34040	4,58779	-9,17496	4,5878	-8,5196
34060	4,5878	-9,17496	4,5878	-8,51961
34080	4,5878	-9,17497	4,58781	-9,17497
34100	5,24316	-9,17497	4,58781	-9,17497
34120	4,5878	-9,17497	4,58781	-8,51961
34140	4,58781	-9,17497	4,58781	-9,17498
34160	4,58781	-9,17497	3,93246	-9,17497
34180	4,58781	-9,83034	4,58782	-9,17498
34200	4,58781	-9,17498	3,93246	-9,17498
34220	3,93245	-9,83034	3,93247	-9,17498
34240	3,93246	-9,83034	4,58782	-9,83034
34260	4,58781	-9,17498	4,58781	-9,17498
34280	5,24317	-9,83034	5,24317	-9,17499
34300	5,24316	-9,83034	5,89852	-8,51962
34320	5,89852	-9,83034	5,24317	-9,17498
34340	5,89852	-9,83034	5,24317	-9,17499
34360	5,24317	-9,83034	5,24318	-9,17499
34380	5,24317	-10,48571	5,24317	-9,17499
34400	5,24317	-9,83035	5,24318	-9,83035
34420	5,24316	-11,14108	5,24317	-9,83035
34440	5,24316	-11,14107	5,24317	-11,14107
34460	5,24316	-11,79643	4,58781	-10,48571
34480	5,24316	-11,79643	5,24317	-11,79643
34500	4,58781	-13,10715	5,24318	-11,79643
34520	4,58781	-13,10715	5,24317	-11,79643
34540	4,5878	-13,10715	5,24317	-11,79643
34560	4,5878	-12,45179	5,24317	-11,79643
34580	5,24316	-12,45179	4,58781	-11,79643
34600	4,5878	-12,45179	4,5878	-11,14107
34620	4,58781	-12,45179	4,58781	-11,79643
34640	4,58781	-12,45179	3,93245	-11,79643
34660	4,5878	-11,79643	3,93245	-11,14107
34680	4,58781	-11,79643	3,93245	-10,48571
34700	3,93245	-11,79643	3,93246	-10,48571
34720	4,58781	-11,14107	3,93245	-10,48571
34740	3,93245	-11,14106	3,93245	-10,4857
34760	3,93244	-11,14106	3,93245	-10,48571
34780	3,93244	-10,4857	3,27709	-9,83035
34800	3,27708	-10,4857	3,27709	-9,83035
34820	7,20929	-10,4857	11,79692	-10,48569
34840	12,4523	-11,79641	11,14157	-11,14106
34860	11,14157	-11,79643	11,14157	-10,4857
34880	11,14156	-12,45178	11,14156	-11,14106
34900	11,14157	-11,79642	11,14157	-11,14107
34920	10,4862	-12,45178	11,14157	-11,79643
34940	11,14157	-13,10715	10,48621	-11,79642
34960	10,48621	-13,10715	11,14158	-12,45179
34980	10,48621	-13,10714	11,14158	-12,45178
35000	-59,6373	-13,10715	10,48623	-12,45179
35020	10,48622	-13,10715	10,48623	-12,45179
35040	11,14158	-13,76251	11,14158	-12,45179
35060	11,14157	-13,10715	11,14157	-12,45179
35080	11,14156	-13,10715	11,14156	-12,45179
35100	11,14156	-12,45179	11,14155	-12,45179
35120	16,38452	-12,45178	22,93825	-11,79641
35140	22,93827	-12,45177	21,62754	-11,79641
35160	21,62753	-12,45177	22,2829	-11,79641
35180	21,62753	-12,45176	21,62754	-11,79641
35200	20,97217	-11,7964	21,62754	-11,14104
35220	21,62753	-11,7964	21,62753	-11,14104
35240	21,62752	-11,7964	21,62752	-11,14104
35260	21,62752	-11,7964	20,97216	-11,14104
35280	21,62752	-11,7964	20,97216	-11,14104
35300	21,62751	-11,7964	20,97216	-11,14104
35320	20,97215	-11,7964	21,62752	-11,14104
35340	21,62751	-11,7964	21,62752	-11,14104
35360	22,28287	-11,7964	22,93824	-11,14105
35380	23,59359	-11,14105	24,90431	-9,83033
35400	29,49187	-9,83033	36,70096	-9,83032
35420	39,32243	-11,14104	39,97778	-9,83033
35440	40,63313	-11,14105	40,63314	-10,48569
35460	40,63313	-11,14105	41,28849	-10,48569
35480	41,28848	-11,14105	40,63313	-10,48569
35500	40,63312	-10,48569	40,63312	-10,48569
35520	40,63312	-11,7964	40,63313	-11,14105
35540	39,97776	-11,79641	39,97777	-11,14105
35560	39,3224	-11,79641	39,3224	-11,14105
35580	38,01168	-12,45177	38,01168	-11,79641
35600	38,01168	-13,10713	41,9439	-13,10713
35620	43,25465	-13,76248	42,59929	-13,10713
35640	42,60183	-14,41785	41,94393	-13,76249
35660	42,59929	-15,07321	41,94393	-14,41785
35680	41,94392	-15,07321	41,94393	-14,41785
35700	41,94393	-15,72857	41,94393	-15,07321
35720	41,28857	-15,0732	41,28857	-14,41785
35740	41,28857	-15,0732	40,63322	-15,07321
35760	40,63322	-15,72856	40,63322	-14,41784
35780	40,63321	-15,72856	40,63322	-15,0732
35800	40,63321	-15,72856	39,97786	-15,0732
35820	40,63322	-15,72857	39,97786	-14,41784
35840	39,97785	-15,72856	39,97786	-15,07321
35860	39,97785	-16,38393	39,97787	-15,0732
35880	39,97786	-17,03929	40,63323	-15,72857
35900	48,49768	-17,03927	53,0853	-16,3839
35920	53,0853	-17,03926	53,0853	-17,03927
35940	53,08529	-17,69463	53,0853	-17,69463
35960	53,08529	-19,00535	53,0853	-18,34999
35980	53,0853	-19,00535	52,42994	-18,34999
36000	53,08529	-19,66071	53,0853	-19,00535
36020	52,42994	-20,31607	52,42994	-20,31608
36040	51,77457	-20,97144	51,77458	-20,31607
36060	51,11922	-20,97144	54,39605	-20,31608
36080	62,26052	-20,97142	64,2292	-20,97141
36100	63,57127	-21,62677	62,91591	-20,97141
36120	63,57127	-21,62677	63,57127	-20,97141
36140	62,91591	-21,62677	62,91592	-20,97141
36160	62,91591	-22,28213	62,91592	-21,62677
36180	62,91591	-22,28213	62,91592	-21,62677
36200	62,26056	-22,28213	61,6052	-21,62677
36220	61,6052	-22,28213	62,26056	-21,62677
36240	61,60519	-22,93749	62,91591	-21,62678
36260	62,26054	-22,28213	62,91845	-21,62677
36280	62,91589	-22,28214	62,91589	-20,97141
36300	62,91588	-22,28213	62,91589	-21,62677
36320	62,26052	-22,28213	62,91589	-20,97141
36340	62,26052	-22,28213	62,91589	-21,62677
36360	62,26052	-22,28213	62,26053	-21,62677
36380	62,26052	-22,28213	62,26053	-21,62677
36400	62,91588	-22,93749	62,26053	-21,62677
36420	62,26053	-22,28213	61,60517	-21,62677
36440	60,9498	-22,28213	63,57126	-21,62677
36460	66,84812	-22,93748	66,19277	-21,62676
36480	66,19275	-22,93748	66,19276	-22,28213
36500	66,19275	-23,59284	65,5374	-22,28212
36520	65,5374	-23,59284	65,5374	-22,93748
36540	65,53739	-23,59284	64,88204	-22,93748
36560	64,88203	-23,59284	64,88204	-23,59284
36580	64,88203	-24,2482	64,88204	-22,93748
36600	64,88203	-24,2482	64,88203	-22,93748
36620	64,88203	-24,2482	64,88204	-22,28212
36640	64,22667	-23,59283	64,88204	-22,93748
36660	64,88203	-23,59283	64,88204	-22,28211
36680	64,22667	-22,93747	64,88204	-22,28211
36700	64,22668	-22,93747	64,22668	-21,62675
36720	64,22667	-22,93747	64,22668	-22,28211
36740	63,57131	-22,93747	63,57387	-22,28212
36760	64,22668	-22,28156	64,22669	-22,28211
36780	61,60521	-22,93747	59,63909	-21,62676
36800	59,6391	-22,93748	60,29448	-22,28212
36820	59,63911	-22,28212	60,29447	-22,28212
36840	60,94983	-22,28212	61,6052	-21,62676
36860	62,91591	-21,62676	64,22664	-19,66068
36880	66,1927	-19,66069	69,46951	-17,03925
36900	71,43558	-17,6946	74,05702	-15,72853
36920	76,67845	-15,72853	78,64453	-13,76245
36940	81,92131	-13,76245	85,1981	-11,79636
36960	87,81952	-12,45172	89,78559	-11,141
36980	93,06237	-10,48564	96,33916	-9,83028
37000	102,23742	-9,83028	105,51425	-8,51956
37020	107,4803	-8,51956	108,79101	-7,20884
37040	110,75707	-7,86419	112,72316	-6,55348
37060	113,37851	-6,55347	114,68923	-5,24275
37080	115,99994	-5,24276	117,31067	-4,5874
37100	118,62138	-3,93203	119,27674	-3,27667
37120	120,58746	-3,93203	121,89818	-3,27667
37140	123,20889	-3,27667	124,51962	-2,62131
37160	125,17497	-3,27666	126,4857	-2,62131
37180	127,14105	-2,6213	127,79641	-1,96595
37200	127,79641	-1,96595	127,79641	-1,96595
37220	127,14105	-2,62132	125,83033	-1,96596
37240	125,17497	-3,27668	126,48574	-2,62132
37260	127,14115	-3,93203	125,17508	-3,27668
37280	122,55364	-3,93203	119,93222	-4,5874
37300	117,31078	-5,24276	114,68936	-5,24276
37320	112,06793	-5,89812	110,75723	-5,24276
37340	109,4465	-6,55349	108,1358	-5,89813
37360	107,48043	-6,55349	107,48043	-5,89814
37380	106,16971	-6,5535	106,16972	-5,89813
37400	105,51435	-5,89813	106,16972	-5,24278
37420	105,51435	-5,89814	105,51436	-5,24278
37440	104,859	-6,55349	104,859	-5,24278
37460	104,20364	-6,5535	102,89293	-5,89814
37480	102,89293	-6,5535	101,58222	-6,5535
37500	100,92685	-7,20886	100,27149	-7,20886
37520	98,96077	-7,86422	98,30542	-7,86422
37540	96,33933	-9,17494	95,68398	-9,17495
37560	93,06254	-10,48567	91,09647	-11,14103
37580	87,81967	-13,10711	85,85361	-13,76247
37600	83,88753	-15,72855	81,92146	-15,72855
37620	81,2661	-17,03927	79,95539	-17,03928
37640	79,30002	-18,35	77,98931	-18,35
37660	77,9893	-19,66072	76,67859	-19,00536
37680	76,67859	-20,31607	76,67859	-20,31608
37700	77,33395	-20,97144	81,26618	-20,97144
37720	81,26619	-22,28215	80,61083	-21,6262
37740	79,95546	-22,28215	79,95547	-22,28216
37760	80,61082	-23,59287	79,95547	-22,93751
37780	79,95547	-23,59287	79,95547	-23,59287
37800	79,95546	-24,24823	79,95547	-23,59288
37820	79,3001	-24,24824	79,30011	-24,24824
37840	79,3001	-24,90359	78,64475	-24,24823
37860	78,64474	-25,55895	78,64475	-24,24824
37880	78,64474	-25,55895	77,98939	-24,90359
37900	77,98939	-25,55896	83,23234	-24,24822
37920	87,81994	-26,21429	87,81994	-24,90357
37940	86,5092	-25,55894	87,16457	-25,55893
37960	87,16457	-26,21429	87,16457	-25,55894
37980	86,5092	-26,86965	87,16457	-26,2143
38000	86,5092	-26,86966	86,50921	-26,2143
38020	85,85384	-27,52502	86,50921	-26,2143
38040	85,85384	-27,52501	86,50921	-26,86966
38060	85,85385	-28,18038	85,85385	-27,52502
38080	85,85384	-27,52502	85,85385	-27,52502
38100	85,85384	-28,18038	85,85386	-28,18038
38120	85,19848	-28,83574	84,54313	-28,18038
38140	84,54313	-28,83574	89,78607	-26,86965
38160	96,33979	-28,18035	97,65054	-28,18035
38180	96,33979	-28,18035	96,3398	-28,18035
38200	96,99515	-28,83571	96,3398	-28,18035
38220	96,99516	-28,83571	96,99516	-28,18035
38240	96,3398	-29,49107	96,99516	-28,18035
38260	96,33979	-28,83571	96,99516	-28,18036
38280	97,6505	-28,18036	97,65051	-28,18036
38300	97,65049	-28,18036	96,99513	-27,525
38320	96,99512	-28,83571	96,99512	-28,18035
38340	97,65047	-28,83571	96,99512	-28,18036
38360	96,99512	-28,83571	96,99512	-28,83572
38380	96,99512	-29,49107	96,99512	-28,83571
38400	96,99512	-29,49107	96,99512	-28,83572
38420	96,99512	-29,49107	96,99512	-28,83572
38440	97,65048	-29,49108	97,65048	-28,83572
38460	97,65047	-30,14644	97,65048	-29,49108
38480	97,65047	-30,14644	98,30584	-29,49108
38500	102,23804	-30,14643	103,54879	-30,14643
38520	102,89342	-30,80179	102,89342	-30,14643
38540	102,89342	-30,80179	103,54878	-30,80179
38560	103,54878	-31,45715	103,54878	-30,80179
38580	103,54878	-31,45715	103,54878	-31,45716
38600	103,54878	-32,11252	104,20414	-31,45716
38620	104,20413	-32,76788	104,20415	-32,76789
38640	104,20413	-34,0786	104,8595	-33,42325
38660	104,20414	-34,07861	105,51486	-33,42325
38680	105,51485	-34,73397	104,8595	-34,07862
38700	104,85949	-35,38933	104,8595	-34,73398
38720	104,85949	-35,38934	104,8595	-34,73398
38740	105,51485	-35,38934	104,8595	-34,73398
38760	104,85949	-35,38934	104,8595	-35,38934
38780	104,8595	-36,0447	105,51487	-35,38934
38800	-59,63586	-36,70006	105,51488	-35,38935
38820	105,51487	-36,70006	104,85952	-36,04471
38840	90,44138	-35,38934	61,60515	-30,14647
38860	36,70108	-25,55895	24,24906	-21,62679
38880	21,62763	-22,93753	23,59374	-22,93753
38900	24,24909	-24,24826	24,24909	-23,59291
38920	24,90445	-24,90363	25,55981	-24,90364
38940	25,55981	-25,559	26,21517	-25,55901
38960	26,87053	-26,21438	26,87053	-25,55902
38980	26,87053	-26,86974	27,52589	-26,86974
39000	26,87053	-27,52511	27,5259	-26,86975
39020	27,52589	-27,52511	28,18126	-26,86976
39040	28,18125	-27,52512	25,55978	-26,86975
39060	12,45237	-24,90365	3,27716	-20,97149
39080	1,9664	-20,97149	3,27715	-20,31613
39100	3,27715	-20,9715	3,27716	-20,9715
39120	3,27716	-21,62686	3,27717	-21,62686
39140	3,27716	-21,62687	3,27717	-21,62687
39160	3,93254	-22,28223	3,27718	-22,28223
39180	3,27718	-22,93759	3,27719	-22,93759
39200	3,27719	-23,59295	3,27719	-23,59296
39220	2,62182	-24,24831	0,00034999999999741	-24,24831
39240	-3,27652	-24,90367	-2,62115	-24,24831
39260	-2,62116	-25,55903	-2,62115	-25,55903
39280	-3,27653	-26,21439	-3,27652	-26,21439
39300	-3,27653	-27,5251	-2,62117	-26,86975
39320	-2,62117	-27,52511	-1,96581	-27,52511
39340	-1,96582	-27,52511	-1,96582	-26,86975
39360	-1,31046	-27,52512	-0,6551	-26,86976
39380	-0,6551	-27,52511	-0,65509	-26,2144
39400	0,00027000000000044	-27,52512	-0,65508	-26,2144
39420	-0,65508999999999	-27,52512	0,00028999999999968	-26,86976
39440	-0,65508	-28,18049	-0,65506	-28,18049
39460	-0,65506999999999	-28,83585	0,00029999999999575	-28,18049
39480	0,00028999999999968	-29,49121	0,00028999999999968	-28,83585
39500	0,00028999999999968	-29,49121	0,00028999999999968	-28,83586
39520	2,62175	-29,49121	10,48624	-30,14656
39540	14,41849	-31,45728	13,10776	-30,80192
39560	13,76311	-31,45729	13,76311	-30,80194
39580	13,7631	-32,11265	13,76311	-31,45729
39600	14,41847	-32,11266	14,41848	-30,80194
39620	14,41847	-31,45729	14,41848	-30,80194
39640	14,41847	-30,80194	14,41849	-30,14658
39660	14,41848	-30,80194	14,41849	-30,80194
39680	14,41848	-30,80193	13,76313	-30,14658
39700	13,76311	-30,80193	14,41848	-30,14658
39720	14,41847	-31,4573	12,45237	-30,14657
39740	5,24327	-30,14657	2,62177	-29,49121
39760	2,62178	-29,49121	3,27715	-28,83585
39780	2,62178	-29,49121	2,62179	-28,18048
39800	2,62178	-28,83585	2,62179	-28,18048
39820	2,62179	-28,83585	2,6218	-28,18049
39840	3,27716	-28,83585	3,27717	-28,18049
39860	3,27717	-28,83585	2,62181	-28,18049
39880	3,27717	-28,18049	2,62182	-27,52513
39900	2,6218	-28,83585	2,62182	-27,52513
39920	2,62181	-28,83585	3,27718	-28,18049
39940	2,62181	-28,83585	2,62182	-28,18049
39960	2,62181	-28,83585	2,62182	-27,52513
39980	2,62181	-28,18049	2,62182	-27,52513
