T	LX	LY	RX	RY
0	0	0	0	0
20	-0,65536	-1,31072	-0,65536	-1,31073
40	-0,65537	-1,96608	-0,65537	-2,62145
60	-1,31074	-3,2768	-1,31073	-3,27681
80	-1,31074	-3,93217	-1,31073	-4,58754
100	-1,31074	-5,2429	-1,31073	-5,2429
120	-1,31074	-5,89826	-1,96609	-5,89826
140	-2,62146	-6,55362	-2,62145	-5,89758
160	-2,62146	-6,55362	-2,62146	-6,55363
180	-1,9661	-6,55363	1,0000000003174E-5	-5,2429
200	9,9999999960687E-6	-5,24288	1,0000000003174E-5	-5,24289
220	0	-5,89825	1,0000000003174E-5	-5,24289
240	-0,65535	-5,24288	1,0000000003174E-5	-4,58753
260	-0,65536	-5,24288	-0,65534	-4,58752
280	-0,65535	-5,24288	-0,65534	-3,93217
300	-1,31071	-4,58752	-1,3107	-4,58753
320	-0,65535	-4,58752	-1,31071	-3,93217
340	-1,31071	-4,58753	-1,31071	-4,58754
360	-1,31072	-5,24289	-0,65534	-4,58754
380	3,93221	-5,2429	4,5876	-4,58754
400	4,58759	-5,2429	5,24295	-4,58754
420	4,58759	-5,24289	4,58759	-4,58753
440	3,93222	-4,58753	3,93223	-3,93217
460	3,93222	-4,58752	4,58758	-3,93216
480	3,93221	-4,58751	3,93221	-5,24288
500	3,93221	-6,55359	3,93221	-7,20895
520	3,93221	-8,51966	3,93221	-9,17503
540	3,9322	-11,1411	3,9322	-11,79646
560	3,93218	-13,10717	3,27682	-13,76253
580	3,27681	-15,07324	3,27682	-15,07324
600	3,2768	-15,72859	3,27681	-15,07324
620	3,2768	-16,38395	3,27681	-16,38395
640	3,2768	-17,03931	13,76266	-17,03932
660	22,28253	-18,35002	23,59333	-18,35003
680	22,28257	-18,35002	22,28257	-18,35001
700	22,28257	-18,35	22,28258	-18,35
720	22,28257	-18,34999	22,28258	-17,69462
740	21,62721	-17,69462	22,28258	-17,03925
760	21,62721	-17,69459	21,62721	-17,03923
780	21,6272	-17,69458	21,62721	-17,69458
800	21,6272	-18,34993	21,6272	-17,69458
820	20,97183	-18,34993	19,00825	-17,69457
840	16,38421	-18,34992	16,38422	-17,69455
860	16,38421	-17,69454	16,38421	-17,03918
880	15,72885	-17,69453	15,72885	-17,03917
900	15,72885	-17,69452	15,72885	-17,03917
920	14,41813	-17,69452	14,41813	-17,03916
940	14,41813	-17,03916	13,76278	-17,03916
960	13,10741	-17,69451	13,10741	-17,03916
980	13,10741	-17,69451	12,45205	-17,69451
1000	12,45205	-18,34987	11,79669	-17,69451
1020	11,79669	-18,34988	11,79671	-17,69452
1040	11,7967	-18,34987	13,10746	-17,69451
1060	16,38433	-19,00524	17,03972	-18,34988
1080	15,72898	-18,34987	16,38435	-18,34987
1100	16,38434	-19,00523	16,38434	-18,34987
1120	15,72898	-19,00522	16,38434	-19,00523
1140	15,72897	-19,66059	16,38434	-19,00524
1160	15,72897	-19,6606	16,38434	-19,00524
1180	16,38433	-19,6606	16,38433	-19,6606
1200	16,38432	-20,31596	17,03969	-19,66061
1220	17,03967	-20,31597	17,03968	-20,31597
1240	16,38431	-20,31596	17,03967	-20,31597
1260	16,3843	-20,97133	17,03966	-20,97133
1280	17,03966	-21,6267	17,03966	-21,6267
1300	17,03966	-21,6267	17,69502	-21,6267
1320	17,69501	-22,93742	17,69502	-22,28207
1340	17,69501	-22,93743	17,69501	-22,93743
1360	17,695	-22,93743	19,00578	-22,28208
1380	22,93816	-22,28207	25,55974	-22,28208
1400	24,249	-22,28207	24,24899	-21,62671
1420	24,249	-22,28206	24,90436	-22,28207
1440	24,24899	-22,93743	24,249	-22,28207
1460	24,24899	-22,28207	24,249	-22,28208
1480	24,24899	-22,93743	24,90436	-22,28208
1500	24,24899	-22,93744	24,90435	-22,28208
1520	24,90434	-23,5928	24,90435	-22,93745
1540	24,24898	-23,5928	24,90435	-23,59281
1560	24,90434	-24,24817	24,90435	-23,59281
1580	24,90435	-24,24817	24,90435	-24,24818
1600	24,24894	-24,90354	24,24893	-24,24818
1620	24,24893	-24,90353	24,24893	-24,24817
1640	24,24893	-24,90353	24,24893	-24,24817
1660	24,24893	-24,90353	24,24894	-24,24817
1680	24,24893	-24,90353	24,24893	-24,24818
1700	24,24892	-24,90354	24,24893	-24,90354
1720	24,24892	-25,5589	24,90428	-24,90354
1740	24,90428	-25,5589	24,90428	-25,55891
1760	24,90427	-26,21427	24,90427	-25,55891
1780	24,90426	-26,21427	24,90427	-25,55892
1800	24,90426	-26,21427	24,90427	-26,21429
1820	30,80268	-23,59284	42,59938	-22,93747
1840	42,5994	-23,59282	40,6333	-22,93746
1860	41,94401	-22,93745	41,94402	-22,93745
1880	41,944	-23,59281	41,94401	-22,93745
1900	41,944	-22,93745	41,944	-22,93746
1920	42,59935	-23,59281	42,59935	-22,93746
1940	41,944	-22,93745	42,59936	-22,93746
1960	41,94399	-22,93746	41,944	-22,93746
1980	41,94399	-22,93746	41,944	-22,93746
2000	41,28863	-22,93746	41,28864	-22,93747
2020	41,28863	-22,93746	41,28864	-23,59283
2040	41,28863	-23,59282	41,28864	-23,59283
2060	41,28863	-24,24819	48,49766	-22,93747
2080	51,11916	-22,93745	51,11916	-22,93746
2100	51,11915	-22,93745	51,11915	-22,28209
2120	50,46379	-22,28208	51,11916	-22,28208
2140	50,46379	-22,93744	51,11916	-22,28209
2160	51,11916	-22,93744	51,11916	-22,93745
2180	51,11916	-22,93745	51,11917	-22,28209
2200	51,11916	-22,93745	51,11917	-22,93745
2220	51,11916	-23,59281	50,46381	-22,93745
2240	50,4638	-23,59281	49,80845	-23,59281
2260	49,15308	-23,5928	48,49773	-22,93745
2280	47,84237	-23,5928	47,84237	-23,59281
2300	47,187	-24,24816	47,18701	-24,24816
2320	46,53165	-24,90352	46,53166	-24,24817
2340	46,53166	-24,90352	46,53167	-24,24817
2360	45,22094	-25,5589	40,63337	-25,55891
2380	39,978	-25,5589	40,63339	-24,90354
2400	40,63338	-25,5589	39,97803	-24,90354
2420	39,97802	-25,5589	40,63339	-25,5589
2440	40,63338	-25,5589	40,63339	-25,55891
2460	40,63338	-25,55891	40,63339	-25,55891
2480	41,28874	-26,21427	41,28875	-25,55892
2500	41,28875	-26,21427	41,28875	-25,55891
2520	41,28875	-25,55891	41,94411	-25,55892
2540	41,9441	-25,55892	41,94411	-24,90356
2560	41,9441	-25,55891	41,94411	-25,55892
2580	41,9441	-25,55892	41,94411	-25,55892
2600	41,9441	-26,21428	41,9441	-25,55893
2620	42,59946	-26,21429	40,63337	-25,55893
2640	36,04579	-26,21428	35,39042	-25,55892
2660	36,0458	-26,21428	36,70116	-24,90355
2680	35,39043	-25,55891	36,0458	-24,90355
2700	36,04579	-25,5589	36,0458	-24,90355
2720	36,04579	-25,5589	36,70116	-24,90355
2740	35,39043	-25,55891	36,04579	-24,90355
2760	36,04579	-25,55891	36,0458	-24,90355
2780	36,04579	-25,55891	36,0458	-24,90355
2800	35,39043	-25,5589	35,39044	-24,90355
2820	35,39043	-24,90355	35,39044	-24,90355
2840	35,39043	-25,55891	35,39043	-24,90356
2860	35,39042	-25,55892	47,187	-22,93748
2880	72,74629	-21,62673	76,02319	-21,62673
2900	72,09098	-21,62672	71,43561	-20,97136
2920	71,43561	-21,62671	72,09097	-20,97135
2940	70,78024	-20,97135	71,4356	-20,31599
2960	71,4356	-20,97134	71,43561	-20,31599
2980	71,4356	-20,97134	72,09096	-20,31599
3000	71,4356	-20,97135	72,09096	-20,31599
3020	72,09096	-20,97135	72,74632	-20,316
3040	72,09095	-20,97136	72,09096	-20,97136
3060	71,43558	-20,97136	76,6785	-20,316
3080	85,85366	-20,31599	87,81979	-19,66063
3100	87,1644	-20,31598	87,16441	-19,66062
3120	87,81976	-19,66062	87,81977	-19,66062
3140	87,81976	-19,66062	87,81977	-19,00527
3160	88,47513	-19,00526	88,47513	-19,00527
3180	88,47513	-19,66063	88,47513	-19,00527
3200	88,47513	-19,00527	88,47513	-19,00528
3220	88,47512	-19,00527	88,47513	-19,00528
3240	88,47512	-19,66064	88,47513	-19,66064
3260	88,47512	-20,31599	88,47513	-19,00528
3280	87,81976	-20,31601	88,47513	-19,66065
3300	87,81976	-19,66064	87,81977	-19,00529
3320	87,81976	-19,66064	87,81977	-19,00529
3340	87,81976	-19,66065	87,81977	-19,00529
3360	87,81976	-19,66065	87,81977	-19,00529
3380	87,1644	-19,66065	87,16441	-19,00529
3400	86,50904	-19,66065	86,50905	-19,0053
3420	86,50904	-19,66065	86,50905	-19,00529
3440	85,85368	-19,00529	85,19832	-18,34994
3460	85,19832	-17,69456	84,54296	-17,69456
3480	84,54296	-17,69455	85,19832	-17,0392
3500	85,19832	-17,69455	85,19833	-16,38383
3520	84,54296	-17,03919	84,54297	-17,0392
3540	84,54297	-17,03919	84,54297	-16,38384
3560	83,88761	-17,03919	84,54297	-16,38384
3580	83,8876	-17,03919	83,88761	-17,0392
3600	83,8876	-17,69456	83,88761	-17,03921
3620	83,8876	-17,69456	83,88761	-17,03921
3640	83,8876	-17,69456	82,57688	-17,69457
3660	79,95539	-17,0392	79,95542	-16,38384
3680	80,61078	-17,03919	79,95542	-16,38383
3700	79,95542	-16,38383	80,61078	-16,38383
3720	79,95541	-17,03919	79,95542	-16,38384
3740	79,95541	-17,0392	80,61078	-16,38385
3760	79,95542	-16,38385	78,64471	-16,38386
3780	77,98935	-17,69458	78,64471	-16,38387
3800	77,98934	-16,38386	77,98935	-15,7285
3820	77,33399	-16,38386	76,67863	-15,07315
3840	76,02327	-15,07314	76,02328	-14,41779
3860	76,02328	-14,41779	76,02329	-14,4178
3880	76,02328	-15,07316	76,0233	-15,07316
3900	76,02329	-15,72852	76,67865	-15,07316
3920	76,67864	-16,38388	77,33401	-15,72852
3940	76,67865	-15,72852	76,67864	-15,07316
3960	83,88763	-14,41779	105,51482	-10,48559
3980	-43,25161	-10,48556	116,65626	-10,48557
4000	113,3794	-10,48555	114,03477	-9,17482
4020	115,34548	-9,83016	115,34547	-9,17481
4040	115,34546	-9,1748	115,34546	-9,1748
4060	114,69009	-8,51943	114,69009	-7,86407
4080	114,69008	-7,86407	114,69009	-7,20871
4100	114,03471	-7,86407	114,03472	-7,20871
4120	114,03471	-7,20872	113,37935	-7,20872
4140	113,37934	-7,86408	114,03471	-7,8641
4160	114,0347	-9,17482	114,0347	-8,51947
4180	114,03469	-9,8302	114,0347	-9,83023
4200	113,37933	-12,4517	113,37935	-16,38395
4220	111,41323	-25,55917	108,79172	-36,70062
4240	106,17023	-58,98329	109,44689	-83,8873
4260	111,41287	-108,13578	113,37893	-114,68941
4280	112,72359	-106,16962	112,06826	-91,75156
4300	112,72366	-76,02275	114,03447	-62,26004
4320	114,03451	-53,08486	114,03454	-46,53116
4340	114,03456	-43,25429	114,68994	-39,32207
4360	115,3453	-37,35593	116,00066	-34,73445
4380	115,3453	-33,42369	115,34531	-30,80222
4400	115,3453	-30,80219	115,34531	-28,83608
4420	115,34531	-28,18069	115,34532	-26,21459
4440	115,34532	-25,5592	115,34533	-24,24847
4460	115,34533	-23,59309	116,0007	-22,93772
4480	121,24365	-20,97163	125,83128	-19,00551
4500	125,17592	-18,35012	124,52055	-16,38402
4520	124,52056	-16,384	125,17593	-15,07327
4540	124,52056	-14,41789	125,17593	-13,76252
4560	125,17593	-13,76251	125,17593	-13,10715
4580	123,86521	-12,45178	124,52058	-12,45178
4600	123,86521	-12,45177	124,52058	-11,79641
4620	123,86521	-11,7964	124,52058	-11,14104
4640	124,52057	-11,79639	124,52058	-10,48567
4660	123,86521	-11,14102	124,52058	-11,14102
4680	123,86522	-11,14101	124,52059	-10,48565
4700	123,86522	-10,48565	123,86522	-9,83029
4720	123,86522	-10,48564	123,86522	-9,83028
4740	123,86522	-10,48563	123,86523	-9,83027
4760	123,20986	-9,83026	123,20987	-9,1749
4780	123,20986	-9,83025	123,20987	-9,1749
4800	122,55451	-9,83024	123,20987	-9,17489
4820	122,5545	-9,83025	111,4132	-11,14097
4840	56,36227	-14,41777	13,10778	-16,38388
4860	-5,89806	-16,38388	-10,48563	-15,07317
4880	-6,55344	-13,76241	-5,89807	-12,45167
4900	-6,55344	-11,7963	-5,24271	-10,48558
4920	-4,58735	-10,48556	-3,93199	-9,17484
4940	-3,93199	-9,17483	-2,62126	-8,51947
4960	-3,27663	-8,51946	-2,62127	-8,51946
4980	-2,62127	-7,8641	-1,96591	-7,8641
5000	-1,96592	-8,51946	-1,31055	-7,8641
5020	-1,31056	-7,86411	-1,31056	-7,86413
5040	-1,96593	-9,17487	-9,83034	-9,17488
5060	-11,79646	-10,48562	-9,83035	-9,83026
5080	-8,51961	-10,48561	-8,51961	-9,83027
5100	-8,51961	-10,48562	-8,5196	-11,14099
5120	-8,5196	-11,79634	-8,5196	-11,79635
5140	-9,17496	-11,79634	-8,5196	-11,79634
5160	-9,17497	-12,4517	-9,17496	-12,45171
5180	-9,17498	-13,10707	-9,17497	-13,10708
5200	-9,17498	-13,76244	-9,17498	-13,76244
5220	-9,17499	-14,41779	-9,17498	-13,76244
5240	-9,83035	-13,76244	-9,83034	-13,76245
5260	-9,83035	-13,76245	-11,79644	-13,76245
5280	-11,79645	-14,41781	-10,48571	-14,41782
5300	-10,48572	-15,07317	-11,14109	-15,07317
5320	-11,14109	-15,72853	-10,48573	-15,07317
5340	-11,14109	-15,72853	-10,48573	-15,07318
5360	-10,48573	-15,72853	-10,48573	-15,07318
5380	-11,1411	-15,72854	-11,1411	-15,07318
5400	-11,79646	-15,72853	-11,79646	-15,07318
5420	-11,79647	-15,72853	-11,79646	-15,07318
5440	-12,45183	-15,72853	-11,79647	-15,72854
5460	-12,45184	-15,72854	-11,79647	-15,72854
5480	-11,79648	-16,3839	-11,14112	-16,38391
5500	-11,14113	-17,03926	-11,14111	-17,03927
5520	-11,79649	-17,69463	-13,10721	-17,69464
5540	-13,76259	-18,35	-12,45186	-17,69463
5560	-12,45186	-17,69463	-12,45187	-17,69463
5580	-13,10723	-18,34999	-12,45186	-17,69463
5600	-13,10723	-19,00535	-12,45186	-18,35
5620	-12,45187	-19,00535	-12,45187	-18,35
5640	-12,45188	-19,00536	-12,45187	-19,00536
5660	-11,79652	-19,00536	-11,79651	-19,00536
5680	-11,79652	-19,66072	-11,79652	-19,66073
5700	-3,93216	-20,31609	13,10742	-20,31609
5720	16,38435	-20,97144	15,07362	-20,31608
5740	14,41824	-20,31606	15,07362	-19,66069
5760	15,07361	-19,66068	15,07361	-19,00532
5780	15,07361	-19,66068	15,07362	-19,66067
5800	15,0736	-19,66067	15,72897	-19,00532
5820	15,07361	-19,66067	15,72897	-19,66068
5840	15,0736	-19,66067	15,72897	-19,66068
5860	15,72896	-19,66067	15,0736	-19,66068
5880	15,07359	-20,31603	15,0736	-19,66068
5900	14,41823	-20,31604	15,72895	-19,66069
5920	15,07359	-20,97141	15,72895	-20,31606
5940	15,07358	-20,97142	15,07358	-20,97143
5960	12,4521	-22,93751	12,45209	-22,93754
5980	13,10745	-22,93752	12,4521	-22,28216
6000	12,45209	-22,93752	12,45209	-22,28216
6020	11,79673	-22,93751	11,79672	-22,93752
6040	11,79672	-23,59288	11,79672	-23,59289
6060	11,79671	-24,24825	11,79671	-24,24826
6080	12,45207	-24,90361	11,7967	-24,90362
6100	11,7967	-25,55898	11,7967	-25,55899
6120	11,79669	-25,55899	12,45206	-25,55899
6140	11,79669	-25,55899	11,79669	-25,55899
6160	11,79668	-26,21435	12,45205	-25,559
6180	11,79667	-26,21436	12,45204	-26,21436
6200	11,79667	-27,52509	13,10739	-26,86973
6220	12,45203	-27,52509	13,10739	-27,52509
6240	13,10739	-28,18046	16,38426	-26,86973
6260	17,69502	-27,52508	17,69502	-26,86972
6280	17,03964	-26,86972	17,03965	-26,86972
6300	17,03965	-26,86971	17,03965	-26,21436
6320	17,03964	-27,52507	17,03965	-26,86972
6340	17,03964	-27,52508	17,03965	-26,86972
6360	17,03964	-27,52508	17,03964	-27,52508
6380	17,03964	-27,52508	17,03964	-26,86973
6400	17,03963	-27,52508	17,03964	-26,86972
6420	17,03963	-26,86972	17,03964	-26,86972
6440	16,38427	-26,86972	17,03963	-26,86973
6460	17,03963	-27,52508	17,03962	-26,86973
6480	17,03963	-27,52509	17,03963	-26,86973
6500	17,03962	-27,52508	16,38427	-26,86973
6520	16,38426	-27,52509	16,38427	-26,86974
6540	16,38426	-27,52509	16,38427	-26,86974
6560	16,38427	-27,52509	16,38427	-26,86974
6580	16,38426	-27,52509	16,38426	-26,86974
6600	16,38426	-27,5251	16,38426	-26,86974
6620	15,72889	-26,86974	16,38426	-26,86975
6640	15,72889	-27,5251	16,38426	-26,86974
6660	16,38425	-27,52511	19,00574	-26,86975
6680	22,28275	-24,90365	24,90434	-24,90364
6700	24,24896	-24,90364	23,59359	-24,24828
6720	23,59359	-24,90363	24,24895	-24,24827
6740	23,59358	-24,24826	23,59358	-24,24827
6760	22,93822	-24,24827	23,59358	-24,24827
6780	22,93821	-24,90363	23,59358	-24,24828
6800	22,93821	-24,90364	23,59357	-24,90364
6820	22,93821	-24,90364	22,93821	-24,24828
6840	22,28284	-24,90364	22,93821	-24,24829
6860	22,28285	-24,90364	22,93821	-24,24829
6880	22,28284	-24,90365	22,28285	-24,2483
6900	22,28284	-24,90366	22,28285	-24,90366
6920	22,28284	-24,90366	22,28284	-24,90366
6940	22,28283	-25,55902	22,28284	-25,55902
6960	22,28283	-25,55902	22,28283	-24,90366
6980	22,28282	-25,55902	22,28283	-24,90366
7000	21,62746	-25,55902	22,28283	-25,55903
7020	21,62747	-24,90367	26,87052	-22,28222
7040	35,39035	-22,93756	35,39038	-22,93756
7060	34,07962	-22,93756	35,39035	-22,2822
7080	35,39035	-22,93755	35,39035	-22,2822
7100	34,73499	-22,93755	34,73499	-22,2822
7120	35,39034	-22,93755	35,39034	-22,28219
7140	35,39033	-22,93755	36,0457	-22,2822
7160	35,39033	-23,59292	36,0457	-22,93756
7180	36,04569	-22,93755	36,0457	-22,93756
7200	36,04569	-22,93755	36,0457	-22,93694
7220	36,70105	-23,59292	36,0457	-22,93756
7240	36,04569	-22,93756	36,70106	-22,93756
7260	36,04569	-23,59292	40,63326	-23,59293
7280	42,59937	-24,24828	42,59938	-23,59293
7300	42,59936	-23,59292	42,59937	-23,59292
7320	41,944	-24,24827	42,59936	-23,59292
7340	42,59936	-24,24828	42,59937	-23,59292
7360	41,94399	-24,24827	42,59936	-24,24828
7380	41,944	-24,90364	42,59936	-24,24829
7400	41,94399	-24,90364	42,59937	-24,90365
7420	42,59936	-24,90365	42,59937	-24,24829
7440	42,59937	-24,90364	41,94401	-24,24829
7460	41,944	-24,90364	41,94401	-24,24829
7480	41,28864	-24,90364	41,94401	-24,24828
7500	41,28864	-24,90364	41,28864	-24,90365
7520	41,944	-25,55901	41,944	-25,55902
7540	42,59935	-26,21437	69,4693	-23,59294
7560	94,37329	-22,93757	97,6502	-23,59294
7580	93,718	-23,59293	93,71799	-22,93756
7600	94,37336	-23,59292	94,37336	-23,59293
7620	94,37335	-24,2483	94,37335	-24,2483
7640	94,37334	-24,90366	95,02871	-24,24831
7660	95,0287	-24,2483	94,37334	-24,2483
7680	94,37334	-24,90365	95,0287	-24,2483
7700	94,37333	-24,24829	95,0287	-24,2483
7720	94,37333	-24,90365	94,37334	-24,2483
7740	94,37334	-24,90366	94,37334	-24,2483
7760	94,37333	-24,90366	94,37334	-24,2483
7780	94,37333	-24,90366	93,71798	-24,2483
7800	94,37333	-24,90366	94,37334	-24,2483
7820	92,40723	-24,90366	89,78576	-23,59293
7840	89,1304	-24,24828	89,78577	-23,59292
7860	89,78575	-23,59291	89,78576	-23,59292
7880	89,13039	-24,24827	89,13039	-23,59291
7900	88,47503	-23,59291	89,1304	-23,59292
7920	89,13039	-24,24827	89,1304	-23,59292
7940	89,13039	-24,24828	89,1304	-23,59292
7960	89,13039	-24,24828	89,1304	-23,59292
7980	89,13039	-24,90364	89,78576	-24,24828
8000	89,78575	-24,90364	89,78576	-24,24829
8020	89,78575	-24,90364	89,78575	-24,90364
8040	89,78575	-24,90364	93,06258	-24,24829
8060	94,37333	-25,55901	94,37333	-25,55901
8080	94,37332	-25,55901	95,03124	-25,55901
8100	94,37332	-26,21436	95,02869	-25,55901
8120	94,37332	-25,55901	94,37332	-24,90365
8140	94,37332	-25,55901	94,37333	-24,90365
8160	94,37332	-24,90365	94,37333	-24,90365
8180	94,37334	-24,90366	95,02871	-24,2483
8200	95,02871	-24,2483	96,33945	-23,59294
8220	96,33946	-24,2483	96,99483	-22,93759
8240	96,99483	-23,59294	97,65019	-24,24831
8260	97,65019	-24,90366	98,30555	-24,90367
8280	98,30555	-26,21439	98,30555	-26,21439
8300	98,30554	-26,86975	100,27165	-26,86975
8320	101,58239	-27,52511	102,23776	-26,21438
8340	100,92702	-27,5251	102,23775	-26,86974
8360	102,23774	-26,86974	102,23775	-26,21438
8380	102,23774	-26,21437	101,58239	-26,21438
8400	101,58238	-26,21438	101,58238	-26,21438
8420	101,58238	-26,21438	101,58238	-26,21438
8440	101,58237	-26,86974	100,92702	-26,21438
8460	100,92701	-26,86974	100,92701	-26,86974
8480	100,27164	-26,86974	100,92701	-26,21438
8500	100,27164	-26,86974	100,92701	-26,21438
8520	100,92699	-26,86974	100,927	-26,86974
8540	100,927	-26,86974	100,92701	-26,86974
8560	100,92699	-26,86974	100,927	-26,86975
8580	108,13605	-25,55902	116,65592	-24,24829
8600	118,62206	-24,24828	117,96669	-23,59292
8620	117,96668	-24,90363	118,62205	-24,24827
8640	117,96668	-24,24826	118,62204	-23,5929
8660	117,96668	-24,24826	117,96668	-23,5929
8680	117,96667	-24,24826	117,31132	-23,59291
8700	117,96667	-24,24827	117,96668	-23,59292
8720	117,96667	-24,24827	117,96668	-24,24828
8740	117,96667	-24,90363	117,96668	-24,24828
8760	117,96667	-25,559	117,96667	-24,90364
8780	117,96667	-25,559	117,31131	-24,90364
8800	117,31131	-24,90364	117,96668	-24,90364
8820	117,96667	-24,90364	117,31131	-24,90365
8840	117,96667	-25,55901	117,96667	-25,55901
8860	117,96667	-26,21437	117,96668	-26,21437
8880	117,96667	-26,21437	117,96667	-26,21437
8900	117,96667	-26,21437	117,96667	-26,21437
8920	118,62203	-26,21437	123,865	-25,55901
8940	124,5204	-26,21436	124,52039	-25,55901
8960	123,20965	-26,21436	124,52038	-26,21437
8980	123,86501	-26,86972	123,212	-26,21436
9000	123,86501	-26,21436	123,86501	-26,21437
9020	123,86501	-26,21436	123,86501	-26,21437
9040	123,20964	-26,21436	123,20965	-26,21437
9060	123,20964	-26,21437	123,20964	-25,55901
9080	123,20964	-26,21436	123,20964	-25,559
9100	123,20963	-26,21436	123,20964	-25,55901
9120	123,20963	-26,21436	123,865	-25,55901
9140	123,86499	-26,86973	123,865	-26,21437
9160	123,86499	-27,5251	123,86499	-27,5251
9180	123,20962	-28,18046	124,52034	-28,18046
9200	123,86498	-28,83518	124,52034	-28,83582
9220	124,52034	-28,83581	125,17573	-28,18044
9240	124,52036	-28,18042	123,865	-26,86968
9260	123,865	-26,86967	123,86501	-26,21431
9280	123,86501	-26,21429	123,20966	-25,55893
9300	122,5543	-25,55892	122,55431	-24,90355
9320	121,89895	-24,24818	121,89896	-24,24818
9340	121,24359	-24,24817	121,2436	-23,59281
9360	120,58824	-23,5928	120,58824	-23,5928
9380	114,03455	-25,55888	76,67846	-28,18034
9400	17,69533	-34,73397	2,62161	-36,04472
9420	9,9999999996214E-5	-35,38936	3,27696	-34,07862
9440	3,27694	-34,07861	3,27694	-32,76788
9460	3,9323	-32,76788	4,58766	-32,11252
9480	4,58765	-32,11251	5,24302	-31,45715
9500	4,58765	-31,45714	5,24302	-30,80179
9520	4,58765	-30,80178	5,24302	-30,14643
9540	5,24301	-30,14643	5,24301	-29,49107
9560	5,24301	-30,14643	3,2769	-28,83572
9580	-9,17508	-28,18034	-13,76266	-27,52498
9600	-11,79656	-27,52498	-10,48582	-26,86962
9620	-10,48584	-28,18034	-10,48584	-28,18036
9640	-9,83049	-28,83573	-9,17512	-28,83575
9660	-9,17513	-29,49111	-9,17513	-29,49112
9680	-9,17514	-30,14649	-9,17513	-30,1465
9700	-8,51978	-30,80186	-8,51978	-30,80187
9720	-8,51978	-30,80186	-8,51978	-30,80187
9740	-8,51979	-31,45723	-8,51978	-31,45724
9760	-7,86443	-32,1126	-7,20906	-32,1126
9780	-7,86443	-32,76796	-7,20907	-32,76797
9800	-7,20907	-33,42333	-7,20907	-32,76797
9820	-7,20908	-33,42333	-7,20908	-32,76798
9840	-7,20909	-34,07869	-1,31079	-32,76798
9860	1,3107	-33,42333	0,65534	-32,76797
9880	0,65533	-32,76796	1,3107	-33,42332
9900	0,65533	-33,42331	1,31069	-33,42333
9920	1,31068	-34,07868	1,31069	-34,07869
9940	1,31067	-34,73405	1,31068	-33,42334
9960	1,31067	-34,07869	1,31067	-34,0787
9980	1,31066	-34,07869	1,31067	-34,0787
10000	0,65531	-34,07869	1,31067	-34,0787
10020	1,31066	-34,0787	1,31322	-34,0787
10040	1,31066	-34,73406	1,31067	-34,73407
10060	1,31066	-34,73407	8,51969	-36,0448
10080	19,00565	-37,3555	20,97181	-36,70015
10100	19,00568	-37,3555	19,66104	-36,70015
10120	19,66104	-37,3555	19,66105	-36,70015
10140	19,66104	-37,35551	19,66104	-36,70015
10160	19,66103	-38,01086	19,66104	-36,70015
10180	19,66103	-37,35551	19,66104	-36,70016
10200	19,66103	-37,35552	19,66104	-37,35552
10220	19,00567	-37,35551	19,66104	-37,35552
10240	19,66103	-37,35552	19,66103	-37,35552
10260	19,66102	-38,01088	19,66102	-36,70016
10280	19,66102	-38,01089	19,00567	-36,70017
10300	19,00566	-38,01089	19,00566	-38,01089
10320	17,69491	-38,01089	17,69492	-37,35553
10340	17,69492	-37,35553	17,69492	-36,0448
10360	17,69491	-36,70016	17,69492	-36,70017
10380	17,69491	-37,35553	17,69492	-36,70017
10400	17,69491	-37,35552	17,69492	-36,70017
10420	17,03955	-36,70016	17,03955	-36,70017
10440	16,38418	-36,70016	17,03955	-36,70017
10460	16,38418	-37,35553	17,03954	-36,70017
10480	16,38417	-37,35553	16,38418	-36,70018
10500	16,38417	-37,35554	16,38418	-36,70019
10520	16,38417	-37,35555	19,0057	-36,04484
10540	20,97184	-36,04484	20,97184	-34,73412
10560	20,31647	-34,73411	20,31649	-32,76803
10580	19,66113	-31,45731	19,66113	-30,80196
10600	19,66113	-30,80195	19,66113	-30,1466
10620	19,66112	-30,80196	19,66113	-30,14661
10640	19,66112	-30,14661	19,66113	-29,49054
10660	19,00576	-30,14662	19,66113	-28,83591
10680	19,00576	-29,49126	19,00577	-28,18055
10700	19,00576	-28,83591	19,00577	-28,18055
10720	19,66112	-28,83591	19,66112	-28,18056
10740	19,6611	-29,49129	19,66111	-29,49129
10760	19,66111	-29,49128	19,66111	-29,49129
10780	19,6611	-29,49128	19,6611	-29,49129
10800	20,31645	-30,14664	20,31646	-29,49128
10820	19,66109	-30,14664	20,31645	-30,14665
10840	19,66108	-30,802	20,31644	-30,80201
10860	20,31644	-31,45736	20,31645	-30,80201
10880	19,66108	-31,45737	19,66108	-31,45737
10900	19,66107	-31,45737	19,66108	-31,45738
10920	19,66106	-32,76809	19,66108	-32,11274
10940	24,90414	-30,80202	32,76874	-29,49129
10960	34,73488	-30,14665	32,11341	-30,14665
10980	32,76876	-30,14664	33,42413	-30,14664
11000	32,76875	-30,14664	33,42412	-30,14664
11020	33,4241	-30,14664	33,42412	-29,49129
11040	33,42411	-30,14664	33,42411	-29,49129
11060	33,4241	-30,14665	33,42411	-30,14665
11080	33,42409	-30,80201	34,07946	-30,14665
11100	33,4241	-30,80201	34,07946	-30,80201
11120	33,42409	-30,80201	34,07946	-30,80202
11140	34,07945	-30,80201	34,07946	-30,80202
11160	34,07945	-31,45737	34,07945	-30,80201
11180	32,11335	-32,11274	30,8026	-31,45738
11200	30,14722	-31,45736	30,80258	-32,11272
11220	30,80258	-32,11272	30,80258	-31,45736
11240	30,80258	-32,11272	30,14722	-31,45736
11260	30,14721	-32,11272	30,14722	-32,11272
11280	30,14721	-32,76808	30,14721	-32,11272
11300	30,14721	-32,76807	30,14721	-32,76808
11320	30,14721	-32,76808	30,14721	-32,76808
11340	30,14721	-33,42344	30,80257	-33,42344
11360	30,1472	-32,76808	30,1472	-33,42345
11380	30,14719	-33,42344	30,1472	-32,76808
11400	45,22066	-30,14662	68,15856	-29,49124
11420	69,46933	-30,14661	65,53711	-28,83588
11440	65,53712	-28,83586	66,84784	-28,83586
11460	66,19247	-28,83586	66,84784	-28,1805
11480	66,84783	-28,83586	67,5032	-28,83587
11500	67,50319	-28,83586	67,5032	-28,83586
11520	66,84784	-28,83586	67,5032	-28,83586
11540	66,84784	-28,83586	66,84784	-28,1805
11560	66,84784	-28,83586	66,84785	-28,18051
11580	66,19248	-28,83586	66,84784	-28,83586
11600	66,19248	-28,83586	66,19248	-28,18051
11620	65,53711	-28,83586	66,84784	-28,1805
11640	77,33368	-28,83587	80,61055	-28,18051
11660	80,61056	-28,1805	80,61056	-28,18051
11680	80,61056	-28,1805	80,61056	-28,1805
11700	79,9552	-28,1805	80,61057	-28,1805
11720	80,61056	-28,1805	80,61056	-28,1805
11740	80,61056	-28,83585	80,61056	-28,1805
11760	80,61056	-28,83586	80,61056	-28,1805
11780	80,61056	-28,83586	81,26592	-28,18051
11800	81,26592	-28,83587	80,61056	-28,83587
11820	80,61055	-28,83586	81,26593	-28,83587
11840	79,29983	-29,49123	76,023	-29,49123
11860	74,71227	-30,14658	76,023	-29,49122
11880	74,71227	-30,14657	74,71228	-29,49122
11900	74,71228	-30,14657	74,71228	-30,14657
11920	74,05691	-30,14657	74,71228	-30,14657
11940	74,71228	-30,14657	74,05692	-30,14657
11960	74,05692	-30,14657	74,71229	-30,14657
11980	74,71228	-30,80193	74,71228	-30,80194
12000	74,71227	-31,45729	75,36764	-31,4573
12020	75,36763	-31,45729	75,36764	-31,4573
12040	75,36763	-32,11266	75,36764	-31,4573
12060	74,71227	-32,11266	75,36764	-31,45729
12080	75,36763	-32,11265	75,36764	-31,4573
12100	74,71227	-32,11265	75,36764	-32,11266
12120	75,36763	-32,76802	75,36763	-32,11266
12140	75,36763	-32,76802	75,36764	-32,11266
12160	75,36763	-32,76802	75,36763	-32,11266
12180	74,71227	-32,76802	77,9891	-30,80193
12200	77,98912	-31,45729	77,98913	-30,14657
12220	77,98912	-30,80192	77,98912	-30,80192
12240	77,33376	-30,80192	77,33377	-30,80192
12260	77,33376	-31,45728	77,33377	-30,80192
12280	77,33376	-31,45729	77,98913	-30,80193
12300	77,33376	-31,45729	77,98913	-30,80194
12320	77,98913	-31,45729	77,98914	-31,4573
12340	77,33377	-31,4573	77,98914	-31,45731
12360	77,98914	-31,45731	77,98914	-31,45731
12380	76,02304	-32,76803	73,40158	-32,11267
12400	73,40157	-32,76802	74,7123	-32,11267
12420	74,71229	-32,76802	74,7123	-32,11266
12440	74,7123	-32,76803	74,7123	-32,76804
12460	74,7123	-32,76803	74,71231	-32,76804
12480	74,7123	-33,4234	74,7123	-33,42341
12500	75,36766	-34,73414	75,36766	-35,38954
12520	74,71229	-36,04492	75,36767	-36,04492
12540	75,36766	-36,70028	75,36767	-36,04493
12560	75,36766	-36,04492	75,36767	-36,04493
12580	75,36767	-36,04493	75,36768	-36,04493
12600	75,36767	-36,04493	76,02304	-36,04493
12620	76,02303	-36,04493	76,02304	-36,04493
12640	76,02303	-36,04492	76,02304	-36,04493
12660	76,02303	-36,04492	76,02304	-36,04493
12680	76,67839	-36,70029	76,02304	-36,04493
12700	76,67839	-36,70029	76,6784	42,59826
12720	76,67839	-36,7003	77,33376	-37,35567
12740	77,33375	-38,01104	77,33376	-38,01105
12760	77,33375	-38,66641	77,98912	-39,3218
12780	77,33375	-42,59862	76,02305	-45,22013
12800	73,40156	-53,0846	72,74608	-65,53677
12820	72,09061	-85,19788	75,36734	-117,31076
12840	78,64404	-139,59318	77,98868	-153,3559
12860	77,33335	-163,18635	80,6102	-162,53093
12880	81,92099	-155,32184	82,5764	-142,21454
12900	83,88715	-129,10722	83,23183	-115,99989
12920	83,88722	-105,51404	85,19798	-96,33892
12940	87,16407	-89,12988	88,47482	-83,23157
12960	89,78555	-78,644	90,44092	-74,7118
12980	90,44092	-71,43494	91,0963	-68,15811
13000	91,0963	-66,19198	91,75167	-63,57051
13020	91,0963	-62,25975	91,75166	-60,29364
13040	91,09629	-58,9829	92,40702	-57,67216
13060	91,75165	-57,01677	92,40701	-55,70605
13080	92,40701	-55,05066	92,40702	-53,73994
13100	91,75165	-53,08455	92,40702	-52,42918
13120	92,40701	-51,77381	92,40703	-51,11845
13140	92,40702	-50,46307	91,75167	-49,15235
13160	91,75166	-49,80769	92,40703	-48,49697
13180	91,75167	-48,49695	92,40703	-47,84159
13200	92,40703	-47,84158	91,75168	-46,53085
13220	92,40704	-47,1862	92,40704	-45,87547
13240	91,75169	-45,87546	92,40705	-44,56474
13260	102,24011	-43,254	114,03428	-39,97717
13280	116,00045	-39,97714	113,37899	-38,01104
13300	112,72362	-38,01102	114,03436	-36,04492
13320	113,37899	-36,04491	113,379	-34,73418
13340	113,37899	-35,38953	112,72364	-34,73417
13360	112,72364	-34,73417	113,37901	-34,0788
13380	112,72364	-34,07879	112,72365	-33,42343
13400	112,72364	-34,07879	112,72365	-33,42343
13420	112,06829	-32,76806	112,06829	-32,1127
13440	112,06829	-32,76805	112,72366	-32,11269
13460	112,06829	-32,76805	112,0683	-32,11269
13480	112,06829	-32,11268	112,0683	42,59836
13500	111,41294	-31,45732	112,06831	-31,45732
13520	111,41294	-31,45731	111,41295	-31,45662
13540	110,75759	-31,45731	111,41296	-31,45732
13560	111,41295	-31,45731	111,41296	-30,80195
13580	111,41295	-30,80195	110,7576	-30,80195
13600	110,7576	-31,45731	111,41296	-30,80195
13620	111,41295	-31,45731	111,41296	-30,80195
13640	111,41295	-31,45731	111,41296	-31,45732
13660	116,00052	-30,80196	131,07405	-29,49124
13680	135,66171	-30,14659	133,69561	-30,14659
13700	132,38485	-29,49122	133,04023	-29,49122
13720	133,04022	-29,49121	133,04022	-28,83585
13740	133,04021	-29,49121	133,04022	-29,49121
13760	133,04021	-29,4912	133,04022	-28,83585
13780	133,04021	-28,83584	133,04022	-28,18049
13800	132,38486	-28,83584	132,38487	-28,18048
13820	132,38486	-28,83584	131,72951	-27,52512
13840	131,07414	-28,83584	131,7295	-27,52511
13860	131,7295	-28,83584	131,7295	-28,18048
13880	131,72949	-28,83584	131,7295	-28,18048
13900	131,72949	-28,83584	131,7295	-28,18048
13920	131,07413	-28,83584	131,07414	-28,18048
13940	131,07413	-28,83584	131,07414	-28,18048
13960	131,07413	-28,83584	131,07414	-28,18048
13980	131,07413	-29,4912	133,04024	-28,18049
14000	137,62785	-28,18048	139,59398	-27,52512
14020	138,28324	-27,52511	138,28325	-27,52511
14040	138,9386	-27,5251	138,28325	-26,86975
14060	138,28324	-27,5251	138,28324	-26,86975
14080	137,62788	-27,52511	137,62788	-26,86975
14100	137,62787	-27,5251	137,62788	-26,86975
14120	137,62787	-26,8691	137,62788	-26,86974
14140	136,97251	-26,86974	137,62788	-26,21438
14160	137,62787	-26,86973	137,62788	-26,21438
14180	137,62787	-26,86973	137,62788	-26,21438
14200	137,62787	-26,86973	137,62788	-26,86974
14220	137,62787	-27,5251	137,62788	-26,86975
14240	136,9725	-28,83585	138,93859	-29,49124
14260	144,18153	-32,11272	144,83692	-33,42346
14280	144,83689	-33,42345	144,83689	-34,07882
14300	144,83688	-34,73418	145,49224	-34,07882
14320	146,14759	-35,38955	146,14759	-35,38956
14340	146,14759	-35,38956	146,80296	-35,38956
14360	146,80295	-35,38957	147,45831	-36,04494
14380	147,4583	-36,70029	148,11366	-36,04495
14400	146,80292	-38,01103	128,45254	-39,32175
14420	87,81955	-43,25391	34,07948	-47,84144
14440	24,24882	-51,11827	25,55953	-51,11829
14460	28,181	-53,08436	28,18102	-54,39508
14480	27,52566	-55,70579	27,52568	-55,70579
14500	26,21497	-57,0165	26,21497	-57,01651
14520	25,55961	-57,0165	25,55963	-57,0165
14540	24,90427	-57,67185	24,90428	-57,01649
14560	24,24892	-57,67183	22,93818	-57,67184
14580	9,83072	-60,29328	0,65554	-60,29331
14600	0,00018000000000029	-60,29329	0,00021000000000271	-58,98257
14620	-0,65517000000001	-58,98256	-0,65517	-58,32722
14640	-0,65518	-58,9826	0,00018000000000029	-57,67192
14660	-0,65519	-55,70586	-0,65519	-53,08445
14680	-1,31055	-50,46302	-1,31055	-47,84161
14700	-1,96591	-45,87554	-1,9659	-44,56484
14720	-1,31055	-44,56484	-1,31054	-43,90949
14740	-1,31056	-44,56484	-1,96591	-43,90949
14760	-1,96592	-45,22021	-4,58738	-43,25412
14780	-9,83035	-41,94337	-9,83036	-39,97729
14800	-8,51963	-39,32192	-7,86427	-38,66655
14820	-7,86428	-38,66654	-7,86429	-37,35583
14840	-7,20894	-37,35582	-7,20893	-36,0451
14860	-6,55358	-37,35582	-6,55358	-36,70046
14880	-6,55359	-37,35581	-5,89823	-36,70045
14900	-5,89824	-37,35581	-5,24287	-37,35581
14920	-5,24288	-37,3558	-4,58751	-36,70044
14940	-3,93216	-36,70044	-3,93215	-37,3558
14960	-3,93216	-38,01115	-3,2768	-37,35579
14980	-3,93217	-38,01115	-3,2768	-37,35579
15000	-3,2768	-37,35579	-1,96608	-37,3558
15020	15,07343	-36,70043	48,49745	-29,49142
15040	106,82527	-24,90384	132,38489	-20,97166
15060	140,24948	-20,97164	139,59412	-19,66092
15080	137,62799	-20,31626	138,28335	-19,00553
15100	138,28334	-19,00552	138,28333	-17,6948
15120	137,62797	-17,6948	138,93868	-17,03944
15140	138,93867	-17,69479	138,93867	-17,03944
15160	138,93866	-17,69479	139,59402	-17,03943
15180	139,59401	-17,69479	138,93866	-16,38407
15200	139,59401	-17,03943	140,24938	-16,38407
15220	140,24937	-17,03943	140,24937	-17,03943
15240	140,24936	-17,03943	140,24937	-16,38407
15260	140,24936	-17,03942	139,59401	-16,38407
15280	140,24936	-17,03942	140,24937	-16,38407
15300	134,35104	-18,35015	127,14195	-18,35016
15320	124,52048	-18,35016	127,14195	-17,03944
15340	127,14194	-17,69479	127,14195	-17,03944
15360	127,14195	-17,6948	127,14196	-17,03944
15380	126,48659	-17,03944	127,14195	-17,03944
15400	127,14195	-17,6948	127,14195	-17,6948
15420	127,14194	-18,35016	127,7973	-19,00553
15440	127,79729	-20,31625	128,45265	-19,6609
15460	129,10801	-20,31625	129,10801	-19,6609
15480	128,45264	-20,31626	129,10801	-20,31626
15500	128,45265	-20,31626	129,10802	-20,31626
15520	129,10801	-20,31626	129,10802	-20,31627
15540	129,76338	-21,62699	131,72949	-22,93775
15560	131,72949	-22,93774	132,38485	-22,93774
15580	132,38484	-22,93774	132,38485	-22,93773
15600	132,38484	-22,93773	133,04021	-22,93774
15620	133,04021	-22,93773	132,38485	-22,28238
15640	132,38484	-22,93774	132,38485	-22,28239
15660	133,0402	-23,59311	133,04021	-22,93776
15680	133,04021	-23,59313	130,41875	-24,24849
15700	116,00059	-26,21459	104,20392	-27,52534
15720	102,89318	-27,52534	105,51464	-26,86999
15740	105,51464	-28,18072	106,17	-28,18074
15760	107,48072	-29,49145	108,13609	-30,14682
15780	108,79143	-30,80219	108,79144	-30,80219
15800	109,4468	-31,45755	109,4468	-30,80218
15820	109,44679	-31,45754	110,10216	-30,80219
15840	110,10215	-31,45754	110,10215	-30,80218
15860	110,75751	-30,80218	110,75752	-30,80218
15880	96,99476	-32,11289	52,42984	-33,42361
15900	31,45794	-38,01114	25,55954	-38,01114
15920	25,55951	-37,35578	26,87024	-36,70041
15940	26,87022	-36,7004	27,52557	-36,04504
15960	27,52556	-36,04504	27,52556	-35,38968
15980	28,18091	-35,38967	28,18091	-35,38967
16000	28,83626	-36,04502	28,83625	-35,38966
16020	28,83624	-36,70038	29,4916	-36,70039
16040	29,49158	-37,35575	27,52547	-38,01112
16060	15,07342	-39,32184	9,17508	-39,32186
16080	11,1412	-39,32185	12,45192	-39,32184
16100	12,45191	-39,32183	13,76264	-38,66648
16120	14,41799	-39,32183	15,07336	-38,66648
16140	15,07335	-39,32183	15,07335	-39,9772
16160	15,07334	-40,63256	15,7287	-40,63257
16180	15,72868	-41,94329	15,72868	-41,94329
16200	15,72868	-41,94329	15,72867	-41,94329
16220	15,72865	-42,59866	15,72867	-41,9433
16240	15,07329	-41,9433	15,72865	-41,94331
16260	15,07329	-42,59867	10,48574	-45,22015
16280	8,51965	-47,18626	9,17502	-46,5309
16300	9,17501	-46,53089	9,17501	-45,87553
16320	9,17501	-46,53089	9,17501	-45,87554
16340	9,175	-46,53089	9,175	-46,5309
16360	9,175	-47,18625	9,17499	-46,53089
16380	9,83035	-47,18626	9,83036	-46,5309
16400	9,83035	-47,84162	10,48571	-47,18626
16420	10,48571	-48,49699	11,14108	-47,84163
16440	11,14107	-48,49698	11,14108	-47,84162
16460	11,14107	-48,49698	11,79643	-48,49698
16480	11,79643	-49,15234	11,79644	-48,49698
16500	11,79643	-49,15233	11,79644	-48,49697
16520	11,79643	-49,15233	14,41792	-49,15234
16540	14,41795	-50,46306	13,7626	-49,15233
16560	13,76259	-49,80768	13,7626	-49,15232
16580	13,7626	-49,80767	13,7626	-49,80767
16600	13,76259	-50,46303	14,41796	-49,80767
16620	13,76259	-49,80767	13,76259	-49,80767
16640	13,76259	-49,80766	13,76259	-49,80766
16660	13,76257	-50,46302	13,76258	-49,80766
16680	13,76257	-50,46301	14,41793	-49,80766
16700	14,41792	-50,46301	14,41792	-49,80765
16720	14,41791	-50,463	14,41792	-50,46301
16740	14,41791	-50,46301	14,41791	-50,46301
16760	14,4179	-51,11837	15,07326	-51,11837
16780	15,07325	-51,11836	15,07325	-51,77372
16800	14,41789	-52,42908	15,07325	-51,77372
16820	14,41788	-53,08444	15,07324	-52,42908
16840	14,41788	-53,08444	15,07324	-53,08444
16860	14,41787	-53,7398	15,07323	-53,08444
16880	14,41787	-53,08444	15,07323	-53,08444
16900	14,41786	-53,73979	15,07322	-53,08444
16920	14,41785	-54,39516	15,07321	-53,7398
16940	14,41784	-54,39515	15,07321	-53,73979
16960	14,41783	-54,39515	14,41784	-53,7398
16980	14,41783	-54,39515	14,41783	-53,7398
17000	14,41782	-54,39514	14,41783	-53,08443
17020	14,41782	-53,08443	14,41783	-53,08444
17040	13,76245	-53,7398	13,76246	-53,08444
17060	13,76245	-53,08443	13,76246	-53,08444
17080	13,76245	-53,7398	15,72855	-53,73981
17100	19,00542	-55,05053	17,69472	-55,7059
17120	16,38397	-55,05053	16,38398	-54,39516
17140	16,38398	-54,39516	16,38398	-53,7398
17160	15,72862	-54,39515	15,72862	-54,39516
17180	15,72861	-54,39515	15,72861	-54,39516
17200	15,72861	-55,05052	15,72861	-55,05053
17220	15,07324	-55,05052	15,72861	-55,05053
17240	15,07324	-55,70589	15,07324	-55,7059
17260	15,07324	-56,36126	15,07324	-56,36126
17280	14,41788	-57,01662	14,41788	-56,36126
17300	13,76251	-57,67198	14,41788	-57,01663
17320	13,7625	-58,32735	13,76251	-57,67199
17340	13,10714	-58,32736	13,1097	-58,98272
17360	14,41788	-58,98272	17,69474	-58,32735
17380	17,69474	-58,98271	17,03937	-58,32735
17400	17,03936	-58,9827	17,03937	-58,32734
17420	17,03936	-58,9827	17,03937	-58,32735
17440	17,03936	-58,98271	17,03937	-58,32735
17460	17,03936	-58,98271	17,03936	-58,32735
17480	16,384	-58,98271	17,03936	-58,98271
17500	17,03935	-58,98271	17,03936	-58,98272
17520	16,38399	-59,63808	17,03936	-58,98272
17540	17,03935	-59,63808	17,03936	-59,63808
17560	16,38399	-60,29246	17,03936	-59,63808
17580	16,38399	-60,29344	17,03935	-59,63809
17600	16,38399	-60,29344	22,28229	-58,98273
17620	33,4236	-58,32735	36,70049	-58,32735
17640	34,07901	-58,9827	34,07901	-58,32734
17660	34,07901	-58,32734	34,73438	-58,32735
17680	34,73437	-58,9827	34,73438	-58,98271
17700	34,73436	-58,98271	34,73437	-58,98272
17720	34,73436	-58,98272	34,73438	-58,98273
17740	34,73437	-59,63809	34,73437	-59,63811
17760	34,73437	-60,29346	34,73438	-59,63811
17780	34,73436	-60,29348	34,73437	-60,2935
17800	34,079	-61,60424	34,079	-62,25962
17820	32,76827	-64,22574	32,76826	-67,50263
17840	31,45752	-70,7795	31,45752	-72,09024
17860	31,4575	-71,43486	32,11287	-70,12414
17880	32,11287	-69,46876	32,11288	-68,15803
17900	32,11287	-67,50264	32,76824	-66,19191
17920	32,76824	-65,53653	33,4236	-64,88116
17940	33,42359	-64,88115	34,07896	-64,22578
17960	34,07895	-64,22578	34,07897	-63,57042
17980	34,07895	-64,22577	34,07896	-62,91505
18000	34,07896	-63,5704	34,07896	-62,25967
18020	34,07895	-62,25966	34,07897	-61,6043
18040	33,4236	-61,60429	34,07897	-60,94893
18060	33,4236	-60,94892	33,4236	-60,29356
18080	34,07897	-60,29355	38,66662	-59,6382
18100	40,63276	-60,29355	39,9774	-58,98282
18120	39,97738	-58,9828	39,9774	-58,32744
18140	39,32203	-58,32743	39,32203	-57,67207
18160	39,32203	-57,0167	39,32203	-57,0167
18180	39,32202	-57,01669	38,66667	-56,36133
18200	38,66667	-57,01669	38,66667	-56,36133
18220	38,66666	-56,36132	38,66667	-55,70596
18240	38,01131	-56,36132	38,66667	-55,70596
18260	38,66667	-56,36131	38,01131	-55,0506
18280	38,01131	-55,70595	38,66667	-55,05059
18300	38,01131	-55,05059	38,66668	-55,05059
18320	38,66668	-55,70595	38,01132	-55,05059
18340	-43,25334	-55,70594	35,38981	-55,70595
18360	35,38981	-55,05057	35,38983	-54,3952
18380	35,38982	-54,39519	34,73446	-53,73984
18400	34,73446	-53,73983	34,73447	-53,73983
18420	34,73446	-54,39519	34,73447	-53,08448
18440	34,73446	-54,39519	34,73447	-53,73984
18460	34,73446	-54,3952	34,73447	-53,73985
18480	34,73447	-54,39521	34,73448	-53,73985
18500	34,07911	-53,73984	34,07912	-53,73985
18520	34,07911	-54,39521	34,07911	-53,73985
18540	33,42375	-54,39521	34,07911	-54,39522
18560	33,42373	-54,39522	34,0791	-54,39523
18580	34,0791	-55,0506	34,0791	-55,04958
18600	33,42373	-55,70596	33,42374	-55,05061
18620	33,42373	-56,36134	33,42373	-56,36136
18640	33,42372	-57,01673	33,42373	-56,36137
18660	32,76836	-56,36137	32,76837	-55,70601
18680	32,76836	-56,36137	30,1469	-57,01673
18700	12,45191	-58,32744	-0,00014000000000181	-57,01672
18720	-0,00012999999999863	-57,01671	2,62137	-56,36134
18740	1,96599	-56,36133	1,31063	-56,36134
18760	1,96598	-57,01671	1,31061	-57,6721
18780	-43,25389	-58,98287	-9,17521	-59,63842
18800	-10,4859	-83,23179	-13,10735	-125,83064
18820	-9,83041	-161,22042	-7,86413	-185,46902
18840	0,65556	-199,2317	9,83043	-203,81923
18860	16,38378	-197,92086	15,72826	-186,12424
18880	11,14074	-174,32759	5,89786	-159,25412
18900	2,62104	-142,21458	1,31034	-124,5197
18920	0,65501	-112,72309	0,65504	-98,9604
18940	1,31042	-87,81915	1,31043	-77,33326
18960	0,65506999999999	-70,12418	0,6551	-62,91512
18980	0,65509	-57,67216	-0,00027000000000044	-53,08458
19000	-0,65563	-51,11844	-0,65562	-48,49697
19020	-1,31097	-47,18622	-1,31097	-45,87548
19040	-1,31097	-45,2201	-1,31096	-43,90936
19060	-1,96631	-43,90934	-1,9663	-42,59862
19080	-2,62167	-42,59861	-2,62166	-41,94325
19100	-2,62166	-41,94324	-3,27702	-41,28787
19120	-3,27702	-41,94323	-3,27701	-41,94324
19140	0,65519	-39,32177	5,89815	-36,04492
19160	5,24281	-36,0449	4,58746	-34,73418
19180	4,58745	-35,38953	4,58746	-34,73417
19200	4,58746	-35,38953	4,58747	-34,73417
19220	3,9321	-35,38953	4,58747	-34,73417
19240	4,58747	-35,38952	4,58747	-34,73417
19260	4,58747	-35,38952	5,24283	-34,73417
19280	4,58747	-35,38951	5,24284	-34,73416
19300	4,58748	-35,38951	5,24284	-34,73416
19320	5,24283	-35,38952	5,24284	-34,73416
19340	5,24284	-35,38952	5,89821	-34,73416
19360	5,89821	-35,38952	15,07332	-35,38952
19380	36,70063	-30,14658	90,44083	-23,59292
19400	119,9326	-21,62681	134,35089	-19,66072
19420	135,66172	-20,31605	133,69561	-19,00532
19440	133,04023	-19,66065	133,6956	-19,00528
19460	133,04023	-19,00527	133,04023	-18,34991
19480	133,04022	-19,00526	133,04022	-18,3499
19500	133,04021	-18,3499	133,04021	-17,69455
19520	133,04021	-18,3499	133,04021	-18,34991
19540	132,38484	-18,34991	133,0402	-19,00528
19560	133,04019	-19,66064	133,0402	-19,00529
19580	133,69555	-20,31601	133,69555	-20,31602
19600	133,69554	-20,97138	134,35091	-20,31602
19620	133,69555	-21,62675	134,35091	-21,62675
19640	134,3509	-21,62675	134,35091	-21,62675
19660	133,69554	-22,28212	133,69554	-22,28212
19680	133,69554	-22,93748	134,35092	-22,9375
19700	139,59387	-24,9036	140,90463	-25,55898
19720	140,24926	-25,55897	140,90462	-24,24825
19740	140,90461	-24,90361	140,90462	-24,24825
19760	140,90462	-24,90361	140,90462	-24,24825
19780	140,90461	-24,90361	140,90461	-24,24826
19800	140,90461	-24,90361	140,9046	-23,5929
19820	140,24924	-24,90361	140,24925	-24,90362
19840	140,24923	-24,90362	140,9046	-24,24826
19860	140,24923	-24,90362	140,24924	-24,24826
19880	140,24923	-24,90362	140,24924	-24,24827
19900	140,24923	-24,90363	140,24924	-24,24827
19920	140,24923	-24,90363	138,93849	-24,24828
19940	126,48648	-24,90363	117,96667	-24,24827
19960	117,3113	-24,90362	119,27741	-24,24826
19980	119,2774	-24,90362	119,2774	-24,24826
20000	119,27739	-24,90361	119,93276	-24,24826
20020	119,93275	-24,24826	119,93276	-23,5929
20040	119,27739	-24,24825	119,93276	-23,59289
20060	120,58811	-24,24825	120,58812	-24,24826
20080	120,58811	-24,90362	120,58811	-24,24826
20100	120,58811	-24,24826	120,58811	-24,24826
20120	119,93274	-24,24826	120,58811	-23,59291
20140	119,93274	-24,24826	119,93274	-23,59291
20160	119,93274	-24,24826	119,93274	-23,59291
20180	119,93274	-24,24827	119,27738	-24,24828
20200	123,20959	-21,62681	123,86504	-18,34996
20220	123,20969	-18,34994	124,52041	-18,34994
20240	124,5204	-18,34994	124,5204	-17,69458
20260	123,86503	-17,69456	123,20968	-17,03919
20280	123,20968	-16,38382	123,20969	-15,72846
20300	123,20968	-15,72845	123,20969	-15,72845
20320	123,20968	-16,38381	123,20968	-16,38382
20340	133,04019	-14,41772	141,56005	-13,76234
20360	141,56008	-13,76233	138,93861	-13,10696
20380	138,9386	-12,45158	138,9386	-11,79621
20400	138,28323	-11,7962	137,62787	-11,14083
20420	137,62786	-11,79618	137,62786	-11,14082
20440	136,97249	-11,79618	136,97249	-10,48546
20460	136,97249	-11,14081	136,97249	-10,48546
20480	136,97248	-11,14081	136,97249	-10,48546
20500	136,97248	-11,14081	136,97248	-11,14082
20520	136,31711	-11,14081	136,97248	-11,14082
20540	136,31711	-11,79617	136,31712	-11,14081
20560	136,31711	-11,79617	136,31712	-11,14081
20580	136,31711	-11,14081	136,31712	-11,14081
20600	136,31711	-11,14081	136,31712	-11,14081
20620	136,31711	-11,14081	136,31712	-10,48544
20640	136,31711	-11,1408	136,31712	-9,83009
20660	136,31712	-10,48544	135,66176	-10,48545
20680	135,66175	-10,48544	135,66176	-9,83008
20700	135,66175	-10,48544	135,66176	-9,83009
20720	135,66175	-10,48544	135,66175	-9,83009
20740	133,69565	-10,48545	121,899	-11,79618
20760	101,5825	-15,07299	93,71805	-15,72839
20780	94,37343	-16,38374	95,0288	-15,07301
20800	95,02878	-15,72837	95,02878	-15,07301
20820	95,02877	-15,72836	96,33949	-15,07301
20840	96,33948	-15,72837	96,33948	-15,07301
20860	96,99483	-15,72837	96,99482	-15,07302
20880	96,99482	-15,07302	96,99483	-15,07302
20900	96,99481	-15,07302	97,65018	-14,41766
20920	97,65017	-15,07301	98,30553	-15,07303
20940	98,30552	-15,72838	98,30553	-15,07303
20960	98,30553	-15,72838	97,65016	-15,07303
20980	79,95521	-17,0391	38,66715	-19,0052
21000	24,90424	-20,31592	22,28273	-19,66056
21020	24,24883	-20,31591	24,90419	-19,66055
21040	24,90417	-20,31591	25,55954	-19,66056
21060	26,21489	-20,31592	26,21489	-19,66056
21080	26,21488	-20,31592	26,87025	-19,66057
21100	26,21488	-20,31593	26,87024	-20,31594
21120	26,87023	-20,31593	26,87024	-20,31594
21140	26,87024	-20,9713	26,87024	-19,66059
21160	26,87024	-20,97131	26,87023	-20,31595
21180	18,3504	-20,31594	2,62154	-17,6945
21200	-3,2768	-18,34986	-1,31068	-17,6945
21220	-1,31068	-18,34985	-1,31068	-17,69449
21240	-0,65533	-17,69449	-0,65532	-17,03914
21260	-0,65533	-17,69449	3,9999999998486E-5	-17,6945
21280	2,9999999995312E-5	-17,6945	3,9999999998486E-5	-17,6945
21300	3,9999999998486E-5	-18,34986	3,9999999998486E-5	-17,6945
21320	3,9999999998486E-5	-17,6945	3,9999999998486E-5	-17,69451
21340	3,9999999998486E-5	-18,34987	0,6554	-18,34988
21360	0,6554	-18,34988	0,65541	-17,69406
21380	0,6554	-18,34988	1,31077	-17,69453
21400	0,6554	-18,34989	1,31077	-17,69454
21420	1,31076	-18,34989	1,31077	-17,69454
21440	1,31076	-18,3499	1,96613	-18,34991
21460	1,31076	-19,00526	1,31076	-18,34991
21480	1,31076	-19,00527	1,96612	-19,00528
21500	1,31075	-19,66064	1,31076	-19,00528
21520	1,31075	-19,66064	1,96612	-19,66065
21540	1,31075	-19,66065	1,96612	-19,66066
21560	1,96611	-20,31602	1,96611	-19,66066
21580	1,31074	-20,31603	2,62147	-20,9714
21600	7,20904	-23,59286	7,86444	-23,59287
21620	7,20907	-24,24822	7,86443	-23,59286
21640	7,86443	-24,24822	7,86443	-22,93751
21660	7,86442	-23,59287	7,86443	-23,59287
21680	7,86442	-24,24823	7,86443	-23,59288
21700	7,86441	-24,24823	7,20907	-23,59288
21720	7,20905	-24,24824	7,20906	-23,59288
21740	6,55369	-24,24824	7,20906	-24,24825
21760	6,55369	-24,90361	7,20905	-24,24826
21780	6,55369	-24,90362	6,55369	-24,90363
21800	6,55368	-25,55898	6,55369	-24,90363
21820	6,55369	-25,55899	6,55369	-24,90364
21840	5,89832	-25,55899	5,89833	-24,90364
21860	5,24297	-25,55899	5,89833	-24,90364
21880	5,24296	-25,559	5,24296	-25,55901
21900	5,24295	-25,55901	5,24296	-25,55902
21920	5,24295	-25,55901	5,89832	-25,55902
21940	5,24295	-26,21438	5,89831	-25,55903
21960	5,8983	-26,21439	7,20904	-26,86976
21980	7,20904	-27,52512	7,20904	-27,52512
22000	7,20903	-27,52512	7,20904	-27,52513
22020	7,20903	-27,52512	7,20903	-27,52513
22040	7,20903	-28,18049	7,86439	-27,52514
22060	7,86438	-28,83586	7,86439	-28,1805
22080	7,86438	-29,49122	8,51974	-28,83586
22100	7,86438	-29,49122	8,51974	-28,83587
22120	8,51973	-29,49123	8,51974	-29,49123
22140	8,51973	-29,49123	9,1751	-29,49124
22160	9,17509	-30,1466	8,51973	-30,1466
22180	9,17508	-30,80196	9,17509	-30,14661
22200	9,17508	-30,80197	9,83045	-30,80197
22220	9,83044	-30,80197	9,83044	-30,80197
22240	9,83044	-31,45734	10,4858	-30,80198
22260	9,83044	-31,45733	10,4858	-32,1127
22280	10,48579	-32,1127	10,4858	-32,76807
22300	10,48579	-33,42342	10,4858	-32,76807
22320	10,48579	-33,42343	11,14115	-33,42343
22340	10,48579	-34,07879	11,14115	-34,73416
22360	18,35018	-35,38951	24,24855	-35,38951
22380	24,90395	-36,04486	24,90395	-35,3895
22400	24,24859	-36,04486	25,55932	-35,38949
22420	24,90395	-35,38949	25,55931	-35,3895
22440	24,90394	-35,38949	25,55931	-35,3895
22460	25,5593	-36,04485	25,55931	-35,38942
22480	25,5593	-36,04485	25,5593	-36,04486
22500	25,5593	-36,70022	25,55929	-36,04486
22520	25,55929	-36,70022	26,21466	-36,70023
22540	25,55929	-36,70023	26,21465	-36,04487
22560	25,55929	-36,04487	25,5593	-36,04487
22580	25,5593	-36,04486	28,83617	-36,04487
22600	30,14692	-36,70023	29,49156	-36,04487
22620	29,49155	-36,04486	30,14692	-36,04486
22640	30,14691	-36,04486	29,49156	-36,04486
22660	29,49155	-36,70022	29,49156	-36,04487
22680	28,83619	-36,70023	28,8362	-36,04487
22700	28,83619	-36,04487	28,83619	-36,04487
22720	28,83619	-36,70023	28,8362	-36,04487
22740	28,83619	-36,70023	28,8362	-36,04488
22760	28,83619	-36,70023	28,8362	-36,04488
22780	28,8362	-36,04488	28,83621	-35,38952
22800	28,83621	-36,04487	28,83622	-35,38952
22820	28,83621	-35,38951	28,83622	-35,38952
22840	28,18085	-35,38951	28,18085	-34,73415
22860	27,52549	-35,38951	29,49159	-34,73416
22880	34,7347	-32,1127	41,94385	-30,80196
22900	39,97776	-30,80195	38,01166	-30,14658
22920	38,01167	-29,49121	38,66704	-29,4912
22940	38,01166	-29,49119	38,01167	-29,49119
22960	38,01166	-30,14655	38,01166	-29,49119
22980	37,3563	-30,14655	37,35631	-29,49119
23000	36,70093	-29,49118	36,70094	-28,83583
23020	36,70094	-29,49119	36,70094	-29,49119
23040	36,70094	-30,14655	35,3902	-30,14656
23060	34,07944	-30,14656	33,42408	-30,1459
23080	34,07945	-30,14656	34,07945	-29,4912
23100	34,07944	-30,14655	34,73481	-29,4912
23120	34,7348	-30,14656	34,73481	-29,4912
23140	34,73481	-30,14656	35,39017	-29,4912
23160	34,7348	-30,14656	35,39017	-30,14657
23180	35,39017	-30,14657	36,04553	-29,49121
23200	35,39017	-30,14657	36,04554	-29,49121
23220	36,04553	-30,14657	36,04553	-28,83585
23240	36,04553	-29,49121	36,04553	-29,49121
23260	36,04552	-30,14657	36,04553	-29,49122
23280	45,22068	-28,18049	57,6727	-27,52512
23300	57,01737	-28,18048	55,05126	-27,52511
23320	56,36198	-27,52511	57,01735	-27,52511
23340	57,01734	-27,52511	57,01735	-26,86976
23360	57,01734	-27,52512	57,01734	-26,86976
23380	57,01989	-26,86976	57,01735	-26,86976
23400	57,01734	-27,52512	56,36199	-26,86976
23420	57,01734	-28,18048	57,01734	-27,52513
23440	57,01734	-28,18049	57,6727	-28,1805
23460	49,8083	-29,49122	40,63314	-29,49123
23480	38,01166	-29,49123	39,32241	-28,83586
23500	39,3224	-28,83586	39,3224	-28,83586
23520	39,32239	-28,83586	39,3224	-28,1805
23540	39,32239	-29,49122	39,32239	-28,83587
23560	39,32238	-29,49123	39,32239	-28,83587
23580	38,66702	-28,83587	39,32239	-28,83587
23600	39,32238	-28,83588	39,32239	-28,83588
23620	38,01164	-29,49123	34,73477	-28,83588
23640	33,42405	-28,83586	34,73479	-28,18049
23660	34,07942	-27,52446	34,07943	-26,2144
23680	34,07943	-26,86976	34,73479	-25,55904
23700	34,73479	-24,90367	34,73479	-24,90368
23720	34,07943	-25,55903	34,07943	-24,24831
23740	34,07942	-24,90367	34,07943	-24,24832
23760	34,07943	-24,90368	34,07943	-24,90369
23780	34,07942	-24,90369	34,07943	-24,9037
23800	34,07942	-25,55906	34,07942	-25,55906
23820	34,07941	-26,21442	34,07942	-25,55907
23840	34,73476	-26,21443	34,73477	-25,55907
23860	34,73476	-25,55906	40,63311	-24,24835
23880	56,36195	-23,59297	59,63884	-22,93761
23900	57,01736	-22,93759	57,01736	-21,62687
23920	57,67272	-22,93758	57,67273	-21,62686
23940	57,67271	-22,93758	57,67272	-22,28222
23960	57,67271	-22,28222	57,01736	-22,28222
23980	57,01735	-22,93758	57,01736	-21,62686
24000	57,01735	-22,28222	57,01735	-22,28222
24020	57,01735	-22,93757	57,01736	-22,28222
24040	57,01734	-22,28221	57,01735	-21,62686
24060	57,01734	-22,28222	57,01735	-22,28222
24080	57,01734	-22,28221	57,01735	-21,62685
24100	57,01734	-22,28222	56,36199	-22,28222
24120	56,36198	-22,28222	56,36198	-22,28222
24140	57,01733	-22,93758	57,01734	-22,93759
24160	56,36197	-23,59294	57,01734	-22,93759
24180	56,36197	-23,59295	56,36198	-22,93759
24200	56,36198	-22,93759	56,36198	-22,9376
24220	55,70662	-23,59295	55,70662	-22,9376
24240	55,70661	-22,9376	55,05125	-22,9376
24260	55,05125	-23,59296	55,05125	-22,93761
24280	55,05125	-23,59296	55,05125	-23,59297
24300	54,39588	-24,24833	60,29416	-23,59297
24320	86,50877	-22,28224	96,33936	-22,93761
24340	95,02864	-23,59297	93,06253	-22,28225
24360	93,06254	-22,9376	93,71791	-22,28224
24380	93,7179	-22,9376	93,7179	-22,93761
24400	94,37326	-23,59296	94,37326	-22,93761
24420	94,37326	-22,9376	94,37326	-22,28225
24440	93,7179	-22,9376	94,37326	-22,9376
24460	93,7179	-22,9376	93,7179	-22,28225
24480	93,06254	-22,9376	93,7179	-22,93761
24500	93,71789	-22,9376	93,7179	-22,93761
24520	93,06254	-22,93761	93,0651	-22,93761
24540	93,06254	-23,59297	95,68401	-22,28226
24560	96,99478	-22,28224	96,9948	-21,62688
24580	96,33942	-22,28223	96,99479	-20,97152
24600	96,33943	-21,62687	96,33945	-21,62688
24620	96,33944	-22,28224	96,33945	-21,62689
24640	95,68408	-21,62688	96,33945	-21,62689
24660	95,68408	-22,28225	96,33945	-21,62689
24680	96,33945	-22,28225	95,6841	-21,62689
24700	95,68409	-21,62688	95,6841	-21,62689
24720	95,68409	-22,28225	95,68411	-21,62689
24740	95,6841	-21,6269	95,68411	-21,6269
24760	95,6841	-21,6269	102,23779	-19,66081
24780	104,85931	-19,00542	104,85934	-17,6947
24800	104,20396	-18,35005	104,20397	-17,03933
24820	104,20396	-17,03932	104,20398	-15,7286
24840	103,54863	-15,72859	103,54864	-14,41787
24860	102,89328	-14,41787	103,54866	-13,76251
24880	102,89329	-13,10714	102,8933	-13,10715
24900	102,8933	-13,10714	102,89331	-12,45179
24920	102,23795	-13,10714	102,23796	-13,10714
24940	101,58259	-14,41786	100,27187	-14,41786
24960	100,27186	-14,41786	99,61651	-14,41786
24980	99,6165	-15,07323	98,96114	-15,07322
25000	98,30578	-15,07322	98,30579	-14,41786
25020	96,99506	-15,07322	96,99508	-13,76251
25040	95,68436	-14,41786	95,68437	-13,76251
25060	94,37365	-13,76251	93,7183	-13,10714
25080	93,7183	-13,7625	93,06295	-13,76251
25100	92,40758	-13,7625	95,02906	-13,10714
25120	95,02908	-13,10713	94,37373	-12,45177
25140	94,37371	-13,10712	94,37372	-13,10712
25160	94,37371	-13,76248	94,37372	-13,10712
25180	95,02907	-13,10712	95,68444	-13,76249
25200	95,02907	-14,41784	95,68444	-14,41785
25220	95,68443	-15,07321	96,33979	-15,07322
25240	95,68443	-15,72858	96,33979	-15,72858
25260	96,33978	-16,38394	96,99514	-16,38394
25280	96,99514	-17,03931	96,99514	-17,03931
25300	97,65049	-17,69468	98,30585	-17,69469
25320	102,23803	-18,35005	116,00079	-16,38398
25340	123,2099	-18,35005	122,55455	-17,69469
25360	120,58844	-17,69468	121,89917	-16,38396
25380	121,89915	-17,03932	121,89916	-16,38396
25400	121,89915	-17,03932	121,89916	-16,38396
25420	122,55663	-17,03932	122,5545	-16,38396
25440	122,55449	-17,69468	121,89914	-17,03932
25460	122,55449	-17,69468	122,55449	-16,38397
25480	122,55449	-17,03932	123,20986	-16,38397
25500	123,20985	-17,03932	123,20986	-16,38397
25520	123,20985	-17,03933	122,5545	-17,03933
25540	122,55449	-17,03933	122,5545	-16,38397
25560	121,89913	-17,03932	121,24377	-17,03933
25580	116,65618	-17,69469	114,69008	-17,03932
25600	114,69007	-17,69468	115,34545	-17,0393
25620	114,69007	-17,69467	114,69008	-17,69467
25640	114,03471	-18,35003	114,69008	-17,69467
25660	114,69007	-18,35003	114,69008	-18,35004
25680	114,69007	-19,00539	115,34544	-19,0054
25700	114,69008	-19,0054	115,34544	-19,0054
25720	115,34544	-19,00541	116,0008	-18,35005
25740	115,34544	-19,66077	116,0008	-19,00542
25760	116,00079	-19,66078	116,00079	-19,66078
25780	116,00079	-20,9715	116,65615	-20,31615
25800	116,65613	-21,62687	116,65614	-20,97152
25820	116,65613	-22,28224	116,65614	-20,97153
25840	116,65613	-21,62689	116,65613	-21,62689
25860	116,00076	-21,62689	116,00077	-21,62689
25880	116,00076	-21,62689	116,00077	-21,62689
25900	116,00076	-21,62689	116,65613	-21,6269
25920	116,00076	-22,93761	116,65612	-22,28226
25940	116,65611	-23,59298	116,65612	-22,93763
25960	116,65611	-23,59298	116,65611	-23,59299
25980	119,27757	-22,93763	134,35108	-19,66081
26000	143,52634	-20,31616	142,87099	-19,6608
26020	140,24951	-20,31616	141,56024	-19,66079
26040	141,56023	-19,66078	142,21559	-19,00543
26060	142,21559	-19,66079	142,87095	-19,00543
26080	142,21558	-19,00543	142,21558	-18,35007
26100	142,21557	-18,35006	142,21558	-17,6947
26120	141,56021	-18,35005	141,56021	-17,03933
26140	140,90485	-17,03932	141,56021	-16,38396
26160	140,90484	-17,03931	140,90485	-16,38395
26180	140,90485	-16,38395	140,90486	-16,38395
26200	140,90485	-16,38394	141,56022	-15,72858
26220	140,90671	-16,38394	141,56022	-15,72858
26240	141,56021	-15,72857	141,56023	-15,07321
26260	140,24951	-15,72857	141,56024	-15,72857
26280	140,90488	-15,72857	140,90489	-16,38393
26300	140,90489	-17,03929	140,9049	-16,38394
26320	140,9049	-17,03929	141,56029	-17,0393
26340	140,90496	-18,35	141,56036	-17,69464
26360	140,90505	-19,00535	140,24975	-19,00536
26380	140,90515	-21,6268	140,9052	-22,28218
26400	138,28377	-24,90362	121,24418	-29,49116
26420	100,92771	-34,73407	95,68479	-36,04482
26440	98,3063	-38,66625	98,96168	-39,97698
26460	98,96168	-43,25379	98,9617	-44,56453
26480	99,61708	-46,53063	98,96175	-47,186
26500	98,3064	-49,1521	98,30641	-49,15211
26520	97,65106	-49,80748	97,65107	-49,15213
26540	98,30641	-49,8075	97,65107	-49,15215
26560	97,65106	-49,80751	97,65106	-49,15216
26580	96,9957	-49,80751	98,30642	-49,15216
26600	97,65105	-49,80751	78,64532	-51,77359
26620	26,8713	-54,39502	7,86541	-55,70575
26640	1,3117	-55,70576	4,58854	-55,05039
26660	4,58852	-54,39502	4,58851	-53,73966
26680	5,24385	-53,08429	5,89921	-51,77356
26700	6,55454	-51,11819	7,20988	-49,80748
26720	7,20986	-48,49674	7,86522	-47,18602
26740	7,8652	-45,87529	8,52056	-43,25385
26760	8,52054	-41,94312	8,52054	-40,6324
26780	9,17589	-39,97704	9,83126	-38,66632
26800	9,83125	-38,66631	10,4866	-38,01096
26820	5,899	-37,35559	0,0006699999999995	-36,04486
26840	0,65600999999999	-35,3895	1,31139	-35,3895
26860	0,656	-35,38949	1,31136	-34,07878
26880	1,31135	-34,73413	1,31134	-33,42342
26900	1,96668	-34,07878	1,96668	-33,42343
26920	1,96666	-33,42342	1,96666	-33,42343
26940	2,622	-34,07879	3,27736	-33,42344
26960	2,62199	-34,07879	3,27735	-33,42344
26980	3,27733	-33,42344	3,27733	-33,42344
27000	2,62195	-33,42344	3,27732	-33,42345
27020	3,27731	-33,42345	3,27731	-33,42345
27040	3,2773	-34,07881	3,93266	-33,42346
27060	3,27728	-34,07882	4,58801	-33,42346
27080	5,24337	-34,07881	5,24337	-33,42345
27100	5,24335	-33,42345	5,24335	-33,42346
27120	5,24335	-34,07881	5,24336	-33,42346
27140	5,24334	-34,07882	5,24334	-33,42346
27160	4,58797	-34,07882	5,24333	-34,07883
27180	4,58796	-34,73419	5,24332	-34,07883
27200	5,24331	-34,73419	5,24331	-34,7342
27220	5,2433	-36,04492	9,83087	-36,04493
27240	15,07384	-36,04492	15,72923	-36,04493
27260	14,41849	-36,70028	15,07385	-36,04492
27280	15,07384	-36,04493	15,07383	-36,04493
27300	15,07382	-36,70029	15,07383	-36,04494
27320	15,07382	-36,70029	15,72918	-36,04493
27340	15,07381	-36,04493	15,07381	-35,38957
27360	15,0738	-36,04493	15,0738	-35,38958
27380	15,07379	-36,04494	24,24895	-34,73423
27400	31,45813	-34,73421	32,76891	-35,38958
27420	30,80278	-35,38958	31,45813	-35,38958
27440	31,45813	-35,38958	31,45813	-34,73422
27460	31,45811	-35,38958	31,45812	-34,73422
27480	30,80274	-34,73422	31,4581	-34,73423
27500	30,80273	-34,73423	31,45809	-34,73423
27520	30,80272	-35,38959	31,45808	-35,3896
27540	31,45807	-36,04496	32,11343	-35,38961
27560	32,11341	-36,70033	32,76878	-36,04497
27580	32,11341	-36,70033	32,76877	-36,04498
27600	32,1134	-36,70033	32,1134	-36,04498
27620	32,11339	-36,70033	32,76875	-36,04414
27640	32,11338	-36,70034	32,76878	-36,04498
27660	33,4242	-36,04497	34,73495	-36,04497
27680	34,07956	-36,04497	34,07957	-35,38961
27700	34,07956	-36,04497	34,07956	-35,38961
27720	34,07955	-36,04497	34,07955	-35,38961
27740	34,07954	-36,04497	34,07954	-36,04498
27760	34,07953	-36,04497	34,07953	-36,04497
27780	33,42416	-36,04497	34,07953	-36,04498
27800	34,07952	-36,70033	34,07952	-35,38962
27820	34,07952	-36,04497	34,07951	-36,04498
27840	33,42415	-36,70034	37,35636	-34,73426
27860	55,70668	-34,0789	63,57113	-34,73426
27880	60,2943	-35,38962	59,63893	-34,73426
27900	60,29429	-34,73426	60,94965	-34,07891
27920	60,29428	-35,38962	60,29428	-34,73428
27940	60,29427	-35,38963	60,29682	-34,73427
27960	60,29426	-35,38964	60,29427	-34,73428
27980	59,6389	-35,38964	59,63891	-34,73428
28000	59,6389	-35,38964	58,98355	-35,38965
28020	58,98354	-36,04501	58,98355	-36,04502
28040	58,98354	-36,70038	59,64145	-36,04502
28060	59,63889	-36,70038	59,6389	-36,04503
28080	58,98354	-36,70038	58,98355	-36,04502
28100	58,98355	-36,70039	58,32819	-36,04503
28120	57,67282	-36,04502	57,01747	-36,04503
28140	56,3621	-36,04503	56,3621	-35,38967
28160	55,70672	-36,04503	55,70672	-36,04503
28180	55,05136	-36,04503	55,05136	-36,04504
28200	54,39599	-36,70039	54,396	-36,04504
28220	54,39599	-36,7004	54,39599	-35,38968
28240	53,74062	-36,7004	53,74063	-36,04504
28260	53,74063	-36,7004	53,74063	-36,04505
28280	53,74063	-36,70041	53,74063	-36,04505
28300	53,74062	-36,7004	54,39598	-36,70041
28320	54,39598	-37,35577	55,05389	-37,35578
28340	55,05134	-38,01114	55,05135	-37,35578
28360	55,05134	-38,01114	56,36207	-37,35578
28380	75,36763	-37,35577	93,06259	-36,04505
28400	99,61632	-37,35578	97,65023	-36,70042
28420	96,33948	-36,7004	96,99486	-36,70041
28440	96,99484	-36,7004	96,99485	-36,70041
28460	96,99484	-38,01113	96,99484	-37,35577
28480	96,99483	-38,01113	96,99483	-37,35577
28500	96,99483	-38,01113	97,65019	-38,01113
28520	96,99482	-38,01113	96,99483	-37,35578
28540	96,99482	-38,01113	96,99483	-38,01114
28560	96,99482	-38,01113	97,65019	-38,01113
28580	96,99482	-38,66648	96,99482	-38,01113
28600	96,99482	-38,66649	97,65019	-38,01113
28620	97,65018	-38,66648	97,65019	-38,66649
28640	97,65019	-38,66649	98,30556	-38,01113
28660	98,30555	-38,66648	98,30556	-38,66649
28680	98,30556	-39,32185	98,30557	-38,66649
28700	98,30556	-38,66648	98,30557	-38,66649
28720	98,30557	-39,32184	98,30558	-39,32186
28740	98,30557	-39,32184	98,30558	-38,66649
28760	98,30557	-39,32185	97,65021	-39,32185
28780	95,68409	-39,32184	95,6841	-38,66648
28800	95,6841	-38,66647	95,6841	-38,66647
28820	95,68409	-39,32183	96,33945	-38,66647
28840	95,68408	-39,32183	95,68409	-38,66647
28860	95,68408	-39,32183	96,33945	-38,66648
28880	95,68408	-39,32184	95,68409	-39,32184
28900	95,68408	-39,9772	95,68409	-39,32184
28920	95,68408	-39,9772	95,68408	-39,32184
28940	95,68408	-39,97719	95,68408	-39,32184
28960	95,68407	-39,97719	96,33944	-39,32184
28980	95,68407	-39,9772	96,33944	-39,9772
29000	95,68407	-40,63256	96,33944	-39,9772
29020	95,68407	-40,63255	96,33944	-39,9772
29040	95,68407	-39,97718	96,33943	-39,97719
29060	95,68406	-39,97718	95,68407	-39,97719
29080	95,68406	-39,97719	98,30552	-39,32184
29100	110,75753	-38,66646	117,96665	-36,70037
29120	116,00058	-37,35572	114,68984	-36,04499
29140	114,68984	-36,70034	115,3452	-36,70035
29160	115,34519	-36,70034	115,3452	-36,04498
29180	114,68983	-36,70033	115,34519	-36,04498
29200	115,34518	-36,70034	115,34519	-36,04499
29220	114,68982	-36,70034	115,34519	-36,04499
29240	115,34518	-36,70034	115,34519	-36,04499
29260	115,34518	-36,70035	115,34519	-36,04499
29280	116,00054	-36,70035	116,00055	-36,04499
29300	115,34518	-36,70035	116,00055	-36,04499
29320	115,34519	-36,70034	116,00055	-36,04499
29340	114,03444	-36,70035	93,71798	-39,3218
29360	58,32814	-41,28789	50,46375	-41,2879
29380	54,39599	-41,28788	55,05135	-40,63252
29400	54,39597	-40,63252	55,05134	-39,97717
29420	55,05133	-40,63252	55,05132	-39,97717
29440	55,70667	-40,63253	55,70668	-39,97717
29460	55,05131	-40,63253	55,70667	-39,97717
29480	55,70666	-40,63253	55,05131	-40,63254
29500	55,05129	-40,63253	55,70666	-40,63254
29520	81,26585	-38,66644	112,72359	-35,38963
29540	122,55425	-35,38961	119,27746	-34,07889
29560	117,31135	-34,07887	118,62209	-32,76814
29580	117,96672	-33,4235	117,96671	-31,45742
29600	117,96671	-31,45742	117,96671	-31,45742
29620	117,31134	-31,45741	117,31135	-31,45742
29640	117,31133	-31,45742	117,31133	-31,45742
29660	117,31133	-32,11278	117,96669	-31,45742
29680	117,31132	-31,45742	117,31133	-31,45743
29700	117,31132	-31,45742	117,31132	-30,80207
29720	117,31131	-31,45742	117,31133	-30,80207
29740	117,31131	-31,45742	117,31132	-30,80207
29760	117,31132	-30,80206	117,31132	-30,14671
29780	116,65596	-30,80207	117,31133	-30,14671
29800	117,31132	-30,80207	117,31133	-29,49135
29820	117,31133	-30,14671	117,31134	-30,14671
29840	116,65597	-30,14671	117,31134	-29,49136
29860	116,65597	-30,14671	116,65597	-29,49136
29880	116,65597	-30,1459	116,65597	-29,49135
29900	108,79154	-30,1467	87,16434	-30,80205
29920	70,78013	-32,76814	72,09091	-32,11278
29940	74,71238	-32,11276	73,40164	-31,4574
29960	73,40163	-31,45739	73,40164	-30,14667
29980	73,40163	-30,80202	73,40163	-30,14667
30000	73,40162	-30,14666	73,40163	-29,4913
30020	72,74626	-30,14667	72,74627	-29,49131
30040	72,74626	-29,4913	73,40162	-28,83594
30060	72,74626	-29,4913	72,74626	-28,18058
30080	72,74625	-28,83594	72,0909	-28,18057
30100	72,74625	-28,18057	72,09089	-27,52521
30120	68,15868	-28,18057	47,18694	-30,80204
30140	39,32247	-31,45741	39,97785	-29,49132
30160	-43,25287	-27,52523	40,6332	-25,55914
30180	39,32247	-24,90378	39,32248	-22,28234
30200	38,66713	-20,97161	38,66714	-19,00553
30220	38,01178	-18,35016	38,01179	-17,69481
30240	37,35642	-17,6948	37,35643	-17,69481
30260	36,70106	-17,6948	37,35643	-17,03944
30280	36,70106	-17,6948	36,70107	-17,03945
30300	34,0796	-17,6948	28,18125	-15,07334
30320	26,21511	-15,07332	26,8705	-13,7626
30340	27,52585	-14,41795	27,52585	-14,41796
30360	27,52585	-14,41796	27,52586	-14,41796
30380	26,87049	-14,41796	27,52585	-14,41796
30400	27,52585	-14,41726	27,52586	-14,41796
30420	26,87049	-14,41796	27,52586	-14,41797
30440	26,87049	-15,07333	26,8705	-14,41797
30460	26,87049	-14,41797	26,8705	-13,76261
30480	26,8705	-14,41797	26,87051	-14,41797
30500	26,87051	-14,41797	26,87052	-13,76262
30520	26,21516	-13,76261	26,21517	-13,10726
30540	26,21517	-13,10725	26,21518	-13,10726
30560	26,21518	-13,76262	26,21519	-13,10726
30580	25,55982	-13,10726	25,55983	-12,4519
30600	25,55983	-13,10726	25,55984	-12,45189
30620	25,55984	-13,10725	25,55985	-12,4519
30640	24,90449	-12,45189	25,55987	-11,14118
30660	24,24915	-11,79654	26,21531	-9,83048
30680	43,91027	-9,83049	51,11938	-11,14123
30700	47,18719	-12,45195	44,56574	-12,45195
30720	43,91037	-13,76267	42,59964	-13,76268
30740	39,97816	-15,07339	38,01208	-15,0734
30760	35,39061	-15,72874	32,76917	-15,72872
30780	29,49234	-17,03942	26,87089	-16,38404
30800	24,24943	-17,03936	21,62798	-16,38398
30820	19,00653	-17,03931	17,69582	-15,72857
30840	15,72973	-15,72855	15,07438	-15,07318
30860	13,76365	-15,07315	13,1083	-15,07313
30880	11,79757	-14,41776	11,79758	-13,76238
30900	10,48686	-13,10701	10,48688	-13,10701
30920	9,83151	-13,10699	9,83152	-12,45163
30940	8,5208	-13,10698	8,52081	-12,45162
30960	7,86544	-13,10698	6,55472	-13,10697
30980	5,89936	-13,10697	5,244	-13,76233
31000	3,93327	-13,76232	3,27792	-13,76232
31020	1,31182	-15,07304	-1,96501	-15,07304
31040	-2,62037	-15,07303	-3,27571	-14,41767
31060	-4,58644	-14,41766	-5,24179	-13,76229
31080	-6,5525	-14,41765	-7,20785	-13,10694
31100	-8,51857	-13,76229	-8,51855	-13,10694
31120	-9,82927	-13,7623	-9,82926	-13,7623
31140	-10,48462	-14,41766	-11,13998	-14,41768
31160	-11,79534	-15,7284	-12,45069	-15,07304
31180	-11,79533	-15,72841	14,41929	-12,45163
31200	29,4928	-12,45164	31,45895	-12,45164
31220	29,49284	-12,45164	29,49285	-12,45165
31240	29,49285	-13,107	29,49285	-13,10702
31260	28,83749	-13,76238	29,49286	-13,76239
31280	29,49285	-14,41775	29,49285	-14,41776
31300	29,49285	-14,41777	30,14822	-15,07314
31320	29,49285	-15,7285	29,49286	-15,72851
31340	30,14821	-16,38387	30,14822	-15,72853
31360	29,49285	-17,03925	30,14822	-16,3839
31380	30,14821	-17,03926	30,14822	-17,03927
31400	30,14822	-17,69464	30,14823	-17,69465
31420	30,80358	-19,00537	31,45895	-18,35003
31440	31,45895	-19,0054	35,39115	-17,69469
31460	43,91093	-15,07325	47,18781	-15,07325
31480	47,18781	-15,72861	47,18781	-15,07326
31500	47,18781	-15,72863	47,84318	-15,07327
31520	47,84317	-15,72863	48,49854	-16,38401
31540	48,49854	-17,03937	48,49854	-17,03938
31560	48,49854	-17,69474	48,49854	-17,69475
31580	48,49853	-18,35012	49,1539	-17,69477
31600	49,15389	-19,00549	49,80926	-19,00549
31620	49,80925	-19,00549	49,80926	-19,66086
31640	50,46461	-20,31623	50,46461	-19,66087
31660	50,4646	-19,66087	51,11997	-19,66088
31680	50,4646	-20,31624	51,77534	-19,66089
31700	55,05217	-19,6609	56,36293	-19,6609
31720	57,01828	-20,31626	57,01829	-19,66091
31740	57,67365	-20,31628	58,32902	-19,66093
31760	58,32902	-20,3163	58,98439	-20,31631
31780	58,98439	-20,31632	59,63976	-19,66097
31800	59,63976	-20,31634	60,29513	-19,661
31820	60,29513	-20,31638	61,60587	-20,31641
31840	62,26123	-20,31642	62,91661	-20,31645
31860	63,57198	-20,97182	64,88271	-19,66112
31880	65,53808	-20,3165	66,19345	-19,66116
31900	66,84882	-19,00581	67,50419	-17,6951
31920	68,81492	-17,6951	69,47029	-17,03974
31940	70,78101	-16,38438	71,43639	-14,41829
31960	72,09176	-13,10754	72,74714	-10,48608
31980	74,05788	-9,17533	74,71326	-6,55386
32000	76,02399	-5,24311	76,67936	-3,93237
32020	77,33473	-3,27697	79,30082	-1,96624
32040	80,61153	-1,96622	81,92225	-1,96621
32060	83,88831	-3,93227	85,85438	-4,58762
32080	87,82044	-5,24297	89,13117	-5,89833
32100	89,78653	-5,89832	91,09726	-5,89831
32120	91,75262	-6,55365	93,06335	-7,20901
32140	93,06335	-7,86435	93,71872	-7,86436
32160	93,71872	-9,17507	95,02944	-9,17507
32180	95,68479	-9,83042	96,34016	-9,83043
32200	96,34015	-10,48578	96,99551	-10,48578
32220	96,99549	-11,7965	96,9955	-11,7965
32240	96,34013	-11,79649	95,02939	-12,45186
32260	93,06328	-11,79648	93,06328	-11,14112
32280	93,06328	-11,14111	92,40792	-9,83039
32300	91,75255	-9,83038	91,0972	-9,83038
32320	91,09719	-9,83037	90,44183	-9,17501
32340	90,44183	-9,83037	90,44183	-9,17502
32360	90,44182	-9,83038	90,44182	-9,17502
32380	90,44181	-9,83038	90,44181	-9,83038
32400	91,09716	-10,48574	91,09716	-9,83038
32420	91,75251	-11,1411	-43,25165	-10,48574
32440	91,75251	-10,48574	91,75251	-10,4851
32460	92,40787	-10,48573	92,40788	-10,48574
32480	92,40787	-10,48573	92,40788	-9,83037
32500	93,06324	-9,83036	95,68473	-8,51963
32520	95,68474	-9,17497	95,68475	-7,20889
32540	95,68474	-7,86424	96,3401	-7,20887
32560	95,68473	-7,86422	96,34011	-6,55351
32580	95,68475	-7,20886	96,34012	-7,20887
32600	95,68476	-7,86422	96,34013	-7,86422
32620	95,68477	-7,86422	95,02941	-8,51959
32640	79,30052	-13,10711	46,5321	-17,03931
32660	20,31743	-19,66074	15,07447	-20,31611
32680	16,38519	-20,97146	17,04054	-21,62683
32700	17,04052	-22,93755	18,35124	-24,24827
32720	18,35122	-25,55899	19,00658	-26,86972
32740	19,00656	-28,18043	19,00656	-28,18043
32760	18,35119	-29,49115	19,00656	-29,49115
32780	19,00656	-30,14651	19,00656	-30,14652
32800	18,35119	-30,80187	19,00656	-30,80188
32820	18,35119	-32,1126	17,69578	-32,76797
32840	1,96684	-34,07868	-12,45131	-34,07868
32860	-15,72816	-34,73405	-14,41743	-34,73404
32880	-14,41745	-34,73404	-15,07281	-34,07869
32900	-15,07282	-34,73405	-14,41745	-34,07869
32920	-14,41747	-34,73406	-14,41746	-34,0787
32940	-14,41747	-34,73406	-13,10675	-34,07871
32960	-13,76211	-34,73407	-13,10675	-34,07872
32980	-13,10676	-35,38945	-12,45139	-34,73409
33000	-12,4514	-34,73409	-12,4514	-34,7341
33020	-12,4514	-34,7341	-12,4514	-34,73342
33040	-13,10677	-34,7341	-19,00509	-34,07875
33060	-20,31585	-34,73411	-19,00511	-34,07875
33080	-18,34975	-34,73411	-18,34975	-34,73412
33100	-18,34975	-35,38948	-17,69438	-34,73412
33120	-17,69439	-35,38948	-17,03902	-34,73413
33140	-17,03903	-35,38948	-17,03903	-34,07876
33160	-17,03903	-35,38949	-16,38367	-34,73413
33180	-16,38367	-35,38949	-16,38367	-35,3895
33200	-17,03903	-35,3895	-16,38368	-35,3895
33220	-16,38368	-35,3895	-16,38368	-35,3895
33240	-16,38369	-36,04486	-16,38368	-35,38951
33260	-16,38369	-35,3895	-15,72832	-35,38951
33280	-16,38369	-35,38951	-15,72832	-34,73416
33300	-15,72833	-36,04488	-15,72834	-35,38952
33320	-15,72834	-36,04488	-15,72834	-36,04488
33340	-15,72835	-36,70024	-15,72835	-36,70025
33360	-15,72836	-36,70024	-15,72836	-36,70025
33380	-15,72837	-36,70025	-11,79617	-32,11269
33400	-11,79616	-31,4573	-11,79616	-31,45731
33420	-11,79617	-32,11266	-43,25345	-31,4573
33440	-11,79618	-32,11266	-11,14081	-31,45731
33460	-11,14082	-31,4573	-11,14081	-30,80195
33480	-11,14082	-31,4573	-11,14081	-30,80194
33500	-11,14081	-30,14658	-11,1408	-29,49122
33520	-11,79617	-30,14658	-11,14081	-29,49122
33540	-11,79618	-30,14658	-11,14081	-30,14659
33560	0,00036999999999665	-32,11267	27,52602	-25,55904
33580	86,50916	-21,62684	111,41335	-17,69468
33600	112,72426	-19,00538	110,75816	-17,69466
33620	109,44742	-17,03927	109,44744	-15,72854
33640	109,44743	-15,72853	109,44744	-15,07316
33660	108,79207	-15,72852	109,44743	-15,07316
33680	109,44742	-15,07316	109,44742	-15,07317
33700	110,10277	-15,72852	110,10277	-15,07317
33720	110,10277	-15,72853	110,10277	-15,07317
33740	110,10277	-15,07317	110,10276	-15,07318
33760	110,10276	-15,72854	110,10276	-15,72854
33780	110,10276	-15,72854	110,10276	-15,07319
33800	110,10276	-15,72855	109,44739	-15,72856
33820	101,58294	-19,66074	96,33997	-20,31613
33840	96,33995	-20,31613	97,65069	-19,66076
33860	97,65068	-20,31612	97,65068	-19,66077
33880	98,30604	-20,31613	98,30604	-19,66077
33900	98,30604	-19,66077	98,30605	-19,00542
33920	98,30604	-19,66077	97,65069	-19,00542
33940	98,30605	-19,00542	98,30605	-19,00542
33960	98,30604	-19,66078	98,9614	-19,66078
33980	98,30604	-19,66078	98,9614	-19,66079
34000	98,30603	-20,31615	98,9614	-19,6608
34020	98,30603	-20,31616	99,61676	-19,00545
34040	99,61675	-19,6608	99,61676	-19,00545
34060	99,61676	-19,00545	99,61677	-18,3501
34080	99,61676	-18,3501	100,27213	-17,69475
34100	99,61676	-17,69474	100,27213	-16,38403
34120	100,27212	-16,38404	100,27213	-16,38404
34140	100,27212	-17,0394	100,92749	-15,72869
34160	100,92748	-16,38405	100,27213	-16,38406
34180	91,7523	-19,66087	78,6449	-20,97163
34200	74,71267	-21,627	76,02343	-20,31628
34220	76,67877	-21,62699	76,02341	-20,31628
34240	76,67877	-20,97164	77,33414	-20,31629
34260	76,67878	-20,31628	76,67879	-19,00557
34280	76,67878	-19,00557	76,67879	-17,69485
34300	76,67879	-17,69484	76,67879	-17,03949
34320	76,67879	-17,0395	77,33416	-15,72878
34340	77,33416	-15,07342	77,33417	-13,10735
34360	74,71269	-13,10734	39,32293	-13,10734
34380	13,76344	-13,10732	2,62214	-11,79661
34400	3,27751	-10,48588	3,93289	-9,17516
34420	3,93287	-7,86442	4,58824	-6,5537
34440	4,58824	-5,89834	5,24361	-3,93226
34460	5,24359	-3,93225	5,89896	-3,27689
34480	5,89895	-2,62152	6,55432	-1,96617
34500	6,55431	-1,96617	7,20967	-1,96618
34520	6,5543	-1,96617	7,20966	-1,31082
34540	7,20966	-1,96618	3,93281	-1,96617
34560	-7,20847	-0,65543	-11,1407	-7,0000000000903E-5
34580	-10,48533	-0,65542	-9,82997	-5,9999999997729E-5
34600	-10,48535	-0,65541	-9,82998	-5,9999999997729E-5
34620	-10,48534	-0,65542	-9,82998	-5,9999999997729E-5
34640	-9,82999	-0,65542	-9,17462	-5,9999999997729E-5
34660	-9,17463	-1,31079	-9,17463	-0,65543
34680	-9,83	-1,31079	-9,17463	-1,31079
34700	-9,82999	-1,96615	-9,17463	-1,3108
34720	-9,83	-1,96615	-9,17464	-1,96616
34740	-9,83001	-1,96615	-9,83	-1,96616
34760	-9,83001	-2,62152	-9,83	-2,62153
34780	-9,83001	-2,62152	-9,83001	-1,96617
34800	-10,48537	-1,96616	-9,83	-1,96616
34820	-9,83001	-2,62152	-9,83001	-1,96616
34840	-9,83001	-2,62152	-9,83	-1,96616
34860	-9,83001	-2,62152	-9,83	-2,62153
34880	-9,83002	-3,93224	-9,83001	-3,27689
34900	-10,48538	-4,58761	-9,83002	-4,58761
34920	-9,83003	-5,24297	-9,83002	-5,89834
34940	-10,4854	-7,20906	-9,83003	-7,20907
34960	-7,86395	-9,17516	-3,93172	-9,83053
34980	-3,93171	-10,48589	-3,93172	-10,48589
35000	-3,93173	-11,79661	-3,93173	-11,14126
35020	-3,93174	-11,79661	-3,93173	-11,79662
35040	-3,93175	-12,45198	-3,93174	-12,45199
35060	-3,93175	-13,10735	-3,93175	-12,45199
35080	-3,93176	-13,76271	-3,93175	-13,76272
35100	-3,93176	-14,41808	-3,27639	-13,76272
35120	-3,93177	-14,41808	-3,2764	-13,76273
35140	-3,2764	-14,41809	-3,2764	-14,41809
35160	-3,27641	-15,07345	-3,27641	-14,41809
35180	-3,27642	-14,41809	-3,93177	-15,07345
35200	-3,27642	-15,72881	-3,27642	-15,07345
35220	-3,27643	-15,72881	-2,62107	-15,72882
35240	-2,62108	-17,03954	-2,62107	-16,38419
35260	-3,93181	-17,69491	-3,93181	-17,03955
35280	-3,93181	-17,69491	-3,27644	-17,03955
35300	-3,93181	-17,6949	-3,27645	-17,69491
35320	-3,27646	-17,6949	-3,27645	-17,69491
35340	-3,27646	-18,35026	-3,27645	-18,35027
35360	-3,27646	-19,00562	-3,27645	-18,35027
35380	-3,27646	-19,66099	-3,27646	-19,00564
35400	-3,27647	-19,661	-3,27646	-19,661
35420	-3,27647	-19,661	-3,27647	-19,661
35440	-3,93184	-20,31636	-3,27647	-19,66101
35460	-3,27648	-20,31636	-3,27647	-19,66101
35480	-3,27648	-20,31636	-3,27647	-20,31637
35500	-3,27648	-20,31636	-3,27647	-20,31637
35520	-3,27648	-20,97172	-2,62112	-20,31637
35540	-3,27649	-20,97172	-2,62112	-20,97173
35560	-2,62112	-20,97172	-2,62112	-20,31637
35580	-3,27649	-21,62709	-2,62112	-20,97172
35600	-2,62113	-20,97173	-2,62113	-20,97173
35620	-2,62113	-21,62709	-2,62113	-20,97173
35640	-2,62114	-21,62709	7,86472	-20,97174
35660	21,62758	-22,28245	24,24912	-21,6271
35680	20,31689	-21,62709	20,31689	-20,31636
35700	20,97225	-21,62708	20,97225	-20,97172
35720	20,31688	-20,97172	20,97224	-20,31636
35740	20,31687	-20,97172	20,97224	-20,97172
35760	20,97222	-21,62708	20,97223	-21,62709
35780	20,31686	-21,62709	20,97222	-21,6271
35800	20,31686	-22,28245	20,97222	-21,6271
35820	20,31686	-22,93783	20,31686	-22,28248
35840	20,31685	-23,5932	20,31686	-23,59322
35860	19,66148	-25,55933	16,38469	-24,90402
35880	3,27742	-24,90422	-2,62078	-51,11905
35900	-3,27621	-83,23203	-1,31002	-105,51454
35920	-4,58667	-136,97208	-0,65432	-153,35626
35940	9,17596	-161,87599	19,66159	-159,2545
35960	26,21512	-150,73469	26,87043	-142,87027
35980	23,59359	-133,69505	19,66136	-123,20916
36000	18,35061	-114,034	19,00599	-103,54814
36020	18,35064	-95,68373	18,35066	-88,4747
36040	18,35067	-82,57639	19,00606	-76,67809
36060	18,3507	-72,0905	18,35072	-66,84756
36080	18,35072	-62,91535	19,00609	-58,32778
36100	19,00609	-55,70629	19,00609	-52,42946
36120	19,00609	-51,11871	17,69536	-48,49724
36140	17,03996	-44,56502	17,03996	-41,28818
36160	17,03997	-39,32207	17,69533	-37,35595
36180	17,03996	-36,70057	17,03997	-35,38984
36200	17,03996	-35,38982	17,03996	-33,42374
36220	16,38459	-31,45765	17,03996	-32,113
36240	16,38459	-32,76835	17,03996	-32,76835
36260	17,03995	-32,76835	17,69532	-32,11299
36280	17,69531	-32,11298	17,69533	-31,45762
36300	17,69532	-31,45762	17,69532	-30,80226
36320	17,69532	-31,45762	17,69533	-30,80226
36340	19,00607	-30,80225	19,66145	-29,49151
36360	19,66145	-29,4915	19,66144	-28,83614
36380	19,66143	-28,83613	19,66144	-28,18077
36400	19,66144	-28,83613	19,66144	-28,18077
36420	19,66144	-28,83613	19,66144	-28,18077
36440	19,66144	-28,83613	19,66145	-28,18077
36460	19,66144	-28,18076	19,66146	-26,87005
36480	19,66145	-26,87004	19,66145	-26,21469
36500	19,66145	-26,87004	19,66146	-26,21468
36520	19,00609	-26,21467	19,66145	-26,21468
36540	19,66145	-26,21466	19,66145	-26,21467
36560	19,66145	-26,21467	19,66144	-25,55931
36580	19,66144	-26,21467	19,66144	-25,55931
36600	21,62756	-25,55931	24,9045	-24,24858
36620	26,87063	-24,90394	25,55991	-23,59322
36640	25,55989	-24,24857	26,21527	-22,93785
36660	26,21526	-23,5932	26,21527	-22,93785
36680	25,5599	-23,5932	25,55991	-22,93784
36700	25,5599	-22,93783	25,55991	-22,28247
36720	25,5599	-22,93783	25,5599	-22,93784
36740	25,55989	-23,59319	25,5599	-22,93783
36760	25,55989	-23,59319	25,55989	-23,5932
36780	25,55989	-23,5932	25,55989	-23,5932
36800	24,90452	-23,5932	25,55989	-23,5932
36820	25,55988	-24,24856	25,55988	-23,59321
36840	25,55988	-24,24856	26,21524	-24,24857
36860	25,55986	-24,90393	26,21522	-24,90393
36880	28,83505	-24,24858	32,76897	-22,93785
36900	32,76897	-23,59319	32,1136	-22,93784
36920	32,11359	-23,59319	32,76896	-22,93783
36940	32,11358	-23,59318	32,11359	-22,93783
36960	32,11359	-23,59318	32,76895	-23,59319
36980	32,76894	-23,59319	32,76895	-23,5932
37000	32,76894	-23,59319	32,11359	-23,5932
37020	32,11358	-24,24856	32,76895	-23,59321
37040	32,76894	-24,24856	39,32262	-22,28249
37060	50,4639	-20,97176	53,74076	-20,31639
37080	52,43001	-20,97175	52,43001	-20,97174
37100	53,08537	-20,97174	53,08537	-20,97175
37120	52,43001	-21,6271	53,08537	-20,97175
37140	53,08537	-21,62711	53,08537	-20,97176
37160	53,08536	-20,97175	53,08537	-20,97176
37180	53,08536	-21,62712	53,08537	-21,62713
37200	53,08536	-22,28248	53,08537	-21,62713
37220	52,43	-22,28249	53,08536	-22,2825
37240	52,43	-22,93785	53,08537	-22,2825
37260	53,08536	-22,93786	53,08536	-22,93786
37280	53,08536	-23,59322	53,74072	-22,93787
37300	62,91582	-22,2825	65,53732	-22,2825
37320	65,53731	-22,2825	65,5373	-21,62714
37340	65,53729	-22,28249	65,5373	-21,62713
37360	65,5373	-22,28249	65,5373	-22,28249
37380	65,53729	-22,93785	65,5373	-22,2825
37400	65,53729	-22,93786	65,5373	-22,28251
37420	65,53729	-22,93787	65,5373	-22,28252
37440	65,53729	-22,93787	65,5373	-22,28252
37460	64,22657	-22,93788	64,88194	-22,28252
37480	64,88193	-22,93788	64,22657	-22,28253
37500	64,22656	-22,93788	64,22657	-22,93789
37520	64,22656	-23,59325	66,19266	-22,93789
37540	75,3678	-22,28253	77,33394	-21,62717
37560	76,67856	-22,28252	76,0232	-21,62716
37580	76,02319	-22,28252	76,0232	-21,62716
37600	76,02319	-22,28252	76,0232	-21,62716
37620	76,02319	-22,93787	76,02319	-22,28252
37640	76,02319	-22,93787	76,67855	-22,93788
37660	76,02319	-22,93788	76,67855	-22,28252
37680	76,67855	-22,93788	76,67855	-22,93788
37700	76,02319	-23,59324	76,02319	-22,93788
37720	-43,25234	-23,59324	76,02319	-23,59324
37740	76,02318	-24,2486	76,02319	-23,59324
37760	76,02318	-23,59324	76,02319	-22,93789
37780	76,02317	-23,59325	76,02318	-22,93789
37800	76,02317	-23,59325	76,02318	-22,93789
37820	76,02318	-23,59324	76,02319	-22,93789
37840	74,05708	-24,24861	72,74635	-23,59325
37860	72,74634	-23,59324	73,40171	-22,93788
37880	72,74634	-23,59324	73,40171	-23,59324
37900	72,09097	-24,24859	72,74634	-23,59323
37920	72,09097	-24,24859	72,74634	-22,93787
37940	72,09097	-23,59322	72,09098	-23,59322
37960	72,09097	-23,59322	72,09098	-22,93786
37980	72,09097	-23,59322	72,09099	-22,93786
38000	72,09097	-22,93785	72,09098	-22,93786
38020	72,09097	-23,59321	72,09097	-23,59322
38040	72,09097	-23,59322	72,74633	-23,59322
38060	72,74633	-24,24858	72,74633	-23,59322
38080	72,09096	-24,24858	74,71242	-22,93787
38100	81,2661	-21,62713	82,57688	-20,97177
38120	81,92149	-21,62712	81,9215	-20,3164
38140	81,92149	-20,97175	82,57686	-20,31639
38160	81,92148	-21,62711	81,92149	-20,97175
38180	81,92148	-21,62711	81,92147	-21,62712
38200	81,2661	-22,28248	81,92147	-21,62713
38220	81,92147	-22,28248	81,92147	-22,28249
38240	81,26611	-22,93785	81,92147	-22,2825
38260	81,2661	-22,93785	81,92147	-22,2825
38280	81,26611	-22,93785	81,26611	-22,2825
38300	81,2661	-22,93785	81,26611	-22,93786
38320	81,2661	-23,59322	81,2661	-22,93787
38340	-43,25231	-23,59322	81,92146	-23,59323
38360	81,26609	-24,24859	81,26609	-24,24859
38380	81,26608	-24,24859	81,26609	-24,2486
38400	81,26608	-24,24859	81,26609	-24,2486
38420	81,26607	-24,90395	81,26608	-24,2486
38440	81,26607	-24,90395	81,26608	-24,90396
38460	81,26607	-25,55932	92,40731	-22,93789
38480	-43,252	-22,93787	107,48089	-22,28252
38500	104,8594	-22,93786	103,54868	-22,2825
38520	104,20403	-22,2825	103,54868	-22,2825
38540	102,89331	-22,93786	102,89332	-22,28251
38560	102,8933	-22,93786	102,89331	-22,28251
38580	102,8933	-22,93787	102,8933	-22,93787
38600	92,4074	-24,24858	79,3	-23,59322
38620	76,02316	-23,59321	77,98928	-22,28247
38640	77,33391	-22,28246	77,3339	-20,31636
38660	76,67854	-20,31635	76,67855	-19,00563
38680	76,67854	-18,35026	76,67854	-17,6949
38700	76,67853	-18,35026	76,67854	-17,6949
38720	76,67852	-19,00562	77,33388	-19,00563
38740	77,33387	-19,00563	77,33387	-19,00563
38760	77,33387	-19,66099	77,33387	-19,66099
38780	77,33386	-20,31635	77,33387	-19,66098
38800	77,33386	-20,31635	77,33386	-19,66099
38820	76,6785	-20,31634	77,33386	-19,66099
38840	76,67849	-20,31635	76,6785	-20,31635
38860	76,02313	-20,31634	76,6785	-19,66099
38880	76,02313	-20,31635	76,67849	-19,66099
38900	76,67849	-20,31635	76,67849	-20,31635
38920	76,02312	-20,9717	76,02313	-20,31636
38940	76,02311	-20,97171	76,67848	-20,97172
38960	76,67847	-20,97171	76,67848	-20,97171
38980	76,02311	-20,97171	76,02567	-20,31636
39000	75,36775	-20,97171	76,02312	-20,31635
39020	75,36775	-20,31635	75,36776	-20,31636
39040	71,43555	-22,28244	57,01749	-22,93781
39060	55,70674	-23,59316	59,63895	-22,9378
39080	60,2943	-23,59316	60,29429	-22,9378
39100	59,63893	-23,59315	59,63894	-22,93779
39120	59,63893	-23,59315	60,29429	-22,93779
39140	59,63893	-22,93779	60,2943	-22,93779
39160	60,29428	-23,59315	60,94965	-23,59315
39180	60,94965	-23,59315	-43,25259	-23,59315
39200	61,605	-24,24851	61,60501	-24,24851
39220	61,605	-24,90387	62,26037	-24,24852
39240	62,26036	-24,90388	61,605	-24,90388
39260	61,605	-25,55924	62,26036	-24,90389
39280	61,60499	-25,55924	62,26036	-25,55925
39300	61,60498	-26,2146	62,26035	-25,55925
39320	66,19254	-24,90389	65,5372	-23,59315
39340	65,53718	-24,24851	65,53718	-23,59315
39360	64,88182	-23,59314	64,88182	-22,93779
39380	64,22645	-23,59315	64,22645	-22,93779
39400	64,22644	-23,59315	64,8818	-23,59315
39420	64,22644	-23,59315	64,22644	-24,24851
39440	64,22643	-24,24851	64,22643	-24,24851
39460	64,22643	-24,24851	64,88179	-24,24852
39480	64,88179	-24,90387	64,88179	-24,24851
39500	64,88178	-25,55924	65,53715	-24,90388
39520	65,53714	-26,2146	74,0569	-24,24852
39540	79,29985	-24,24851	79,29988	-24,24851
39560	78,64449	-24,90387	79,29986	-24,2485
39580	79,29986	-24,2485	79,95522	-24,2485
39600	79,29985	-24,2485	79,29986	-24,24851
39620	79,29985	-24,90387	79,29985	-24,90387
39640	78,64448	-24,90388	79,29984	-24,90389
39660	78,64447	-25,55924	78,64448	-24,90389
39680	77,98911	-24,90388	77,98912	-24,90389
39700	77,33375	-24,90388	77,33376	-24,24853
39720	77,33375	-24,90388	76,6784	-24,24853
39740	76,6784	-24,24852	76,6784	-24,24852
39760	76,67839	-24,90388	76,67839	-24,24852
39780	76,67838	-24,90388	77,33375	-24,24852
39800	76,67838	-24,90389	76,67839	-24,90389
39820	79,95519	-24,9039	96,33941	-20,31635
39840	104,20392	-20,97169	104,85932	-20,97171
39860	102,8932	-20,9717	103,54857	-20,9717
39880	103,54857	-20,97169	103,54857	-20,9717
39900	103,54856	-21,62706	103,54857	-20,97171
39920	103,54857	-21,62707	103,54857	-21,62707
39940	103,54856	-21,62707	102,8932	-20,97172
39960	102,23784	-20,97171	102,23785	-20,31636
39980	101,58249	-20,97171	101,58249	-20,31635
