T	LX	LY	RX	RY
0	0	0	0	0
20	0	0	-0,65535999999999	-1,0000000003174E-5
40	-0,65535999999999	-0,65536	-0,65535999999999	-1,0000000003174E-5
60	-0,65535	-0,65536	-0,65535	-1,0000000003174E-5
80	-0,65535	-0,65536	-0,65535	-1,0000000003174E-5
100	-0,65535	-0,65537	-0,65535	-1,0000000003174E-5
120	-0,65534	0	-0,65534	-1,0000000003174E-5
140	-1,3107	-0,65536	-1,31071	-1,0000000003174E-5
160	-1,3107	0	-1,3107	-1,0000000003174E-5
180	-1,3107	-0,65537	-1,3107	-1,0000000003174E-5
200	-1,3107	-0,65537	-0,65534	-1,0000000003174E-5
220	-1,3107	-0,65537	-1,3107	0
240	-1,3107	-1,0000000003174E-5	-1,3107	-1,0000000003174E-5
260	-1,31069	-1,0000000003174E-5	-1,31069	-1,0000000003174E-5
280	-1,31069	0	-1,31069	-1,0000000003174E-5
300	-1,31069	-0,65536	-1,96605	-1,0000000003174E-5
320	-1,96604	-0,65537	-1,96605	-1,0000000003174E-5
340	-1,31068	-1,0000000003174E-5	-1,96604	0,65535
360	-1,96604	-1,0000000003174E-5	-1,96604	-1,0000000003174E-5
380	-1,31068	-0,65536	-1,31068	0,65535
400	-1,31068	-1,0000000003174E-5	-1,96604	-1,9999999999243E-5
420	-1,96604	-1,0000000003174E-5	-1,96604	-1,9999999999243E-5
440	-1,96604	-1,0000000003174E-5	-1,96604	-1,0000000003174E-5
460	-1,96604	-1,0000000003174E-5	-1,96604	-1,0000000003174E-5
480	-1,96604	-0,65537	-2,6214	-1,9999999999243E-5
500	-1,96604	-1,0000000003174E-5	-1,96604	-1,9999999999243E-5
520	-1,96605	-0,65537	-1,96606	-0,65538
540	-1,3107	-1,31074	-0,65534	-1,31075
560	-0,65534	-1,31075	-0,65535	-0,65539
580	1,0000000003174E-5	-1,31075	-0,65535	-0,6554
600	-0,65534	-1,31075	-1,31071	-0,65539
620	-0,65535	-1,31075	-1,31071	-0,65539
640	-1,31071	-1,31074	-1,31071	-0,65539
660	-1,3107	-1,31075	-1,96606	-0,65539
680	-1,96606	-1,31075	-1,96605	-0,6554
700	3,9323	-1,31076	8,51992	-1,31076
720	7,86457	-0,6554	7,2092	1,31069
740	7,2092	1,3107	6,55384	2,62142
760	6,55384	2,62143	6,55383	3,27678
780	6,55384	2,62142	6,55385	2,62142
800	5,8985	1,96607	5,8985	1,96605
820	6,55387	1,3107	5,89851	1,31069
840	5,89851	0,65534	5,89851	1,31069
860	5,89851	-2,0000000006348E-5	-41,94276	-3,0000000002417E-5
880	5,24316	-0,65538	5,24315	-0,65539
900	4,5878	-0,65539	10,48613	-0,65541
920	27,52573	-1,31077	36,04555	-0,65542
940	34,73483	-4,0000000005591E-5	34,07947	1,31067
960	34,07947	0,65532	34,07947	0,65531
980	34,07947	0,65531	34,07947	1,31067
1000	34,07948	1,31067	34,07949	1,31067
1020	34,07949	1,31067	34,07949	1,31067
1040	34,07949	1,31067	34,07949	1,96602
1060	34,73485	0,6553	34,07949	1,31066
1080	34,07949	0,65531	34,0795	0,6553
1100	34,0795	0,6553	34,73486	0,65529
1120	34,73486	-7,0000000000903E-5	34,73487	0,65529
1140	34,07951	-0,65543	34,73487	-7,0000000000903E-5
1160	34,73488	-0,65543	34,73488	-8,0000000004077E-5
1180	34,73489	-1,31079	34,73489	-0,65544
1200	34,73489	-1,3108	34,73489	-1,31081
1220	47,18683	-1,96617	63,57102	-1,96618
1240	74,05693	-3,93228	74,05695	-3,27693
1260	73,40157	-2,62156	72,74621	-1,9662
1280	72,7462	-2,62155	72,09084	-2,62156
1300	72,74619	-2,62156	72,74619	-2,62156
1320	72,74619	-2,62155	72,09083	-2,62156
1340	72,09083	-3,27691	72,09084	-1,96619
1360	71,43547	-2,62155	72,09084	-2,62155
1380	72,09084	-2,62155	72,09084	-1,96619
1400	72,09084	-2,62155	72,09084	-1,96619
1420	72,09084	-2,62155	72,09084	-2,62156
1440	76,02306	-2,62155	87,16435	-1,31082
1460	90,44122	-1,96618	89,13049	-0,65546
1480	88,47513	-0,65545	88,47514	-0,65545
1500	88,47514	-1,31082	87,81979	-1,31082
1520	87,81979	-1,31081	88,47516	-1,31082
1540	87,8198	-1,31081	87,8198	-0,65546
1560	87,8198	-0,65545	87,8198	-0,65546
1580	87,8198	-0,65545	87,8198	-0,65546
1600	87,8198	-1,31081	87,8198	-0,65545
1620	87,16444	-1,31081	87,8198	-0,65546
1640	93,06274	-1,31081	104,8594	-0,00010000000000332
1660	108,79166	-1,31081	107,48092	-0,00010000000000332
1680	107,48091	-9,0000000000146E-5	107,48091	1,31063
1700	106,82555	0,65528	107,48092	1,31063
1720	107,48091	0,65528	107,48091	1,31063
1740	107,48092	1,31064	106,82555	1,31063
1760	107,48092	1,31064	106,82556	1,966
1780	106,82556	1,966	106,82556	1,96599
1800	104,85947	1,31065	85,19839	-1,3108
1820	48,49777	-8,51977	8,52041	-15,07337
1840	-13,10676	-18,35016	-15,07287	-15,07335
1860	-13,76213	-13,7626	-13,76213	-11,79652
1880	-13,76212	-12,45188	-14,41747	-10,48581
1900	-14,41746	-10,48579	-14,41746	-9,17508
1920	-14,41746	-8,51971	-14,41746	-7,86435
1940	-13,76211	-7,20898	-13,76212	-6,55362
1960	-13,10678	-6,55361	-12,45145	-5,24289
1980	-11,14075	-5,89824	-11,14076	-5,89824
2000	-11,14078	-5,89823	-11,14079	-4,58751
2020	-11,14079	-4,58751	-9,83007	-0,65534
2040	-8,51934	2,6215	-8,51933	3,93223
2060	-8,51933	3,27688	-8,51934	3,93224
2080	-7,86397	3,27688	-8,51934	3,93223
2100	-8,51933	3,27688	-8,51933	2,62151
2120	-8,51933	1,96616	-9,17468	1,96615
2140	-8,51933	1,31079	-8,51933	1,96614
2160	-8,51933	1,96615	-8,51932	1,96615
2180	-9,17468	1,31079	-8,51932	1,31078
2200	-9,17469	0,65542	-8,51933	0,65541
2220	-5,89784	-0,65531	5,24349	-1,96604
2240	14,41866	-3,93214	16,38477	-3,93216
2260	15,7294	-3,27678	15,7294	-2,62143
2280	15,07404	-3,27678	15,72939	-2,62143
2300	15,7294	-3,27679	15,07404	-3,2768
2320	15,07404	-3,27679	15,07404	-2,62144
2340	14,41869	-3,27679	14,41868	-2,62144
2360	14,41868	-3,2768	14,41868	-2,62144
2380	13,76332	-3,2768	13,76333	-3,27681
2400	13,76332	-3,93216	13,10797	-3,27681
2420	13,76333	-3,93216	13,76333	-3,93217
2440	8,5204	-4,58752	-0,65476	-3,27681
2460	-1,96549	-3,93215	-1,96549	-3,93215
2480	-1,31012	-3,93214	-1,96548	-3,27679
2500	-1,96548	-3,93215	-1,96293	-3,2768
2520	-1,96547	-3,93214	-1,96547	-3,27679
2540	-1,31011	-3,93215	-1,96547	-3,27679
2560	-1,31011	-3,27678	-1,31011	-3,2768
2580	-1,96547	-3,93215	-1,96547	-3,27679
2600	-1,31011	-3,93215	-1,96547	-2,62144
2620	-1,96546	-3,93215	-1,3101	-3,2768
2640	8,52041	-1,96608	24,24925	-0,65535
2660	32,76903	-2,62145	32,76903	-1,9661
2680	32,76902	-1,31073	32,76901	-1,31074
2700	32,76901	-1,9651	32,76901	-1,31074
2720	33,42437	-1,31074	33,42437	-1,31074
2740	33,42437	-1,9661	32,76901	-1,9661
2760	32,76901	-1,9661	32,76901	-1,96611
2780	32,76901	-2,62146	33,42437	-2,62147
2800	32,76901	-2,62147	32,76901	-1,96611
2820	32,76901	-2,62146	32,769	-2,62148
2840	39,97803	-2,62148	51,77465	-2,62148
2860	54,39614	-2,62148	54,39614	-2,62149
2880	53,74078	-2,62148	53,74077	-2,62149
2900	53,74077	-3,27685	53,08542	-1,96613
2920	53,74077	-3,27685	53,74077	-1,96613
2940	53,74077	-2,62149	53,08541	-1,96614
2960	52,43005	-2,62149	53,08541	-1,96614
2980	53,08541	-2,62149	52,43005	-1,96614
3000	52,43005	-1,96613	52,43005	-1,96614
3020	53,08541	-1,96613	62,91592	-5,000000000166E-5
3040	72,74648	-0,6554	75,36798	0,6553
3060	75,36797	0,65531	74,71261	1,31067
3080	74,71261	1,31068	74,05725	1,31067
3100	74,05725	1,31068	74,05725	1,96603
3120	74,71261	1,31068	74,71261	1,96603
3140	74,71261	1,31068	74,05725	1,96604
3160	74,71261	1,96604	74,05725	2,62139
3180	74,05725	1,96604	74,05725	2,62139
3200	74,05725	2,6214	74,05725	3,27676
3220	74,05725	2,6214	74,05724	3,27676
3240	74,7126	2,62141	81,92164	3,27676
3260	92,40756	2,62141	96,33979	2,62139
3280	95,68441	2,6214	95,02904	3,93212
3300	95,6844	3,93213	95,02903	3,93212
3320	95,02903	3,27676	95,02903	3,27676
3340	95,02903	3,27676	95,02903	3,27675
3360	95,02903	2,6214	94,37367	1,96602
3380	81,26628	-0,65541	49,80858	-4,58758
3400	11,14192	-13,10726	-13,76204	-16,38408
3420	-17,03888	-15,72869	-16,38351	-13,76261
3440	-15,72815	-13,10723	-15,72816	-11,14116
3460	-15,72816	-11,79651	-15,72817	-9,83043
3480	-15,72818	-9,83042	-15,72818	-8,5197
3500	-15,72818	-8,5197	-15,72819	-7,20898
3520	-15,07283	-7,86433	-15,72819	-6,55362
3540	-15,7282	-6,55361	-15,7282	-5,89826
3560	-15,72821	-6,55361	-15,72821	-5,2429
3580	-15,72821	-5,89825	-15,72821	-5,2429
3600	-11,14064	-4,58753	-5,89767	-1,96607
3620	-5,89766	-3,27679	-5,89767	-2,62143
3640	-5,89767	-2,62143	-6,55303	-2,62144
3660	-5,89767	-3,27679	-5,89767	-3,2768
3680	-5,89767	-3,2768	-5,89767	-3,2768
3700	-5,89767	-3,93216	-5,89767	-3,93217
3720	-5,89767	-3,93217	-5,89766	-3,93218
3740	-5,2423	-4,58753	-5,2423	-4,58754
3760	-5,2423	-4,58753	-5,2423	-4,58754
3780	-5,2423	-5,2429	-5,2423	-4,58755
3800	-5,2423	-5,89827	-5,2423	-5,89828
3820	-9,82988	-6,55363	-15,07285	-5,89826
3840	-14,41749	-7,86434	-13,76212	-7,20899
3860	-12,45141	-7,20898	-12,45142	-6,55364
3880	-11,79605	-7,20899	-11,1407	-7,209
3900	-11,79606	-7,86436	-11,79607	-7,209
3920	-11,14071	-7,86436	-11,14071	-7,86437
3940	-11,14071	-7,86436	-11,14071	-7,209
3960	-11,79607	-7,86436	-11,14071	-7,209
3980	-11,79607	-7,86436	-11,14071	-7,20901
4000	-5,2424	-7,86437	18,35083	-6,55366
4020	39,97799	-7,20903	43,25489	-6,55369
4040	42,59952	-5,24297	41,94415	-4,5876
4060	41,94415	-4,5876	41,94414	-4,5876
4080	41,28878	-5,24296	41,28878	-4,58761
4100	41,28877	-4,5876	41,28877	-4,58761
4120	41,94413	-4,58761	41,28877	-4,58762
4140	41,28877	-4,58761	41,28877	-4,58763
4160	41,94413	-4,58762	41,94412	-3,93227
4180	41,28876	-4,58762	41,28876	-4,58763
4200	41,28877	-4,58763	41,28876	-4,58763
4220	41,94412	-5,24299	45,22095	-4,58764
4240	62,26052	-5,89836	68,81424	-6,55374
4260	68,81424	-6,55374	68,15887	-5,24302
4280	67,50351	-5,24301	66,84815	-4,58766
4300	66,8507	-5,89837	66,84815	-5,24302
4320	66,84815	-5,24302	66,84815	-5,24302
4340	66,84815	-5,24301	66,84815	-4,58766
4360	66,84815	-5,24301	66,84815	-4,58766
4380	66,84815	-4,58766	66,19279	-3,9323
4400	66,19279	-4,58765	65,53743	-4,58766
4420	66,19279	-5,24301	66,19279	-4,58766
4440	65,53743	-4,58765	65,53743	-4,58766
4460	65,53743	-5,24301	66,84814	-4,58766
4480	66,84814	-5,24302	66,84813	-5,24303
4500	66,84813	-5,89838	66,84814	-5,24303
4520	66,84814	-5,89838	66,84813	-5,24303
4540	67,5035	-5,24302	66,84814	-5,24303
4560	66,84814	-5,24302	66,84813	-4,58766
4580	66,84814	-5,24302	66,84814	-4,58767
4600	66,19278	-5,24302	68,81424	-4,58767
4620	80,61088	-3,9323	90,44147	-3,9323
4640	91,75222	-3,9323	91,09685	-3,27695
4660	90,44149	-3,27693	90,44149	-2,62158
4680	90,44149	-3,27694	89,78612	-3,27694
4700	90,44149	-3,9323	90,44149	-3,27694
4720	90,44148	-3,9323	90,44148	-3,27695
4740	90,44149	-3,9323	90,44148	-3,27695
4760	90,44148	-3,27694	90,44148	-3,27695
4780	89,78612	-3,93231	89,78612	-3,27695
4800	89,78612	-3,93231	89,78613	-3,93232
4820	89,78612	-4,58767	93,71833	-3,27695
4840	103,54889	-3,9323	108,13651	-4,58767
4860	109,44723	-4,58767	108,79186	-3,27695
4880	108,1365	-3,27695	108,79186	-2,62159
4900	108,1365	-3,27694	108,13649	-2,62159
4920	108,13649	-2,62158	108,13649	-2,62158
4940	108,13649	-2,62158	108,13649	-1,96622
4960	108,13649	-1,96621	107,48113	-1,31086
4980	103,54892	-1,9662	80,611	-4,58764
5000	45,87646	-9,8305	7,86517	-13,10728
5020	-13,10657	-16,38406	-15,07267	-13,76261
5040	-13,76194	-11,14114	-13,76196	-8,5197
5060	-13,76197	-7,86432	-13,76198	-6,5536
5080	-13,76199	-5,89824	-13,10664	-4,58753
5100	-13,10665	-3,93215	-13,76202	-2,62143
5120	-13,76202	-1,31071	-13,76203	-0,65535
5140	-14,41739	-0,65534	-14,41739	9,9999999960687E-6
5160	-13,76203	1,9999999999243E-5	-14,4174	0,65537
5180	-13,76204	0,65537999999999	-13,76204	0,65537
5200	-13,76204	9,9999999960687E-6	-14,4174	0,65537
5220	-13,76205	9,9999999960687E-6	-13,76204	0,65536
5240	-13,76205	0,65537	-13,76205	0,65536
5260	-14,41742	0,65535999999999	-14,41742	0,65536
5280	-14,41742	0	-14,41742	-1,0000000003174E-5
5300	-14,41743	-1,31073	-14,41743	-0,65538
5320	-12,45133	-1,31074	1,31138	-2,62147
5340	7,20972	-3,27683	7,86508	-2,62149
5360	7,20972	-2,62148	7,20971	-2,62149
5380	6,55435	-3,27685	6,55435	-3,27685
5400	7,20971	-3,93221	6,55434	-3,27686
5420	6,55434	-3,93221	6,55434	-3,93222
5440	7,2097	-4,58758	6,55433	-4,58759
5460	6,55433	-4,58758	6,55433	-5,24296
5480	6,55433	-5,89831	6,55432	-5,24296
5500	6,55433	-5,89833	26,87065	-3,93226
5520	55,70685	-3,93226	72,74655	-7,20912
5540	76,67883	-8,51986	76,02345	-7,20914
5560	75,36807	-7,20912	75,36806	-5,8984
5580	75,36806	-6,55376	76,02341	-5,24304
5600	76,02341	-5,8984	76,0234	-5,24304
5620	76,67876	-5,8984	77,33411	-5,89842
5640	77,3341	-7,20913	77,98945	-6,55379
5660	77,98944	-7,20915	77,98944	-6,5538
5680	77,98944	-7,20915	78,64479	-7,20916
5700	78,64734	-7,20916	77,98943	-7,20916
5720	77,98943	-8,51988	78,64479	-7,86454
5740	87,16457	-5,24306	98,30588	-1,96623
5760	104,85961	-3,27695	105,51497	-3,27697
5780	104,8596	-2,62159	105,51495	-1,96624
5800	105,51495	-2,62159	105,51495	-2,6216
5820	106,17031	-2,62159	105,51495	-2,6216
5840	106,17031	-2,62159	105,51495	-2,62161
5860	106,17031	-3,27696	106,17031	-2,62161
5880	106,17031	-3,93232	106,17031	-3,93233
5900	106,82566	-4,5877	106,1703	-4,58771
5920	106,82566	-5,24306	106,82567	-5,89844
5940	103,54882	-7,86451	81,26627	-12,45206
5960	46,53176	-19,00565	21,62781	-22,93782
5980	19,66172	-21,62708	20,31707	-18,35025
6000	20,97242	-17,69488	20,97242	-15,7288
6020	20,97242	-14,41807	20,97241	-12,45198
6040	20,97241	-11,7966	20,31704	-9,83053
6060	20,31704	-9,83051	20,31704	-8,51979
6080	20,31704	-7,86442	19,66168	-7,20907
6100	20,31704	-6,5537	24,24925	-1,96616
6120	26,21537	-0,6554	26,21537	-5,000000000166E-5
6140	26,21537	-4,0000000005591E-5	26,21536	1,31068
6160	26,21537	-4,0000000005591E-5	26,21536	-5,000000000166E-5
6180	26,21537	-0,65541	26,21536	-0,65542
6200	26,87072	-1,31078	26,87071	-1,31079
6220	27,52607	-1,31079	26,8707	-1,96616
6240	27,52606	-3,27688	27,52606	-2,62153
6260	27,52606	-3,27689	27,52605	-3,93226
6280	28,83678	-4,58762	43,25487	-5,89837
6300	52,43006	-7,86445	53,08544	-6,55264
6320	52,43007	-6,55373	52,43007	-5,89838
6340	52,43007	-5,89837	52,43007	-5,89838
6360	52,43007	-5,89838	52,43007	-5,89838
6380	52,43007	-5,89838	52,43007	-5,24302
6400	52,43007	-5,89838	52,43007	-5,24302
6420	51,77471	-5,89838	51,77471	-5,24302
6440	52,43007	-6,55374	55,05153	-5,89839
6460	67,50353	-5,89838	73,40187	-5,24303
6480	74,71261	-5,89839	74,05724	-5,24304
6500	74,05724	-5,24303	74,05724	-4,58768
6520	74,05724	-5,24304	74,05724	-5,24304
6540	74,7126	-5,8984	74,05724	-5,89841
6560	74,05724	-6,55376	74,05724	-5,89841
6580	74,05724	-6,55377	74,05724	-5,89841
6600	74,05724	-6,55377	74,05724	-7,20914
6620	74,05724	-6,55377	81,26627	-5,89842
6640	93,06294	-6,55376	96,99518	-6,55378
6660	96,33981	-6,55378	95,68444	-5,24305
6680	95,68445	-5,24304	95,68444	-5,24305
6700	95,68445	-5,89841	95,68444	-5,24306
6720	95,68445	-5,24305	95,02909	-5,24306
6740	95,02909	-5,24305	95,02909	-4,58769
6760	95,02909	-5,24305	95,02909	-4,5877
6780	95,02909	-4,58768	95,02908	-4,58769
6800	95,02908	-5,24305	92,40762	-5,24305
6820	72,09118	-10,48593	39,32277	-16,38418
6840	9,83123	-22,93776	-2,62074	-22,2824
6860	-1,96539	-20,31629	-0,65468	-18,35021
6880	-0,65469	-17,03948	-1,31006	-15,72876
6900	-1,31007	-14,41803	-1,31008	-13,76267
6920	-1,96544	-12,45194	-1,96545	-11,14122
6940	-1,96545	-10,48584	-2,62081	-9,83049
6960	-1,96544	-9,17512	-2,62081	-8,51977
6980	-1,96545	-9,17512	-1,96544	-8,51977
7000	-1,96545	-8,51976	-1,96545	-8,51977
7020	-1,96544	-8,51977	-1,96545	-7,86442
7040	-1,96544	-9,17513	-1,96544	-8,51978
7060	-1,96545	-9,17513	-1,96545	-8,51978
7080	-1,96545	-9,17513	-1,96545	-9,17515
7100	-1,96545	-9,8305	-1,96545	-9,83051
7120	-1,31009	-10,48587	-1,96546	-9,83051
7140	-6,55303	-9,8305	-10,48524	-9,17514
7160	-11,14062	-10,48586	-10,48526	-9,8305
7180	-10,48526	-10,48586	-10,48525	-9,8305
7200	-10,48525	-10,48586	-10,48525	-10,48587
7220	-10,48525	-10,48586	-10,48524	-10,48587
7240	-10,48524	-11,14122	-10,48524	-10,48587
7260	-10,48524	-11,14122	-10,48524	-11,14123
7280	-10,48524	-11,79659	-10,48524	-11,14123
7300	-10,48524	-11,79659	-10,48524	-11,7966
7320	-10,48524	-12,45195	-10,48523	-11,7966
7340	-10,48523	-12,45195	-10,48523	-12,45196
7360	-10,48524	-13,10731	-9,82987	-12,45196
7380	-9,82987	-13,10732	-10,48523	-13,10733
7400	-10,48523	-13,76268	-8,51914	-13,7627
7420	7,86504	-14,41807	22,28316	-14,41808
7440	30,14758	-15,07345	30,80295	-14,4181
7460	30,14759	-14,41809	30,14758	-13,76273
7480	30,14757	-15,07345	30,14756	-15,07347
7500	30,80292	-15,07346	30,80292	-15,07347
7520	30,14755	-15,07346	30,80291	-15,07347
7540	30,14754	-15,07347	30,14754	-14,41811
7560	30,14754	-15,07348	30,14754	-14,41812
7580	30,14754	-15,07347	30,14754	-15,07348
7600	30,14754	-15,72883	30,14754	-15,07348
7620	30,14754	-15,72884	29,49218	-15,07348
7640	29,49218	-15,72884	31,45827	-15,07349
7660	44,56563	-15,07348	56,36229	-14,41813
7680	59,63916	-15,07349	59,63915	-14,41814
7700	59,63915	-14,41813	58,98379	-15,07351
7720	58,98379	-15,0735	59,63915	-15,07351
7740	59,63915	-15,72886	58,98378	-15,07351
7760	59,63914	-15,72886	59,63914	-15,07351
7780	59,63914	-15,72887	59,63914	-15,72887
7800	59,63913	-17,03959	59,63913	-16,38425
7820	59,63913	-17,0396	68,1589	-15,72889
7840	-41,94139	-15,72888	84,54317	-16,38425
7860	83,88781	-17,03961	83,23244	-15,72889
7880	83,8878	-16,38424	83,23244	-15,72889
7900	83,8878	-16,38424	83,23244	-16,38425
7920	83,88779	-17,03961	83,8878	-16,38425
7940	83,8878	-17,03961	83,8878	-16,38426
7960	83,8878	-17,03961	83,88779	-17,03962
7980	83,8878	-17,69497	83,8878	-17,69498
8000	74,05729	-20,97176	45,87645	-25,5593
8020	13,10807	-31,45751	-7,86367	-34,73431
8040	-9,82977	-34,7343	-7,20831	-32,76821
8060	-7,20831	-32,11284	-7,20833	-30,80212
8080	-6,55297	-30,80211	-6,55298	-30,14676
8100	-5,24227	-30,14675	-5,24229	-29,4914
8120	-4,58693	-29,49139	-4,58694	-28,18068
8140	-4,58694	-28,83603	-4,58694	-28,18068
8160	-5,24231	-28,18066	-5,24231	-27,52531
8180	-4,58695	-27,5253	-5,24231	-26,86995
8200	-5,24231	-28,18066	-5,24231	-27,52531
8220	-5,2423	-28,18066	-10,48524	-28,18068
8240	-13,1067	-30,14676	-12,45134	-30,14676
8260	-11,79598	-30,14675	-11,79598	-29,4914
8280	-12,45133	-30,14676	-13,10669	-30,14676
8300	-12,45133	-30,80212	-13,10669	-30,14676
8320	-13,10669	-30,80212	-13,10669	-30,14677
8340	-13,10669	-31,45749	-13,10669	-30,80213
8360	-13,10669	-30,80213	-13,10669	-30,80214
8380	-13,10669	-31,45749	-13,10669	-30,80214
8400	-13,10669	-31,4575	-12,45133	-30,80214
8420	-12,45133	-31,4575	-12,45133	-31,4575
8440	-12,45133	-31,4575	-12,45133	-31,4575
8460	-12,45249	-32,11286	-12,45133	-32,11287
8480	-12,45133	-32,11286	-12,45133	-31,45751
8500	-11,79596	-32,11286	-12,45132	-31,45751
8520	-9,1745	-32,11287	7,86506	-30,1468
8540	21,62783	-30,80216	24,90468	-30,80218
8560	24,24932	-30,80217	23,59395	-30,14681
8580	22,9386	-30,14681	23,59395	-29,49146
8600	22,93859	-30,14681	23,59396	-29,49146
8620	23,59395	-30,14681	22,9386	-29,49146
8640	22,93859	-30,14681	22,93859	-29,49146
8660	22,93859	-30,14682	22,93859	-29,49147
8680	22,93859	-29,49146	22,93859	-29,49147
8700	22,93859	-30,14682	22,93859	-30,14683
8720	23,59395	-30,80218	24,24929	-30,14684
8740	24,24929	-30,80219	24,90464	-30,14684
8760	24,90464	-31,45756	25,55999	-31,45757
8780	25,56	-32,11293	25,55999	-31,45758
8800	25,55999	-31,45756	25,55998	-31,45757
8820	24,90463	-31,45756	24,90462	-30,80221
8840	24,90462	-32,11293	24,90462	-31,45758
8860	25,55998	-32,7683	34,73511	-30,80223
8880	49,15324	-31,4576	55,70695	-30,80225
8900	55,05159	-31,45761	55,05159	-30,14689
8920	55,05159	-30,80224	55,05158	-30,14689
8940	55,05159	-30,80224	55,05158	-29,49153
8960	55,05158	-30,80224	55,05157	-30,1469
8980	55,05157	-30,80225	55,05157	-30,1469
9000	55,05157	-30,80225	55,05157	-30,80226
9020	55,05157	-31,45762	55,05157	-30,80226
9040	55,05156	-30,80225	55,05156	-30,80226
9060	55,05156	-30,80225	55,05156	-30,80226
9080	55,05156	-30,80225	55,05156	-30,80226
9100	55,05156	-31,45762	55,70692	-30,80226
9120	55,05157	-30,80226	55,05156	-30,80226
9140	55,05156	-30,80226	55,05156	-30,80227
9160	55,05156	-31,45762	55,70692	-30,80227
9180	55,05156	-31,45762	55,05157	-30,80227
9200	55,70692	-31,45762	59,63912	-30,80227
9220	77,33406	-29,49154	91,75223	-28,18082
9240	96,99522	-28,83618	96,33985	-28,18083
9260	95,68448	-27,52546	96,33984	-26,8701
9280	95,68448	-27,52546	96,33984	-27,52546
9300	95,68448	-27,52545	95,68448	-26,8701
9320	95,68447	-27,52546	96,33983	-27,52546
9340	96,33983	-27,52546	96,33982	-26,8701
9360	96,33983	-27,52546	96,33982	-26,87011
9380	96,33983	-27,52546	95,68447	-27,52547
9400	96,33983	-27,52546	96,33982	-27,52547
9420	96,33982	-28,18082	96,99518	-28,18084
9440	96,99516	-28,83619	97,65052	-28,18084
9460	97,65051	-28,83619	97,65051	-28,18084
9480	98,96123	-28,18084	111,41323	-26,87012
9500	126,48675	-26,21474	130,419	-26,87012
9520	129,10827	-26,87011	129,10825	-25,55939
9540	128,45289	-26,21475	129,10825	-25,5594
9560	129,10825	-26,87011	129,10824	-26,21476
9580	129,10825	-26,21475	129,10824	-25,5594
9600	129,10823	-26,21475	129,10823	-25,5594
9620	129,10823	-25,55939	129,10823	-25,5594
9640	129,10823	-26,21475	128,45287	-26,21476
9660	128,45287	-27,52548	117,96696	-29,49155
9680	86,50929	-37,35588	48,49796	-43,90946
9700	15,07424	-49,15231	-1,9653	-49,15231
9720	-0,65459	-47,1862	0,00076000000000676	-44,56476
9740	0,6561	-43,90939	0,00073000000000434	-42,59868
9760	0,65608	-41,28794	0,65607000000001	-39,97723
9780	0,65607000000001	-39,32186	0,65606	-38,01114
9800	0,65606	-37,35577	0,65605	-35,38969
9820	0,00068000000000268	-34,73432	0,65604	-34,07896
9840	0,00068000000000268	-34,07895	0,00068000000000268	-32,76824
9860	0,00068000000000268	-32,76822	0,00068000000000268	-32,11287
9880	0,00068000000000268	-32,76822	-1,31005	-32,11287
9900	-5,24226	-30,80213	-4,5869	-30,80213
9920	-4,5869	-31,45748	-3,93153	-30,14677
9940	-4,58689	-30,80212	-3,93153	-30,80213
9960	-3,93152	-31,45749	-3,93152	-30,80213
9980	-4,58688	-31,45748	-4,58688	-30,80213
10000	-4,58687	-31,45749	-4,58687	-31,4575
10020	-4,58687	-32,11285	-4,58687	-32,11286
10040	-4,58687	-32,76822	-4,58687	-32,76822
10060	-3,27615	-33,42358	-3,27615	-33,42359
10080	-3,93152	-34,07895	0,65603	-33,42361
10100	20,31705	-32,76825	36,04592	-32,76827
10120	40,63354	-33,42363	39,97818	-32,76828
10140	39,32281	-32,76827	39,32281	-32,11292
10160	39,32281	-32,76827	39,3228	-32,76828
10180	38,66744	-32,76828	38,66744	-32,11292
10200	39,32279	-32,76828	39,32279	-32,11292
10220	39,32279	-32,76828	39,32279	-32,11293
10240	39,32279	-32,76828	39,32279	-32,11293
10260	39,32278	-32,76829	39,32278	-32,11294
10280	39,32278	-32,7683	39,32278	-32,76831
10300	39,97814	-33,42366	39,32278	-32,76831
10320	39,32278	-33,42366	39,97813	-33,42367
10340	39,97813	-34,07903	39,97813	-33,42367
10360	39,97813	-34,07903	40,6335	-33,42368
10380	54,39621	-32,76831	70,78047	-32,76832
10400	76,02348	-34,07905	74,71275	-32,76834
10420	74,71274	-32,76832	74,71273	-32,11297
10440	74,71273	-32,76832	74,71273	-32,11296
10460	75,36809	-32,11296	74,71273	-32,11297
10480	75,36808	-32,11296	74,71272	-31,45761
10500	75,36808	-32,11296	74,71272	-31,4576
10520	75,36808	-32,11296	75,36808	-31,45761
10540	75,36808	-31,4576	75,36807	-31,45761
10560	74,71272	-31,4576	75,36808	-30,80225
10580	75,36808	-31,45761	75,36807	-32,11298
10600	75,36808	-32,76834	75,36808	-32,76834
10620	78,64491	-33,42371	95,68448	-32,76835
10640	107,48118	-32,76835	108,79195	-32,11299
10660	107,48121	-32,11298	108,13656	-31,45763
10680	108,13655	-31,45762	108,7919	-31,45763
10700	109,44725	-32,11298	110,1026	-32,113
10720	110,75795	-32,76835	111,41331	-33,42373
10740	111,4133	-34,73444	111,4133	-34,73446
10760	112,06865	-36,70054	112,06865	-36,70055
10780	112,06864	-38,66663	95,0291	-43,90951
10800	64,22678	-51,77383	30,80304	-57,01668
10820	7,86519	-62,25956	5,89909	-61,60421
10840	7,20982	-60,94883	7,86516	-59,63812
10860	7,86516	-59,63811	7,86514	-58,98276
10880	7,86514	-58,32739	7,86513	-57,01668
10900	8,52048	-57,01667	8,52048	-56,36131
10920	8,52047	-57,01667	8,52046	-56,36132
10940	7,8651	-57,01668	8,52046	-56,36133
10960	8,52046	-56,36132	8,52045	-55,70597
10980	8,52046	-57,01668	9,17582	-57,0167
11000	2,62216	-58,32739	-10,48522	-58,32738
11020	-18,34962	-59,63807	-17,69427	-58,98272
11040	-16,38355	-58,98271	-16,38356	-58,32735
11060	-16,38355	-58,32735	-17,03891	-58,32735
11080	-16,38355	-58,32735	-17,03891	-57,672
11100	-16,38355	-58,32735	-16,38355	-57,01664
11120	-16,38355	-57,67199	-17,03892	-57,01664
11140	-17,69427	-57,01663	-17,03891	-57,01664
11160	-17,03891	-57,01663	-17,03891	-56,36128
11180	-17,03892	-57,01663	-17,69427	-56,36128
11200	-17,69427	-56,36128	-17,69427	-56,36128
11220	-18,34963	-56,36128	-18,34962	-55,70593
11240	-15,72817	-56,36129	-1,31005	-55,05058
11260	14,41882	-54,39522	19,6618	-54,39524
11280	18,35107	-54,39524	18,35106	-53,08452
11300	17,6957	-53,0845	18,35105	-53,08452
11320	18,35105	-53,73987	17,69568	-53,08452
11340	18,35105	-53,08451	18,35104	-53,08452
11360	18,35104	-53,08452	18,35104	-52,42917
11380	18,35104	-53,08452	18,35104	-52,42917
11400	19,0064	-53,73989	19,0064	-53,08454
11420	19,66175	-54,39526	20,3171	-54,39527
11440	20,3171	-55,05062	20,97246	-54,39527
11460	20,97246	-55,70599	20,97245	-55,05064
11480	20,97245	-55,706	20,97245	-55,05064
11500	20,97245	-55,706	20,97245	-55,706
11520	20,97245	-55,706	20,97245	-55,05065
11540	20,97245	-56,36136	20,97245	-56,36137
11560	24,24927	-57,01673	36,70126	-55,05067
11580	43,91035	-56,36139	44,56573	-56,36141
11600	44,56572	-56,3614	44,56571	-55,05068
11620	44,56571	-56,3614	44,56571	-55,70604
11640	44,56571	-56,3614	44,5657	-55,70604
11660	44,5657	-57,01676	44,5657	-56,36141
11680	44,5657	-57,01676	44,5657	-56,36141
11700	44,56569	-57,67213	44,56569	-57,01678
11720	44,56569	-57,67213	44,56569	-57,67214
11740	44,56568	-57,67213	44,56569	-57,01678
11760	44,56569	-57,67213	44,56569	-57,67214
11780	44,56569	-58,32749	44,56569	-57,67214
11800	44,56569	-58,32749	44,56569	-58,3275
11820	44,56569	-58,32749	44,56569	-57,67214
11840	44,56569	-58,32749	44,56569	-57,67214
11860	44,56569	-58,32749	44,56569	-57,67214
11880	44,56569	-58,32749	44,56569	-58,3275
11900	46,53179	-57,67214	58,32843	-56,36142
11920	65,53751	-57,01678	66,84826	-56,36142
11940	66,19289	-56,36142	66,19288	-55,70606
11960	66,19288	-55,70605	66,84824	-55,0507
11980	66,84824	-55,70605	66,19288	-55,70606
12000	66,19288	-55,70605	66,19287	-55,70606
12020	66,19288	-57,01678	65,53751	-58,32752
12040	65,53752	-61,60434	64,22679	-64,88118
12060	63,57143	-72,09018	65,53743	-77,33314
12080	70,78031	-84,54215	76,02335	-92,40651
12100	82,57716	-100,9262	86,50944	-108,1351
12120	82,57744	-112,0671	79,95612	-114,68837
12140	77,99013	-118,62035	76,67945	-119,93091
12160	73,40265	-123,2076	73,40264	-124,5183
12180	74,05795	-125,82905	73,40259	-126,48441
12200	72,09185	-128,45049	70,78108	-129,10592
12220	70,78103	-132,38284	68,81487	-129,10625
12240	64,22735	-128,45109	66,19342	-125,82979
12260	66,84864	-119,27627	65,53782	-113,37809
12280	63,57166	-110,10132	62,91621	-106,82453
12300	60,95004	-104,20308	59,63926	-102,89236
12320	58,32848	-101,58163	57,67308	-99,61555
12340	57,0177	-98,96019	56,36231	-97,64947
12360	56,36229	-96,9941	55,70691	-95,68338
12380	55,7069	-95,68337	55,70688	-94,37266
12400	55,05151	-94,37264	55,70686	-93,71729
12420	55,05149	-93,71728	55,05149	-93,06192
12440	55,05148	-93,06191	55,05148	-92,40655
12460	57,01756	-91,75119	64,88197	-87,81902
12480	67,50345	-87,16363	67,50343	-86,50828
12500	68,15878	-85,8529	68,15877	-84,54218
12520	67,50341	-84,54217	68,15877	-83,88682
12540	68,15877	-84,54217	68,15877	-83,23144
12560	68,15877	-83,8868	68,15877	-83,23145
12580	68,81413	-83,23145	68,81412	-81,92072
12600	68,81412	-82,57608	68,15876	-81,92073
12620	68,81412	-81,92071	68,15876	-81,26536
12640	68,15876	-81,92072	68,15876	-80,61
12660	68,15876	-81,26536	67,5034	-81,92073
12680	66,84804	-83,23145	66,84804	-82,5761
12700	66,84803	-82,57609	67,50338	-82,5761
12720	67,50337	-83,23145	67,50336	-82,5761
12740	68,15872	-82,5761	68,15871	-81,92074
12760	68,15871	-81,92073	68,81407	-81,26538
12780	68,81407	-81,92074	68,81408	-80,61002
12800	68,81407	-80,61001	68,81407	-80,61001
12820	69,46943	-80,61	69,46943	-79,29928
12840	70,12479	-79,95464	70,12479	-79,29929
12860	70,12479	-79,95464	70,12479	-79,95464
12880	70,78014	-80,61	70,78013	-80,61
12900	70,78014	-81,26536	70,78013	-80,61
12920	70,78013	-80,60999	70,78012	-79,95463
12940	70,78012	-80,60997	70,78013	-79,95462
12960	70,78013	-79,95461	70,78013	-79,95461
12980	71,4355	-80,60996	71,4355	-79,29925
13000	71,43551	-79,9546	71,43551	-79,29924
13020	70,78016	-79,29922	71,43552	-78,64387
13040	71,43552	-78,64386	71,43553	-78,64386
13060	71,43553	-78,64385	71,43553	-78,64386
13080	71,43554	-78,64384	71,43554	-77,98849
13100	72,09091	-78,64384	71,43555	-77,98848
13120	71,43554	-77,33311	71,43555	-76,67775
13140	72,09091	-76,67774	72,09091	-76,02238
13160	72,09091	-76,02237	72,09092	-76,02238
13180	72,09092	-76,02237	72,74628	-75,36702
13200	72,74628	-75,36701	73,40164	-74,71165
13220	73,40164	-74,71164	73,40164	-74,05629
13240	73,40165	-74,71164	73,40164	-74,05628
13260	73,40164	-74,05628	72,74629	-72,74556
13280	73,40164	-73,40091	73,40164	-72,74556
13300	73,40164	-73,40092	73,40164	-72,74556
13320	74,05701	-73,40092	74,05701	-72,74556
13340	74,05701	-73,40091	74,05702	-72,0902
13360	74,05702	-72,09018	74,71237	-71,43483
13380	75,36772	-72,74554	70,12474	-68,15799
13400	52,42977	-58,32747	28,18116	-53,73986
13420	13,76307	-54,39519	11,79697	-51,77373
13440	12,45233	-48,4969	12,45231	-45,22008
13460	12,4523	-43,25398	12,45228	-41,2879
13480	12,45227	-39,97716	12,45225	-38,01107
13500	13,10761	-36,70033	13,1076	-35,38961
13520	13,10759	-34,73423	13,76295	-32,76815
13540	13,76294	-32,11277	13,76293	-30,80205
13560	13,76293	-30,14668	13,76293	-28,83596
13580	14,41828	-28,18058	14,41828	-26,86986
13600	14,41828	-26,21449	14,41827	-25,55914
13620	14,41827	-25,55913	14,41827	-26,21449
13640	16,38436	-22,28233	17,03978	-8,51965
13660	15,07374	2,6216	13,76303	5,89843
13680	13,10766	7,86454	12,4523	9,83063
13700	12,4523	9,83064	12,45231	10,48599
13720	13,10767	9,83063	13,10767	11,14134
13740	12,45232	10,486	13,10768	11,14134
13760	13,10768	10,48599	12,45233	10,48598
13780	13,10769	10,48598	13,1077	10,48598
13800	13,1077	9,83062	12,45235	10,48597
13820	13,10771	9,83062	12,45236	10,48597
13840	13,10772	9,83062	12,45237	10,48596
13860	12,45237	9,83061	12,45238	10,48596
13880	12,45239	9,83061	12,45239	9,8306
13900	20,31681	9,17524	52,42975	8,51987
13920	76,02305	6,55379	83,88755	7,20913
13940	81,92148	8,51987	81,26611	11,14131
13960	79,95539	11,14133	79,30003	12,45204
13980	79,30004	11,79669	78,64468	12,45205
14000	78,64469	11,79669	77,98933	13,10741
14020	77,33397	12,45205	77,33398	13,10741
14040	76,67862	12,45205	76,67863	12,45204
14060	76,02327	11,79668	76,02327	12,45203
14080	76,02327	11,79666	76,02327	11,79665
14100	76,02327	11,14129	75,36791	11,14128
14120	75,36792	11,14128	74,71256	11,79663
14140	74,71257	11,14128	74,71257	11,79663
14160	74,71257	11,14127	74,71258	11,14126
14180	74,05721	11,14127	74,05721	11,14126
14200	73,40186	9,83054	73,40186	10,4859
14220	73,40186	11,14126	72,7465	11,79662
14240	68,8143	11,14127	55,70695	12,45198
14260	51,11938	12,452	51,1194	13,10737
14280	51,77476	13,10739	50,46403	14,4181
14300	49,80867	14,41811	49,1533	15,72883
14320	48,49794	15,07348	47,18721	15,72883
14340	46,53185	15,07348	46,53184	13,76273
14360	45,87648	9,17519	46,53182	1,96614
14380	47,18716	-10,4858	50,46395	-25,55922
14400	56,36213	-38,01119	62,91569	-50,46316
14420	72,09097	-60,29359	93,06284	-70,77934
14440	100,27225	-79,95416	110,1029	-81,91997
14460	115,34597	-82,57504	117,96753	-81,91949
14480	118,62305	-82,57458	113,38017	-85,19592
14500	111,41408	-87,16195	107,4819	-89,128
14520	102,89431	-93,06016	98,30662	-96,99245
14540	92,40817	-104,85701	87,82052	-111,41093
14560	80,61147	-114,68805	72,74714	-114,03301
14580	72,09173	-112,72246	72,74693	-104,85828
14600	71,43607	-98,9601	69,46985	-93,71724
14620	67,50366	-90,44042	66,19284	-87,81897
14640	64,88206	-85,19751	64,22666	-81,9207
14660	63,57126	-79,95459	63,57123	-77,9885
14680	63,5712	-76,02241	62,91582	-74,05632
14700	62,91581	-73,40094	62,9158	-71,43485
14720	62,26044	-70,77948	62,26044	-69,46876
14740	62,26044	-68,81338	62,26044	-67,50265
14760	62,26043	-67,50264	62,2604	-66,84728
14780	62,26039	-66,84728	62,91573	-65,53657
14800	62,9157	-65,53656	62,91567	-63,57048
14820	62,91565	-62,91512	62,26027	-62,25977
14840	62,26025	-62,25977	61,60487	-60,94905
14860	61,60486	-60,94904	61,60485	-60,29369
14880	61,60484	-60,29369	61,60482	-58,98297
14900	61,60481	-57,67224	61,60481	-56,36153
14920	61,6048	-55,70616	60,94943	-53,74008
14940	60,94943	-53,08472	60,29407	-51,11865
14960	60,29407	-50,46328	59,63871	-49,15257
14980	58,98335	-49,15257	58,98336	-48,49722
15000	58,32801	-50,46331	58,32801	-52,42941
15020	57,67266	-54,3955	58,32802	-57,01698
15040	57,67266	-60,2938	57,67267	-63,57064
15060	57,01731	-70,77965	57,01731	-79,29942
15080	57,6727	-87,81916	63,57095	-93,71747
15100	74,05688	-100,27108	91,75195	-108,79074
15120	106,17037	-107,47983	119,27789	-102,89209
15140	128,4532	-98,30429	133,69623	-92,40579
15160	140,24996	-87,81815	146,14829	-83,88598
15180	148,76979	-83,23064	151,3912	-83,88614
15200	157,28941	-83,23102	159,25551	-78,6437
15220	159,91073	-70,77949	161,22126	-57,67232
15240	161,87646	-51,77405	163,1871	-45,87579
15260	165,15313	-41,28821	166,4638	-36,0453
15280	166,46378	-30,14701	167,7745	-24,24874
15300	168,42986	-19,66117	167,7745	-14,41826
15320	167,11916	-9,8307	165,80845	-4,58778
15340	163,84238	-1,31094	163,84239	3,27661
15360	161,87631	7,86417	161,22095	12,45172
15380	159,91024	15,72856	158,59953	19,66074
15400	157,28881	22,28221	156,63346	25,55903
15420	161,22107	30,80196	173,01781	39,32177
15440	182,84855	48,49696	187,43629	56,36139
15460	185,47027	61,60432	182,84884	62,2597
15480	180,88278	61,60437	180,22743	62,25973
15500	179,57208	61,60438	178,91674	62,25973
15520	178,91674	61,60437	178,91675	62,25972
15540	178,91677	61,60436	178,91678	62,25971
15560	178,91679	61,60436	179,57215	62,25971
15580	179,57216	61,60435	179,57217	62,25971
15600	180,8829	61,60436	180,88291	62,25971
15620	180,88291	61,60436	182,19363	62,2597
15640	182,84899	61,60435	183,50435	62,25969
15660	183,50435	61,60433	184,81506	62,25966
15680	185,47041	61,60426	175,63971	45,8754
15700	152,70159	-9,1753	122,55476	-70,77958
15720	86,51006	-119,9319	68,81559	-153,35539
15740	72,09247	-167,77334	77,33532	-165,15191
15760	79,9567	-163,84122	82,57808	-161,21981
15780	84,54412	-159,90909	86,51017	-158,59839
15800	87,82086	-157,94303	89,7869	-156,63233
15820	91,09759	-155,97697	92,40829	-155,32162
15840	93,06364	-155,97698	93,71898	-154,66628
15860	95,02968	-154,66627	95,68503	-154,01092
15880	96,34038	-155,32164	96,99573	-154,01093
15900	96,99572	-154,66629	97,65107	-154,66629
15920	98,30643	-154,66629	98,30643	-154,01094
15940	98,96178	-153,35557	99,61714	-154,66631
15960	100,27249	-155,32166	100,27248	-154,66631
15980	91,09729	-149,42336	76,67913	-140,24824
16000	67,50394	-136,31602	68,15926	-135,66067
16020	69,46994	-135,66067	69,46992	-135,66068
16040	70,12528	-136,31604	70,12528	-136,31606
16060	70,78064	-136,97141	70,78064	-136,97142
16080	70,78064	-137,62678	70,78063	-136,97142
16100	70,78064	-137,62678	71,436	-137,62678
16120	71,436	-137,62678	71,436	-137,62679
16140	72,09136	-137,62678	71,436	-137,62678
16160	71,436	-137,62678	72,09137	-137,62679
16180	71,436	-137,62678	72,09136	-136,97143
16200	72,09136	-137,62678	72,09136	-137,62679
16220	72,09136	-137,62678	72,74672	-136,97143
16240	72,09136	-137,62678	72,09136	-136,97142
16260	72,74672	-136,97142	72,74671	-136,31606
16280	73,40208	-136,31605	72,74671	-135,6607
16300	72,74671	-135,00532	73,40208	-135,00533
16320	73,40209	-136,31605	72,74672	-134,34997
16340	66,84836	-121,24266	60,29457	-98,96024
16360	56,36223	-74,71173	52,42994	-49,1525
16380	47,187	-28,83615	45,22091	-19,00566
16400	44,56552	-13,76273	43,91014	-8,51982
16420	43,25478	-5,89835	43,25477	-2,62154
16440	43,25477	-0,65543	43,25477	1,96602
16460	42,5994	3,93213	41,94405	6,55358
16480	41,94404	8,51969	40,63332	11,79651
16500	39,97796	12,4519	39,97796	14,418
16520	39,32259	15,72876	38,01187	19,00558
16540	38,01185	19,66097	37,35649	21,62706
16560	37,35648	22,28244	37,35648	23,59316
16580	36,70112	24,24853	36,04575	25,55925
16600	35,3904	26,21462	35,39041	26,86997
16620	34,73504	27,52533	34,07968	28,83605
16640	33,42433	28,83605	33,42433	28,83604
16660	34,07969	28,83604	34,0797	28,83603
16680	34,07971	28,83603	34,07971	28,18066
16700	34,73508	28,18066	34,73508	28,83601
16720	34,73508	28,18066	34,73508	28,836
16740	35,39044	28,18065	35,39044	28,18064
16760	35,39044	27,52528	35,39044	27,52527
16780	35,39044	26,86991	35,39044	26,21454
16800	35,39043	25,55918	35,39043	25,55917
16820	35,39043	24,90381	35,39042	24,9038
16840	35,39042	24,24844	35,39042	23,59306
16860	36,04577	22,28234	36,70113	21,62696
16880	36,70113	20,31624	37,35649	19,00549
16900	38,66721	15,07331	39,97793	11,1411
16920	29,49207	5,89819	10,48642	6,55355
16940	-0,6549	11,7965	-11,79614	18,35016
16960	-15,07298	21,62699	-15,07298	24,90382
16980	-15,07298	26,21456	-14,41763	27,52528
17000	-15,07299	28,18065	-15,07299	30,14674
17020	-15,07299	30,80211	-15,72835	32,11283
17040	-15,72835	32,76821	-15,72836	33,42356
17060	-16,38371	34,07894	-15,72836	35,38966
17080	-16,38371	34,7343	-15,72836	35,38965
17100	-16,38371	35,38966	-15,72836	36,04502
17120	-15,72835	35,38966	-15,07299	33,42356
17140	-13,76227	27,52527	-10,48547	17,03941
17160	-1,31044	2,62133	12,45212	-19,66109
17180	26,21483	-43,2542	47,84212	-61,6044
17200	55,70677	-83,23124	57,67324	-99,61503
17220	54,39668	-115,34349	47,84324	-123,20764
17240	44,56654	-129,1058	44,56662	-138,28092
17260	47,18817	-150,73293	51,1205	-159,25284
17280	55,05288	-165,15127	60,29592	-168,42827
17300	62,91741	-174,32667	66,19415	-176,29288
17320	70,78158	-176,29294	75,36904	-173,67156
17340	78,64578	-171,05015	81,92253	-169,0841
17360	84,54391	-167,77338	85,85458	-164,49661
17380	87,82063	-163,18589	88,47595	-161,21981
17400	89,78664	-159,90908	89,78662	-157,94301
17420	90,44197	-158,59837	90,44195	-157,94301
17440	90,44194	-157,943	91,09729	-157,28766
17460	91,75263	-157,28765	91,75262	-155,97694
17480	91,75261	-155,97693	91,09725	-155,97694
17500	91,7526	-155,97693	91,09724	-155,32157
17520	91,09724	-155,97693	91,09723	-155,32158
17540	90,44187	-155,32157	90,44186	-154,01086
17560	90,44186	-153,35549	90,44185	-152,04477
17580	91,09721	-152,04477	91,0972	-150,73405
17600	91,75257	-150,73404	91,75257	-150,07868
17620	91,75257	-150,07866	92,40794	-150,07868
17640	93,0633	-150,73402	93,0633	-149,4233
17660	93,0633	-149,42329	93,71865	-148,76794
17680	94,37401	-150,07864	94,37401	-150,07864
17700	94,37401	-151,38935	95,02938	-151,38936
17720	95,02939	-152,70006	95,0294	-152,70006
17740	94,37404	-152,70006	95,02941	-151,38934
17760	95,0294	-151,38933	95,02939	-150,07862
17780	95,68475	-149,42325	96,3401	-148,11254
17800	96,99545	-148,76789	96,34009	-148,76789
17820	96,99546	-148,11252	96,99545	-148,76789
17840	96,99546	-150,0786	96,99545	-150,07861
17860	96,99545	-149,42324	96,99545	-148,76788
17880	96,99546	-148,11251	97,65082	-146,8018
17900	101,58303	-140,24816	104,85986	-131,72843
17920	104,85985	-129,76233	104,85983	-129,10698
17940	105,51519	-129,10698	105,51519	-128,45163
17960	105,5152	-128,45163	105,51521	-128,45163
17980	104,85985	-127,79627	105,51521	-127,79627
18000	105,51522	-127,79628	105,51522	-127,14092
18020	105,51523	-127,79628	105,51522	-127,14093
18040	105,51523	-127,79628	104,85987	-127,14093
18060	104,85987	-127,79629	104,85987	-127,79629
18080	104,20451	-128,45165	104,20452	-127,7963
18100	104,20452	-128,45165	104,20452	-128,45166
18120	103,54916	-128,45165	103,54916	-128,45165
18140	103,54917	-128,45165	103,54917	-127,7963
18160	104,20453	-128,45165	103,54918	-128,45166
18180	-41,94075	-129,10701	104,20669	-128,45166
18200	103,54918	-129,10701	104,20454	-129,10702
18220	103,54919	-129,10701	104,20454	-128,45165
18240	104,20455	-129,76237	104,20455	-129,10702
18260	104,20455	-129,10701	104,20455	-128,45165
18280	104,20455	-129,107	104,20455	-128,45165
18300	104,20455	-129,10701	104,85991	-127,7963
18320	104,85991	-128,45165	104,85991	-127,79629
18340	104,8599	-127,79629	104,85991	-127,79629
18360	104,85991	-128,45165	104,85991	-127,7963
18380	104,85991	-128,45165	104,85991	-128,45167
18400	104,8599	-129,76238	105,51526	-129,7624
18420	104,8599	-130,41775	105,51525	-130,41776
18440	105,51525	-130,41775	104,85988	-129,7624
18460	104,20452	-129,76239	104,85987	-130,41776
18480	104,85987	-129,7624	104,85987	-129,7624
18500	105,51524	-130,41776	105,51525	-130,41777
18520	106,17062	-130,41776	106,82599	-129,7624
18540	107,48135	-129,7624	108,79208	-129,10705
18560	109,44746	-129,7624	110,10283	-129,10705
18580	110,7582	-129,7624	111,41357	-129,10704
18600	112,06893	-129,7624	112,06893	-128,45168
18620	112,06893	-129,76239	112,06893	-129,10703
18640	112,72429	-129,76238	112,72428	-129,76239
18660	112,06892	-130,41774	112,72428	-130,41775
18680	112,06892	-131,0731	112,72428	-130,41774
18700	112,72428	-131,72846	112,72428	-131,72846
18720	113,37964	-131,72846	112,72428	-131,0731
18740	109,44745	-131,72844	94,37398	-130,41767
18760	75,36829	-129,10689	65,53777	-128,45154
18780	66,19312	-128,45154	67,50383	-127,14083
18800	68,15919	-127,14083	68,15919	-127,14085
18820	68,15918	-127,14084	68,15918	-126,48549
18840	68,15918	-126,48549	68,81454	-125,83014
18860	68,81453	-126,48549	68,81454	-125,83014
18880	68,81453	-125,83014	68,81453	-125,17479
18900	69,46989	-125,83014	69,46989	-124,51943
18920	70,12526	-124,51943	70,12526	-123,86407
18940	70,12526	-124,51943	70,12526	-122,55336
18960	70,78062	-123,86407	70,12527	-123,20871
18980	70,78062	-122,55334	71,43598	-121,89799
19000	71,43598	-121,89799	71,43599	-121,24263
19020	71,43599	-121,89798	71,43599	-121,24263
19040	72,09135	-121,89798	72,74671	-121,24264
19060	73,40207	-121,898	73,40206	-121,24264
19080	73,40207	-121,898	74,05743	-121,24264
19100	74,05742	-121,24263	74,05743	-120,58728
19120	74,71279	-121,24263	74,71279	-120,58728
19140	74,05743	-120,58727	74,05743	-120,58728
19160	74,05744	-120,58727	74,05744	-119,93191
19180	74,7128	-120,58727	74,05744	-119,27655
19200	74,7128	-119,27655	75,36816	-118,6212
19220	75,36816	-119,27655	75,36816	-117,96583
19240	75,36816	-117,96582	75,36816	-117,31046
19260	75,36816	-117,96582	75,36816	-117,31046
19280	76,02352	-116,6551	76,02352	-117,31046
19300	76,02352	-117,96582	76,02352	-116,6551
19320	76,02352	-117,31046	76,02352	-116,6551
19340	76,02352	-117,31046	76,02352	-115,99974
19360	76,02352	-115,34437	76,02352	-115,99974
19380	76,02352	-115,99973	76,67888	-115,34437
19400	76,02352	-115,99972	76,02352	-115,34437
19420	76,02352	-115,99972	76,02352	-115,34437
19440	76,02352	-115,99972	76,02353	-114,68901
19460	76,02353	-115,99972	76,02352	-114,689
19480	75,36816	-115,34435	75,36816	-114,68899
19500	74,71281	-115,34434	74,7128	-114,68899
19520	74,7128	-115,34434	74,71281	-115,34435
19540	74,71281	-115,34434	74,05745	-115,34434
19560	74,05745	-115,9997	78,64501	-113,37826
19580	93,06309	-108,79071	101,5829	-104,20316
19600	102,23827	-102,89242	102,23825	-102,23707
19620	102,23824	-102,89242	102,8936	-102,23707
19640	102,8936	-102,89242	102,8936	-102,89243
19660	102,89359	-102,89242	103,54895	-102,23707
19680	103,54895	-102,89242	104,2043	-102,23707
19700	104,2043	-103,54778	104,85966	-102,89243
19720	105,51501	-103,54779	105,51501	-102,89243
19740	106,17036	-103,54778	106,82572	-102,89243
19760	106,82571	-102,89242	106,82571	-102,23706
19780	106,8257	-102,23706	106,8257	-102,23706
19800	106,8257	-102,23705	106,8257	-102,23705
19820	107,48106	-102,23705	106,82569	-102,23706
19840	107,48105	-102,89242	107,48105	-102,23706
19860	107,48105	-102,89241	107,48105	-101,5817
19880	107,48105	-102,23704	107,48105	-102,23705
19900	107,48104	-102,23705	107,48104	-102,23705
19920	108,1364	-102,23704	107,48103	-101,58168
19940	107,48103	-102,23704	107,48104	-101,58168
19960	107,48104	-102,23704	107,48104	-101,58169
19980	107,48104	-102,89241	106,8257	-103,54778
