T	LX	LY	RX	RY
0	0	0	0	0
20	9,9999999960687E-6	-1,0000000003174E-5	-0,65535	-0,65537
40	-0,65535	-1,0000000003174E-5	-0,65534	-0,65537
60	-0,65534	0,65535	-0,65533	0,65535000000001
80	-1,31069	1,96608	-1,31069	1,96608
100	-1,31069	2,62144	-1,96605	1,96608
120	-1,96605	2,62144	-2,6214	1,96608
140	-2,62141	2,62143	-2,6214	2,62144
160	-1,96605	3,27679	-1,96604	2,62143
180	-1,96605	2,62142	-1,96604	1,96606
200	-1,31069	1,96605	-1,96605	1,96605
220	-1,96604	1,96605	-1,96604	1,31069
240	-1,96604	1,31068	-2,6214	1,31068
260	-2,62141	1,31067	-3,27676	0,65532
280	-3,27676	1,31067	-2,6214	-4,9999999994554E-5
300	-2,6214	0,65531	-3,27676	0,65531
320	-3,27677	0,65531	-3,93212	0,65531
340	-3,27677	1,96603	-3,93212	1,96604
360	-3,27677	3,27675	-3,93212	2,62139
380	-3,93212	3,27675	-3,93212	3,27675
400	-3,93212	3,93211	-1,96602	3,27675
420	5,89842	5,24283	14,41824	6,55355
440	17,03973	7,2089	15,72901	6,55355
460	16,38437	7,86428	15,72901	7,86428
480	16,38437	9,175	15,72901	9,17501
500	16,38437	10,48573	15,72901	10,48573
520	15,72901	11,14109	15,72902	11,79646
540	15,72902	13,10719	15,07366	13,76255
560	15,07366	14,41791	15,07367	14,41791
580	15,07366	15,07327	15,07367	15,07328
600	15,07367	16,384	15,07368	17,03937
620	15,07367	18,35009	15,07368	19,00546
640	15,07367	20,31618	14,41832	20,31619
660	14,41831	22,28227	14,41831	22,28228
680	14,41832	23,593	14,41832	23,59301
700	14,41831	25,55909	13,76296	25,55911
720	14,41832	26,21446	14,41832	26,86983
740	13,76295	28,18054	1,96634	28,18056
760	-13,76254	26,86987	-22,93773	26,86989
780	-22,28239	28,83599	-22,28238	30,14672
800	-22,28239	30,80208	-22,28239	29,49135
820	-21,62703	28,83597	-21,62702	28,83597
840	-21,62703	28,83596	-21,62703	28,1806
860	-21,62704	27,52523	-21,62704	26,86986
880	-21,62704	26,86986	-21,62704	26,2145
900	-21,62704	26,86985	-22,2824	26,86986
920	-22,2824	26,21449	-22,2824	25,55914
940	-21,62704	25,55913	-21,62703	24,90377
960	-21,62703	24,90376	-21,62703	24,24841
980	-21,62703	24,2484	-21,62702	23,59304
1000	-22,28238	23,59304	-22,28238	22,28231
1020	-22,28238	22,93767	-22,93774	22,28231
1040	-23,59311	22,28231	-22,93774	22,28231
1060	-22,93774	23,59302	-23,5931	22,93767
1080	-23,59311	23,59303	-24,24846	22,93767
1100	-24,24847	23,59302	-24,90382	23,59301
1120	-25,55919	24,24837	-24,90382	23,59301
1140	-24,90383	24,90372	-25,55918	24,24837
1160	-25,55919	24,24835	-25,55919	23,59299
1180	-25,55919	23,59299	-26,21454	23,59299
1200	-26,86991	24,24835	-26,8699	23,59299
1220	-26,21455	24,24835	-26,8699	23,59299
1240	-26,21455	24,90371	-26,86991	24,24835
1260	-26,86991	24,24835	-26,86991	23,59299
1280	-27,52527	24,24834	-26,8699	23,59298
1300	-28,18064	24,90371	-32,11286	27,52519
1320	-34,73433	28,18057	-34,73432	26,86985
1340	-34,07896	28,18057	-34,73431	27,5252
1360	-34,07896	27,52519	-34,07895	26,21448
1380	-34,07895	26,21447	-34,07896	24,24839
1400	-34,07896	24,24838	-34,07896	23,59301
1420	-34,07897	22,93764	-34,07897	22,28229
1440	-34,07897	22,28228	-34,73432	22,28228
1460	-34,07897	22,28228	-34,07897	21,62691
1480	-34,73433	20,97155	-34,73433	20,31619
1500	-34,07897	20,31618	-34,07897	19,66083
1520	-34,07897	19,66082	-34,73433	19,00546
1540	-34,73433	19,00545	-34,73433	19,00546
1560	-34,73433	19,66081	-33,4236	19,66081
1580	-28,18064	21,62689	-26,86987	22,28225
1600	-27,52524	23,59297	-28,1806	23,59299
1620	-28,1806	24,90371	-28,18059	25,55907
1640	-28,1806	26,21443	-28,83595	25,55907
1660	-28,83596	25,55907	-29,49132	25,55907
1680	-30,14669	25,55906	-30,80204	21,62688
1700	-31,45741	20,97151	-32,76813	14,41789
1720	-32,76815	10,48571	-34,07886	10,48572
1740	-34,07887	12,45181	-33,42351	14,4179
1760	-32,76815	17,69472	-31,45741	19,00545
1780	-21,62687	21,62688	-13,10703	23,59295
1800	-11,79628	26,2144	-13,107	28,1805
1820	-13,10701	29,49123	-13,76236	29,49124
1840	-13,76236	30,14659	-13,76236	29,49123
1860	-13,76236	30,14659	-14,41771	29,49123
1880	-14,41771	28,83585	-15,07307	26,86976
1900	-15,72843	27,52511	-16,38379	26,86976
1920	-15,72843	27,52512	-15,07307	28,18049
1940	-15,07307	28,83585	-15,07306	28,83585
1960	-14,41771	29,49121	-15,07306	29,49122
1980	-15,07306	30,14657	-15,07306	30,80193
2000	-15,07306	30,80193	-15,07306	30,80194
2020	-13,10697	30,80194	-6,55325	30,80193
2040	-1,96565	30,80192	-1,96564	30,80193
2060	-2,62101	31,4573	-2,62101	30,80195
2080	-2,62101	31,45731	-2,62101	30,80195
2100	-2,62102	31,45731	-3,27638	30,80195
2120	-3,27638	31,45731	-3,93174	30,80195
2140	-3,93174	32,11267	-3,93174	31,45732
2160	-4,5871	32,11268	-5,24246	32,11269
2180	-5,24247	32,76805	-5,24246	32,1127
2200	-5,24246	33,42343	-5,24245	32,76807
2220	-5,24245	33,42343	-5,24245	32,76807
2240	-5,24246	33,42344	-5,89781	32,76808
2260	-5,89782	33,42343	-5,89781	32,76808
2280	-5,89781	34,0788	-6,55317	34,07881
2300	-7,20854	34,73417	-7,20853	34,73417
2320	-7,20853	35,38952	-7,20853	34,73417
2340	-6,55317	35,38953	-7,20853	35,38953
2360	-7,20854	36,04489	-6,55315	37,35563
2380	-4,58704	38,66635	-4,58703	38,66636
2400	-4,58704	39,32173	-5,2424	39,9771
2420	-5,2424	39,9771	-5,2424	39,97711
2440	-5,2424	40,63246	-5,89776	39,97711
2460	-5,89776	40,63247	-5,89776	39,32175
2480	-6,55311	39,97711	-6,55311	39,32175
2500	-6,55311	39,97711	-7,20847	39,97712
2520	-7,20847	40,63248	-7,86383	40,6325
2540	-7,86384	41,94322	-8,51919	41,94323
2560	-8,5192	42,59859	-9,17455	42,5986
2580	-9,17456	42,5986	-9,17456	41,94324
2600	-9,82992	41,94324	-9,82992	41,94324
2620	-9,82992	43,25397	-9,82992	42,59861
2640	-10,48529	43,25397	-11,14064	43,25398
2660	-10,48528	44,56471	-5,89514	45,22008
2680	-2,62083	45,87544	-3,27619	46,53082
2700	-3,93156	47,84155	-3,93155	48,49693
2720	-3,93155	49,80765	-3,93155	49,80766
2740	-3,93155	50,46302	-3,93155	50,46303
2760	-3,93155	51,11839	-4,5869	50,46304
2780	-4,58691	51,77375	-4,58691	51,77376
2800	-4,58691	51,77376	-4,58691	51,11839
2820	-3,93155	51,77375	1,31141	49,80767
2840	6,55439	50,46302	6,55441	50,46302
2860	5,89904	52,42912	5,89905	52,42913
2880	5,89905	53,08449	5,89905	53,0845
2900	6,55441	53,73986	6,55442	53,08451
2920	5,89905	53,73986	5,89906	52,42914
2940	6,55441	53,0845	5,89906	52,42914
2960	5,89905	53,0845	5,24369	52,42915
2980	5,89905	53,08451	5,24369	53,08451
3000	5,24369	53,73986	5,2437	53,08451
3020	5,24369	53,73987	5,2437	53,08451
3040	5,2437	53,73987	5,2437	53,08452
3060	5,24369	53,73987	5,2437	53,08452
3080	5,24369	53,08451	5,2437	53,08452
3100	5,24369	53,08452	4,58833	53,08452
3120	4,58833	53,08452	4,58834	52,42916
3140	4,58833	53,08452	4,58833	52,42917
3160	4,58833	52,42916	4,58833	51,77381
3180	4,58833	52,42917	4,58833	51,7738
3200	4,58833	52,42916	4,58834	51,77381
3220	4,58834	51,77379	4,58834	51,11843
3240	5,2437	51,11843	7,20982	51,11844
3260	7,8652	51,77379	7,20984	51,11845
3280	7,86519	51,7738	7,8652	51,11845
3300	7,8652	51,11845	7,8652	51,11845
3320	7,8652	51,11845	7,8652	51,11845
3340	7,8652	51,77381	7,86521	50,4631
3360	7,86521	51,11845	7,86521	50,46309
3380	7,86521	51,11846	7,86521	51,11846
3400	7,8652	51,77382	7,20985	51,77383
3420	7,20984	52,42919	7,20985	51,77383
3440	7,8652	52,42919	7,20984	52,42919
3460	7,20984	52,42919	7,20984	52,42919
3480	6,55447	53,73991	6,55447	53,08456
3500	6,55447	53,73992	10,48667	53,08457
3520	22,93871	53,08457	32,7693	52,42921
3540	33,42469	53,73992	31,4586	53,08459
3560	32,11395	53,73996	31,4586	53,0846
3580	32,11395	53,73996	32,11395	53,0846
3600	31,45859	53,73996	31,4586	53,0846
3620	32,11395	53,73996	32,11395	53,0846
3640	31,45859	53,73995	31,4586	53,08459
3660	30,80323	53,73995	30,80324	53,08458
3680	30,80324	53,73993	30,80324	53,08457
3700	30,80324	53,73993	30,80324	53,08457
3720	30,80324	53,73992	30,80324	53,08456
3740	30,80323	53,73992	30,14788	53,08456
3760	30,80323	53,73992	30,14788	52,4292
3780	30,80324	53,08456	30,14788	51,77384
3800	30,14788	52,42919	29,49252	51,11848
3820	29,49252	51,11847	29,49253	50,46311
3840	29,49252	51,11847	29,49253	50,46311
3860	29,49252	50,46311	29,49252	49,80775
3880	28,83716	49,80775	28,18181	49,15239
3900	28,83716	49,80774	28,83716	49,15239
3920	28,1818	49,15238	28,18181	49,15239
3940	28,1818	49,15238	28,1818	49,15238
3960	28,1818	49,15238	28,1818	49,15238
3980	28,83716	49,80774	28,1818	49,80774
4000	28,18179	51,11846	28,18179	49,80774
4020	28,83714	51,11846	28,18179	50,4631
4040	28,83714	51,11846	28,18178	51,11847
4060	28,83713	51,77383	28,83714	52,4292
4080	28,83713	52,42919	28,18178	52,4292
4100	28,83712	53,08456	28,18177	52,4292
4120	28,18177	53,08456	28,18177	52,4292
4140	28,83712	53,08456	28,18177	52,42921
4160	28,18176	53,08457	28,83713	53,08457
4180	28,18177	53,08456	28,18177	53,08457
4200	28,18177	53,73995	28,18177	53,0846
4220	28,83713	53,73996	28,18177	53,08461
4240	16,38514	53,73995	-11,79575	49,15243
4260	-42,59815	42,59886	-42,59844	42,59893
4280	-42,59853	45,2204	-42,59853	48,49722
4300	-42,59853	52,42939	-42,59853	53,08477
4320	-42,59854	53,74012	-42,59854	53,08476
4340	-42,59854	53,74012	-42,59854	53,08475
4360	-42,59854	53,7401	-42,59855	53,08475
4380	-42,59855	53,74011	-42,59854	53,08476
4400	-42,59855	53,74012	-42,59854	53,08476
4420	-42,59854	53,74013	-42,59854	53,08478
4440	-42,59854	53,74014	-42,59854	53,08478
4460	-42,59855	53,74015	-42,59863	53,08483
4480	-42,59868	53,74021	-42,59869	53,08485
4500	-42,59869	53,74022	-42,59868	53,08486
4520	-42,59868	53,74022	-42,59868	53,08486
4540	-42,59868	53,74021	-42,59867	53,08485
4560	-42,59868	53,74021	-42,59868	53,08484
4580	-42,59869	53,74019	-42,59869	53,08483
4600	-42,59869	53,74018	-42,59869	53,08482
4620	-42,59869	53,74017	-42,59869	53,08481
4640	-42,5987	53,74017	-42,59869	53,0848
4660	-42,5987	53,74016	-42,5987	53,08479
4680	-42,5987	53,74014	-42,5987	53,08479
4700	-42,5987	53,74023	-42,5987	53,08478
4720	-42,5987	53,74014	-42,5987	53,08478
4740	-42,59871	53,74013	-42,59871	53,08477
4760	-42,59873	53,74014	-42,59875	53,0848
4780	-42,59875	53,74016	-42,59875	53,0848
4800	-42,59876	53,74016	-42,59875	53,0848
4820	-42,59875	53,74016	-42,59875	53,08479
4840	-42,59875	53,74014	-42,59876	53,08479
4860	-42,59876	53,74014	-42,59876	53,08478
4880	-42,59876	53,74014	-42,59876	53,08477
4900	-42,59876	53,74012	-42,59876	53,08476
4920	-42,59877	53,74011	-42,59876	53,08474
4940	-42,59877	53,7401	-42,59876	53,08473
4960	-42,59876	53,08473	-42,59876	52,42937
4980	-42,59876	53,08472	-42,59876	53,08472
5000	-42,59876	53,08487	-42,59876	52,42936
5020	-42,59876	51,77399	-42,59876	51,11863
5040	-42,59876	51,11862	-42,59875	49,8079
5060	-42,59876	49,80789	-42,59875	49,15253
5080	-42,5987	49,80788	-42,59861	49,15252
5100	-42,59854	50,46324	-42,59854	51,77396
5120	-42,59855	53,08471	-42,59855	53,08471
5140	-42,59856	53,74008	-42,59856	53,08472
5160	-42,59857	53,74008	-42,59856	53,08473
5180	-42,59857	53,74009	-42,59857	53,08474
5200	-42,59858	53,74009	-42,59857	53,08474
5220	-42,59858	53,7401	-42,59857	53,08474
5240	-42,59858	53,7401	-42,59855	53,08475
5260	-42,59844	53,74011	-42,59841	53,08475
5280	-42,59843	53,74012	-42,59842	53,08478
5300	-42,59842	53,74014	-42,59841	53,08478
5320	-42,59841	53,74015	-42,59841	53,08479
5340	-42,59841	53,74015	-42,59841	53,0848
5360	-42,59841	53,74017	-42,5984	53,08481
5380	-42,59841	53,74017	-42,5984	53,08481
5400	-42,59841	53,74017	-42,59841	53,08482
5420	-42,59841	53,74017	-42,5984	53,08481
5440	-42,59841	53,74017	-42,59841	53,08482
5460	-42,59841	53,74017	-42,59841	53,08481
5480	-42,59841	53,74017	-42,59841	53,08481
5500	-42,59841	53,74017	-42,59841	53,0848
5520	-42,59841	53,74016	-42,59841	53,0848
5540	-42,59842	53,74016	-42,59841	53,0848
5560	-42,59842	53,74016	-42,59841	53,0848
5580	-42,59842	53,74015	-42,59841	53,08479
5600	-42,59843	53,74015	-42,59842	53,08479
5620	-42,59842	53,74014	-42,59842	53,08478
5640	-42,59842	53,74014	-42,59842	53,08478
5660	-42,59842	53,74013	-42,59842	53,08477
5680	-42,59842	53,74014	-42,59842	53,08479
5700	-42,59843	53,74015	-42,59843	53,08481
5720	-42,59844	53,74017	-42,59844	53,08483
5740	-42,59845	53,74019	-42,59845	53,08485
5760	-42,59845	53,74022	-42,59846	53,08487
5780	-42,59846	53,74023	-42,59846	53,08487
5800	-42,59846	53,74023	-42,59846	53,08487
5820	-42,59847	53,74023	-42,59847	53,08487
5840	-42,59847	53,74023	-42,59846	53,08487
5860	-42,59832	53,74023	-36,04457	53,08487
5880	-35,38917	53,74023	-36,69991	53,08487
5900	-36,69991	53,74023	-36,69991	53,08487
5920	-36,69991	53,74023	-37,35526	53,08487
5940	-37,35526	53,74023	-37,35525	53,08487
5960	-38,01062	53,74023	-38,01061	53,08487
5980	-38,01061	53,74023	-38,66597	53,08487
6000	-38,66597	53,74023	-38,66596	53,08487
6020	-38,66597	53,74023	-39,32133	53,08487
6040	-39,32133	53,74023	-39,32133	53,08487
6060	-39,32133	53,74023	-39,32132	53,08487
6080	-39,32133	53,74023	-39,32132	53,08487
6100	-38,66597	53,74023	-39,32132	53,08487
6120	-38,66596	53,74023	-39,32132	53,08487
6140	-38,66596	53,74022	-30,80152	53,08487
6160	-21,62632	53,7402	-19,00482	53,08482
6180	-19,00482	53,74019	-19,66018	53,08485
6200	-19,00483	53,74021	-19,66019	53,08484
6220	-19,00483	53,7402	-19,66018	53,08484
6240	-19,66019	53,7402	-20,31555	53,08484
6260	-19,6602	53,7402	-20,31555	53,08484
6280	-19,66019	53,74019	-20,31555	53,08483
6300	-20,31556	53,74019	-20,31556	53,08483
6320	-20,31556	53,74019	-19,66021	53,08482
6340	-19,66021	53,74018	-19,66021	53,08482
6360	-20,31558	53,74017	-19,66021	53,08482
6380	-19,66022	53,74018	-19,66021	53,08482
6400	-19,66023	53,74018	-20,31558	53,08482
6420	-19,66022	53,74018	-20,31558	53,08482
6440	-20,31558	53,74018	-20,31558	53,08482
6460	-20,31559	53,74017	-20,31558	53,08481
6480	-19,66023	53,74017	-19,66023	53,08481
6500	-17,69414	53,74016	-14,41729	53,0848
6520	-13,76191	53,74015	-13,76191	53,08479
6540	-13,76192	53,74015	-13,10656	53,08479
6560	-13,10656	53,74015	-13,10656	53,08478
6580	-13,10657	53,74014	-13,10657	53,08478
6600	-13,10657	53,74013	-13,10657	53,08477
6620	-12,45122	53,74013	-12,45121	53,08477
6640	-12,45122	53,74013	-11,79586	53,08477
6660	-11,79587	53,74012	-11,79587	53,08477
6680	-11,79588	53,74012	-11,14051	53,08476
6700	-11,14052	53,74012	-10,48515	53,08476
6720	-11,14052	53,74012	-10,48515	53,08476
6740	-10,48516	53,74011	-11,14052	53,08476
6760	-11,14052	53,74012	-11,14052	53,08476
6780	-42,5978	53,74011	-11,14052	53,08476
6800	-11,79589	53,74011	-11,14052	53,08476
6820	-11,79589	53,74011	-11,79589	53,08475
6840	-9,8298	53,7401	-4,58683	53,08473
6860	-3,27608	53,74008	-3,93144	53,08473
6880	-4,58681	53,74009	-4,58681	53,08473
6900	-3,93145	53,74008	-4,58681	53,08472
6920	-3,93146	53,74008	-4,58682	53,08473
6940	-4,58682	53,74008	-3,93146	53,08472
6960	-3,27611	53,74007	-3,2761	53,08469
6980	-3,27611	53,74003	-3,2761	53,08465
7000	-2,62074	53,73999	5,24369	53,0846
7020	12,45277	53,73992	13,76353	50,46309
7040	13,10814	49,15235	13,7635	47,18627
7060	13,76349	46,53089	13,10811	44,56479
7080	13,11064	44,56478	12,45272	43,90942
7100	12,45271	43,25405	11,79734	43,25406
7120	11,79732	43,90942	11,14196	43,90943
7140	11,14195	45,87553	9,83121	46,5309
7160	9,83121	48,49699	8,52049	47,84164
7180	7,86512	47,84164	7,20976	45,87555
7200	6,55439	44,56481	5,89903	43,90945
7220	5,24366	42,59872	5,24366	41,94335
7240	5,24366	41,28797	5,89903	39,32187
7260	11,14197	39,32185	15,07422	38,01111
7280	15,07423	37,35573	14,41886	36,70037
7300	14,41885	36,70035	14,41885	34,73425
7320	13,76349	34,07886	13,10813	30,80204
7340	12,45275	29,4913	12,45275	26,21448
7360	11,79738	24,90374	10,48665	22,93765
7380	9,83128	21,62692	9,17592	19,66082
7400	9,1759	18,35009	13,7635	15,72864
7420	15,72962	15,07325	15,07425	13,10716
7440	15,07424	13,10715	15,07424	11,79641
7460	15,07423	11,79639	13,76352	9,8303
7480	13,10816	9,17492	12,4528	7,86418
7500	12,4528	7,86417	11,79745	6,55344
7520	11,79745	5,2427	11,1421	3,93197
7540	11,14209	3,2766	11,1421	1,31051
7560	11,1421	0,65513	10,48673	-1,31096
7580	9,83137	-1,96634	9,83137	-3,93243
7600	9,176	-5,24317	9,176	-7,86462
7620	8,52063	-9,17536	8,52063	-10,48609
7640	7,86526	-11,14145	7,86526	-13,10754
7660	7,86525	-14,41827	8,52061	-16,38437
7680	8,5206	-17,6951	8,5206	-19,6612
7700	9,17596	-19,66121	9,17596	-20,97193
7720	10,48668	-21,62731	11,14204	-22,93803
7740	11,79739	-22,28267	11,7974	-22,28266
7760	11,7974	-20,97193	11,7974	-21,62729
7780	11,7974	-20,97193	11,7974	-21,62728
7800	11,79739	-20,97192	11,79739	-20,97191
7820	11,79739	-20,31654	11,79739	-20,9719
7840	12,45275	-20,9719	11,79739	-20,97189
7860	12,45274	-20,31653	13,10811	-20,97189
7880	13,10811	-20,97189	13,76347	-20,97188
7900	14,41883	-20,31652	14,41884	-19,66116
7920	14,41884	-18,35043	14,41884	-18,35042
7940	15,0742	-15,72896	15,0742	-15,07358
7960	14,41885	-13,76285	14,41885	-13,10748
7980	15,0742	-11,79675	15,0742	-11,79674
8000	14,41883	-11,14138	14,41883	-11,14137
8020	14,41882	-11,14137	13,76346	-11,79672
8040	13,76346	-12,45209	13,76346	-13,10745
8060	14,41881	-13,10745	15,07418	-13,76282
8080	15,72954	-13,76283	15,72955	-15,07355
8100	17,04026	-15,72892	18,35099	-16,38429
8120	19,00635	-17,03965	19,66172	-17,03965
8140	20,31707	-16,38429	20,31708	-16,38429
8160	20,31708	-16,38429	22,93854	-16,38429
8180	27,52613	-17,03965	28,83688	-17,69502
8200	28,18151	-17,03966	28,18151	-17,69501
8220	28,83687	-17,03966	29,49223	-17,69501
8240	29,49223	-17,69501	30,14759	-17,69501
8260	30,80295	-17,69501	30,80296	-16,38429
8280	30,80296	-15,07356	30,80296	-14,41819
8300	30,80297	-13,10747	30,80298	-13,10748
8320	31,45834	-13,10748	31,45835	-13,76284
8340	31,45834	-13,76285	30,80299	-15,07357
8360	30,80298	-15,07358	30,80298	-15,07358
8380	30,80298	-15,07358	30,80298	-15,07358
8400	30,80298	-14,41821	30,80297	-15,72893
8420	30,80297	-15,72895	30,80297	-15,72894
8440	30,80296	-15,72894	30,1476	-15,07357
8460	30,1476	-14,41821	30,14759	-13,76284
8480	30,14759	-11,14139	30,14759	-10,48601
8500	29,49222	-9,17529	29,49223	-8,51992
8520	29,49223	-7,2092	28,1815	-6,55384
8540	28,1815	-5,24311	28,18151	-5,89847
8560	28,18151	-5,24312	27,52615	-5,89847
8580	27,52614	-3,93239	27,52614	-3,93238
8600	27,52613	-2,62166	27,52613	-3,93238
8620	26,87076	-3,93239	26,87076	-3,93239
8640	26,87075	-2,62166	26,21539	-1,96628
8660	26,21538	1,31054	26,21539	2,62128
8680	25,56002	5,24273	24,90466	5,89811
8700	24,90466	7,86419	24,90466	7,8642
8720	24,90466	9,17493	24,2493	10,48567
8740	23,59394	11,14102	23,59394	10,48566
8760	22,93858	11,14102	21,62787	11,7964
8780	21,62786	13,10712	20,31714	13,10713
8800	20,31714	15,07321	19,00641	13,76251
8820	7,20979	8,51961	-5,8976	4,58747
8840	-14,41741	5,24285	-14,41743	7,86431
8860	-13,76207	11,79648	-13,76207	13,10722
8880	-13,76208	13,76258	-13,76207	14,41794
8900	-13,76208	15,72866	-13,76208	15,07331
8920	-13,10672	15,0733	-13,10672	14,41794
8940	-13,10672	15,0733	-13,10672	14,41793
8960	-13,10672	13,76257	-13,10672	13,10721
8980	-13,10672	13,1072	-13,10671	13,10721
9000	-13,10672	12,45184	-13,76208	11,79648
9020	-13,76208	11,79647	-13,76208	11,14111
9040	-14,41744	10,48574	-25,55868	7,20967
9060	-42,59833	5,89831	-42,59862	3,27694
9080	-42,59878	3,93232	-42,59879	4,5877
9100	-42,59879	7,8645	-42,59879	8,51987
9120	-42,5988	10,48596	-42,5988	11,14133
9140	-42,59881	12,45206	-42,59881	13,10743
9160	-42,59882	14,41815	-42,59882	15,72888
9180	-42,59882	16,38424	-42,59882	17,69497
9200	-42,59883	18,35033	-42,59882	17,69497
9220	-42,59882	18,35033	-42,59881	18,35033
9240	-42,59881	19,00569	-42,5988	19,00569
9260	-42,59883	20,97179	-42,59887	22,9379
9280	-42,59888	24,90399	-42,59887	24,90399
9300	-42,59887	26,2147	-42,59887	26,2147
9320	-42,59887	26,21469	-42,59887	24,90397
9340	-42,59632	26,21469	-42,59887	24,90397
9360	-42,59887	25,55933	-42,59887	24,90397
9380	-42,59888	25,55933	-42,59887	24,90397
9400	-42,59887	25,55934	-42,59887	25,55935
9420	-42,59887	26,2147	-42,59887	25,55935
9440	-42,59887	26,87007	-42,59887	26,87007
9460	-42,59887	26,87007	-42,59887	26,87008
9480	-42,59887	27,52543	-42,59887	26,87007
9500	-42,59887	28,18079	-42,59887	28,18079
9520	-42,59887	28,83616	-42,59887	28,83616
9540	-42,59887	29,49152	-42,59887	28,83617
9560	-42,59887	30,14688	-42,59887	29,49153
9580	-42,59887	30,14689	-42,59887	29,49153
9600	-42,59887	30,80225	-42,5988	31,45761
9620	-42,59878	32,11297	-42,59878	32,11298
9640	-42,59878	32,76834	-42,59878	32,76834
9660	-42,59878	32,76834	-42,59877	32,11299
9680	-42,59878	32,76834	-42,59877	32,11298
9700	-42,59878	32,76834	-42,59877	32,11297
9720	-42,59877	32,76833	-42,59877	32,11297
9740	-42,59877	32,11296	-42,59877	32,11297
9760	-42,59877	32,76833	-42,59877	32,76833
9780	-42,59877	32,76833	-42,59877	31,45761
9800	-42,59877	31,4576	-42,59875	31,4576
9820	-42,59864	32,7683	-42,59851	32,11293
9840	-42,59849	32,11292	-42,59849	32,11292
9860	-42,5985	32,76829	-42,5985	32,76829
9880	-42,5985	33,42365	-42,59849	32,76829
9900	-42,5985	33,42364	-42,59849	32,76829
9920	-42,5985	32,76829	-42,5985	32,11292
9940	-42,5985	32,76828	-42,5985	32,11293
9960	-42,59851	32,11292	-42,5985	30,80221
9980	-42,59851	31,45757	-42,5985	30,80221
10000	-42,59851	30,80221	-42,59851	30,14685
10020	-42,59855	31,45759	-42,59856	30,80223
10040	-42,59856	31,45758	-42,59856	30,80223
10060	-42,59857	30,80222	-42,59857	29,4915
10080	-42,59858	30,14685	-42,59858	28,83614
10100	-42,59859	28,83613	-42,59859	27,52541
10120	-42,5986	28,18076	-42,59859	27,52541
10140	-42,59861	27,52541	-42,5986	26,87005
10160	-42,5986	26,87005	-42,5986	26,21469
10180	-42,59861	26,21469	-42,5986	26,2147
10200	-42,59861	26,21469	-42,5986	26,2147
10220	-42,59861	26,87006	-42,59861	26,2147
10240	-42,59861	26,21469	-42,5986	26,2147
10260	-42,59861	26,87005	-42,59861	25,55934
10280	-42,59861	26,87005	-42,59861	25,55934
10300	-42,59861	26,2147	-42,59861	26,2147
10320	-42,59861	26,87005	-42,59861	25,55933
10340	-42,59862	24,90396	-42,59861	24,90396
10360	-42,59862	25,55931	-42,59862	25,55931
10380	-42,59862	25,55931	-42,59861	25,55931
10400	-42,59862	26,21467	-42,59861	25,55931
10420	-42,59862	26,87003	-42,59861	26,21467
10440	-42,59862	26,21511	-42,59861	26,21466
10460	-42,59862	27,52538	-42,59861	26,87002
10480	-42,59862	27,52538	-42,59861	26,87002
10500	-42,59852	25,55927	-42,59842	23,59318
10520	-42,59841	26,86997	-42,59842	28,18073
10540	-42,59843	30,14682	-42,59842	30,80219
10560	-42,59843	32,76827	-42,59843	32,11292
10580	-42,59844	33,42365	-42,59843	32,76829
10600	-42,59844	33,42365	-42,59844	33,42365
10620	-42,59845	34,07902	-42,59844	33,42366
10640	-42,59845	34,07902	-42,59845	33,42366
10660	-42,59845	34,73439	-42,59845	34,73439
10680	-42,59845	35,38976	-42,59845	35,38976
10700	-42,59846	35,38975	-42,59845	34,7344
10720	-42,59847	35,38975	-42,59845	35,38976
10740	-42,59833	39,32193	-38,66606	39,32194
10760	-36,69994	39,9773	-37,35531	39,32195
10780	-37,35531	39,97731	-37,3553	39,32196
10800	-37,3553	39,32196	-37,3553	39,32196
10820	-37,3553	39,32196	-37,3553	38,01124
10840	-37,3553	38,6666	-38,01066	38,01124
10860	-38,01066	38,01123	-38,01066	37,35588
10880	-38,01067	37,35588	-38,00812	36,70051
10900	-38,01067	36,70051	-38,66603	36,04515
10920	-38,01067	36,7005	-38,01067	36,04514
10940	-38,01067	36,04514	-38,66603	34,73442
10960	-38,01067	35,38977	-38,01067	34,73442
10980	-38,01068	34,73441	-38,01068	34,07905
11000	-38,01068	33,42368	-38,01068	32,76833
11020	-37,35532	32,76833	-38,01068	32,11297
11040	-37,35533	32,11296	-37,35533	30,80224
11060	-37,35533	30,80224	-36,69997	30,14688
11080	-36,69997	30,80224	-35,38924	30,14687
11100	-27,5248	31,45758	-18,34961	31,45759
11120	-17,03884	32,11293	-18,34957	32,7683
11140	-18,34958	33,42367	-19,00493	32,76832
11160	-18,34958	34,07904	-19,00493	34,07905
11180	-19,00494	34,07904	-19,6603	33,42369
11200	-19,6603	34,07905	-19,6603	33,42369
11220	-19,6603	33,42368	-20,31567	32,76833
11240	-19,6603	33,42368	-20,31567	32,11296
11260	-20,31567	32,76831	-20,31567	32,11296
11280	-19,00495	31,45759	-13,76198	30,80221
11300	-11,79587	30,14684	-12,45124	30,14685
11320	-12,45125	30,80221	-12,45125	30,14686
11340	-12,45125	30,14685	-13,10662	29,49149
11360	-13,10661	30,14685	-13,10662	28,83613
11380	-13,10663	28,83613	-13,76198	27,5254
11400	-13,10663	28,18075	-13,10663	26,87004
11420	-13,10663	26,87004	-13,76199	26,87003
11440	-13,76199	27,52539	-13,76199	26,87003
11460	-13,76199	26,87003	-13,76199	26,21467
11480	-13,76199	27,52539	-13,76199	26,21466
11500	-13,76199	26,87002	-13,76199	26,21467
11520	-13,76199	26,87002	-13,76199	26,21467
11540	-14,41735	26,87003	-14,41735	26,21467
11560	-13,762	26,21466	-14,41735	25,5593
11580	-14,41736	25,5593	-14,41736	24,90394
11600	-14,41735	25,5593	-15,07271	24,90394
11620	-15,07272	24,90394	-15,07271	24,90394
11640	-15,07272	24,90393	-15,72807	24,90393
11660	-15,72808	25,55929	-16,38343	26,87001
11680	-15,72807	30,8022	-16,38342	31,45756
11700	-15,72806	31,45757	-15,72806	32,11294
11720	-15,0727	32,11294	-14,41734	31,45759
11740	-14,41734	32,11294	-14,41734	31,45759
11760	-14,41735	32,11295	-14,41735	30,80223
11780	-14,41735	31,45759	-14,41735	30,80223
11800	-15,07271	31,45759	-14,41735	30,80224
11820	-14,41736	30,80223	-15,07271	30,14688
11840	-15,07272	30,80223	-15,07272	30,80224
11860	-15,07272	30,80224	-14,41737	30,80224
11880	-14,41738	31,45759	-14,41737	30,14687
11900	-14,41738	31,4576	-14,41738	30,14688
11920	-15,07275	30,80224	-15,07274	30,80224
11940	-15,07275	31,4576	-15,07275	30,80224
11960	-15,07274	30,80224	-15,07274	30,14689
11980	-15,07275	30,80224	-15,7281	30,14688
12000	-15,72811	30,80224	-15,07275	30,14688
12020	-14,41739	30,14688	-15,07274	30,14688
12040	-15,07275	30,80224	-15,07274	30,80224
12060	-15,07275	31,4576	-15,07274	30,80224
12080	-15,07275	31,4576	-15,07274	31,4576
12100	-15,07274	32,11296	-15,07274	30,80224
12120	-15,07274	31,4576	-15,07274	31,45759
12140	-15,07274	31,45759	-15,7281	30,80223
12160	-15,07274	31,45759	-15,7281	30,80223
12180	-16,38346	32,11295	-18,34957	34,7344
12200	-20,31568	37,35585	-20,31567	37,35585
12220	-19,66032	39,97731	-19,00495	40,63269
12240	-19,00496	42,59878	-18,3496	43,90951
12260	-17,69424	45,22024	-17,69424	44,56489
12280	-17,69425	46,53097	-17,69424	46,53098
12300	-17,69425	47,18635	-17,69425	47,18635
12320	-17,69425	47,84171	-17,69425	47,84171
12340	-17,69425	48,49708	-17,69424	48,49708
12360	-17,69426	49,8078	-17,69425	49,15245
12380	-17,69425	50,46317	-17,69425	49,80781
12400	-18,34707	50,46318	-18,34961	50,46318
12420	-18,34962	50,46317	-18,34962	50,46318
12440	-19,00499	50,46318	-18,34962	49,80781
12460	-18,34963	49,80781	-18,34963	48,49708
12480	-19,005	49,15244	-19,005	48,49708
12500	-19,00501	48,49708	-19,005	47,84172
12520	-19,66036	48,49708	-20,31572	47,84172
12540	-20,31572	47,84172	-19,66035	46,531
12560	-16,38351	47,18635	-15,07274	45,87563
12580	-15,07275	46,53099	-15,07275	45,87564
12600	-15,07275	46,53099	-15,72811	45,87563
12620	-15,72811	45,87563	-15,7281	45,22027
12640	-16,38347	45,22026	-17,03882	43,90954
12660	-17,03883	43,90953	-17,69417	43,25417
12680	-17,69419	43,90953	-17,69417	41,94344
12700	-17,69418	41,28806	-17,69417	40,6327
12720	-17,69418	41,28806	-17,69418	39,97734
12740	-17,69418	39,97735	-17,69417	39,97734
12760	-17,69418	39,97734	-17,69418	39,97735
12780	-18,34954	39,97735	-17,69418	39,97735
12800	-17,69418	39,97735	-18,34953	39,97735
12820	-17,69418	39,97734	-17,69417	39,97735
12840	-17,69418	39,97735	-17,69417	39,97735
12860	-17,69417	40,63271	-17,69417	39,97735
12880	-18,34953	40,6327	-17,69417	39,97734
12900	-17,69417	40,6327	-17,69417	39,32199
12920	-18,34954	39,97734	-17,69417	39,32198
12940	-17,69418	39,32198	-17,03881	38,66662
12960	-11,79586	38,66662	-8,51899	38,66661
12980	-8,51899	39,97734	-9,17436	40,63272
13000	-8,519	41,94345	-8,519	42,59882
13020	-8,519	43,25418	-8,519	43,25418
13040	-8,519	43,25418	-8,51901	43,25418
13060	-8,51901	43,25419	-8,51901	42,59883
13080	-7,86365	42,59882	-7,86365	40,63273
13100	-8,51902	40,63272	-8,51902	40,63272
13120	-8,51902	41,28809	-8,51902	41,94346
13140	-7,86367	42,59883	-8,51902	42,59883
13160	-7,86367	42,59883	-7,86367	41,94348
13180	-3,27609	42,59884	3,93299	42,59883
13200	6,55448	43,25419	5,89912	43,2542
13220	5,24375	45,2203	5,24376	45,2203
13240	5,89912	45,87566	5,89912	45,87567
13260	5,89911	46,53102	5,24376	46,53102
13280	5,24376	47,18638	5,24376	46,53103
13300	5,24376	47,84174	4,5884	47,18638
13320	4,58839	47,18636	3,93303	46,531
13340	3,93303	47,18636	3,93304	46,53101
13360	4,58839	47,84173	3,93304	47,18637
13380	3,93304	47,18637	9,83137	45,22028
13400	17,69581	46,531	19,66195	46,531
13420	19,00658	47,84174	18,35122	48,49711
13440	19,00657	49,15247	-42,59726	48,49711
13460	19,00658	49,80783	18,35122	49,15247
13480	18,35122	49,80783	18,35123	49,15247
13500	18,35122	49,80783	18,35123	49,80784
13520	18,35123	50,4632	17,69587	49,80785
13540	17,69587	50,46321	17,69587	50,46321
13560	17,69588	51,11856	19,00661	49,80785
13580	24,90493	49,80785	26,21569	49,80785
13600	25,56033	51,11857	25,56032	51,11859
13620	25,56033	52,42931	25,56033	51,77395
13640	26,21568	52,42931	25,56033	52,42931
13660	25,56032	52,42931	25,56032	52,42931
13680	24,90495	52,4293	24,90495	51,11858
13700	24,90493	51,77394	24,90492	51,11857
13720	24,90491	50,4632	25,56026	50,46319
13740	25,56025	50,46319	25,56025	49,80783
13760	25,56024	50,46319	25,56023	49,80783
13780	25,56023	50,46319	24,90487	50,46319
13800	25,56022	51,11855	25,56022	51,11856
13820	25,56022	51,11856	24,90486	50,4632
13840	24,90485	50,4632	24,90486	49,15247
13860	24,90485	49,80783	25,56021	49,15247
13880	25,56021	48,4971	24,90485	47,84174
13900	25,56021	48,49709	25,56021	47,84174
13920	26,21557	47,84172	26,21557	47,18636
13940	26,21556	47,18636	26,21557	46,531
13960	26,21557	47,18636	26,21557	46,53099
13980	26,21557	47,18635	26,21557	46,53099
14000	27,52629	47,18635	28,83705	48,4971
14020	28,83705	49,15246	28,18169	49,15247
14040	28,18169	49,80783	28,1817	48,49711
14060	28,18169	48,4971	23,59411	49,15247
14080	20,31726	49,80783	20,31727	47,84175
14100	20,97263	48,49711	20,31727	48,49711
14120	20,97263	48,4971	20,97263	47,84174
14140	20,97263	47,84173	20,31727	47,18637
14160	20,97263	46,531	20,97263	45,87565
14180	20,31727	45,87564	20,31727	45,87564
14200	20,31727	45,87564	19,66191	45,22027
14220	19,66191	46,53099	20,31727	45,22027
14240	19,6619	45,87562	19,6619	45,22027
14260	19,6619	45,22026	19,6619	45,22026
14280	19,6619	44,56489	19,6619	43,90953
14300	19,6619	43,90953	19,00654	43,25416
14320	19,66189	43,90952	19,00654	42,59881
14340	19,6619	43,25416	19,00654	43,25417
14360	19,00653	43,25416	22,28337	41,28808
14380	25,56023	41,28807	25,56024	40,63271
14400	25,56022	41,94344	25,56022	41,94344
14420	25,56022	41,94344	25,56022	41,94344
14440	25,56021	41,94344	25,56022	41,94344
14460	25,56021	41,28808	25,56021	40,63272
14480	24,90485	41,28808	24,24949	39,97736
14500	24,90485	40,63272	24,24949	39,97736
14520	24,24949	39,97736	24,24949	39,322
14540	24,24949	39,32199	24,24949	38,66663
14560	24,24949	39,32198	24,2495	38,01127
14580	24,24949	38,66662	24,2495	38,66662
14600	24,24949	39,32198	24,2495	39,32198
14620	24,2495	39,32198	24,2495	38,66662
14640	24,24949	39,32198	24,2495	38,66661
14660	24,24949	38,66662	24,2495	38,01125
14680	24,24949	38,66661	24,2495	38,66661
14700	24,24949	38,66661	24,2495	38,01125
14720	24,24949	38,66661	24,24949	38,01125
14740	24,2495	38,66661	23,59414	38,01125
14760	23,59414	38,01125	23,59414	37,35589
14780	23,59414	38,01124	23,59414	37,35588
14800	23,59414	38,01124	22,93879	36,70052
14820	23,59414	37,35588	23,59415	36,70052
14840	23,59414	37,35587	23,59414	36,70052
14860	22,93878	37,35588	23,59415	37,35588
14880	23,59414	37,35588	22,93878	36,70052
14900	25,56023	36,04516	30,8032	34,73444
14920	32,76932	35,3898	31,45859	35,38981
14940	31,45858	36,70054	31,45858	36,70054
14960	32,11393	38,01126	31,45858	37,3559
14980	32,11393	38,01126	32,11393	37,35591
15000	32,11392	37,3559	32,11392	37,3559
15020	32,11392	38,66661	31,45856	38,01127
15040	31,45856	39,32198	31,45856	39,32198
15060	30,80319	39,97734	30,80321	39,32198
15080	30,8032	39,97734	30,8032	39,97734
15100	30,14784	39,97734	30,14785	39,97734
15120	30,14784	40,63269	29,49248	39,97733
15140	29,49248	40,63269	29,49248	40,63269
15160	28,83712	41,28804	28,83713	41,28805
15180	28,83712	41,94341	28,83713	41,94341
15200	29,49248	42,59877	28,83713	42,59877
15220	28,83712	43,25412	28,18177	42,59876
15240	28,18177	42,59876	28,18177	42,59876
15260	27,5264	43,25412	28,18176	42,59876
15280	27,5264	43,25411	27,5264	43,25411
15300	27,5264	43,25411	27,52641	43,25411
15320	27,5264	43,25411	27,52641	42,59875
15340	27,5264	43,2541	27,52641	42,59875
15360	27,52641	43,2541	27,52641	42,59874
15380	27,52641	43,2541	27,52641	42,59874
15400	27,52641	42,59874	26,87105	41,94339
15420	26,87105	42,59873	26,87105	41,94338
15440	26,87105	41,94337	26,87106	41,94337
15460	26,87105	41,94337	26,87105	40,63265
15480	26,87105	41,28801	26,21569	39,97729
15500	26,21569	40,63264	26,21569	39,97728
15520	26,21568	38,66655	26,21568	38,01118
15540	26,87103	38,01118	26,87103	37,35581
15560	26,87102	36,70045	26,87102	36,70045
15580	26,87101	37,35581	26,87101	36,70045
15600	26,87101	36,70044	26,87101	35,38971
15620	28,18173	34,07899	32,11394	32,76827
15640	34,08005	32,76827	34,08005	32,11292
15660	34,08004	32,76828	34,7354	32,11292
15680	34,7354	32,76827	34,7354	32,11291
15700	34,7354	32,76827	34,7354	32,11291
15720	34,7354	33,42363	34,7354	33,42363
15740	34,73539	34,73436	34,7354	34,73436
15760	34,08003	35,38973	34,08004	34,73437
15780	34,08003	36,04509	34,08003	36,0451
15800	34,08002	36,70046	34,08002	36,0451
15820	34,08001	37,35583	34,73538	37,35583
15840	34,73537	38,01119	34,73537	38,0112
15860	34,08	38,0112	24,2495	32,7683
15880	11,79746	31,45757	5,89912	31,45758
15900	5,89911	33,42367	7,20984	34,73439
15920	7,20983	36,70048	7,20983	36,70048
15940	7,20983	37,35584	7,20983	38,01121
15960	7,86519	38,66657	7,86518	38,66658
15980	8,52054	39,9773	8,52055	39,32195
16000	8,52054	40,63267	8,52055	40,63267
16020	8,52054	41,28803	8,52055	41,9434
16040	8,52055	42,59876	7,20982	42,59877
16060	-7,86365	41,28807	-32,11231	37,35595
16080	-42,59837	36,70064	-42,59853	38,66675
16100	-42,59857	42,59893	-42,59857	45,87576
16120	-42,59857	49,80794	-42,59859	52,42941
16140	-42,5986	53,74014	-42,5986	53,0848
16160	-42,59862	53,74017	-42,59865	53,08483
16180	-42,59884	53,74023	-42,59899	53,08487
16200	-42,59903	53,74023	-42,59903	53,08487
16220	-42,59904	53,74023	-42,59904	53,08487
16240	-42,59905	53,74023	-42,59904	53,08487
16260	-42,59904	53,74023	-42,59904	53,08487
16280	-42,59904	53,74023	-42,59904	53,08487
16300	-42,59904	53,74023	-42,59903	53,08487
16320	-42,59904	53,74023	-42,59903	53,08487
16340	-42,59903	53,74023	-42,59902	53,08487
16360	-42,599	53,74023	-42,59898	53,08487
16380	-42,59899	53,74023	-42,59899	53,08487
16400	-42,59899	53,74023	-42,59898	53,08487
16420	-42,59899	53,74023	-42,59899	53,08487
16440	-42,59899	53,74023	-42,59899	53,08487
16460	-42,59899	53,74023	-42,59898	53,08487
16480	-42,59898	53,74023	-42,59898	53,08487
16500	-42,59898	53,74023	-42,59898	53,08487
16520	-42,59898	53,74023	-42,59897	53,08487
16540	-42,59897	53,74023	-42,59897	53,08487
16560	-42,59897	53,74023	-42,59897	53,08487
16580	-42,59898	53,74023	-42,59896	53,08487
16600	-42,59897	53,74023	-42,59897	53,08487
16620	-42,59898	53,74023	-42,59898	53,08487
16640	-42,59898	53,74023	-42,59898	53,08487
16660	-42,59899	53,74023	-42,59899	53,08487
16680	-42,59899	53,74023	-42,59899	53,08487
16700	-42,59899	53,74023	-42,59899	53,08487
16720	-42,599	53,74023	-42,59899	53,08487
16740	-42,59899	53,74023	-42,59899	53,08487
16760	-42,599	53,74023	-42,599	53,08487
16780	-42,599	53,74023	-42,599	53,08487
16800	-42,599	53,74023	-42,59899	53,08487
16820	-42,599	53,74023	-42,59899	53,08487
16840	-42,599	53,74023	-42,59899	53,08487
16860	-42,599	53,74023	-42,59899	53,08487
16880	-42,599	53,74023	-42,59899	53,08487
16900	-42,59899	53,74023	-42,59899	53,08487
16920	-42,599	53,74023	-42,59899	53,08487
16940	-42,599	53,74023	-42,599	53,08487
16960	-42,599	53,74023	-42,59899	53,08487
16980	-42,599	53,74023	-42,59899	53,08487
17000	-42,599	53,74023	-42,59899	53,08487
17020	-42,599	53,74023	-42,599	53,08487
17040	-42,599	53,74023	-42,599	53,08487
17060	-42,599	53,74023	-42,59899	53,08487
17080	-42,59902	53,74023	-42,59904	53,08487
17100	-42,59904	53,74019	-42,59901	47,18654
17120	-42,59901	42,59898	-42,599	37,35607
17140	-42,59901	34,07924	-42,599	30,80242
17160	-42,59901	27,52559	-42,599	22,93804
17180	-42,599	20,31657	-42,599	17,03975
17200	-42,59899	11,14146	-42,59895	-13,10699
17220	-42,59884	-89,78449	-42,59866	-195,95351
17240	-42,59837	-268,04365	-42,59797	-281,15104
17260	-42,59755	-280,49551	-42,59723	-281,15065
17280	-42,59716	-280,49513	-42,59728	-281,15053
17300	-42,59753	-280,49522	-42,59777	-281,1506
17320	-42,59803	-250,34863	-42,59832	-224,13405
17340	-42,59859	-198,57484	-42,59872	-173,671
17360	-42,59882	-148,76717	-42,59886	-124,51869
17380	-42,5989	-101,58096	-42,59892	-82,57542
17400	-42,59894	-64,22524	-42,59896	-49,15187
17420	-42,59897	-34,07851	-42,59898	-22,28196
17440	-42,59899	-10,48542	-42,599	-1,31032
17460	-42,59901	7,20941	-42,59901	13,10769
17480	-42,59902	18,35061	-42,59902	22,2828
17500	-42,59903	26,21498	-42,59903	28,18108
17520	-42,59903	31,45789	-42,59648	32,11327
17540	-42,59903	34,07936	-42,59903	35,39009
17560	-42,59901	36,70081	-42,59888	36,7008
17580	-42,59881	38,66688	-42,59879	39,97761
17600	-42,59879	42,59907	-42,59879	43,90981
17620	-42,59879	45,22053	-42,59879	44,56518
17640	-42,59878	45,8759	-42,59878	45,22054
17660	-42,59878	45,22053	-42,59877	44,56518
17680	-42,59877	45,22054	-42,59876	44,56518
17700	-42,59877	45,22054	-42,59876	44,56517
17720	-42,59876	44,56516	-42,59875	43,25443
17740	-42,59875	43,25442	-42,59874	42,59906
17760	-42,59874	42,59905	-42,59874	41,28833
17780	-42,59873	41,94368	-42,59873	41,28831
17800	-42,59873	41,94367	-42,59873	39,97758
17820	-42,59873	39,97757	-42,59873	39,32221
17840	-42,59874	39,3222	-42,59873	39,32221
17860	-42,59874	39,97757	-42,59873	39,32221
17880	-42,59874	39,3222	-42,59874	38,66684
17900	-42,59864	38,66682	-42,59854	38,66681
17920	-42,59849	39,32216	-42,59848	39,97754
17940	-42,59849	40,6329	-42,59849	40,63291
17960	-42,59849	41,28827	-42,59848	40,63291
17980	-42,59849	41,28827	-42,59848	41,28827
18000	-42,59849	41,94363	-42,59849	41,28827
18020	-42,59849	41,28826	-42,59848	40,6329
18040	-42,59849	40,63289	-42,59845	39,32216
18060	-36,04474	39,9775	-34,73398	38,66677
18080	-34,73399	39,32213	-34,73399	39,9775
18100	-34,73399	40,63286	-34,73398	39,9775
18120	-34,07863	39,97749	-34,07863	39,32213
18140	-34,07863	39,32212	-34,07863	39,32212
18160	-34,07863	39,32212	-34,07862	39,32212
18180	-34,07863	39,97748	-34,07863	39,97748
18200	-34,07863	39,97748	-34,73399	39,97748
18220	-34,73399	40,63285	-34,73399	39,97749
18240	-34,73399	41,28821	-35,38935	41,28821
18260	-33,42327	41,94358	-26,21419	41,94358
18280	-22,93733	43,25429	-23,59269	43,2543
18300	-24,24807	44,56503	-24,24807	44,56503
18320	-24,24807	44,56503	-24,24807	43,90968
18340	-24,24808	44,56503	-24,90344	43,90968
18360	-24,90344	43,90967	-25,5588	43,25431
18380	-25,5588	43,25431	-25,55881	43,25431
18400	-25,55882	43,25431	-26,21418	41,28823
18420	-26,86955	41,94359	-26,86956	40,63286
18440	-26,86956	40,63286	-26,86956	40,63286
18460	-26,86957	41,28822	-26,86956	40,63286
18480	-26,86957	40,63285	-27,52493	39,97748
18500	-26,86957	39,32211	-28,1803	38,66675
18520	-30,80178	38,01139	-30,80178	37,35602
18540	-30,80178	38,01138	-30,80177	37,35602
18560	-30,80177	38,01138	-30,80177	37,35602
18580	-30,80177	37,35602	-30,14641	36,70066
18600	-30,1464	36,70065	-30,14641	36,04529
18620	-30,14641	36,70065	-30,14641	36,04529
18640	-29,49105	36,70065	-29,49105	36,0453
18660	-29,49105	36,70065	-29,49105	36,04531
18680	-28,18033	36,70066	-28,18033	37,35604
18700	-28,18034	38,0114	-28,18033	37,35603
18720	-28,18034	38,01139	-28,83569	36,70067
18740	-28,83569	36,0453	-24,90349	35,38994
18760	-11,14073	36,04529	-0,65476	36,04527
18780	1,96675	37,35599	1,31139	38,01137
18800	1,96673	39,32211	1,96674	39,32211
18820	1,96673	39,97747	1,96673	39,97748
18840	2,62209	40,63284	1,96673	40,63285
18860	1,96673	41,94356	1,96673	41,28821
18880	1,96673	41,28821	1,96673	41,28821
18900	1,96673	42,59893	1,31137	41,94358
18920	1,31137	42,59893	1,31137	42,59893
18940	1,31137	43,25429	1,31137	42,59893
18960	1,31137	42,59893	1,31137	42,59893
18980	1,31138	43,25429	0,65602	42,59893
19000	1,31138	43,25429	0,65603	41,94356
19020	0,65602	41,94356	0,65602	41,2882
19040	1,31137	41,94355	1,31138	40,63282
19060	0,65600999999999	41,28818	-3,93155	40,63283
19080	-7,20841	41,94355	-7,86378	41,28819
19100	-7,20841	42,59891	-7,86378	42,59891
19120	-7,86378	43,25427	-7,86377	41,94355
19140	-7,86377	41,94354	-7,86376	41,94353
19160	-7,86377	41,28816	-8,51912	40,6328
19180	-8,51912	41,28815	-8,51911	41,28815
19200	-8,51911	41,9435	-9,17447	41,28814
19220	-9,17447	42,59886	-9,82983	41,9435
19240	-9,82983	42,59886	-9,82983	41,9435
19260	-10,48519	43,25423	-10,48519	42,59887
19280	-10,4852	43,25423	-10,4852	42,59887
19300	-10,4852	42,59886	-11,14055	41,9435
19320	-11,14056	41,94349	-10,48519	41,28813
19340	-7,20836	41,28813	-6,55297	40,63276
19360	-6,55297	41,94349	-6,55297	41,28813
19380	-7,20833	41,94348	-6,55297	41,28813
19400	-7,20834	41,28812	-7,20833	40,63276
19420	-7,20833	41,28812	-7,20833	39,9774
19440	-7,20833	40,63276	-7,20833	39,9774
19460	-7,20833	39,9774	-7,86369	39,32204
19480	-7,20833	39,32204	-7,20832	38,66668
19500	-6,55297	39,32205	-7,20833	38,66669
19520	-7,20833	39,32204	-7,20833	38,01133
19540	-7,20833	38,66668	-7,86369	38,01132
19560	-7,86369	38,01131	-8,51905	38,01131
19580	-7,86369	38,01131	-8,51905	38,01131
19600	-7,86369	38,66667	-8,51904	38,01131
19620	-8,51905	38,01131	-8,51904	38,01131
19640	-8,51904	38,01131	-9,1744	38,0113
19660	-9,1744	38,66666	-9,1744	37,35594
19680	-9,1744	38,01129	-9,82975	37,35593
19700	-9,82976	38,01128	-9,82976	37,35592
19720	-9,82977	36,70055	-9,82977	36,04518
19740	-4,58683	38,01128	-1,96534	39,322
19760	-2,6207	39,322	-3,27607	40,63274
19780	-3,27607	41,94346	-3,27607	42,59883
19800	-3,27607	43,90956	-3,27606	43,90957
19820	-3,27607	44,56493	-3,27607	44,56493
19840	-2,62072	45,87565	-2,62072	45,87566
19860	-2,62072	45,87566	-2,62072	45,87566
19880	-2,62073	46,53102	-2,62072	46,53103
19900	-2,62072	47,84175	-2,62072	47,84175
19920	-2,62072	48,49711	-3,27608	48,49711
19940	-2,62073	49,80783	-2,62072	49,15248
19960	-3,27609	50,4632	-3,27609	50,46321
19980	-3,27609	51,11857	-3,27609	51,11857
20000	-3,2761	51,77394	-3,2761	52,4293
20020	-3,2761	53,08466	-2,62074	52,4293
20040	-3,27611	53,74002	-3,2761	53,08467
20060	-1,96538	53,08466	2,62223	51,11856
20080	5,24371	51,11854	5,24371	51,77391
20100	5,2437	52,42927	5,24371	52,42928
20120	5,2437	53,08464	5,24371	51,77392
20140	5,2437	53,08463	5,2437	51,77392
20160	5,2437	52,42927	5,24371	51,77391
20180	5,2437	51,11854	4,58834	50,46318
20200	4,58834	50,46317	4,58834	49,80781
20220	5,89906	49,80781	11,7974	49,15245
20240	16,38501	49,80781	16,38501	49,15245
20260	15,72965	49,80781	16,38501	49,80782
20280	16,385	50,46317	15,72965	50,46318
20300	16,385	50,46318	16,38501	50,46318
20320	16,38501	51,11854	16,38501	50,46319
20340	15,72965	51,11855	15,72965	50,46319
20360	16,38501	50,46318	15,72965	50,46319
20380	15,72965	51,11855	15,07429	50,46319
20400	15,72965	51,11855	15,0743	50,46319
20420	15,07429	51,11855	15,0743	50,46319
20440	15,07429	50,46318	15,07429	49,80782
20460	15,07429	50,46317	14,41893	50,46318
20480	15,07428	51,11854	14,41892	51,11855
20500	15,07428	51,77392	14,41891	52,42929
20520	14,41891	52,42929	13,76355	51,77394
20540	14,41891	52,4293	14,41891	51,11858
20560	14,4189	51,77393	14,4189	51,11859
20580	14,4189	51,77394	14,4189	51,11859
20600	7,86523	47,18641	0,00078999999999496	43,90959
20620	-1,30997	45,22031	-0,6546	46,53105
20640	-0,65461	47,84177	-0,65461	47,18642
20660	0,00074999999999648	47,84178	0,65611	46,53107
20680	0,65609	45,8757	1,31145	44,56498
20700	1,31145	44,56498	1,9668	43,25427
20720	1,96679	43,25427	1,96679	42,59891
20740	1,96678	42,5989	1,31142	41,94355
20760	4,58823	41,94355	18,35099	43,90968
20780	32,76915	45,22042	36,70143	45,22044
20800	35,39069	47,18652	34,07996	47,18653
20820	34,73532	47,84189	34,07995	47,84189
20840	33,42458	47,84188	33,42459	47,84188
20860	32,76921	47,84188	32,11386	47,84188
20880	32,11385	48,49723	32,11386	48,49724
20900	31,45849	48,49723	31,45849	47,84187
20920	30,80313	47,84186	30,80312	47,1865
20940	31,45849	47,1865	30,80313	46,53114
20960	30,14776	47,84186	30,14776	47,84187
20980	29,4924	48,49723	29,4924	48,49723
21000	29,49239	49,15259	29,4924	48,49724
21020	29,49239	49,80796	28,83704	49,1526
21040	29,49239	49,15259	29,49239	49,15261
21060	28,83702	50,46332	28,83702	50,46333
21080	28,83702	51,1187	28,18166	50,46334
21100	28,83701	51,1187	28,18164	51,1187
21120	28,83699	51,77406	28,83699	51,77407
21140	28,83698	53,08478	28,83699	53,08479
21160	28,83698	53,74015	28,83698	53,0848
21180	28,83698	53,74015	29,49235	53,0848
21200	29,49235	53,74015	29,49235	53,0848
21220	29,49235	52,42943	30,14771	51,77408
21240	30,14771	52,42944	30,14771	51,77409
21260	30,1477	52,42945	30,1477	51,7741
21280	29,49233	52,42946	29,49234	51,7741
21300	29,49233	52,42946	29,49233	52,42946
21320	28,83697	53,74018	28,83696	53,08482
21340	28,1816	53,74019	27,52625	53,08483
21360	15,07426	53,7402	-11,79589	52,4295
21380	-39,32143	51,11879	-42,59853	49,15271
21400	-42,59873	51,77415	-42,59876	53,08487
21420	-42,59876	53,74023	-42,59875	53,08487
21440	-42,59876	53,74023	-42,59877	53,08487
21460	-42,59879	53,74023	-42,5988	53,08487
21480	-42,59882	53,74023	-42,59883	53,08487
21500	-42,59885	53,74023	-42,59886	53,08487
21520	-42,59888	53,74023	-42,59888	53,08487
21540	-42,59889	53,74023	-42,59891	53,08487
21560	-42,599	53,74023	-42,59908	53,08487
21580	-42,5991	53,74023	-42,59909	53,08487
21600	-42,59909	53,74023	-42,59908	53,08487
21620	-42,59908	53,74023	-42,59907	53,08487
21640	-42,59907	53,74023	-42,59906	53,08487
21660	-42,59907	53,74023	-42,59906	53,08487
21680	-42,59908	53,74023	-42,59907	53,08487
21700	-42,59908	53,74023	-42,59907	53,08487
21720	-42,59908	53,74023	-42,59908	53,08487
21740	-42,59909	53,74023	-42,59908	53,08487
21760	-42,59909	53,74023	-42,59908	53,08487
21780	-42,59908	53,74023	-42,59907	53,08487
21800	-42,59907	53,74023	-42,59907	53,08487
21820	-42,59907	53,74023	-42,59906	53,08487
21840	-42,59906	53,74023	-42,59905	53,08487
21860	-42,59905	53,74023	-42,59904	53,08487
21880	-42,59904	53,74023	-42,59903	53,08487
21900	-42,59903	53,74023	-42,59903	53,08487
21920	-42,59903	53,74023	-42,59903	53,08487
21940	-42,59903	53,74023	-42,59903	53,08487
21960	-42,59903	53,74023	-42,59903	53,08487
21980	-42,59903	53,74023	-42,59907	53,08487
22000	-42,5991	53,74023	-42,59909	53,08487
22020	-42,59909	53,74023	-42,59908	53,08487
22040	-42,59908	53,74023	-42,59907	53,08487
22060	-42,59908	53,74023	-42,59907	53,08487
22080	-42,59907	53,74023	-42,59906	53,08487
22100	-42,59906	53,74023	-42,59906	53,08487
22120	-42,59906	53,74023	-42,59905	53,08487
22140	-42,59905	53,74023	-42,59905	53,08487
22160	-42,59905	53,74023	-42,59905	53,08487
22180	-42,59905	53,74023	-42,59904	53,08487
22200	-42,59905	53,74023	-42,59904	53,08487
22220	-42,59905	53,74023	-42,59905	53,08487
22240	-42,59905	53,74023	-42,59906	53,08487
22260	-42,59906	53,74023	-42,59906	53,08487
22280	-42,59907	53,74023	-42,59907	52,42951
22300	-42,59907	50,46341	-42,59906	47,1866
22320	-42,59907	45,22049	-42,59907	41,94367
22340	-42,59907	38,66685	-42,59907	34,73468
22360	-42,59909	32,76859	-42,5991	28,83643
22380	-42,59911	27,52571	-42,59912	24,24892
22400	-42,59913	22,9382	-42,59914	20,31676
22420	-42,59915	19,6614	-42,59915	18,35068
22440	-42,59915	19,00604	-42,59915	18,35068
22460	-42,59914	18,35067	-42,59913	17,69532
22480	-42,59913	19,00603	-42,59912	18,35068
22500	-42,59913	19,00603	-42,59913	18,35068
22520	-42,59914	19,00604	-42,59914	18,35069
22540	-42,59915	18,35069	-42,59915	18,3507
22560	-42,59915	18,3507	-42,59915	18,3507
22580	-42,59915	19,00607	-42,59911	20,3168
22600	-42,59907	20,97216	-42,59908	21,62752
22620	-42,59909	23,59362	-42,59908	23,59362
22640	-42,59908	24,90434	-42,59907	24,24898
22660	-42,59907	25,5597	-42,59907	26,21506
22680	-42,59907	26,21506	-42,59905	26,21506
22700	-42,59906	26,87041	-42,59905	26,21506
22720	-42,59906	26,87041	-42,59905	25,55969
22740	-42,59906	26,21505	-42,59906	26,21505
22760	-42,59907	26,21505	-42,59907	25,55968
22780	-42,59908	25,55968	-42,59908	24,90432
22800	-42,59909	25,55967	-42,59909	25,55967
22820	-42,59909	26,21503	-42,59909	25,55967
22840	-42,59909	26,87039	-42,59909	26,21503
22860	-42,59909	26,87039	-42,59909	25,55967
22880	-42,5991	26,21503	-42,59909	25,55967
22900	-42,5991	24,90431	-42,5991	24,24895
22920	-42,5991	24,9043	-42,59907	24,24893
22940	-42,59901	24,90428	-42,599	25,55965
22960	-42,59901	26,21502	-42,59901	26,87038
22980	-42,599	27,52574	-42,599	28,18111
23000	-42,599	28,18111	-42,59899	28,83647
23020	-42,59899	28,83646	-42,59899	28,83647
23040	-42,59899	28,83646	-42,59898	28,18111
23060	-42,59899	28,83647	-42,59899	28,18111
23080	-42,59899	28,83647	-42,59898	28,18112
23100	-42,59899	28,83647	-42,59898	28,83648
23120	-42,59899	29,49184	-42,59898	28,83648
23140	-42,59898	29,49184	-42,59898	29,49185
23160	-42,59898	30,14721	-42,59897	29,49185
23180	-42,59898	30,14721	-42,59897	30,14721
23200	-42,59897	30,80257	-42,59897	30,14722
23220	-42,59897	30,14721	-42,59897	29,49186
23240	-42,59897	30,14721	-42,59897	29,49186
23260	-42,59897	30,80257	-42,59897	30,14722
23280	-42,59897	30,80258	-42,59897	30,14722
23300	-42,59897	30,80258	-42,59897	30,14722
23320	-42,59898	30,80258	-42,59898	30,14721
23340	-42,59898	30,14721	-42,59898	30,14721
23360	-42,59899	30,80257	-42,59899	30,80258
23380	-42,59899	30,80257	-42,59899	30,80258
23400	-42,59899	30,80258	-42,59899	30,14722
23420	-42,599	30,14722	-42,59899	30,14722
23440	-42,59899	30,14721	-42,59899	30,14722
23460	-42,59899	30,80257	-42,59899	30,14721
23480	-42,59899	30,14721	-42,59899	30,80258
23500	-42,59899	30,80257	-42,59644	30,80257
23520	-42,59899	31,45792	-42,59899	31,45793
23540	-42,59899	32,11329	-42,59899	31,45793
23560	-42,59899	31,45792	-42,59899	31,45793
23580	-42,59895	32,11328	-42,5989	32,76864
23600	-42,59889	33,424	-42,5989	33,42401
23620	-42,59891	35,3901	-42,5989	35,39011
23640	-42,5989	36,70083	-42,5989	36,04547
23660	-42,59891	37,35619	-42,59891	37,35619
23680	-42,59891	38,01155	-42,5989	37,3562
23700	-42,59891	38,01155	-42,5989	37,35619
23720	-42,59891	38,01155	-42,5989	37,35619
23740	-42,59891	38,01154	-42,5989	37,35618
23760	-42,59891	37,35617	-42,59893	37,35619
23780	-42,59898	38,01156	-42,59898	38,66692
23800	-42,59898	39,32228	-42,59897	39,32229
23820	-42,59897	39,97764	-42,59897	39,32229
23840	-42,59898	39,97765	-42,59897	39,97765
23860	-42,59897	39,97764	-42,59897	39,32228
23880	-42,59898	39,32227	-42,59897	38,66691
23900	-42,59898	39,32227	-42,59899	38,66691
23920	-42,59899	39,32226	-42,59899	39,32226
23940	-42,599	39,97762	-42,599	39,32227
23960	-42,59901	40,63299	-42,599	41,28836
23980	-42,59901	41,94372	-42,59901	41,94372
24000	-42,59901	42,59907	-42,59897	41,94371
24020	-42,59889	43,25443	-42,59886	42,59906
24040	-42,59887	44,56515	-42,59888	45,22053
24060	-42,59888	46,53125	-42,59888	46,53126
24080	-42,59888	47,18662	-42,59888	48,49735
24100	-42,59888	49,80807	-42,59888	50,46342
24120	-42,59889	51,77415	-42,59888	51,77414
24140	-42,59888	51,77413	-42,59888	51,11877
24160	-42,59888	52,42948	-42,59887	52,42948
24180	-42,59888	53,08484	-42,59888	53,08486
24200	-42,59888	53,74022	-42,59887	53,08487
24220	-42,59887	53,74023	-42,59887	53,08487
24240	-42,59887	53,74023	-42,59888	53,08487
24260	-42,59891	53,74023	-42,59891	53,08487
24280	-42,5989	53,74023	-42,5989	53,08487
24300	-42,5989	53,74023	-42,59889	53,08487
24320	-42,59889	53,74023	-42,59889	53,08487
24340	-42,59889	53,74023	-42,59889	53,08487
24360	-42,59889	53,74023	-42,59889	53,08487
24380	-42,59889	53,74023	-42,59888	53,08487
24400	-42,59889	53,74023	-42,59888	53,08487
24420	-42,59889	53,74022	-42,59888	53,08487
24440	-42,59888	53,74022	-42,59888	53,08486
24460	-42,59889	53,74022	-42,59893	53,08487
24480	-42,59896	53,74023	-42,59895	53,08487
24500	-42,59895	53,74023	-42,59894	53,08487
24520	-42,59895	53,74023	-42,59894	53,08487
24540	-42,59894	53,74023	-42,59893	53,08486
24560	-42,59893	53,74022	-42,59893	53,08486
24580	-42,59894	53,74021	-42,59894	53,08484
24600	-42,59895	53,7402	-42,59895	53,08485
24620	-42,59895	53,7402	-42,59895	53,08484
24640	-42,59895	53,7402	-42,59895	53,08484
24660	-42,59896	53,7402	-42,59895	53,08483
24680	-42,59895	53,74019	-42,59895	53,08483
24700	-42,59896	53,08482	-42,59895	52,42946
24720	-42,59895	53,08482	-42,59895	53,08482
24740	-42,59895	53,74018	-42,59895	53,08482
24760	-42,59895	53,74018	-42,59895	53,08482
24780	-42,59896	53,08481	-42,59895	52,42945
24800	-42,59895	53,0848	-42,59895	51,77408
24820	-42,59895	51,77407	-42,59895	51,11871
24840	-42,59895	51,11869	-42,59894	49,80797
24860	-42,59895	50,46332	-42,59894	49,1526
24880	-42,59895	49,80795	-42,59895	49,1526
24900	-42,59895	49,80795	-42,59895	49,80795
24920	-42,59895	49,80795	-42,59895	49,80795
24940	-42,59895	50,46331	-42,59894	49,15259
24960	-42,59897	50,46332	-42,59905	51,77408
24980	-42,59906	53,08481	-42,59904	53,08481
25000	-42,59903	53,74017	-42,59903	53,08482
25020	-42,59903	53,74018	-42,59903	53,08482
25040	-42,59903	53,74018	-42,59903	53,08482
25060	-42,59902	53,74018	-42,59902	53,08483
25080	-42,59902	53,74019	-42,59901	53,08483
25100	-42,59902	53,74019	-42,59902	53,08483
25120	-42,59901	53,7402	-42,59901	53,08484
25140	-42,59902	53,7402	-42,59901	53,08484
25160	-42,59901	53,7402	-42,599	52,42948
25180	-42,59901	51,77411	-42,59901	49,80804
25200	-42,59901	49,15266	-42,59901	47,18658
25220	-42,59902	46,53121	-42,59901	43,90977
25240	-42,59902	42,59904	-42,59903	39,97759
25260	-42,59903	38,66685	-42,59903	36,04541
25280	-42,59901	34,07932	-42,59898	32,7686
25300	-42,59899	32,7686	-42,59899	32,76861
25320	-42,599	34,07934	-42,59899	33,42398
25340	-42,599	35,39006	-42,599	35,39006
25360	-42,599	36,04542	-42,599	36,70079
25380	-42,59901	37,35615	-42,59901	36,70079
25400	-42,59902	38,01151	-42,59901	37,35615
25420	-42,59902	38,66687	-42,59901	38,01152
25440	-42,59902	39,32224	-42,59901	39,32224
25460	-42,59901	39,32223	-42,59901	38,66688
25480	-42,59902	39,9776	-42,59901	38,66689
25500	-42,59901	39,32224	-42,599	40,63297
25520	-42,59901	41,28834	-42,599	41,28834
25540	-42,599	42,59907	-42,599	42,59908
25560	-42,599	43,9098	-42,599	43,90979
25580	-42,59897	43,90978	-42,59891	44,56514
25600	-42,5989	45,22051	-42,59891	46,53124
25620	-42,59891	47,18661	-42,5989	46,53124
25640	-42,5989	47,1866	-42,5989	47,18659
25660	-42,5989	47,84195	-42,5989	47,84196
25680	-42,5989	47,84195	-42,59889	47,84196
25700	-42,59891	48,49731	-42,5989	47,84195
25720	-42,5989	48,4973	-42,5989	47,84195
25740	-42,5989	48,49731	-42,5989	48,49731
25760	-42,5989	49,15267	-42,5989	49,15267
25780	-42,5989	49,80803	-42,5989	49,80803
25800	-42,5989	50,46339	-42,5989	50,46339
25820	-42,59891	51,11875	-42,59891	50,46339
25840	-42,59891	51,77411	-42,59891	51,77412
25860	-42,59892	52,42948	-42,59891	52,42949
25880	-42,59884	52,42947	-42,59872	51,7741
25900	-42,59871	52,42945	-42,59872	53,08485
25920	-42,59872	53,74022	-42,59871	53,08487
25940	-42,59617	53,74023	-42,59871	53,08487
25960	-42,59871	53,74023	-42,5987	53,08487
25980	-42,59869	53,74023	-42,59869	53,08487
26000	-42,59869	53,74023	-42,59868	53,08487
26020	-42,59868	53,74023	-42,59867	53,08487
26040	-42,59868	53,74023	-42,59867	53,08487
26060	-42,59868	53,74023	-42,59867	53,08487
26080	-42,59868	53,74023	-42,59868	53,08487
26100	-42,59869	53,74023	-42,59868	53,08487
26120	-42,5986	53,74023	-42,59845	53,08487
26140	-42,59841	53,74023	-42,59842	53,08487
26160	-42,59842	53,74023	-42,59841	53,08487
26180	-42,59841	53,74023	-42,59841	53,08487
26200	-42,59841	53,74023	-42,5984	53,08487
26220	-42,59841	53,74023	-42,59841	53,08487
26240	-42,59841	53,74023	-42,59842	53,08487
26260	-42,59842	53,74023	-42,59842	53,08487
26280	-42,59843	53,74023	-42,59843	53,08487
26300	-42,59843	53,74023	-42,59843	53,08487
26320	-42,59843	53,74023	-42,59843	53,08487
26340	-42,59843	53,74023	-42,59843	53,08487
26360	-42,59843	53,74023	-42,59843	53,08487
26380	-42,59843	53,74023	-42,59843	53,08487
26400	-42,59845	53,74023	-42,59845	53,08487
26420	-42,59846	53,74023	-42,59846	53,08487
26440	-42,59847	53,74023	-42,59847	53,08487
26460	-42,59847	53,74023	-42,59849	53,08487
26480	-42,59855	53,74023	-42,59855	53,08487
26500	-42,59855	53,74023	-42,59855	53,08487
26520	-42,59856	53,74023	-42,59856	53,08487
26540	-42,59856	53,74023	-42,59856	53,08487
26560	-42,59857	53,74023	-42,59857	53,08487
26580	-42,59857	53,74023	-42,59857	53,08487
26600	-42,59857	53,74023	-42,59857	53,08487
26620	-42,59857	53,74023	-42,59856	53,08487
26640	-42,59857	53,74023	-42,59857	53,08487
26660	-42,59857	53,74023	-42,59856	53,08487
26680	-42,59857	53,74023	-42,59857	53,08487
26700	-42,59857	53,74023	-42,59856	53,08487
26720	-42,59857	53,74023	-42,59857	53,08487
26740	-42,59857	53,74023	-42,59857	53,08487
26760	-42,59857	53,74023	-42,59857	53,08487
26780	-42,59858	53,74023	-42,59857	53,08487
26800	-42,59857	53,74023	-42,59857	53,08487
26820	-42,59857	53,74023	-42,59857	53,08487
26840	-42,59857	53,74023	-42,59857	53,08487
26860	-42,59857	53,74023	-42,59856	53,08487
26880	-42,59855	53,74023	-42,59849	53,08487
26900	-42,59848	53,74023	-42,59849	53,08487
26920	-42,59849	53,74023	-42,59849	53,08487
26940	-42,59849	53,74023	-42,59849	53,08487
26960	-42,5985	53,74023	-42,5985	53,08487
26980	-42,59851	53,74023	-42,59851	53,08487
27000	-42,59851	53,74023	-42,59851	53,08487
27020	-42,59851	53,74023	-42,5985	53,08487
27040	-42,59851	53,74023	-42,59851	53,08487
27060	-42,59851	53,74023	-42,5985	53,08487
27080	-42,59851	53,74023	-42,59851	53,08487
27100	-42,59851	53,74023	-42,59851	53,08487
27120	-42,59851	53,74023	-42,59851	53,08487
27140	-42,59851	53,74023	-42,59851	53,08487
27160	-42,59851	53,74023	-42,59851	53,08487
27180	-42,5985	53,74023	-42,5985	53,08487
27200	-42,5985	53,74023	-42,5985	53,08487
27220	-42,5985	53,74023	-42,59849	53,08487
27240	-42,59849	53,74023	-42,59838	53,08487
27260	-42,59832	53,74023	-42,59833	53,08487
27280	-42,59834	53,74023	-42,59834	53,08487
27300	-42,59834	53,74023	-42,59834	53,08487
27320	-42,59835	53,74023	-42,59835	53,08487
27340	-42,59835	53,74023	-42,59835	53,08487
27360	-42,59835	53,74023	-42,59834	53,08487
27380	-42,59834	53,74023	-42,59834	53,08487
27400	-42,59833	53,74023	-42,59833	53,08487
27420	-42,59832	53,74023	-42,59831	53,08487
27440	-42,59832	53,74023	-42,59831	53,08487
27460	-42,59831	53,74023	-42,59831	53,08487
27480	-42,59829	53,74023	-42,59819	53,08487
27500	-39,97667	53,74023	-40,63202	53,08487
27520	-41,28739	53,74023	-40,63203	53,08487
27540	-40,63203	53,74023	-40,63203	53,08487
27560	-40,63203	53,74023	-40,63202	53,08487
27580	-40,63202	53,74023	-40,63202	53,08487
27600	-39,97666	53,74023	-40,63202	53,08487
27620	-39,97667	53,74023	-39,97412	53,08487
27640	-39,97667	53,74023	-39,97667	53,08487
27660	-39,97667	53,74023	-40,63203	53,08487
27680	-40,63204	53,74023	-40,63203	53,08487
27700	-40,63203	53,74023	-40,63203	53,08487
27720	-40,63203	53,74023	-40,63201	53,08487
27740	-40,63202	53,74023	-42,59814	53,08487
27760	-42,59816	53,74023	-42,59815	53,08487
27780	-42,59815	53,74023	-42,59815	53,08487
27800	-42,59815	53,74023	-42,59813	53,08487
27820	-42,59813	53,74023	-42,59812	53,08487
27840	-42,59812	53,74023	-42,59811	53,08487
27860	-42,59811	53,74023	-42,59811	53,08487
27880	-42,5981	53,74023	-42,5981	53,08487
27900	-42,5981	53,74023	-42,5981	53,08487
27920	-42,5981	53,74023	-42,5981	53,08487
27940	-42,5981	53,74023	-42,5981	53,08487
27960	-42,59811	53,74023	-42,59811	53,08487
27980	-42,59811	53,74023	-42,59811	53,08487
28000	-42,59812	53,74023	-42,59813	53,08487
28020	-42,59813	53,74023	-42,59813	53,08487
28040	-42,59814	53,74023	-42,59814	53,08487
28060	-42,59815	53,74023	-42,59815	53,08487
28080	-42,59816	53,74023	-42,59816	53,08487
28100	-42,59816	53,74023	-42,59816	53,08487
28120	-42,59817	53,74023	-42,59816	53,08487
28140	-42,59817	53,74023	-42,59816	53,08487
28160	-42,59817	53,74023	-38,66595	53,08487
28180	-36,04446	53,74023	-37,35518	53,08487
28200	-36,69983	53,74023	-36,69982	53,08487
28220	-36,69983	53,74023	-36,69982	53,08487
28240	-36,69982	53,74023	-36,69982	53,08487
28260	-36,69983	53,74023	-36,69982	53,08487
28280	-37,35518	53,74023	-36,69981	53,08487
28300	-37,35518	53,74023	-37,35517	53,08487
28320	-37,35518	53,74023	-37,35518	53,08487
28340	-37,35517	53,74023	-37,35517	53,08487
28360	-37,35517	53,74023	-37,35517	53,08487
28380	-37,35517	53,74023	-37,35517	53,08487
28400	-36,69981	53,74023	-36,69981	53,08487
28420	-36,69981	53,74023	-36,04445	53,08487
28440	-36,04445	53,74023	-35,38908	53,08487
28460	-34,73372	53,74023	-34,73372	53,08487
28480	-34,07837	53,74023	-34,07836	53,08487
28500	-34,07836	53,74023	-34,07835	53,08487
28520	-33,42299	53,74023	-28,18004	53,08487
28540	-24,24781	53,74023	-24,24779	53,08487
28560	-24,90316	53,74023	-25,55851	53,08487
28580	-25,55851	53,74023	-25,55851	53,08487
28600	-25,55852	53,74023	-26,21387	53,08487
28620	-26,86924	53,74023	-26,86924	53,08487
28640	-27,5246	53,74023	-27,52461	53,08487
28660	-27,52461	53,74023	-27,52462	53,08487
28680	-28,17999	53,74023	-28,18	53,08487
28700	-23,59244	53,74023	-13,10652	53,08487
28720	-9,82966	53,74023	-11,14038	53,08487
28740	-12,45113	53,74023	-12,45114	53,08487
28760	-11,79579	53,74023	-11,79578	53,08487
28780	-11,79578	53,74023	-12,45114	53,08487
28800	-13,1065	53,74023	-13,76185	53,08487
28820	-13,76186	53,74023	-15,07257	53,08485
28840	-15,07258	53,74019	-15,72794	53,08482
28860	-16,38332	53,74015	-17,03868	53,08477
28880	-18,34943	53,7401	-19,66016	53,08472
28900	-20,97091	53,74006	-22,93702	53,08468
28920	-24,24777	53,74001	-25,55851	49,80784
28940	-26,2139	47,18638	-22,28169	46,53101
28960	-21,62631	44,56491	-22,93705	42,59883
28980	-23,59244	40,63275	-24,90317	38,66667
29000	-25,55855	38,01129	-26,21391	36,70057
29020	-26,86929	35,38984	-27,52466	34,07912
29040	-27,52467	34,07911	-27,52467	33,42374
29060	-27,52467	32,76837	-28,18003	32,113
29080	-28,18004	32,76836	-28,8354	32,113
29100	-28,83541	32,11299	-29,49077	30,14691
29120	-30,14614	30,1469	-30,8015	29,49154
29140	-30,80151	30,1469	-31,45687	29,49153
29160	-35,38908	30,14689	-42,59815	30,80227
29180	-42,59822	30,80226	-42,59822	30,80226
29200	-42,59822	32,11297	-42,59823	31,45761
29220	-42,59823	32,11296	-42,59823	30,80225
29240	-42,59824	31,4576	-42,59824	30,80224
29260	-42,59825	30,80223	-42,59824	29,4915
29280	-42,59826	30,14686	-42,59826	28,83613
29300	-42,59827	28,18076	-42,59827	26,87004
29320	-42,59829	26,21468	-42,5983	25,55932
29340	-42,59831	24,90396	-42,59832	24,90397
29360	-42,59833	24,90397	-42,59833	24,24861
29380	-42,59835	24,24861	-42,59835	23,59325
29400	-42,59835	24,24861	-42,59835	22,93788
29420	-42,59835	24,24859	-42,59835	23,59324
29440	-42,59835	23,59323	-42,59835	23,59323
29460	-42,59835	24,24859	-42,59835	23,59323
29480	-42,59835	23,59322	-42,59835	22,93786
29500	-42,59835	23,59322	-42,59835	22,93786
29520	-42,59835	22,93786	-42,59835	22,93786
29540	-42,59836	22,93785	-42,59836	22,2825
29560	-42,59837	22,93786	-42,59836	22,93787
29580	-42,59837	22,93787	-42,59837	22,28251
29600	-42,59837	22,28251	-42,59837	20,97179
29620	-42,59838	20,97178	-42,59838	20,97179
29640	-42,59838	20,97178	-42,59838	20,31643
29660	-42,59837	20,31642	-42,59837	19,66106
29680	-42,59837	20,3164	-42,59836	20,31641
29700	-42,59836	20,97176	-42,59835	21,62713
29720	-42,59835	22,28248	-42,59835	22,93785
29740	-42,59836	23,5932	-42,59835	23,5932
29760	-42,59832	24,24855	-30,14629	22,93781
29780	-22,28182	22,28242	-22,2818	22,93778
29800	-22,93719	24,24852	-22,93718	22,9378
29820	-22,28183	22,93779	-22,28183	22,93779
29840	-22,28184	24,24851	-22,28184	24,24852
29860	-22,9372	24,24851	-22,93719	24,24851
29880	-23,59255	24,90386	-24,24791	24,2485
29900	-23,59255	26,21457	-24,2479	25,55921
29920	-23,59254	26,21457	-22,93717	26,21457
29940	-22,28181	26,21456	-22,93716	25,5592
29960	-22,2818	26,86992	-22,2818	26,21457
29980	-22,2818	26,86992	-22,2818	25,5592
30000	-22,28181	24,90383	-22,2818	23,59311
30020	-22,28181	21,62701	-22,93717	20,31629
30040	-22,93717	20,97165	-23,59253	20,97166
30060	-24,24791	20,97166	-24,90326	21,62702
30080	-25,55863	22,28238	-26,21398	23,59311
30100	-26,21399	24,90384	-26,21399	24,90385
30120	-26,21399	25,5592	-26,86935	25,55921
30140	-26,86935	26,21457	-26,86935	24,90385
30160	-26,86936	25,55921	-26,86936	25,55922
30180	-26,86937	26,21458	-27,52472	25,55923
30200	-28,18009	25,55922	-28,83544	24,2485
30220	-28,83545	23,59313	-29,4908	23,59313
30240	-30,14616	24,24849	-31,45688	23,59314
30260	-32,7676	24,90386	-33,42295	24,90387
30280	-33,42295	25,55923	-33,42294	26,2146
30300	-33,42295	26,86996	-34,0783	26,86997
30320	-34,0783	28,1807	-34,73366	28,1807
30340	-34,0783	28,83607	-34,0783	27,52535
30360	-34,73366	28,18071	-34,73366	27,52535
30380	-35,38902	27,52535	-35,38902	26,86999
30400	-36,04439	27,52535	-36,04438	26,21463
30420	-36,69975	26,86999	-36,04438	26,87
30440	-36,69973	26,87	-36,69973	26,87
30460	-36,69973	26,86999	-36,69973	26,21463
30480	-36,69972	26,86998	-36,69972	26,21463
30500	-36,69972	26,86998	-36,69971	26,21462
30520	-36,69971	26,86998	-36,04434	26,86998
30540	-36,6997	27,52534	-36,6997	26,86997
30560	-37,35506	27,52533	-37,35505	26,86997
30580	-38,01042	26,86997	-38,66577	26,86998
30600	-38,66577	27,52533	-38,66577	26,86998
30620	-39,32113	27,52535	-39,32113	26,86999
30640	-39,32113	27,52535	-39,97649	26,86999
30660	-39,97649	27,52536	-39,97649	26,21464
30680	-39,97649	27,52535	-40,63185	26,87
30700	-40,63185	26,87	-39,97648	26,21464
30720	-39,97649	26,86999	-39,97648	26,21464
30740	-39,32112	26,86999	-39,32111	26,21463
30760	-39,32112	26,21463	-38,66575	26,21464
30780	-38,66576	25,55927	-38,66575	24,90391
30800	-38,66576	24,90391	-38,66576	23,59318
30820	-38,66576	24,24854	-38,0104	25,55929
30840	-38,0104	26,21466	-38,0104	24,90394
30860	-37,35505	25,5593	-37,35505	25,5593
30880	-37,35505	25,5593	-36,69969	24,90395
30900	-36,04433	25,55931	-36,04432	25,55931
30920	-35,38896	25,5593	-35,38896	25,5593
30940	-35,38895	25,55931	-35,38895	25,55931
30960	-35,38895	24,90394	-36,04431	24,24858
30980	-35,38895	24,24858	-35,38894	23,59322
31000	-35,38895	24,24858	-35,38894	22,93786
31020	-34,07821	23,59321	-32,11207	22,93786
31040	-31,45671	23,59322	-31,45672	22,93787
31060	-30,80136	24,24859	-31,45671	24,2486
31080	-31,45672	24,90396	-31,45671	24,2486
31100	-30,80135	24,2486	-31,45671	22,93787
31120	-31,45672	23,59322	-31,45672	23,59323
31140	-31,45672	24,24858	-31,45671	23,59323
31160	-31,45673	24,24858	-31,45672	22,93787
31180	-30,80137	22,93786	-30,146	22,93786
31200	-29,49064	22,28249	-30,146	21,62713
31220	-42,59785	20,97176	-29,49064	20,97177
31240	-28,83528	20,97176	-28,17991	20,3164
31260	-28,17991	20,97176	-28,17991	20,97177
31280	-27,52456	22,28249	-27,52455	22,93785
31300	-26,86919	23,59321	-26,21382	23,59322
31320	-26,21383	24,90394	-26,21383	25,55931
31340	-25,55847	26,21467	-25,55847	25,55931
31360	-25,55848	26,21467	-25,55848	25,55932
31380	-24,90312	26,21467	-24,90312	25,55931
31400	-24,24777	26,87003	-24,24777	26,21467
31420	-24,24777	27,5254	-24,90314	27,52541
31440	-24,24777	28,83613	-24,24778	29,4915
31460	-23,59242	30,80222	-23,59241	31,45759
31480	-22,93706	32,11296	-22,93705	32,76832
31500	-22,28169	34,07905	-22,28169	35,38978
31520	-21,62633	36,7005	-20,97096	37,35588
31540	-24,2478	38,66661	-33,42299	40,63275
31560	-42,59818	42,59889	-42,59831	43,90964
31580	-42,59835	49,15256	-42,59834	52,4294
31600	-42,59834	53,74014	-42,59834	53,0848
31620	-42,59834	53,74018	-42,59833	53,08484
31640	-42,59834	53,74021	-42,59833	53,08487
31660	-42,59834	53,74023	-42,59833	53,08487
31680	-42,59833	53,74023	-42,59832	53,08487
31700	-42,59832	53,74023	-42,59836	53,08487
31720	-42,59858	53,74023	-42,5988	53,08487
31740	-42,59891	53,74023	-42,5989	53,08487
31760	-42,59889	53,74023	-42,59889	53,08487
31780	-42,59889	53,74023	-42,59888	53,08487
31800	-42,59888	53,74023	-42,59887	53,08487
31820	-42,59887	53,74023	-42,59887	53,08487
31840	-42,59887	53,74023	-42,59887	53,08487
31860	-42,59887	53,74023	-42,59887	53,08487
31880	-42,59888	53,74023	-42,59888	53,08487
31900	-42,59896	53,74023	-42,59905	53,08487
31920	-42,59909	53,74023	-42,59909	53,08487
31940	-42,5991	53,74023	-42,5991	53,08487
31960	-42,59911	53,74023	-42,59911	53,08487
31980	-42,59911	53,74023	-42,59911	53,08487
32000	-42,59912	53,74023	-42,59911	53,08487
32020	-42,59912	53,74023	-42,59912	53,08487
32040	-42,59913	53,74023	-42,59913	53,08487
32060	-42,59913	53,74023	-42,59913	53,08487
32080	-42,59914	53,74023	-42,59913	53,08487
32100	-42,59914	53,74023	-42,59914	53,08487
32120	-42,59914	53,74023	-42,59914	53,08487
32140	-42,59914	53,74023	-42,59914	53,08487
32160	-42,59914	53,74023	-42,59913	53,08487
32180	-42,59913	53,74023	-42,59913	53,08487
32200	-42,59913	53,74023	-42,59913	53,08487
32220	-42,59914	53,74023	-42,59913	53,08487
32240	-42,59913	53,74023	-42,59913	53,08487
32260	-42,59913	53,74023	-42,59913	53,08487
32280	-42,59913	53,74023	-42,59913	53,08487
32300	-42,59913	53,74023	-42,59913	53,08487
32320	-42,59913	53,74023	-42,59912	53,08487
32340	-42,59912	53,74023	-42,59913	53,08487
32360	-42,59915	53,74023	-42,59915	53,08487
32380	-42,59915	53,74023	-42,59915	53,08487
32400	-42,59915	53,74023	-42,59915	53,08487
32420	-42,59915	53,74023	-42,59915	53,08487
32440	-42,59915	53,74023	-42,59915	53,08487
32460	-42,59915	53,74023	-42,59915	53,08487
32480	-42,59915	53,74023	-42,59915	53,08487
32500	-42,59915	53,74023	-42,59915	53,08487
32520	-42,59915	53,08487	-42,59915	51,77415
32540	-42,59915	51,77415	-42,59915	51,77415
32560	-42,59915	51,11879	-42,59915	50,46343
32580	-42,59915	51,11879	-42,59915	51,11879
32600	-42,59915	51,11879	-42,59915	49,80807
32620	-42,59915	50,46343	-42,59915	49,80807
32640	-42,59915	50,46343	-42,59915	49,80807
32660	-42,59915	50,46343	-42,59915	50,46343
32680	-42,59915	50,46343	-42,59915	50,46343
32700	-42,59915	51,11879	-42,59915	50,46343
32720	-42,59915	51,11879	-42,59915	50,46343
32740	-42,59915	51,11879	-42,59915	50,46343
32760	-42,59915	51,11879	-42,59915	51,11879
32780	-42,59915	51,77415	-42,59915	51,77415
32800	-42,59915	52,42951	-42,59915	52,42951
32820	-42,59915	53,08487	-42,59915	52,42951
32840	-42,59915	52,42951	-42,59915	51,77415
32860	-42,59915	52,42951	-42,59915	51,77415
32880	-42,59915	51,77415	-42,59915	51,77415
32900	-42,59915	52,42951	-42,59915	51,77415
32920	-42,59915	51,77415	-42,59915	51,11879
32940	-42,59915	50,46343	-42,59915	49,15271
32960	-42,59915	48,49735	-42,59915	47,84199
32980	-42,59915	47,84199	-42,59915	46,53127
33000	-42,59915	46,53127	-42,59915	45,22055
33020	-42,59915	45,87591	-42,59915	45,22055
33040	-42,59915	45,22055	-42,59915	44,56519
33060	-42,59915	45,87591	-42,59915	45,22055
33080	-42,59915	45,87591	-42,59915	45,87591
33100	-42,59915	47,18663	-42,59915	46,53127
33120	-42,59915	45,87591	-42,59915	45,22055
33140	-42,59915	46,53127	-42,59915	45,22055
33160	-42,59915	45,22055	-42,59915	44,56519
33180	-42,59915	45,22055	-42,59915	43,90983
33200	-42,59915	44,56519	-42,59915	43,90983
33220	-42,59915	44,56519	-42,59915	44,56519
33240	-42,59915	44,56519	-42,59915	44,56519
33260	-42,59915	44,56519	-42,59915	44,56519
33280	-42,59915	45,22055	-42,59915	44,56519
33300	-42,59915	45,87591	-42,59915	45,87591
33320	-42,59915	46,53127	-42,59915	45,87591
33340	-42,59915	46,53127	-42,59915	45,87591
33360	-42,59915	45,87591	-42,59915	45,87591
33380	-42,59915	45,87591	-42,59915	45,87591
33400	-42,59915	46,53127	-42,59915	45,87591
33420	-42,59915	46,53127	-42,59911	46,53127
33440	-42,59911	47,84199	-42,59911	47,84199
33460	-42,59911	48,49735	-42,59911	48,49735
33480	-42,59911	49,15271	-42,5991	49,15271
33500	-42,59911	49,15271	-42,5991	49,15271
33520	-42,59911	49,80807	-42,59911	49,15271
33540	-42,59911	49,80807	-42,59911	49,15271
33560	-42,59912	49,80807	-42,59912	49,15271
33580	-42,59912	50,46343	-42,59912	49,80807
33600	-42,59912	50,46343	-42,59912	49,80807
33620	-42,59913	50,46343	-42,59912	49,15271
33640	-42,59901	51,11879	-42,59893	51,11879
33660	-42,59893	51,77415	-42,59893	51,11879
33680	-42,59894	51,11879	-42,59893	50,46343
33700	-42,59893	50,46343	-42,59893	49,80807
33720	-42,59893	50,46343	-42,59893	49,80807
33740	-42,59893	51,11879	-42,59893	50,46343
33760	-42,59893	51,11879	-42,59893	51,11879
33780	-42,59894	51,11879	-42,59893	50,46343
33800	-42,59894	51,11879	-42,59893	50,46343
33820	-42,59894	51,11879	-42,59894	51,11879
33840	-42,59894	51,11879	-42,59894	51,11879
33860	-42,59894	51,77415	-42,59893	51,11879
33880	-42,59894	51,77415	-42,59894	51,11879
33900	-42,59894	51,77415	-42,59894	51,11879
33920	-42,59894	51,77415	-42,59894	51,11879
33940	-42,59894	51,77415	-42,59894	51,11879
33960	-42,59894	51,11879	-42,59893	50,46343
33980	-42,59893	50,46343	-42,59893	49,80807
34000	-42,59894	49,80807	-42,59893	49,15271
34020	-42,59894	49,15271	-42,59893	47,84199
34040	-42,59894	47,18663	-42,59894	46,53127
34060	-42,59892	47,18663	-42,59884	46,53127
34080	-42,59882	46,53127	-42,59883	46,53127
34100	-42,59883	47,84199	-42,59883	47,84199
34120	-42,59883	48,49735	-42,59882	47,84199
34140	-42,59882	49,15271	-42,59881	49,15271
34160	-42,59882	49,80807	-42,59882	49,15271
34180	-42,59882	49,80807	-42,59882	48,49735
34200	-42,59882	49,15271	-42,59882	47,84199
34220	-42,59883	48,49735	-42,59882	47,84199
34240	-42,59882	48,49735	-42,59882	48,49735
34260	-42,59882	48,49735	-42,59881	48,49735
34280	-42,59882	49,15271	-42,59881	49,15271
34300	-42,59881	49,80807	-42,59879	48,49734
34320	-42,59876	48,49733	-42,59875	47,18661
34340	-42,59875	48,49734	-42,59875	47,84198
34360	-42,59875	47,84197	-42,59875	47,18661
34380	-42,59875	47,84197	-42,59875	46,53125
34400	-42,59875	47,18661	-42,59874	46,53125
34420	-42,59875	47,18661	-42,59875	46,53126
34440	-42,59875	46,53125	-42,59874	46,53125
34460	-42,59874	46,53125	-42,59875	46,53126
34480	-42,59875	47,18662	-42,59874	46,53126
34500	-42,59875	47,18661	-42,59874	46,53126
34520	-42,59872	47,1866	-42,59859	47,1866
34540	-42,5985	47,18658	-42,59849	47,84195
34560	-42,5985	49,80804	-42,59851	50,46342
34580	-42,59851	51,77414	-42,59851	51,77414
34600	-42,59852	51,77414	-42,59852	51,11877
34620	-42,59853	51,77412	-42,59853	51,11875
34640	-42,59854	51,11873	-42,59854	50,46337
34660	-42,59855	50,46336	-42,59856	49,80799
34680	-42,59857	49,80799	-42,59857	48,49726
34700	-42,59858	49,15261	-42,59858	47,84189
34720	-42,59858	48,49724	-42,59853	47,84188
34740	-42,59842	49,80795	-42,59838	49,15259
34760	-42,5984	49,80795	-42,5984	48,49723
34780	-42,59841	49,15259	-42,5984	48,49724
34800	-42,59841	48,49724	-42,59841	47,84188
34820	-42,59841	48,49723	-42,59841	47,84187
34840	-42,59841	48,49723	-42,59841	47,84187
34860	-42,59841	49,15258	-42,59841	48,49723
34880	-42,59841	49,15259	-42,59841	48,49723
34900	-42,59841	49,15258	-42,5984	48,49723
34920	-42,59841	48,49722	-42,5984	47,84186
34940	-42,59841	48,49722	-42,5984	47,1865
34960	-42,5984	47,84186	-42,59841	47,84186
34980	-42,59841	48,49722	-42,5984	47,84186
35000	-42,5984	47,84186	-42,5984	47,84187
35020	-42,5984	47,18651	-42,5984	46,53115
35040	-42,5984	47,1865	-42,59839	45,87578
35060	-39,9769	45,87577	-37,35541	45,22039
35080	-37,3554	45,2204	-38,01075	45,22041
35100	-37,3554	45,22041	-37,3554	44,56505
35120	-37,3554	45,2204	-38,01075	43,90969
35140	-38,01075	43,90968	-38,01075	43,25432
35160	-38,66611	43,90968	-38,66611	42,59896
35180	-38,66611	43,25433	-38,66611	42,59897
35200	-38,66611	42,59896	-38,66611	41,9436
35220	-38,66611	42,59896	-39,32146	41,9436
35240	-39,32146	41,9436	-39,32146	41,94361
35260	-39,32146	41,9436	-39,32146	40,63288
35280	-38,66611	40,63288	-38,66611	40,63288
35300	-38,66612	40,63287	-39,32147	39,97752
35320	-39,32148	39,97752	-39,32148	39,32216
35340	-39,32147	39,32215	-39,97684	39,32215
35360	-39,97684	39,97752	-39,97684	39,32216
35380	-39,97684	39,32215	-39,97683	38,01143
35400	-39,97684	38,01143	-39,97683	38,01143
35420	-39,97684	38,01143	-40,6322	37,35607
35440	-40,6322	37,35607	-40,6322	36,70071
35460	-42,59831	38,01144	-42,5984	38,66683
35480	-42,59843	38,66683	-42,59843	38,66683
35500	-42,59843	39,97756	-42,59843	39,97756
35520	-42,59843	39,97755	-42,59843	39,32219
35540	-42,59843	39,32218	-42,59843	38,01146
35560	-42,59843	38,66682	-42,59842	37,3561
35580	-42,59843	36,70074	-42,59843	36,04537
35600	-42,59843	36,70074	-42,59843	36,70074
35620	-42,59843	37,3561	-42,59843	36,70074
35640	-42,59843	38,01146	-42,59843	36,70074
35660	-42,59843	36,70074	-42,59843	36,70074
35680	-42,59843	37,3561	-42,59843	36,70075
35700	-42,59843	37,3561	-42,59843	36,70075
35720	-42,59843	36,70074	-42,59843	36,04538
35740	-42,59843	36,70074	-42,59843	36,04538
35760	-42,59843	36,70074	-42,59843	35,39002
35780	-42,59843	36,04537	-42,59842	34,73466
35800	-42,59843	35,39001	-42,59843	34,73465
35820	-42,59843	35,39001	-42,59842	34,73465
35840	-42,59842	35,39001	-42,59842	34,73465
35860	-42,59842	35,39001	-42,59838	34,73465
35880	-42,59833	35,39001	-42,59832	34,73465
35900	-42,59834	36,04538	-42,59833	36,70075
35920	-42,59834	37,35611	-42,59834	38,01149
35940	-42,59835	39,3222	-42,59834	38,66686
35960	-42,59835	39,32222	-42,59835	39,32222
35980	-42,59835	39,97758	-42,59835	37,35613
36000	-42,59835	35,39002	-42,59835	34,73464
36020	-42,59835	35,39	-42,59835	36,04538
36040	-42,59835	36,70075	-42,59835	37,35611
36060	-42,59835	38,01147	-42,59835	38,01148
36080	-42,59835	38,66684	-42,59834	39,32221
36100	-42,59834	39,97757	-42,59834	39,97757
36120	-42,59835	40,63293	-42,59834	39,97758
36140	-42,59835	39,97757	-42,59834	39,32221
36160	-42,59835	39,97757	-42,59834	39,32221
36180	-42,59835	39,97757	-42,59834	39,97757
36200	-42,59835	39,97757	-42,59835	39,32221
36220	-42,59835	39,97757	-42,59829	39,32221
36240	-38,01069	39,97755	-37,3553	39,97755
36260	-38,01068	41,28828	-38,66603	41,94365
36280	-38,01068	43,25437	-38,01067	43,25438
36300	-38,01068	43,90974	-38,01067	43,25439
36320	-38,01068	43,90973	-38,66604	43,25438
36340	-38,66604	43,90973	-38,66604	43,25437
36360	-38,66604	43,25437	-38,66604	43,25437
36380	-38,66605	43,25437	-39,3214	42,59901
36400	-38,66604	43,25437	-39,3214	42,599
36420	-39,32141	42,599	-39,3214	42,59901
36440	-39,32141	42,599	-39,32141	42,599
36460	-39,32142	42,59901	-40,63215	43,25437
36480	-40,63217	43,25438	-41,28753	43,90975
36500	-40,63218	44,56511	-41,28753	44,56512
36520	-40,63218	45,22049	-41,28755	45,2205
36540	-41,28754	45,22049	-40,63218	45,2205
36560	-40,63218	45,2205	-41,28754	44,56513
36580	-41,28754	44,56512	-41,28754	43,90977
36600	-41,28754	44,56512	-41,28753	43,90977
36620	-41,28754	44,56513	-41,28754	44,56512
36640	-41,28754	44,56512	-41,28754	44,56512
36660	-41,28754	45,22048	-41,28754	44,56512
36680	-40,63218	45,22047	-36,0446	45,22047
36700	-33,42311	45,22047	-33,4231	45,22047
36720	-33,42311	45,22047	-33,42311	44,56511
36740	-33,42311	45,22047	-33,42311	44,56511
36760	-33,42311	45,22047	-33,42311	43,90975
36780	-33,42311	44,5651	-33,42311	43,90974
36800	-33,42311	43,90973	-33,42311	43,25438
36820	-33,42311	43,25437	-33,42311	43,25437
36840	-33,42311	42,599	-30,14627	43,25437
36860	-24,24793	44,56509	-22,93718	43,90972
36880	-23,59255	44,56509	-22,93719	44,56509
36900	-22,93719	45,22046	-22,93718	43,90973
36920	-22,93718	44,56509	-22,93717	44,56519
36940	-22,93718	44,56509	-22,93718	44,56509
36960	-23,59254	44,56509	-24,24789	43,25436
36980	-24,24789	39,32216	-24,90325	35,38995
37000	-25,55862	35,38994	-25,55862	35,38995
37020	-24,90326	36,04531	-24,90325	36,70068
37040	-23,59254	53,74005	-22,28181	38,01142
37060	-15,07274	39,32214	-11,14049	38,66678
37080	-11,14048	39,32214	-11,14048	39,32215
37100	-11,14049	39,97751	-11,79584	39,32215
37120	-11,14049	39,97767	-11,14048	38,66679
37140	-11,14049	39,32214	-11,14048	38,66679
37160	-11,14049	38,66678	-11,14049	38,66679
37180	-11,14049	39,32214	-11,79584	38,66679
37200	-11,79585	39,32214	-11,79585	39,32215
37220	-9,82974	39,9775	-4,58677	38,66677
37240	-1,96529	39,32212	-1,96528	39,32212
37260	-1,96529	39,97749	-1,96528	39,97749
37280	-1,96528	41,28821	-1,96528	40,63285
37300	-1,96529	41,28821	-1,96528	40,63285
37320	-1,30992	41,94358	-1,96528	41,28822
37340	-1,96528	41,94358	-1,30992	41,94359
37360	-1,30992	41,94358	-1,30991	41,94359
37380	-1,30991	42,59895	-1,30991	42,59895
37400	-0,65455	42,59895	-0,65455	41,94358
37420	-0,65455	42,59894	-0,65454	42,59895
37440	-0,65454	43,2543	0,00081999999999738	42,59911
37460	7,20988	41,28821	17,69582	39,32211
37480	23,59416	38,66674	23,59418	38,66674
37500	22,93881	39,97747	22,93881	39,97748
37520	23,59417	39,97747	23,59418	39,32211
37540	23,59418	39,97746	23,59418	39,32211
37560	24,24954	39,3221	24,24954	38,66674
37580	25,56026	38,66673	25,56026	38,01137
37600	26,21562	38,66673	26,21562	37,35601
37620	26,87098	38,01136	26,21563	37,356
37640	26,87099	36,70064	26,21563	36,04528
37660	25,56027	36,70064	26,21564	36,04529
37680	26,21564	36,04528	25,56028	35,38992
37700	25,56028	36,04528	25,56029	34,73456
37720	25,56029	36,04527	26,21566	34,73455
37740	26,21566	35,38991	26,21567	34,73455
37760	25,56031	36,04526	26,21568	35,38991
37780	26,21568	36,04527	26,87105	36,04527
37800	26,21569	36,70063	26,21569	36,70063
37820	25,56033	36,70062	25,56033	36,70062
37840	24,90496	36,7006	20,97274	37,35595
37860	19,66197	38,66665	19,66195	38,01126
37880	19,66192	38,66661	19,00653	38,66661
37900	19,66186	38,6666	19,66183	38,01124
37920	19,00644	38,01122	19,00643	36,70051
37940	19,00641	37,35586	19,00639	36,04515
37960	18,35101	35,38979	17,69563	34,07908
37980	17,04026	34,07908	16,3849	32,76837
38000	16,38489	32,76838	15,72952	31,45766
38020	15,72952	31,45766	15,72951	30,80231
38040	15,72951	30,80231	15,72953	30,80232
38060	15,72953	30,80232	15,72955	30,80232
38080	16,38491	31,45768	15,72957	31,45769
38100	15,72957	32,11304	15,72959	32,11304
38120	16,38495	32,76839	16,38496	32,76839
38140	17,04033	34,07911	16,38497	33,42376
38160	17,04033	33,42375	17,04033	33,42375
38180	17,04032	33,42375	17,04032	32,76839
38200	17,04032	33,42375	17,04032	32,7684
38220	17,0403	32,76839	17,0403	32,7684
38240	17,0403	32,11303	17,0403	30,80232
38260	17,04029	31,45767	17,0403	30,14695
38280	17,69566	30,80231	17,69567	30,14695
38300	18,35103	31,45767	18,35103	30,80231
38320	19,00639	30,80231	18,35104	30,80232
38340	18,35104	30,80231	19,0064	30,80231
38360	19,0064	31,45767	19,00641	31,45767
38380	18,35104	32,11303	19,00641	32,11304
38400	19,0064	32,7684	18,35104	32,11304
38420	17,69568	32,11304	19,0064	32,11304
38440	19,0064	32,11303	19,0064	32,11304
38460	19,0064	32,11304	18,35105	31,45768
38480	19,0064	32,11304	19,00641	31,45768
38500	19,00641	32,11304	19,00641	31,45768
38520	19,00641	31,45767	19,00641	31,45768
38540	19,00641	31,45767	19,00642	30,80231
38560	19,00642	31,45767	19,00642	30,80231
38580	19,66178	30,8023	19,66179	30,8023
38600	19,00643	30,80231	19,6618	30,14694
38620	19,6618	30,8023	19,6618	29,49157
38640	19,6618	29,49157	19,66181	28,83621
38660	19,66181	29,49156	20,31717	27,52548
38680	20,31717	28,18084	20,31718	27,52548
38700	20,31717	27,52547	20,31718	26,87011
38720	20,97253	26,87009	20,31717	25,55937
38740	20,97253	25,55937	20,97253	24,24864
38760	20,97253	24,24863	20,97253	22,93791
38780	20,97253	23,59325	20,97253	22,28253
38800	20,97253	22,28253	21,62789	21,62717
38820	21,62789	21,62716	21,62789	20,31644
38840	22,28325	20,31643	21,62789	19,66107
38860	21,62789	19,0057	22,28325	18,35034
38880	22,28325	18,35032	21,62789	17,69496
38900	22,28325	17,69496	22,28325	16,38423
38920	22,93861	16,38422	22,28325	15,72886
38940	22,28326	16,38421	22,28326	15,72885
38960	22,28326	15,72884	22,28326	14,41812
38980	22,28325	14,41812	22,28326	14,41812
39000	22,28325	14,41812	22,28326	14,41812
39020	22,28325	14,41811	22,93862	13,76276
39040	26,21546	13,10738	27,52622	12,45202
39060	27,52621	13,10739	27,52621	13,76276
39080	28,18157	14,41812	28,18158	15,07349
39100	28,18158	15,72885	28,18158	15,0735
39120	28,18157	16,38422	27,52622	15,72887
39140	27,52621	17,03959	27,52622	17,0396
39160	27,52621	17,69496	26,87085	17,69497
39180	26,87085	19,0057	26,87085	19,0057
39200	27,5262	19,66106	26,87085	19,66107
39220	26,87084	20,97179	26,87085	20,9718
39240	27,5262	21,62717	27,5262	21,62718
39260	26,87083	22,9379	27,52619	22,93791
39280	27,52618	24,24863	26,87083	24,24864
39300	27,52618	24,90401	26,87082	24,90401
39320	27,52617	26,21473	27,52618	26,21475
39340	27,52618	26,87011	26,87082	26,21476
39360	26,87082	26,87012	26,87082	26,21476
39380	27,52618	26,87012	28,18156	27,5255
39400	28,83693	28,83622	28,83693	28,83623
39420	28,83692	30,14696	29,49229	30,80233
39440	28,83692	31,45769	28,83693	32,11306
39460	28,83692	33,42379	28,83693	33,4238
39480	28,83693	34,07916	28,83693	34,73453
39500	28,83692	35,38989	28,18157	35,3899
39520	28,18156	36,70062	28,18156	36,70064
39540	28,83692	38,01136	28,83692	38,01137
39560	28,83691	39,3221	28,83692	38,66675
39580	28,18155	39,97747	28,18156	40,63284
39600	28,83691	41,28821	28,83692	41,94358
39620	28,18155	43,25431	28,18155	43,90968
39640	28,8369	45,22041	28,83691	45,22042
39660	28,18155	46,53115	28,18155	47,84189
39680	28,18155	49,15262	28,18155	48,49727
39700	28,83691	49,80799	28,18156	50,46336
39720	28,18155	51,77409	28,18155	51,7741
39740	28,18155	53,08482	28,83691	53,08483
39760	28,83691	53,7402	28,83691	53,08486
39780	28,83691	53,74022	29,49227	53,08486
39800	29,49226	53,74023	29,49226	53,08487
39820	30,14762	53,74023	29,49226	53,08487
39840	30,14762	53,74023	30,14763	53,08487
39860	30,14762	53,74023	29,49226	53,08487
39880	29,49226	53,74023	28,8369	53,08487
39900	28,8369	53,74023	28,18155	53,08487
39920	28,18154	53,74023	28,18155	53,08487
39940	28,18155	53,74023	26,87083	53,08487
39960	27,52619	53,74023	26,87083	53,08487
39980	26,87083	53,74023	26,21547	53,08487
