T	LX	LY	RX	RY
0	0	0	0	0
20	0	1,31072	0	-9,9999999889633E-6
40	-0,65537	0,65536	-1,0000000003174E-5	-9,9999999889633E-6
60	-1,9999999999243E-5	0,65535	-1,0000000003174E-5	-9,9999999889633E-6
80	-1,0000000003174E-5	0,65536	-1,0000000003174E-5	-0,65537999999999
100	-1,9999999999243E-5	0,65536	-1,9999999999243E-5	-0,65537999999999
120	-1,9999999999243E-5	0,65535	0,65534	-1,9999999992137E-5
140	-1,9999999999243E-5	0,65535	0,65534	-1,9999999992137E-5
160	0,65533	0,65535	0,65534	-1,9999999992137E-5
180	0,65534	0,65534	-1,9999999999243E-5	-0,65537999999999
200	0,65534	0,65534	0,65534	-2,9999999995312E-5
220	0,65534	-2,0000000006348E-5	0,65534	-0,65539
240	-3,0000000002417E-5	0,65532999999999	-1,9999999999243E-5	-2,9999999995312E-5
260	0,65534	0,65532999999999	-1,9999999999243E-5	0,65533000000001
280	0,65534	1,31069	0,65534	-2,9999999995312E-5
300	-3,0000000002417E-5	1,3107	0,65534	-2,9999999995312E-5
320	0,65533	0,65532999999999	0,65534	-2,9999999995312E-5
340	-3,0000000002417E-5	1,31069	-1,9999999999243E-5	-2,9999999995312E-5
360	-3,0000000002417E-5	1,31069	-3,0000000002417E-5	0,65533000000001
380	-3,0000000002417E-5	1,31069	-0,65539	0,65533000000001
400	-0,6554	1,31069	-3,0000000002417E-5	0,65532000000001
420	-0,65539	1,31069	-0,65539	-2,9999999995312E-5
440	-3,0000000002417E-5	-2,9999999995312E-5	-3,0000000002417E-5	-1,31075
460	-3,0000000002417E-5	-0,65539	-3,9999999998486E-5	-1,96612
480	-3,9999999998486E-5	-1,31075	-0,6554	-1,96612
500	-3,9999999998486E-5	-0,65539	-0,6554	-1,96612
520	-0,6554	-0,65539	-0,6554	-0,65539
540	-0,65541	-2,9999999995312E-5	-0,6554	-0,65539999999999
560	-0,65542	-2,9999999995312E-5	-2,62151	0,65533000000001
580	-3,27687	1,96606	-2,62151	1,31068
600	-2,62151	2,62141	-2,62151	1,96604
620	-2,62151	2,62141	-2,62151	1,31068
640	-1,96616	1,96605	-1,96616	1,96604
660	-1,96616	2,62141	-1,96616	1,96604
680	-1,96616	2,62141	-1,96616	1,96604
700	-1,96616	1,96604	-1,96615	1,31068
720	-1,96616	2,62141	-1,96616	1,31068
740	-1,96616	1,96604	-1,96616	1,96604
760	-1,96616	2,6214	-1,96616	1,96604
780	-1,96616	2,6214	-1,96616	1,31067
800	-1,96616	1,96604	-1,96616	1,31068
820	-1,96616	1,96604	-1,96615	0,65531000000001
840	-1,3108	1,96604	-1,96616	0,65531000000001
860	-1,3108	1,96604	-1,96615	0,65531000000001
880	-1,3108	1,31068	-1,31079	-4,9999999987449E-5
900	-1,3108	0,65532	-0,65543	-1,31077
920	-7,9999999996971E-5	-0,65541	-0,65543	-1,96613
940	-0,65543	-1,31076	-0,65543	-1,96613
960	-0,65543	-1,31077	-0,65543	-1,96613
980	-0,65544	-1,96613	-0,65543	-2,62149
1000	-0,65543	-1,96613	1,31067	-1,96613
1020	9,1751	-6,0000000004834E-5	11,79661	-0,65541999999999
1040	10,48588	-5,000000000166E-5	10,48587	-4,9999999987449E-5
1060	10,48587	0,65531	10,48587	-5,9999999990623E-5
1080	11,14123	0,65531	11,14123	-4,9999999987449E-5
1100	11,14123	-5,000000000166E-5	11,14123	-0,65541999999999
1120	11,14122	-5,000000000166E-5	11,14123	-4,9999999987449E-5
1140	11,14122	-3,9999999998486E-5	11,14122	-4,9999999987449E-5
1160	11,14122	-3,9999999998486E-5	11,14122	-0,65540999999999
1180	10,48586	0,65531	10,48586	-4,9999999987449E-5
1200	10,48586	-3,9999999998486E-5	10,48586	-0,65540999999999
1220	10,48586	-3,9999999998486E-5	10,48586	-4,9999999987449E-5
1240	10,48586	-3,9999999998486E-5	10,48587	-0,65540999999999
1260	10,48586	-3,9999999998486E-5	10,48586	-0,65540999999999
1280	10,48586	0,65532	-59,63766	-4,9999999987449E-5
1300	10,48586	0,65532	10,48587	-4,9999999987449E-5
1320	11,14123	0,65532	13,76271	-4,9999999987449E-5
1340	13,76272	0,65532	13,76272	0,65531000000001
1360	14,41807	1,31068	14,41808	1,31067
1380	14,41808	1,96604	14,41809	0,65531000000001
1400	15,07344	1,96604	15,07345	1,31067
1420	15,07344	1,96603	15,72881	1,31067
1440	15,7288	1,96603	15,72881	0,65531000000001
1460	15,72881	1,96603	15,72881	1,31067
1480	15,72881	1,96603	15,72881	0,65531000000001
1500	15,72881	1,31068	16,38417	0,65531000000001
1520	22,93786	3,27675	33,4238	4,58746
1540	34,07921	4,58747	32,76848	3,93211
1560	33,42383	5,24284	34,0792	4,58747
1580	34,73456	5,24284	34,73456	4,58747
1600	34,73455	5,24284	35,38992	3,93211
1620	35,38991	4,58748	35,38992	3,93211
1640	35,38992	4,58747	36,04528	3,9321
1660	36,04527	3,27675	36,04527	2,62138
1680	36,70062	2,62139	37,35599	1,96602
1700	37,35598	2,62138	36,70063	1,31066
1720	37,35598	1,96602	36,70063	1,31066
1740	36,70062	1,96603	37,35599	1,96602
1760	37,35599	1,96602	37,35599	1,31066
1780	37,35599	1,96602	37,35599	1,31066
1800	37,35599	2,62138	37,356	1,31066
1820	37,35599	1,96603	37,356	1,31066
1840	43,90968	3,93211	49,80803	3,9321
1860	49,15268	4,58746	49,15267	3,9321
1880	49,15266	5,24283	49,15267	5,24282
1900	49,15267	5,24283	49,80803	64,22522
1920	49,15266	5,24283	49,15267	4,58746
1940	49,80802	5,89819	49,80802	5,24282
1960	50,46338	5,24283	49,80802	4,58746
1980	50,46338	5,24283	49,80802	4,58746
2000	50,46338	5,24283	50,46338	4,58747
2020	49,80802	5,24283	50,46338	4,58746
2040	50,46338	5,24283	49,80802	5,24282
2060	50,46338	5,89819	50,46338	5,24283
2080	50,46338	6,55355	50,46338	5,89819
2100	50,46338	6,55355	50,46338	5,89819
2120	50,46338	6,55355	49,80802	5,24283
2140	51,77412	7,20892	55,70635	6,55355
2160	55,05099	7,86428	55,05098	7,86426
2180	54,39562	8,51964	55,05099	7,86427
2200	54,39562	8,51964	55,05099	8,51963
2220	55,05098	9,17499	55,05099	8,51963
2240	55,05098	9,17499	55,70635	8,51963
2260	55,70635	9,175	55,05099	8,51963
2280	55,05099	9,17499	55,05099	8,51962
2300	55,05099	9,17499	55,05099	8,51962
2320	55,05099	9,17499	55,05099	8,51962
2340	54,39563	9,17498	55,05099	8,51961
2360	54,39562	8,51962	54,39563	8,51961
2380	55,05098	9,17498	55,05099	8,51961
2400	55,05098	7,86426	55,05099	7,20889
2420	55,05098	7,20889	58,32781	8,51961
2440	-59,63683	11,14106	70,12453	10,48569
2460	68,15844	11,14107	68,15844	11,14106
2480	68,15844	11,79643	68,81381	11,14106
2500	68,8138	11,79642	68,8138	11,79641
2520	68,81379	11,79642	68,8138	11,14106
2540	69,46916	11,79642	70,12452	11,14106
2560	70,12452	12,45179	70,7799	11,79642
2580	70,77989	11,79643	71,43526	11,79642
2600	71,43526	11,79643	71,43526	11,14107
2620	71,43526	11,79644	71,43527	11,14107
2640	71,43527	12,4518	71,43526	11,14108
2660	71,43526	12,45181	71,43526	11,14108
2680	71,43525	12,45181	71,43526	11,79644
2700	71,43525	11,79645	71,43526	11,79645
2720	71,43525	12,45181	72,09062	11,14109
2740	71,43525	11,79646	71,43526	11,79645
2760	71,43525	12,45182	71,43526	11,79645
2780	71,43526	11,79646	71,43526	11,1411
2800	71,43526	11,79647	71,43526	11,79646
2820	70,77989	12,45183	71,43526	11,79647
2840	71,43525	12,45183	71,43526	11,79646
2860	70,77989	12,45183	70,77989	11,79646
2880	70,77989	12,45183	70,7799	11,79646
2900	71,43524	12,45183	70,77989	11,79647
2920	70,77989	12,45183	70,77989	11,79647
2940	70,77989	12,45184	70,77989	11,79647
2960	70,77989	12,45184	70,77989	11,79647
2980	70,77989	13,10719	70,77989	12,45183
3000	70,77989	12,45184	70,77989	11,79647
3020	70,77989	12,45184	70,77989	11,79647
3040	70,77989	13,10719	70,77989	12,45183
3060	70,77989	13,1072	71,43525	12,45183
3080	71,43525	13,10719	70,7799	12,45183
3100	71,43525	13,10719	71,43525	12,45182
3120	70,77989	13,10719	71,43525	11,79647
3140	70,77988	12,45183	71,43525	11,79646
3160	71,43525	11,79647	70,7799	10,48574
3180	71,43526	11,79646	70,7799	10,48574
3200	70,12455	11,1411	70,12455	10,48573
3220	70,12455	10,48574	69,46919	9,83037
3240	70,12455	10,48574	70,12455	9,83037
3260	70,12454	10,48574	70,12455	9,83037
3280	70,12455	10,48574	70,12456	9,83037
3300	70,12455	10,48574	70,12455	9,83038
3320	70,7799	10,48575	70,12455	9,83038
3340	70,12455	10,48575	70,77991	9,17502
3360	70,12455	10,48575	70,77991	9,83038
3380	70,7799	9,83039	71,43527	9,17503
3400	71,43526	9,17503	71,43527	9,17503
3420	74,05674	10,48575	78,64434	10,48576
3440	78,64436	11,14112	77,98899	10,48575
3460	77,98898	11,14112	78,64435	10,48576
3480	79,29971	11,14112	79,29972	10,48575
3500	79,95507	11,14112	79,95508	11,14111
3520	80,61044	11,79648	81,26581	11,14111
3540	81,92117	11,79647	81,92117	11,79647
3560	81,92117	12,45183	82,57654	11,79647
3580	81,92118	12,45184	82,57654	12,45183
3600	83,2319	13,10719	82,57654	12,45183
3620	83,2319	13,10719	82,57654	11,79646
3640	83,2319	13,10718	82,57654	11,79646
3660	81,92117	12,45182	81,92118	11,79645
3680	81,92117	12,45182	83,2319	12,45181
3700	89,78561	14,4179	93,71784	13,76255
3720	92,40711	15,07327	91,75174	15,07326
3740	91,75174	16,38399	91,75174	15,72862
3760	91,75173	17,03935	91,75173	15,72862
3780	91,09636	17,03935	91,09637	16,38398
3800	91,09636	17,6947	91,09636	16,38398
3820	91,09636	16,38398	91,09636	15,72862
3840	91,75171	16,38398	91,09636	15,72862
3860	90,44099	15,72862	89,78562	15,07326
3880	89,13024	16,38398	89,13024	15,07325
3900	88,47486	15,07326	87,16414	14,4179
3920	87,16412	14,41791	87,16412	13,76254
3940	86,50876	13,76255	86,50876	13,10718
3960	87,16411	14,41791	90,44096	13,76255
3980	90,44096	15,07328	90,44096	15,07327
4000	91,09632	16,38399	91,09633	15,72863
4020	91,7517	17,03935	91,7517	17,03934
4040	92,40706	17,69471	93,06243	17,69471
4060	93,06243	18,35007	93,06243	17,6947
4080	93,71779	18,35007	94,37316	18,35006
4100	94,37316	18,35007	95,02852	18,35006
4120	95,02852	19,66079	95,02852	19,00542
4140	95,68388	19,66079	95,68388	19,66078
4160	95,68387	19,66078	95,68387	19,00541
4180	95,68386	20,31614	95,68387	19,00541
4200	95,0285	20,31614	95,0285	19,66077
4220	94,37314	20,31614	94,37313	19,66077
4240	94,37313	20,31614	93,71776	20,31613
4260	93,71776	20,97149	93,06239	20,31613
4280	93,06238	20,97149	92,40703	20,31612
4300	92,40702	20,97149	81,92117	15,72864
4320	46,53136	7,20903	5,89856	-5,24274
4340	-19,66076	-9,83021	-18,35004	-9,17487
4360	-17,03929	-7,20881	-18,35003	-7,86418
4380	-18,35006	-7,20882	-17,69469	-8,51955
4400	-17,69472	-7,20883	-17,69472	-7,8642
4420	-17,69474	-7,20884	-17,69474	-7,86421
4440	-17,69476	-7,86421	-17,69476	-8,51958
4460	-17,69477	-8,51957	-17,69478	-9,17494
4480	-17,69479	-9,17494	-17,03943	-9,83031
4500	-17,6948	-9,17495	-17,03943	-9,83032
4520	-17,03944	-8,5196	-17,03943	-9,17497
4540	-16,38408	-8,5196	-16,38407	-9,17497
4560	-16,38407	-8,51961	-16,38407	-8,51962
4580	-15,72871	-7,86425	-15,72871	-8,51962
4600	-15,07335	-7,86426	-12,45188	-7,86428
4620	-9,8304	-5,8982	-9,83039	-6,55356
4640	-9,8304	-5,24284	-9,8304	-5,89821
4660	-9,8304	-5,24284	-9,17503	-5,89821
4680	-9,17503	-5,24284	-9,17502	-5,89821
4700	-9,17503	-4,58748	-9,17502	-5,89821
4720	-8,51966	-5,24284	-8,51966	-5,89821
4740	-8,51966	-5,24284	-8,51966	-5,24285
4760	-7,8643	-5,24284	-7,86429	-5,8982
4780	-7,86429	-5,24284	-7,86429	-5,89821
4800	-7,8643	-5,8982	-7,20893	-5,89821
4820	-7,20893	-5,24284	-7,20893	-5,89821
4840	-7,20893	-5,89819	-7,20893	-5,89821
4860	-7,20893	-5,8982	-6,55356	-5,89821
4880	-6,55357	-5,8982	-5,8982	-6,55356
4900	-5,8982	-5,24284	0,65549	-3,93214
4920	5,89846	-3,27677	5,2431	-3,93214
4940	4,58773	-3,27677	5,24309	-3,93213
4960	5,24309	-3,27677	5,89845	-3,93213
4980	5,89844	-3,27677	5,89845	-3,93214
5000	6,5538	-3,27677	6,55381	-4,5875
5020	6,5538	-3,27677	6,55381	-4,5875
5040	7,20917	-3,27677	7,20917	-4,5875
5060	7,20917	-3,93213	7,86454	-4,5875
5080	7,86453	-3,93213	8,51989	-5,24286
5100	8,51989	-4,5875	9,17526	-5,24286
5120	9,17526	-5,24286	9,17527	-5,89822
5140	9,17527	-5,24286	9,83064	-5,89823
5160	9,83064	-5,24286	9,83064	-6,55358
5180	9,83064	-5,24285	10,48601	-6,55359
5200	10,486	-5,89822	10,48601	-6,55359
5220	10,486	-5,89822	10,48601	-6,55359
5240	10,486	-6,55358	10,48601	-7,20895
5260	11,14136	-6,55358	11,14137	-7,20895
5280	10,48601	-6,55358	12,45211	-6,55359
5300	19,00581	-3,93214	20,97194	-4,58751
5320	19,6612	-3,93214	19,00585	-4,58751
5340	19,6612	-3,93214	19,66121	-4,58751
5360	19,6612	-4,5875	19,66121	-4,5875
5380	19,6612	-3,93214	19,00584	-3,93214
5400	19,6612	-3,27678	19,66121	-3,27678
5420	19,6612	-1,96606	20,31657	-1,3107
5440	26,21489	1,31074	27,52567	1,31074
5460	26,87029	2,62147	26,21492	2,62146
5480	26,87028	3,27683	26,87028	2,62146
5500	26,87027	3,93218	26,87027	3,27682
5520	26,87026	3,93218	26,21491	3,27682
5540	26,87026	3,93218	26,2149	3,93217
5560	26,21489	4,58755	26,21489	3,93218
5580	26,21489	4,58754	26,21489	3,93218
5600	25,55952	4,58754	26,21489	3,93218
5620	25,55952	4,58754	26,21488	3,93218
5640	26,21488	4,58754	25,55952	3,93217
5660	26,21487	4,58755	26,21488	3,93218
5680	26,21487	4,58754	25,55951	3,27682
5700	25,5595	3,93219	25,5595	2,62146
5720	25,5595	3,27683	25,5595	1,9661
5740	26,87023	3,27682	36,04542	3,93217
5760	40,63305	5,2429	39,32233	4,58754
5780	38,66695	5,24291	39,3223	4,58753
5800	38,66694	4,58755	39,32229	3,27681
5820	38,66693	3,93218	38,66692	2,62145
5840	38,66692	3,27683	38,66692	2,62146
5860	38,66691	3,27682	39,32228	2,62145
5880	39,32227	3,27682	39,32227	2,62145
5900	39,97763	3,27682	39,97764	2,62145
5920	40,633	3,27682	40,633	2,62145
5940	40,63299	3,27682	40,633	2,62145
5960	41,28836	3,93218	41,28836	2,62145
5980	41,28835	3,27682	41,28836	2,62145
6000	41,28836	3,27682	41,94372	3,27681
6020	41,94372	3,93217	41,94372	3,27681
6040	41,94372	3,93218	41,94372	3,27681
6060	42,59908	3,93218	42,59908	3,27682
6080	41,94372	3,93218	41,94372	3,93217
6100	41,94371	4,58754	41,94372	3,93217
6120	42,59908	4,58754	41,94372	3,93217
6140	42,59909	5,2429	42,59908	4,58753
6160	43,25445	4,58754	42,59908	4,58753
6180	43,25445	5,2429	42,59909	4,58753
6200	42,59908	5,2429	42,59908	4,58753
6220	41,94372	5,24291	41,94372	4,58754
6240	41,94372	5,2429	41,94373	5,2429
6260	41,28836	5,2429	41,28836	4,58754
6280	41,94373	5,89826	50,46354	7,20898
6300	55,05114	8,51971	54,39578	8,5197
6320	53,08506	9,83043	53,74041	9,17507
6340	54,39578	10,48579	54,39578	9,17506
6360	54,39577	9,83043	-59,63687	9,17506
6380	55,05112	9,83043	54,39576	9,17506
6400	55,05112	9,83043	55,05112	9,17507
6420	54,39575	9,83043	54,39575	9,17506
6440	54,39574	9,83043	55,05111	9,17506
6460	54,39575	9,17507	51,11892	7,86435
6480	44,56525	7,86437	43,25451	7,86437
6500	43,90988	8,51973	43,90988	7,86436
6520	43,25451	9,17509	43,90987	8,51972
6540	43,90986	9,17508	43,90987	8,51972
6560	44,56522	9,17508	43,90986	8,51971
6580	43,90986	9,17508	43,2545	7,86435
6600	43,25449	8,51972	43,2545	7,20899
6620	43,90985	8,51971	43,25449	7,86435
6640	43,90985	7,86436	43,25448	7,20898
6660	43,90983	8,51971	51,77428	10,48578
6680	62,26024	12,45188	62,91564	11,79651
6700	61,6049	12,45188	62,91562	12,45187
6720	63,57097	12,45188	62,91561	12,45187
6740	62,9156	13,10724	63,57096	12,45187
6760	63,57095	13,10724	63,57095	12,45187
6780	63,57095	12,45188	64,22631	12,45186
6800	63,57095	13,10723	64,22631	12,45187
6820	64,2263	13,10723	64,2263	12,45186
6840	64,88166	13,10722	64,88166	12,45186
6860	64,88165	13,76258	64,88166	12,45186
6880	64,88165	13,10723	65,53702	11,79649
6900	64,88165	12,45187	65,53701	10,48577
6920	65,537	10,48578	65,53701	9,83042
6940	66,19237	9,83042	66,19237	9,83042
6960	66,19237	10,48578	66,19237	9,17505
6980	66,19236	9,83042	66,19237	9,17505
7000	66,84772	9,83042	66,84772	9,17505
7020	67,50308	9,83042	66,84772	9,17505
7040	66,84771	9,17506	66,84772	8,51969
7060	67,50308	9,83042	67,50308	8,51969
7080	67,50307	9,83041	66,84771	8,51969
7100	66,84771	9,83041	66,84772	9,17505
7120	68,81381	10,48577	76,67825	11,14113
7140	78,64439	12,45186	77,33366	11,79649
7160	77,33365	13,10722	77,98902	12,45185
7180	77,98901	13,10722	77,98901	12,45185
7200	77,989	13,10722	77,989	12,45185
7220	77,989	13,10722	77,98901	12,45185
7240	77,989	13,10722	78,64436	11,79649
7260	78,64436	12,45186	78,64437	11,79649
7280	77,989	12,45185	78,64436	12,45185
7300	77,98899	12,45186	77,989	12,45185
7320	77,98898	12,45185	78,64435	11,79649
7340	78,64434	12,45185	78,64435	11,79649
7360	78,64434	11,7965	79,29971	10,48577
7380	78,64434	11,14113	79,29971	10,48577
7400	78,64434	11,14113	79,2997	10,48577
7420	79,95506	11,14113	79,2997	11,14113
7440	79,95506	11,14113	79,95506	10,48576
7460	79,95505	11,14113	79,95506	11,14113
7480	80,61041	11,79649	79,95506	11,14113
7500	80,61041	11,79649	80,61041	11,14113
7520	80,61041	11,79649	80,61041	11,79649
7540	80,61041	12,45185	81,26577	11,79648
7560	81,92113	11,79649	81,92114	11,14112
7580	81,26576	11,7965	62,91552	5,8983
7600	27,52568	-1,96594	-3,27658	-8,51947
7620	-9,83027	-5,89805	-7,86416	-3,27663
7640	-8,51953	-0,65521	-7,86418	0,00013000000001284
7660	-7,20883	1,96621	-7,20883	1,96619
7680	-6,55348	3,93227	-6,55348	4,58761
7700	-5,89814	5,24297	-5,89813	5,89832
7720	-5,89814	7,20905	-5,24278	6,55368
7740	-5,24279	7,8644	-5,24279	7,86439
7760	-5,2428	9,17512	-5,2428	8,51975
7780	-4,58745	9,83047	-5,2428	9,1751
7800	-4,58745	10,48582	-9,175	8,51976
7820	-14,41794	8,51977	-13,1072	8,51976
7840	-12,45182	9,83048	-12,45183	9,83048
7860	-12,44929	9,83048	-12,45183	9,17511
7880	-11,79647	9,83048	-11,79647	9,17511
7900	-11,14112	9,83048	-11,79647	8,51975
7920	-11,14112	9,17512	-11,14112	7,86439
7940	-11,14112	8,51976	-11,14111	7,86439
7960	-11,14111	8,51976	-11,14111	6,55367
7980	-11,14112	7,8644	-11,14111	5,89832
8000	-10,48575	6,55369	-10,48575	5,24296
8020	-9,83039	5,89833	-9,83038	4,58761
8040	-9,83039	5,24297	-9,83038	4,58761
8060	-9,83038	4,58761	-59,63772	3,93225
8080	-5,89816	3,27689	-6,55352	2,62153
8100	-6,55353	3,93226	-6,55352	2,62153
8120	-6,55352	3,27689	-6,55352	1,96617
8140	-6,55352	2,62154	-5,89816	1,96617
8160	-5,89816	2,62154	-5,89815	1,31081
8180	-5,89816	1,96618	-5,89815	1,31081
8200	-5,89816	1,31082	-5,89815	0,00010000000000332
8220	-5,24279	0,65546999999999	-5,24279	-0,65526
8240	-4,58742	0,00010999999999228	2,62164	1,31081
8260	6,55388	1,31082	5,24316	9,0000000000146E-5
8280	5,24315	0,65545999999999	5,24316	0,00010000000000332
8300	5,89851	0,00010000000000332	5,89851	-1,31062
8320	5,8985	-1,31062	6,55387	-1,96598
8340	6,55386	-1,96598	6,55386	-3,93206
8360	7,20922	-3,27669	7,20922	-4,58743
8380	7,86457	-4,58742	7,20922	-5,89814
8400	7,86457	-5,89813	7,20922	-7,20886
8420	7,20921	-6,55349	7,20922	-7,20886
8440	7,20921	-7,20885	7,20921	-7,86422
8460	7,20921	-7,20886	7,20921	-7,86422
8480	7,20921	-7,86422	7,20921	-7,86423
8500	7,20921	-7,20886	7,20921	-8,51959
8520	7,2092	-7,86422	6,55385	-8,5196
8540	6,55384	-7,86422	6,55385	-9,17496
8560	6,55384	-7,86423	5,89848	-9,17496
8580	5,89848	-8,51959	5,89848	-8,5196
8600	8,51996	-7,86424	7,8646	-8,51961
8620	7,8646	-7,20888	7,20924	-7,86425
8640	7,86459	-7,20888	7,20923	-7,86425
8660	7,86459	-7,20888	7,20923	-7,86425
8680	7,86459	-7,20888	7,20923	-8,51961
8700	7,86459	-7,20888	7,8646	-7,86425
8720	7,86459	-7,86424	7,86459	-8,51961
8740	7,86459	-7,86424	7,86459	-8,5196
8760	8,51995	-7,86424	8,51995	-9,17497
8780	7,86459	-8,51959	8,51996	-9,83032
8800	8,51995	-8,5196	8,51996	-9,83032
8820	9,17531	-9,17495	15,07365	-7,20889
8840	23,59347	-5,2428	24,24888	-5,89817
8860	22,93814	-5,24279	22,93814	-5,89816
8880	23,5935	-5,2428	24,24886	-5,89816
8900	24,24885	-5,2428	24,24886	-5,24281
8920	24,24885	-5,2428	24,24885	-5,24281
8940	24,24884	-4,58744	23,59348	-4,58744
8960	24,24884	-4,58744	23,59348	-5,24281
8980	23,59346	-4,58744	23,59346	-5,24281
9000	23,59345	-4,58744	23,59346	-4,58745
9020	24,24881	-3,93208	23,59345	-4,58745
9040	24,24881	-3,93208	24,24882	-5,24281
9060	24,90417	-4,58744	24,24881	-5,89816
9080	24,24881	-5,24279	24,24881	-5,89816
9100	24,90417	-5,2428	24,24882	-6,55352
9120	24,90418	-5,24279	24,24882	-5,89816
9140	24,90417	-5,2428	24,90418	-6,55352
9160	24,90417	-5,89816	25,55953	-6,55352
9180	24,90416	-5,89816	25,55953	-6,55352
9200	24,90416	-5,2428	25,55952	-6,55352
9220	25,55952	-5,2428	24,90416	-5,89816
9240	24,90416	-5,89816	24,90416	-6,55352
9260	26,21489	-5,2428	33,42397	-3,93209
9280	38,01159	-2,62136	36,70088	-3,27674
9300	37,35622	-1,96601	37,35623	-2,62138
9320	37,35622	-1,96601	38,01158	-1,96602
9340	38,01157	-0,65529000000001	37,35622	-1,31066
9360	37,35621	6,0000000004834E-5	37,35621	5,000000000166E-5
9380	37,3562	0,65541999999999	37,3562	0,65541000000001
9400	37,35619	1,96614	37,35619	1,96613
9420	37,35618	2,62149	37,35619	1,96612
9440	36,70082	3,27685	37,35618	2,62148
9460	41,2884	5,24293	47,84212	5,24293
9480	47,18677	7,20901	46,53139	6,55365
9500	45,87602	7,86438	45,87603	7,86437
9520	46,53138	8,51974	46,53138	7,86436
9540	46,53137	8,51973	46,53138	7,86436
9560	46,53137	8,51973	46,53137	8,51972
9580	47,18673	8,51973	46,53136	8,51972
9600	47,18673	8,51972	46,53137	7,86436
9620	46,53136	8,51972	47,18673	7,86436
9640	47,18672	7,86436	47,84209	6,55364
9660	47,84208	7,209	48,49744	6,55364
9680	47,84208	6,55364	47,84208	5,24291
9700	48,49744	5,89828	47,84209	5,24291
9720	47,84208	5,24292	47,84209	4,58756
9740	47,84208	5,24292	47,84208	3,9322
9760	47,84209	4,58756	47,84208	3,93295
9780	47,84208	3,9322	47,84208	3,9322
9800	48,49744	3,9322	47,84208	3,27683
9820	47,84208	3,9322	48,49744	3,27683
9840	49,1528	3,9322	51,77429	3,93219
9860	51,77429	4,58756	51,11893	3,27684
9880	51,11892	4,58756	50,46357	3,9322
9900	51,11892	4,58756	51,11892	3,93219
9920	51,11892	4,58756	51,11892	3,93219
9940	51,11891	4,58756	51,77428	3,93219
9960	51,11892	4,58756	51,11892	3,9322
9980	51,11891	4,58756	51,11892	3,9322
10000	51,11891	4,58756	51,11891	3,93219
10020	51,77427	4,58756	51,77427	3,93219
10040	51,11891	5,24292	51,11891	4,58755
10060	51,77427	4,58756	51,77428	4,58755
10080	51,77428	5,24292	51,77427	4,58755
10100	51,77427	5,24291	51,11891	4,58755
10120	51,77427	5,24291	51,77427	4,58754
10140	51,77427	5,24291	51,77427	4,58754
10160	51,77426	5,24291	51,77427	4,58754
10180	51,77427	5,2429	52,42963	4,58754
10200	52,42963	5,2429	52,42963	4,58753
10220	52,42963	5,2429	52,42963	4,58752
10240	52,42963	5,24289	52,42963	4,58753
10260	52,42963	5,24289	51,77427	4,58752
10280	51,77426	5,24289	51,77426	4,58752
10300	51,1189	4,58753	51,1189	3,93216
10320	50,46354	4,58752	51,1189	4,58752
10340	51,1189	4,58752	51,1189	3,93216
10360	51,1189	4,58752	51,77426	4,58751
10380	51,77426	4,58752	51,77427	3,93215
10400	51,77426	4,58752	51,11891	3,93216
10420	53,74037	5,24288	56,36188	4,58752
10440	55,70651	5,24289	55,05115	4,58752
10460	55,05114	5,24289	55,05115	5,24288
10480	55,05114	5,24289	55,05115	3,93216
10500	55,05114	5,24288	55,05115	4,58752
10520	55,05115	4,58753	54,39579	3,93216
10540	55,05115	4,58753	55,05115	3,2768
10560	55,70651	3,93218	55,70652	3,27681
10580	55,70652	3,93218	55,70653	2,62145
10600	56,36188	3,27682	56,36188	3,27681
10620	55,70652	3,27682	55,70651	3,27681
10640	55,70651	3,93218	55,70652	3,27681
10660	55,70651	3,27682	55,70651	2,62146
10680	55,70651	2,62146	55,70652	1,9661
10700	55,70652	3,27683	55,70652	1,9661
10720	55,70651	2,62146	56,36188	1,96609
10740	55,70651	2,62146	55,70651	1,96609
10760	61,60484	4,58754	-59,63663	4,58755
10780	68,81396	4,58756	68,15858	3,93219
10800	68,81393	4,58756	68,81394	3,93219
10820	69,46929	4,58756	70,12465	3,93219
10840	70,12464	3,9322	70,12464	3,27683
10860	70,12464	3,93219	70,12465	3,27683
10880	70,78001	3,27683	70,78001	2,62147
10900	70,78	3,27684	71,43538	2,62147
10920	70,78001	3,9322	71,43537	3,27683
10940	72,09073	3,9322	72,09074	3,27683
10960	72,09073	3,9322	72,09074	3,27683
10980	72,7461	3,9322	72,7461	3,27683
11000	72,7461	3,9322	72,7461	3,27683
11020	72,09073	3,9322	72,7461	3,27683
11040	72,09073	3,27684	72,09074	2,62148
11060	72,09073	3,93221	72,7461	2,62148
11080	72,7461	3,27684	72,7461	2,62148
11100	72,7461	3,27684	72,7461	2,62148
11120	72,09074	3,27684	77,98906	5,24293
11140	85,85353	7,20903	86,50893	7,20903
11160	85,19818	7,86439	85,19818	7,86439
11180	85,85354	8,51975	85,85354	7,86438
11200	85,85353	8,51975	85,85353	7,86438
11220	86,50888	8,51975	85,85352	7,86438
11240	86,50888	8,51975	86,50889	7,86439
11260	86,50888	9,17511	87,16425	8,51975
11280	86,50888	9,17511	87,16424	8,51975
11300	87,81959	9,17511	87,16424	8,51975
11320	87,16423	9,17512	87,16423	9,17511
11340	87,81959	9,83047	87,8196	9,1751
11360	87,81959	9,83047	87,81959	9,1751
11380	88,47495	9,83047	88,47495	9,1751
11400	88,47495	9,83047	88,47496	9,1751
11420	87,81959	9,83047	88,47495	8,51975
11440	89,78568	9,83047	94,37328	10,48584
11460	93,06255	11,1412	93,06255	10,48655
11480	93,06254	11,1412	93,71791	11,14119
11500	94,37327	11,79656	93,71791	11,14119
11520	93,71791	11,79656	94,37328	11,14119
11540	94,37328	11,79656	94,37328	10,48583
11560	94,37328	11,1412	94,37328	11,14119
11580	94,37328	12,45192	94,37328	11,79655
11600	94,37328	11,79656	94,37328	11,1412
11620	94,37329	11,79656	94,37329	11,14119
11640	94,37329	11,79656	94,37329	11,1412
11660	95,02865	11,14121	94,3733	11,1412
11680	95,02865	11,79657	95,02866	11,1412
11700	95,02865	11,14121	94,3733	10,48584
11720	95,02866	11,14121	95,02866	10,48584
11740	95,02865	11,14121	95,02866	10,48584
11760	95,02866	10,48585	95,02867	9,83049
11780	95,68402	10,48585	95,68403	9,83049
11800	96,33939	10,48585	96,3394	9,83048
11820	96,3394	11,1412	96,3394	10,48584
11840	96,33939	10,48584	96,3394	9,83047
11860	96,3394	9,83048	96,3394	9,17512
11880	96,33941	9,83048	95,68405	9,17511
11900	91,75186	7,86442	63,57113	-1,31057
11920	28,83665	-11,79626	11,79711	-17,03912
11940	13,10784	-17,03913	13,76322	-19,00523
11960	15,07392	-20,31594	15,72928	-22,28203
11980	17,03999	-23,59274	17,69535	-25,55883
12000	18,35069	-26,86954	19,00605	-30,14634
12020	19,00604	-30,14633	19,00602	-32,11241
12040	19,006	-32,76776	18,35064	-34,07848
12060	17,69526	-33,42312	17,69525	-34,73385
12080	17,69524	-34,07849	17,69523	-35,38922
12100	17,69522	-34,73385	17,69522	-34,73386
12120	17,69521	-34,0785	17,69522	-34,73387
12140	18,35058	-34,0785	18,35058	-34,73387
12160	19,00593	-34,0785	19,00593	-34,73387
12180	19,00592	-35,38922	7,86471	-38,66597
12200	-1,9658	-38,66593	-3,27653	-39,97666
12220	-1,9658	-38,01059	-3,27651	-38,66597
12240	-2,62117	-38,0106	-2,62117	-39,32133
12260	-1,96581	-39,32132	-1,31046	-40,63204
12280	-0,65511	-41,28739	0,00025000000000119	-43,25347
12300	0,6556	-43,25345	1,31096	-44,56417
12320	1,31095	-43,90881	1,31096	-43,25346
12340	1,31095	-42,5981	1,31096	-43,25348
12360	1,31095	-41,2874	0,65559	-42,59813
12380	1,31095	-41,2874	0,6556	-41,94277
12400	0,65559	-41,28741	1,31096	-41,94278
12420	0,65559	-40,63206	1,31095	-41,28743
12440	0,65558	-40,63207	0,65558	-41,28743
12460	1,31094	-41,28743	2,62167	-40,63208
12480	3,93242	-38,01064	3,27708	-38,66601
12500	3,27707	-36,69994	3,27707	-36,69995
12520	2,6217	-35,38923	2,6217	-36,0446
12540	2,6217	-35,38923	3,27706	-36,04461
12560	3,27706	-35,38924	3,27707	-35,38925
12580	3,27706	-34,73388	3,27707	-36,04461
12600	3,93243	-36,69996	4,58778	-39,32139
12620	6,55385	-41,94279	7,86457	-44,56422
12640	7,86457	-43,2535	17,6951	-37,35529
12660	39,97774	-30,14634	54,39603	-26,86953
12680	55,70681	-26,21418	55,05142	-26,21419
12700	57,0175	-24,24812	58,32822	-23,59279
12720	59,63893	-22,28207	60,29429	-22,28209
12740	60,94964	-22,28209	62,26035	-22,93746
12760	62,9157	-21,62674	63,57106	-22,93748
12780	64,22642	-22,28211	64,88178	-22,93749
12800	66,19249	-21,62676	66,19249	-22,28214
12820	66,84785	-20,97142	67,50321	-20,97143
12840	70,12469	-18,34998	81,26606	-17,03925
12860	84,54294	-16,38388	82,57684	-15,07317
12880	81,92146	-13,76245	83,23219	-13,76246
12900	83,88754	-12,45174	83,88754	-13,10712
12920	84,5429	-11,7964	85,19826	-12,45176
12940	85,19825	-11,7964	85,85361	-12,45177
12960	85,8536	-11,7964	86,50896	-12,45177
12980	87,16432	-12,45176	87,16432	-13,10714
13000	87,81968	-13,10713	88,47504	-14,41786
13020	89,1304	-13,76249	89,78577	-14,41786
13040	90,44113	-14,41785	90,44114	-15,72858
13060	91,09649	-15,07321	91,75186	-15,07322
13080	92,40723	-15,07321	93,71795	-15,07322
13100	96,33941	-11,7964	97,65016	-11,14104
13120	97,65016	-9,83032	97,65015	-9,17497
13140	98,30551	-7,86424	98,96087	-8,51961
13160	98,96087	-8,51961	98,96087	-9,17498
13180	98,96086	-7,86425	98,96086	-8,51889
13200	99,61622	-7,86426	98,96086	-8,51962
13220	98,96085	-7,86426	98,96085	-7,86426
13240	98,96085	-7,86426	98,96085	-7,86427
13260	98,96084	-7,2089	99,61621	-8,51963
13280	99,6162	-7,2089	99,61621	-8,51963
13300	99,6162	-7,86426	99,61621	-9,17499
13320	100,27157	-9,17498	100,92693	-11,14107
13340	101,58229	-11,14107	100,92693	-13,76251
13360	81,92133	-19,66067	43,25466	-30,80171
13380	15,07384	-38,66598	17,69529	-38,66601
13400	19,66142	-36,69993	19,00605	-38,66603
13420	19,66138	-38,66603	19,66138	-39,97676
13440	20,97209	-39,97676	20,97207	-41,28749
13460	20,97207	-40,63213	20,3167	-41,28749
13480	20,97205	-40,63214	20,31668	-41,28751
13500	20,31668	-39,97679	20,31667	-41,28752
13520	20,31666	-39,9768	19,6613	-39,97681
13540	19,66129	-38,66609	19,66129	-39,32146
13560	19,00592	-38,66609	19,00592	-39,32147
13580	19,66127	-38,01074	19,00592	-38,01075
13600	19,66127	-37,35539	19,00591	-38,01076
13620	19,0059	-36,70003	19,0059	-36,70004
13640	18,35054	-35,38932	18,35054	-35,38932
13660	17,69517	-33,42323	17,69517	-34,0786
13680	17,69517	-32,11251	17,69517	-32,11252
13700	17,69517	-32,11252	17,69517	-32,11252
13720	7,20936	-36,04461	0,6557	-38,0107
13740	0,6557	-34,73388	0,65572	-34,73391
13760	0,00034000000000134	-33,42319	0,65569	-33,4232
13780	0,0003200000000021	-32,11247	0,0003200000000021	-32,76784
13800	0,00030999999999892	-32,11248	0,00030999999999892	-32,11249
13820	-0,65251	-31,45712	0,0028500000000022	-32,76785
13840	0,00028999999999968	-32,11249	0,00028999999999968	-32,76785
13860	0,00028000000000361	-32,76785	0,65565	-32,76785
13880	1,96635	-30,1464	1,311	-29,49105
13900	0,65563	-28,83569	0,65563	-28,8357
13920	0,65562	-27,52498	0,65562	-28,18034
13940	0,6556	-28,18034	0,6556	-28,83571
13960	0,6556	-28,83571	0,6556	-28,83572
13980	0,65559	-28,18035	0,65559	-28,83572
14000	0,65558	-28,83571	0,65558	-30,14644
14020	1,31094	-29,49108	0,65557	-30,14645
14040	1,31093	-29,49108	1,31093	-30,14645
14060	0,65556	-30,14645	1,31092	-32,11253
14080	1,31092	-32,11252	1,96627	-32,76789
14100	7,86456	-28,18037	36,04551	-19,66068
14120	68,81415	-11,14092	82,57705	-9,83019
14140	79,30018	-8,51948	77,33406	-10,48556
14160	79,30012	-10,48557	79,95548	-11,14095
14180	80,61082	-11,14095	81,26617	-11,79633
14200	81,92152	-11,79633	81,92151	-11,79634
14220	83,23222	-11,79634	83,23222	-12,45171
14240	83,88756	-12,45171	84,54292	-13,10708
14260	84,54291	-11,79636	84,54291	-13,10709
14280	85,19826	-12,45173	85,85362	-13,1071
14300	85,19825	-12,45173	85,85361	-13,1071
14320	85,8536	-12,45174	86,50897	-13,10711
14340	86,50896	-12,45174	86,50896	-13,10711
14360	86,50894	-12,45175	86,50895	-13,10712
14380	86,50894	-11,79639	86,50895	-12,45176
14400	87,1643	-11,7964	86,50895	-11,79641
14420	87,1643	-11,14104	87,16431	-12,45177
14440	87,1643	-11,7964	87,16431	-12,45177
14460	87,81966	-12,45176	87,81966	-11,7964
14480	93,71797	-8,51959	94,37336	-7,86423
14500	92,40727	-7,20887	92,40727	-6,55352
14520	92,40727	-5,89816	92,40727	-6,55353
14540	92,40726	-5,89816	92,40726	-6,55353
14560	93,06261	-5,89816	93,06262	-7,20889
14580	93,06261	-6,55352	93,06261	-7,20889
14600	93,71797	-7,20888	93,71797	-7,86425
14620	93,71796	-7,20889	93,71797	-8,51961
14640	94,37332	-7,20889	93,71796	-8,51961
14660	94,37331	-7,86425	94,37332	-8,51961
14680	94,37332	-7,20889	94,37332	-7,86426
14700	94,37332	-7,20889	94,37332	-7,86426
14720	95,02868	-6,55353	94,37332	-7,2089
14740	94,37332	-6,55354	94,37332	-6,55354
14760	94,37332	-5,89818	94,37333	-7,2089
14780	94,37332	-5,89818	95,02869	-7,20891
14800	95,02868	-5,89818	94,37333	-6,55354
14820	95,02868	-5,89817	95,02869	-7,2089
14840	95,02868	-6,55353	95,02869	-7,2089
14860	95,02868	-6,55353	95,02869	-7,2089
14880	95,02868	-5,89817	95,02869	-7,2089
14900	95,68404	-7,20889	85,1982	-12,45172
14920	51,11912	-20,31596	15,72924	-29,49093
14940	-1,96569	-30,80164	0,00041000000000224	-29,49095
14960	0,00041999999999831	-26,86952	0,00039999999999907	-27,5249
14980	0,00037999999999982	-26,86953	0,65574	-26,86954
15000	1,96645	-26,21419	1,96644	-26,86957
15020	2,62179	-26,2142	2,62179	-26,86957
15040	3,27714	-25,55885	3,27714	-26,21422
15060	3,27713	-26,21422	3,27712	-26,21423
15080	3,27712	-26,21422	3,27711	-26,21423
15100	3,2771	-26,21422	3,2771	-26,86959
15120	3,27709	-26,21423	3,27709	-26,8696
15140	2,62173	-26,21423	3,27709	-26,8696
15160	3,27708	-26,8696	3,27709	-27,52497
15180	3,93245	-26,8696	3,27709	-27,52497
15200	3,93245	-26,8696	3,93245	-27,52497
15220	3,93245	-26,8696	3,93246	-27,52497
15240	3,93245	-27,52496	0,00025000000000119	-27,52496
15260	-0,65512	-26,86959	0,00025000000000119	-26,8696
15280	0,00025000000000119	-24,90352	-0,65511	-26,21424
15300	-0,65511	-25,55888	0,00025999999999726	-26,86961
15320	0,00023999999999802	-26,21424	0,00025000000000119	-26,21424
15340	0,00025000000000119	-25,55888	0,65561	-26,8696
15360	0,6556	-26,8696	0,6556	-26,86961
15380	1,31096	-26,8696	1,31097	-26,86961
15400	0,65561	-26,21424	1,31098	-26,86961
15420	1,31097	-26,21424	1,31098	-26,86961
15440	0,65561	-25,55888	1,31098	-26,21425
15460	0,65562	-24,90352	0,65562	-26,21425
15480	0,65562	-24,90353	0,65562	-25,55889
15500	0,65561	-24,90353	0,65562	-26,21426
15520	0,65561	-25,55889	0,00025999999999726	-26,21426
15540	0,00025000000000119	-25,55889	0,00025999999999726	-26,21426
15560	0,00025000000000119	-25,55889	0,00025000000000119	-26,86962
15580	0,00025000000000119	-25,55889	-0,65511	-26,21426
15600	0,00023999999999802	-25,55889	5,24321	-24,24819
15620	11,79693	-22,2821	11,79695	-23,59283
15640	10,48621	-22,2821	11,14157	-23,59282
15660	11,14157	-22,93746	11,14157	-23,59283
15680	11,14156	-22,93746	11,14156	-23,59283
15700	11,14156	-22,93746	11,14155	-23,59283
15720	11,7969	-22,93747	11,14155	-24,2482
15740	11,7969	-22,93746	11,14154	-24,24819
15760	11,14153	-23,59282	11,14154	-24,24819
15780	11,14153	-23,59282	11,14153	-24,90356
15800	11,14152	-24,24819	11,14152	-24,24819
15820	11,14151	-23,59283	10,48616	-24,24819
15840	10,48615	-23,59283	10,48615	-24,2482
15860	10,48614	-23,59283	10,48615	-24,2482
15880	9,83078	-24,24819	10,48615	-24,90356
15900	10,48614	-23,59284	12,45226	-23,59285
15920	15,07373	-22,28212	14,41838	-22,93749
15940	14,41837	-21,62676	14,41837	-22,28213
15960	14,41837	-21,62676	14,41837	-22,28213
15980	13,763	-21,62676	13,76301	-22,28213
16000	13,763	-20,9714	13,763	-22,28213
16020	13,763	-21,62677	13,763	-22,28213
16040	13,763	-21,62677	13,763	-22,9375
16060	13,76299	-22,28213	13,763	-22,9375
16080	13,76299	-22,28213	13,763	-22,28214
16100	13,763	-22,28213	13,76299	-22,9375
16120	13,76299	-22,28213	13,10763	-22,9375
16140	13,10763	-22,28213	13,763	-22,28214
16160	21,62744	-19,00535	28,18119	-19,00536
16180	26,87047	-18,34999	26,2151	-19,00535
16200	26,21509	-17,69462	26,2151	-19,00535
16220	26,87045	-19,00535	26,87045	-19,66071
16240	26,21509	-19,00535	26,21509	-20,31608
16260	26,21509	-19,00535	25,55972	-19,66072
16280	26,21509	-19,00536	26,21509	-19,66072
16300	25,55972	-19,00536	25,55973	-19,66073
16320	25,55973	-19,00536	25,55973	-19,66073
16340	24,90436	-19,00536	24,90437	-19,00537
16360	24,90436	-18,35	24,24901	-19,66073
16380	24,90437	-18,35	22,93827	-19,00537
16400	21,62752	-17,69463	20,97217	-18,35
16420	21,62754	-16,38392	21,62753	-17,03928
16440	21,62753	-16,38392	21,62754	-17,03929
16460	22,2829	-16,38392	22,2829	-17,03929
16480	22,28289	-15,72856	22,28289	-17,03929
16500	22,28288	-16,38393	21,62752	-16,38393
16520	21,62752	-16,38393	21,62751	-17,03929
16540	21,62751	-16,38392	21,62751	-17,03929
16560	20,97214	-16,38393	21,62751	-17,03929
16580	21,6275	-16,38393	21,62751	-16,38393
16600	21,6275	-15,07321	22,28287	-15,72857
16620	22,28287	-15,07321	22,93823	-15,72858
16640	23,59359	-15,72857	23,59359	-16,38394
16660	23,59358	-15,72857	23,59359	-16,38394
16680	24,24895	-15,72857	23,59359	-16,38394
16700	24,24894	-16,38393	24,24894	-17,0393
16720	24,24893	-16,38394	24,24894	-17,0393
16740	23,59357	-17,03929	23,59358	-17,69466
16760	23,59357	-17,03929	23,59358	-18,35001
16780	24,24894	-17,69465	24,24894	-17,69466
16800	24,24894	-17,03929	24,9043	-17,69466
16820	29,4919	-15,07322	34,73491	-15,72858
16840	34,07955	-15,07321	33,42418	-15,72857
16860	34,07954	-15,0732	34,07954	-16,38393
16880	33,42417	-16,38392	33,42672	-17,69465
16900	34,07952	-17,03929	33,42416	-17,69466
16920	33,42415	-17,69464	33,42416	-18,35001
16940	33,42415	-17,69465	34,07951	-18,35001
16960	34,07951	-18,35	33,42415	-19,00537
16980	34,0795	-18,35001	34,07951	-19,00537
17000	34,0795	-18,35001	34,73487	-18,35001
17020	34,0795	-17,69464	34,0795	-17,69466
17040	34,73486	-17,03929	34,0795	-17,03929
17060	34,0795	-16,38393	34,0795	-16,38394
17080	34,0795	-16,38393	33,42414	-16,38393
17100	34,07949	-15,72857	34,0795	-15,72858
17120	38,01171	-13,76249	40,63321	-13,76249
17140	39,97785	-13,10713	39,32248	-13,10713
17160	39,97784	-11,79641	39,97784	-12,45177
17180	39,97784	-12,45176	39,97784	-13,10713
17200	40,6332	-11,79641	40,6332	-12,45177
17220	40,6332	-11,79641	40,6332	-12,45177
17240	40,6332	-11,79641	40,63321	-12,45177
17260	40,6332	-11,79641	40,63321	-12,45177
17280	40,63321	-12,45176	40,6332	-13,10713
17300	40,6332	-11,79641	45,87616	-9,83034
17320	55,05137	-6,55352	56,36216	-7,86425
17340	54,39604	-6,55352	54,39604	-7,20888
17360	55,0514	-5,89815	55,0514	-7,20888
17380	55,05138	-5,89816	55,70675	-6,55353
17400	55,70675	-5,89816	55,70674	-6,55353
17420	56,3621	-5,89817	57,01746	-6,55353
17440	57,01746	-5,89816	57,01746	-6,55353
17460	57,01745	-5,89817	56,3621	-6,55354
17480	57,01745	-5,24281	56,36209	-5,89818
17500	56,36209	-5,24281	56,36209	-5,24282
17520	55,70672	-4,58745	56,36209	-5,24283
17540	56,36208	-3,9321	56,36208	-5,24283
17560	56,36207	-3,9321	56,36208	-4,58747
17580	57,01744	-3,9321	57,01744	-3,93211
17600	57,01744	-3,27674	57,6728	-3,9321
17620	57,6728	-2,62138	57,6728	-3,93211
17640	57,6728	-3,27674	58,32817	-3,9321
17660	58,32816	-2,62137	58,32816	-3,27674
17680	58,32815	-3,27674	58,32815	-3,9321
17700	58,32815	-2,62138	58,32816	-3,27674
17720	58,32815	-3,27673	58,32815	-3,27674
17740	58,32814	-3,27673	58,32815	-3,27674
17760	58,32814	-3,27673	57,67279	-3,9321
17780	58,32815	-3,27673	57,67279	-3,9321
17800	59,63889	-2,62138	62,26039	-2,62138
17820	61,60503	-1,96602	60,94966	-2,62138
17840	61,60501	-1,96602	60,94966	-1,96602
17860	61,60501	-1,96602	60,94966	-2,62139
17880	60,94965	-1,96602	61,60501	-2,62139
17900	61,60501	-2,62137	60,94966	-3,27674
17920	61,60501	-2,62137	61,60502	-3,27674
17940	61,60501	-2,62138	61,60502	-3,27675
17960	61,60501	-2,62138	61,60501	-3,27675
17980	61,60502	-3,27674	60,94966	-3,93211
18000	-59,63659	-3,27675	61,60501	-3,93211
18020	61,60501	-3,27675	61,60502	-3,27676
18040	60,94964	-3,27675	60,94965	-3,93212
18060	60,94964	-3,27675	61,60501	-3,93212
18080	61,60501	-3,27675	60,94965	-3,27677
18100	61,60501	-3,27676	61,60501	-3,93213
18120	61,60501	-3,27676	61,60502	-3,93213
18140	61,60501	-3,93212	61,60502	-5,24285
18160	62,26037	-4,58749	62,26038	-5,89821
18180	62,26037	-5,89821	66,84795	-4,58749
18200	72,09093	-3,93212	71,43557	-5,24284
18220	70,7802	-3,93212	71,43556	-4,58749
18240	71,43557	-3,93213	71,43557	-4,58749
18260	71,43556	-3,93212	71,43557	-4,58749
18280	71,43556	-3,93213	72,09093	-4,5875
18300	71,43556	-3,93214	71,43556	-4,5875
18320	72,09092	-4,5875	72,09347	-4,58751
18340	71,43556	-3,93214	72,09092	-4,58751
18360	72,74628	-3,93214	72,74628	-4,58751
18380	72,74629	-3,93214	76,67851	-3,27679
18400	77,98926	-3,27678	77,3339	-3,27679
18420	77,98925	-2,62142	77,98925	-2,62143
18440	77,98925	-1,96607	77,98925	-1,96607
18460	77,98924	-1,31071	77,98925	-2,62143
18480	77,98925	-1,96607	78,64461	-2,62143
18500	77,98924	-1,96607	78,64461	-2,62143
18520	79,29997	-1,96606	79,29997	-2,62143
18540	78,64461	-1,96606	79,29997	-3,27679
18560	79,29997	-2,62143	79,95533	-3,27679
18580	79,29997	-2,62143	79,29997	-2,62143
18600	79,29996	-1,96607	78,64461	-2,62143
18620	79,29997	-1,96607	79,29997	-2,62144
18640	79,29997	-1,96607	79,29997	-3,27679
18660	79,95533	-1,96606	85,85367	-0,65535
18680	89,78591	1,31075	89,78593	1,31074
18700	89,78591	1,96611	-59,63616	1,31074
18720	90,44128	2,62147	90,44128	1,96611
18740	91,09663	2,62147	91,09664	1,9661
18760	91,09663	2,62147	91,09664	1,9661
18780	91,09663	2,62146	91,09664	1,9661
18800	91,09663	3,27683	91,09663	1,9661
18820	91,09663	2,62147	91,09664	1,9661
18840	91,09663	2,62146	91,09663	1,9661
18860	90,44126	2,62147	91,09663	1,96609
18880	90,44127	2,62146	90,44127	1,9661
18900	90,44126	2,62146	91,09662	1,96609
18920	91,09662	2,62146	91,09662	1,31073
18940	91,09662	1,9661	91,75199	1,96609
18960	94,37347	2,62145	93,06275	2,62145
18980	93,06275	3,93217	92,40739	3,2768
19000	93,06275	4,58752	92,40739	3,93215
19020	92,40738	4,58751	92,40739	3,93215
19040	92,40738	4,58751	92,40738	3,93214
19060	92,40737	4,5875	92,40738	3,93213
19080	92,40737	4,5875	92,40738	4,58749
19100	92,40737	4,5875	91,75202	3,93213
19120	92,40737	4,5875	91,75201	3,93213
19140	92,40737	4,5875	91,75201	3,27677
19160	92,40737	4,5875	92,40737	2,62141
19180	92,40737	3,93214	92,40737	2,62141
19200	92,40736	3,27678	92,40737	2,62141
19220	92,40736	3,27678	92,40737	2,62141
19240	93,06272	3,27678	93,06272	2,62142
19260	93,06272	3,27678	93,06273	2,62142
19280	93,71808	3,27679	93,06273	3,27678
19300	93,71808	3,27679	93,71808	2,62142
19320	94,37344	3,93215	94,37344	3,27678
19340	94,37344	3,93216	94,37345	3,27679
19360	95,0288	3,93216	95,0288	3,27679
19380	95,0288	3,93216	95,0288	3,27679
19400	95,0288	3,93216	95,68416	3,2768
19420	95,68416	3,93216	95,68416	3,27679
19440	95,68416	3,93216	95,68416	2,62144
19460	96,33952	3,2768	96,33953	2,62143
19480	96,33952	3,2768	96,99489	2,62144
19500	96,99489	3,2768	96,99489	2,62144
19520	96,99488	3,2768	97,65025	2,62144
19540	97,65025	2,62145	97,65025	1,96608
19560	97,65025	2,62144	98,30562	1,31072
19580	92,40732	-0,65533000000001	73,40168	-5,89819
19600	66,19263	-6,55353	67,50337	-7,20891
19620	67,50338	-5,89819	67,50338	-6,55357
19640	68,15873	-6,55356	68,8141	-7,20893
19660	68,81409	-6,55357	68,8141	-7,86429
19680	69,46944	-7,20893	69,46945	-7,8643
19700	69,46944	-7,20893	70,12481	-8,51966
19720	70,12481	-7,8643	70,78016	-9,17502
19740	70,78016	-8,51966	71,43552	-9,83038
19760	70,78015	-9,83037	71,43552	-11,1411
19780	70,78015	-11,14108	64,88186	-15,07321
19800	36,70108	-22,28209	5,24344	-31,45704
19820	-13,76219	-36,04451	-11,14076	-36,04453
19840	-10,48539	-34,73379	-9,83007	-35,38913
19860	-9,17474	-34,73374	-7,86403	-34,73373
19880	-7,2087	-34,07835	-59,63752	-34,73369
19900	-6,55338	-34,07831	-5,24267	-35,38902
19920	-5,24269	-35,38899	-5,2427	-36,04435
19940	-5,24271	-36,04434	-5,24272	-36,6997
19960	-5,24273	-36,69968	-5,24274	-37,35505
19980	-5,24275	-36,04432	-5,24275	-37,35505
20000	-5,24275	-37,35504	-5,24275	-38,66577
20020	-5,24275	-38,66578	-4,58738	-39,97651
20040	-4,58737	-39,32116	-4,58735	-40,6319
20060	-4,58735	-39,97654	-3,93198	-40,63192
20080	-3,93198	-39,97656	-3,93197	-40,63194
20100	-3,93197	-39,97659	-3,93196	-39,97661
20120	-3,93196	-38,01053	-3,27658	-38,01055
20140	-3,93195	-37,35519	-3,93194	-38,01057
20160	-3,27658	-36,69985	-3,93193	-36,69986
20180	-3,27657	-36,0445	-3,27656	-36,69988
20200	-3,27656	-36,04452	-3,93192	-36,04453
20220	-3,93192	-34,73381	-3,27655	-35,38918
20240	-0,65506	-34,07846	-0,65506	-34,07847
20260	-1,31042	-32,76775	-1,96578	-32,1124
20280	-1,96578	-31,45704	-2,62114	-32,11241
20300	-2,62114	-31,45704	-1,96578	-32,11241
20320	-1,96578	-30,80169	-2,62114	-32,11241
20340	-2,62114	-30,80169	-1,96577	-31,45706
20360	-1,96578	-30,14634	-1,96577	-30,8017
20380	-1,96577	-30,8017	-1,96577	-31,45707
20400	-1,96578	-30,80169	-1,96578	-31,45706
20420	-2,62114	-30,80169	-2,62114	-31,45705
20440	-2,62115	-30,80168	-2,62116	-31,45704
20460	-3,27653	-30,14631	-3,27653	-31,45704
20480	-3,27653	-30,1463	-3,27654	-31,45703
20500	-3,27655	-30,14629	-3,93191	-31,45702
20520	-3,27656	-30,14628	-3,93192	-30,80165
20540	-3,93192	-30,14628	-3,93193	-30,80164
20560	-3,93194	-30,14627	-4,58729	-30,80164
20580	-3,93193	-30,14627	-3,93192	-30,80164
20600	-3,93193	-30,14628	-3,93192	-30,80165
20620	-3,93193	-30,14628	-3,93192	-30,80165
20640	-3,93192	-30,14629	-4,58728	-30,1463
20660	-3,93192	-30,14629	-3,93192	-30,80167
20680	-4,58728	-30,1463	-3,93191	-30,14631
20700	-0,65507	-28,83559	-0,65505	-29,49096
20720	-1,31041	-28,8356	-1,31041	-28,8356
20740	-1,31041	-28,18024	-0,65505	-28,83561
20760	-1,31041	-28,18024	-1,31041	-28,83561
20780	-0,65505	-28,8356	-0,65505	-29,49097
20800	-0,65505	-28,8356	-0,65505	-28,83561
20820	-0,65505	-28,83561	0,00030999999999892	-29,49098
20840	-0,65504	-28,83561	-0,65504	-29,49098
20860	-0,65504	-28,83561	-0,65504	-30,14634
20880	-0,65504	-29,49097	-0,65504	-30,14634
20900	-0,65504	-29,49098	0,0003200000000021	-29,49098
20920	0,0003200000000021	-28,83562	0,00032999999999817	-29,49099
20940	0,0003200000000021	-29,49098	-0,65503	-30,14635
20960	-0,65503	-29,49098	-0,65503	-30,14634
20980	2,62179	-27,5249	7,2094	-27,52492
21000	7,86478	-26,86955	7,20941	-26,86955
21020	7,2094	-26,21419	7,20941	-26,21419
21040	7,2094	-25,55883	7,20941	-26,21419
21060	7,2094	-26,21419	7,2094	-26,86956
21080	7,2094	-26,21419	7,2094	-27,52492
21100	7,86476	-26,86955	7,86476	-26,86956
21120	7,20939	-26,86955	7,2094	-27,52492
21140	7,86475	-26,86955	7,86475	-28,18028
21160	7,86474	-27,52491	8,5201	-28,83564
21180	8,5201	-28,18027	8,5201	-28,83564
21200	9,17546	-26,86955	14,41842	-25,55885
21220	15,72918	-24,90348	15,07382	-25,55885
21240	15,0738	-24,24812	15,0738	-24,24813
21260	15,0738	-23,59276	15,0738	-24,24812
21280	15,72916	-24,24812	16,38452	-24,90349
21300	15,72915	-24,90348	16,38452	-26,2142
21320	17,03987	-25,55883	17,03987	-26,86956
21340	17,03987	-26,21419	17,03988	-27,52492
21360	17,03986	-26,21419	17,03988	-26,86956
21380	17,69522	-25,55884	17,03987	-26,2142
21400	17,03987	-24,90348	17,03987	-25,55884
21420	17,03986	-24,24811	17,03987	-24,90348
21440	17,03986	-24,24812	17,03987	-24,90349
21460	17,03986	-23,59276	19,00598	-24,24813
21480	19,66135	-23,59276	19,00599	-23,59277
21500	19,66134	-21,62668	19,00599	-22,28205
21520	19,00599	-21,62669	19,00599	-22,93741
21540	19,00598	-22,28205	18,35062	-22,28205
21560	18,35062	-21,62669	18,35062	-22,93741
21580	18,35061	-21,62669	18,35062	-22,28206
21600	18,35062	-21,62669	18,35062	-22,28206
21620	18,35061	-20,97133	19,00598	-22,28206
21640	19,00598	-21,6267	19,00599	-22,28206
21660	19,00597	-22,93741	19,00598	-24,24814
21680	19,00597	-24,24813	18,35061	-24,9035
21700	19,00597	-23,59277	19,00596	-24,24815
21720	18,3506	-23,59278	17,69524	-24,24814
21740	17,69524	-22,93742	18,3506	-24,24815
21760	17,69523	-23,59278	17,69524	-24,90351
21780	17,69523	-23,59278	17,69523	-24,24815
21800	17,69522	-23,59279	17,03987	-23,59279
21820	17,69523	-22,93743	17,69523	-23,59279
21840	17,03987	-22,93743	16,38451	-23,59279
21860	16,3845	-22,28207	16,3845	-22,93744
21880	15,72914	-22,28207	15,72914	-22,93744
21900	15,72912	-21,62671	15,72914	-22,93743
21920	15,07632	-21,62671	15,07377	-22,28208
21940	15,07377	-20,97135	15,07378	-20,97136
21960	14,41841	-20,31599	14,41842	-20,97136
21980	14,41841	-20,316	15,07378	-20,97136
22000	20,31673	-17,69457	24,90437	-17,03921
22020	24,90438	-16,38384	24,24901	-16,38385
22040	24,249	-15,72848	24,90437	-16,38385
22060	24,90436	-15,07312	24,90436	-15,72849
22080	24,90436	-15,07313	24,90436	-15,7285
22100	24,90436	-15,07313	24,24901	-15,7285
22120	24,90436	-15,07314	24,90437	-15,07314
22140	24,24901	-14,41778	24,24901	-15,07314
22160	24,90437	-15,07314	24,90436	-15,7285
22180	24,249	-15,07314	26,87049	-14,41779
22200	28,18125	-13,76242	27,52589	-14,41778
22220	26,87052	-13,10706	27,52588	-13,76242
22240	27,52588	-12,45169	27,52588	-13,76242
22260	27,52587	-13,10705	27,52588	-13,76242
22280	27,52588	-13,10705	27,52588	-13,76242
22300	28,18124	-13,10704	28,18125	-13,76241
22320	28,18124	-13,76241	28,18125	-14,41777
22340	28,18124	-13,7624	27,52589	-14,41777
22360	28,18125	-13,7624	28,18125	-14,41777
22380	27,52589	-13,7624	27,52589	-15,07312
22400	27,52589	-13,76239	27,52589	-14,41776
22420	28,18125	-13,76239	27,5259	-14,41775
22440	28,18125	-13,76239	28,18126	-14,41775
22460	28,18125	-13,76239	28,18126	-14,41775
22480	27,5259	-13,76238	28,18126	-14,41775
22500	28,18125	-13,76238	27,5259	-14,41775
22520	27,5259	-14,41774	27,52591	-15,07311
22540	27,5259	-14,41774	28,18127	-15,07311
22560	28,18127	-14,41774	28,83665	-14,41774
22580	38,66719	-10,48558	42,59948	-10,48557
22600	42,59948	-9,83021	41,94411	-10,48557
22620	42,59947	-9,8302	42,59947	-10,48557
22640	43,25483	-9,8302	43,25482	-10,48557
22660	43,25483	-9,83021	43,25483	-11,14093
22680	43,91019	-10,48557	43,91018	-11,14094
22700	43,91019	-10,48557	44,56555	-11,14094
22720	44,56555	-10,48558	45,22092	-11,7963
22740	44,56555	-9,83022	45,22092	-11,14094
22760	45,22091	-10,48558	45,22092	-11,14095
22780	45,22091	-10,48558	45,22091	-11,14095
22800	45,22091	-9,83022	45,22091	-10,48559
22820	45,22091	-9,83023	45,22091	-11,14096
22840	45,22091	-10,48559	46,53164	-11,14095
22860	46,53163	-11,14095	46,53164	-11,79632
22880	46,53164	-11,79631	46,53164	-12,45168
22900	47,187	-11,79631	52,42998	-9,83023
22920	55,70685	-9,17486	54,39613	-9,83024
22940	54,39612	-9,17487	54,39612	-9,17487
22960	55,05147	-8,51951	55,05148	-9,83024
22980	55,70683	-9,17488	55,70683	-9,83024
23000	55,70683	-9,17488	55,70684	-10,48561
23020	55,70682	-9,83023	56,3622	-10,48561
23040	56,36219	-9,83024	56,36219	-11,14097
23060	56,36218	-9,83024	56,36219	-10,48561
23080	56,36218	-9,83024	56,36218	-10,48561
23100	56,36217	-10,4856	55,70682	-11,79633
23120	53,74071	-10,48559	53,74072	-11,14096
23140	54,39608	-10,4856	54,39609	-10,4856
23160	54,39608	-10,4856	54,39608	-11,14096
23180	58,98366	-9,17487	64,22665	-9,17487
23200	63,57128	-8,5195	63,57127	-9,83023
23220	64,22662	-8,51951	64,22663	-9,83023
23240	64,88199	-9,17487	64,22663	-9,83023
23260	64,88198	-9,17487	64,88198	-9,83024
23280	64,88198	-9,17487	65,53735	-9,83024
23300	65,53734	-9,17488	65,53734	-9,83024
23320	66,1927	-9,17488	66,1927	-9,83025
23340	66,1927	-9,17488	66,1927	-9,83025
23360	66,1927	-9,17488	66,1927	-9,17489
23380	66,1927	-8,51953	66,1927	-9,17489
23400	66,19269	-8,51953	66,1927	-9,1749
23420	66,84806	-8,51953	66,84805	-8,51954
23440	67,50341	-7,86418	67,50342	-8,51954
23460	67,50342	-7,86418	67,50342	-8,51954
23480	66,84806	-7,86418	67,50342	-9,17491
23500	67,50342	-8,51954	67,50342	-9,17491
23520	68,15878	-7,86418	68,15878	-9,17491
23540	68,15877	-8,51954	68,15878	-9,1749
23560	68,81414	-8,51954	66,19268	-9,83026
23580	53,7407	-11,7963	-59,63664	-13,10702
23600	49,15314	-12,45165	49,80852	-13,10703
23620	49,80851	-13,10703	49,80851	-14,41775
23640	50,46387	-13,76239	50,46386	-15,07312
23660	50,46386	-15,07311	50,46385	-15,72848
23680	50,46385	-15,72848	50,46385	-16,38384
23700	50,46384	-16,38383	50,46384	-17,0392
23720	50,46384	-17,0392	50,46383	-17,0392
23740	50,46383	-17,0392	50,46384	-17,69457
23760	50,46383	-17,0392	50,46383	-17,69456
23780	50,46383	-17,69456	50,46383	-18,34993
23800	50,46382	-17,69456	50,46383	-18,34992
23820	51,11919	-17,69456	51,11919	-19,00528
23840	51,11918	-18,34992	51,11919	-19,00529
23860	51,77454	-17,69456	51,11919	-19,00528
23880	51,11918	-17,69456	51,11918	-19,00529
23900	51,11918	-18,34992	51,11918	-19,00529
23920	51,11917	-18,34992	51,11917	-19,00528
23940	49,15307	-19,66062	37,35647	-23,59276
23960	28,83668	-23,59273	28,18131	-24,24811
23980	28,83669	-22,28204	28,18133	-22,93742
24000	27,52595	-22,28205	27,52595	-22,93742
24020	28,1813	-21,6267	28,1813	-22,28207
24040	28,18129	-21,62671	28,1813	-22,93744
24060	28,83664	-21,62672	28,83664	-22,93745
24080	28,83664	-22,93744	28,83664	-23,59281
24100	28,83663	-22,93744	28,83663	-23,59281
24120	28,83663	-22,93745	29,49198	-24,24818
24140	29,49198	-22,93745	28,83662	-23,59282
24160	28,83662	-22,93746	29,49198	-24,24818
24180	28,83661	-23,59282	29,49197	-24,24819
24200	29,49197	-22,93746	29,49197	-23,59283
24220	29,49196	-22,93747	30,14733	-23,59283
24240	30,80269	-22,93747	30,14733	-24,24819
24260	30,80269	-23,59283	30,80269	-24,24819
24280	30,80269	-23,59283	30,14733	-24,90355
24300	30,80269	-23,59283	30,14733	-24,90356
24320	30,80268	-24,24819	30,80269	-24,90356
24340	30,80269	-24,2482	30,8027	-24,90356
24360	31,45804	-24,2482	30,8027	-24,90356
24380	30,8027	-24,2482	31,45806	-24,90357
24400	30,80269	-24,2482	-59,63699	-24,90356
24420	31,45805	-24,2482	30,80269	-24,90356
24440	30,80269	-24,2482	30,80269	-24,90356
24460	30,80269	-24,90355	30,80269	-24,90356
24480	30,80269	-24,24819	30,80269	-24,90356
24500	30,80269	-24,24819	30,8027	-24,90355
24520	30,80269	-24,24819	30,8027	-24,90356
24540	30,80269	-24,24819	30,80269	-24,90356
24560	30,80269	-24,24819	30,80269	-24,90355
24580	30,80268	-24,24818	30,80269	-24,90355
24600	30,80269	-24,24818	30,80269	-24,90355
24620	31,45804	-23,59283	30,80269	-24,24819
24640	31,45805	-24,24819	31,45804	-24,24819
24660	31,45805	-23,59283	30,80269	-24,24819
24680	31,45805	-24,24818	31,45804	-24,90355
24700	31,45804	-24,24818	31,45804	-24,90355
24720	30,80268	-24,24818	32,1134	-24,90355
24740	31,45804	-24,24818	32,1134	-24,90355
24760	32,1134	-24,24818	32,1134	-24,90355
24780	32,11339	-24,90354	26,21509	-26,21424
24800	22,28289	-26,21423	21,62752	-26,8696
24820	21,62753	-25,55887	21,62752	-26,21425
24840	21,62752	-26,21424	21,62752	-26,86961
24860	22,28287	-26,21424	22,28287	-26,86961
24880	22,93822	-26,86961	22,93823	-28,18033
24900	22,93822	-27,52496	22,28286	-27,52497
24920	22,93822	-28,18033	22,93822	-28,8357
24940	22,93821	-28,18033	22,28285	-28,8357
24960	22,93821	-28,18033	22,93821	-28,83569
24980	22,93821	-28,18033	27,52581	-26,21426
25000	37,35638	-23,59281	38,0118	-24,24817
25020	36,70106	-24,24817	37,35641	-24,24817
25040	38,01176	-24,24817	38,01177	-24,90354
25060	38,66712	-24,24817	38,66712	-24,90354
25080	38,66711	-24,90354	38,66712	-25,5589
25100	38,6671	-24,24818	38,66711	-24,90355
25120	38,6671	-24,24818	38,6671	-24,90355
25140	38,6671	-24,24818	38,6671	-24,90355
25160	38,6671	-24,24818	38,66709	-24,90355
25180	38,66708	-24,24818	38,01173	-24,90355
25200	38,01172	-24,24818	38,66708	-24,90355
25220	38,66708	-24,24818	38,66708	-24,90355
25240	38,66707	-23,59283	38,66708	-24,24819
25260	38,66708	-23,59283	38,01172	-24,24819
25280	38,66708	-23,59283	38,01173	-23,59283
25300	38,01172	-23,59282	38,01172	-23,59283
25320	38,01171	-22,93746	38,01171	-24,24819
25340	37,35635	-22,93746	38,01171	-23,59283
25360	38,01171	-22,93746	38,01171	-23,59283
25380	38,01171	-22,93746	38,01172	-23,59283
25400	36,0456	-22,93746	34,73488	-22,93746
25420	34,73488	-22,2821	34,73489	-22,28211
25440	34,73488	-20,97138	34,07952	-22,28211
25460	34,07951	-21,62675	34,07951	-22,93747
25480	34,0795	-22,2821	34,0795	-23,59283
25500	34,73486	-22,2821	34,73486	-22,93747
25520	34,73486	-22,28211	34,73486	-22,93747
25540	34,73487	-22,28211	34,73487	-23,59284
25560	34,73487	-22,93747	34,73486	-23,59283
25580	34,73486	-22,93747	34,73486	-24,24819
25600	34,73485	-23,59283	34,73485	-23,59284
25620	34,73485	-22,93747	34,73485	-24,2482
25640	34,73484	-22,93747	34,73484	-24,2482
25660	34,73484	-23,59283	34,73485	-23,59284
25680	35,39019	-23,59283	34,73484	-23,59284
25700	34,73483	-23,59284	34,73483	-24,2482
25720	34,73483	-24,24819	34,73483	-24,90356
25740	34,73482	-25,55891	34,73481	-26,86963
25760	34,73481	-28,18034	35,39017	-28,8357
25780	43,90998	-24,90352	51,77449	-25,55887
25800	50,46379	-25,55886	48,49768	-26,21423
25820	48,49767	-24,9035	49,8084	-25,55887
25840	49,15303	-24,9035	49,15302	-25,55887
25860	49,15301	-25,55887	49,15301	-25,55888
25880	49,80836	-25,55888	49,80836	-26,21424
25900	49,80835	-25,55887	50,46371	-26,21425
25920	50,4637	-25,55888	50,4637	-26,21425
25940	50,46369	-24,90353	50,46369	-24,90353
25960	50,46369	-24,24817	51,11906	-24,24818
25980	51,11906	-23,59281	51,11906	-24,24818
26000	51,11905	-23,59282	51,11905	-24,24819
26020	51,77442	-23,59282	51,77441	-24,24819
26040	51,11905	-22,93746	51,11905	-22,93747
26060	51,11905	-22,2821	51,11905	-22,93747
26080	51,11904	-22,2821	51,11905	-22,93747
26100	51,7744	-22,2821	51,77441	-22,93747
26120	52,42976	-21,62674	52,42978	-22,28211
26140	53,08514	-21,62674	53,74051	-21,62675
26160	53,74051	-21,62674	54,39588	-21,62675
26180	54,39588	-20,97138	58,3281	-19,66066
26200	62,91574	-17,03921	62,91577	-17,69457
26220	62,91576	-16,38384	62,26039	-17,03921
26240	62,26039	-15,72849	62,26039	-15,72849
26260	62,26039	-15,72849	62,91574	-15,7285
26280	62,91574	-15,07313	62,91575	-15,7285
26300	62,91574	-14,41778	63,57111	-15,07314
26320	63,57111	-14,41777	63,57111	-15,07314
26340	63,57111	-13,76241	62,91575	-15,07314
26360	62,91575	-13,76241	62,26039	-14,41778
26380	62,91575	-13,76241	62,26039	-14,41778
26400	62,26038	-13,10705	62,26039	-13,76242
26420	61,60502	-13,10705	62,26039	-14,41778
26440	61,60502	-13,10705	61,60502	-13,76242
26460	61,60502	-13,10705	61,60503	-13,10706
26480	64,88188	-11,79633	65,53726	-12,4517
26500	65,53726	-11,14097	64,8819	-11,79634
26520	65,53726	-10,48561	65,53726	-10,48562
26540	64,8819	-9,83026	64,88191	-10,48562
26560	64,8819	-9,83025	65,53727	-10,48562
26580	64,88191	-9,83026	64,88191	-10,48562
26600	64,88191	-10,48561	64,22655	-11,14099
26620	64,8819	-10,48561	64,22654	-11,14099
26640	64,22655	-9,83026	64,22655	-10,48562
26660	64,88191	-9,83026	64,88192	-10,48563
26680	64,88192	-9,83026	64,88193	-10,48563
26700	65,53729	-9,83027	65,5373	-10,48564
26720	65,5373	-9,1749	66,19267	-9,83028
26740	66,19267	-9,17491	66,19267	-9,83027
26760	65,5373	-9,17491	66,19267	-9,83028
26780	66,19266	-9,83027	65,5373	-10,48564
26800	66,19265	-9,83028	66,19266	-11,141
26820	66,19266	-10,48563	66,19267	-11,79636
26840	66,84803	-11,141	67,5034	-11,79636
26860	67,5034	-11,14099	67,5034	-12,45172
26880	67,5034	-11,79636	67,5034	-12,45173
26900	68,15875	-11,79636	68,15875	-13,10709
26920	68,15875	-11,79636	68,15876	-13,10709
26940	68,15875	-12,45172	68,81411	-13,10709
26960	68,81411	-12,45172	68,15875	-13,10709
26980	68,15876	-12,45172	68,15875	-13,10708
27000	68,15874	-12,45171	68,15874	-13,76244
27020	68,15873	-13,10707	67,50337	-14,41779
27040	67,50336	-13,76243	67,50335	-14,41779
27060	66,84798	-14,41778	67,50589	-15,07315
27080	67,50334	-14,41778	67,50334	-15,72851
27100	67,50334	-15,07314	66,84798	-15,07315
27120	67,50334	-14,41778	67,50334	-15,07314
27140	67,50334	-14,41778	67,50333	-15,07314
27160	67,50332	-14,41776	67,50331	-15,72847
27180	67,50329	-15,07309	67,50328	-16,3838
27200	66,84791	-16,38378	66,8479	-17,03913
27220	66,84788	-17,03911	66,84788	-17,69446
27240	66,84786	-17,03909	66,84786	-18,34981
27260	67,50322	-17,69443	67,50321	-19,00515
27280	58,32809	-20,97118	31,45803	-30,14616
27300	3,2772	-36,0443	-13,10695	-39,32107
27320	-9,1748	-38,01036	-7,20869	-38,01038
27340	-7,86407	-37,35502	-7,20871	-38,66575
27360	-6,55335	-38,0104	-5,89798	-38,66579
27380	-5,89799	-38,01044	-5,24262	-39,3212
27400	-5,24263	-38,66586	-5,24262	-39,32125
27420	-4,58727	-39,32127	-4,58727	-39,32131
27440	-4,58726	-38,66596	-4,58726	-39,9767
27460	-4,58726	-38,66599	-4,58726	-39,97673
27480	-4,58726	-38,666	-5,24262	-39,32137
27500	-5,24263	-38,666	-5,24262	-39,32138
27520	-5,24263	-38,01065	-4,58726	-39,32138
27540	-7,20872	-38,66599	-13,107	-41,2874
27560	-15,72846	-40,63202	-15,07308	-40,63204
27580	-14,41772	-39,32132	-14,41771	-39,97669
27600	-14,41772	-39,32132	-14,41772	-39,97669
27620	-15,07308	-39,32132	-15,07308	-39,97669
27640	-15,07309	-39,32132	-15,07309	-39,97668
27660	-15,07309	-39,32131	-15,72845	-39,97667
27680	-15,72845	-39,3213	-16,38381	-39,97666
27700	-16,38381	-39,3213	-16,3838	-39,97666
27720	-16,3838	-39,32129	-16,3838	-39,97666
27740	-16,3838	-39,32129	-17,03916	-39,3213
27760	-17,03916	-39,32129	-17,69451	-39,32131
27780	-17,03916	-38,66594	-17,03915	-39,32131
27800	-17,03915	-38,66594	-17,03915	-38,66595
27820	-15,07303	-38,01059	-15,07302	-38,01061
27840	-15,07303	-38,0106	-15,07303	-38,01061
27860	-15,07303	-37,35525	-15,07303	-38,01061
27880	-15,07303	-37,35526	-15,07304	-38,01063
27900	-15,07304	-37,35526	-15,07305	-38,01063
27920	-15,07305	-37,35527	-15,07305	-38,01064
27940	-14,41769	-36,69992	-14,4177	-37,35529
27960	-14,4177	-37,35528	-13,76233	-38,01065
27980	-14,4177	-36,69993	-13,76233	-38,01066
28000	-13,76233	-37,35529	-13,76233	-38,01065
28020	-13,10697	-37,35529	-12,45161	-38,66601
28040	-13,10698	-37,35529	-13,10698	-38,01066
28060	-13,76234	-37,35529	-13,10698	-38,01066
28080	-13,76234	-37,35529	-13,76234	-38,01066
28100	-13,76235	-36,69994	-14,41771	-37,3553
28120	-14,41772	-36,69994	-14,41771	-38,01067
28140	-14,41771	-36,69995	-13,76235	-37,35531
28160	-14,41771	-36,69995	-14,4177	-37,35531
28180	-14,41771	-36,69995	-14,41771	-38,01067
28200	-14,41772	-37,3553	-13,76235	-38,01067
28220	-13,10699	-36,04458	-4,58716	-33,42317
28240	1,96656	-32,7678	0,65584	-33,42317
28260	0,0004599999999968	-32,7678	0,65583	-33,42317
28280	1,31119	-33,42317	1,31118	-34,07853
28300	1,96654	-33,42317	2,6219	-34,7339
28320	2,6219	-34,07853	3,27726	-34,7339
28340	3,27727	-34,07854	3,27726	-34,7339
28360	3,27726	-34,07854	3,27726	-35,38926
28380	3,27725	-34,07854	3,27725	-35,38926
28400	3,27724	-34,7339	3,27725	-34,73391
28420	3,27724	-34,7339	3,9326	-35,38927
28440	4,58796	-34,73391	4,58796	-34,73392
28460	4,58796	-34,07855	4,58796	-34,73392
28480	4,58796	-34,07855	5,24332	-34,73392
28500	5,24331	-34,07856	5,24332	-34,07857
28520	5,24331	-33,4232	5,24331	-34,07857
28540	5,2433	-33,42321	5,2433	-34,07858
28560	5,89866	-33,42321	5,89866	-33,42322
28580	5,89866	-32,76786	5,89867	-33,42322
28600	5,89866	-32,1125	5,89867	-32,76787
28620	5,89866	-32,1125	5,89866	-32,76787
28640	5,89866	-32,1125	5,89866	-32,76787
28660	5,89865	-32,11251	5,89865	-32,76787
28680	5,89865	-32,11251	5,89865	-32,76787
28700	5,89865	-31,45715	5,89866	-32,11252
28720	6,55401	-31,45716	6,55401	-32,11252
28740	7,20938	-31,45715	7,20937	-32,11253
28760	7,20938	-31,45715	6,55401	-32,11253
28780	6,55401	-32,11252	5,89864	-32,11253
28800	5,89864	-32,11252	5,89863	-32,76789
28820	5,89863	-32,11252	5,89863	-32,76789
28840	5,89862	-32,11252	5,89863	-32,76789
28860	5,89862	-31,45717	5,89863	-32,76789
28880	6,55399	-31,45717	6,554	-32,11254
28900	6,55399	-31,45717	6,55399	-32,76789
28920	7,20935	-32,11253	7,20936	-33,42325
28940	7,86471	-32,76789	7,86471	-33,42326
28960	7,86471	-32,76789	7,20935	-33,42326
28980	11,14156	-31,45717	15,0738	-32,11255
29000	15,72917	-30,80182	14,41845	-31,45718
29020	15,0738	-30,14645	15,07381	-31,45719
29040	15,0738	-30,80182	15,0738	-31,45718
29060	15,0738	-30,80182	15,0738	-32,11255
29080	15,0738	-30,80182	15,0738	-32,11255
29100	15,07379	-31,45718	15,07379	-32,11255
29120	15,07379	-32,11254	15,07379	-32,76791
29140	15,72915	-32,11254	15,07379	-32,11255
29160	15,07379	-31,45719	15,0738	-32,11256
29180	15,0738	-31,45719	15,0738	-32,76792
29200	15,0738	-32,11255	15,0738	-32,76792
29220	15,07379	-32,11256	15,07379	-32,76792
29240	14,41842	-32,11256	14,41842	-32,76792
29260	14,41842	-32,11256	14,41842	-32,76792
29280	14,41842	-32,11255	17,03989	-32,11257
29300	18,35065	-31,4572	17,69528	-32,76793
29320	17,69528	-31,4572	17,69529	-31,4572
29340	17,69529	-30,80184	17,6953	-31,4572
29360	17,69529	-31,4572	17,69529	-32,11256
29380	17,69529	-31,45719	17,69529	-32,76792
29400	17,69528	-32,11255	17,03992	-32,76792
29420	17,69527	-32,11255	17,03991	-32,76792
29440	17,03991	-32,11256	17,03991	-32,76792
29460	17,69527	-32,11255	17,69527	-32,76792
29480	17,69527	-32,11255	17,69528	-32,11256
29500	24,90434	-28,1804	32,11347	-27,52504
29520	32,11604	-26,86967	31,45811	-27,52504
29540	31,45811	-26,21431	32,11347	-26,21432
29560	32,11347	-25,55895	32,11346	-26,86968
29580	32,76882	-26,21432	32,76882	-26,86968
29600	33,42417	-26,21432	33,42418	-26,86969
29620	33,42417	-26,21432	33,42417	-26,86969
29640	34,07953	-26,21433	33,42417	-26,21433
29660	33,42416	-25,55897	34,07952	-26,86969
29680	33,42416	-26,21432	33,42416	-26,86969
29700	33,42416	-26,21433	34,07951	-26,86969
29720	34,07951	-26,21432	34,07951	-26,86969
29740	34,0795	-26,21432	34,07951	-26,86968
29760	34,73486	-26,21432	33,42414	-26,86968
29780	33,42414	-26,21431	33,42414	-26,21432
29800	35,39024	-24,90359	37,35635	-25,55896
29820	36,70099	-24,90359	36,04562	-24,9036
29840	36,04562	-24,24823	36,04563	-24,24824
29860	36,04562	-23,59287	36,70098	-24,24824
29880	36,70098	-23,59287	36,04563	-23,59288
29900	36,04563	-22,93752	36,70099	-23,59288
29920	36,70099	-22,93752	36,70099	-22,93752
29940	36,70098	-22,28216	36,70098	-22,93753
29960	36,70098	-22,28216	36,70098	-22,93753
29980	36,70098	-22,28216	36,70098	-22,93753
30000	36,70098	-22,28216	36,70098	-22,28217
30020	36,04562	-21,6268	36,70098	-22,28217
30040	36,70097	-21,6268	36,70097	-22,93753
30060	37,35634	-21,6268	39,32246	-22,28217
30080	38,66709	-21,6268	38,66708	-21,62681
30100	38,66708	-20,97144	38,66708	-21,6268
30120	38,66708	-21,6268	38,66709	-21,6268
30140	39,32244	-20,97144	39,97781	-21,6268
30160	39,32246	-20,97143	39,97782	-21,6268
30180	39,97782	-20,97143	39,32247	-20,97144
30200	39,32246	-20,97143	39,32246	-21,6268
30220	39,32245	-20,97143	38,6671	-21,62679
30240	39,32245	-20,97143	39,32246	-22,28215
30260	39,32245	-21,62679	39,32245	-22,28215
30280	39,32245	-21,62679	39,32245	-22,28215
30300	39,32245	-22,28214	39,32246	-22,93751
30320	39,32246	-22,9375	39,32246	-23,59287
30340	38,66711	-22,9375	38,66711	-23,59287
30360	38,6671	-22,93749	38,01175	-23,59286
30380	38,01174	-22,93749	37,35639	-23,59285
30400	37,35638	-23,59285	36,70102	-24,24821
30420	37,35638	-23,59284	36,70102	-24,24821
30440	36,70102	-23,59284	36,70103	-24,24821
30460	36,70102	-22,93748	36,70103	-24,24821
30480	36,70103	-23,59284	37,3564	-24,24821
30500	36,70104	-22,93748	36,70104	-24,2482
30520	36,70103	-23,59284	36,04567	-24,24821
30540	36,04567	-23,59284	36,04567	-24,90356
30560	36,04567	-24,24819	36,04567	-24,90356
30580	36,70103	-23,59283	36,70104	-24,90356
30600	36,70103	-23,59283	36,70104	-24,90356
30620	34,73495	-25,55889	24,24908	-28,83567
30640	15,7293	-29,491	15,07393	-29,49101
30660	15,7293	-28,1803	15,07394	-29,49102
30680	15,72929	-28,1803	16,38465	-29,49103
30700	16,38465	-28,83566	16,38464	-30,14639
30720	17,04	-29,49102	17,04	-30,14639
30740	17,69536	-29,49102	17,69536	-30,14639
30760	18,35072	-30,14638	17,69536	-30,80175
30780	18,35072	-29,49103	17,69536	-30,80175
30800	17,69535	-30,14639	18,35071	-30,80176
30820	18,3507	-30,14639	18,35071	-31,45712
30840	19,00606	-30,80175	19,00607	-30,80176
30860	19,00606	-30,1464	19,66143	-32,11248
30880	19,66143	-30,80175	20,31679	-31,45712
30900	20,31679	-30,80176	19,00606	-32,11247
30920	14,41848	-31,45709	12,45239	-32,11245
30940	13,10776	-31,45709	13,10776	-32,11247
30960	13,76311	-31,4571	13,76311	-32,76783
30980	13,76311	-32,11246	14,41847	-32,76783
31000	14,41847	-32,11247	13,76311	-32,76783
31020	14,41847	-32,11247	13,76311	-32,76783
31040	13,76311	-32,11247	13,76312	-32,76784
31060	13,76311	-32,11247	13,76312	-32,76784
31080	13,76311	-32,11247	13,76311	-32,76784
31100	14,41847	-32,11247	13,76311	-32,76783
31120	13,76311	-32,11247	13,76311	-32,76784
31140	13,76311	-32,11247	13,76311	-32,76783
31160	13,10775	-31,4571	13,10775	-32,76783
31180	12,45238	-31,4571	12,45239	-32,76783
31200	12,45238	-32,11247	12,45238	-32,76784
31220	12,45238	-32,11247	15,07386	-31,45712
31240	16,38461	-30,1464	15,72925	-31,45712
31260	15,72924	-29,49104	15,72924	-30,14641
31280	15,72925	-29,49104	15,72925	-30,14641
31300	15,72924	-29,49104	15,72924	-30,14641
31320	15,07388	-30,1464	15,72924	-30,80177
31340	15,72924	-29,49104	15,72924	-30,14641
31360	15,07387	-29,49104	15,07388	-30,14641
31380	15,07387	-29,49104	15,07387	-30,14641
31400	15,07387	-29,49104	15,07387	-30,14641
31420	15,72923	-29,49104	15,07388	-30,14641
31440	15,07387	-29,49105	15,07387	-29,49105
31460	15,07386	-29,49104	15,07387	-30,14642
31480	15,07386	-29,49105	15,07386	-30,14641
31500	15,07385	-29,49105	15,07386	-30,14642
31520	15,07385	-29,49105	15,07386	-30,80178
31540	15,07385	-29,49106	15,07385	-30,14643
31560	15,07385	-29,49106	15,07385	-30,80178
31580	15,7292	-30,14642	15,07384	-30,80179
31600	15,07384	-30,80178	15,07384	-31,45715
31620	15,07384	-30,14642	15,07385	-31,45715
31640	15,07384	-30,80178	15,07384	-30,80179
31660	15,07384	-30,80178	15,07384	-31,45715
31680	15,07384	-30,14642	15,07384	-30,14643
31700	15,07384	-30,14642	15,07385	-30,80179
31720	15,7292	-30,14642	15,07385	-30,80179
31740	15,07384	-29,49106	15,07385	-30,14643
31760	15,07385	-30,14642	15,07385	-30,80179
31780	15,07384	-29,49106	15,07384	-30,80179
31800	15,07384	-30,80178	15,07384	-30,80179
31820	15,07384	-30,14642	14,41848	-30,80179
31840	15,07383	-30,80178	15,07384	-30,8018
31860	15,07383	-30,14643	15,07384	-31,45715
31880	14,41847	-30,80179	14,41847	-30,80179
31900	14,41846	-30,80179	14,41846	-31,45715
31920	15,07382	-30,80179	14,41846	-31,45716
31940	19,00604	-28,18035	26,21513	-27,52433
31960	26,21517	-26,86964	25,5598	-27,525
31980	25,55978	-26,86964	26,21515	-27,52501
32000	26,21514	-26,21428	26,21514	-27,52501
32020	26,87048	-26,86964	26,87048	-27,52501
32040	26,87048	-26,86964	26,87048	-27,52501
32060	26,87047	-27,52501	27,52584	-27,52501
32080	27,52583	-27,525	27,52583	-28,18037
32100	27,52583	-27,525	27,52582	-28,18037
32120	27,52582	-27,525	28,18118	-28,18037
32140	28,18118	-27,525	28,18118	-28,18037
32160	28,18118	-27,525	28,18118	-28,83573
32180	28,83653	-28,18036	28,18117	-28,83573
32200	28,18117	-28,18036	28,83652	-29,49108
32220	28,83652	-28,83572	30,80264	-28,18037
32240	33,42415	-27,525	33,42416	-28,18036
32260	32,7688	-27,525	32,7688	-27,52501
32280	32,7688	-26,86963	32,7688	-27,52501
32300	32,76879	-26,86964	32,7688	-27,52501
32320	32,76879	-26,86964	33,42416	-27,52501
32340	33,42414	-26,86964	33,42415	-27,52501
32360	32,76878	-26,86964	33,42415	-27,52501
32380	33,42415	-26,86964	32,76879	-28,18036
32400	32,76878	-26,86964	32,76879	-27,525
32420	33,42415	-26,86964	32,76879	-27,525
32440	32,76878	-27,52499	32,76878	-28,18037
32460	32,76878	-27,52499	32,76878	-28,18036
32480	32,76878	-27,525	32,11342	-28,18036
32500	32,11342	-27,52499	31,45805	-28,18037
32520	32,11341	-27,525	36,04564	-27,525
32540	36,04566	-26,86964	36,04565	-27,525
32560	36,04565	-26,21428	36,04565	-26,86964
32580	36,04565	-26,21428	36,70101	-27,52501
32600	36,70101	-26,86964	36,70102	-27,525
32620	36,70101	-27,525	36,70102	-28,18036
32640	36,70101	-28,18036	36,70101	-29,49108
32660	36,70101	-28,83571	36,70101	-29,49108
32680	36,701	-28,83572	36,70101	-28,83572
32700	37,35637	-28,83571	36,70101	-29,49109
32720	37,35637	-28,18036	37,35637	-28,83573
32740	37,35637	-28,18036	38,01173	-28,83573
32760	38,01173	-28,18037	38,6671	-28,83574
32780	38,6671	-28,18037	38,66711	-28,18037
32800	38,66711	-27,52501	38,66711	-28,18037
32820	39,32247	-27,52501	39,32247	-28,18038
32840	39,32247	-28,18037	39,32247	-28,18038
32860	39,32246	-27,52501	39,32247	-28,83574
32880	38,6671	-28,18038	38,66711	-28,83574
32900	38,66711	-28,83573	38,01175	-29,4911
32920	41,28858	-26,86965	-59,63672	-26,21429
32940	49,1531	-24,90356	47,84236	-25,55893
32960	48,49771	-24,2482	49,15307	-25,55893
32980	49,80843	-24,90356	49,15307	-25,55893
33000	49,80842	-24,90356	49,80842	-26,21429
33020	49,80842	-24,90356	49,80842	-25,55893
33040	49,80842	-24,90356	49,80842	-25,55893
33060	49,80841	-24,90356	49,80841	-25,55893
33080	49,80841	-24,90357	49,80841	-24,90358
33100	53,74062	-23,59284	55,70676	-24,24821
33120	54,39603	-22,93748	55,05138	-23,59285
33140	55,70674	-22,28212	55,70675	-22,93749
33160	55,70674	-22,28212	56,3621	-22,28213
33180	56,3621	-21,62676	56,36211	-22,28213
33200	56,36211	-20,97141	56,36211	-21,62678
33220	56,3621	-20,31605	56,3621	-21,62678
33240	56,3621	-20,97141	56,3621	-21,62678
33260	56,36209	-20,31605	56,36209	-20,97142
33280	56,36208	-20,31606	56,36209	-20,97142
33300	56,36209	-20,31605	57,01745	-20,97142
33320	56,36209	-20,31606	56,3621	-20,97142
33340	57,01746	-20,97141	56,3621	-20,97142
33360	56,36209	-20,97141	56,3621	-21,62678
33380	55,70673	-20,31606	55,70673	-20,97143
33400	55,70672	-20,31606	55,70672	-21,62679
33420	55,70671	-20,97142	56,36208	-20,31606
33440	62,9158	-17,03925	68,15879	-15,72852
33460	68,15881	-15,07316	67,50343	-15,72852
33480	67,50342	-15,07316	68,15879	-15,72785
33500	68,15878	-15,07316	68,15878	-15,72853
33520	68,15878	-15,72853	68,15878	-16,38389
33540	68,15877	-15,72853	67,50342	-16,38389
33560	67,5034	-15,72853	67,5034	-16,3839
33580	67,5034	-15,72853	67,5034	-16,3839
33600	67,5034	-15,07317	67,5034	-16,3839
33620	67,5034	-15,07318	67,5034	-16,3839
33640	68,15876	-15,72854	68,15876	-16,3839
33660	68,15875	-15,72853	68,81412	-16,38391
33680	68,81412	-15,72853	68,81412	-16,38391
33700	68,81412	-16,38389	68,81412	-16,3839
33720	68,81412	-15,72854	68,81412	-16,3839
33740	68,81411	-16,3839	68,81412	-17,03926
33760	68,81411	-16,38389	60,94972	-19,66067
33780	53,0853	-19,66066	51,77458	-20,97138
33800	53,08532	-19,66067	53,08531	-20,31604
33820	53,0853	-19,66068	53,08531	-20,31605
33840	53,74066	-20,31604	53,74066	-20,31605
33860	53,74065	-20,31604	53,74066	-20,31605
33880	53,74064	-19,66069	53,74065	-20,97141
33900	53,74064	-20,31604	53,74064	-20,97141
33920	53,74063	-20,31605	54,396	-20,97142
33940	54,396	-20,31605	54,396	-21,62678
33960	54,39599	-20,31605	54,396	-21,62678
33980	55,05136	-20,97141	55,05136	-21,62677
34000	55,70671	-20,97141	55,70672	-21,62678
34020	55,70671	-21,62677	55,70671	-22,28214
34040	55,05135	-20,97141	55,05135	-21,62678
34060	55,7067	-21,62678	55,70671	-22,28214
34080	55,7067	-20,97141	55,70671	-22,28214
34100	56,36206	-21,62677	56,36207	-22,9375
34120	56,36207	-22,28213	57,01743	-22,9375
34140	57,01744	-23,59285	58,32815	-24,90357
34160	62,91573	-23,59283	68,8141	-23,59283
34180	69,46948	-23,59281	68,15874	-24,24819
34200	68,8141	-22,93745	68,8141	-23,59282
34220	68,8141	-22,93746	68,8141	-24,24819
34240	69,46945	-23,59282	69,46946	-24,24819
34260	69,46947	-24,24818	70,12483	-24,90355
34280	69,46946	-23,59282	70,12483	-24,24819
34300	70,12483	-24,24818	70,12483	-24,24819
34320	70,12483	-24,90354	70,12482	-25,55891
34340	70,12483	-24,90354	70,12483	-25,55891
34360	70,12482	-24,90353	70,12482	-26,21425
34380	70,12482	-26,21425	70,12482	-26,86961
34400	69,46945	-25,55889	69,46945	-26,21426
34420	69,46945	-26,21425	68,81409	-26,86962
34440	70,78019	-24,24816	79,30007	-21,62671
34460	85,19847	-20,31596	83,88775	-20,31596
34480	83,23238	-19,66059	84,54309	-19,6606
34500	84,5431	-19,00524	84,54309	-19,66061
34520	85,19844	-19,00525	85,19844	-19,00526
34540	85,19844	-18,3499	85,19843	-19,00526
34560	85,19843	-17,69454	85,19842	-19,00527
34580	85,19842	-17,69454	85,85378	-18,34991
34600	85,85378	-17,69455	85,85378	-17,69456
34620	85,85378	-17,03919	86,50915	-17,0392
34640	86,50914	-16,38383	87,16451	-17,0392
34660	87,16451	-15,72848	87,16451	-16,38384
34680	87,16451	-15,72848	87,16452	-15,72849
34700	87,16451	-15,07312	87,16452	-15,72849
34720	87,16452	-15,07312	87,16452	-15,07313
34740	87,16451	-13,7624	87,16452	-14,41777
34760	86,50915	-13,76241	86,50916	-13,76242
34780	87,16451	-13,10705	87,16707	-13,10705
34800	87,16452	-12,45169	87,16452	-13,76242
34820	87,16452	-12,45169	87,16453	-13,10706
34840	87,16452	-11,79633	87,16453	-12,4517
34860	87,16453	-11,14098	87,16453	-12,4517
34880	87,16453	-11,79633	87,81989	-13,10706
34900	87,81989	-11,79633	87,16453	-13,10705
34920	87,16453	-12,45168	87,16453	-13,76241
34940	87,16453	-13,10704	86,50916	-13,76241
34960	86,50916	-13,10704	86,50916	-13,76241
34980	86,50916	-13,7624	86,50916	-14,41776
35000	86,50916	-13,10704	86,50916	-13,76241
35020	86,50916	-13,10704	86,50916	-13,76241
35040	86,50916	-13,10704	87,16452	-14,41776
35060	87,16452	-13,7624	86,50917	-14,41776
35080	86,50916	-14,41775	86,50916	-15,07311
35100	86,50915	-14,41775	86,50916	-15,07311
35120	86,50914	-14,41775	86,50914	-15,72848
35140	86,50914	-15,0731	86,50913	-15,72847
35160	86,50914	-15,0731	86,50913	-16,38383
35180	86,50914	-15,72846	86,50914	-15,72847
35200	87,1645	-16,38382	86,50913	-17,03918
35220	83,23228	-16,3838	82,57694	-17,03917
35240	83,2323	-16,38381	83,2323	-17,03918
35260	83,2323	-16,38381	83,2323	-17,03918
35280	83,23229	-15,72845	83,23229	-17,03918
35300	83,23228	-16,38381	83,23228	-17,03918
35320	82,57692	-16,38382	83,23228	-17,03918
35340	83,23228	-16,38382	83,23228	-17,03918
35360	83,23228	-17,03917	83,88764	-17,69454
35380	83,88764	-17,03917	83,23228	-17,69454
35400	83,88763	-17,03918	83,23228	-18,3499
35420	83,88763	-17,69454	83,23227	-18,3499
35440	83,23226	-17,69453	83,88762	-18,34991
35460	83,88762	-17,69454	83,88762	-18,34991
35480	83,88761	-17,69454	83,88762	-18,3499
35500	84,54298	-17,69453	84,54297	-18,3499
35520	84,54298	-18,34989	84,54298	-19,66062
35540	84,54297	-18,34989	84,54298	-19,00526
35560	84,54297	-19,00526	83,88761	-19,66063
35580	83,88761	-19,00526	83,88761	-19,66063
35600	83,88761	-19,00526	84,54297	-19,00528
35620	84,54297	-17,69455	83,88762	-19,00528
35640	84,54298	-18,34991	84,54298	-19,00527
35660	85,19834	-18,34991	85,19835	-19,00527
35680	85,19835	-18,34991	85,19835	-19,00527
35700	85,19834	-18,3499	85,19835	-19,00527
35720	85,8537	-19,00527	-59,63621	-19,66064
35740	85,85371	-18,34991	85,85371	-19,00527
35760	86,50907	-17,69455	86,50908	-18,34991
35780	86,50908	-17,69455	86,50908	-18,34992
35800	86,50908	-17,69455	86,50909	-18,34992
35820	87,16444	-17,69455	87,16445	-17,69456
35840	87,16444	-17,0392	87,16444	-18,34993
35860	87,16444	-17,0392	87,16444	-17,69457
35880	86,50907	-17,0392	86,50907	-17,69457
35900	86,50907	-17,0392	86,50907	-17,03921
35920	86,50907	-16,38385	86,50908	-17,03922
35940	86,50907	-16,38385	86,50908	-17,03922
35960	86,50907	-15,72849	87,16444	-17,03922
35980	86,50908	-15,72849	86,50909	-16,38386
36000	86,50908	-15,72849	87,16444	-16,38387
36020	86,50908	-15,07314	86,50908	-15,7285
36040	86,50908	-15,07314	86,50908	-15,72851
36060	86,50908	-15,07314	86,50908	-15,72851
36080	86,50907	-15,07314	86,50908	-15,72851
36100	86,50907	-15,07314	86,50907	-15,72851
36120	86,50907	-15,07314	87,16444	-15,72851
36140	87,16444	-15,7285	86,50908	-15,72851
36160	86,50908	-15,07314	86,50909	-16,38387
36180	86,50908	-15,07314	85,85372	-16,38387
36200	85,85371	-15,07315	85,85371	-16,38388
36220	85,85371	-15,72851	85,85371	-15,72852
36240	85,85371	-15,07315	85,19835	-15,72852
36260	85,85371	-15,07315	85,85372	-16,38388
36280	85,85371	-15,72851	85,85372	-16,38388
36300	85,85372	-15,72851	85,19835	-16,38388
36320	85,19835	-15,72851	87,16447	-15,72852
36340	88,47523	-14,41778	87,81986	-15,72851
36360	87,16448	-14,41779	87,16448	-15,07315
36380	87,16448	-15,07315	87,16448	-15,72851
36400	87,81984	-15,07315	87,81984	-15,72851
36420	87,81984	-15,72851	88,47521	-15,72851
36440	88,47521	-16,38387	88,47521	-16,38387
36460	87,81984	-15,7285	88,4752	-17,03923
36480	87,81984	-16,38387	88,4752	-17,69459
36500	87,81984	-17,03923	87,81984	-17,6946
36520	87,81984	-17,03923	87,16448	-17,6946
36540	87,16447	-17,03924	87,16448	-18,34997
36560	87,16447	-17,6946	87,16447	-18,34997
36580	87,16446	-17,6946	87,16447	-17,69461
36600	89,1306	-16,38388	91,09673	-16,38389
36620	89,786	-15,07316	89,786	-15,72853
36640	90,44136	-15,07316	90,44137	-15,72853
36660	91,09672	-15,07316	90,44136	-16,38389
36680	91,09672	-15,07316	91,09672	-15,72853
36700	91,09672	-15,72853	91,09672	-16,38389
36720	91,75207	-15,72853	91,75208	-16,38389
36740	91,09671	-15,72853	91,75208	-17,03925
36760	91,75207	-16,38388	91,75207	-16,38389
36780	91,75207	-16,38389	91,75207	-17,03926
36800	91,75207	-15,72853	91,75208	-17,03926
36820	92,40744	-16,38389	92,40744	-17,03926
36840	92,40744	-16,38389	92,40744	-17,03926
36860	93,06279	-16,38389	93,0628	-17,03926
36880	92,40743	-17,03925	93,06279	-17,69462
36900	92,40743	-17,03924	92,40743	-17,69461
36920	92,40743	-17,03924	93,06279	-17,69461
36940	93,06278	-17,03924	93,06279	-17,69461
36960	93,06278	-16,38388	93,06279	-17,03925
36980	93,06278	-16,38388	93,71814	-17,03925
37000	93,71814	-16,38388	93,71815	-17,03924
37020	93,71814	-16,38388	93,71814	-17,03925
37040	93,71814	-16,38388	94,3735	-17,03925
37060	94,37349	-17,03924	93,71813	-17,6946
37080	94,37349	-16,38387	94,37349	-17,6946
37100	94,37349	-16,38388	95,02885	-17,03925
37120	95,02886	-17,03924	95,02886	-17,6946
37140	95,02886	-17,03923	95,68422	-17,6946
37160	95,68422	-17,03923	95,02886	-18,34996
37180	95,68422	-17,03923	96,33958	-18,34995
37200	96,33958	-18,34994	96,33959	-19,66067
37220	96,99494	-19,0053	96,99495	-20,31603
37240	96,99495	-19,0053	96,99495	-20,31602
37260	96,33959	-20,31601	86,50908	-22,93743
37280	74,71247	-23,59277	74,0571	-24,90351
37300	74,71247	-24,24815	74,05711	-25,55888
37320	74,71245	-25,55887	75,36781	-26,21425
37340	76,02316	-26,21423	76,02317	-27,52497
37360	76,02316	-26,8696	76,67852	-27,52497
37380	76,67852	-26,86961	76,67853	-27,52498
37400	76,67852	-26,86961	76,67853	-26,86962
37420	77,33388	-26,21426	77,33388	-26,86963
37440	77,33388	-26,21426	77,33388	-26,86963
37460	77,33387	-26,21427	77,33387	-26,86963
37480	77,33387	-26,21426	77,33387	-26,86963
37500	77,33387	-26,21427	77,33387	-26,86964
37520	77,33387	-26,21426	77,33387	-26,86963
37540	77,98923	-26,21427	77,33388	-26,21427
37560	77,98924	-25,55891	77,98924	-26,21427
37580	77,33388	-25,5589	77,98924	-26,21427
37600	77,33388	-25,5589	77,33389	-26,86962
37620	77,33388	-25,5589	77,33388	-26,21426
37640	76,67853	-25,55889	76,67853	-26,21426
37660	76,67853	-25,55889	76,67854	-26,21426
37680	76,67853	-25,55889	76,67854	-26,21426
37700	76,67854	-25,55889	76,67855	-26,21425
37720	76,67854	-25,55888	76,67854	-25,55889
37740	76,67854	-25,55888	76,67855	-26,21425
37760	76,67854	-25,55888	76,67855	-26,21425
37780	76,02319	-25,55888	76,67855	-26,21425
37800	76,02319	-24,90352	76,67856	-26,21425
37820	76,67856	-25,55888	76,0232	-26,8696
37840	76,67856	-26,2136	76,67856	-27,52496
37860	77,33392	-27,52495	77,33392	-27,52496
37880	77,33392	-26,86959	77,33392	-27,52496
37900	77,98928	-26,86959	77,98929	-27,52497
37920	78,64465	-26,8696	79,30001	-27,52497
37940	79,30001	-28,83567	79,95538	-32,11246
37960	80,61072	-36,04457	83,23216	-43,25345
37980	85,8536	-50,46227	90,44114	-58,32648
38000	93,0626	-64,87997	88,47507	-68,15673
38020	79,29998	-66,84598	74,05711	-67,50135
38040	73,40176	-64,87994	71,43569	-64,87997
38060	70,12751	-62,25855	70,12496	-62,25858
38080	70,12496	-61,60322	70,12497	-62,25859
38100	70,78032	-62,91394	71,43568	-64,22466
38120	72,74641	-65,53534	74,05714	-67,50141
38140	74,7125	-67,50139	74,71251	-68,15676
38160	74,05715	-66,84604	74,05715	-66,84605
38180	74,05715	-66,19069	74,71252	-66,84605
38200	72,74642	-66,84603	53,08549	-72,08884
38220	33,42447	-75,3656	25,56006	-76,67633
38240	26,87079	-76,02096	26,8708	-76,67634
38260	27,52614	-75,36562	26,87077	-76,02101
38280	27,52611	-74,7103	26,87075	-75,36568
38300	26,87073	-74,71032	26,87072	-75,3657
38320	27,52607	-74,71034	27,52607	-74,71035
38340	27,52606	-74,055	27,52605	-74,05502
38360	27,52605	-72,7443	27,52604	-73,39968
38380	28,18139	-72,74432	27,52603	-72,74434
38400	28,18138	-72,08898	28,18137	-72,089
38420	28,18137	-71,43364	28,18136	-71,43366
38440	28,18136	-70,12294	28,83672	-70,77832
38460	22,93843	-71,43362	7,20963	-74,055
38480	-7,20842	-73,39959	-8,51916	-74,055
38500	-7,8638	-72,08894	-7,20844	-72,08897
38520	-7,20847	-71,43362	-7,20847	-70,77828
38540	-6,55311	-70,12293	-6,55312	-70,12295
38560	-6,55313	-69,4676	-6,55314	-69,46762
38580	-6,55314	-68,81226	-5,89778	-68,81227
38600	-5,89779	-67,50155	-5,89779	-68,15693
38620	-5,8978	-67,50156	-5,24243	-68,15693
38640	-5,24243	-68,15692	-5,24243	-68,81229
38660	-5,24243	-68,15692	-5,24243	-68,81229
38680	-4,58707	-68,15693	-4,58707	-68,15694
38700	-4,58707	-67,50158	-4,58706	-68,15695
38720	-4,58706	-68,15695	-4,58705	-68,81231
38740	-4,58705	-68,8123	-5,24241	-69,46768
38760	-5,24243	-68,15695	-5,24243	-68,15696
38780	-5,8978	-66,84624	-5,89779	-67,50161
38800	-6,55315	-66,19089	-6,55315	-66,1909
38820	-6,55315	-65,53553	-6,55315	-65,53555
38840	-3,27631	-63,56947	-1,31017	-64,22484
38860	-1,96555	-62,91412	-1,96556	-62,91413
38880	-1,3102	-61,60342	-1,31019	-61,60343
38900	-0,65484	-60,94806	-0,65484	-62,25879
38920	-0,65485	-60,94807	-0,65484	-61,60344
38940	-0,65485	-60,29271	-0,65484	-60,94809
38960	0,00050999999999846	-59,63736	0,00050999999999846	-60,29273
38980	0,65587	-59,63736	0,65587	-59,63738
39000	0,65587	-58,98202	0,65587	-59,63738
39020	0,65587	-58,98202	1,31123	-59,6374
39040	1,31123	-58,32668	1,96659	-58,98205
39060	1,96659	-58,98205	1,9666	-58,98206
39080	2,62196	-58,32669	2,62196	-58,3267
39100	2,62196	-57,67133	2,62196	-58,3267
39120	2,62196	-57,01597	2,62196	-57,67089
39140	1,96659	-57,01598	1,96659	-58,3267
39160	1,96658	-57,01598	1,31122	-57,67135
39180	1,96657	-57,01598	1,96658	-57,67135
39200	1,96657	-57,01598	1,96657	-57,67135
39220	1,96657	-57,01598	2,62194	-57,67135
39240	2,62194	-57,01599	2,62195	-57,67134
39260	3,27731	-57,67133	3,27732	-58,98206
39280	3,27732	-57,67133	3,27732	-58,98205
39300	2,62194	-58,32668	2,62194	-58,32669
39320	1,96657	-58,98204	4,58805	-57,01597
39340	11,79713	-54,39453	11,79718	-55,70526
39360	10,48643	-55,04989	11,14178	-55,70526
39380	10,48641	-54,39454	9,83104	-55,70527
39400	9,17567	-55,70525	9,17568	-57,67131
39420	8,52031	-58,32666	7,86494	-58,98202
39440	7,86493	-59,63696	7,20958	-60,29273
39460	7,20957	-60,29272	6,5542	-60,9481
39480	6,5542	-60,29273	6,55419	-60,29275
39500	7,20955	-59,63738	7,20956	-59,63739
39520	7,20955	-58,98203	7,86493	-58,98203
39540	9,83104	-58,32668	11,14178	-58,98205
39560	11,14177	-57,67132	10,48641	-57,67133
39580	11,79713	-57,01597	11,79713	-58,32669
39600	11,79712	-57,67133	11,14177	-57,67134
39620	11,14176	-57,01597	11,14176	-58,32669
39640	11,14175	-58,32669	11,14176	-58,3267
39660	11,14175	-57,67133	10,48639	-58,32671
39680	10,48639	-57,67134	11,14175	-58,3267
39700	11,14175	-57,67134	11,14175	-58,32671
39720	11,14175	-57,67134	11,14175	-58,32671
39740	11,79711	-57,67134	15,72932	-55,04992
39760	24,24916	-52,42848	26,21531	-51,11777
39780	25,55993	-51,11777	25,55992	-51,11778
39800	25,55991	-50,46242	26,21528	-50,46243
39820	26,21527	-50,46243	26,21526	-51,1178
39840	26,21526	-50,46243	26,21525	-51,1178
39860	26,21524	-51,1178	26,8706	-51,11781
39880	26,8706	-51,1178	26,8706	-51,77317
39900	26,21523	-50,46244	26,87059	-52,42853
39920	26,87058	-51,77316	26,21778	-51,77317
39940	26,87059	-51,1178	26,87058	-51,77317
39960	26,87058	-51,11781	26,87058	-51,77318
39980	26,87057	-51,11781	26,87058	-51,77318
