T	LX	LY	RX	RY
0	0	0	0	0
20	-1,0000000003174E-5	-0,65537	-0,65537	-0,65535999999999
40	-0,65537	-0,65537	-0,65537	-1,9661
60	-0,65537	-3,27683	-1,9999999999243E-5	-3,27682
80	-0,65538	-3,27683	-0,65538	-3,27683
100	-0,65538	-3,27683	-1,31074	-3,27682
120	-1,31074	-3,93219	-1,31074	-3,27683
140	-1,31073	-3,93219	-0,65538	-3,93219
160	-0,65538	-4,58755	-1,31074	-3,93219
180	-1,31074	-3,9322	-1,31074	-3,93219
200	-1,31074	-4,58755	-1,31074	-4,58755
220	-0,65538	-5,24293	-1,9999999999243E-5	-5,24294
240	-1,9999999999243E-5	-5,8983	0,65534	-5,24294
260	0,65535	-5,89831	0,65535	-5,24294
280	0,65534	-5,89831	0,65535	-5,89831
300	0,65535	-5,89832	0,65535	-5,24296
320	0,65535	-6,55368	-1,0000000003174E-5	-5,89831
340	0	-5,89832	-1,0000000003174E-5	-5,89832
360	0,65535	-6,55369	-1,0000000003174E-5	-5,89832
380	-1,0000000003174E-5	-6,55369	-1,0000000003174E-5	-5,89833
400	-1,0000000003174E-5	-6,55369	-1,0000000003174E-5	-5,89833
420	-1,0000000003174E-5	-6,5537	-1,0000000003174E-5	-5,89833
440	-1,0000000003174E-5	-6,5537	-1,0000000003174E-5	-6,55369
460	-1,9999999999243E-5	-7,20906	-1,0000000003174E-5	-6,5537
480	-1,0000000003174E-5	-7,20906	-1,0000000003174E-5	-6,5537
500	-1,0000000003174E-5	-7,86442	0,65535	-7,20907
520	0,65534	-7,86443	-1,9999999999243E-5	-7,86442
540	-1,9999999999243E-5	-9,17515	-3,0000000002417E-5	-9,17516
560	-3,9999999998486E-5	-10,48589	-3,9999999998486E-5	-13,10734
580	-5,9999999997729E-5	-15,07345	-5,9999999997729E-5	-14,41807
600	-0,65541	-14,41808	-1,31077	-14,41807
620	-1,31077	-15,07344	-1,31076	-13,7627
640	6,55371	-9,8305	15,72895	-8,51977
660	17,69508	-7,8644	15,729	-6,55366
680	15,72899	-5,89829	15,07363	-5,89829
700	14,41827	-5,89828	14,41826	-5,89829
720	14,41826	-5,89829	14,41826	-5,89829
740	14,41826	-6,55365	15,07362	-5,89829
760	14,41827	-5,24292	14,41828	-3,27682
780	14,41829	-3,27682	13,10756	-2,62146
800	3,277	-2,62147	-0,65521	-1,31073
820	1,31094	-0,65535999999999	1,31096	0,65538
840	0,65559	1,31075	0,6556	1,96611
860	0,6556	1,31075	0,65561	2,62148
880	0,65561	1,96612	0,00025000000000119	1,96612
900	0,65561	1,96611	0,00025000000000119	1,96612
920	1,31097	1,31075	1,31096	1,31075
940	1,31096	1,31074	1,96632	1,31074
960	3,27704	0,65537	14,41832	2,62146
980	27,52571	3,27683	32,11331	4,58756
1000	31,45795	3,9322	30,80258	5,24293
1020	30,80259	4,58757	30,80258	5,24293
1040	30,80258	4,58757	30,80258	5,24293
1060	30,80257	4,58756	30,14722	5,24293
1080	30,14722	5,24293	30,14722	5,24293
1100	30,80257	5,24292	30,80258	5,24293
1120	30,14721	4,58756	36,04548	7,20902
1140	55,05116	12,45196	70,78002	13,7627
1160	76,67833	13,10733	75,3676	13,76271
1180	74,71223	14,41807	74,71224	14,41808
1200	74,71224	14,41807	74,71224	14,41807
1220	74,05687	13,76271	74,05687	13,76271
1240	73,40151	13,76271	73,40151	13,76271
1260	73,40151	13,10735	73,40152	13,7627
1280	73,40152	13,7627	73,40152	13,10734
1300	73,40152	12,45198	74,05689	13,10734
1320	73,40152	13,10734	73,40153	12,45198
1340	73,40153	11,79661	87,81957	13,10736
1360	108,79139	17,03957	117,96658	19,66104
1380	117,31122	19,00568	116,00049	20,31641
1400	116,00049	20,97177	115,34513	20,97178
1420	115,34512	21,62714	114,68976	21,62714
1440	114,68976	21,62714	114,68977	22,2825
1460	114,03441	21,62713	114,0344	22,2825
1480	114,0344	22,28249	114,0344	22,2825
1500	114,0344	21,62713	114,0344	22,28249
1520	114,68976	22,28249	114,0344	22,93785
1540	113,37904	22,28249	114,0344	22,93786
1560	114,0344	22,28249	113,37904	22,93786
1580	113,37904	22,93785	113,37904	23,59322
1600	113,37904	22,93786	112,72368	24,24859
1620	113,37903	22,93786	113,37903	23,59322
1640	114,03439	23,59321	114,68975	23,59321
1660	122,55414	24,90395	126,48638	25,55932
1680	126,48638	25,55932	125,83101	26,21469
1700	126,48637	26,21468	126,48637	26,87005
1720	126,48637	26,21468	126,48637	26,87005
1740	126,48637	26,87004	126,48636	26,87004
1760	126,48636	26,21468	127,14171	26,87004
1780	127,14172	26,21467	126,48635	26,21468
1800	126,48635	26,21467	126,48634	26,21468
1820	127,1417	25,55931	140,24903	28,83616
1840	154,0118	30,14691	157,28868	29,49155
1860	155,97794	30,14692	155,97794	30,80229
1880	156,63331	30,80229	155,97795	31,45765
1900	156,6333	30,80229	156,6333	31,45765
1920	156,63331	31,45765	156,6333	31,45765
1940	156,63329	31,45765	155,97793	31,45765
1960	-11,13887	31,45765	155,97793	31,45766
1980	-11,13888	31,45765	155,97792	31,45765
2000	155,97792	31,45765	155,97792	31,45765
2020	156,63329	31,45765	155,97793	31,45765
2040	146,14739	27,52541	106,16997	17,69487
2060	57,01725	-9,9999999960687E-6	13,10759	-15,0734
2080	-1,96593	-20,31633	-0,65516	-18,35022
2100	0,65559	-16,38411	-0,65514	-15,07336
2120	-0,65513	-14,418	-0,65513	-12,4519
2140	-1,3105	-12,4519	-1,31049	-11,79653
2160	-0,65513	-11,79555	-1,3105	-11,14116
2180	-0,65514	-11,79653	-0,65514	-11,79653
2200	-0,65514	-11,79654	-0,65514	-11,14117
2220	-0,65514	-7,86436	-3,27656	-3,27679
2240	-4,58727	-2,62143	-4,58728	-1,96606
2260	-3,93192	-2,62143	-3,93192	-1,96606
2280	-3,27656	-2,62143	-3,27656	-2,62143
2300	-2,62121	-2,62144	-2,62121	-2,62145
2320	-1,96586	-2,62145	-1,3105	-2,62145
2340	-0,65514	-2,62146	-1,3105	-2,62146
2360	-1,3105	-3,27683	-1,3105	-3,27682
2380	-1,3105	-3,27683	-1,96586	-3,27682
2400	-1,3105	-3,93219	-1,96588	-3,27683
2420	-1,96587	-3,9322	-2,62124	-3,9322
2440	-1,96587	-4,58756	7,86466	0,65535
2460	43,90989	7,20901	64,88173	9,83047
2480	71,43543	10,48583	71,43544	11,79658
2500	71,43543	11,79659	71,43543	12,45196
2520	70,78006	12,45196	71,43542	12,45196
2540	71,43541	12,45195	71,43541	12,45196
2560	71,4354	12,45195	70,78004	12,45196
2580	70,78004	11,79659	70,78003	12,45196
2600	70,78003	11,79659	70,12466	11,79659
2620	70,12465	11,14123	70,12465	11,79659
2640	70,12465	11,79659	70,12465	11,14123
2660	73,40146	11,79659	83,232	13,10734
2680	91,09643	13,7627	91,75181	13,76271
2700	91,09644	14,41807	91,09644	14,41809
2720	91,09643	13,76271	90,44107	14,41808
2740	90,44106	14,41809	90,44106	15,07345
2760	90,44106	14,41809	90,44106	14,41809
2780	90,44106	14,41809	90,44106	15,07345
2800	90,44105	14,41809	90,44105	14,41809
2820	91,75178	14,41809	106,16987	17,69493
2840	123,86482	18,35032	132,38461	18,35032
2860	132,38461	18,35033	130,41852	19,66106
2880	131,07388	19,66106	131,07388	20,31643
2900	131,07388	19,66107	131,07388	19,66107
2920	131,07388	19,66107	131,07388	20,31642
2940	131,07388	19,66106	131,72923	19,66106
2960	131,07387	19,0057	132,38459	19,66105
2980	133,03995	18,35032	133,6953	19,00567
3000	133,6953	19,00567	133,6953	19,00566
3020	134,35065	18,35029	134,35064	17,69493
3040	135,006	17,69492	133,69528	17,69493
3060	134,35064	17,69491	133,69527	18,35028
3080	134,35062	17,03955	135,00598	17,69491
3100	144,83648	20,97175	152,04559	23,59323
3120	154,66708	22,93786	155,32243	22,93787
3140	154,66706	23,59323	154,66707	24,2486
3160	154,66705	24,24859	155,32242	24,90396
3180	155,32242	24,90396	154,66706	24,90396
3200	154,66705	24,90396	155,3224	25,55932
3220	155,32241	25,55932	155,32241	26,21468
3240	155,97777	25,55932	152,70092	23,59321
3260	121,24329	15,72873	73,40134	5,89824
3280	28,18094	-7,86442	1,31083	-20,97172
3300	-3,27678	-22,28246	9,0000000000146E-5	-18,35025
3320	-0,65527	-17,03951	-1,31064	-16,38413
3340	-1,31064	-15,72877	-1,31063	-14,41804
3360	-1,31063	-14,41803	-1,31062	-13,1073
3380	-1,96597	-12,45194	-43,25365	-12,45194
3400	-1,31061	-12,45194	-1,31062	-11,79658
3420	-1,31063	-11,14122	-1,96598	-11,14122
3440	-0,65526	-9,83049	1,31088	-5,24293
3460	1,31091	-5,24292	1,31091	-5,24293
3480	1,3109	-5,24293	1,96627	-4,58757
3500	1,96627	-5,24293	1,96627	-4,58757
3520	1,96627	-5,8983	1,96628	-5,24294
3540	2,62163	-5,89831	2,62164	-5,24294
3560	2,62164	-5,8983	2,62164	-5,24294
3580	2,62163	-5,89831	1,96627	-5,8983
3600	1,96627	-5,89831	13,1075	-3,27684
3620	28,18098	-3,27683	30,80246	-1,96611
3640	30,14709	-2,62147	30,14708	-2,62147
3660	30,80244	-2,62147	31,4578	-2,62148
3680	31,45779	-3,27684	32,11315	-2,62148
3700	32,7685	-3,27685	32,11314	-2,62149
3720	33,42386	-3,27686	32,7685	-3,27686
3740	33,42385	-3,27686	33,42385	-3,27687
3760	22,28263	-3,93226	4,5877	-5,243
3780	1,96621	-7,86447	3,93235	-7,20909
3800	3,93235	-7,20908	3,93234	-7,20908
3820	4,58769	-7,20908	4,58769	-6,55372
3840	5,24305	-7,20909	5,24305	-6,55372
3860	5,24304	-7,20909	4,58768	-7,20908
3880	5,24304	-7,20908	5,24304	-6,55372
3900	-43,2536	-7,20908	5,24304	-7,20908
3920	5,24304	-7,20908	5,8984	-7,20908
3940	5,8984	-7,20908	5,24304	-6,55372
3960	5,8984	-7,20908	5,8984	-7,20908
3980	5,24303	-7,86444	6,55376	-7,20909
4000	21,62718	-5,24299	45,87578	-1,31079
4020	71,43516	0,65531	79,29962	1,96604
4040	78,64427	2,62142	78,64426	3,27679
4060	79,29963	3,27678	79,29963	3,27678
4080	79,29963	3,27678	79,95498	3,27678
4100	79,95498	2,62142	80,61033	2,62142
4120	79,95496	1,96605	79,95496	1,31069
4140	79,95496	1,31069	79,95495	1,31069
4160	80,61032	0,65533	79,95495	0,65533
4180	80,61031	-3,9999999998486E-5	80,61031	0,65532
4200	80,61031	-3,9999999998486E-5	81,26567	0,65532
4220	80,61031	-4,9999999994554E-5	80,61031	-3,9999999998486E-5
4240	80,6103	-0,65541	80,6103	-3,9999999998486E-5
4260	80,6103	-0,65541	80,6103	0,65532
4280	80,6103	-3,9999999998486E-5	80,6103	-3,9999999998486E-5
4300	80,6103	-3,9999999998486E-5	79,95494	-3,9999999998486E-5
4320	80,6103	-3,9999999998486E-5	81,26566	-3,9999999998486E-5
4340	80,6103	-4,9999999994554E-5	81,26567	0,65531
4360	81,26566	-4,9999999994554E-5	81,26566	0,65531
4380	81,26566	-5,9999999997729E-5	80,61029	0,6553
4400	81,26565	-0,65543	-43,25272	1,31067
4420	103,54819	5,89824	118,6217	6,55362
4440	119,93243	5,89825	117,96632	6,55363
4460	117,96633	6,55363	117,96632	7,20899
4480	118,62164	7,20899	118,62167	7,86435
4500	118,62167	6,55362	117,9663	7,20899
4520	118,62166	6,55362	118,62165	6,55362
4540	118,62165	6,55362	118,62165	6,55362
4560	119,277	5,89825	118,62163	5,89825
4580	118,62163	5,24289	118,62163	5,89825
4600	118,62163	5,89825	118,62162	5,89826
4620	118,62163	5,89826	118,62162	6,55363
4640	117,96627	6,55363	118,62162	7,209
4660	118,62162	7,209	117,96627	7,86437
4680	118,62163	7,86437	118,62163	8,51974
4700	117,96626	8,51973	117,96627	8,51974
4720	117,31091	9,17511	117,31091	9,17511
4740	117,3109	9,17511	116,65554	9,83047
4760	116,65554	9,83047	116,65554	9,83048
4780	116,00017	9,83048	116,65553	9,83048
4800	116,65553	9,83049	116,65553	10,48585
4820	116,00017	9,83048	116,65553	10,48585
4840	116,65554	10,48585	117,31089	10,48585
4860	124,51992	11,79659	141,55952	19,66101
4880	158,59913	20,97176	168,42969	20,31641
4900	169,74043	20,31642	168,42971	20,9718
4920	169,74043	21,62717	169,74043	22,28253
4940	169,74042	21,62717	169,74041	22,28253
4960	170,39577	21,62717	170,39577	22,28253
4980	171,05112	21,62717	171,05111	21,62716
5000	171,70647	20,97179	171,70646	21,62715
5020	171,70646	20,97178	171,70646	21,62715
5040	172,36182	21,62715	172,36182	21,62715
5060	173,01717	21,62714	173,01717	21,62714
5080	173,01717	20,97177	173,01716	20,31641
5100	161,87588	18,35027	142,87019	15,72878
5120	131,72892	12,45193	131,07356	12,45194
5140	131,72894	13,76267	131,72894	13,76268
5160	132,38431	13,10732	133,03966	13,10732
5180	133,03966	13,10732	133,03966	13,76269
5200	133,03966	13,76268	133,69501	13,10732
5220	133,69501	12,45195	134,35037	12,45195
5240	135,00572	11,79657	128,45203	6,55363
5260	97,64967	-3,27689	61,60434	-13,76271
5280	36,04501	-26,21463	22,28228	-32,76828
5300	19,00545	-33,42364	19,66084	-30,14681
5320	19,66084	-28,18071	19,66085	-26,86998
5340	20,31621	-26,21462	19,66085	-25,55925
5360	20,97156	-25,55926	20,3162	-24,9039
5380	20,97157	-24,9039	20,97157	-24,24853
5400	20,97157	-24,24854	20,97157	-22,93781
5420	20,31621	-23,59317	20,31621	-22,28245
5440	20,97158	-22,28245	20,97158	-22,28245
5460	20,97158	-22,28246	20,97158	-22,28246
5480	20,97158	-22,93782	20,97158	-22,93782
5500	20,97158	-23,59319	20,97158	-23,59319
5520	20,97158	-24,24856	20,31622	-24,24856
5540	20,31622	-24,90393	20,31622	-24,90393
5560	20,31622	-25,55929	20,31622	-25,5593
5580	20,31622	-26,21466	20,31622	-26,21466
5600	20,31621	-26,87003	20,31622	-26,87003
5620	20,97157	-26,87003	20,31621	-27,52539
5640	21,62693	-29,49149	20,97156	-27,5254
5660	21,62692	-28,18077	22,28227	-28,83614
5680	22,28227	-29,49151	22,28227	-28,83614
5700	21,62691	-30,14687	25,55908	-29,49152
5720	45,22006	-24,24862	62,91506	-20,31643
5740	76,02242	-20,97181	81,26539	-20,31644
5760	81,26538	-20,31643	80,61001	-20,31642
5780	81,26537	-20,31643	81,26536	-20,31643
5800	81,26536	-21,62716	81,26535	-20,9718
5820	81,26535	-21,62717	81,26534	-20,97181
5840	81,26533	-21,62718	81,26533	-21,62718
5860	81,26533	-22,28254	81,26533	-22,28255
5880	81,92068	-22,93792	81,92068	-22,28255
5900	81,92068	-22,93792	82,57604	-22,93793
5920	82,57603	-23,59329	82,57604	-23,59329
5940	82,57603	-24,24866	82,57603	-24,24865
5960	82,57603	-24,90402	82,57603	-24,90402
5980	82,57603	-24,90403	82,57603	-24,24866
6000	82,57602	-24,90403	82,57603	-24,90402
6020	81,92067	-24,90403	81,92067	-24,24866
6040	82,57604	-24,90402	81,92067	-24,24866
6060	81,92067	-24,90403	81,92068	-23,5933
6080	90,44046	-20,97183	102,23714	-16,38426
6100	115,34456	-16,38425	119,93214	-15,0735
6120	118,62142	-13,76276	118,62141	-11,79666
6140	117,96606	-11,79666	117,96606	-11,14129
6160	117,96606	-11,14129	117,96605	-10,48593
6180	117,96605	-10,48593	117,96606	-10,48593
6200	117,96605	-11,14129	117,96606	-10,48593
6220	117,96605	-11,14129	117,3107	-11,14129
6240	117,31069	-11,79666	117,31068	-11,1413
6260	116,65532	-12,45202	116,65532	-11,79667
6280	116,65531	-12,45203	116,65531	-12,45203
6300	115,99996	-12,45203	115,99996	-11,79666
6320	115,99995	-12,45203	116,65531	-11,79666
6340	116,65531	-12,45203	116,65531	-11,79667
6360	117,31066	-12,45204	116,6553	-11,79668
6380	121,24284	-11,79667	133,69487	-7,86446
6400	144,83616	-7,20908	148,76838	-6,5537
6420	148,11302	-6,5537	148,11301	-5,89833
6440	148,11302	-5,89833	147,45765	-5,89832
6460	148,76836	-5,89833	148,76836	-5,89833
6480	148,76836	-5,89834	148,76836	-5,89834
6500	149,42372	-5,89834	148,76835	-5,24298
6520	148,76835	-5,89834	148,76835	-5,89834
6540	148,76834	-5,89835	148,11299	-5,24298
6560	148,76834	-5,89834	148,76834	-5,24298
6580	149,4237	-5,89834	148,76834	-5,89834
6600	149,4237	-5,89835	149,4237	-5,89834
6620	149,4237	-5,89834	149,4237	-5,24298
6640	149,4237	-5,89835	144,18331	-6,55373
6660	138,28243	-7,86448	136,31634	-7,86447
6680	137,62708	-7,2091	137,62707	-6,55374
6700	136,97172	-7,2091	137,62708	-5,89837
6720	137,62708	-6,55373	137,62709	-5,89836
6740	136,97173	-7,20909	137,62709	-5,89837
6760	137,62709	-6,55373	136,97173	-5,89836
6780	137,62709	-6,55373	137,62709	-5,89837
6800	146,80224	-4,58761	166,46329	-0,6554
6820	178,25997	-1,31075	178,25999	-1,9999999999243E-5
6840	176,94925	0,65536	177,60462	1,31073
6860	177,60462	0,65537	177,60462	1,96609
6880	177,60462	1,31073	177,60462	1,96609
6900	177,60462	1,31074	177,60462	1,9661
6920	178,25998	1,31073	177,60462	1,31074
6940	177,60462	1,31073	177,60461	1,9661
6960	177,60462	1,31074	176,94926	2,62147
6980	176,94926	1,9661	176,94926	1,96611
7000	176,94926	1,31075	176,94926	1,96611
7020	176,94925	1,31074	176,29389	1,31074
7040	176,94924	0,65538	178,25998	3,27684
7060	182,19223	4,58757	184,81371	1,9661
7080	184,8137	1,96611	184,81369	3,9322
7100	185,46905	3,27684	185,46906	3,27683
7120	185,46905	3,27683	185,46905	3,93219
7140	185,46904	3,27683	185,46904	3,27683
7160	186,12439	2,62146	186,12439	3,27681
7180	186,12439	2,62145	186,12439	3,27681
7200	186,12438	3,27681	186,77973	2,62144
7220	171,05088	-3,93226	129,10727	-13,76282
7240	83,88675	-22,28257	42,5986	-32,11305
7260	20,97151	-36,04523	19,66082	-33,42377
7280	21,62692	-32,76838	19,66083	-31,45765
7300	19,66084	-32,11301	19,66084	-31,45765
7320	19,00547	-32,11302	19,66083	-32,11302
7340	19,00547	-32,76838	19,00546	-32,76838
7360	19,00546	-33,42375	19,00546	-33,42375
7380	19,00546	-34,07912	19,00546	-34,07912
7400	19,66081	-34,73449	19,66082	-34,73449
7420	19,00545	-36,04522	19,00545	-36,04522
7440	19,66081	-36,70059	19,66081	-37,35595
7460	19,6608	-38,01132	26,86981	-41,28816
7480	34,07885	-43,90962	34,07885	-43,25426
7500	34,07885	-43,90962	34,07884	-43,25426
7520	34,07884	-43,90963	33,42348	-43,25426
7540	34,07883	-43,90963	34,07883	-44,56499
7560	34,07883	-45,22035	34,07883	-44,56499
7580	34,07883	-45,22036	34,07883	-44,56499
7600	34,07883	-45,87573	34,07883	-45,87572
7620	34,07883	-45,87572	34,07883	-45,87572
7640	34,07883	-46,53109	34,07882	-45,87572
7660	34,07882	-47,18645	33,42346	-46,53108
7680	33,42346	-47,18645	33,42346	-46,53109
7700	33,42345	-47,18645	33,42345	-47,18645
7720	34,07881	-47,84183	34,07881	-47,18647
7740	34,0788	-47,84183	38,01098	-47,18647
7760	56,36125	-44,56501	72,09012	-41,28818
7780	76,67774	-41,28818	76,02238	-39,97745
7800	75,36701	-39,97744	76,02237	-38,66672
7820	76,02237	-39,32208	75,367	-39,32208
7840	75,367	-39,97745	75,367	-39,32209
7860	76,02235	-39,97745	75,36699	-39,97745
7880	76,02235	-40,63282	75,36698	-40,63282
7900	76,02235	-41,28819	75,36698	-41,28818
7920	76,02234	-41,94355	76,02234	-41,28819
7940	76,02234	-41,94356	76,02234	-41,2882
7960	76,02234	-41,94356	76,02234	-41,28819
7980	76,02234	-41,94356	76,02234	-41,94356
8000	76,02234	-42,59893	76,02234	-42,59892
8020	76,6777	-42,59893	76,02233	-41,94357
8040	76,02232	-43,25429	75,36696	-42,59894
8060	76,02232	-43,90966	76,02232	-43,2543
8080	76,02232	-43,90966	76,02232	-43,2543
8100	76,02233	-43,90966	76,02233	-43,2543
8120	76,02233	-43,90967	79,29915	-43,90967
8140	93,0619	-42,59892	104,8586	-44,56501
8160	106,8247	-43,90965	105,51396	-42,59891
8180	105,51396	-42,59891	105,51396	-42,5989
8200	105,51395	-42,59892	105,51395	-42,59891
8220	105,51394	-42,59892	105,51394	-42,59891
8240	106,1693	-43,25428	105,51393	-43,25428
8260	106,16928	-43,90965	105,51392	-43,90964
8280	105,51391	-43,90965	106,16927	-43,90965
8300	106,16927	-43,90965	105,5139	-44,56501
8320	105,5139	-44,56501	105,51389	-44,56501
8340	106,16925	-45,22038	105,51389	-43,90965
8360	106,16925	-44,56502	106,16924	-43,90965
8380	106,8246	-44,56502	106,8246	-45,22039
8400	107,47996	-45,2204	107,47995	-45,2204
8420	108,13531	-45,87577	119,27653	-44,56502
8440	133,69466	-43,25428	138,28228	-41,28817
8460	138,28227	-40,63281	137,62691	-39,97743
8480	138,28226	-39,97744	137,6269	-39,32207
8500	138,28226	-39,32208	138,28225	-38,66672
8520	138,93761	-39,32209	138,93761	-39,32208
8540	138,9376	-39,97745	138,9376	-39,32209
8560	139,59295	-39,97745	138,93759	-39,32209
8580	139,59295	-39,32209	138,28223	-39,32209
8600	138,93758	-38,66673	138,93758	-38,66673
8620	138,93758	-38,66673	138,93758	-39,32209
8640	138,93758	-38,66673	138,93758	-38,66673
8660	138,93757	-38,66673	138,93758	-38,66672
8680	138,28222	-38,66672	138,28222	-38,01136
8700	138,28222	-38,01136	138,28222	-37,35599
8720	138,28221	-38,01135	137,62685	-37,35599
8740	137,62685	-37,35599	137,62685	-37,35599
8760	137,62685	-38,01135	137,62685	-37,356
8780	136,97148	-39,97746	117,9658	-45,87579
8800	81,26512	-54,39555	50,46278	-64,88138
8820	36,70007	-69,46894	34,07861	-66,84749
8840	35,38936	-64,88138	34,73401	-62,25991
8860	34,07865	-60,29382	33,4233	-58,98308
8880	34,07866	-58,32772	33,4233	-57,67235
8900	33,42329	-57,67235	32,76793	-57,01698
8920	32,76792	-57,01699	32,76792	-57,01699
8940	32,76792	-57,017	32,76793	-57,67235
8960	32,76792	-58,32772	32,76792	-57,67236
8980	32,76792	-58,32772	32,76792	-57,67236
9000	32,76792	-58,98309	32,76792	-58,98309
9020	32,76792	-58,98309	32,76791	-58,98309
9040	32,76792	-60,29381	32,76792	-59,63845
9060	32,76791	-59,63846	32,76791	-59,63846
9080	32,76791	-60,94918	32,7679	-60,94918
9100	33,42326	-61,60455	33,42326	-60,94919
9120	33,42326	-61,60457	33,42326	-61,60457
9140	34,07861	-62,25993	34,07862	-62,25994
9160	34,07861	-62,9153	34,07861	-62,25994
9180	34,07861	-62,91531	34,07861	-62,25994
9200	34,07862	-62,91531	34,73396	-62,25995
9220	34,73396	-63,57067	34,73397	-62,91531
9240	34,73397	-62,91531	34,73396	-63,57067
9260	34,73396	-63,57067	35,38932	-63,57067
9280	35,38932	-63,57068	34,73395	-63,57067
9300	35,38931	-63,57068	34,73395	-63,57067
9320	35,38931	-64,22604	34,73395	-63,57067
9340	35,3893	-64,22603	35,3893	-64,22604
9360	35,3893	-64,8814	35,3893	-64,8814
9380	45,87512	-63,57068	68,15764	-60,94921
9400	82,57578	-60,94921	87,16338	-59,63847
9420	87,16338	-59,63847	85,85264	-57,67236
9440	85,85264	-57,017	85,85264	-56,36164
9460	85,85264	-57,017	86,508	-56,36164
9480	86,508	-57,017	85,85263	-56,36163
9500	85,85263	-57,017	86,50798	-56,36164
9520	86,50798	-56,36164	86,50798	-56,36163
9540	86,50798	-56,36163	86,50797	-56,36163
9560	86,50797	-57,01699	85,85261	-56,36162
9580	86,50798	-56,36162	85,85261	-56,36162
9600	85,85261	-56,36162	85,85261	-56,36162
9620	85,19725	-56,36162	93,06164	-53,74016
9640	112,06739	-48,49723	123,20871	-47,18648
9660	124,51945	-47,84183	124,51944	-46,53109
9680	124,51943	-47,18646	124,51944	-46,5311
9700	124,51943	-46,53111	124,51943	-45,87574
9720	124,51943	-46,5311	124,51943	-47,18646
9740	124,51943	-47,84183	123,86406	-47,18647
9760	124,51942	-48,49719	124,51943	-47,84183
9780	123,86406	-48,49719	123,86406	-48,49719
9800	123,86405	-48,4972	124,51941	-49,15257
9820	123,86405	-49,15257	125,17476	-49,15257
9840	125,17476	-49,80794	131,07304	-48,49721
9860	148,76799	-43,90963	161,8754	-41,28815
9880	165,80762	-41,28815	165,80761	-39,97741
9900	165,15225	-39,97741	165,15224	-39,97741
9920	165,15223	-40,63278	165,15223	-40,63278
9940	165,15222	-40,63278	165,15222	-39,97742
9960	165,15221	-40,63278	165,15221	-40,63279
9980	165,1522	-41,28815	165,1522	-41,28815
10000	165,1522	-41,28816	165,1522	-41,28816
10020	165,1522	-41,94352	165,1522	-41,94352
10040	164,49684	-42,59889	165,1522	-42,59889
10060	165,15219	-43,25425	165,1522	-42,59889
10080	165,1522	-42,59889	165,1522	-41,94352
10100	165,15219	-42,59889	164,49683	-41,94352
10120	164,49683	-42,59889	164,49683	-41,94352
10140	164,49683	-42,59889	164,49683	-41,94352
10160	164,49684	-41,94353	164,49683	-41,94352
10180	164,49684	-41,94352	164,49683	-41,94352
10200	164,49683	-42,59889	164,49684	-42,59888
10220	164,49684	-42,59889	164,49684	-41,28816
10240	164,49684	-41,94352	164,49684	-41,94352
10260	164,49683	-42,59889	163,18609	-43,90962
10280	163,1861	-44,565	163,1861	-43,90962
10300	162,53074	-43,25425	163,1861	-43,25425
10320	163,1861	-43,90962	163,1861	-43,25425
10340	163,1861	-43,90962	163,1861	-43,25425
10360	163,1861	-43,90962	163,1861	-43,25425
10380	163,1861	-43,25425	163,1861	-43,25425
10400	163,18609	-43,90962	163,18609	-43,90961
10420	163,18609	-43,90962	162,53073	-43,90961
10440	162,53073	-43,90961	162,53073	-43,90961
10460	164,49682	-43,90961	176,29344	-41,28812
10480	188,74548	-39,97737	193,98846	-39,32199
10500	194,64382	-39,32199	193,98845	-38,01127
10520	194,64381	-38,01127	194,64381	-37,35591
10540	194,6438	-38,01128	194,6438	-38,01127
10560	194,6438	-38,01128	194,6438	-37,35591
10580	194,64379	-38,01128	194,64379	-38,01128
10600	194,64379	-38,01128	194,64378	-37,35592
10620	193,98842	-38,01129	194,64378	-37,35592
10640	194,64378	-36,70056	195,29914	-36,70056
10660	195,29914	-37,35593	195,9545	-37,35594
10680	193,9884	-38,01131	176,94881	-39,32209
10700	159,9092	-43,2543	157,9431	-44,56503
10720	160,5646	-43,90966	159,90923	-42,59891
10740	160,56459	-41,94356	160,5646	-41,94355
10760	160,56459	-42,59892	160,56459	-41,28819
10780	160,56458	-41,94355	160,56458	-41,94355
10800	160,56459	-41,94355	159,90922	-41,94355
10820	160,56458	-41,94355	160,56458	-41,94355
10840	160,56458	-41,94355	160,56458	-41,94355
10860	160,56458	-41,94356	160,56459	-41,28819
10880	161,21995	-41,94355	161,21995	-41,94355
10900	160,56459	-41,94355	160,56458	-41,94355
10920	159,90922	-41,94355	160,56459	-41,28819
10940	160,56459	-41,94356	159,90922	-41,28819
10960	159,90922	-41,94355	159,90922	-41,94355
10980	161,21995	-42,59892	174,32731	-39,32207
11000	189,40084	-36,70057	199,88679	-36,04518
11020	201,19754	-34,73445	199,8868	-33,42372
11040	199,8868	-34,07907	199,8868	-33,42371
11060	200,54216	-34,07907	199,88679	-32,76835
11080	199,88679	-33,42371	199,88679	-32,76834
11100	199,88679	-33,42371	199,23143	-33,4237
11120	199,88679	-33,4237	199,23143	-33,4237
11140	199,88679	-33,42371	199,23143	-33,4237
11160	199,23143	-34,07907	201,85288	-33,42369
11180	213,64952	-32,11293	222,16933	-31,45753
11200	226,10152	-31,45753	225,44615	-30,80216
11220	225,44614	-30,1468	225,44614	-29,49143
11240	226,1015	-29,49144	226,1015	-28,83607
11260	226,10149	-28,83607	226,10149	-28,1807
11280	225,44613	-28,83607	226,10149	-28,18071
11300	226,75684	-27,52534	226,75684	-27,52534
11320	226,75684	-27,52534	226,75684	-27,52534
11340	227,4122	-27,52535	227,41219	-27,52535
11360	227,4122	-27,52535	227,41219	-27,52535
11380	227,41219	-26,86999	226,75683	-26,86998
11400	226,75683	-26,86998	226,75682	-26,21462
11420	226,75682	-26,21462	226,75682	-26,21462
11440	226,75682	-26,86998	226,75681	-26,86998
11460	227,41217	-28,18071	220,8585	-29,4915
11480	184,81322	-36,04523	137,62665	-45,87574
11500	98,30448	-59,63842	69,46828	-69,4689
11520	62,9146	-70,77964	66,19148	-67,50279
11540	66,19148	-66,19206	64,88075	-64,22596
11560	65,53611	-63,5706	65,53611	-62,91523
11580	66,19147	-63,5706	66,19146	-62,25988
11600	66,19146	-62,91363	66,19146	-62,91524
11620	66,19145	-62,91525	66,19145	-62,91524
11640	66,84681	-63,57061	66,8468	-62,91524
11660	67,50216	-63,57061	67,50216	-62,91525
11680	67,50216	-62,91525	67,50216	-62,91525
11700	68,15752	-63,57061	68,15752	-63,57062
11720	68,15752	-63,57062	68,15752	-63,57062
11740	68,15752	-64,22598	68,15752	-64,22598
11760	68,15752	-64,88135	68,15752	-64,88135
11780	68,15752	-64,88135	67,50216	-64,88135
11800	67,50215	-66,19207	67,50215	-66,19207
11820	76,67728	-65,5367	90,44006	-63,57059
11840	95,68304	-62,91522	94,37231	-62,25985
11860	94,3723	-62,25984	94,3723	-61,60448
11880	94,3723	-62,25984	93,71694	-62,25984
11900	94,3723	-62,9152	94,37229	-62,9152
11920	93,71693	-63,57056	94,37228	-62,9152
11940	94,37228	-63,57057	94,37227	-63,57056
11960	95,02763	-64,22594	95,68299	-64,22594
11980	95,68298	-64,88131	95,68298	-65,53667
12000	96,33833	-66,19204	104,85809	-64,8813
12020	119,9316	-63,57055	128,45143	-62,91519
12040	131,0729	-63,57055	131,07289	-62,91518
12060	131,07289	-63,57054	130,41752	-62,91518
12080	130,41752	-62,91518	131,07288	-62,25982
12100	131,07288	-62,91519	131,07288	-62,25982
12120	131,07288	-62,91519	131,07287	-62,91519
12140	131,07288	-62,91519	131,07288	-62,25983
12160	131,72824	-62,91519	131,07287	-62,91519
12180	135,00506	-62,91519	150,07855	-58,98297
12200	165,15204	-57,67222	169,73964	-57,67222
12220	168,42891	-57,01685	168,4289	-57,01684
12240	169,08426	-57,01684	169,08426	-57,01684
12260	169,08425	-57,01685	168,42889	-57,01684
12280	169,08424	-57,01685	167,77352	-57,01684
12300	169,08424	-57,01685	169,08424	-57,6722
12320	168,42887	-57,67221	168,42888	-57,67221
12340	169,08423	-58,32757	169,08423	-58,32757
12360	169,08423	-58,32757	169,08422	-58,32757
12380	169,08422	-59,6383	169,08422	-58,98294
12400	168,42886	-59,6383	168,42885	-58,98294
12420	167,77349	-59,6383	168,42885	-58,98293
12440	168,42885	-58,98293	167,77349	-58,98294
12460	167,77349	-59,6383	167,77349	-59,6383
12480	167,77349	-60,29366	168,42885	-59,6383
12500	167,77349	-60,94903	159,90906	-63,57052
12520	138,28192	-65,53666	125,17455	-68,15812
12540	123,86382	-69,46886	125,17457	-68,81348
12560	124,51921	-68,15811	125,17457	-67,50275
12580	125,17457	-68,15811	125,82992	-68,15811
12600	125,82992	-68,81348	125,17456	-68,81347
12620	125,17456	-68,81349	125,17456	-68,81348
12640	125,82992	-69,46885	125,17456	-69,46885
12660	125,82991	-69,46885	125,82991	-69,46885
12680	126,48528	-70,12422	126,48528	-69,46886
12700	127,14064	-70,12423	127,14064	-69,46887
12720	126,48527	-69,46888	126,48528	-68,15815
12740	126,48528	-68,15815	127,14064	-67,50279
12760	127,14065	-67,50279	126,48529	-66,19206
12780	126,48529	-66,84743	126,48529	-66,84743
12800	126,48529	-66,19207	125,82993	-66,84743
12820	126,48528	-67,5028	128,45137	-67,5028
12840	145,49091	-65,5367	167,77348	-61,6045
12860	180,2255	-62,25986	183,50233	-62,25985
12880	182,1916	-60,94912	182,1916	-60,29375
12900	182,1916	-60,94911	182,19159	-60,29375
12920	182,19157	-60,94911	182,19157	-59,63839
12940	181,5362	-60,29375	182,19156	-59,63838
12960	182,19156	-59,63839	181,5362	-59,63839
12980	181,53619	-60,29375	182,19155	-59,63839
13000	182,19155	-59,63839	182,19155	-59,63839
13020	182,19155	-59,63839	181,53619	-58,98303
13040	181,53619	-59,63839	181,53619	-58,32766
13060	181,53619	-58,98303	181,53619	-58,98302
13080	181,53619	-59,63839	181,53619	42,59777
13100	181,53618	-60,94912	188,7452	-60,29375
13120	205,78484	-57,01689	218,89227	-58,98294
13140	224,13521	-60,94904	222,82447	-59,6383
13160	222,16909	-58,98294	222,1691	-58,32757
13180	221,51373	-58,98294	222,16909	-58,32757
13200	222,16909	-58,32757	222,16909	-57,67221
13220	222,82445	-58,32757	222,82444	-58,32757
13240	222,82444	-58,32758	222,82445	-58,32757
13260	222,82445	-58,98294	222,82444	-58,32758
13280	222,82444	-58,98294	222,16908	-58,98294
13300	222,16907	-59,6383	222,16907	-59,6383
13320	222,16907	-60,29367	222,16906	-59,6383
13340	222,16906	-58,98294	220,20299	-55,70611
13360	220,203	-56,36147	220,85836	-56,36147
13380	220,85835	-57,01684	221,51371	-57,01685
13400	221,51371	-57,01685	221,51371	-57,01685
13420	221,5137	-57,67222	221,5137	-58,32758
13440	221,5137	-58,32759	221,51369	-58,3276
13460	222,16905	-60,29369	220,20294	-61,60445
13480	195,29887	-66,84743	147,45697	-75,36721
13500	104,20256	-89,78523	69,46804	-102,23714
13520	52,42846	-108,13543	55,04995	-105,51397
13540	57,01606	-104,20323	55,70533	-102,8925
13560	55,70533	-102,8925	56,3607	-101,58177
13580	57,01604	-101,58178	56,36069	-100,92641
13600	57,01604	-101,58178	57,01603	-101,58177
13620	56,36066	-101,58179	57,01602	-102,23715
13640	57,01602	-102,23716	57,67138	-102,23716
13660	58,32674	-102,89253	58,32674	-102,89253
13680	58,32674	-103,54789	58,9821	-103,54788
13700	58,32674	-103,54789	58,32673	-103,54789
13720	58,9821	-103,5479	58,9821	-104,20325
13740	58,32673	-105,51399	53,73914	-108,13546
13760	53,73914	-108,79083	55,04987	-108,13545
13780	55,04987	-108,79082	55,04987	-108,13545
13800	55,04988	-108,79082	55,04987	-108,13545
13820	55,04988	-108,79081	54,39451	-108,13545
13840	55,70523	-109,44617	55,70523	-108,79081
13860	55,70523	-108,79081	55,04987	-108,13545
13880	55,70522	-108,79081	55,04986	-108,79081
13900	55,70522	-109,44618	66,19111	-106,16935
13920	81,26462	-103,5479	91,09516	-103,54789
13940	93,71665	-104,20326	92,40591	-102,89253
13960	92,4059	-102,89253	92,4059	-102,89252
13980	92,4059	-102,89253	91,75053	-102,89253
14000	92,40589	-102,89254	91,75053	-103,54789
14020	91,75052	-104,20326	92,40588	-103,5479
14040	92,40588	-104,20327	93,06123	-103,5479
14060	92,40587	-104,20327	93,06122	-104,20327
14080	94,37194	-104,85865	93,71658	-105,51401
14100	94,37193	-105,51403	95,68264	-106,16939
14120	106,8239	-103,54792	117,30985	-101,58181
14140	120,58671	-102,23717	119,93133	-101,5818
14160	119,27596	-101,58181	119,93132	-100,92645
14180	119,93132	-101,58181	120,58667	-101,58181
14200	119,93131	-102,23718	-43,25333	-101,58182
14220	119,9313	-102,89255	120,58665	-102,23718
14240	120,58665	-102,23719	120,58665	-101,58182
14260	120,58664	-102,23719	120,58665	-102,23719
14280	121,242	-102,89255	120,58664	-102,23719
14300	120,58664	-103,54792	120,58663	-102,89256
14320	120,58663	-104,20329	129,1064	-102,23718
14340	142,86917	-100,27106	148,11215	-98,96033
14360	147,45677	-98,96033	146,14604	-98,30497
14380	147,45676	-98,96033	147,45675	-98,96033
14400	147,45675	-98,96034	147,45675	-98,30497
14420	146,80139	-98,96033	147,45675	-98,96033
14440	147,45675	-98,96034	147,45675	-98,96034
14460	147,45674	-99,6157	147,45675	-98,96034
14480	147,45675	-98,96034	147,45675	-98,96034
14500	147,45675	-99,61571	148,11211	-99,6157
14520	154,6658	-98,30496	159,90879	-96,99422
14540	161,8749	-96,99422	161,21953	-96,33885
14560	161,21952	-95,68349	161,21952	-95,02812
14580	161,21952	-95,02813	161,21952	-95,02812
14600	161,21951	-95,68348	161,21952	-95,02812
14620	161,21952	-95,02812	160,56416	-94,37275
14640	161,21951	-94,37276	160,56415	-94,37275
14660	160,56416	-95,02811	160,56416	-94,37275
14680	160,56416	-95,02811	160,56416	-94,37275
14700	160,56416	-94,37275	159,9088	-94,37275
14720	160,56416	-95,02813	159,9088	-94,37276
14740	159,9088	-94,37276	159,9088	-94,37275
14760	159,9088	-94,37275	159,9088	-94,37276
14780	159,9088	-94,37277	159,90879	-94,37277
14800	159,90879	-95,02813	159,90879	-95,02812
14820	159,90879	-95,02813	159,90879	-95,02813
14840	160,56415	-95,02814	159,90878	-95,02814
14860	159,90879	-95,02814	159,90878	-95,68351
14880	159,25342	-96,33887	159,25342	-95,02814
14900	158,59806	-95,6835	158,59806	-96,33887
14920	157,9427	-97,6496	157,9427	-96,99423
14940	157,9427	-97,6496	157,28734	-97,6496
14960	157,28734	-99,61569	157,28734	-100,92643
14980	156,63198	-102,23716	155,97661	-104,20326
15000	155,9766	-108,79081	155,97661	-119,27664
15020	154,6661	-161,87529	176,94901	-279,18526
15040	212,33946	-291,63768	241,17666	-291,63807
15060	276,5661	-291,63784	290,98402	-291,63693
15080	290,98402	-291,63557	290,98402	-291,63427
15100	290,9839	-291,63427	290,32813	-291,63427
15120	275,9099	-291,63427	263,45807	-291,63427
15140	254,93836	-291,63427	242,48649	-291,63427
15160	233,31132	-291,63427	230,68987	-291,63427
15180	229,37922	-291,63427	228,72392	-291,63427
15200	224,13638	-291,63427	221,51491	-291,63427
15220	219,54886	-291,63427	214,96132	-291,63427
15240	211,02917	-291,63427	212,33997	-291,63427
15260	211,68469	-291,63427	209,71864	-291,63427
15280	209,0633	-291,63427	205,13109	-291,63427
15300	197,26661	-291,63427	195,95583	-291,63427
15320	201,19874	-291,63427	205,13092	-291,63427
15340	201,1987	-291,63427	199,23254	-291,63427
15360	196,61098	-291,63427	193,33406	-291,63427
15380	193,98932	-291,63427	193,98933	-291,63427
15400	193,9893	-291,63427	195,95533	-291,63427
15420	192,67843	-291,63427	186,12473	-291,63427
15440	184,15853	-291,63427	178,91557	-291,63427
15460	173,01718	-291,63427	169,08496	-291,63427
15480	169,74026	-291,63427	169,08482	-291,63427
15500	164,49725	-291,63427	162,5311	-291,63427
15520	159,90958	-291,63427	156,63271	-291,63427
15540	152,70046	-291,63427	184,81308	-291,63427
15560	186,77926	-291,63427	203,81858	-291,63427
15580	43,25536	-291,63427	216,2703	-291,63427
15600	226,75601	-291,63427	221,51315	-291,63427
15620	212,33811	-291,63427	203,81846	-291,63427
15640	188,74511	-291,63427	174,98248	-291,63427
15660	167,1182	-291,63427	163,18608	-291,63427
15680	163,84142	-291,63427	165,1521	-291,63427
15700	167,11811	-291,63427	166,46274	-291,63427
15720	168,42879	-291,63427	171,70553	-291,63427
15740	173,6716	-291,63427	180,88055	-291,63427
15760	190,71096	-291,63427	202,50741	-291,63427
15780	217,58069	-291,63427	228,06642	-291,63427
15800	235,27544	-291,63427	242,48439	-291,63427
15820	259,52387	-291,63427	271,97578	-291,63427
15840	281,15081	-291,63427	290,98121	-291,63427
15860	290,98116	-291,63427	290,98118	-291,63427
15880	290,98129	-291,63427	290,98141	-291,63427
15900	290,98154	-291,63427	290,9819	-291,63427
15920	290,9823	-291,63427	289,67196	-291,63427
15940	287,706	-291,63427	268,70088	-291,63427
15960	255,59413	-291,63515	231,34626	-291,63624
15980	205,13186	-291,63708	182,19426	-275,90871
16000	158,60101	-226,75677	146,14878	-180,22611
16020	133,69565	-132,38452	121,89856	-85,85361
16040	112,72318	-45,87636	104,20329	-8,52056
16060	97,64956	20,31551	91,09591	42,59796
16080	84,54236	42,59817	77,9888	42,59835
16100	72,74599	42,59851	70,12459	42,59864
16120	68,15852	42,59873	65,53706	42,59882
16140	61,60488	42,59884	60,29413	42,59885
16160	58,32802	42,59886	57,67261	42,59886
16180	57,67258	42,59885	58,98326	42,59884
16200	62,9154	42,59881	68,8136	42,59874
16220	74,05644	42,59869	77,98857	42,59868
16240	81,26535	42,59864	83,88676	42,59858
16260	86,50816	42,59853	87,81885	42,59848
16280	89,1295	42,59838	92,40628	42,59817
16300	102,89206	42,59763	125,83012	42,5967
16320	180,88174	-206,44131	259,52673	-291,63844
16340	290,98402	-291,63747	290,9838	-291,63621
16360	290,98294	-291,63523	290,9835	-291,63567
16380	290,98401	-291,63666	251,00706	-262,14622
16400	192,68002	-179,57112	138,28512	-116,00125
16420	102,89418	-51,12034	77,33418	-0,6572
16440	93,7176	-15,73016	114,03379	-37,35666
16460	110,75718	-57,67256	105,51424	-58,32774
16480	98,96057	-56,36156	101,58198	-64,22588
16500	104,85879	-76,67779	109,44633	-87,81901
16520	115,99996	-107,47992	127,1412	-153,35539
16540	138,93811	-214,30429	152,04611	-291,63719
16560	192,02466	-291,63753	263,4589	-291,63646
16580	285,08578	-291,63427	278,53181	-291,63427
16600	260,83655	-291,63427	229,37922	-291,63427
16620	173,0183	-291,63503	100,92905	-291,63623
16640	34,0829	-287,70453	-0,65266	-207,09526
16660	-17,69468	-137,62666	-30,14724	-82,57607
16680	-43,25463	-42,59881	-43,2546	-15,07345
16700	-43,2545	4,58756	-43,25438	20,31637
16720	-43,2543	32,11298	-43,25423	40,63275
16740	-43,2542	42,59888	-43,25417	42,59891
16760	-43,25414	42,5989	-43,25412	42,59888
16780	-43,25411	42,59885	-43,25408	42,5988
16800	-43,25408	42,59874	-43,25407	42,59869
16820	-43,25404	41,94328	-43,25402	38,01106
16840	-43,25399	35,38958	-41,28787	32,76811
16860	-37,35567	28,18055	-36,04495	27,52516
16880	-36,04496	24,90368	-35,3896	22,28221
16900	-36,04499	19,00538	-37,35572	18,35
16920	-37,35573	16,3839	-37,35575	13,76245
16940	-38,01112	11,14098	-38,01115	5,89805
16960	-39,32191	4,58731	-41,28802	3,93194
16980	-43,25414	1,96585	-43,25417	-1,31098
17000	-43,25421	-3,93245	-43,25425	-3,93245
17020	-43,25428	-5,89855	-43,2543	-7,20927
17040	-43,25432	-9,17536	-43,25435	-9,83074
17060	-43,25437	-9,83074	-43,2544	-8,52
17080	-43,25441	-7,20927	-43,25443	-5,89854
17100	-43,25444	-5,89854	-43,25444	-4,58782
17120	-43,25444	-3,93245	-43,25445	-3,27709
17140	-43,25446	-4,58783	-43,25446	-5,89856
17160	-43,25446	-8,52003	-43,25446	-10,48611
17180	-43,25445	-16,38442	-43,25446	-28,18103
17200	-43,25441	-53,08493	-38,66659	-127,79654
17220	-5,89738	-268,69978	49,15553	-291,63773
17240	140,90451	-291,63632	196,61024	-291,63427
17260	197,26505	-291,63427	197,92058	-291,63427
17280	186,78036	-291,63427	150,73678	-291,63537
17300	145,4941	-291,63648	131,07618	-291,6371
17320	122,5565	-289,67121	114,69218	-237,24237
17340	108,79306	-199,23139	103,54904	-165,80783
17360	98,30554	-138,28255	94,37299	-116,00017
17380	90,44061	-100,27142	87,16366	-87,16411
17400	84,54213	-77,33361	82,57601	-69,4692
17420	80,60988	-64,88162	78,64377	-61,60477
17440	76,02231	-58,32793	74,05623	-56,36181
17460	72,7455	-54,3957	70,12405	-51,11887
17480	68,15795	-50,4635	65,53649	-50,46349
17500	65,53648	-57,01714	65,53647	-64,88153
17520	66,19186	-78,64422	68,15799	-102,23739
17540	72,74576	-149,42363	83,23204	-209,71711
17560	87,16475	-239,20848	93,06359	-288,36067
17580	108,13806	-291,63778	138,9405	-291,6375
17600	204,4765	-291,63596	234,62266	-291,63427
17620	246,41849	-291,63427	259,52549	-291,63427
17640	256,90394	-291,63427	260,18107	-291,63427
17660	266,0798	-291,63427	269,35696	-291,63427
17680	289,01794	-291,63427	278,53218	-291,63427
17700	266,7357	-291,63463	262,14818	-291,63563
17720	257,56066	-291,63649	251,66242	-291,63701
17740	241,83202	-291,63742	233,31234	-291,63791
17760	230,03554	-291,63817	227,4141	-291,63833
17780	226,75874	-291,63838	227,4141	-291,63839
17800	227,4141	-291,63841	226,75874	-291,63839
17820	226,75874	-291,6384	226,75874	-291,63839
17840	226,75874	-291,6384	226,75874	-291,63839
17860	227,4141	-291,63839	227,4141	-291,63838
17880	226,75874	-291,63837	227,4141	-291,63837
17900	227,4141	-291,63839	226,75874	-291,63838
17920	226,75874	-291,63838	226,10338	-291,63837
17940	226,10338	-291,63583	226,10338	-291,63838
17960	232,00162	-291,63841	235,93378	-291,63841
17980	237,2445	-291,63841	237,2445	-291,63839
18000	238,55522	-291,63839	239,86594	-291,63839
18020	241,17666	-291,63839	241,17666	-291,63838
18040	242,48738	-291,63839	242,48738	-291,63839
18060	242,48738	-291,63838	242,48738	-291,63838
18080	242,48738	-291,63838	243,14274	-291,63838
18100	243,14274	-291,63837	243,79753	-291,63841
18120	243,79747	-291,63842	243,79744	-291,63844
18140	243,7974	-291,63848	243,79755	-291,63851
18160	242,48692	-291,63851	241,17615	-291,63849
18180	239,21001	-291,63847	237,24384	-291,63844
18200	235,27764	-291,63842	233,31146	-291,63837
18220	232,65618	-291,63833	232,65637	-291,63833
18240	232,00102	-291,63832	233,31158	-291,63829
18260	234,62217	-291,63829	235,93293	-291,6383
18280	237,24374	-291,63833	237,24374	-291,63832
18300	237,24368	-291,63831	237,89895	-291,6383
18320	237,89887	-291,63829	237,8988	-291,63828
18340	237,89877	-291,63828	237,89873	-291,63828
18360	237,89868	-291,63827	238,55402	-291,63827
18380	233,96645	-291,63819	219,54838	-291,63788
18400	201,19789	-283,77323	183,50273	-241,82993
18420	174,9828	-215,61538	173,0166	-200,54201
18440	172,36114	-192,67764	172,36108	-189,40081
18460	173,6718	-193,33298	173,6718	-193,33299
18480	173,67179	-193,98836	173,67178	-195,29907
18500	174,32713	-198,5759	174,32714	-201,19735
18520	174,32713	-201,85272	174,32713	-202,50808
18540	174,9825	-203,81882	174,9825	-203,16346
18560	174,9825	-205,78492	174,98251	-207,09564
18580	175,63787	-209,06173	175,63787	-209,06173
18600	175,63787	-209,06173	174,98249	-208,40637
18620	174,98249	-210,37245	175,63785	-209,71709
18640	175,63784	-209,06172	174,98248	-207,75098
18660	174,98246	-206,44025	174,98247	-203,16343
18680	175,63784	-203,16344	176,94858	-201,19734
18700	176,94859	-198,57589	176,94859	-195,95444
18720	176,9486	-194,64371	176,94859	-191,36688
18740	176,94858	-188,74543	175,63785	-185,4686
18760	175,63783	-182,84714	174,98246	-179,57032
18780	173,01635	-178,91495	173,01633	-176,29348
18800	171,70558	-173,67201	170,39483	-173,01661
18820	169,08409	-170,39519	167,77334	-167,77372
18840	166,4626	-165,15225	166,46258	-163,84151
18860	165,15184	-162,53077	164,49646	-160,56468
18880	163,84109	-161,22005	163,18573	-159,90933
18900	163,18574	-157,2879	149,42303	-134,35011
18920	119,93159	-98,30499	87,16342	-58,98301
18940	62,91509	-26,87007	52,42941	-6,55372
18960	50,46339	5,24287	48,49735	14,41801
18980	46,53131	17,69487	45,22058	17,69489
19000	43,90984	17,03951	41,94374	17,69489
19020	39,3223	19,66095	36,70085	21,62705
19040	34,73477	22,2824	33,42405	22,93777
19060	32,11333	22,2824	30,8026	22,28241
19080	30,14724	20,97168	28,83651	21,62705
19100	28,8365	20,31633	27,52577	20,31632
19120	27,52831	19,66096	26,21504	20,97168
19140	25,55968	20,97168	25,55968	22,28241
19160	24,90432	21,62704	24,24896	20,97168
19180	19,66137	19,66095	6,55378	20,97167
19200	-41,28801	19,66102	-43,25456	13,76282
19220	-43,25468	12,45212	-43,25468	16,38433
19240	-43,25468	19,0058	-43,25468	22,28264
19260	-43,25468	22,93802	-43,25468	24,90411
19280	-43,25468	26,21486	-43,25468	29,49169
19300	-43,25468	32,76852	-43,25468	36,04534
19320	-43,25468	37,35607	-43,25468	38,66681
19340	-43,25468	39,32216	-43,25468	39,97751
19360	-43,25468	40,63285	-43,25468	40,63284
19380	-43,25468	39,32209	-43,25468	38,01135
19400	-43,25468	37,35597	-43,25464	38,01132
19420	-43,25459	38,01131	-43,25458	40,63275
19440	-43,25457	42,59882	-43,25457	42,59879
19460	-43,25459	42,59879	-43,2546	42,59878
19480	-43,25462	42,59876	-43,25465	42,59874
19500	-43,25468	42,59871	-43,25468	42,59871
19520	-43,25468	42,5987	-43,25468	41,28796
19540	-43,25468	39,97721	-43,25468	39,32182
19560	-43,25468	36,70034	-43,25468	34,73423
19580	-43,25468	32,7681	-43,25468	30,14661
19600	-43,25468	25,55902	-43,25468	20,97143
19620	-43,25468	15,07311	-43,25468	11,1409
19640	-43,25468	6,55332	-43,25468	3,27648
19660	-43,25468	-3,93255	-43,25468	-13,10769
19680	-43,25468	-41,28844	-43,25468	-123,86436
19700	-43,25437	-281,15152	41,28959	-291,63789
19720	135,00779	-291,63781	197,9229	-291,63745
19740	225,44802	-291,63739	245,76418	-291,63739
19760	266,08034	-291,63735	290,98402	-258,21365
19780	290,98402	-175,63789	290,98346	-112,72297
19800	281,15278	-72,74573	275,90976	-43,25431
19820	271,32216	-22,28263	266,73457	-6,55386
19840	260,18084	9,83022	258,87009	13,10709
19860	258,87006	19,00537	255,59324	25,55901
19880	254,2825	28,18047	252,97177	32,76802
19900	250,35031	34,73411	247,72885	38,01093
19920	244,45203	40,63238	241,83057	41,9431
19940	239,86449	41,9431	238,55378	42,59847
19960	237,89843	42,59848	236,58772	42,5985
19980	235,27701	42,59849	234,62165	42,59849
20000	233,96631	42,59849	235,27706	42,5985
20020	236,58782	41,28778	237,89856	39,32169
20040	238,55394	36,04484	218,23761	36,04467
20060	158,59909	33,42312	97,64966	22,93727
20080	32,11288	7,20856	-17,6951	-9,83087
20100	-43,25459	-19,66132	-43,25468	-18,3506
20120	-43,25467	-17,69522	-43,25468	-17,03985
20140	-43,25468	-19,00595	-43,25468	-19,66131
20160	-43,25468	-19,66132	-43,25468	-20,31668
20180	-43,25468	-20,31668	-43,25468	-20,31669
20200	-43,25468	-20,97207	-43,25468	-20,97207
20220	-43,25468	-23,59354	-43,25468	-24,24891
20240	-43,25468	-26,21501	-43,25468	-28,18111
20260	-43,25468	-30,80257	-43,25468	-32,76867
20280	-43,25468	-43,90984	-43,25468	-49,80809
20300	-43,25468	-55,70639	-43,25468	-56,36177
20320	-43,25468	-55,70642	-43,25468	-54,3957
20340	-43,25468	-54,3957	-43,25468	-53,74034
20360	-43,25468	-54,39572	-43,25468	-53,085
20380	-43,25468	-53,085	-43,25468	-53,74037
20400	-43,25468	-55,70647	-43,25468	-58,32794
20420	-43,25468	-59,63867	-43,25468	-62,26012
20440	-43,25468	-66,84768	-43,25468	-69,46913
20460	-43,25468	-71,43523	-43,25468	-74,0567
20480	-43,25468	-77,33354	-43,25468	-79,955
20500	-43,25468	-94,37308	-43,25468	-138,28254
20520	-43,25468	-222,16921	-43,25384	-291,63791
20540	-7,20769	-291,63822	55,05201	-291,63811
20560	114,03353	-291,63746	132,38222	-291,63721
20580	108,7891	-291,63743	68,81418	-291,63783
20600	19,66161	-291,63797	-23,59325	-291,63795
20620	-43,25395	-283,11813	-43,25448	-232,65523
20640	-43,25468	-192,0227	-43,25468	-153,35623
20660	-43,25468	-124,52017	-43,25468	-98,96091
20680	-43,25468	-77,98925	-43,25468	-62,26049
20700	-43,25468	-51,77462	-43,25468	-41,28877
20720	-43,25468	-34,07974	-43,25468	-26,87073
20740	-43,25468	-22,93852	-43,25468	-19,00632
20760	-43,25468	-15,72949	-43,25468	-12,45267
20780	-43,25468	-11,79731	-43,25468	-10,48657
20800	-43,25468	-11,14194	-43,25468	-11,79732
20820	-43,25468	-0,65619	-23,59359	19,66009
20840	24,24862	32,76735	105,51415	42,59782
20860	162,53121	42,598	191,36767	42,59815
20880	192,67855	42,59827	189,40173	42,59836
20900	188,74636	42,59841	188,74636	42,59842
20920	188,74637	42,59843	188,091	42,59845
20940	188,091	42,59846	188,09099	42,59847
20960	188,09098	42,59847	188,09098	42,59848
20980	188,74634	42,59848	189,4017	42,59847
21000	190,05706	42,59848	190,05706	42,59847
21020	190,71244	42,59846	191,3678	42,59847
21040	191,36781	42,59847	192,02316	42,59847
21060	192,02317	42,59847	192,02317	42,59847
21080	192,02318	42,59847	191,36782	42,59848
21100	191,36782	42,59848	191,3693	42,59849
21120	191,36784	42,59849	191,36784	42,59851
21140	191,36784	42,5985	190,71249	42,59851
21160	191,36785	42,59851	191,36785	42,59851
21180	191,36786	42,59851	190,7125	42,5985
21200	191,36786	42,59851	191,36786	42,5985
21220	191,36787	42,59849	196,61078	42,59843
21240	214,30559	42,59933	224,136	33,423
21260	227,41272	24,9032	230,03411	26,21393
21280	230,68946	26,8693	231,34482	28,18003
21300	230,68947	26,86931	231,34483	27,52467
21320	232,00019	26,8693	232,00019	26,8693
21340	232,00019	26,8693	232,65554	26,8693
21360	232,65554	26,21392	233,3109	26,21392
21380	233,3109	24,90319	233,3109	24,24782
21400	233,96626	23,59245	233,96626	23,59244
21420	234,62162	21,62634	236,58772	10,48512
21440	239,86457	-1,96684	243,14138	-7,86514
21460	245,10746	-8,52052	245,7628	-7,86515
21480	245,10743	-7,86515	245,76279	-7,20978
21500	245,76279	-7,20978	245,76278	-7,20978
21520	245,10742	-7,86514	245,10742	-7,20979
21540	245,76277	-7,20979	245,10741	-7,20979
21560	245,76276	-7,86516	245,1074	-7,86515
21580	245,76276	-7,86515	245,76275	-7,86515
21600	245,10739	-7,86516	245,10739	-7,20979
21620	245,10739	-7,86516	245,10738	-7,86516
21640	245,10738	-7,86517	245,10738	-8,52053
21660	245,76274	-8,52053	245,76273	-8,52053
21680	245,10737	-9,1759	245,10737	-9,17589
21700	245,10737	-9,1759	245,10736	-9,17589
21720	245,10736	-9,83126	245,10736	-9,83125
21740	245,10736	-9,83127	245,10735	-10,48663
21760	245,10735	-11,14199	245,10734	-10,48663
21780	245,10734	-11,142	245,76269	-11,14201
21800	246,41805	-11,79737	246,41806	-11,79737
21820	247,07341	-12,45275	247,07341	-12,45275
21840	247,72876	-13,10811	247,72876	-12,45276
21860	247,72875	-13,76348	248,38411	-13,76348
21880	248,38411	-14,41886	249,03947	-14,41885
21900	249,03947	-14,41886	249,03946	-14,41886
21920	249,03947	-15,07422	249,69482	-15,07422
21940	250,35018	-15,72961	238,55359	-14,41895
21960	186,77964	-5,24392	125,17494	-0,00099999999999767
21980	57,01668	3,2759	-8,52001	7,86355
22000	-43,25468	9,17439	-43,25468	3,93163
22020	-43,25468	2,62101	-43,25468	7,86395
22040	-43,25468	42,59808	-43,25468	11,79619
22060	-43,25468	12,45155	-43,25468	13,76228
22080	-43,25468	13,76228	-43,25468	14,41764
22100	-43,25468	14,41764	-43,25468	15,073
22120	-43,25468	13,76227	-43,25468	14,41763
22140	-43,25468	13,76227	-43,25468	14,41761
22160	-43,25468	13,76225	-43,25468	13,76225
22180	-43,25468	13,10688	-43,25468	13,10688
22200	-43,25468	12,45151	-43,25468	12,4515
22220	-43,25468	12,4515	-43,25468	11,79613
22240	-43,25468	11,79613	-43,25468	12,45149
22260	-43,25468	11,14076	-43,25468	9,83003
22280	-43,25468	-0,00048999999999921	-43,25468	-15,72936
22300	-43,25468	-24,90458	-43,25468	-26,21533
22320	-43,25468	-25,55997	-43,25468	-25,55996
22340	-43,25468	-26,21534	-43,25468	-25,55998
22360	-43,25468	-26,87071	-43,25468	-26,87071
22380	-43,25468	-27,52607	-43,25468	-28,18143
22400	-43,25468	-28,83681	-43,25468	-28,83681
22420	-43,25468	-30,14754	-43,25468	-30,80291
22440	-43,25468	-31,45829	-43,25468	-32,11365
22460	-43,25468	-32,76902	-43,25468	-33,42439
22480	-43,25468	-34,07976	-43,25468	-34,07976
22500	-43,25468	-34,73513	-43,25468	-35,39049
22520	-43,25468	-36,70123	-43,25468	-36,70123
22540	-43,25468	-38,01197	-43,25468	-38,66734
22560	-43,25468	-42,59957	-43,25468	-49,80866
22580	-43,25445	-62,26061	-43,2542	-69,46967
22600	-39,32203	-72,09115	-39,97745	-71,43578
22620	-39,32211	-72,09115	-39,97749	-71,43578
22640	-39,32214	-72,74652	-39,32216	-72,09117
22660	-39,32217	-72,74653	-39,32218	-73,4019
22680	-39,32219	-74,05727	-39,32221	-74,71263
22700	-39,32222	-75,36801	-39,32222	-76,02338
22720	-39,32223	-76,67875	-39,32224	-76,67874
22740	-39,32225	-77,98947	-39,32225	-77,98948
22760	-39,32226	-79,3002	-39,32228	-79,95558
22780	-38,66692	-81,26631	-38,66692	-81,92168
22800	-38,66692	-83,23241	-38,01157	-83,88778
22820	-38,01157	-84,54314	-38,66693	-85,19851
22840	-38,01157	-85,85388	-38,66694	-85,85388
22860	-38,01158	-87,16461	-38,66693	-87,81997
22880	-38,66694	-89,1307	-38,66694	-89,1307
22900	-38,66694	-89,78607	-38,01158	-90,44143
22920	-38,01158	-91,75217	-38,01158	-92,40753
22940	-38,01158	-93,71826	-38,66694	-93,71826
22960	-38,01158	-95,02899	-38,01158	-95,029
22980	-38,01159	-96,99509	-38,01159	-96,33973
23000	-38,01159	-98,30583	-37,35622	-105,51482
23020	-13,76306	-131,72946	15,72842	-156,63339
23040	40,63229	-176,94977	49,15201	-185,46954
23060	51,77339	-187,43564	51,77335	-188,74636
23080	51,77334	-190,05709	51,77333	-190,71246
23100	52,42868	-192,02319	51,77331	-192,02319
23120	52,42865	-193,33392	52,42865	-193,33392
23140	52,42864	-195,30001	53,08398	-196,61074
23160	53,08398	-197,26611	53,73933	-198,57683
23180	53,73933	-200,54293	55,05004	-201,1983
23200	55,05003	-203,81976	55,70539	-205,13049
23220	55,70538	-206,44122	55,70538	-207,75195
23240	56,36074	-209,06269	54,39465	-206,44123
23260	45,21954	-197,2661	39,32128	-193,33391
23280	39,32128	-193,98927	39,97662	-193,98927
23300	39,97662	-194,64464	39,97661	-195,3
23320	40,63196	-196,61074	40,63196	-197,2661
23340	40,63196	-197,92147	40,63195	-197,92147
23360	40,63195	-199,88756	40,63194	-199,88756
23380	40,63194	-200,54293	40,63194	-200,54293
23400	41,2873	-201,19829	40,63193	-201,19829
23420	40,63193	-202,50902	41,28729	-203,16438
23440	41,28729	-203,81975	41,28729	-202,50903
23460	41,28729	-203,81975	41,28728	-203,81975
23480	41,28728	-203,81975	40,63192	-203,81975
23500	41,28729	-204,47512	41,28728	-204,47512
23520	41,28728	-204,47512	41,94264	-205,13048
23540	41,94263	-206,44121	41,94263	-206,44121
23560	42,598	-206,44121	41,94263	-207,09657
23580	41,94263	-207,75194	42,59799	-207,75193
23600	42,59799	-207,75194	42,59799	-207,75194
23620	43,25335	-209,06267	39,32116	-207,75194
23640	35,38896	-207,09657	34,7336	-205,13047
23660	35,38897	-205,78584	35,38896	-205,78583
23680	35,38896	-205,78584	34,73359	-205,78584
23700	34,07823	-206,4412	34,73359	-205,78583
23720	34,07822	-206,44119	34,73358	-207,09655
23740	34,73359	-209,06265	34,73359	-208,40729
23760	35,38894	-208,40729	34,73359	-209,06265
23780	34,73359	-209,06266	34,73358	-209,06265
23800	35,38895	-210,37338	34,73358	-210,37338
23820	34,73359	-212,33946	35,38895	-214,96091
23840	34,7336	-218,23772	35,38897	-220,85915
23860	36,04434	-223,48059	38,01042	-230,68955
23880	41,28724	-242,48605	49,15159	-265,42369
23900	62,9142	-291,63815	89,12873	-291,63829
23920	117,30948	-291,6387	180,87936	-291,63933
23940	290,98402	-291,63831	290,9819	-291,63443
23960	290,98046	-291,63427	250,34827	-291,63427
23980	225,44461	-291,63427	205,78385	-291,63427
24000	186,7784	-291,63427	178,25874	-291,63427
24020	171,0497	-291,63427	158,59781	-291,63427
24040	155,97623	-291,63427	150,07785	-291,63427
24060	148,11162	-291,63427	144,17935	-291,63427
24080	135,65952	-291,63427	131,07194	-291,63427
24100	123,20757	-291,63427	118,61995	-291,63427
24120	114,68771	-291,63427	111,41089	-291,63427
24140	103,54649	-291,63427	89,78386	-291,63427
24160	81,26408	-291,63427	71,43355	-291,63427
24180	66,84592	-291,63427	62,25828	-291,63427
24200	56,36004	-291,63427	53,7386	-291,63427
24220	52,42788	-291,63427	47,84036	-291,63427
24240	47,185	-291,63427	48,49572	-291,63427
24260	45,87428	-291,63427	45,87428	-291,63427
24280	46,52964	-291,63427	44,56356	-291,63427
24300	45,87428	-289,66819	45,21892	-285,73603
24320	42,59748	-276,56099	42,59748	-277,21635
24340	41,94212	-271,97347	41,94212	-266,73059
24360	44,56356	-271,31811	43,9082	-271,31811
24380	46,52964	-271,97347	43,25284	-268,69667
24400	43,25284	-271,97347	49,15108	-280,49315
24420	52,42788	-281,14851	55,04932	-278,52707
24440	55,04932	-276,56099	55,70468	-275,90563
24460	55,04932	-266,07523	54,39396	-263,45379
24480	58,32612	-268,04131	58,98148	-266,07523
24500	63,569	-271,31811	68,15652	-272,62883
24520	68,81188	-273,28419	73,3994	-275,90563
24540	76,02084	-275,25027	79,953	-273,93955
24560	87,16196	-278,52707	90,43876	-277,21635
24580	98,95844	-291,63427	113,37636	-291,63427
24600	123,20676	-291,63427	133,03716	-291,63427
24620	144,83364	-291,63427	149,42116	-291,63427
24640	150,73188	-291,63427	148,7658	-291,63427
24660	152,0426	-291,63427	155,3194	-291,63427
24680	154,66404	-291,63427	165,1498	-291,63427
24700	170,39268	-291,63427	174,9802	-291,63427
24720	183,49988	-291,63427	189,39812	-291,63427
24740	193,98564	-291,63427	192,67492	-291,63427
24760	195,29636	-291,63427	195,29636	-291,63427
24780	190,05348	-291,63427	188,0874	-291,63427
24800	186,77668	-291,63427	183,49988	-291,63427
24820	179,56772	-291,63427	166,46052	-291,63427
24840	154,00868	-291,63427	133,03716	-291,63427
24860	125,8282	-291,63427	114,68708	-291,63427
24880	114,03172	-291,63427	112,06564	-291,63427
24900	111,41028	-291,63427	109,4442	-291,63427
24920	110,09956	-291,63427	109,4442	-291,63427
24940	111,41028	-291,63427	115,34244	-291,63427
24960	117,96388	-291,63427	124,51748	-291,63427
24980	135,00324	-291,63427	138,9354	-291,63427
25000	143,52292	-291,63427	144,83364	-291,63427
25020	146,79972	-291,63427	144,17828	-291,63427
25040	139,59076	-291,63427	140,24612	-291,63427
25060	128,44964	-291,63427	125,8282	-291,63427
25080	119,2746	-291,63427	105,51204	-291,63427
25100	93,0602	-291,63427	87,81732	-291,63427
25120	85,19588	-291,63427	79,29764	-291,63427
25140	76,02084	-291,63427	72,74406	-291,63427
25160	73,3994	-291,63427	75,36548	-291,63427
25180	77,33156	-291,63427	84,54052	-291,63427
25200	86,5066	-291,63427	92,40484	-291,63427
25220	91,74948	-291,63427	95,68164	-291,63427
25240	100,26916	-291,63427	102,8906	-291,63427
25260	104,85668	-291,63427	102,8906	-291,63427
25280	105,51204	-291,63427	99,6138	-291,63427
25300	94,37092	-291,63427	88,47268	-291,63427
25320	79,953	-291,63427	70,77796	-291,63427
25340	68,15652	-291,63427	69,46724	-291,63427
25360	72,74404	-291,63427	79,953	-291,63427
25380	95,02628	-291,63427	104,85668	-291,63427
25400	110,75492	-291,63427	113,37636	-291,63427
25420	122,5514	-291,63427	130,41572	-291,63427
25440	138,28004	-291,63427	148,11044	-291,63427
25460	150,07652	-291,63427	154,00868	-291,63427
25480	159,25156	-291,63427	163,84163	-291,63427
25500	167,11588	-291,63427	161,21764	-291,63427
25520	160,56228	-291,63427	169,08196	-291,63427
25540	173,01412	-291,63427	172,35876	-291,63427
25560	168,4266	-291,63427	176,94628	-291,63427
25580	178,257	-291,63427	176,29092	-291,63427
25600	169,73732	-291,63427	170,39268	-291,63427
25620	177,60164	-291,63427	178,257	-291,63427
25640	174,9802	-291,63427	178,91236	-291,63427
25660	184,15524	-291,63427	182,18916	-291,63427
25680	176,94628	-291,63427	173,66948	-291,63427
25700	183,49988	-291,63427	194,641	-291,63427
25720	192,67492	-291,63427	195,29636	-291,63427
25740	195,95172	-291,63427	197,9178	-291,63427
25760	194,641	-291,63427	184,8106	-291,63427
25780	169,08196	-291,63427	144,83364	-291,63427
25800	132,3818	-291,63427	127,79428	-291,63427
25820	119,92996	-291,63427	115,9978	-291,63427
25840	117,30852	-291,63427	125,8282	-291,63427
25860	135,6586	-291,63427	137,62468	-291,63427
25880	138,9354	-291,63427	140,90148	-291,63427
25900	143,52292	-291,63427	150,73193	-291,63427
25920	157,28564	-291,63427	158,59642	-291,63427
25940	165,8054	-291,63427	169,73757	-291,63427
25960	171,70366	-291,63427	174,98046	-291,63427
25980	175,63583	-291,63427	177,60196	-291,63427
26000	178,25735	-291,63427	179,56807	-291,63427
26020	179,5681	-291,63427	177,60206	-291,63427
26040	176,94675	-291,63427	175,63603	-291,63427
26060	177,6021	-291,63427	180,22362	-291,63427
26080	176,9468	-291,63427	168,42711	-291,63427
26100	155,97528	-291,63427	148,11098	-291,63427
26120	144,8342	-291,63427	142,86814	-291,63427
26140	146,14498	-291,63427	150,73254	-291,63427
26160	154,00928	-291,63427	163,8398	-291,63427
26180	168,42735	-291,63427	164,49518	-291,63427
26200	162,52911	-291,63427	159,90768	-291,63427
26220	162,52915	-291,63427	163,83987	-291,63427
26240	161,21844	-291,63427	154,00954	-291,63427
26260	140,247	-291,63427	121,89694	-291,63427
26280	95,02725	-291,63427	72,08966	-291,63427
26300	58,32715	-291,63427	49,15212	-291,63427
26320	49,80751	-291,63427	47,84142	-291,63427
26340	49,80755	-291,63427	50,46298	-291,63427
26360	57,01662	-291,63427	57,01665	-291,63427
26380	54,39516	-291,63427	52,429	-291,63427
26400	47,84144	-291,63427	51,11828	-291,63427
26420	53,08444	-291,63427	51,77376	-291,63427
26440	49,15222	-291,63427	47,8415	-291,63427
26460	50,46301	-291,63427	53,73987	-291,63427
26480	54,39527	-291,63427	55,05063	-291,63427
26500	54,39529	-291,63427	56,36143	-291,63427
26520	57,67216	-291,63427	55,70614	-291,63427
26540	53,74006	-291,63427	55,7061	-291,63427
26560	60,29372	-291,63427	64,88134	-291,63427
26580	70,77962	-291,63427	73,40112	-291,63427
26600	70,12428	-291,63427	62,25986	-291,63427
26620	59,63843	-291,63427	57,67229	-291,63427
26640	58,32761	-291,63427	60,94908	-291,63427
26660	66,84744	-291,63427	65,53672	-291,63427
26680	60,29376	-291,63427	51,11868	-291,63427
26700	45,87583	-291,63427	41,28831	-291,63427
26720	35,39002	-291,63427	34,07929	-291,63427
26740	33,42399	-291,63427	34,07942	-291,63427
26760	31,45798	-291,63427	30,14718	-291,63427
26780	34,0794	-291,63427	32,11337	-291,63427
26800	29,49188	-291,63427	25,55969	-291,63427
26820	21,62755	-291,63427	19,66144	-291,63427
26840	19,00605	-291,63427	13,76313	-291,63427
26860	12,45243	-291,63427	10,48638	-291,63427
26880	10,48637	-291,63427	9,17563	-291,63427
26900	5,24345	-291,63427	3,93279	-291,63427
26920	2,62208	-291,63427	2,62211	-291,63427
26940	2,62212	-291,63427	0,65604	-291,63427
26960	-1,9654	-291,63427	-4,58687	-291,63427
26980	-4,5869	-291,63427	-2,62083	-291,63427
27000	1,96675	-291,63427	2,62217	-291,63427
27020	3,93293	-291,63427	7,86511	-291,63427
27040	16,38482	-291,63427	20,31693	-291,63427
27060	22,28301	-291,63427	27,52586	-291,63427
27080	36,70086	-291,63427	42,59908	-291,63427
27100	49,80803	-291,63427	54,39552	-291,63427
27120	62,25983	-291,63427	77,98843	-291,63427
27140	93,06165	-291,63427	106,16879	-291,63427
27160	117,30985	-291,63427	125,17412	-291,63427
27180	131,07231	-291,63427	135,65979	-291,63427
27200	140,90263	-291,63427	145,49012	-291,63427
27220	149,42226	-291,63427	152,69904	-291,63427
27240	156,63119	-291,63427	161,21869	-291,63427
27260	165,80621	-291,63427	171,04908	-291,63427
27280	177,60267	-291,63427	182,19019	-291,63427
27300	186,12235	-291,63427	191,36522	-291,63427
27320	196,6081	-291,63427	201,85101	-291,63427
27340	214,9584	-291,63427	235,93019	-291,63427
27360	246,41615	-291,63427	231,34303	-291,63427
27380	213,65087	-291,63427	208,40534	-291,63427
27400	188,74435	-291,63427	174,98143	-291,63427
27420	157,28653	-291,63427	139,59174	-291,63427
27440	129,76244	-291,63427	119,93314	-291,63427
27460	110,75852	-291,63523	102,8957	-277,21812
27480	98,96354	-265,42186	95,68674	-252,97033
27500	93,72007	-244,45083	91,75437	-235,27585
27520	90,44331	-228,06691	89,1321	-220,85794
27540	87,82166	-215,61505	86,51008	-210,37212
27560	85,85449	-205,12919	85,19892	-201,197
27580	85,19878	-199,23091	85,19867	-195,9541
27600	85,19852	-194,64334	85,19842	-192,67724
27620	85,8537	-191,36651	86,50899	-189,40042
27640	86,50894	-189,40042	86,50888	-188,08968
27660	87,16419	-187,43432	87,16414	-184,1575
27680	86,50872	-182,1914	86,50866	-177,60385
27700	86,5086	-175,63775	86,50855	-171,70556
27720	85,85312	-169,0841	85,85307	-167,77335
27740	85,85302	-166,46263	85,85298	-163,84117
27760	86,5083	-162,53043	87,81898	-161,21968
27780	88,47431	-159,90896	88,47428	-157,28749
27800	89,12961	-155,32141	88,47422	-154,01067
27820	88,47419	-153,35529	89,12953	-152,69992
27840	89,78488	-152,69992	89,78486	-151,38919
27860	89,78485	-151,38919	90,44019	-152,04455
27880	91,09554	-152,04454	91,09553	-151,38917
27900	91,09551	-151,38917	91,7509	-150,7338
27920	91,75089	-151,38916	91,75088	-151,38915
27940	92,40623	-151,38916	91,75087	-151,38915
27960	91,75085	-151,38915	91,75084	-150,07841
27980	92,40619	-150,07842	91,75083	-150,07841
28000	93,06154	-149,42305	93,06153	-149,42305
28020	93,06152	-150,07841	93,06151	-148,76768
28040	94,37222	-149,42304	93,71685	-149,42305
28060	93,71685	-150,07841	93,71684	-148,76769
28080	93,71683	-149,42305	93,71683	-148,76769
28100	94,37218	-148,76769	94,37217	-146,8016
28120	94,37216	-147,45697	94,37216	-146,80161
28140	94,37215	-146,14625	98,30438	-133,69431
28160	102,23671	-118,6209	104,20288	-109,44578
28180	103,54752	-106,82429	102,89214	-104,20283
28200	102,89213	-103,54746	102,23678	-102,23674
28220	102,23677	-102,23674	101,58141	-100,92601
28240	101,5814	-101,58138	100,92604	-100,27064
28260	100,27068	-99,61528	100,27068	-98,95991
28280	100,27067	-98,95991	99,61531	-97,64918
28300	99,61531	-98,9599	99,61531	-96,99382
28320	99,6153	-97,64918	99,6153	-96,99382
28340	98,95994	-96,99382	98,30458	-96,99382
28360	98,95994	-97,64919	98,30459	-96,99383
28380	98,30459	-96,33846	97,64924	-95,02773
28400	98,30459	-94,37237	98,3046	-94,37236
28420	98,30459	-95,02773	98,30459	-93,717
28440	98,30459	-93,717	106,82439	-81,26508
28460	125,17493	-55,70579	148,76841	-30,14647
28480	176,29397	-9,83006	186,12465	5,24341
28500	184,15859	15,07394	181,53715	23,59374
28520	178,91574	30,14744	176,94969	36,04573
28540	176,29433	38,01181	175,63898	41,94397
28560	174,32828	42,59933	173,01756	42,59933
28580	173,01758	42,59933	171,05152	42,59933
28600	170,39616	42,59933	170,39616	42,59933
28620	169,74081	42,59933	169,08545	42,59933
28640	169,08545	42,59933	167,77473	42,59933
28660	168,43009	42,59933	167,11937	42,59933
28680	166,46402	42,59933	165,1533	42,59933
28700	165,15329	42,59933	164,49794	42,59933
28720	163,84258	42,59933	163,84258	42,59933
28740	163,18721	42,59933	162,53186	42,59933
28760	162,53186	42,59933	162,53186	42,59933
28780	162,53187	42,59933	161,22114	42,59933
28800	143,52618	42,59933	110,10235	42,59933
28820	70,12491	42,59933	30,1476	42,59933
28840	11,14204	42,59933	10,48674	42,59933
28860	11,14214	42,59933	11,14214	42,59933
28880	11,14215	42,59933	11,14217	42,59933
28900	11,79754	42,59933	11,79755	42,59933
28920	11,79756	42,59933	12,45293	42,59933
28940	12,45293	42,59933	12,45293	42,59933
28960	13,1083	42,59933	13,10831	42,59933
28980	13,76366	42,59933	14,41903	42,59933
29000	15,0744	42,59933	15,72976	42,59933
29020	16,38512	42,59933	17,04049	42,59933
29040	17,69586	42,59933	18,35122	42,59933
29060	19,00658	42,59933	19,00659	42,59933
29080	19,66196	42,59933	19,66196	42,59933
29100	20,31732	42,59933	20,97269	42,59933
29120	22,28342	42,59933	23,59414	42,59933
29140	25,56023	42,59933	25,56023	42,59932
29160	26,87095	42,59931	28,18168	42,59929
29180	32,11384	39,32245	37,35673	34,73483
29200	44,56571	32,11326	50,46398	30,80243
29220	58,32834	28,18085	67,50341	24,90395
29240	73,40166	19,00558	83,2321	11,79648
29260	98,96074	-0,00011999999999546	112,06792	-11,79679
29280	118,62151	-28,18097	129,10721	-49,80808
29300	133,03937	-68,15835	139,59291	-91,09616
29320	147,45718	-114,03398	152,04475	-126,48595
29340	162,53054	-150,73445	172,36093	-181,53658
29360	176,29308	-201,85287	179,56986	-215,61555
29380	182,19128	-226,75673	180,88055	-228,72284
29400	182,19125	-235,93185	185,468	-245,10698
29420	188,74476	-251,00529	194,64299	-260,18038
29440	199,23046	-271,32155	207,75005	-286,39493
29460	210,37145	-291,63785	209,06069	-290,98247
29480	207,74992	-291,63785	208,40527	-291,63786
29500	212,3374	-291,63785	213,64808	-291,63786
29520	214,9588	-291,63786	219,54628	-291,63785
29540	222,82304	-291,63787	221,51231	-291,63787
29560	220,85701	-291,63788	228,06595	-291,63789
29580	230,68738	-291,63792	230,03205	-291,63796
29600	228,72134	-291,63795	228,06597	-291,63791
29620	226,09987	-291,63787	226,75525	-291,63785
29640	226,75527	-289,01637	224,13386	-281,80735
29660	226,75533	-279,18584	227,41071	-271,97683
29680	225,44464	-265,4232	224,13395	-261,49101
29700	223,4786	-256,90349	222,1679	-251,66057
29720	220,85722	-248,38378	220,20188	-243,79624
29740	218,2358	-238,55333	217,58045	-235,27653
29760	218,8912	-232,65507	217,5805	-228,72289
29780	213,64836	-222,82464	210,37157	-216,27099
29800	207,75013	-211,02808	205,12869	-205,78518
29820	204,47334	-203,16371	204,47335	-200,54225
29840	204,47336	-198,57615	204,47336	-197,26544
29860	205,78408	-197,26544	204,47336	-195,9547
29880	205,12872	-197,26543	205,12872	-196,61007
29900	197,26435	-192,02252	188,7446	-189,40104
29920	188,74462	-188,74567	186,77855	-185,46885
29940	186,12319	-185,46884	186,12319	-185,46883
29960	187,43392	-186,12419	192,67679	-186,77955
29980	197,26427	-187,43492	198,57495	-184,15812
