T	LX	LY	RX	RY
0	0	0	0	0
20	0	-1,31072	-0,65537	-1,31073
40	-0,65536	-1,96609	-1,0000000003174E-5	-1,31073
60	-1,0000000003174E-5	-2,62145	-0,65537	-1,9661
80	-1,0000000003174E-5	-1,96609	-1,0000000003174E-5	-1,9661
100	-1,0000000003174E-5	-2,62146	-1,0000000003174E-5	-1,9661
120	-0,65537	-1,31073	-1,0000000003174E-5	-0,65537
140	-1,0000000003174E-5	-0,65536	-1,0000000003174E-5	-0,65537
160	0	-1,31073	-1,0000000003174E-5	-0,65538
180	-0,65537	-1,96609	-1,0000000003174E-5	-1,31075
200	-1,0000000003174E-5	-1,9661	-0,65537	-1,31075
220	-0,65537	-1,9661	-0,65538	-0,65538
240	-0,65538	-1,31074	-0,65539	-0,65539
260	-0,65538	-1,96611	-0,65539	-1,31075
280	-0,65538	-0,65538	-0,65539	-0,65538
300	-0,65539	-1,9999999999243E-5	-0,65539	1,3107
320	-0,65539	0,65534	-0,65539	0,65534
340	-0,65539	-1,9999999999243E-5	-0,65539	0,65534
360	-0,6554	-1,9999999999243E-5	-0,6554	1,3107
380	-0,6554	0,65534	-0,6554	1,3107
400	-1,31077	0,65536	-0,65541	1,96608
420	-0,65541	1,31072	-0,65541	2,62145
440	-0,65542000000001	1,96609	-0,65542000000001	3,27681
460	-0,65542000000001	2,62145	-0,65542000000001	3,27681
480	-0,65542000000001	1,96609	-0,65543	1,96608
500	-1,31079	1,96608	-0,65544000000001	2,62144
520	-0,65543	2,62144	-1,3108	3,93216
540	-1,3108	1,96608	-1,3108	2,62144
560	-1,31079	1,96608	-1,3108	3,2768
580	-1,3108	3,27681	-1,3108	3,2768
600	-1,3108	2,62144	-1,3108	2,62144
620	-1,96616	2,62144	-1,3108	3,2768
640	-1,96616	2,62144	-1,96617	2,62144
660	-1,96617	1,3107	-1,96617	-2,9999999995312E-5
680	-1,96617	-3,27685	-1,31081	-4,58761
700	3,27679	-5,89838	8,51973	-6,55379
720	9,83047	-10,48596	9,17509	-13,10745
740	8,51973	-15,07355	9,17509	-15,72893
760	8,51973	-17,03965	8,51973	-17,03965
780	8,51973	-17,69502	8,51973	-17,03966
800	8,51973	-17,69502	9,17509	-17,03966
820	8,51974	-17,69502	8,51974	-17,03966
840	8,51974	-18,35039	9,17509	-17,69504
860	8,51974	-18,35039	9,1751	-18,35039
880	9,1751	-18,35039	8,51974	-17,03967
900	8,51974	-18,35039	8,51974	-18,35039
920	8,51974	-19,00575	8,51974	-19,66112
940	9,1751	-19,66113	15,72875	-15,07359
960	19,0056	-15,72894	19,66097	-15,72895
980	19,0056	-16,38431	19,66096	-16,38431
1000	19,66096	-17,03967	19,66095	-17,03968
1020	19,66096	-18,3504	19,66095	-18,35041
1040	19,66096	-20,31649	19,66095	-20,97185
1060	19,66095	-22,28257	19,66095	-22,28258
1080	19,66095	-23,59228	20,31631	-24,24866
1100	19,66095	-26,21474	19,66095	-26,21475
1120	19,66095	-26,87011	19,66095	-27,52548
1140	19,66096	-29,49155	20,31632	-29,49156
1160	20,31632	-31,45765	19,66096	-31,45766
1180	19,66096	-32,76838	20,31632	-33,42374
1200	19,66096	-35,38983	19,66096	-36,04519
1220	19,66096	-36,70056	19,66096	-37,35592
1240	19,66096	-38,01128	19,66096	-38,66664
1260	19,0056	-39,97737	19,66096	-40,63273
1280	19,66096	-41,2881	19,66096	-41,2881
1300	19,0056	-41,94346	19,66096	-42,59882
1320	19,66096	-43,25418	19,66096	-43,90955
1340	19,66096	-44,56491	19,66095	-45,22027
1360	19,0056	-46,531	19,66096	-45,87564
1380	19,66096	-47,84173	19,66096	-47,84174
1400	24,24851	-45,87565	30,80221	-44,56491
1420	34,07908	-45,22026	33,42371	-44,56491
1440	33,42371	-45,22028	33,42371	-44,56492
1460	32,76835	-45,22028	33,42371	-45,22028
1480	32,76835	-45,87564	32,76835	-46,53101
1500	32,76835	-47,84173	32,76836	-47,18638
1520	32,76836	-47,84173	32,76836	-47,84174
1540	32,76836	-49,15246	32,76836	-49,80783
1560	33,42374	-51,11856	36,70063	-52,42927
1580	37,35604	-55,05071	36,70068	-54,39536
1600	36,04532	-55,05072	36,04532	-55,05072
1620	36,04532	-55,70608	35,38996	-55,7061
1640	34,7346	-57,01681	35,38997	-57,01682
1660	35,38997	-58,32754	35,38997	-58,32755
1680	34,73461	-59,63828	35,38997	-60,29364
1700	34,73461	-60,949	34,73461	-60,94899
1720	34,73461	-61,60435	34,73461	-60,94899
1740	34,73461	-62,25971	35,38997	-62,25971
1760	34,73462	-62,91506	34,73461	-62,91506
1780	34,73462	-63,57043	35,38998	-62,91506
1800	34,73462	-64,22578	34,73462	-64,22579
1820	34,73463	-64,22579	36,70073	-62,91505
1840	36,04538	-64,22577	36,04537	-64,22577
1860	36,04538	-64,88113	36,04537	-64,88114
1880	36,04538	-66,19186	36,04538	-66,19186
1900	36,04538	-66,84722	35,39002	-66,84723
1920	36,04538	-67,50259	36,04538	-67,5026
1940	35,39002	-68,81331	35,39002	-68,81332
1960	35,39002	-70,12404	36,04541	-69,46868
1980	36,70097	-70,77936	41,94407	-72,09006
2000	47,8424	-74,05613	45,8763	-71,4347
2020	45,22092	-70,12398	45,87628	-68,81327
2040	45,22092	-70,12399	45,22091	-68,81328
2060	45,22091	-70,12401	45,87627	-69,46866
2080	45,22091	-70,12402	45,2209	-69,46866
2100	45,87627	-70,12402	45,87626	-69,46867
2120	45,87627	-70,12403	45,87626	-69,46868
2140	45,87627	-70,7794	45,2209	-69,46868
2160	45,87626	-70,12405	45,87626	-69,46869
2180	45,87626	-70,77941	45,87626	-70,12406
2200	45,2209	-70,77942	45,2209	-70,12406
2220	45,2209	-70,77942	45,2209	-69,46871
2240	45,22091	-70,12407	45,22091	-68,81335
2260	45,22091	-69,46871	45,22091	-69,46872
2280	46,53164	-70,12408	52,42993	-69,46872
2300	56,36214	-70,77942	55,70677	-70,77943
2320	55,70677	-71,4348	56,36212	-71,4348
2340	56,36212	-72,09016	55,70675	-72,74553
2360	55,70675	-74,05624	55,70674	-74,71161
2380	55,70674	-76,02233	55,70674	-76,02233
2400	56,3621	-77,33305	56,3621	-77,33306
2420	56,3621	-79,29915	59,63889	-81,26523
2440	80,6106	-84,542	94,37339	-88,47413
2460	96,33953	-87,81877	94,37341	-84,54197
2480	94,3734	-83,88662	94,37339	-82,5759
2500	93,71803	-82,5759	93,71802	-81,92055
2520	93,71803	-81,92055	93,71802	-81,26519
2540	93,71802	-81,2652	93,71802	-80,60984
2560	93,71802	-80,60984	93,71801	-79,95448
2580	93,71801	-80,60984	93,06265	-79,29912
2600	92,40729	-79,29912	92,40729	-77,98841
2620	92,40729	-78,64377	92,40729	-77,33304
2640	91,75194	-77,33305	91,75193	-77,33305
2660	91,75193	-77,98841	91,09657	-77,98841
2680	88,47512	-76,02232	84,54291	-73,40087
2700	83,23218	-72,7455	83,23218	-72,09014
2720	81,92146	-72,09014	81,26609	-71,43478
2740	81,26609	-72,09014	81,2661	-72,09015
2760	79,95538	-73,40087	79,95537	-74,05624
2780	76,02319	-80,60985	41,94423	-98,3046
2800	24,90451	-121,8976	15,07381	-131,72804
2820	9,17547	-131,07272	12,45225	-127,79593
2840	13,76296	-127,14057	14,4183	-125,82985
2860	14,41829	-124,51913	14,41828	-122,55305
2880	15,07364	-123,20842	15,07363	-123,20844
2900	15,73154	-123,20844	15,72898	-122,55308
2920	15,07362	-121,89772	15,72898	-120,587
2940	15,72898	-121,24236	16,38433	-119,93164
2960	16,38433	-121,24236	12,45215	-122,55308
2980	-2,6212	-129,10667	-7,20879	-131,07275
3000	-5,89807	-130,41739	-5,24271	-129,76202
3020	-5,89808	-129,76202	-5,89808	-128,45129
3040	-5,89809	-129,10665	-5,89809	-128,45129
3060	-5,24273	-129,10665	-5,24273	-127,79592
3080	-5,24273	-128,45129	-5,24274	-127,79593
3100	-5,89809	-128,45129	-5,89811	-127,79593
3120	-5,24274	-127,79592	-5,24275	-127,14057
3140	-5,89811	-127,79593	-5,89811	-127,14057
3160	-5,89811	-128,45129	-1,31056	-123,20841
3180	13,10749	-121,2423	18,35042	-120,58695
3200	18,35041	-120,58695	17,69504	-119,27623
3220	18,35041	-119,27623	18,35041	-119,27623
3240	18,3504	-119,9316	17,69505	-119,9316
3260	18,35037	-120,58696	17,69504	-120,58696
3280	17,69504	-121,24232	17,69504	-119,9316
3300	17,69505	-121,24232	17,69504	-120,58696
3320	18,3504	-121,24232	17,69504	-120,58697
3340	17,69504	-121,24232	17,69504	-121,24233
3360	17,69504	-121,89769	21,62723	-121,24233
3380	30,80247	-125,82981	31,45802	-127,14051
3400	30,14734	-126,48515	29,49195	-123,20836
3420	29,49195	-123,86372	28,83659	-122,55301
3440	28,18124	-123,20837	28,18123	-123,86374
3460	27,52587	-124,5191	27,52587	-123,86374
3480	27,52587	-124,5191	27,52587	-123,86375
3500	26,87052	-125,17447	26,87051	-125,17448
3520	26,87052	-125,82983	26,87052	-125,17448
3540	26,87052	-126,4852	26,87052	-125,82984
3560	26,21516	-126,4852	26,21517	-126,4852
3580	26,21515	-126,4852	26,87047	-127,14057
3600	26,87046	-128,45129	27,52583	-127,79593
3620	26,87047	-128,45129	26,87046	-128,45128
3640	26,87047	-129,10664	26,87047	-129,10664
3660	26,87046	-130,41735	26,87046	-130,41736
3680	26,87046	-130,41736	26,87046	-129,76199
3700	26,87046	-130,41735	26,87046	-130,41736
3720	26,87046	-131,07272	26,87046	-131,72808
3740	26,2151	-132,38344	25,55985	-132,38342
3760	29,49223	-133,6941	34,07984	-133,03875
3780	32,76909	-130,41731	32,11371	-129,10659
3800	32,76907	-128,45123	32,76906	-127,14051
3820	32,1137	-127,14051	32,11369	-125,17443
3840	32,11369	-125,17443	32,11368	-123,20835
3860	32,11368	-123,20835	32,11367	-121,24227
3880	38,01195	-121,89762	63,57121	-125,82974
3900	73,40178	-126,48508	72,74641	-121,2422
3920	71,43566	-118,62075	71,43565	-115,99931
3940	71,43565	-115,34395	70,78028	-114,6886
3960	70,78028	-114,6886	70,78027	-114,03324
3980	70,78027	-114,68861	70,78026	-114,68862
4000	70,78026	-114,68862	70,78025	-114,03326
4020	70,78026	-114,68862	70,78025	-114,68863
4040	71,43561	-114,68863	71,43561	-114,68863
4060	67,50343	-114,68864	63,57122	-114,03328
4080	62,26048	-114,68864	62,91584	-114,68864
4100	62,91584	-115,344	62,91584	-114,03328
4120	62,26048	-114,68864	62,91583	-114,03328
4140	62,91583	-114,68865	62,26047	-114,68865
4160	62,26047	-114,68865	62,26047	-114,03329
4180	62,26047	-114,03329	62,26047	-113,37794
4200	68,15876	-114,03328	76,67857	-114,68862
4220	79,30006	-114,68861	78,64467	-112,06718
4240	77,9893	-111,41182	78,64466	-110,75645
4260	78,64467	-110,1011	78,64466	-110,1011
4280	78,64466	-110,1011	78,64465	-109,44574
4300	78,64465	-110,1011	78,64465	-108,79038
4320	78,64465	-109,44573	78,64464	-109,44574
4340	60,29443	-118,62076	19,66181	-136,97088
4360	19,00613	-150,73345	9,83089	-153,35493
4380	10,4862	-150,07813	12,45227	-146,80133
4400	12,45225	-146,14596	12,45223	-143,52454
4420	12,45223	-142,21382	12,45221	-140,24774
4440	12,45221	-140,9031	12,4522	-138,93703
4460	12,4522	-139,59239	12,45219	-138,28168
4480	12,45219	-138,28167	11,79683	-136,97096
4500	11,79683	-136,97096	12,45218	-136,3156
4520	11,79682	-136,3156	11,79681	-135,00488
4540	11,14145	-135,66024	11,14145	-135,00489
4560	11,14145	-135,66025	11,14144	-135,66025
4580	11,14144	-135,66025	10,48608	-135,00489
4600	10,48608	-135,66025	10,48608	-135,66025
4620	1,96636	-138,93705	-5,89802	-140,24777
4640	-5,89803	-139,59241	-5,24267	-138,93705
4660	-4,58731	-139,59241	-4,58731	-138,2817
4680	-5,24267	-138,93706	-4,58731	-137,62634
4700	-5,24266	-138,2817	-4,58731	-137,62635
4720	-5,24266	-138,93707	-4,58731	-138,93707
4740	-5,24267	-139,59243	-5,24267	-138,93707
4760	-5,24266	-139,59243	-5,89803	-138,93707
4780	-5,89803	-139,59243	-5,24267	-138,93708
4800	-5,89803	-139,59244	-5,24267	-138,28172
4820	7,20925	-135,66027	15,72903	-136,31562
4840	17,03978	-136,97099	16,38439	-135,0049
4860	16,3844	-135,00491	16,3844	-134,34955
4880	16,3844	-135,00491	16,3844	-135,00492
4900	16,3844	-135,66027	15,72904	-135,00492
4920	16,3844	-135,66029	16,3844	-135,00493
4940	16,3844	-135,6603	16,3844	-135,6603
4960	16,3844	-135,6603	17,03976	-135,6603
4980	16,38439	-136,97102	16,38439	-136,31566
5000	17,03975	-136,97102	17,03974	-136,31567
5020	17,03975	-137,62639	17,03975	-137,6264
5040	17,6951	-138,28176	17,6951	-138,28176
5060	17,03974	-138,93712	17,6951	-138,93713
5080	17,6951	-139,59248	17,03973	-139,59249
5100	19,66119	-140,24786	24,24889	-143,52463
5120	19,00624	-147,45677	17,69557	-144,83533
5140	17,04018	-142,86925	16,3848	-140,24781
5160	16,38481	-140,24782	16,3848	-139,59246
5180	15,72944	-139,59247	15,72943	-138,93712
5200	15,72943	-139,59248	15,07407	-138,93713
5220	15,07407	-138,93713	15,07406	-138,28178
5240	15,07406	-138,93713	15,07406	-138,28178
5260	15,07406	-139,5925	14,4187	-138,28178
5280	15,07406	-138,28178	14,4187	-138,28178
5300	14,4187	-138,93714	14,4187	-138,28179
5320	15,07404	-139,59251	15,72935	-138,93716
5340	15,72936	-140,24788	16,38472	-138,93716
5360	15,72936	-140,24789	16,38471	-139,59252
5380	15,72935	-140,24789	15,72935	-140,2479
5400	16,38471	-140,90326	16,38471	-140,2479
5420	16,38471	-140,90326	16,38471	-140,24791
5440	16,38472	-140,90327	15,72935	-140,90327
5460	16,38471	-141,55863	15,72935	-140,90328
5480	16,38472	-142,214	16,38471	-141,55864
5500	15,72935	-142,214	15,72935	-142,21401
5520	15,72935	-142,86936	15,72935	-142,21401
5540	15,07399	-143,52473	15,72935	-142,86938
5560	15,72935	-142,86938	15,72935	-144,1801
5580	15,72935	-144,83546	15,72935	-144,83547
5600	15,72935	-144,83547	15,72934	-144,18011
5620	15,72935	-146,14619	16,3847	-145,49083
5640	16,3847	-146,14619	16,3847	-145,49083
5660	15,72933	-146,14619	16,38469	-145,48924
5680	15,72937	-146,80155	20,31705	-147,45688
5700	31,45831	-148,76758	33,42441	-146,80151
5720	32,11367	-146,14614	32,11366	-144,83544
5740	31,4583	-144,83544	31,45829	-144,18009
5760	30,80293	-144,83545	31,45828	-144,1801
5780	30,80293	-144,83546	30,80292	-144,83546
5800	30,80293	-145,49082	30,80291	-144,83546
5820	31,45828	-145,49082	31,45828	-144,83547
5840	31,45828	-145,49083	31,45827	-144,83548
5860	30,80292	-145,49083	30,80291	-146,1462
5880	30,80291	-146,80155	30,80291	-146,80155
5900	30,80291	-146,80156	30,8029	-145,49084
5920	30,80291	-146,1462	30,80291	-145,49084
5940	43,25482	-146,80155	64,8819	-149,42296
5960	77,99182	-151,38902	80,61074	-149,42293
5980	79,3	-147,45685	79,29999	-145,49078
6000	79,29999	-145,49077	78,64462	-144,83542
6020	78,64463	-144,83542	78,64462	-144,18007
6040	78,64462	-144,83543	77,98926	-143,52471
6060	77,98926	-144,18007	77,98926	-143,52471
6080	77,98926	-144,18007	77,98926	-143,52472
6100	77,98926	-144,18008	77,98926	-143,52471
6120	77,98926	-143,52472	77,98926	-142,86936
6140	77,98927	-143,52472	77,98927	-142,86936
6160	77,98927	-142,86936	77,98927	-141,55864
6180	77,33392	-142,86936	77,33391	-142,214
6200	76,67856	-142,21399	76,67857	-140,90327
6220	76,67857	-140,90327	76,02321	-139,59254
6240	76,02321	-139,59254	76,02321	-138,93718
6260	76,02322	-139,59254	75,36785	-138,93718
6280	76,67859	-139,59253	85,85375	-140,24786
6300	91,75211	-140,90319	93,06284	-138,9371
6320	91,09675	-137,62639	91,09674	-136,97103
6340	91,09674	-136,97102	90,44137	-135,00495
6360	89,78601	-135,00495	90,44136	-133,69424
6380	89,78601	-133,69424	89,786	-133,03888
6400	89,786	-133,03888	90,44135	-132,38352
6420	90,44136	-133,03888	91,09671	-133,03888
6440	91,09672	-133,69423	91,09671	-133,69424
6460	91,09672	-133,69424	91,75207	-133,69424
6480	91,75208	-135,00496	91,75207	-135,00497
6500	91,75207	-136,31569	92,40742	-136,31569
6520	91,75207	-136,97106	91,75206	-136,97106
6540	78,64475	-146,14609	45,87648	-160,56404
6560	7,20997	-174,98197	6,55442	-178,91416
6580	8,52043	-177,60347	9,17577	-174,98203
6600	9,83113	-174,32667	9,8311	-172,3606
6620	10,48645	-171,04988	10,48644	-169,0838
6640	10,48644	-169,73916	11,14178	-168,42844
6660	11,14178	-168,42845	11,14177	-167,11773
6680	11,14177	-167,11773	11,14176	-166,46237
6700	11,14177	-165,80702	12,45247	-167,11773
6720	13,10775	-169,73917	9,17549	-171,0499
6740	7,86475	-172,36062	9,17546	-171,04991
6760	9,17546	-171,04991	9,17546	-170,39455
6780	9,17546	-171,04991	9,17545	-170,39456
6800	9,17545	-170,39456	8,52008	-169,73921
6820	9,17544	-170,39456	9,17544	-169,7392
6840	9,17543	-170,39456	8,52007	-169,7392
6860	8,52007	-170,39456	8,52007	-169,08385
6880	8,52007	-168,42849	8,52006	-167,77313
6900	7,8647	-168,42849	8,52006	-167,77313
6920	7,8647	-168,42849	2,62177	-169,08385
6940	-3,93188	-171,04992	-4,58725	-170,39457
6960	-3,27653	-170,39458	-3,27654	-170,39458
6980	-3,27654	-171,04994	-3,27654	-170,39458
7000	-3,27654	-171,04994	-3,27655	-171,04994
7020	-3,27654	-171,7053	-3,93191	-171,7053
7040	-3,27655	-172,36066	-3,27655	-171,7053
7060	-3,93191	-173,01603	-3,93191	-172,36067
7080	-3,93191	-173,01603	-3,93191	-172,36067
7100	-3,93191	-173,01603	-3,93192	-173,01603
7120	-3,93191	-173,01604	-4,58727	-173,01604
7140	0,65564	-173,01604	10,48617	-174,98211
7160	13,76304	-176,29283	13,76303	-174,32675
7180	13,10767	-173,01603	13,10766	-171,70531
7200	12,4523	-171,70532	12,4523	-170,3946
7220	12,4523	-169,73924	12,4523	-169,73925
7240	12,45231	-170,3946	12,45231	-170,39461
7260	12,45231	-171,04997	12,45231	-170,39461
7280	12,45231	-171,04997	12,45231	-171,04997
7300	12,45231	-171,70533	12,45231	-171,70534
7320	12,45231	-172,3607	11,79695	-172,3607
7340	13,76306	-176,29286	7,20967	-182,19108
7360	9,17596	-184,8125	11,79744	-182,19106
7380	10,48669	-179,56962	10,48668	-177,60355
7400	11,14205	-177,60355	10,48668	-176,29284
7420	10,48668	-176,9482	11,14204	-176,29285
7440	11,14203	-176,94821	10,48667	-176,29285
7460	9,83132	-176,29285	10,48667	-175,63749
7480	10,48667	-175,63749	9,83131	-174,98213
7500	9,83131	-175,63749	9,83131	-174,32677
7520	9,83131	-174,32677	10,48666	-173,67141
7540	9,83131	-173,67141	10,48667	-173,01605
7560	22,93861	-174,32675	-58,32586	-174,32672
7580	51,11934	-174,32671	50,46396	-171,04992
7600	49,15323	-169,7392	49,80859	-167,77313
7620	49,15323	-168,42848	49,15322	-167,77313
7640	49,15323	-168,42849	48,49787	-167,11778
7660	48,49787	-167,77314	48,49786	-167,11778
7680	48,49786	-167,11778	48,49786	-166,46243
7700	48,49787	-167,11779	48,49786	-165,80707
7720	48,49786	-167,77315	48,49786	-167,11779
7740	48,49786	-167,77315	48,49786	-167,11779
7760	48,49786	-167,77314	48,49786	-167,77315
7780	48,49786	-168,42851	48,49785	-166,46243
7800	49,15322	-168,42851	49,15322	-167,77316
7820	48,49785	-168,42851	48,49785	-167,77315
7840	49,15322	-168,42851	49,15321	-167,77315
7860	49,15321	-168,42851	49,15321	-169,08388
7880	59,63904	-171,7053	76,02323	-174,32671
7900	83,88767	-175,63741	84,54304	-173,67133
7920	83,23229	-172,36061	83,88765	-171,0499
7940	84,54302	-171,70526	84,54301	-171,0499
7960	84,54301	-171,70527	84,543	-171,04991
7980	84,54301	-171,70528	84,543	-171,04992
8000	84,543	-171,70528	85,19836	-171,04993
8020	84,54301	-171,04993	84,543	-170,39457
8040	84,54301	-171,04993	84,54301	-171,04993
8060	84,54301	-171,04992	84,54301	-170,39457
8080	84,54301	-171,04993	85,19837	-170,39457
8100	85,19838	-171,04993	85,19838	-171,04993
8120	85,19838	-171,04993	84,54302	-171,04993
8140	85,19839	-172,36064	85,19838	-171,04993
8160	85,19838	-171,70528	84,54302	-171,70528
8180	85,19838	-171,04991	84,54302	-171,04992
8200	85,19838	-172,36064	89,78597	-172,36062
8220	93,71818	-173,01597	93,71819	-170,39453
8240	93,06282	-171,04989	93,06281	-169,73917
8260	93,06282	-169,73916	93,06282	-169,73917
8280	92,40746	-170,39452	92,40746	-169,08381
8300	92,40746	-169,73917	93,06282	-169,08381
8320	92,40746	-169,73917	95,02892	-170,39452
8340	100,92727	-169,73913	103,54878	-170,39448
8360	102,89341	-169,08376	102,23802	-166,46232
8380	102,23802	-165,80695	102,23802	-165,15159
8400	102,23801	-165,80695	101,58265	-165,15159
8420	101,58265	-165,1516	101,58264	-165,1516
8440	101,58264	-165,1516	101,58264	-164,49624
8460	101,58264	-164,49624	95,68433	-169,73912
8480	64,88216	-192,67673	7,21009	-214,95897
8500	7,20978	-220,8572	7,20964	-212,33755
8520	9,17571	-208,4054	9,83104	-205,1286
8540	9,83101	-202,50716	9,83099	-199,23037
8560	9,83098	-197,26429	9,17561	-195,95358
8580	9,17561	-195,29822	9,17559	-193,33214
8600	9,17559	-192,67678	9,17558	-190,71071
8620	9,17558	-190,05535	9,17557	-188,74463
8640	9,17558	-188,74464	8,52021	-188,74464
8660	8,52021	-188,74464	4,58802	-192,02144
8680	-1,31029	-193,33217	-1,96568	-192,67681
8700	-0,65495000000001	-192,67681	-1,31032	-192,02146
8720	-1,31032	-192,02145	-0,65497000000001	-190,71074
8740	-0,65497000000001	-191,3661	-0,65497000000001	-191,3661
8760	-1,31033	-192,02146	-1,31034	-190,71074
8780	-1,31034	-191,3661	-1,31034	-190,71074
8800	-0,65498	-190,71074	-1,31035	-190,05538
8820	-0,65499000000001	-190,71074	-0,65499000000001	-190,05538
8840	-1,31035	-190,71074	-0,65499000000001	-190,05539
8860	-1,31035	-191,36611	-0,65499000000001	-190,71075
8880	-0,65499000000001	-191,36611	-0,65499000000001	-190,71075
8900	-1,31036	-191,36612	-1,31035	-190,71076
8920	-1,31036	-191,36612	-1,31036	-190,71076
8940	-1,31036	-191,36612	-1,31036	-190,71077
8960	-1,31036	-192,02149	-0,655	-192,0215
8980	7,86479	-194,64293	10,48641	-197,26435
9000	8,52041	-197,26434	7,86503	-194,64291
9020	7,20965	-193,98756	7,20965	-193,3322
9040	7,20964	-193,98756	7,20964	-193,98757
9060	6,55428	-193,98758	6,55428	-193,98758
9080	6,55428	-194,64295	6,55428	-193,98759
9100	6,55428	-194,64295	5,89891	-193,9876
9120	6,55428	-195,29832	5,89891	-194,64296
9140	5,89892	-195,29833	6,55427	-194,64297
9160	5,89891	-195,29832	5,89891	-194,64298
9180	5,89892	-194,64297	5,89891	-193,98762
9200	5,89892	-194,64298	5,24355	-194,64298
9220	5,24356	-194,64298	5,24355	-194,64298
9240	5,24355	-194,64298	4,58821	-195,29834
9260	5,24373	-198,57511	20,97256	-200,54117
9280	28,18159	-199,8858	26,21548	-195,95364
9300	26,21547	-193,98757	26,21546	-192,02148
9320	26,21546	-190,71076	26,21545	-190,0554
9340	26,21545	-190,0554	26,21545	-188,74468
9360	25,56008	-188,74468	25,56008	-187,43395
9380	24,90472	-186,77859	24,90471	-184,15714
9400	24,90471	-184,81248	24,24934	-184,15548
9420	19,6618	-184,81249	15,07424	-184,15713
9440	13,76352	-184,81249	14,41887	-183,50177
9460	13,76352	-184,15713	13,76351	-183,50176
9480	13,10815	-183,50176	13,7635	-182,84641
9500	13,10815	-183,50177	13,76351	-183,50178
9520	13,10815	-184,15714	13,7635	-183,50178
9540	13,10815	-184,8125	13,10814	-183,50178
9560	13,10815	-184,8125	13,10815	-184,15714
9580	12,45278	-184,8125	13,10814	-184,15715
9600	12,45279	-184,81251	12,45278	-184,15715
9620	12,45278	-184,81251	11,79742	-184,81251
9640	11,79742	-185,46788	11,79742	-185,46788
9660	11,79742	-186,12324	11,79742	-185,46789
9680	12,45279	-186,12325	12,45279	-185,46789
9700	12,45279	-186,12325	12,45279	-184,81253
9720	13,10815	-185,4679	12,45279	-184,81254
9740	12,45279	-185,46791	11,79744	-184,15719
9760	11,79744	-184,81255	11,79744	-184,15719
9780	21,62791	-185,4679	33,42449	-185,46789
9800	38,66742	-185,46788	38,01205	-183,50181
9820	37,35668	-183,50181	38,01204	-182,19109
9840	37,35669	-182,19109	38,01205	-181,53574
9860	38,01205	-182,1911	38,01205	-181,53574
9880	38,01205	-181,53574	38,66741	-181,53574
9900	38,66741	-183,50183	38,66741	-182,84647
9920	38,66741	-182,84647	38,66741	-182,84648
9940	39,32277	-183,50183	47,84251	-184,81255
9960	53,74083	-186,77862	55,05155	-184,81254
9980	53,74083	-185,46789	53,74082	-184,81253
10000	53,74082	-184,81253	53,74081	-184,15717
10020	53,08546	-184,81253	53,08545	-184,15718
10040	53,08545	-184,81253	53,08545	-184,81254
10060	53,08545	-186,12326	53,74081	-186,12327
10080	53,08545	-186,77863	53,08545	-186,12327
10100	53,08545	-187,43399	53,08545	-187,434
10120	55,05154	-188,74472	66,19277	-190,05542
10140	73,40185	-192,67684	74,71514	-190,71075
10160	74,05722	-190,0554	73,40185	-188,74468
10180	73,40184	-188,74468	73,40184	-188,08933
10200	72,74647	-188,74469	72,74647	-187,43398
10220	72,74647	-188,08933	72,74647	-187,43397
10240	72,74647	-187,43398	72,74647	-186,77861
10260	72,74646	-187,43398	72,74646	-186,77862
10280	72,74646	-187,43398	72,74646	-187,43398
10300	64,88208	-192,02148	24,24953	-207,09474
10320	-5,89731	-223,47874	-1,96539	-228,06626
10340	-4,58692	-226,10022	-2,62086	-222,82343
10360	-2,62087	-222,16807	-2,62089	-219,54663
10380	-2,6209	-218,23592	-3,27627	-216,9252
10400	-2,62092	-216,26985	-2,62092	-214,95913
10420	-3,27628	-214,95913	-2,62093	-213,64842
10440	-3,27629	-212,99306	-3,2763	-212,33771
10460	-3,2763	-212,99306	-3,2763	-211,68235
10480	-3,2763	-212,33771	-3,2763	-211,02699
10500	-3,2763	-211,68235	-3,2763	-211,027
10520	-3,2763	-210,37164	-2,62094	-211,02699
10540	-3,2763	-211,027	-2,62094	-209,71628
10560	-2,62094	-211,027	-2,62095	-210,37165
10580	-3,2763	-211,027	-2,62094	-211,027
10600	-2,62094	-211,68236	-2,62094	-211,68237
10620	-2,62093	-211,68237	-2,62094	-211,02701
10640	-2,62093	-211,02701	-2,62094	-210,37166
10660	-3,27629	-211,02702	-3,27629	-210,37166
10680	-2,62093	-211,68238	-3,27629	-211,68239
10700	-3,27629	-211,68239	-3,93165	-211,68239
10720	-3,27629	-212,99312	0,0005999999999986	-214,95919
10740	-1,96533	-218,23598	-4,58672	-217,58062
10760	-4,58673	-216,92526	-4,58674	-214,95918
10780	-4,58674	-215,61454	-4,58674	-214,30383
10800	-4,58674	-216,26991	-4,58674	-215,61456
10820	-4,58674	-216,26992	-4,58674	-214,95921
10840	-4,58674	-215,61457	-4,58674	-215,61457
10860	-5,2421	-216,9253	-4,58675	-216,26994
10880	-4,58675	-216,9253	-4,58675	-216,26994
10900	-4,58675	-216,9253	-4,58676	-216,26995
10920	-4,58675	-216,9253	-4,58676	-216,26994
10940	-4,58676	-216,92531	-3,9314	-216,26995
10960	-4,58676	-217,58068	-4,58675	-216,92532
10980	-4,58675	-218,23604	-3,93139	-217,58069
11000	-4,58675	-218,89142	-4,58675	-219,54679
11020	-3,93135	-222,16823	4,58851	-223,47893
11040	22,93877	-226,75572	26,21559	-224,78964
11060	24,24948	-222,82357	24,24946	-221,51286
11080	24,24946	-220,8575	23,5941	-219,54679
11100	23,59409	-219,5468	23,59409	-218,23608
11120	23,5941	-218,23608	23,59409	-217,58073
11140	22,93873	-216,92537	22,93873	-216,27001
11160	22,93873	-216,92538	22,93873	-216,27003
11180	22,28337	-216,92538	22,28337	-214,95931
11200	21,62801	-215,61467	22,28337	-215,61466
11220	22,28337	-216,27002	22,28336	-215,61467
11240	22,28336	-216,92538	22,28335	-216,27003
11260	21,62799	-216,92539	21,62798	-216,27003
11280	21,62799	-216,27003	21,62798	-215,61468
11300	21,62798	-216,27003	21,62797	-215,61468
11320	21,62798	-216,27004	22,28333	-216,27004
11340	21,62797	-216,9254	22,28333	-216,27005
11360	36,04597	-218,23611	57,01768	-220,20216
11380	63,57139	-222,16823	62,26064	-218,23607
11400	61,60526	-216,92536	62,26061	-215,61465
11420	60,94989	-215,61464	61,60525	-214,95929
11440	61,60524	-216,27001	61,60524	-215,61466
11460	61,60524	-216,27002	61,60524	-214,95931
11480	62,2606	-215,61467	62,2606	-214,95931
11500	61,60524	-215,61467	62,26059	-214,30396
11520	61,60524	-214,95932	62,26059	-214,30396
11540	61,60523	-214,95932	61,60523	-214,30396
11560	60,94987	-214,95932	60,94986	-214,30397
11580	60,94987	-215,61469	61,60523	-215,61469
11600	58,32842	-218,23613	43,91041	-219,54685
11620	35,39066	-220,85758	34,0799	-220,20222
11640	-58,32585	-221,51294	34,0799	-220,20222
11660	34,07989	-220,85759	34,0799	-220,20223
11680	34,0799	-221,51295	33,42453	-220,8576
11700	33,42454	-222,16832	33,42453	-222,16833
11720	33,42453	-222,16833	33,42453	-222,8237
11740	32,76917	-223,47906	33,42454	-222,8237
11760	32,76917	-223,47906	32,76917	-223,47906
11780	32,11381	-224,13443	32,76917	-223,47907
11800	32,76917	-224,13444	32,76917	-224,13444
11820	32,1138	-224,7898	32,76916	-223,47909
11840	32,1138	-224,13445	32,1138	-224,13444
11860	32,11379	-224,78981	31,45843	-224,78981
11880	32,11379	-225,44517	32,11379	-225,44517
11900	32,11379	-226,75589	32,76915	-226,10054
11920	32,76915	-226,7559	33,42451	-226,10054
11940	33,42451	-226,7559	33,42451	-226,10055
11960	34,07987	-227,41127	34,07986	-226,75591
11980	33,42451	-227,41127	33,4245	-226,75388
12000	32,76914	-226,75592	32,76913	-226,75592
12020	32,76914	-226,75592	32,76913	-226,75593
12040	32,76914	-227,41128	32,76913	-226,75593
12060	33,4245	-228,06665	33,4245	-228,06666
12080	33,4245	-228,72203	32,76914	-228,72202
12100	32,76914	-229,37739	32,76914	-228,72202
12120	32,11378	-229,37738	32,11377	-228,72203
12140	31,45842	-229,37739	31,45841	-228,72204
12160	31,45841	-229,37739	32,76914	-230,03275
12180	50,46398	-232,65417	71,43573	-237,24166
12200	80,61092	-237,89699	80,61092	-233,96484
12220	79,30017	-231,3434	79,30017	-228,72196
12240	79,30017	-228,72196	79,30016	-227,41125
12260	78,6448	-227,41125	78,64479	-226,75589
12280	78,64479	-227,41126	79,30016	-226,7559
12300	79,30015	-226,7559	79,30014	-226,10054
12320	79,30015	-226,7559	79,30015	-226,10055
12340	79,30015	-226,7559	79,30015	-226,10055
12360	80,61088	-226,7559	84,54309	-225,44516
12380	87,81994	-226,75588	87,81995	-225,44516
12400	87,81995	-225,44515	87,16458	-224,13444
12420	87,16459	-224,78979	87,16459	-224,13444
12440	87,16459	-224,78979	87,16459	-224,13443
12460	87,16458	-225,44516	87,8225	-224,7898
12480	87,81995	-225,44515	87,81995	-225,44516
12500	87,1646	-225,44515	87,16459	-225,44515
12520	87,16459	-225,44515	87,16459	-224,78979
12540	89,13069	-226,1005	100,27196	-228,72189
12560	110,75791	-232,65401	114,69014	-231,34328
12580	112,72404	-229,3772	113,37938	-226,75577
12600	113,37938	-226,10041	113,37938	-226,10041
12620	113,37938	-226,10042	113,37937	-224,7897
12640	113,37937	-225,44506	113,37937	-224,78971
12660	113,37937	-224,7897	113,37936	-224,13434
12680	113,37937	-224,13434	113,37936	-223,47898
12700	113,37936	-223,47898	113,37936	-222,82362
12720	112,724	-222,16826	113,37936	-221,51291
12740	112,724	-221,5129	112,72399	-220,85754
12760	112,06863	-220,20218	111,41327	-220,20217
12780	112,06863	-219,54682	112,06863	-217,58073
12800	111,41327	-218,23609	111,41327	-217,58073
12820	111,41327	-218,23608	106,17034	-220,85752
12840	81,9218	-237,89686	38,01232	-258,213
12860	-9,82931	-271,32019	-12,45096	-269,35415
12880	-10,48493	-264,11129	-9,82959	-260,83451
12900	-9,82962	-260,17915	-9,17427	-257,55772
12920	-9,17428	-256,247	-8,51894	-252,97022
12940	-8,51895	-252,97021	-8,51896	-250,34878
12960	-8,51896	-249,69343	-7,86361	-247,7254
12980	-7,86361	-248,38272	-7,86361	-245,76128
13000	-7,86361	-245,76128	-7,86361	-243,7952
13020	-6,55291	-245,76128	-5,24223	-246,41664
13040	-5,89762	-246,41664	-5,89763	-245,10592
13060	-5,89763	-244,45056	-5,89763	-243,7952
13080	-5,89764	-243,13984	-5,24229	-242,48449
13100	-5,89765	-243,13985	-5,24229	-242,48449
13120	-5,24228	-243,13985	-5,24228	-241,17377
13140	-5,89764	-241,17377	-5,24228	-240,51841
13160	-5,89764	-240,51841	-5,89764	-239,20769
13180	-5,89763	-239,20769	-5,89763	-237,89697
13200	-5,89763	-238,55233	-5,89764	-237,89697
13220	-5,89762	-239,86306	-9,1743	-241,17376
13240	-5,8973	-244,45054	-0,65434	-243,79518
13260	-1,30971	-242,48446	-1,30972	-240,51839
13280	-0,65436	-240,5184	-0,65436	-239,86304
13300	-0,65437	-240,5184	0,0009899999999945	-240,51842
13320	0,0009899999999945	-241,17378	-0,65438	-240,51842
13340	-0,65438	-241,17378	0,00097999999999843	-241,17379
13360	0,00097999999999843	-241,82916	0,00097999999999843	-241,1738
13380	-0,65437	-241,82916	0,00097999999999843	-241,1738
13400	0,00097999999999843	-242,48453	0,00097999999999843	-241,82917
13420	0,65634	-243,13989	0,65634	-242,48454
13440	0,65634	-243,79526	0,65634	-244,45062
13460	0,65635	-245,10598	0,65634	-245,76134
13480	0,65635	-247,07207	0,65635	-247,72743
13500	1,31171	-249,03815	1,31171	-249,03816
13520	1,31171	-251,00424	0,65635	-251,65961
13540	0,65635	-252,97033	14,41898	-254,28104
13560	46,53188	-260,17924	71,43585	-264,11137
13580	80,61104	-263,45599	79,3003	-258,21312
13600	78,64492	-254,93632	79,30026	-252,31488
13620	78,6449	-249,69344	78,64489	-247,72737
13640	78,64488	-246,41665	78,64488	-245,10593
13660	78,64487	-244,45057	78,64487	-243,79522
13680	78,64487	-244,45058	78,64486	-243,79523
13700	78,64486	-244,45059	77,98949	-243,79524
13720	77,98949	-244,4506	77,98948	-243,79525
13740	77,98948	-244,45061	77,98947	-243,79525
13760	77,98947	-244,45061	78,64483	-244,45062
13780	78,64483	-245,10598	78,64482	-244,45062
13800	78,64482	-245,10598	78,64482	-244,45062
13820	77,98946	-245,10598	77,98946	-244,45062
13840	77,98947	-245,10598	77,98946	-244,45062
13860	77,98947	-245,10598	77,33411	-244,45063
13880	77,33411	-245,76135	77,33411	-245,10599
13900	77,33412	-246,41672	77,33412	-245,76137
13920	72,0912	-245,106	62,91608	-244,45064
13940	56,36241	-244,45064	55,05167	-243,13993
13960	56,3624	-245,10602	56,3624	-246,41675
13980	56,3624	-248,38285	56,3624	-249,69359
14000	55,70705	-251,65968	56,36241	-252,97042
14020	56,36242	-256,24724	56,36243	-257,55797
14040	55,70707	-258,8687	55,70707	-258,86871
14060	55,70708	-259,52408	56,36244	-258,86873
14080	55,70708	-260,17945	46,532	-262,14553
14100	37,35689	-264,1116	33,42469	-264,76698
14120	33,42469	-264,76697	34,7354	-264,11163
14140	34,08004	-264,11162	34,73539	-262,14554
14160	34,08003	-262,8009	34,08003	-260,83482
14180	34,08003	-262,14554	34,08003	-260,83482
14200	34,08003	-260,83482	34,08001	-259,5241
14220	34,08002	-259,5241	34,73537	-258,21338
14240	34,73537	-258,21338	35,39073	-257,55802
14260	34,73537	-257,55802	34,73536	-256,2473
14280	35,39072	-256,24729	34,73535	-254,93658
14300	34,73535	-254,93657	34,73535	-254,28122
14320	34,73535	-254,93658	45,22116	-258,21338
14340	69,46973	-265,42229	84,54325	-267,38833
14360	85,85401	-264,11153	83,23252	-258,2133
14380	83,88787	-256,24722	83,88786	-254,28115
14400	83,2325	-254,93651	83,23248	-252,97044
14420	83,23248	-252,97044	83,88783	-252,31509
14440	83,88783	-252,31509	83,23247	-251,65974
14460	83,23247	-251,65974	83,23246	-251,00438
14480	83,23246	-251,00438	83,23245	-250,34903
14500	83,23245	-251,00439	76,6788	-252,97046
14520	54,39637	-257,55793	19,00668	-262,80078
14540	3,93327	-264,76687	5,24398	-261,49009
14560	5,24397	-260,17938	5,24394	-258,2133
14580	4,58858	-257,55794	4,58856	-256,24723
14600	4,58856	-255,59187	4,58855	-254,28115
14620	4,58855	-254,28115	4,58855	-252,97043
14640	4,58854	-253,6258	4,58854	-252,31508
14660	3,93318	-252,31507	4,58854	-250,34898
14680	4,58854	-249,03826	4,58853	-246,41681
14700	3,93316	-245,76144	-4,58657	-246,41678
14720	-9,17415	-247,07214	-9,82953	-246,41677
14740	-9,17417	-246,41676	-9,17418	-245,76141
14760	-9,17418	-245,7614	-9,17418	-244,45068
14780	-9,17418	-245,10604	-9,17418	-244,45068
14800	-9,17418	-245,10604	-9,17418	-244,45069
14820	-9,17417	-245,7614	-9,17417	-245,10605
14840	-9,17416	-245,76141	-9,82953	-245,10396
14860	-9,17416	-245,7614	-9,17416	-245,10605
14880	-9,17416	-246,41677	-9,17416	-245,10606
14900	-9,17415	-246,41678	-9,17415	-246,41678
14920	-9,17415	-247,72751	-9,17415	-247,72751
14940	-9,82951	-249,69358	-9,82961	-252,315
14960	-9,17435	-256,24715	-8,519	-254,93644
14980	-7,20828	-254,93644	-7,86365	-254,28109
15000	-7,2083	-254,28109	-7,20829	-253,62574
15020	-7,20829	-253,62574	-7,2083	-252,97038
15040	-7,2083	-252,97038	-7,2083	-252,31502
15060	-7,2083	-252,31502	-6,55295	-251,65967
15080	-7,2083	-251,00431	-7,20831	-250,34895
15100	-6,55295	-251,00431	-7,20831	-250,34894
15120	-6,55295	-251,00431	-6,55295	-249,69359
15140	-6,55296	-249,69358	-7,20832	-249,03823
15160	-6,55295	-249,69359	-6,55297	-249,03824
15180	-7,20832	-249,6936	-6,55296	-249,03824
15200	-6,55296	-249,6936	-6,55296	-249,03825
15220	-7,20832	-249,69361	-6,55296	-249,69361
15240	-6,55295	-252,31506	-11,14036	-255,59186
15260	-9,82954	-257,55793	-8,5188	-255,59184
15280	-8,5188	-254,93649	-8,51881	-254,28112
15300	-8,51881	-253,62577	-8,51882	-252,31505
15320	-8,51882	-252,31505	-9,17419	-251,65969
15340	-8,51882	-251,65969	-9,17419	-250,34898
15360	-9,17419	-251,00434	-8,51883	-249,69362
15380	-9,17419	-249,69362	-9,17419	-249,03826
15400	-9,17419	-249,69362	-9,17419	-248,3829
15420	-9,17419	-249,03827	-9,17419	-248,38291
15440	-9,17419	-249,69363	-9,17419	-249,69363
15460	-9,17419	-250,349	-9,17419	-250,349
15480	-9,17419	-251,65972	-7,86345	-252,97045
15500	1,31171	-255,59188	16,3851	-255,59187
15520	20,31729	-255,59186	19,66191	-252,97043
15540	19,66191	-253,62579	20,31727	-252,31507
15560	20,31727	-252,97043	20,31727	-252,31508
15580	20,31727	-253,6258	20,31727	-252,97044
15600	20,31727	-252,31509	20,31727	-252,31509
15620	20,31727	-252,97045	20,31727	-252,31509
15640	20,31728	-252,97045	20,31727	-251,65974
15660	20,31728	-252,3151	19,66192	-251,65974
15680	20,31728	-251,65973	20,31727	-251,00437
15700	19,66191	-251,00437	19,66191	-251,00437
15720	19,66192	-251,00437	19,66192	-250,34901
15740	19,00655	-251,00437	19,66191	-250,34902
15760	19,66191	-250,34902	19,66191	-249,03829
15780	20,31727	-249,69365	38,01209	-251,00434
15800	70,78044	-252,97032	95,68449	-252,31485
15820	109,4473	-249,69335	109,44731	-242,4844
15840	108,13653	-237,24152	108,1365	-233,30936
15860	108,13649	-231,34329	108,13648	-229,37722
15880	107,48112	-228,72187	107,4811	-226,75579
15900	108,13646	-226,7558	108,13645	-226,10045
15920	108,13645	-226,75582	108,13645	-226,75583
15940	108,79181	-228,72192	108,79181	-229,37729
15960	108,13646	-233,30947	108,79182	-235,93094
15980	108,79183	-239,86311	108,79183	-243,13995
16000	108,79184	-247,07213	108,13648	-247,07214
16020	108,79185	-248,38288	108,79185	-249,03824
16040	108,13649	-250,34896	104,85965	-256,2472
16060	80,61113	-278,52944	38,0124	-288,35985
16080	1,31201	-289,01524	-1,30948	-288,35993
16100	1,31195	-289,01532	1,31192	-288,35997
16120	1,31191	-289,01534	1,96726	-288,36
16140	0,65654	-289,01537	0,001179999999998	-288,36003
16160	-0,65419	-289,0154	-0,65419	-288,36005
16180	-1,30955	-289,01541	-2,62028	-288,36005
16200	-3,27564	-289,01541	-3,93101	-288,36005
16220	-4,58638	-289,01541	-2,62029	-288,36005
16240	14,41919	-289,01539	26,21576	-288,36001
16260	28,18185	-289,01537	28,83719	-285,73856
16280	28,83719	-283,77247	29,49253	-280,49567
16300	29,49253	-279,8403	29,49253	-278,52959
16320	29,49253	-278,52958	29,49252	-277,21887
16340	29,49252	-276,5635	29,49251	-275,90814
16360	30,14787	-275,90814	30,14787	-273,94206
16380	30,14787	-274,59742	30,14786	-273,2867
16400	30,14786	-273,28669	30,80321	-271,97598
16420	30,14786	-271,97597	30,80321	-270,66526
16440	30,80322	-271,32061	30,80321	-270,66525
16460	30,80321	-271,32062	30,80321	-270,66526
16480	31,45857	-271,32061	31,45857	-270,66525
16500	31,45857	-271,32062	31,45857	-270,0099
16520	31,45857	-270,66526	32,11393	-270,00989
16540	31,45857	-270,00989	32,11392	-268,69917
16560	32,11393	-269,35453	32,11392	-268,69917
16580	32,11393	-268,69916	32,11392	-268,69917
16600	32,11392	-269,35453	32,11392	-268,69917
16620	32,11392	-270,00989	32,11392	-269,35453
16640	32,11392	-270,66524	32,11392	-270,66525
16660	32,11391	-271,97597	32,11391	-271,97598
16680	49,80876	-273,28666	71,43589	-272,63121
16700	87,82014	-273,94188	91,75237	-268,69898
16720	89,78625	-263,45611	89,13085	-258,86859
16740	89,13085	-256,24716	89,13084	-254,28108
16760	89,13084	-253,62573	88,47546	-251,65965
16780	89,13082	-251,65966	88,47545	-250,34895
16800	89,13082	-249,69359	88,47545	-249,6936
16820	88,47545	-250,34897	88,47545	-249,03826
16840	88,47544	-249,69362	88,47544	-249,03826
16860	85,85399	-254,28115	77,33424	-260,17942
16880	74,71276	-260,83478	75,36812	-258,8687
16900	74,71274	-258,8687	75,36809	-256,90262
16920	75,36809	-256,90262	75,36809	-255,5919
16940	75,36809	-256,24727	74,71273	-256,24727
16960	66,19298	-257,55797	60,29468	-257,55798
16980	62,26075	-256,90262	63,57147	-255,5919
17000	62,91612	-255,5919	62,91611	-253,62582
17020	63,57147	-253,62582	63,57147	-252,97046
17040	63,57147	-253,62581	63,57147	-252,3151
17060	63,57147	-252,3151	64,22683	-251,65974
17080	64,22683	-252,3151	63,57146	-251,65974
17100	63,57147	-251,00437	63,57147	-250,34902
17120	63,57147	-250,34902	63,57147	-249,0383
17140	63,57147	-249,69365	63,57147	-248,38293
17160	62,91612	-248,38293	63,57148	-249,0383
17180	62,91612	-249,69366	62,91612	-249,0383
17200	63,57148	-251,00438	64,8822	-252,31511
17220	81,92175	-260,17938	102,8936	-268,04363
17240	110,10271	-267,38825	107,48123	-260,83466
17260	106,82584	-258,21323	106,82583	-256,90252
17280	106,82583	-256,24716	106,82582	-254,93644
17300	106,82581	-254,93645	107,48117	-254,2811
17320	107,48116	-253,62573	108,13652	-252,31502
17340	108,13651	-251,0043	108,1365	-249,03822
17360	107,48114	-248,38286	107,48113	-246,41678
17380	107,48113	-245,76142	106,82577	-243,79534
17400	106,82576	-243,13997	107,48111	-241,17389
17420	107,48111	-240,51853	107,48111	-238,55245
17440	106,82574	-238,55245	-58,32498	-237,89709
17460	106,82574	-237,89709	106,82573	-237,24173
17480	106,17037	-238,55245	91,09695	-248,38283
17500	55,7072	-268,04358	5,24412	-285,73827
17520	-19,00446	-289,0151	-17,69383	-285,73835
17540	-16,38313	-281,15085	-15,72781	-278,52942
17560	-15,72782	-276,56334	-15,72784	-273,94192
17580	-15,07249	-272,6312	-15,07251	-270,00764
17600	-15,07251	-268,69905	-15,07252	-266,73298
17620	-15,06998	-266,07762	-15,07253	-264,11155
17640	-15,07253	-264,11154	-14,41718	-262,14547
17660	-15,07254	-262,14547	-15,07254	-260,83476
17680	-15,07254	-260,83476	-15,07254	-259,52404
17700	-14,41718	-259,52404	-14,41719	-259,52405
17720	-11,14042	-265,42227	-13,10657	-270,0098
17740	-15,72805	-271,97589	-13,76197	-270,00981
17760	-13,76198	-270,00982	-13,76199	-268,6991
17780	-13,76198	-268,6991	-13,76199	-267,38838
17800	-13,76199	-268,6991	-13,76199	-268,04374
17820	-13,76198	-268,69911	-13,10663	-267,38839
17840	-13,10662	-268,69911	-13,10662	-268,04375
17860	-13,10662	-268,69911	-13,10662	-268,04376
17880	-13,10662	-268,69911	-13,10662	-267,3884
17900	-12,45125	-268,69912	-13,10662	-268,04375
17920	-12,45125	-269,35447	-12,45125	-269,35448
17940	-9,82976	-273,942	-13,10636	-279,18486
17960	10,48685	-281,80626	28,18171	-280,49552
17980	26,21562	-278,52945	24,90487	-274,5973
18000	24,90487	-273,94194	24,24951	-273,2866
18020	24,24951	-273,94196	24,24951	-273,94197
18040	24,24951	-274,59734	24,24951	-274,59735
18060	24,24951	-275,25271	24,24951	-275,25271
18080	24,24951	-275,90808	24,24951	-275,25272
18100	23,59415	-275,90808	24,24951	-275,25272
18120	23,59415	-275,90809	24,24951	-275,90809
18140	24,24951	-275,90809	24,24951	-275,25273
18160	23,59415	-275,90808	24,24951	-275,90809
18180	24,24951	-275,90809	24,24951	-275,90808
18200	23,59415	-275,90809	23,59415	-275,25273
18220	22,93879	-275,90809	22,93879	-275,25273
18240	22,93879	-275,90809	22,9388	-275,25274
18260	22,28344	-275,9081	22,28343	-275,25274
18280	7,21009	-278,52952	-9,82939	-280,49558
18300	-13,76162	-280,49558	-13,10626	-278,52951
18320	-13,10626	-278,52951	-13,10628	-277,87416
18340	-13,10627	-277,87415	-13,10627	-276,56344
18360	-13,10628	-276,56344	-13,10628	-275,90808
18380	-13,76163	-276,56344	-13,76164	-275,90808
18400	-13,10627	-275,90808	-13,76164	-275,25272
18420	-13,76163	-275,90808	-13,76164	-274,59736
18440	-13,76164	-275,25272	-13,76164	-273,94201
18460	-13,76195	-274,59736	-13,76164	-273,942
18480	-13,76163	-274,59736	-13,76164	-273,94201
18500	-13,76163	-274,59736	-13,10628	-273,94201
18520	-13,76164	-275,25272	-13,76163	-275,25272
18540	-9,17406	-277,2188	8,52084	-279,84022
18560	22,28351	-280,49557	22,2835	-277,87413
18580	21,62813	-276,56342	21,62813	-275,90806
18600	22,28349	-275,90807	22,28348	-275,90807
18620	21,62812	-276,56343	21,63066	-276,56344
18640	21,62811	-277,21879	21,62811	-277,2188
18660	21,62811	-277,87415	21,6281	-276,56344
18680	21,62811	-277,87416	21,6281	-277,21881
18700	21,62811	-277,87416	21,6281	-277,21881
18720	21,62811	-277,87417	21,62811	-277,87417
18740	21,62811	-278,52954	21,62811	-278,52954
18760	20,97275	-279,18491	21,6281	-278,52955
18780	21,62811	-279,84027	20,97274	-279,18491
18800	20,97275	-280,49563	20,97274	-280,49563
18820	20,97275	-281,151	20,97274	-281,15099
18840	24,90493	-283,77245	36,04616	-287,70461
18860	42,59983	-289,01533	43,91055	-286,39389
18880	42,59983	-285,73853	41,94446	-284,42781
18900	41,94446	-283,77245	41,94446	-283,11709
18920	42,59982	-283,11709	41,94446	-282,46174
18940	41,94446	-282,46173	41,94446	-281,80638
18960	41,94446	-282,46174	41,94445	-281,80638
18980	41,94446	-281,80638	41,28909	-281,15103
19000	41,94445	-281,15102	41,94445	-281,15103
19020	41,94445	-281,15103	41,94445	-280,49568
19040	41,28909	-281,15104	41,94445	-281,15104
19060	41,29164	-281,8064	41,94444	-281,80641
19080	41,28908	-283,77249	41,94444	-283,77249
19100	41,28909	-285,08321	41,94444	-285,08321
19120	41,28908	-285,08321	41,28908	-283,7725
19140	41,28908	-283,7725	41,28908	-283,11714
19160	41,28908	-283,11714	41,28908	-281,80642
19180	41,94445	-283,11714	41,94445	-283,11715
19200	42,59981	-284,42787	43,25517	-284,42788
19220	43,25517	-285,73859	43,25517	-285,08324
19240	42,59982	-285,7386	42,59981	-285,7386
19260	41,94445	-287,04932	41,28908	-286,39397
19280	41,94445	-288,36005	51,77493	-288,36004
19300	59,63935	-289,01538	60,9501	-288,36002
19320	60,29473	-289,01538	60,29472	-287,0493
19340	60,29473	-286,39394	60,29472	-284,42786
19360	60,29473	-285,08322	60,29472	-283,11714
19380	60,29472	-283,11714	60,29471	-281,15106
19400	59,63935	-281,15106	59,63935	-279,84034
19420	59,63934	-279,84034	58,98398	-278,52962
19440	58,98398	-278,52962	58,98397	-277,21891
19460	58,98397	-278,52963	58,98397	-277,87427
19480	58,98397	-278,52964	58,98397	-277,87428
19500	58,98397	-277,87428	53,08569	-270,00991
19520	45,87669	-266,73306	45,22131	-264,76699
19540	46,53203	-263,45627	45,87665	-260,83483
19560	45,87665	-259,52411	45,87664	-258,2134
19580	45,22128	-257,55803	45,22128	-256,24732
19600	45,22128	-256,24732	45,22127	-254,28124
19620	45,22127	-253,62587	45,22127	-252,31515
19640	44,56592	-252,31515	45,22127	-251,00443
19660	45,87665	-251,65979	55,05176	-248,38295
19680	62,91619	-249,03828	64,8823	-246,41682
19700	64,22693	-245,1061	64,22947	-242,48466
19720	63,57156	-242,48466	63,57156	-241,82931
19740	63,57156	-242,48467	64,22692	-241,82931
19760	64,22692	-242,48467	63,57156	-242,48467
19780	64,22692	-243,14003	64,22692	-242,48467
19800	64,88228	-243,14003	64,88228	-242,48468
19820	64,88229	-243,14003	64,88228	-241,17395
19840	64,88229	-242,48467	64,88228	-242,48467
19860	64,88229	-243,14002	64,88229	-242,48467
19880	65,53765	-241,8293	68,15913	-231,99883
19900	70,12526	-231,99879	71,43598	-231,34343
19920	72,09133	-231,34344	71,43596	-228,722
19940	72,09132	-229,37736	72,0913	-228,722
19960	72,09131	-229,37737	72,74666	-228,72201
19980	72,0913	-229,37737	72,0913	-228,06665
20000	72,09129	-228,72201	72,74665	-228,06665
20020	72,74665	-228,06664	72,09128	-226,75592
20040	72,09128	-228,06664	72,74664	-226,10056
20060	72,74664	-227,41128	72,74663	-226,75592
20080	72,74664	-227,41128	72,74663	-226,75593
20100	72,74664	-227,41129	74,05737	-226,75593
20120	81,92179	-229,37733	88,47549	-231,99876
20140	89,78624	-231,34339	89,78622	-229,37731
20160	89,13087	-228,72195	89,78622	-228,06659
20180	89,13086	-228,06659	89,78622	-227,41124
20200	89,13086	-228,0666	89,78621	-227,41125
20220	89,13085	-227,41124	89,78621	-59,63909
20240	89,13085	-226,75588	89,13085	-226,75589
20260	89,13085	-226,75589	89,13085	-225,44517
20280	89,13085	-226,75589	89,13085	-226,10053
20300	89,13085	-226,10053	89,78621	-226,10053
20320	89,13085	-226,10052	89,13084	-226,10053
20340	88,47549	-226,10053	89,13084	-225,44517
20360	90,44157	-226,75589	98,96135	-226,75585
20380	108,13655	-230,68798	111,41341	-230,03261
20400	111,4134	-228,06653	110,75802	-225,44509
20420	110,10267	-226,10046	110,75802	-225,4451
20440	110,75802	-224,78974	110,75802	-224,13439
20460	110,75802	-223,47902	110,75801	-223,47903
20480	110,75801	-223,47903	110,758	-221,51295
20500	110,10264	-222,16832	110,758	-220,8576
20520	110,758	-221,51295	110,10263	-220,20224
20540	110,75799	-220,20224	110,75798	-218,89152
20560	110,75798	-219,54687	110,75798	-218,23616
20580	110,75798	-218,89152	110,75798	-218,89153
20600	110,75798	-219,5469	110,75797	-218,89154
20620	110,10261	-219,5469	110,1026	-218,23619
20640	110,75797	-218,23619	111,41332	-217,58084
20660	110,75796	-218,2362	110,75795	-217,58084
20680	102,89355	-224,13443	74,05746	-237,24161
20700	31,45873	-255,59166	-9,82923	-260,17918
20720	-12,45077	-253,62563	-10,48472	-248,38276
20740	-9,8294	-245,76131	-9,82943	-242,48451
20760	-9,82944	-240,51844	-9,82946	-236,58628
20780	-9,82948	-233,96483	-9,82949	-231,99876
20800	-9,82949	-230,68804	-9,17414	-228,0666
20820	-9,82951	-226,10051	-9,17416	-222,8237
20840	-9,17417	-220,20225	-8,51883	-216,27008
20860	-8,51884	-214,95935	-8,51885	-212,33789
20880	-8,51886	-211,68253	-8,51886	-209,06108
20900	-8,51886	-208,40571	-11,14035	-209,71642
20920	-8,51904	-217,58071	-12,45133	-220,85752
20940	-12,45135	-219,5468	-11,14064	-217,58073
20960	-11,14066	-217,58073	-11,14066	-216,27001
20980	-11,14066	-216,27002	-11,14067	-215,61467
21000	-11,14067	-216,9254	-11,14066	-216,92541
21020	-11,14067	-217,58078	-11,14067	-216,27006
21040	-11,14067	-216,92543	-11,79603	-216,27007
21060	-11,14068	-216,27009	-11,14068	-216,27009
21080	-11,79604	-216,92546	-11,79604	-214,95938
21100	-11,79604	-216,27011	-11,79605	-215,61476
21120	-11,79604	-216,92548	-11,79605	-216,27014
21140	-11,79605	-216,9255	-12,45141	-216,9255
21160	-12,45141	-216,92551	-12,45142	-215,6148
21180	-12,45142	-215,61479	-12,45143	-213,64872
21200	-12,45142	-214,30407	-11,79606	-213,64872
21220	-12,45142	-212,99336	-12,45142	-212,338
21240	-12,45142	-212,99336	-12,45143	-212,338
21260	-12,45142	-212,33596	-12,45143	-211,02729
21280	-13,10679	-211,68265	-13,10679	-211,02729
21300	-13,10679	-211,02729	-13,10679	-209,71658
21320	-13,10678	-209,71658	-13,10677	-208,40587
21340	-13,10676	-209,71659	-11,79602	-211,02732
21360	-15,72795	-221,51307	24,24939	-228,06665
21380	41,28895	-229,37738	39,9782	-225,44524
21400	38,66745	-222,8238	38,66744	-221,5131
21420	38,01208	-220,85773	37,35671	-219,54702
21440	37,35671	-219,54702	37,35671	-218,23631
21460	36,70134	-218,23631	36,70133	-216,92559
21480	36,70134	-215,61487	36,70133	-214,95951
21500	37,35669	-214,30415	36,70134	-213,6488
21520	36,70134	-213,6488	36,70133	-212,33808
21540	37,3567	-212,99344	37,3567	-212,33808
21560	38,01207	-212,33808	38,01206	-212,33808
21580	38,01206	-212,99344	38,01206	-211,68273
21600	36,04598	-210,37198	36,70133	-209,71662
21620	36,04598	-210,37198	36,04597	-209,71662
21640	36,04597	-210,37198	36,04596	-209,71662
21660	35,3906	-211,02734	35,3906	-210,37199
21680	35,3906	-211,02735	35,3906	-211,02735
21700	35,39061	-211,68271	36,04596	-210,37199
21720	36,04596	-211,68271	36,04596	-211,68272
21740	36,04597	-212,33807	36,04596	-212,33807
21760	36,04596	-212,99343	36,04596	-212,33808
21780	36,04597	-213,64879	35,3906	-212,99343
21800	36,04597	-214,95952	36,04596	-214,30415
21820	36,04597	-215,61488	36,04597	-215,61488
21840	36,04597	-216,27024	36,04597	-216,9256
21860	36,70134	-218,23632	36,70134	-217,58096
21880	37,3567	-220,20241	52,43009	-222,82383
21900	71,43578	-227,4113	81,26633	-227,41128
21920	80,61097	-225,4452	79,95557	-222,16841
21940	80,61094	-222,16841	81,26629	-220,8577
21960	81,26629	-221,51306	81,26629	-220,85771
21980	81,92165	-221,51308	81,92165	-220,85773
22000	82,57701	-221,51309	81,92164	-220,20238
22020	82,577	-220,85773	82,577	-220,20238
22040	82,57699	-220,85774	82,57699	-220,20239
22060	82,57699	-220,20239	82,57699	-219,54703
22080	83,23235	-219,54703	83,23235	-218,89167
22100	83,23235	-219,54704	83,23234	-219,54705
22120	82,57698	-220,2024	83,23234	-219,54705
22140	83,23234	-220,85777	83,23233	-220,20241
22160	83,23233	-220,85777	82,57697	-219,54704
22180	82,57697	-220,2024	82,57696	-219,54703
22200	82,57697	-219,54703	82,57696	-219,54703
22220	83,8877	-214,95948	87,81992	-205,78433
22240	91,09679	-206,43967	93,06289	-205,78431
22260	93,06288	-204,47359	92,4075	-203,16287
22280	92,4075	-203,16287	92,4075	-202,50751
22300	92,4075	-202,5075	91,75213	-201,85215
22320	91,75213	-201,85214	91,75213	-201,19678
22340	91,09677	-201,19678	91,09676	-200,54141
22360	91,09677	-201,19677	90,44141	-199,88605
22380	90,44142	-200,5414	90,44141	-199,23068
22400	90,44142	-199,88603	89,78606	-199,23067
22420	89,78607	-199,23067	89,78607	-198,57531
22440	89,13071	-199,23066	89,13071	-199,23066
22460	89,13072	-199,23067	88,47535	-199,23067
22480	88,47536	-199,23066	88,47536	-199,23066
22500	87,82	-199,23066	88,47536	-199,23066
22520	83,88782	-201,19674	74,7127	-203,16282
22540	71,43586	-205,12891	72,74658	-204,47355
22560	72,74658	-205,12891	72,74657	-203,8182
22580	72,74657	-204,47355	72,74657	-203,81819
22600	72,74657	-204,47355	72,74657	-204,47356
22620	72,74658	-205,12892	72,74657	-204,47356
22640	72,09122	-204,47357	72,09121	-203,81821
22660	72,09121	-204,47357	72,09121	-203,81821
22680	72,09122	-204,47357	72,09122	-203,81821
22700	72,09122	-205,12893	72,09121	-204,47358
22720	72,09122	-205,12894	72,09122	-205,12894
22740	72,09123	-205,7843	72,09123	-205,7843
22760	71,43587	-205,7843	72,09123	-206,43967
22780	81,92173	-210,3718	93,06302	-212,99322
22800	96,99526	-213,64857	95,68451	-211,02712
22820	95,02914	-210,37177	95,6845	-208,40568
22840	95,6845	-208,40568	95,6845	-207,09496
22860	95,02913	-207,75032	95,02913	-206,4396
22880	95,02913	-207,09496	94,37376	-205,78424
22900	94,37376	-206,4396	94,37375	-205,12888
22920	94,37376	-205,12888	94,37375	-204,47353
22940	94,37375	-205,12888	94,37375	-204,47353
22960	93,71839	-206,43963	93,71839	-209,06108
22980	93,7184	-215,61472	95,02915	-226,75593
23000	97,65064	-247,72759	117,31176	-270,00986
23020	142,21592	-289,01516	168,43061	-288,35968
23040	185,46992	-289,01492	203,16485	-288,35938
23060	218,89369	-289,01432	225,44742	-288,35852
23080	224,13679	-289,01308	222,82615	-288,35785
23100	222,17083	-289,01308	216,27258	-288,35772
23120	214,96186	-289,01308	213,65107	-288,35772
23140	202,5098	-289,01308	197,92209	-288,35788
23160	184,81474	-289,01358	167,11978	-288,35866
23180	152,70166	-289,01445	142,21578	-274,59691
23200	138,93894	-246,41667	137,6281	-220,20244
23220	136,31737	-195,95423	136,31736	-174,32737
23240	135,66198	-156,63261	134,35123	-140,24856
23260	134,35119	-127,1413	134,35114	-117,31082
23280	133,69574	-109,44642	133,6957	-100,92666
23300	133,04032	-95,02834	133,04029	-89,13005
23320	133,04028	-85,85319	132,38491	-81,92098
23340	132,3849	-80,61023	132,38489	-78,64412
23360	133,04026	-77,98874	133,04025	-76,02264
23380	132,38489	-74,71189	132,38488	-72,09043
23400	132,38489	-72,74577	131,72952	-72,0904
23420	132,38488	-72,09038	132,38488	-71,43501
23440	132,38488	-71,43499	132,38488	-70,12425
23460	132,38488	-68,81351	131,72952	-67,50277
23480	132,38488	-66,84739	132,38488	-64,88129
23500	132,38488	-64,88127	132,38488	-62,91518
23520	132,38488	-63,57052	132,38489	-62,25979
23540	132,38489	-61,60441	132,38489	-60,29368
23560	132,38489	-60,29367	133,04025	-59,6383
23580	133,04026	-59,63829	133,04026	-58,98293
23600	133,04026	-58,98292	133,04026	-58,98291
23620	133,04026	-58,32755	133,04026	-57,67218
23640	133,04026	-58,32753	133,04026	-57,01681
23660	133,04027	-57,67216	133,04027	-57,0168
23680	133,04027	-57,01679	133,04027	-55,70607
23700	133,04027	-56,36142	133,04027	-55,0507
23720	133,04027	-55,05069	133,04027	-54,39534
23740	133,04028	-53,73996	126,48661	-39,97731
23760	119,27758	-23,59316	114,69001	-8,51975
23780	113,37929	-1,9661	114,03463	5,89824
23800	114,68997	11,79652	114,68996	17,03942
23820	114,68995	20,31624	114,68994	23,59306
23840	114,68994	25,55914	114,68993	28,1806
23860	114,68994	30,80205	114,68993	33,4235
23880	114,68993	34,07888	114,68992	36,04496
23900	114,68992	36,70032	114,68991	37,35569
23920	114,68991	38,01105	114,68991	39,32177
23940	114,68991	38,66642	114,68991	40,6325
23960	114,6899	40,6325	114,6899	41,94322
23980	114,6899	41,94323	114,68989	43,25395
24000	114,68989	42,59859	118,62211	45,87543
24020	127,79737	45,22024	135,00655	45,87572
24040	138,28343	45,22041	138,2834	45,87578
24060	138,28338	45,22045	137,62801	45,87583
24080	138,28338	45,22049	137,62801	45,87586
24100	137,62801	45,22052	137,628	45,87588
24120	137,628	45,22052	136,97264	45,87588
24140	137,628	45,22052	136,97263	45,87588
24160	136,97264	45,22052	136,97264	45,87588
24180	136,97264	45,22052	136,97264	45,87588
24200	136,97265	45,22052	136,97264	45,87588
24220	136,31728	45,22052	136,97264	45,87588
24240	136,31728	45,22052	136,31728	45,87588
24260	136,31728	45,22052	136,31728	45,87588
24280	136,31728	45,22052	135,66191	45,87588
24300	135,66191	45,22052	135,66191	45,87588
24320	136,31728	45,22052	136,31728	45,87588
24340	136,31728	45,22052	136,31728	45,87588
24360	136,31728	45,22052	136,31728	45,87588
24380	136,31728	45,22052	136,97264	45,87588
24400	136,97264	45,22052	129,10819	45,87564
24420	113,3794	-5,24287	100,27211	-76,02211
24440	94,37385	-150,07817	93,71847	-197,91975
24460	96,33984	-203,81814	97,65049	-199,23061
24480	96,33973	-198,57529	96,99506	-199,23068
24500	97,65041	-201,19679	97,65039	-201,85218
24520	-58,3253	-203,16293	97,65037	-203,81832
24540	97,65036	-206,43978	97,65035	-207,09517
24560	97,65035	-208,40591	97,65035	-209,71665
24580	97,65036	-211,68276	98,30572	-213,64886
24600	98,30573	-215,61496	98,30573	-216,27034
24620	98,30573	-218,23643	98,30573	-218,8918
24640	98,30573	-220,20254	98,30573	-220,20254
24660	98,30573	-222,16863	98,30573	-221,51327
24680	97,65037	-222,16864	97,65036	-222,16864
24700	97,65036	-222,824	97,65035	-222,16863
24720	97,65036	-222,16864	97,65035	-221,51328
24740	97,65035	-221,51328	97,65034	-220,85791
24760	97,65034	-221,51328	97,65033	-220,20256
24780	97,65032	-220,85792	96,99497	-220,20256
24800	96,99497	-221,51329	100,27178	-224,79009
24820	121,89895	-237,24186	148,11377	-248,38288
24840	171,05167	-257,55784	180,22681	-256,90247
24860	178,91606	-252,31497	178,26065	-248,38282
24880	178,91601	-249,03819	178,91602	-247,72749
24900	178,91601	-247,7275	178,916	-247,07215
24920	179,57137	-246,4168	179,57136	-245,76144
24940	179,57137	-245,76145	179,57136	-245,10609
24960	179,57136	-245,76146	179,57136	-245,10611
24980	179,57136	-245,76146	179,57136	-244,45075
25000	179,57136	-244,45076	179,57136	-243,7954
25020	179,57136	-244,45076	180,22672	-243,7954
25040	180,22672	-243,79541	180,22672	-243,14005
25060	179,57136	-243,14005	180,22672	-242,4847
25080	180,22672	-243,14006	180,22672	-242,4847
25100	180,22672	-243,14006	180,22672	-243,14007
25120	180,22672	-243,14007	180,22672	-243,14007
25140	180,22672	-242,48471	180,22672	-241,82936
25160	180,22672	-243,14007	180,22672	-243,79543
25180	180,22673	-244,4508	179,57137	-243,79544
25200	180,22673	-243,79544	179,57137	-243,79544
25220	180,22673	-244,4508	183,50356	-245,10614
25240	192,02335	-245,76142	197,26633	-244,45065
25260	198,57707	-243,79528	198,57704	-241,17384
25280	197,92168	-241,17384	197,26631	-240,51848
25300	197,92167	-241,17385	197,92167	-241,17386
25320	197,26631	-241,82921	197,92167	-240,5185
25340	197,26631	-241,17386	197,26631	-241,17387
25360	197,26631	-241,17387	197,26631	-240,51851
25380	197,26631	-241,17388	197,2663	-240,51852
25400	197,26631	-241,17388	197,2663	-240,51852
25420	197,26631	-241,17389	196,61094	-240,51853
25440	196,61095	-240,51853	196,61094	-239,86318
25460	196,61095	-239,86317	195,95558	-238,55246
25480	195,95559	-238,55246	195,95558	-238,55246
25500	196,61095	-239,20783	196,61095	-239,20783
25520	196,61095	-239,86319	196,61095	-239,86319
25540	196,61096	-240,51855	195,95559	-238,55248
25560	195,9556	-238,55248	195,95559	-237,89712
25580	195,95559	-237,24175	194,64487	-235,93103
25600	195,95559	-236,5864	195,30023	-235,93104
25620	195,30023	-235,93104	194,64486	-234,62032
25640	195,30022	-233,96496	194,64485	-231,99887
25660	194,64485	-230,68814	194,64484	-230,03279
25680	194,64484	-230,68815	193,98947	-230,68816
25700	193,98947	-231,9989	193,33411	-233,965
25720	180,22681	-237,89719	144,83714	-238,55251
25740	104,20433	-239,86315	70,12513	-230,03261
25760	22,28337	-209,06095	14,41866	-179,56959
25780	19,66136	-148,11221	22,28275	-119,93159
25800	22,93807	-96,33849	22,93804	-76,02222
25820	22,93803	-59,63708	22,938	-43,25404
25840	22,93799	-30,80212	22,93797	-19,00558
25860	22,93797	-11,1412	22,93796	-3,9322
25880	22,93796	0,65535	23,59331	5,24288
25900	23,59331	7,86433	23,5933	11,7965
25920	23,59329	12,45186	23,59329	13,76258
25940	23,59329	14,41794	24,24865	17,03939
25960	24,24865	18,35012	24,24865	20,3162
25980	23,59329	20,31621	24,24865	22,28229
26000	24,24865	22,2823	24,24865	24,90375
26020	24,24866	25,55912	23,59329	27,52522
26040	23,59329	28,83595	23,5933	31,4574
26060	24,24866	33,42352	24,24866	36,70034
26080	22,93793	38,01111	5,89841	34,73446
26100	19,00535	25,55966	15,72834	26,87044
26120	13,10668	38,66692	11,79587	45,87588
26140	11,79588	45,22052	10,48516	45,87588
26160	9,17444	45,22052	8,51907	45,87588
26180	8,51906	45,22052	8,51906	45,87588
26200	7,8637	45,22052	8,51905	45,87588
26220	8,51905	45,22052	8,51904	45,87588
26240	8,51904	45,22052	8,51904	45,87588
26260	8,51904	45,22052	8,51903	45,87588
26280	8,51903	45,22052	9,17439	45,87588
26300	9,17439	45,22052	9,82974	45,87588
26320	9,17439	45,22052	9,82974	45,87588
26340	9,82975	45,22052	9,17438	45,87588
26360	9,82974	45,22052	9,82974	45,87588
26380	9,82973	45,22052	9,82973	45,87588
26400	9,82974	45,22052	9,82973	45,87588
26420	9,82973	45,22052	9,82973	45,87588
26440	9,82973	45,22052	9,82973	45,87588
26460	9,82973	45,22052	9,17437	45,87588
26480	9,17437	45,22052	9,17437	45,87588
26500	9,17437	45,22052	9,82973	45,87588
26520	9,17437	45,22052	9,17437	45,87588
26540	9,82973	45,22052	9,82973	45,87588
26560	9,82973	45,22052	10,48509	45,87588
26580	13,10685	45,22052	5,24316	45,87588
26600	8,52061	-1,3105	47,84268	-66,84699
26620	57,67318	-90,44024	58,32844	-84,54204
26640	58,98375	-83,88669	58,98371	-83,88672
26660	58,9837	-84,54209	59,63903	-84,54213
26680	58,98366	-84,54214	58,98364	-84,54216
26700	58,98362	-84,54217	58,98361	-83,88682
26720	58,9836	-83,88684	58,32823	-81,92075
26740	58,32822	-80,61003	58,32822	-77,33322
26760	58,32822	-75,36712	57,67286	-72,09031
26780	57,67287	-69,46885	57,67287	-64,8813
26800	58,32824	-60,94912	57,67289	-56,36157
26820	57,6729	-51,77401	57,01756	-45,22036
26840	56,36221	-40,63278	55,70686	-35,38986
26860	55,70686	-31,45766	55,05151	-28,8362
26880	54,39615	-27,52546	54,39614	-26,21473
26900	54,39615	-25,55935	53,74078	-22,9379
26920	53,74079	-22,28253	53,08542	-20,31643
26940	53,08542	-19,0057	52,43006	-17,03962
26960	52,43007	-16,38424	52,43006	-14,41816
26980	51,77471	-14,41814	52,43006	-13,76278
27000	51,77471	-13,1074	51,7747	-11,79668
27020	51,7747	-11,79667	51,7747	-10,48595
27040	51,11934	-9,83058	50,46397	-9,17521
27060	50,46398	-10,48593	50,46397	-10,48594
27080	50,46397	-10,48593	50,46397	-9,83057
27100	49,80861	-9,83057	49,8086	-9,17521
27120	49,8086	-9,83058	49,8086	-8,51985
27140	49,80859	-9,17522	49,80859	-9,83059
27160	49,80859	-10,48595	49,80859	-10,48596
27180	49,15323	-12,45205	49,80858	-12,45206
27200	49,80858	-13,76279	49,80858	-13,76279
27220	50,46394	-15,07352	50,46394	-15,07353
27240	-58,32582	-16,38426	50,46394	-15,72891
27260	51,1193	-15,72891	50,46394	-16,38428
27280	51,11929	-17,03964	51,11929	-17,03965
27300	51,11929	-17,69502	51,77465	-18,35039
27320	51,11929	-19,66111	51,77464	-19,00576
27340	51,11929	-20,97185	51,77463	-20,97185
27360	51,77464	-21,62722	51,77464	-21,62723
27380	51,77464	-22,93795	51,77464	-22,93796
27400	51,77464	-24,24869	51,77464	-24,90406
27420	51,77463	-26,21478	51,77463	-26,21479
27440	51,77464	-27,52551	51,77463	-26,87016
27460	51,77464	-28,18088	51,77463	-28,18089
27480	51,77463	-29,49162	51,77463	-30,14699
27500	51,77463	-32,11308	52,42998	-32,76846
27520	52,42998	-35,38991	51,77462	-35,38992
27540	52,42998	-37,35602	52,42997	-38,66676
27560	52,42998	-40,63285	53,08533	-43,25431
27580	50,46387	-43,90968	33,42438	-34,07919
27600	12,4527	-24,24866	5,89896	-11,7967
27620	9,17571	-8,51985	9,1757	-7,20914
27640	9,17568	-5,24306	9,17566	-2,62161
27660	9,17566	-1,96625	9,17564	-0,00016999999999712
27680	9,17563	0,6552	9,17563	1,96592
27700	9,17562	1,96592	9,83097	2,62129
27720	9,17561	1,96592	9,83096	2,62128
27740	9,17559	1,96592	9,17559	1,96592
27760	9,83095	1,31055	9,83094	1,96591
27780	9,83093	1,31055	9,83093	1,96591
27800	9,83093	1,31055	9,83092	1,9659
27820	10,48628	1,96591	10,48627	2,62128
27840	10,48627	2,62128	10,48626	3,93199
27860	10,48626	3,27664	11,14162	3,27663
27880	10,48626	1,96592	10,48625	1,96591
27900	11,14161	1,96592	11,14161	1,96591
27920	11,14161	0,65519	11,14161	1,31055
27940	11,14161	0,65519	11,14161	0,65519
27960	11,14161	0,65519	11,1416	0,65518
27980	11,1416	-0,65554	11,1416	-0,00018000000000029
28000	11,1416	-0,65554	11,1416	-0,00018000000000029
28020	10,48624	-0,65554	11,1416	-0,65555
28040	11,1416	-1,96627	11,1416	-2,62163
28060	11,1416	-3,277	19,66117	2,6213
28080	4,58768	-1,9661	3,27676	-11,14104
28100	13,76234	-17,03919	13,76221	-14,41767
28120	13,10682	-12,45157	13,76216	-7,86405
28140	14,41751	-4,58723	14,41749	-1,96578
28160	14,41749	-1,96578	14,41747	-0,65506999999999
28180	13,7621	0,00030000000000285	13,7621	1,31103
28200	13,76209	0,65567	13,76208	1,9664
28220	-58,32752	2,62177	13,10671	4,58785
28240	13,76207	4,58786	13,76205	5,24322
28260	13,76206	5,89859	13,1067	6,55395
28280	13,10669	6,55395	13,76205	6,55395
28300	13,1067	6,55396	13,10669	7,20932
28320	13,1067	6,55396	13,76205	7,86468
28340	13,1067	7,86468	13,10669	7,86468
28360	13,10669	6,55397	12,45122	13,10769
28380	11,14045	16,38464	9,82973	19,66148
28400	9,82973	21,62756	9,82973	25,55972
28420	10,48509	28,18116	9,82973	30,14724
28440	9,82973	32,11332	9,82973	34,0794
28460	9,82973	34,0794	9,82973	36,04548
28480	9,82973	36,70084	9,82973	38,66692
28500	9,82973	39,32228	9,82973	40,633
28520	9,82973	40,633	9,82973	42,59908
28540	9,82973	41,94372	9,82973	42,59908
28560	9,82973	42,59908	9,82973	43,9098
28580	9,82973	43,25444	9,82973	43,9098
28600	9,82973	43,25444	9,82973	43,9098
28620	9,82973	43,9098	9,82973	43,9098
28640	9,82973	43,9098	10,48509	45,22052
28660	9,82973	45,22052	10,48509	45,87588
28680	9,82973	45,22052	9,82973	45,87588
28700	9,82973	45,22052	9,82973	45,87588
28720	9,82973	45,22052	9,82973	45,87588
28740	9,82973	45,22052	9,82973	45,87588
28760	9,82973	45,22052	9,82973	45,87588
28780	9,82973	45,22052	9,82973	45,87588
28800	9,17437	45,22052	9,17437	45,87588
28820	9,82973	45,22052	9,17437	45,87588
28840	9,82973	45,22052	10,48509	41,28836
28860	11,14045	28,18116	14,41725	4,58803
28880	20,97085	-33,42323	37,35485	-68,81308
28900	58,32667	-111,41185	77,33277	-168,42847
28920	97,64947	-216,9253	125,17519	-270,00957
28940	143,52579	-289,015	165,80833	-288,3596
28960	178,91584	-289,01496	188,09104	-288,35958
28980	196,61088	-289,01494	198,57705	-288,35961
29000	193,98955	-289,01502	181,53768	-288,35976
29020	171,05181	-289,01521	164,4982	-288,35992
29040	159,25542	-273,94198	156,63387	-243,79535
29060	155,32306	-215,6148	154,01225	-188,08956
29080	154,66755	-166,46253	155,32289	-148,11236
29100	155,32292	-134,34972	155,32294	-121,24243
29120	155,97833	-109,44587	155,97836	-100,92613
29140	155,32302	-95,02783	155,32303	-87,81882
29160	155,32304	-82,5759	155,32303	-77,333
29180	155,32303	-74,05617	155,32303	-70,12399
29200	155,32304	-68,1579	155,32303	-64,88109
29220	155,32303	-62,915	155,32302	-58,98282
29240	154,01231	-54,39527	154,66766	-51,11846
29260	154,66766	-49,80772	154,0123	-46,53091
29280	154,01229	-45,22018	154,0123	-43,25409
29300	154,0123	-42,59872	153,35694	-40,63264
29320	153,35694	-39,32191	153,35693	-36,04509
29340	153,35693	-34,079	153,35693	-30,80219
29360	152,70157	-27,52536	152,04621	-23,59318
29380	152,04621	-20,97172	152,04621	-17,6949
29400	151,39085	-16,38418	149,42475	-4,58764
29420	142,21571	31,45742	135,00673	45,8757
29440	133,04064	45,2205	133,04063	45,87588
29460	132,38526	45,22052	131,72989	45,87588
29480	131,07453	45,22052	131,07452	45,87588
29500	130,41915	45,22052	130,41914	45,87588
29520	130,41914	45,22052	130,41913	45,87588
29540	129,76377	45,22052	129,76376	45,87588
29560	129,76376	45,22052	129,76375	45,87588
29580	129,76375	45,22052	129,76374	45,87588
29600	129,76374	45,22052	129,10838	45,87588
29620	129,76374	45,22052	129,76374	45,87588
29640	129,76374	45,22052	129,76373	45,87588
29660	129,76374	45,22052	129,76373	45,87588
29680	129,76373	45,22052	129,76373	45,87588
29700	129,10837	45,22052	129,10837	45,87588
29720	129,76373	45,22052	129,76373	45,87588
29740	129,76373	45,22052	129,76373	45,87588
29760	129,10837	45,22052	129,76373	45,87588
29780	129,76374	45,22052	129,76373	45,87588
29800	129,76374	45,22052	129,76374	45,87588
29820	129,76373	45,22052	129,76373	45,87588
29840	129,76374	45,22052	129,76373	45,87588
29860	129,10838	45,22052	129,76373	45,87588
29880	130,41909	45,22052	130,41909	45,87588
29900	130,41909	45,22052	130,41909	45,87588
29920	130,41909	45,22052	127,79756	45,87588
29940	117,96706	30,14681	110,75814	-46,53074
29960	111,41355	-101,5813	114,69029	-109,44575
29980	117,31164	-110,10115	117,31159	-112,06727
