T	LX	LY	RX	RY
0	0	0	0	0
20	-9,9999999960687E-6	-0,65536	0	-0,65537
40	-9,9999999960687E-6	-1,31073	0	-1,31073
60	-0,65537	-1,31073	0	-1,31073
80	-0,65537	-1,96609	-0,65537	-1,31074
100	-0,65537	-1,9661	-0,65536	-1,9661
120	-0,65538	-2,62146	-0,65536	-1,96611
140	-0,65537	-2,62147	-0,65536	-2,62147
160	-0,65537	-3,93219	-1,31073	-3,27683
180	-0,65537	-3,93219	-0,65537	-3,9322
200	0,65535000000001	-4,58755	1,31074	-3,27683
220	1,31072	-4,58755	1,31073	-3,27683
240	1,31072	-3,27683	1,31073	-3,27683
260	1,31072	-3,93219	1,31073	-3,27683
280	1,31072	-3,93219	1,31073	-3,27683
300	1,31072	-3,93219	1,31073	-3,27683
320	1,31073	-4,58755	1,31074	-3,93219
340	1,31073	-3,93219	1,9661	-3,9322
360	1,96609	-3,93219	1,9661	-3,9322
380	1,96609	-3,93219	1,9661	-3,27684
400	1,96609	-3,93219	1,9661	-3,9322
420	1,31073	-4,58755	1,31074	-3,9322
440	1,31073	-4,58755	1,31074	-3,9322
460	1,31073	-4,58756	1,31074	-3,9322
480	1,31073	-4,58756	1,31074	-3,9322
500	1,31073	-4,58756	1,31074	-4,58756
520	1,31073	-5,24292	1,31074	-4,58757
540	0,65537	-5,24293	1,31073	-4,58757
560	1,31073	-5,24293	0,65538	-4,58757
580	0,65537	-5,24293	0,65537	-5,24293
600	0,65537	-5,89829	0,65538	-5,24293
620	0,65536	-5,89829	0,65538	-5,24293
640	0,65537	-5,89829	0,65538	-5,24294
660	0,65537	-5,24293	0,65538	-5,24294
680	0,65537	-5,8983	1,9999999999243E-5	-5,24294
700	1,0000000003174E-5	-5,8983	1,9999999999243E-5	-5,24294
720	1,0000000003174E-5	-5,8983	9,9999999960687E-6	-5,89831
740	0	-5,89831	9,9999999960687E-6	-5,89831
760	0	-6,55367	-0,65535	-5,89831
780	-0,65535999999999	-5,89831	-0,65535	-5,89831
800	-0,65535999999999	-6,55367	-0,65535	-5,89831
820	-0,65535999999999	-6,55367	-0,65535	-5,89831
840	-0,65535	-5,89831	-0,65534	-5,89832
860	-0,65535	-6,55367	-0,65535	-5,89832
880	-0,65535999999999	-6,55367	9,9999999960687E-6	-5,89832
900	0	-5,89831	9,9999999960687E-6	-4,58759
920	0	-4,58758	9,9999999960687E-6	-3,27686
940	-0,65535999999999	-4,58758	9,9999999960687E-6	-3,93222
960	-0,65535999999999	-2,62149	-0,65534	-3,9999999998486E-5
980	-0,65535	1,3107	-0,65533	3,93215
1000	-0,65534	8,51971	-0,65532	13,76262
1020	-1,31067	19,00554	-1,96601	24,90382
1040	-1,966	29,49138	-2,62134	32,76821
1060	-3,2767	35,38968	-3,27668	38,6665
1080	-3,93204	39,97724	-3,93203	41,94333
1100	-4,5874	41,94334	-4,58738	43,25407
1120	-4,5874	43,90944	-4,58738	45,22015
1140	-4,58739	43,90943	-5,24274	43,90943
1160	-5,24275	43,25407	-5,24274	43,90943
1180	-5,24275	43,25406	-3,93199	45,22014
1200	-0,65511	45,22015	-1,31045	45,87551
1220	-1,31046	45,22015	-1,31045	45,22014
1240	-1,31047	43,90941	-1,31046	43,25404
1260	-1,31047	41,94332	-1,31046	41,28794
1280	-0,65512	39,32185	-0,65511	38,66648
1300	-0,65512	36,7004	-0,65511	36,04502
1320	-0,65513	34,73429	-0,65512	34,07892
1340	2,62169	33,42356	9,83084	33,42356
1360	13,76308	32,11284	13,10772	32,11283
1380	13,10772	31,45747	13,10773	30,8021
1400	13,76308	29,49138	13,76308	29,49137
1420	13,76307	28,18064	13,76308	28,18064
1440	13,1077	27,52528	13,76308	26,86991
1460	13,76306	26,21455	13,76307	25,55918
1480	13,76306	24,90382	13,76307	24,24845
1500	13,76306	23,59309	14,41843	23,59308
1520	13,76306	22,28236	13,76307	22,28235
1540	14,41842	20,97162	28,18116	20,31628
1560	39,32244	17,69487	41,28853	17,03952
1580	39,97778	16,38417	39,97778	17,03951
1600	39,97777	15,72879	39,97778	15,72879
1620	39,97776	15,07342	39,32241	15,07342
1640	39,3224	14,41806	39,97777	15,07342
1660	39,32239	14,41806	39,3224	14,41805
1680	39,32239	13,10733	39,32241	13,76268
1700	39,32239	13,10733	39,3224	13,10732
1720	39,32239	12,45196	39,3224	12,45195
1740	39,32238	11,7966	39,97775	11,79658
1760	38,01165	7,8644	36,70094	7,86438
1780	37,35629	7,20903	37,3563	7,86439
1800	36,70093	7,20903	37,3563	7,20903
1820	37,35629	7,20902	37,3563	7,86438
1840	37,35629	7,20903	36,70094	7,86438
1860	37,35629	7,20903	37,3563	7,86438
1880	37,35629	7,86438	37,3563	8,51974
1900	37,35629	7,86438	37,3563	7,20902
1920	41,94383	7,8644	44,56537	7,86444
1940	44,56541	7,86447	43,91005	8,51984
1960	43,25468	9,17519	43,25469	9,1752
1980	43,25467	9,17519	42,59932	9,83055
2000	43,25467	9,1752	42,59933	9,83055
2020	42,59931	9,1752	42,59932	9,83055
2040	42,59931	9,17519	41,94396	9,83055
2060	42,59931	9,17518	41,94396	9,17518
2080	41,94395	9,17519	41,94396	9,83054
2100	41,94395	9,17518	41,94396	9,83054
2120	41,28859	8,51982	41,2886	9,17518
2140	41,28859	8,51982	41,2886	8,51981
2160	43,91009	8,51985	50,46381	8,5199
2180	51,77456	8,51992	50,46384	9,83063
2200	50,46383	9,17528	50,46384	9,83063
2220	50,46383	9,17527	49,80848	9,83063
2240	50,46383	9,83063	50,46384	9,83063
2260	50,46383	9,83063	50,46384	10,48598
2280	50,46383	9,83062	50,46383	9,83062
2300	49,80847	9,83063	49,80848	10,48599
2320	49,80846	11,14135	49,80848	12,45208
2340	49,15311	13,10745	48,49776	15,07354
2360	48,49776	16,38427	48,49778	17,695
2380	48,49777	19,6611	47,84242	20,97183
2400	47,84242	22,28257	47,84243	25,55939
2420	47,18706	26,21477	47,18707	28,18085
2440	47,18705	28,18086	47,18706	30,14694
2460	46,53169	30,14695	46,5317	31,45767
2480	51,77465	33,4238	58,3284	36,04528
2500	57,01769	36,70066	57,01768	38,66674
2520	57,01768	38,01139	57,67305	39,3221
2540	57,01768	38,66675	57,67305	38,66674
2560	57,67304	38,66674	57,67305	39,3221
2580	57,67304	38,66674	57,67305	38,66673
2600	57,67303	38,01137	57,67304	38,01137
2620	58,32839	36,70064	58,32839	37,356
2640	58,32838	36,70063	58,32839	36,70063
2660	58,32838	35,38991	58,32838	35,3899
2680	58,32838	34,73454	58,98374	34,73454
2700	58,98374	34,07918	58,98374	34,73453
2720	59,6391	33,42381	59,63911	33,4238
2740	59,6391	32,76844	59,63911	32,76844
2760	59,6391	32,76844	59,63911	33,4238
2780	59,6391	32,11308	59,63911	32,11307
2800	59,6391	31,45771	59,63911	30,80234
2820	60,29446	30,14698	60,29446	30,14698
2840	60,29445	29,49162	60,29447	29,49161
2860	60,29445	28,83625	60,29446	28,83625
2880	60,29445	28,18089	60,94983	28,18088
2900	60,94982	27,52553	60,94983	27,52552
2920	60,94982	26,87016	60,94983	27,52551
2940	60,94981	26,87016	60,94983	26,87015
2960	60,94981	26,21479	60,94982	25,55942
2980	60,94981	24,90407	60,94982	24,90406
3000	60,9498	24,90406	61,60518	24,90406
3020	61,60516	24,2487	61,60518	24,24869
3040	61,60517	23,59334	61,60518	24,24869
3060	62,26053	22,93797	74,05716	24,24871
3080	88,47528	25,55944	94,37354	26,2148
3100	93,71815	26,21482	92,40743	27,52554
3120	91,75206	26,87017	91,75206	26,87017
3140	91,09668	26,21481	91,75205	26,87016
3160	91,09668	26,2148	91,09669	26,2148
3180	90,44132	24,90407	91,09669	25,55943
3200	91,09667	24,90407	91,09668	24,90406
3220	91,75203	23,59334	91,09668	23,59334
3240	91,75202	23,59334	92,40739	23,59333
3260	92,40738	22,93798	91,75203	22,93798
3280	92,40738	22,28262	92,40738	22,93797
3300	92,40737	22,28261	91,75202	22,28261
3320	92,40737	21,62725	91,75202	21,62725
3340	92,40737	20,97189	92,40738	21,62725
3360	92,40737	20,31653	92,40738	20,97189
3380	92,40737	20,31652	92,40738	20,97188
3400	92,40737	20,31653	92,40738	20,97188
3420	92,40737	20,97189	92,40738	20,97189
3440	92,40736	20,97189	92,40738	21,62725
3460	92,40737	20,97189	92,40738	21,62725
3480	91,75201	20,97189	92,40739	21,62725
3500	92,40738	20,97189	92,40738	21,62724
3520	92,40737	20,97189	92,40739	21,62724
3540	92,40737	20,97189	92,40739	20,97188
3560	92,40737	20,97189	91,75202	20,97189
3580	79,95546	15,07369	48,49755	9,17529
3600	33,42406	5,89844	25,55949	9,17522
3620	20,97187	13,10818	20,31656	15,07346
3640	19,6612	16,38419	19,66121	17,69491
3660	19,00585	17,69491	19,00585	19,00562
3680	19,00585	19,00563	18,35049	19,66099
3700	18,35048	19,00563	17,69514	20,31634
3720	17,69512	19,66098	17,69513	19,66098
3740	17,69512	18,35025	17,69514	19,00561
3760	17,69513	17,69488	18,35051	17,69488
3780	18,3505	17,03952	13,10753	15,72878
3800	7,20916	13,76268	7,20919	15,0734
3820	7,20919	14,41804	6,55384	15,72876
3840	7,2092	14,41804	6,55384	14,41803
3860	6,55383	14,41803	6,55384	13,76266
3880	6,55384	13,1073	6,55385	13,76266
3900	6,55384	12,45193	6,55385	12,45192
3920	7,2092	11,79656	7,20922	11,79655
3940	7,20921	10,48583	7,86458	11,14118
3960	8,51992	10,48583	8,51994	10,48582
3980	8,51992	9,1751	8,51993	9,83046
4000	8,51991	8,51973	8,51992	8,51972
4020	7,86455	7,86436	8,51992	7,209
4040	8,5199	6,55364	8,51991	7,20899
4060	8,51991	5,89827	8,51991	5,89827
4080	8,5199	5,24291	8,51992	5,2429
4100	8,51991	4,58755	9,17528	5,2429
4120	9,17526	4,58754	9,17527	4,58753
4140	9,17526	3,93217	8,51991	3,93217
4160	8,51989	2,62144	8,5199	2,62144
4180	8,51989	1,31072	8,5199	1,31071
4200	8,51988	0,65535	13,10744	1,31071
4220	31,45781	-3,27678	40,63314	-4,58746
4240	41,28851	-5,89815	39,32243	-4,58743
4260	38,66705	-5,24278	38,66706	-4,58744
4280	38,01169	-5,24279	37,35888	-4,58744
4300	38,01168	-5,2428	37,35633	-5,24281
4320	37,35632	-5,89817	37,35633	-5,89817
4340	37,35631	-6,55353	37,35632	-5,89818
4360	37,35631	-7,2089	36,70097	-6,55354
4380	37,35631	-7,2089	36,70096	-6,55355
4400	36,70095	-7,86427	36,70096	-7,20891
4420	36,70095	-7,86427	38,01171	-7,2089
4440	38,01173	-9,17497	37,35637	-8,51962
4460	37,35635	-8,51962	37,35637	-8,51962
4480	36,701	-9,17498	36,701	-9,17499
4500	36,70099	-9,83035	36,701	-8,51963
4520	36,70099	-9,17498	36,04564	-8,51963
4540	36,04563	-9,17499	36,04564	-8,51963
4560	36,04563	-9,17499	36,04564	-8,51963
4580	36,04563	-9,83035	41,28858	-8,51961
4600	64,88175	-7,86413	77,98921	-7,86408
4620	78,64459	-7,2087	77,33388	-5,89798
4640	77,98922	-6,55335	77,98923	-6,55336
4660	77,98922	-6,55336	77,98922	-6,55336
4680	77,98921	-6,55336	77,33387	-5,898
4700	77,33385	-6,55336	77,33386	-6,55337
4720	77,33385	-7,20873	77,33386	-6,55337
4740	77,33385	-7,20874	77,98922	-6,55338
4760	77,98921	-6,55338	77,33386	-6,55338
4780	77,33385	-7,20874	77,33386	-6,55338
4800	77,33385	-7,20874	77,33385	-6,55338
4820	77,33384	-6,55338	76,67849	-6,55339
4840	76,67848	-7,86411	82,57681	-6,55339
4860	87,81979	-7,20875	87,81983	-7,20874
4880	87,16445	-6,55338	87,16446	-5,89802
4900	87,16445	-6,55338	87,16446	-5,89803
4920	87,16445	-5,89803	86,5091	-5,24267
4940	86,50908	-5,24267	85,85374	-4,58731
4960	86,50909	-5,24267	85,85374	-4,58731
4980	86,50909	-4,5873	86,5091	-3,27658
5000	85,85373	-2,62121	85,85374	-1,31049
5020	85,85374	-0,65512	85,19839	1,31097
5040	84,54302	1,96634	84,54303	1,96633
5060	84,54302	1,96634	85,19839	3,93242
5080	84,54302	3,93243	84,54304	4,58779
5100	83,88767	5,24315	83,88768	6,55388
5120	83,88767	6,55388	83,88768	7,8646
5140	83,23232	7,86461	83,23233	9,17534
5160	83,23232	9,17534	83,23233	9,8307
5180	83,23232	10,48607	83,23234	10,48606
5200	83,23233	10,48607	82,57698	11,14142
5220	82,57696	11,14143	81,92162	11,14143
5240	72,09095	6,5539	40,63319	2,62159
5260	26,87049	1,31084	26,87044	4,58763
5280	28,18116	8,51982	28,18118	11,14126
5300	28,18118	13,10736	28,18119	14,41808
5320	28,18119	15,07344	27,52584	16,38416
5340	28,18119	15,7288	28,1812	16,38416
5360	28,1812	16,38416	28,18121	17,03952
5380	28,1812	16,38416	28,18121	16,38415
5400	28,83656	15,72879	25,55969	13,7627
5420	18,35048	12,45194	15,729	13,76265
5440	16,38438	13,76266	15,72902	14,41802
5460	15,72902	14,41802	15,07366	13,76265
5480	15,07365	12,45192	15,07366	13,10728
5500	15,07365	12,45192	15,07366	12,45191
5520	15,07365	11,79655	15,07366	11,79654
5540	15,07365	10,48581	15,07366	10,48581
5560	15,72901	9,17508	15,72902	9,17507
5580	15,72901	7,86435	15,07364	6,55362
5600	7,20915	4,58753	4,58768	4,58752
5620	5,24305	3,93216	5,24306	3,93215
5640	4,58769	2,62143	5,24306	2,62142
5660	5,24304	1,3107	4,5877	1,31069
5680	5,24304	0,65533	5,24305	0,65532
5700	5,24305	0,65533	5,89841	0,65532
5720	5,24304	-4,0000000005591E-5	5,24305	-5,000000000166E-5
5740	5,8984	-0,65541	5,89841	-0,65542
5760	6,55376	-1,96614	27,52552	-3,27682
5780	40,63315	-1,31063	66,19246	1,96631
5800	76,67845	3,27713	74,7124	4,58786
5820	74,05704	5,89859	74,05706	6,55394
5840	74,05705	5,89858	74,05706	5,89857
5860	74,05705	5,24321	74,05706	5,89856
5880	74,05706	5,2432	74,05707	5,89856
5900	74,05705	4,58783	74,05706	5,24319
5920	74,05706	3,93247	74,05707	4,58782
5940	74,05706	3,2771	74,05706	3,27709
5960	74,71241	2,62173	74,71242	2,62173
5980	75,36776	1,96636	75,36777	1,96636
6000	75,36776	1,31101	75,36777	1,96636
6020	75,36776	1,311	75,36776	1,96635
6040	76,02311	0,65564	75,36776	1,31099
6060	76,02311	0,65564	76,02313	1,96636
6080	76,02312	1,311	76,02313	1,96635
6100	76,02312	0,65564	76,02313	1,31099
6120	71,43549	-1,96583	43,91	-5,89812
6140	32,11331	-9,17498	25,55942	-6,55356
6160	24,90407	-2,62139	24,90411	-0,6553
6180	24,24874	-0,6553	24,24875	0,65541
6200	24,24874	1,31077	23,5934	1,31076
6220	23,59339	1,31077	23,5934	1,96612
6240	24,24875	0,65539	23,59339	1,31075
6260	23,59339	1,31075	23,5934	1,96611
6280	23,59338	0,65539	23,59339	1,31074
6300	22,93802	1,9999999999243E-5	22,93804	9,9999999960687E-6
6320	22,93802	-1,31071	22,93803	-1,31072
6340	22,93802	-2,62144	22,93803	-3,27681
6360	22,93802	-4,58753	23,59339	-4,58755
6380	22,93802	-6,55363	17,03966	-7,20901
6400	11,14128	-9,17511	11,14131	-8,51976
6420	11,79667	-9,17511	11,14132	-8,51976
6440	11,79667	-9,17512	11,79668	-9,17513
6460	11,79667	-9,17512	11,79668	-9,17514
6480	11,79667	-10,48586	11,79668	-9,8305
6500	11,79667	-11,14123	11,79668	-11,14123
6520	11,79667	-11,79659	11,14131	-11,7966
6540	11,1413	-12,45195	11,14131	-12,45196
6560	11,1413	-13,76268	11,14131	-13,76269
6580	15,72885	-15,07341	28,8363	-17,69483
6600	34,0794	-19,66088	33,42409	-19,00551
6620	32,76871	-19,00552	32,76873	-19,00552
6640	32,11336	-19,66089	31,458	-19,66089
6660	31,45799	-20,31625	30,80264	-20,31626
6680	30,80263	-20,97162	30,80264	-20,97162
6700	30,80262	-21,62699	30,80264	-21,62699
6720	30,80263	-22,28235	30,80264	-22,28236
6740	30,80262	-22,28236	30,80264	-22,28236
6760	31,45798	-22,93772	31,45799	-22,28236
6780	31,45798	-22,93773	31,45799	-22,93773
6800	31,45798	-23,59309	31,45799	-23,5931
6820	31,45798	-24,24846	31,45799	-24,24846
6840	31,45798	-24,90382	31,45799	-25,55806
6860	31,45798	-26,21455	32,11335	-26,21456
6880	33,42411	-26,21454	34,07952	-26,21453
6900	32,76879	-26,86987	32,11343	-26,21452
6920	32,11342	-26,86988	32,11343	-26,21453
6940	32,11341	-27,52525	31,45806	-26,8699
6960	31,45805	-27,52526	31,45806	-27,52526
6980	31,45805	-28,18062	31,45806	-27,52526
7000	31,45805	-28,18062	31,45807	-28,18063
7020	31,45805	-28,83599	31,45806	-28,18063
7040	31,45805	-29,49136	31,45806	-29,49136
7060	39,32246	-30,80206	53,08514	-32,11276
7080	56,36197	-32,76811	55,70661	-32,11275
7100	55,05124	-32,76811	55,05124	-32,11275
7120	55,05124	-32,76811	55,05124	-32,76812
7140	55,05123	-32,76811	55,05124	-32,11276
7160	55,05123	-32,76812	54,39588	-32,11276
7180	54,39587	-32,76812	55,05379	-32,76812
7200	55,05123	-32,76812	54,39588	-32,11276
7220	54,39587	-32,11276	54,39588	-32,11276
7240	53,74051	-32,11275	54,39588	-32,11276
7260	54,39587	-32,76812	59,63881	-30,80201
7280	60,29418	-31,45735	59,63883	-30,14663
7300	59,63881	-29,49126	59,63882	-29,49127
7320	58,98345	-30,14662	59,63882	-28,83591
7340	59,63881	-29,49126	58,98346	-29,49127
7360	59,63881	-30,14663	59,63882	-29,49127
7380	59,63881	-29,49127	58,98347	-29,49127
7400	59,63881	-30,14663	59,63883	-28,83591
7420	59,63881	-30,14663	59,63882	-29,49127
7440	59,63881	-29,49127	59,63881	-29,49127
7460	75,36757	-28,83583	91,09652	-26,8697
7480	98,96096	-24,90362	99,61632	-24,24824
7500	98,30558	-23,59288	98,30559	-22,93752
7520	98,30557	-23,59289	98,30558	-22,28217
7540	98,30557	-22,93753	98,30558	-22,93754
7560	98,30556	-22,93753	97,65021	-22,28218
7580	98,30556	-22,93753	97,65021	-22,28217
7600	98,30555	-22,93754	98,30556	-22,28218
7620	97,65019	-22,93754	97,6502	-22,93754
7640	97,65019	-23,5929	97,6502	-22,93754
7660	96,99482	-22,93754	96,99484	-22,28218
7680	96,99483	-22,93754	97,65019	-22,28218
7700	97,65019	-22,28218	96,99483	-21,62682
7720	97,65019	-21,62682	96,99484	-21,62682
7740	96,99483	-21,62682	96,33948	-20,31609
7760	96,33947	-20,97145	96,33948	-20,31609
7780	96,33947	-20,97144	96,33947	-19,66073
7800	96,33947	-20,31608	96,33948	-19,66073
7820	96,33947	-20,31609	95,68412	-19,66073
7840	95,68411	-20,31609	95,68412	-19,66074
7860	91,09657	-22,9375	77,98914	-23,59287
7880	67,50314	-24,24828	62,9156	-22,28221
7900	62,91561	-22,2822	62,91563	-21,62685
7920	62,91561	-22,93757	62,91563	-22,28221
7940	62,91562	-22,28221	62,91563	-21,62686
7960	62,91562	-22,28221	62,91564	-21,62686
7980	62,91563	-22,28222	62,91564	-22,28222
8000	62,91563	-22,28222	62,91565	-21,62686
8020	62,91564	-22,28222	62,91565	-21,62686
8040	63,57101	-22,28221	63,57102	-22,28222
8060	63,57101	-22,28222	63,57102	-22,28222
8080	63,57101	-22,93758	64,22638	-22,93758
8100	64,22637	-23,59294	64,88174	-22,93758
8120	64,88173	-22,93758	64,88174	-22,93758
8140	64,88173	-22,93758	65,5371	-22,93758
8160	64,88173	-22,93758	65,53711	-22,93759
8180	65,5371	-23,59294	65,53711	-22,93759
8200	64,88173	-24,24831	45,87611	-26,86984
8220	25,55975	-30,14668	25,5597	-28,83597
8240	27,52578	-27,52525	28,18116	-26,21453
8260	28,18116	-27,52525	28,18116	-26,86989
8280	28,18115	-27,52526	28,18117	-26,86991
8300	28,18115	-27,52527	28,18116	-27,52527
8320	28,18116	-28,18064	28,18117	-27,52528
8340	28,18115	-28,18064	28,18116	-28,18065
8360	28,18116	-28,83601	28,18117	-28,18066
8380	28,18116	-29,49137	26,87042	-31,45746
8400	21,62728	-33,42358	18,35039	-32,76824
8420	19,00575	-32,11287	19,00576	-31,45752
8440	19,00575	-32,11288	18,3504	-31,45752
8460	18,35038	-32,11288	18,35039	-31,45753
8480	18,35038	-32,11289	18,35039	-32,1129
8500	18,35038	-32,76826	18,35039	-32,1129
8520	19,00574	-32,76826	18,35039	-32,76826
8540	18,35038	-33,42363	19,00576	-34,07899
8560	19,00575	-34,73436	19,00576	-34,73437
8580	15,07352	-36,0451	9,83053	-36,04512
8600	8,51979	-36,04512	9,17518	-35,38976
8620	9,83052	-36,04512	9,17518	-36,04513
8640	9,17517	-36,04513	9,83054	-35,38977
8660	9,17517	-36,04513	9,17518	-36,04514
8680	9,17517	-36,7005	9,17518	-36,04514
8700	9,17517	-36,04514	9,17518	-35,38978
8720	9,83054	-36,7005	9,83055	-36,04515
8740	9,83054	-36,7005	9,17519	-36,04515
8760	9,83054	-36,70051	9,1752	-36,04515
8780	9,83055	-36,70051	9,83056	-36,70051
8800	9,83055	-37,35587	9,1752	-36,70052
8820	9,17519	-37,35588	9,1752	-37,35588
8840	9,17519	-37,35588	9,1752	-38,01124
8860	9,17519	-38,01125	14,41813	-39,97732
8880	26,87021	-42,59874	28,83657	-42,59871
8900	27,5259	-43,25404	26,87055	-42,59868
8920	26,21518	-42,59868	26,21518	-42,59869
8940	26,21517	-43,25405	26,21518	-42,59869
8960	26,21517	-43,25405	26,21518	-41,94332
8980	26,21517	-42,59868	25,55982	-41,94332
9000	26,21517	-41,94332	25,55982	-41,94332
9020	25,55981	-41,94332	25,55982	-41,28796
9040	26,21517	-42,59868	26,21518	-41,28796
9060	26,21517	-41,94332	26,21518	-41,28796
9080	25,5598	-41,94332	26,21518	-41,28796
9100	26,21517	-41,94332	25,55982	-41,28797
9120	26,21516	-41,94332	26,21517	-41,94333
9140	26,21517	-41,94333	26,21517	-41,94333
9160	25,55981	-41,94333	25,55981	-41,94333
9180	25,5598	-41,94333	26,21517	-41,94333
9200	25,5598	-41,94333	25,55981	-41,94333
9220	25,5598	-42,59869	25,55981	-41,28798
9240	25,5598	-41,94333	25,55982	-41,94334
9260	25,5598	-42,59869	25,55981	-41,94334
9280	26,21512	-43,90943	24,2488	-43,25408
9300	22,28261	-41,94336	22,93801	-40,63264
9320	22,93802	-41,28799	22,93802	-40,63264
9340	22,93802	-41,288	22,93803	-40,63264
9360	22,93802	-40,63264	22,93802	-40,63264
9380	22,93802	-41,288	23,59339	-40,63265
9400	23,59338	-41,288	23,5934	-40,63265
9420	23,59339	-41,94336	23,5934	-41,28801
9440	23,5934	-41,28801	24,24877	-41,288
9460	24,24877	-41,288	24,24878	-41,28801
9480	24,24878	-41,94337	24,24879	-41,28801
9500	24,24878	-42,59873	25,55954	-43,2541
9520	29,49193	-43,25406	38,66711	-41,94329
9540	45,22078	-42,59861	43,91007	-41,28789
9560	43,25469	-41,28789	43,2547	-41,2879
9580	43,25469	-41,94326	43,2547	-41,28791
9600	43,25469	-41,94327	43,91007	-41,94327
9620	43,91005	-41,94328	43,91006	-41,94328
9640	43,91005	-42,59864	43,91006	-42,59865
9660	43,25469	-43,254	43,2547	-43,25401
9680	43,25469	-43,25401	43,2547	-42,59866
9700	43,25469	-43,25402	43,2547	-43,25402
9720	43,25468	-43,25402	43,25469	-43,25402
9740	42,59932	-43,90938	42,59933	-43,25403
9760	42,59932	-43,90938	42,59932	-43,25402
9780	42,59932	-43,90939	41,94397	-43,25403
9800	41,94396	-44,56475	42,59932	-43,90939
9820	45,87613	-44,56475	67,50316	-43,90932
9840	79,95518	-45,21995	81,92135	-43,90921
9860	81,26598	-43,9092	81,26598	-43,25385
9880	81,26597	-43,90921	81,26598	-43,90922
9900	81,26597	-44,56457	81,92133	-43,90921
9920	81,92132	-43,90922	81,92132	-43,90922
9940	81,92131	-43,90922	81,26596	-43,90922
9960	81,92131	-44,56458	81,92132	-43,90922
9980	81,26595	-43,90922	81,92132	-43,90922
10000	81,92131	-44,56458	81,26596	-43,90922
10020	81,92131	-44,56458	81,26595	-43,25387
10040	81,26595	-44,56459	85,19815	-43,90923
10060	93,06258	-44,56459	95,02873	-43,90923
10080	94,37335	-43,90922	93,71799	-42,5985
10100	93,71799	-42,59849	93,71799	-41,94313
10120	93,06263	-41,94313	93,06264	-41,28776
10140	93,71798	-40,63239	93,06264	-38,6663
10160	93,71799	-37,35557	93,06265	-35,38947
10180	93,06264	-34,07873	92,4073	-32,11264
10200	92,40729	-29,49117	91,75195	-25,55898
10220	91,75195	-23,59286	97,65022	-19,00534
10240	108,13602	-13,7624	112,06822	-7,8641
10260	110,10213	-3,9319	108,79141	0,65565
10280	108,13605	2,62175	107,4807	4,58783
10300	106,82533	5,2432	106,82534	6,55392
10320	106,16997	7,20929	106,16998	7,86464
10340	105,51461	7,86465	105,51462	8,52001
10360	104,85925	8,52001	104,85926	9,17536
10380	104,20389	8,52001	104,2039	9,17537
10400	104,20389	9,17537	103,54854	9,83072
10420	103,54852	9,17537	103,54854	9,83073
10440	103,54852	9,83073	102,89318	10,48608
10460	102,2378	9,83072	102,23781	10,48609
10480	102,2378	9,83072	102,2378	9,83072
10500	102,2378	9,17536	102,2378	9,83072
10520	102,2378	9,17536	101,58244	9,83072
10540	101,58243	9,17536	101,58244	9,17535
10560	101,58243	8,51999	101,58243	9,17536
10580	101,58243	9,17535	100,92707	9,17534
10600	100,92706	8,51998	100,92707	8,51998
10620	100,92706	7,86462	100,92707	8,51998
10640	100,92706	7,20926	100,92707	7,86462
10660	100,92706	7,20926	100,92707	7,20925
10680	100,92705	6,55389	100,92706	6,55389
10700	101,58241	5,24317	101,58242	5,89852
10720	100,92704	5,24317	101,58241	5,24316
10740	101,58239	4,5878	101,58241	4,5878
10760	101,5824	3,93244	102,23776	3,93244
10780	102,23775	2,62171	102,23776	2,62171
10800	102,23775	1,31099	102,23776	1,31098
10820	102,89311	0,65562	102,89312	0,65562
10840	102,23775	0,00025999999999726	102,89311	0,00025999999999726
10860	102,8931	-0,65511	102,89311	-0,65512
10880	102,8931	-1,96584	102,89311	-1,31048
10900	102,8931	-1,96584	102,89311	-1,96584
10920	102,8931	-3,27657	102,89311	-2,62121
10940	102,89309	-3,27657	103,54846	-3,27658
10960	102,8931	-3,93194	102,8931	-3,93194
10980	102,89309	-4,5873	103,54846	-4,5873
11000	103,54845	-5,24267	103,54846	-5,89803
11020	95,02876	-9,17482	80,61069	-11,79623
11040	68,81392	-12,45164	65,53708	-9,83021
11060	64,88174	-9,8302	64,88176	-9,83021
11080	64,88175	-10,48558	64,88177	-9,83022
11100	64,88176	-10,48558	64,88177	-9,83022
11120	64,88176	-10,48558	64,88177	-9,83023
11140	64,88176	-10,48559	64,22641	-9,83024
11160	64,88176	-11,14096	64,22642	-10,4856
11180	64,2264	-11,14097	64,22641	-10,48561
11200	63,57104	-11,79633	63,57105	-11,14098
11220	63,57104	-11,79634	62,26031	-12,45173
11240	42,59926	-17,69471	16,38468	-22,28229
11260	15,07359	-22,93767	12,4521	-19,00552
11280	12,45212	-18,35015	12,45214	-18,35016
11300	12,45213	-18,35016	12,45214	-17,69481
11320	12,45214	-17,69481	12,45215	-17,69482
11340	12,45214	-18,35018	12,45216	-17,69483
11360	12,45214	-19,00556	12,45215	-19,00556
11380	12,45215	-19,66092	12,45215	-19,66094
11400	12,45214	-20,3163	12,45215	-20,97167
11420	12,45213	-22,93775	5,89839	-24,2485
11440	3,27687	-24,90388	3,93225	-23,59316
11460	4,5876	-23,59315	4,58761	-23,59316
11480	4,58759	-24,24852	4,58761	-23,59317
11500	4,58759	-24,24853	4,5876	-24,24854
11520	4,58759	-24,9039	4,5876	-24,9039
11540	5,24295	-24,90391	5,24296	-24,90391
11560	5,24295	-25,55928	5,24296	-25,55928
11580	5,24295	-26,21464	5,24296	-26,21465
11600	5,24295	-26,87001	5,24296	-26,87002
11620	5,89831	-27,52537	5,89832	-28,18074
11640	5,89831	-28,83611	5,24296	-28,18075
11660	5,89831	-28,83611	5,89832	-28,83612
11680	5,89832	-29,49148	5,89832	-29,49149
11700	5,89831	-30,14684	5,89832	-30,14685
11720	6,55368	-31,45758	13,76275	-30,80221
11740	19,00575	-31,45755	19,00581	-30,14682
11760	18,35044	-30,14682	18,35046	-29,49146
11780	17,69509	-30,14682	17,69509	-30,14683
11800	17,03972	-30,8022	17,03973	-31,45756
11820	16,38436	-32,76829	16,38436	-32,11294
11840	15,72899	-32,11294	15,72899	-32,11294
11860	15,07363	-32,11294	15,72899	-31,45758
11880	15,07362	-32,7683	15,07362	-32,11294
11900	15,07361	-32,76831	15,07362	-32,76831
11920	18,35046	-32,76831	23,59354	-32,76828
11940	23,59362	-33,42364	22,93827	-32,76828
11960	22,93826	-32,76828	22,28291	-32,76828
11980	22,28291	-33,42364	22,28292	-33,42364
12000	22,28291	-34,079	21,62756	-33,42365
12020	21,62755	-34,07901	21,62756	-33,42365
12040	21,62755	-34,07901	21,62756	-34,07902
12060	21,62756	-34,73437	20,9722	-34,07902
12080	20,9722	-34,73438	20,9722	-34,07902
12100	20,9722	-35,38974	20,9722	-34,73438
12120	20,9722	-36,0451	20,97221	-36,04511
12140	20,97219	-36,70047	20,97226	-36,70047
12160	25,55985	-38,01116	29,49205	-38,01115
12180	28,83667	-38,01115	28,83668	-37,35579
12200	28,18131	-38,01115	28,18131	-38,01115
12220	28,1813	-38,01115	28,18131	-38,01116
12240	28,1813	-38,01116	28,18131	-38,01116
12260	28,83666	-38,66652	28,83667	-38,01117
12280	28,83666	-38,66652	29,49202	-38,66653
12300	28,83665	-39,32189	29,49203	-38,66653
12320	30,14737	-39,97725	29,49202	-39,97726
12340	29,49201	-39,97726	29,49202	-39,97726
12360	29,49201	-40,63262	29,49202	-40,63263
12380	29,49201	-40,63262	29,49202	-39,97727
12400	29,492	-40,63263	29,49201	-39,97727
12420	29,49201	-40,63263	29,49202	-40,63264
12440	29,49201	-40,63264	29,49202	-40,63264
12460	29,492	-41,288	29,49201	-40,63264
12480	29,49201	-41,288	29,49201	-40,63264
12500	29,49201	-41,288	29,49202	-40,63264
12520	29,492	-41,94336	37,35637	-41,28799
12540	42,59928	-41,94333	42,59929	-41,28797
12560	42,59928	-41,28796	42,59929	-40,63261
12580	42,59928	-41,94333	42,59929	-41,28797
12600	42,59928	-41,94333	42,59929	-41,28797
12620	42,59928	-41,94333	42,59929	-41,28797
12640	42,59928	-41,94333	42,59928	-41,28798
12660	42,59927	-42,59869	42,59928	-41,94334
12680	42,59927	-42,5987	42,59928	-41,94334
12700	42,59927	-42,5987	43,25464	-41,94334
12720	43,25463	-43,25406	42,59928	-43,25407
12740	51,11899	-43,25405	65,53702	-43,90937
12760	68,15851	-44,5647	66,8478	-43,90933
12780	66,84778	-43,90933	66,19243	-43,25398
12800	66,19242	-44,5647	66,84779	-43,90934
12820	66,19242	-43,90934	65,53706	-43,25398
12840	66,19241	-44,56471	65,53706	-43,90935
12860	66,19241	-43,90935	65,53706	-43,90935
12880	65,53705	-44,56471	65,53706	-43,90936
12900	65,53704	-45,22007	65,53705	-44,56472
12920	66,1924	-45,87544	-47,84023	-45,22008
12940	66,1924	-45,87544	66,1924	-45,22008
12960	66,84775	-46,5308	66,84776	-46,53081
12980	66,84775	-47,18617	66,84776	-46,53081
13000	66,84775	-47,18616	66,84776	-46,53081
13020	66,19239	-47,18617	66,84776	-46,53082
13040	66,84774	-47,84154	66,84776	-47,84154
13060	66,84775	-47,84154	67,50312	-47,18618
13080	67,50311	-47,84154	67,50312	-47,18618
13100	67,50311	-47,84153	67,50312	-46,53081
13120	67,5031	-47,18617	67,50311	-46,53081
13140	67,50311	-46,5308	67,50312	-45,87544
13160	67,5031	-46,53081	66,84775	-46,53082
13180	67,50311	-47,18617	67,50312	-46,53082
13200	67,50311	-47,84153	67,50312	-46,53082
13220	67,50311	-47,18617	67,50312	-46,53082
13240	67,50311	-47,18618	67,50312	-47,18618
13260	67,50311	-47,84154	67,50312	-47,18618
13280	67,50311	-47,84154	67,50311	-47,84155
13300	66,84775	-48,4969	66,84775	-47,84155
13320	67,5031	-48,49691	67,50312	-49,15228
13340	70,77993	-49,15225	77,989	-47,84148
13360	80,61052	-48,49682	80,61054	-47,84146
13380	79,95516	-47,84145	79,95517	-47,1861
13400	79,95516	-47,84145	79,95517	-47,84146
13420	79,95516	-47,84146	79,29981	-47,84147
13440	79,95516	-48,49682	79,95517	-47,84147
13460	79,95515	-48,49682	79,95517	-47,84147
13480	79,95515	-48,49682	79,29981	-47,1861
13500	79,29979	-47,84146	79,2998	-47,84146
13520	79,29979	-47,84146	79,2998	-47,1861
13540	79,29979	-47,84146	79,2998	-47,1861
13560	78,64443	-47,18609	78,64445	-46,53073
13580	78,64444	-46,53072	72,09072	-48,49685
13600	51,77427	-51,77376	19,66149	-53,08452
13620	15,07386	-52,42917	16,3846	-49,80773
13640	17,03997	-49,80772	17,03999	-49,15237
13660	17,03998	-49,80773	17,03999	-49,15102
13680	17,03999	-49,80774	17,04	-49,15238
13700	17,03999	-49,80774	17,04	-49,80775
13720	17,03999	-49,80775	16,38464	-49,80776
13740	16,38463	-49,80775	16,38465	-49,80776
13760	16,38464	-51,11848	16,38465	-50,46312
13780	16,38464	-51,77385	17,04001	-52,42921
13800	16,38446	-56,36139	11,14135	-57,01678
13820	10,48594	-56,36143	11,79669	-55,70606
13840	11,79668	-55,70606	11,79669	-55,70606
13860	11,79668	-56,36143	11,79669	-55,70607
13880	11,79668	-56,36142	12,45206	-55,70607
13900	12,45204	-56,36143	12,45206	-56,36144
13920	12,45205	-57,0168	12,45206	-57,0168
13940	12,45205	-57,67216	12,45205	-58,32753
13960	7,86442	-58,9829	5,89831	-58,32754
13980	6,55367	-57,67218	6,55368	-57,67218
14000	6,55367	-57,67218	6,55369	-57,67219
14020	6,55368	-58,32755	6,55368	-57,67219
14040	6,55368	-58,32755	7,20905	-57,67219
14060	6,55368	-58,98291	7,20905	-58,32756
14080	7,20904	-58,98292	7,20905	-58,98292
14100	7,20904	-59,63828	7,2116	-58,32756
14120	7,8644	-58,98292	7,20905	-58,98292
14140	7,20904	-60,29365	9,83051	-60,94901
14160	19,66109	-61,60435	22,93811	-62,25969
14180	21,62743	-62,91503	21,62743	-62,25968
14200	20,97207	-62,91504	20,97208	-62,25969
14220	20,31672	-62,91504	20,31673	-62,91505
14240	20,31672	-62,91505	20,31673	-62,91506
14260	20,31672	-62,91505	20,31674	-62,91506
14280	19,66137	-62,91506	19,66138	-62,2597
14300	19,66136	-63,57042	19,66138	-62,91506
14320	19,66137	-63,57042	19,66138	-62,91507
14340	19,66137	-62,91506	19,66138	-62,25971
14360	19,66137	-63,57043	19,00602	-62,91507
14380	19,00856	-63,57043	19,00602	-63,57043
14400	19,00601	-64,22579	19,00602	-63,57043
14420	19,00601	-64,22579	19,00602	-63,57044
14440	19,00601	-64,2258	19,00602	-64,2258
14460	19,00601	-64,2258	19,00603	-64,2258
14480	19,00601	-64,88115	18,35066	-63,57044
14500	18,35065	-64,88116	18,35066	-64,2258
14520	18,35065	-64,2258	18,35066	-63,57044
14540	18,35065	-64,2258	18,35066	-64,2258
14560	17,69529	-64,88116	17,6953	-64,2258
14580	17,69529	-65,53652	17,69536	-64,88116
14600	24,24909	-64,22576	39,97781	-63,57036
14620	43,25462	-62,91498	41,9439	-62,91498
14640	41,28853	-62,91498	41,94389	-62,91499
14660	41,94388	-62,91499	41,94389	-62,915
14680	42,59924	-63,57036	42,59925	-62,915
14700	42,59923	-63,57036	43,25461	-62,915
14720	43,2546	-63,57036	43,25461	-62,915
14740	43,25459	-63,57036	43,90996	-62,915
14760	43,90995	-63,57036	43,90996	-63,57037
14780	43,90995	-63,57037	43,90996	-63,57036
14800	43,90995	-64,22573	43,90995	-64,22573
14820	43,90995	-64,22573	43,90995	-64,22573
14840	43,25458	-64,22573	43,25459	-63,57037
14860	43,25458	-64,22573	43,90995	-64,22573
14880	43,90994	-64,22573	43,25459	-64,22573
14900	43,90994	-64,88109	43,2546	-64,8811
14920	43,25458	-64,8811	43,25459	-64,8811
14940	61,60474	-65,53643	77,98893	-63,57024
14960	84,54269	-64,22554	85,1981	-63,57017
14980	84,54272	-62,9148	84,54272	-62,25945
15000	83,88735	-62,91481	83,88736	-62,91482
15020	83,23199	-62,91481	83,232	-62,91482
15040	83,23199	-62,91482	83,232	-62,25946
15060	82,57662	-62,91482	82,57663	-62,25946
15080	82,57662	-62,25946	82,57663	-61,6041
15100	82,57662	-62,25946	82,57662	-61,6041
15120	82,57661	-62,91482	82,57662	-62,25947
15140	81,92125	-62,91483	81,92126	-62,25947
15160	81,92125	-62,91483	81,92126	-62,25947
15180	81,92125	-62,91483	81,92125	-62,25947
15200	81,92124	-62,91483	81,92125	-62,25948
15220	81,26588	-63,5702	81,26589	-62,91484
15240	81,26588	-62,91484	81,26589	-63,5702
15260	81,26588	-64,22557	81,26589	-63,5702
15280	80,61051	-64,22557	81,26588	-64,22557
15300	81,92123	-64,22557	81,92124	-64,88094
15320	80,61049	-66,19166	72,74602	-66,84708
15340	66,84767	-67,50248	66,19232	-66,19176
15360	66,19232	-66,84712	65,53697	-66,19176
15380	66,19232	-66,84712	66,19233	-66,84713
15400	65,53696	-67,50249	66,19233	-66,84713
15420	66,19232	-66,84713	66,19232	-66,84714
15440	66,19232	-67,5025	66,19233	-67,50251
15460	66,19232	-67,5025	66,19233	-67,50251
15480	66,19232	-68,15787	65,53696	-68,15787
15500	65,53695	-68,15787	66,19232	-67,50252
15520	66,19231	-68,15788	65,53697	-68,81324
15540	65,53695	-68,81324	65,53696	-68,81324
15560	65,53696	-69,4686	65,53697	-68,81325
15580	66,19232	-69,46861	66,19233	-68,81325
15600	65,53696	-69,46861	65,53697	-68,81325
15620	65,53696	-70,12397	65,53697	-70,12397
15640	65,53696	-70,77933	65,53697	-70,12398
15660	65,53696	-70,77933	65,53697	-70,77934
15680	65,53696	-71,4347	65,53698	-71,4347
15700	64,8816	-72,09006	65,53952	-71,4347
15720	65,53696	-72,09006	65,53698	-71,4347
15740	65,53697	-72,09006	65,53698	-71,4347
15760	64,88161	-72,74542	65,53698	-72,09006
15780	65,53697	-72,74542	65,53699	-72,74543
15800	65,53698	-73,40078	68,81381	-73,40076
15820	78,64433	-72,74533	83,23197	-72,7453
15840	83,23198	-72,74529	82,57662	-71,43457
15860	82,57662	-72,08993	81,92127	-72,08993
15880	82,57661	-72,08993	82,57663	-72,08994
15900	81,92125	-72,7453	81,92127	-72,08993
15920	81,92125	-72,74529	81,92126	-72,7453
15940	81,92125	-72,7453	81,92126	-72,08994
15960	81,92125	-72,7453	81,2659	-72,08994
15980	81,26589	-73,40066	81,2659	-72,74531
16000	81,92125	-73,40066	81,2659	-73,40066
16020	81,92125	-74,05603	81,92126	-73,40067
16040	81,92125	-74,05602	81,92126	-73,40067
16060	82,57661	-74,05603	82,57662	-73,40067
16080	82,57916	-74,71139	81,92126	-74,05603
16100	82,57661	-74,05602	82,57662	-74,05604
16120	83,88733	-74,71139	93,71787	-72,74531
16140	102,89299	-73,40067	104,20374	-72,74531
16160	102,893	-72,7453	103,54837	-71,43459
16180	103,54836	-72,08995	103,54837	-71,43459
16200	102,89299	-72,08995	103,54836	-71,4346
16220	103,54835	-72,08996	103,54836	-71,4346
16240	103,54835	-71,4346	103,54836	-70,77925
16260	103,54835	-71,43461	103,54836	-70,77925
16280	103,54835	-71,43461	103,54836	-70,77926
16300	103,54835	-71,43461	103,54836	-71,43461
16320	103,54834	-71,43462	103,54835	-71,43462
16340	103,54835	-72,08998	102,89299	-71,43462
16360	102,89298	-72,08998	102,89299	-71,43462
16380	102,89298	-72,74534	102,23763	-72,08998
16400	102,23762	-72,74534	102,89298	-72,74535
16420	112,72345	-72,09	120,58784	-72,08997
16440	121,89856	-72,08995	121,2432	-71,43459
16460	121,24318	-71,43459	121,24319	-70,77924
16480	120,58782	-71,4346	120,58783	-70,77924
16500	120,58781	-71,4346	119,93246	-70,77925
16520	119,93245	-71,43461	119,2771	-71,43326
16540	119,27709	-71,43461	119,27709	-71,43461
16560	118,62172	-72,08997	119,27709	-71,43462
16580	119,27708	-72,0899	119,27709	-71,43462
16600	119,27708	-72,08998	118,62173	-71,43462
16620	118,62172	-72,08998	118,62173	-70,77926
16640	118,62172	-71,43462	118,62173	-70,77926
16660	118,62172	-70,77926	118,62173	-70,1239
16680	118,62172	-70,77926	118,62173	-70,1239
16700	117,96636	-71,43462	117,96637	-70,77926
16720	117,311	-71,43462	117,311	-71,43463
16740	117,311	-72,08999	120,58783	-70,77926
16760	124,52	-72,08996	123,20928	-70,77924
16780	122,5539	-70,77923	122,55391	-70,77923
16800	122,5539	-70,77923	122,55391	-70,12388
16820	123,20926	-70,77924	122,55391	-70,77925
16840	123,20927	-70,77924	123,20927	-70,12388
16860	123,20926	-70,77924	123,20927	-70,12388
16880	123,20926	-70,77923	123,20927	-70,12388
16900	123,86462	-70,77924	122,55391	-70,12387
16920	123,20926	-70,12387	123,20927	-70,12387
16940	123,20926	-70,77923	123,20927	-70,12387
16960	123,20926	-70,12387	115,3449	-72,74532
16980	96,99465	-76,67741	74,71205	-79,29897
17000	55,05104	-80,60975	46,53134	-77,33296
17020	44,56526	-77,98832	43,25456	-77,33297
17040	43,25455	-77,98833	42,59919	-77,98834
17060	41,94383	-78,6437	41,28847	-77,33299
17080	41,28847	-77,98835	41,28848	-77,98835
17100	41,28847	-77,98835	41,28848	-77,98836
17120	41,28847	-78,64371	40,63312	-77,333
17140	41,28847	-78,64372	41,28848	-77,98837
17160	40,63311	-78,64373	41,28848	-78,64373
17180	38,66703	-79,95445	20,97224	-83,23128
17200	14,41845	-84,54201	15,72911	-82,57594
17220	16,38448	-81,92058	16,38449	-81,92058
17240	15,72912	-81,92058	16,38449	-81,92059
17260	16,38448	-81,92059	15,72913	-81,26523
17280	16,38448	-81,92059	15,72913	-81,92059
17300	16,38448	-81,9206	15,72913	-81,9206
17320	16,38448	-82,57596	16,38449	-81,9206
17340	15,72912	-82,57596	16,3845	-82,57596
17360	15,72913	-83,23133	16,38449	-83,23133
17380	13,76292	-84,54206	13,10754	-83,8867
17400	13,10754	-84,54206	13,10755	-83,8867
17420	13,7629	-83,23134	13,10755	-82,57598
17440	13,76291	-83,23134	13,10756	-82,57598
17460	13,76291	-83,23134	13,76292	-82,57598
17480	13,76291	-83,23134	13,76292	-82,57598
17500	13,76291	-83,23134	13,76293	-83,23134
17520	13,10756	-83,23134	13,76293	-83,23134
17540	13,76292	-83,8867	15,72907	-83,8867
17560	21,62762	-83,2313	40,63319	-82,5759
17580	45,87609	-83,23124	43,91	-81,92052
17600	43,90999	-82,57588	43,91	-81,92053
17620	43,90998	-82,57589	43,90999	-81,92053
17640	43,90998	-82,57589	43,90999	-81,92053
17660	43,90997	-82,57589	43,25462	-82,57589
17680	43,90997	-83,23126	43,90998	-83,23126
17700	43,90996	-83,88662	43,90997	-83,23125
17720	44,56532	-83,23126	44,56533	-83,23125
17740	45,22068	-83,23125	45,22069	-83,23126
17760	45,22068	-83,23126	45,22069	-82,5759
17780	49,80821	-83,88661	68,8138	-81,92048
17800	81,92119	-81,265	83,88736	-81,26498
17820	82,57661	-81,26497	82,57662	-80,60961
17840	81,92125	-81,26498	81,92125	-81,26498
17860	82,5766	-81,92034	82,57661	-81,92035
17880	82,57659	-82,5757	81,92124	-81,92035
17900	82,5766	-81,92035	82,57661	-80,60962
17920	82,5766	-81,92034	82,57661	-81,26499
17940	82,5766	-81,92035	82,57661	-81,26498
17960	82,5766	-81,26498	83,23197	-80,60963
17980	82,5766	-81,92034	83,23197	-81,26499
18000	83,23197	-81,26499	83,23198	-81,26499
18020	83,23197	-81,26498	83,23198	-80,60963
18040	83,23196	-81,92035	86,50881	-81,26499
18060	100,92689	-81,26498	112,72348	-80,60965
18080	114,03422	-79,95426	113,37886	-79,2989
18100	112,72348	-78,64354	112,72349	-78,64355
18120	112,72347	-79,29891	112,72349	-78,64356
18140	112,72347	-78,64355	112,72348	-78,64356
18160	112,06811	-78,64355	112,06812	-77,9882
18180	112,0681	-77,98819	112,06812	-77,33284
18200	112,06811	-77,33284	112,06812	-77,33284
18220	111,41275	-76,67748	112,06812	-76,67748
18240	111,41275	-77,33284	111,41276	-76,67748
18260	111,41275	-76,67748	111,41276	-76,67748
18280	110,75739	-76,67748	110,75739	-76,67748
18300	110,75738	-76,67748	110,7574	-76,02212
18320	110,75739	-77,33284	110,7574	-76,02213
18340	110,75739	-76,02212	110,7574	-75,36676
18360	110,75738	-76,02212	110,10203	-76,02213
18380	110,10203	-76,67749	110,7574	-76,02213
18400	110,75739	-76,67748	110,10204	-75,36677
18420	110,75738	-76,02212	110,10204	-76,02212
18440	110,10203	-76,67748	110,7574	-76,02213
18460	110,10203	-77,33285	110,7574	-76,02213
18480	111,41274	-76,02212	110,75739	-74,7114
18500	111,41274	-74,7114	111,41275	-74,05603
18520	111,41274	-74,71139	111,41276	-74,05603
18540	111,41275	-74,71139	111,41276	-74,05603
18560	112,06811	-75,36675	108,7913	-76,67747
18580	93,71787	-81,92029	68,81374	-83,88653
18600	30,80265	-85,85265	13,10768	-83,23122
18620	15,07373	-80,60979	16,3845	-78,6437
18640	17,03985	-77,33297	17,03986	-76,02225
18660	17,03985	-75,36689	17,03986	-73,40081
18680	16,38449	-73,40081	16,3845	-72,74545
18700	16,38449	-73,40081	16,3845	-72,74546
18720	16,38448	-73,40082	16,38449	-72,74547
18740	16,38448	-73,40083	16,3845	-72,74547
18760	15,72911	-74,0562	11,79675	-76,67766
18780	8,51982	-77,9884	8,51985	-76,67768
18800	8,51984	-76,67768	8,51985	-76,02233
18820	8,51984	-76,6777	8,51985	-76,02234
18840	8,51985	-77,33306	8,51985	-76,67771
18860	8,51985	-77,98843	8,51986	-77,33308
18880	8,51985	-78,6438	8,51986	-77,98844
18900	8,51985	-79,29916	8,51987	-77,98845
18920	8,51986	-78,64381	7,86451	-78,64381
18940	7,8645	-79,29918	7,86451	-79,29919
18960	7,8645	-79,95455	7,86452	-79,29919
18980	7,86451	-80,60991	7,86451	-80,60992
19000	7,86451	-81,26528	7,20915	-81,26529
19020	7,86451	-81,92064	14,41828	-81,92063
19040	15,72933	-82,57596	20,31701	-81,92058
19060	19,00628	-82,57594	19,00628	-81,92058
19080	19,00627	-82,57595	19,00628	-82,57596
19100	19,00627	-83,23132	19,00628	-83,23132
19120	19,00626	-83,88668	19,00627	-83,88668
19140	19,66162	-84,54204	19,66162	-83,88669
19160	19,66162	-84,54204	19,66162	-83,88669
19180	19,66161	-84,54205	19,66162	-83,88669
19200	19,66161	-84,54206	19,00626	-83,8867
19220	19,66161	-85,19742	19,66162	-84,54206
19240	19,66161	-85,19743	28,1813	-84,54206
19260	39,9778	-84,54203	41,9439	-84,54202
19280	40,63316	-84,54202	41,28854	-83,88667
19300	41,28852	-85,19739	41,28853	-84,54203
19320	41,94388	-85,1974	41,94389	-85,1974
19340	41,94388	-85,85276	42,59925	-85,1974
19360	41,94388	-85,85276	42,59925	-85,19741
19380	42,59924	-85,85277	41,94389	-85,19741
19400	42,59924	-85,85276	42,59925	-85,85277
19420	42,59924	-86,50813	42,59925	-85,85277
19440	42,59924	-86,50813	42,59925	-85,85278
19460	42,59924	-86,50813	42,59925	-85,85277
19480	42,59924	-86,50813	42,59925	-85,85278
19500	41,94388	-86,50813	42,59925	-85,85278
19520	41,94389	-86,50814	41,94389	-86,50814
19540	41,94389	-87,1635	41,94389	-86,50814
19560	41,94389	-86,50814	47,18679	-85,19742
19580	62,26015	-84,54201	71,4353	-83,23124
19600	72,0907	-83,23121	71,43534	-82,57438
19620	71,43533	-81,26512	71,43534	-80,60976
19640	70,77997	-80,60975	70,77998	-79,9544
19660	70,77997	-79,9544	70,12462	-79,29904
19680	70,1246	-79,9544	70,12461	-79,29904
19700	69,46924	-79,9544	69,46925	-79,95441
19720	69,46924	-80,60977	69,46925	-79,95442
19740	69,46923	-80,60978	68,81388	-79,95442
19760	68,81387	-80,60978	68,81388	-79,95442
19780	68,81387	-80,60978	68,81388	-80,60979
19800	68,81387	-81,26515	68,81388	-81,26516
19820	68,81386	-81,92052	68,81387	-81,92053
19840	68,81386	-83,23125	68,81387	-83,23126
19860	68,81385	-84,54198	69,46922	-83,88663
19880	69,46921	-84,54199	69,46922	-83,88663
19900	69,46921	-84,542	69,46922	-84,54199
19920	69,46921	-84,542	69,46922	-84,542
19940	69,46921	-85,85273	69,46921	-85,19737
19960	69,4692	-85,85273	69,46921	-85,19738
19980	69,4692	-86,5081	69,46921	-86,50811
20000	69,4692	-86,5081	69,4692	-86,50811
20020	69,46919	-87,16347	68,81384	-87,16348
20040	68,81383	-87,81884	68,81383	-87,81885
20060	68,81382	-89,12958	68,81383	-89,78494
20080	68,81381	-90,44032	68,81383	-91,75105
20100	68,81382	-94,3725	69,46919	-98,96007
20120	70,12455	-108,13519	70,77994	-123,20862
20140	72,74602	-141,55885	74,05678	-159,90905
20160	75,36745	-174,32705	76,02278	-182,84678
20180	78,6442	-191,36649	80,6103	-193,98794
20200	79,95492	-195,29866	79,29956	-193,33257
20220	79,29957	-190,05574	77,98886	-184,81283
20240	76,02279	-180,22528	76,02281	-174,98237
20260	76,02281	-172,36091	75,36745	-168,42874
20280	75,36744	-166,46263	75,36745	-162,53046
20300	74,71208	-160,56437	74,71209	-157,94291
20320	74,71208	-156,63219	74,71209	-155,32147
20340	74,71209	-155,32146	74,05673	-154,01075
20360	74,05672	-154,01075	74,05673	-154,01075
20380	74,05671	-154,66613	73,40137	-155,97687
20400	72,74599	-157,2876	72,74599	-161,2198
20420	72,74597	-167,77345	72,74596	-176,29321
20440	74,71202	-192,02194	76,02269	-204,47387
20460	76,02264	-216,92578	68,15818	-227,41159
20480	50,46324	-237,89741	44,56491	-243,79569
20500	42,59878	-249,69395	41,9434	-251,66005
20520	40,63269	-251,00469	38,66665	-247,07252
20540	38,01127	-243,7957	35,38981	-240,51891
20560	34,73441	-237,89747	33,42369	-234,62066
20580	32,7683	-230,68849	31,45759	-226,10096
20600	30,80222	-222,82415	30,14686	-217,58125
20620	28,83614	-212,99372	27,52543	-208,40618
20640	26,87007	-205,12936	25,55937	-201,19719
20660	24,24865	-198,57574	23,59332	-195,95429
20680	22,93796	-192,67748	22,93797	-190,05603
20700	23,59334	-188,7453	27,52562	-184,15774
20720	29,49174	-182,19162	28,18102	-178,25943
20740	28,18098	-175,63796	26,87024	-171,70578
20760	26,8702	-170,39504	26,87018	-167,77359
20780	27,52549	-166,46286	28,18084	-165,15213
20800	29,49154	-165,15212	30,80226	-164,49676
20820	31,45761	-164,49676	31,45763	-163,18604
20840	31,45762	-162,53067	31,45764	-160,56459
20860	31,45764	-159,25386	30,80229	-157,28778
20880	30,80229	-157,94315	30,14695	-158,59853
20900	30,8023	-162,53073	32,11302	-168,42903
20920	35,38977	-179,57022	39,97722	-191,3668
20940	45,22003	-205,7848	49,15212	-216,27065
20960	52,42885	-224,79038	54,39487	-228,06719
20980	58,32701	-231,99934	62,25923	-232,65468
21000	66,19144	-233,96538	68,81295	-234,62074
21020	72,08984	-233,96537	75,36673	-231,34394
21040	80,60971	-227,41177	81,92047	-221,51352
21060	83,88657	-214,9599	85,85269	-208,40626
21080	87,16341	-203,16335	87,8188	-195,299
21100	87,81881	-188,08999	88,4742	-180,22564
21120	89,12954	-173,672	89,12954	-167,77372
21140	88,47418	-164,49689	87,16347	-160,56471
21160	87,16346	-158,5986	85,85275	-157,28788
21180	84,54202	-157,94324	83,2313	-156,63252
21200	81,92057	-156,63251	79,9545	-154,66642
21220	79,29913	-154,01105	77,98842	-153,35569
21240	77,33306	-152,04496	76,67772	-150,07888
21260	75,36699	-148,76815	75,367	-147,45743
21280	74,71164	-148,76815	73,40093	-148,1128
21300	72,74557	-149,42353	71,43486	-149,42354
21320	70,7795	-149,42353	69,4688	-148,76817
21340	68,15807	-149,42353	66,19202	-150,07891
21360	64,88127	-152,04501	63,57056	-152,70038
21380	62,25983	-152,70038	60,29375	-151,38966
21400	58,32765	-150,7343	56,36158	-150,7343
21420	55,7062	-153,35576	54,39547	-155,32187
21440	53,08472	-157,28796	51,774	-157,94333
21460	51,77398	-157,94333	49,80791	-157,28797
21480	49,15255	-157,28796	48,4972	-156,6326
21500	48,49719	-156,6326	48,49721	-155,32187
21520	48,49721	-155,97722	47,84186	-154,01114
21540	47,84186	-152,70041	47,84187	-150,73432
21560	47,18649	-148,76823	47,1865	-148,11286
21580	47,18649	-147,4575	47,1865	-145,49141
21600	46,53113	-145,4914	46,53114	-144,18068
21620	46,53113	-144,18067	45,87578	-142,21458
21640	45,22042	-141,55922	45,22043	-139,59313
21660	43,9097	-138,93776	44,56507	-138,2824
21680	43,90971	-138,28239	43,90972	-136,97166
21700	43,90971	-136,3163	43,25436	-134,35022
21720	43,25435	-135,00557	43,90973	-133,03949
21740	43,25436	-132,38412	43,90974	-131,0734
21760	44,56509	-131,0734	45,22047	-129,76268
21780	46,53119	-128,45196	47,84193	-128,45197
21800	49,15264	-130,41806	51,11873	-131,07343
21820	53,08481	-132,38414	54,39555	-132,38414
21840	56,36163	-132,38414	58,32772	-132,38414
21860	60,94915	-133,69487	63,5706	-134,35024
21880	66,19204	-135,0056	68,8135	-133,69487
21900	71,43493	-133,0395	73,40103	-131,07341
21920	74,71175	-130,41804	76,02248	-130,41803
21940	77,3332	-131,07339	78,64393	-130,41802
21960	78,64393	-130,41802	79,95466	-130,41802
21980	80,61002	-131,07336	81,26539	-130,418
22000	82,57611	-131,72872	83,23148	-131,72872
22020	83,88684	-133,03943	85,19758	-133,03943
22040	85,85294	-134,35015	87,16368	-134,35015
22060	88,4744	-135,66086	89,12977	-135,66087
22080	89,78514	-136,31623	91,09587	-135,66087
22100	92,40659	-136,31622	93,06197	-135,66086
22120	93,71733	-138,2823	94,37271	-138,93768
22140	95,68343	-140,90376	95,68345	-140,90377
22160	96,33881	-141,55913	96,99418	-140,90377
22180	97,64955	-140,2484	98,30493	-140,24839
22200	98,96029	-140,90375	99,61567	-141,55911
22220	100,27103	-144,83592	100,92641	-147,45738
22240	101,58176	-149,42347	101,58178	-148,76811
22260	102,23714	-149,42346	102,89252	-147,45737
22280	102,89252	-148,11271	102,89254	-146,80198
22300	103,5479	-148,11269	103,54793	-148,76806
22320	103,54793	-150,07877	104,20331	-150,73413
22340	104,20331	-151,38947	104,20333	-150,7341
22360	104,8587	-151,38945	105,51408	-151,38718
22380	106,16944	-151,38944	106,82483	-150,07871
22400	106,82483	-150,73405	106,82486	-149,42332
22420	108,13559	-148,76794	108,13561	-146,14649
22440	108,13562	-145,49111	108,79101	-142,86966
22460	108,791	-141,55892	108,13567	-139,59283
22480	108,13567	-138,93746	108,13569	-136,97136
22500	107,48032	-135,00526	107,48033	-133,03916
22520	106,82496	-133,03915	106,16961	-131,07306
22540	105,51424	-131,07304	104,85888	-129,76232
22560	103,54815	-129,76231	103,54816	-129,10695
22580	102,23742	-129,10694	101,58207	-128,45158
22600	100,92669	-127,79621	100,9267	-127,14084
22620	100,27133	-127,14084	99,61599	-126,48548
22640	99,61597	-126,48546	98,96062	-125,17474
22660	98,96062	-123,86401	98,96063	-121,89792
22680	98,96061	-121,24254	98,30527	-119,93182
22700	98,30526	-119,27645	98,30527	-118,62108
22720	98,96063	-117,9657	98,96064	-117,31034
22740	98,96063	-117,31033	98,96064	-115,9996
22760	99,61599	-115,34423	99,61599	-114,03351
22780	100,27133	-112,72278	100,92669	-110,75669
22800	101,58203	-110,10132	102,2374	-108,7906
22820	103,5481	-108,13523	103,5481	-107,47987
22840	103,54807	-107,47987	104,20344	-106,82452
22860	102,8927	-105,51379	103,54806	-104,85843
22880	102,89268	-104,85842	102,89269	-103,5477
22900	102,89267	-103,5477	101,58196	-102,89233
22920	101,58194	-102,89233	101,58195	-102,23696
22940	100,92657	-102,23696	100,92658	-101,58161
22960	100,2712	-101,5816	99,61584	-101,5816
22980	99,61583	-101,5816	98,96048	-101,58161
23000	98,96047	-101,58161	98,30511	-102,23697
23020	98,3051	-102,89233	98,30511	-102,89234
23040	98,3051	-103,54771	98,3051	-104,20308
23060	92,40677	-102,89238	79,29941	-96,33874
23080	64,22601	-91,75118	62,25994	-87,16362
23100	62,25995	-85,19752	61,6046	-83,88679
23120	61,60459	-83,88678	62,25997	-83,23142
23140	62,25997	-83,23142	62,25998	-83,23142
23160	62,91534	-83,23142	62,91535	-82,57606
23180	63,57071	-83,23142	64,22608	-83,23142
23200	64,88144	-83,88677	64,88146	-83,23141
23220	64,88145	-83,88676	65,53682	-82,57603
23240	65,53681	-83,2314	64,88146	-81,92067
23260	64,88145	-83,23139	64,2261	-82,57603
23280	63,57073	-83,23138	62,26002	-82,57602
23300	61,60464	-82,57602	60,29391	-81,92066
23320	58,98316	-81,26529	57,67244	-80,60993
23340	57,01705	-81,26529	60,94924	-79,95457
23360	77,9887	-80,6099	84,5424	-80,60989
23380	83,23165	-79,29916	81,26558	-76,67771
23400	80,6102	-74,71162	79,95484	-72,74554
23420	79,29947	-71,43482	78,64411	-70,12409
23440	78,64411	-70,12409	78,64411	-69,46873
23460	79,29947	-70,12408	77,98876	-68,81336
23480	77,33339	-68,81336	76,67803	-68,81336
23500	75,3673	-68,81335	73,40122	-68,158
23520	70,12439	-69,46871	67,50294	-68,158
23540	64,88147	-69,46871	62,9154	-69,46871
23560	60,94929	-70,12407	58,98321	-69,46871
23580	56,36174	-70,12407	55,70637	-68,81335
23600	53,0849	-70,12406	51,77417	-69,4687
23620	50,46342	-69,4687	49,80805	-68,15798
23640	50,46339	-68,81333	51,11875	-67,50262
23660	51,11874	-67,50261	49,80803	-66,19189
23680	48,49727	-66,84724	46,53114	-65,53653
23700	43,90959	-64,88116	40,63269	-62,25972
23720	36,70042	-60,29363	33,42354	-56,36146
23740	28,18055	-54,39536	19,66079	-51,11856
23760	13,76246	-50,46319	9,17488	-49,15247
23780	5,89799	-51,77392	6,55329	-52,42927
23800	7,86394	-54,39535	7,20852	-55,05071
23820	5,24235	-55,70606	3,93157	-56,36143
23840	3,27615	-57,01679	2,6208	-55,70607
23860	1,96543	-55,70606	1,31008	-55,70607
23880	1,31007	-55,70607	1,96544	-55,70607
23900	1,31007	-55,70607	1,31008	-55,05071
23920	1,31007	-54,39535	0,65472	-53,08463
23940	-0,00065000000000026	-52,42926	-0,00064000000000419	-50,46318
23960	-0,65600999999999	-50,46317	-0,656	-49,15246
23980	-1,31137	-49,80782	-1,96672	-48,4971
24000	-1,96673	-48,4971	-1,96672	-47,84175
24020	-2,62209	-49,15102	-2,62208	-48,49712
24040	-3,27745	-49,15248	-3,27744	-49,15249
24060	-3,27745	-49,80785	-3,27744	-49,1525
24080	-3,27745	-49,80786	-3,27744	-50,46323
24100	-3,27745	-51,11859	-3,27744	-51,77395
24120	-3,27745	-53,74004	3,27616	-51,11861
24140	26,86958	-54,39538	44,56489	-58,32747
24160	74,71188	-59,63813	88,47463	-60,9488
24180	85,85321	-61,60414	85,85322	-61,60414
24200	85,85321	-62,2595	85,19786	-62,91488
24220	85,19785	-63,57024	85,19786	-63,57025
24240	85,85321	-64,88097	85,85322	-64,88098
24260	85,85322	-64,88098	85,85323	-64,22562
24280	85,85323	-65,53634	85,85324	-64,88099
24300	85,85323	-66,19171	85,85324	-65,53635
24320	85,85324	-66,19171	85,19788	-66,19172
24340	85,19787	-66,84707	84,54252	-66,84709
24360	84,54251	-68,81317	83,88715	-69,46854
24380	83,23177	-69,46854	83,23178	-70,12391
24400	82,5764	-70,77928	81,92104	-70,77929
24420	81,92103	-72,09001	81,92103	-72,09002
24440	81,26566	-72,74537	81,26567	-72,09002
24460	81,26566	-72,74538	81,26567	-72,74539
24480	80,6103	-73,40075	80,61031	-73,40076
24500	80,6103	-73,40077	79,95495	-74,05613
24520	80,6103	-74,71148	79,95495	-74,7115
24540	80,6103	-75,36685	80,61031	-75,36686
24560	79,95494	-76,02222	79,95494	-76,02223
24580	79,95494	-76,67759	79,95495	-76,67759
24600	79,29957	-77,33295	79,29959	-77,33296
24620	79,29957	-77,98832	79,29959	-77,33296
24640	78,64422	-77,98831	78,64422	-77,98832
24660	78,64422	-78,64367	78,64423	-78,64368
24680	78,64422	-79,29904	77,98887	-78,64369
24700	77,98885	-79,29905	77,3335	-79,29906
24720	77,33349	-80,60977	76,02278	-79,95441
24740	75,3674	-79,95442	74,05668	-79,95443
24760	73,40131	-81,26516	72,74596	-80,6098
24780	72,09058	-81,26516	72,09059	-80,60981
24800	71,43522	-81,26517	70,77987	-81,26517
24820	70,77986	-81,26517	70,1245	-81,26517
24840	69,46913	-82,57589	69,46915	-82,5759
24860	69,46913	-82,5759	68,81379	-82,5759
24880	68,81377	-83,88662	68,81378	-83,23126
24900	68,81378	-83,88662	69,46915	-83,88662
24920	70,1245	-84,54198	70,12451	-84,54199
24940	70,12451	-85,19734	70,12453	-84,54199
24960	70,77988	-85,19734	71,43525	-85,19734
24980	71,43524	-86,50807	71,43526	-85,85271
25000	71,43524	-86,50806	72,09062	-85,85271
25020	72,0906	-86,50807	72,09062	-86,50807
25040	72,09061	-87,16343	72,09062	-87,16344
25060	72,09061	-87,81879	72,09061	-87,16344
25080	72,0906	-87,81879	72,09061	-87,8188
25100	71,43523	-88,47416	71,43524	-88,47417
25120	70,77987	-89,12953	71,43523	-88,47418
25140	70,77987	-88,47418	70,77987	-88,47418
25160	70,77986	61,60324	70,77987	-93,06174
25180	70,77987	-96,99393	71,43524	-100,27077
25200	72,74596	-108,13515	73,40134	-119,27639
25220	75,36742	-138,28198	77,98889	-158,5983
25240	81,2657	-173,67167	95,02836	-183,5021
25260	104,85886	-185,46811	109,44649	-180,8805
25280	110,10188	-174,98219	108,13582	-167,1178
25300	106,16974	-159,90878	104,85902	-153,35514
25320	104,20365	-148,76758	104,20365	-143,52468
25340	103,54828	-140,24784	102,89293	-136,31566
25360	103,54828	-133,6942	103,54828	-130,41738
25380	102,89292	-129,10664	102,89293	-125,82982
25400	102,89292	-125,17444	102,23756	-122,55299
25420	102,23756	-121,24225	101,5822	-119,27616
25440	101,58219	-118,62079	101,5822	-117,31006
25460	101,58219	-116,65469	100,92684	-114,6886
25480	100,27147	-114,03323	100,27148	-113,37787
25500	100,27147	-112,7225	100,27148	-110,75642
25520	99,61611	-111,41176	99,61612	-110,10105
25540	99,61611	-110,10104	98,96076	-109,44568
25560	98,96075	-109,44567	98,96076	-106,82423
25580	98,96075	-107,47958	98,96076	-106,16886
25600	98,30539	-106,16886	98,3054	-106,16886
25620	98,30539	-106,16886	98,3054	-106,16886
25640	97,65003	-106,16886	97,65003	-105,5135
25660	97,65002	-105,5135	97,65003	-105,5135
25680	97,65002	-106,82422	96,99466	-106,16886
25700	96,99465	-106,16887	96,99465	-105,5135
25720	96,99464	-106,16886	96,99465	-105,5135
25740	96,99464	-106,16886	96,99465	-105,51351
25760	96,99464	-106,16887	96,33929	-105,51351
25780	96,33927	-105,51351	96,33928	-104,85815
25800	96,33927	-104,85815	96,33927	-104,20278
25820	96,33926	-104,85814	95,68391	-103,54742
25840	96,33926	-103,54742	96,33927	-102,89206
25860	96,33926	-103,54742	96,33927	-103,54742
25880	96,33926	-104,20278	96,33927	-103,54743
25900	96,33926	-104,20279	96,33927	-103,54743
25920	96,33926	-104,20278	96,33927	-102,89206
25940	96,33926	-103,54742	96,33927	-102,2367
25960	96,33927	-102,89206	96,33927	-102,2367
25980	96,33927	-102,89205	96,33928	-101,58134
26000	96,33927	-102,23669	96,33928	-101,58134
26020	95,68391	-101,58133	95,68392	-101,58133
26040	95,68391	-101,58132	95,68392	-101,58133
26060	95,68391	-101,58133	95,68392	-101,58133
26080	95,68391	-101,58132	95,68392	-101,58133
26100	95,68391	-102,23669	95,02855	-101,58132
26120	95,02854	-102,23668	95,02855	-100,92596
26140	94,37318	-101,58132	95,02855	-100,92596
26160	95,02854	-100,92596	95,02854	-100,2706
26180	95,02854	-100,27059	94,37319	-100,2706
26200	95,02854	-99,61523	94,37319	-99,61524
26220	94,37319	-100,27059	94,3732	-99,61523
26240	94,37319	-99,61522	94,3732	-99,61523
26260	94,37319	-99,61522	94,37321	-98,95986
26280	94,37319	-99,61523	94,37321	-98,95987
26300	93,71784	-99,61522	93,71785	-98,95986
26320	93,71784	-98,95986	93,71785	-98,3045
26340	93,71783	-99,61522	93,71784	-98,95986
26360	93,71783	-98,95986	93,71784	-98,95986
26380	93,71783	-98,95986	93,71783	-98,95986
26400	93,71782	-99,61522	93,06247	-98,95986
26420	93,06246	-99,61522	93,06247	-99,61522
26440	93,06245	-100,27059	93,06246	-100,27058
26460	92,40709	-100,27059	92,4071	-100,27059
26480	92,40708	-100,27059	92,4071	-99,61523
26500	92,40708	-100,27059	91,75173	-98,95987
26520	92,40708	-99,61523	91,75173	-99,61523
26540	91,75172	-100,27059	91,75172	-99,61523
26560	91,75171	-100,27059	91,75172	-99,61523
26580	91,09635	-99,61523	91,09635	-99,61523
26600	90,44099	-100,27059	91,09635	-98,95987
26620	91,09634	-99,61523	91,09635	-98,95988
26640	91,09634	-98,95987	91,09635	-98,30451
26660	91,09634	-98,95987	90,44099	-98,95987
26680	90,44098	-98,95987	90,44099	-98,30452
26700	89,78561	-98,95987	89,78562	-98,30452
26720	89,78561	-98,95987	89,13025	-98,30451
26740	89,7856	-98,95988	89,78561	-97,64916
26760	89,13024	-98,30452	89,13025	-97,64916
26780	89,13024	-98,30452	89,13025	-97,64916
26800	88,47489	-98,30452	89,13025	-96,9938
26820	89,13024	-98,30452	88,47489	-97,64917
26840	88,47488	-98,30452	88,47488	-97,64917
26860	88,47487	-98,30453	88,47743	-97,64917
26880	87,81951	-98,30453	87,81952	-98,30454
26900	87,81951	-98,30454	87,81952	-98,30454
26920	87,16415	-98,30454	87,16416	-98,30454
26940	87,16415	-98,9599	87,16416	-98,30454
26960	86,50879	-98,9599	87,16416	-98,95991
26980	87,16415	-99,61527	87,16417	-99,61528
27000	86,5088	-100,27063	86,5088	-99,61528
27020	86,5088	-100,926	86,5088	-101,58137
27040	87,16415	-102,8921	87,16416	-103,54747
27060	87,16415	-104,8582	87,16416	-105,51357
27080	87,16415	-108,13502	87,16415	-111,41185
27100	87,81951	-117,96551	89,13024	-127,79602
27120	91,09633	-145,49088	93,06244	-165,8072
27140	97,64999	-184,81277	104,20358	-200,5415
27160	108,13571	-212,99339	109,44639	-220,85774
27180	110,75711	-226,75599	114,6893	-231,9989
27200	117,31075	-234,62034	117,96616	-233,3096
27220	117,31083	-229,37738	115,3448	-222,82374
27240	113,37871	-216,92545	110,75728	-209,71645
27260	109,44655	-203,81817	108,79121	-198,57526
27280	107,48049	-193,33235	106,82515	-188,08944
27300	106,82514	-184,15724	106,1698	-178,91434
27320	105,51443	-175,63751	104,85908	-172,36069
27340	104,20371	-168,42851	103,54835	-165,80705
27360	102,89298	-163,84095	102,89299	-161,2195
27380	102,89298	-159,90877	102,23763	-157,28732
27400	102,23763	-155,32122	101,58228	-154,01049
27420	101,58227	-153,35512	101,58229	-151,38903
27440	101,58228	-150,0783	101,58229	-147,45685
27460	101,58228	-146,80148	100,92693	-145,49075
27480	100,92693	-144,18002	100,27158	-143,52466
27500	100,27156	-142,86928	98,96085	-140,9032
27520	98,96083	-140,24783	98,30548	-138,9371
27540	97,65011	-138,28173	97,65011	-136,31564
27560	97,6501	-135,00491	96,99476	-133,03881
27580	96,99475	-131,07271	96,3394	-127,79589
27600	96,33939	-125,82978	95,68404	-122,55297
27620	95,68403	-121,24222	95,02869	-118,62077
27640	94,37331	-117,9654	93,71797	-115,34395
27660	93,71795	-114,68858	93,0626	-113,37785
27680	93,06259	-113,37784	92,40724	-111,41175
27700	92,40723	-110,75639	91,75188	-109,44567
27720	91,75187	-110,10102	92,40724	-108,7903
27740	91,75187	-109,44566	91,75188	-108,7903
27760	92,40723	-109,44566	91,75188	-108,7903
27780	92,40723	-108,79029	92,40724	-108,13493
27800	92,40722	-108,79029	92,40724	-108,79029
27820	93,06259	-108,79029	92,40723	-108,79029
27840	93,06258	-108,13493	92,40723	-108,79029
27860	93,06258	-108,13493	92,40723	-108,13493
27880	92,40722	-108,79028	93,0626	-108,79029
27900	93,06259	-108,79029	93,0626	-108,13493
27920	93,06259	-108,79028	93,0626	-108,13493
27940	93,06258	-108,79028	93,0626	-108,13493
27960	93,06258	-108,79028	93,0626	-108,13493
27980	93,06258	-108,79028	92,40723	-108,13493
28000	92,40721	-108,79029	92,40722	-108,79029
28020	92,40721	-108,79029	92,40722	-108,13493
28040	92,4072	-108,79029	91,75185	-108,7903
28060	91,75184	-109,44566	91,75184	-109,44566
28080	91,09647	-110,10102	91,09647	-110,10103
28100	91,09645	-110,75639	91,09646	-110,7564
28120	90,44108	-112,06713	90,44108	-112,06714
28140	90,44107	-113,37786	90,44108	-113,37787
28160	90,44107	-114,03324	90,44107	-115,34397
28180	90,44107	-116,6547	89,78572	-116,65471
28200	89,78571	-117,96544	89,13036	-118,62082
28220	89,13035	-121,24228	88,475	-122,55303
28240	88,47499	-125,17449	88,475	-130,41744
28260	88,475	-141,55865	89,78576	-159,9089
28280	91,75187	-185,46813	91,75179	-210,37196
28300	91,09633	-232,65433	86,50868	-247,72766
28320	87,16392	-256,90274	85,85318	-261,49028
28340	85,85317	-264,76708	87,16394	-268,04387
28360	90,44076	-270,66528	91,09616	-271,97598
28380	93,06224	-272,63134	94,373	-271,97598
28400	93,71767	-270,66526	93,71768	-266,7331
28420	93,06233	-260,83486	95,02842	-256,24733
28440	96,99452	-251,00442	98,30524	-243,14004
28460	99,61597	-237,24176	100,27136	-230,03275
28480	100,27135	-223,47911	98,96062	-215,61475
28500	98,30525	-209,71646	96,99455	-201,8521
28520	96,33919	-196,60918	95,68385	-190,71091
28540	95,02848	-186,12335	94,37314	-180,88045
28560	93,71777	-178,25899	93,71779	-174,32681
28580	93,71777	-171,04999	93,06243	-167,11781
28600	93,06241	-165,15172	92,40707	-162,53027
28620	92,40706	-161,21953	91,75171	-159,25345
28640	92,40706	-157,94272	91,7517	-155,97664
28660	91,09633	-154,66591	91,09634	-152,04446
28680	90,44096	-151,38909	91,09633	-149,423
28700	90,44096	-148,76763	90,44097	-147,45691
28720	89,7856	-146,14618	89,78561	-144,83546
28740	89,7856	-144,18009	89,78561	-142,214
28760	89,13024	-141,55863	89,13025	-139,59254
28780	87,81953	-138,93717	88,47489	-137,62645
28800	88,47489	-137,62644	87,81954	-136,31572
28820	87,81953	-136,31572	87,16418	-135,005
28840	87,16417	-135,66035	87,16418	-134,34963
28860	86,50881	-133,69426	86,50881	-133,03891
28880	85,85345	-133,0389	85,85346	-131,72818
28900	85,85345	-131,72818	85,1981	-131,07282
28920	84,54273	-131,07281	84,54274	-129,10673
28940	83,88737	-128,45136	83,23202	-127,14063
28960	83,88738	-127,796	83,88738	-125,82992
28980	84,54273	-123,86383	83,88738	-121,24238
29000	83,88736	-119,93166	83,23201	-116,65486
29020	83,232	-114,68876	83,23201	-112,06731
29040	83,232	-110,75658	83,232	-108,13513
29060	83,23199	-107,47976	83,23199	-106,16904
29080	83,88733	-106,16902	83,88734	-104,8583
29100	83,23197	-104,8583	83,23197	-104,20293
29120	82,5766	-104,20292	82,5766	-104,20292
29140	82,57659	-104,85827	82,57659	-103,54754
29160	82,57658	-103,54754	82,57659	-103,54754
29180	82,57657	-104,85825	82,57658	-104,20289
29200	81,92121	-104,85824	81,92121	-104,85824
29220	81,92119	-105,5136	81,9212	-104,20288
29240	81,26583	-106,16895	81,26584	-106,82432
29260	80,61047	-107,47967	80,61048	-107,47968
29280	80,61047	-108,13504	80,61049	-108,7904
29300	80,61048	-109,44576	80,61049	-109,44577
29320	80,61048	-110,10112	80,61049	-110,10112
29340	80,61049	-109,44576	80,6105	-109,44577
29360	79,95513	-110,10112	79,95514	-110,10113
29380	79,95513	-110,75648	79,29978	-110,10113
29400	79,29977	-110,10113	78,64442	-110,10113
29420	78,64441	-110,75649	77,98907	-110,10113
29440	77,98906	-110,10113	77,98908	-109,44576
29460	77,98907	-110,10112	77,98909	-109,44576
29480	77,98907	-109,44576	77,33373	-109,44576
29500	77,33372	-108,7904	77,9891	-108,7904
29520	77,33373	-110,10112	77,33373	-109,44577
29540	77,33373	-110,10112	76,67838	-110,10113
29560	76,67837	-110,10113	76,67837	-109,44577
29580	76,67837	-110,10113	76,67837	-109,44577
29600	76,67836	-110,10113	76,67838	-109,44578
29620	76,67837	-110,7565	76,67838	-110,7565
29640	76,67837	-111,41186	76,67838	-110,10115
29660	76,67837	-111,41187	76,67839	-110,75651
29680	76,67838	-112,06723	76,67839	-111,41188
29700	77,33374	-112,7226	77,33375	-112,06725
29720	77,33374	-112,7226	77,33375	-112,72261
29740	77,33374	-114,03334	77,33374	-114,03335
29760	77,33373	-114,03335	77,33374	-114,03335
29780	77,98909	-114,03335	77,33373	-113,378
29800	77,33373	-114,03335	77,33374	-113,378
29820	77,98909	-114,03336	77,33374	-114,03337
29840	77,98909	-114,68872	77,9891	-113,37801
29860	77,98909	-114,68872	77,9891	-114,03337
29880	77,98909	-114,68872	77,98909	-114,03337
29900	78,64444	-115,34409	78,64445	-115,99947
29920	78,64444	-117,3102	78,64445	-117,3102
29940	78,64443	-117,96557	78,64444	-117,96558
29960	78,64443	-119,2763	77,98908	-119,27631
29980	77,98907	-120,58704	78,64443	-120,58705
