T	LX	LY	RX	RY
0	0	0	0	0
20	0,65535	0,65537	0,65536	9,9999999960687E-6
40	1,31072	1,9999999999243E-5	0,65536	1,9999999999243E-5
60	1,31072	0,65538	0,65536	1,9999999999243E-5
80	1,31072	0,65539	0,65537	1,9999999999243E-5
100	1,31072	0,65538	0,65536	1,9999999999243E-5
120	1,31072	1,31075	0,65537	1,9999999999243E-5
140	1,31072	0,65539	0,65537	0,65537999999999
160	1,31072	0,65539	1,31073	0,65537999999999
180	1,31072	0,65539	1,31073	0,65537999999999
200	1,31072	1,31076	1,31073	0,65539
220	1,31072	1,31076	1,31072	0,65537999999999
240	1,96608	1,31075	1,31073	0,65539
260	1,96608	0,65539	1,31072	1,9999999999243E-5
280	1,96608	1,31076	1,31073	0,65539
300	1,96608	0,65539	1,96609	0,65537999999999
320	2,62144	1,31075	1,31073	0,65539
340	1,96608	0,65539	1,31074	-0,65534
360	1,31073	3,0000000002417E-5	0,65537999999999	1,9999999999243E-5
380	1,31074	1,31076	0,65537	0,65539
400	0,65537	0,6554	1,0000000003174E-5	0,65539
420	0,65537	1,31077	2,0000000006348E-5	1,31076
440	1,0000000003174E-5	1,31077	-0,65534	1,31077
460	-0,65534	1,96614	-1,31069	1,96614
480	-0,65533	2,62151	-1,31068	1,96614
500	-0,65532	2,62151	-1,96604	2,6215
520	-1,31067	2,62151	-1,96603	2,62151
540	-1,31067	3,27688	-1,96602	2,62151
560	-1,31067	3,93224	-1,96602	3,27687
580	-1,31067	3,93224	-1,96602	3,27687
600	-1,31066	3,93225	-1,96602	3,93224
620	-1,31067	4,5876	-1,96602	3,93224
640	-1,31066	3,93225	-1,96602	3,93224
660	-1,31066	4,58762	-1,96602	4,58761
680	-1,31066	5,24298	-2,62138	4,58761
700	-1,96602	5,24298	-1,96602	5,24298
720	-1,96602	5,89835	-2,62137	5,24298
740	-1,96602	5,89835	-1,96601	5,24299
760	-1,31065	5,89835	-1,96601	5,24299
780	-1,31065	5,89836	-1,96601	5,89835
800	-1,31065	5,89836	-1,966	5,24299
820	-1,31065	5,89836	-1,966	5,24299
840	-1,31064	5,89837	-1,966	5,89836
860	-1,31064	6,55373	-1,966	5,89836
880	-1,966	6,55373	-2,62135	5,89837
900	-1,96599	6,55374	-2,62135	6,55373
920	-1,96599	7,2091	-2,62134	6,55373
940	-1,96598	7,2091	-3,2767	6,55373
960	-1,96598	7,2091	-2,62134	7,20909
980	-1,96598	7,2091	-2,62134	6,55373
1000	-1,96598	7,2091	-2,62133	6,55373
1020	-1,96598	7,2091	-2,62133	6,55373
1040	-1,96598	7,2091	-3,27669	6,55373
1060	-2,62133	7,2091	-3,93206	6,55373
1080	-3,2767	7,2091	-3,27671	6,55373
1100	-2,62135	7,20909	-3,27671	5,89837
1120	-2,62136	6,55374	-2,62135	6,55373
1140	-1,966	7,2091	-2,62136	6,55373
1160	-0,65522	7,20909	0,65559999999999	7,20907
1180	0,65561	7,20907	-0,65511	7,20907
1200	0,00025000000000119	7,86444	-0,65511	7,20907
1220	0,00023999999999802	7,86444	-0,65511	7,20907
1240	0,65560000000001	7,20908	-0,65512	7,20907
1260	0,65560000000001	7,20908	-0,65512	6,55371
1280	0,65560000000001	7,20908	0,00024000000000513	6,55371
1300	0,65559	7,20907	0,00023000000000195	5,89834
1320	1,31095	7,20906	4,58786	7,20906
1340	7,2094	7,86443	5,89867	7,20907
1360	5,89866	7,86443	5,2433	7,20906
1380	6,55401	7,86443	5,89865	7,20906
1400	6,55401	7,86443	5,89865	7,20906
1420	6,554	7,20907	5,24328	6,5537
1440	6,554	7,20906	5,24328	6,5537
1460	5,89864	7,20906	5,89863	6,55369
1480	6,55399	6,5537	5,24328	6,5537
1500	6,55399	7,20906	5,24327	5,89833
1520	6,55399	6,55371	5,89863	5,89833
1540	6,55399	6,55371	5,24327	5,24297
1560	6,55398	5,89834	4,58787	4,58761
1580	5,24323	5,24298	4,58788	4,58761
1600	5,24323	5,24299	4,58787	3,93226
1620	5,24322	4,58763	5,24322	3,93226
1640	5,24322	4,58763	4,58785	3,93227
1660	5,2432	4,58764	5,2432	3,93227
1680	6,55393	4,58764	12,45237	5,243
1700	17,04009	6,55373	15,07401	5,89836
1720	14,41862	7,20909	13,76326	6,55373
1740	15,07397	7,20909	13,76326	7,20909
1760	14,4186	7,2091	14,4186	7,20909
1780	15,07395	6,55374	14,41858	6,55373
1800	15,07393	6,55374	14,41856	6,55373
1820	15,72927	6,55373	15,07392	5,89836
1840	15,72926	6,55373	15,0739	5,89837
1860	15,72924	6,55373	15,07389	5,89837
1880	15,72924	5,89838	15,07387	5,24301
1900	15,72923	5,89838	15,07387	5,24301
1920	15,07385	5,89838	14,41849	5,24301
1940	15,07384	5,24302	14,41847	4,58766
1960	15,07383	5,24302	14,41846	4,58766
1980	14,41845	4,58766	13,76309	4,58766
2000	13,76307	3,93229	11,14157	1,96619
2020	11,79691	2,62156	11,14156	2,62155
2040	11,79692	3,27692	11,14156	2,62155
2060	11,14155	3,27692	10,4862	2,62155
2080	10,48619	3,93228	9,83084	3,27691
2100	9,83084	3,93227	9,17548	3,93225
2120	8,52012	4,58762	10,48625	5,24298
2140	18,35083	7,86444	21,62784	7,20908
2160	19,66174	7,86444	18,35099	7,86443
2180	18,351	8,5198	17,69563	7,86443
2200	18,35099	9,17516	17,04027	8,5198
2220	17,69562	9,17516	17,04026	7,86444
2240	18,35096	8,51981	17,04024	7,86443
2260	17,6956	7,86445	17,04024	7,20908
2280	17,69558	7,86445	17,04022	7,20908
2300	17,69558	7,20908	17,04022	6,55372
2320	18,35093	6,55372	17,04021	5,89836
2340	18,35093	5,89836	17,04021	5,24299
2360	18,35092	5,89836	17,69557	5,24299
2380	18,35092	5,89836	17,69556	4,58763
2400	18,35092	5,243	17,69555	4,58763
2420	17,69551	4,58763	15,07402	3,27689
2440	16,38474	4,58762	15,72939	3,93226
2460	16,38474	4,58763	15,72938	3,93226
2480	15,72938	3,93226	15,72938	3,93225
2500	16,38473	3,93226	15,07402	3,27689
2520	16,38473	3,2769	15,07401	3,27689
2540	15,72937	3,93226	15,72937	2,62153
2560	16,38472	3,2769	15,72937	3,27689
2580	15,72936	3,2769	15,074	2,62154
2600	15,72936	3,2769	15,07401	2,62154
2620	15,72937	3,2769	15,074	2,62153
2640	15,72937	2,62154	15,074	1,96617
2660	15,72936	2,62154	14,41865	1,96618
2680	15,07401	2,62154	14,41865	1,96617
2700	15,07401	2,62154	14,41866	1,31082
2720	15,07401	1,96618	14,41866	1,96618
2740	15,07401	1,96619	14,41865	1,31082
2760	15,07401	1,96618	14,41866	1,31081
2780	17,69553	1,96618	20,31708	1,31081
2800	20,31708	1,31081	19,00635	1,3108
2820	19,66171	1,96617	19,00635	1,31081
2840	20,31706	1,96617	19,00635	1,96617
2860	20,31706	1,96617	19,66171	1,96616
2880	19,6617	1,96617	19,6617	1,31081
2900	19,6617	1,96617	19,6617	1,3108
2920	20,31706	1,96617	19,6617	1,31081
2940	20,31706	1,96618	19,6617	1,31081
2960	20,31705	1,96618	19,66169	1,31081
2980	22,28316	1,96618	29,49234	2,62153
3000	32,76925	2,62154	30,14778	2,62153
3020	30,14776	3,2769	29,4924	2,62153
3040	30,14774	3,93226	29,49237	2,62153
3060	29,49236	3,2769	28,83699	2,62153
3080	29,49233	3,2769	28,1816	3,2769
3100	28,83695	3,93227	27,52622	3,2769
3120	28,18156	3,93228	26,87084	3,27691
3140	26,87082	3,27692	25,56009	3,27691
3160	26,21543	3,27692	25,56007	3,27691
3180	25,56006	3,93228	24,9047	3,27691
3200	25,56005	3,93228	24,90469	3,27691
3220	25,56004	3,93228	24,90468	3,93227
3240	25,56004	3,93228	24,90468	3,93228
3260	25,56004	3,93228	24,90468	3,93227
3280	25,56004	4,58763	24,24932	3,93227
3300	24,90468	3,93227	24,90467	3,2769
3320	24,90466	3,93227	22,93854	3,2769
3340	22,93853	3,93227	22,28318	3,27691
3360	22,93854	3,93228	22,28318	3,27691
3380	22,93854	3,93228	22,28318	3,27691
3400	22,93854	3,93228	22,28318	3,27691
3420	22,93855	3,93228	21,62783	3,27691
3440	22,93855	3,93228	22,28319	3,27692
3460	22,28319	3,93229	21,62783	3,27692
3480	22,28319	3,93229	25,56008	3,93228
3500	40,63369	4,58764	44,56607	3,27691
3520	42,59994	4,58763	40,63384	4,58763
3540	41,94456	5,89837	41,28919	5,243
3560	41,94452	5,24301	40,6338	5,243
3580	41,28913	5,24302	39,9784	4,58765
3600	39,97837	5,24302	39,32299	4,58765
3620	39,97832	5,24302	38,01223	3,93231
3640	38,66757	4,58767	37,35684	3,93231
3660	37,35681	4,58768	36,04608	3,93231
3680	36,70143	5,24304	36,04606	4,58767
3700	36,04604	5,24304	34,73531	4,58768
3720	35,39065	4,58768	34,73528	4,58767
3740	34,73527	5,24304	34,0799	4,58768
3760	34,73526	5,24305	33,42454	4,58768
3780	33,42452	5,24305	32,76916	4,58768
3800	33,42451	5,24305	32,11379	4,58768
3820	32,76914	5,24305	32,11378	4,58768
3840	32,11377	5,24305	31,45841	4,58767
3860	23,59381	-1,31059	8,51989	-13,76248
3880	-11,14153	-27,52507	-21,62756	-28,18044
3900	-18,35076	-24,90361	-17,04004	-24,24824
3920	-16,38467	-22,28214	-17,04001	-21,62677
3940	-16,38464	-20,31604	-17,03998	-20,31604
3960	-16,38462	-18,34994	-17,03999	-18,34994
3980	-16,38463	-17,69457	-17,04	-17,69457
4000	-16,38466	-17,0392	-17,04002	-17,69456
4020	-15,72932	-17,03919	-14,41859	-17,69454
4040	-13,10784	-17,03915	-14,41855	-17,03916
4060	-13,76321	-15,72843	-14,41857	-16,3838
4080	-14,41858	-15,72844	-15,72929	-15,72845
4100	-15,07393	-15,07309	-16,38464	-15,07311
4120	-16,38464	-14,41775	-16,38462	-14,41775
4140	-15,72924	-13,10701	-16,38456	-13,76239
4160	-15,7292	-13,10703	-17,03989	-13,10704
4180	-16,38452	-11,79632	-17,69522	-11,14097
4200	-17,03985	-10,48561	-17,03983	-10,48562
4220	-16,38446	-9,83026	-17,0398	-9,83027
4240	-16,38444	-8,51955	-15,72906	-7,8642
4260	-14,41832	-7,20884	-14,41831	-7,20885
4280	-13,76293	-6,55349	-13,76291	-6,5535
4300	-12,45218	-5,89813	-12,45216	-5,89814
4320	-11,14143	-4,58742	-11,79677	-4,58743
4340	-10,48603	-3,93206	-10,48601	-3,93208
4360	-9,83065	-3,27671	-9,83064	-3,93208
4380	-8,51992	-3,27672	-9,83063	-3,93208
4400	-9,17527	-3,27672	-9,83063	-3,27673
4420	-9,17527	-2,62136	-9,83062	-3,27673
4440	-9,17526	-3,27672	-9,83062	-3,9321
4460	-9,17526	-3,27673	-9,83061	-3,27673
4480	-9,17526	-3,27673	-9,83061	-3,27674
4500	-9,83062	-3,27673	-10,48597	-3,93209
4520	-9,83062	-3,27673	-10,48598	-3,93209
4540	-10,48599	-3,93209	-11,14135	-4,58745
4560	-10,486	-3,93209	-11,14135	-4,58745
4580	-9,83064	-4,58745	-11,79674	-5,89818
4600	-11,79678	-5,89817	-11,79675	-5,89817
4620	-11,14139	-5,2428	-11,79675	-5,89816
4640	-11,14139	-5,2428	-11,79675	-5,89817
4660	-11,14139	-5,2428	-11,79675	-5,89816
4680	-11,14139	-5,2428	-12,4521	-5,2428
4700	-11,79674	-4,58744	-12,4521	-5,2428
4720	-11,79674	-4,58744	-12,4521	-5,2428
4740	-11,79674	-4,58744	-12,4521	-5,2428
4760	-11,79674	-3,93208	-13,10745	-4,58744
4780	-12,4521	-4,58744	-13,10746	-5,2428
4800	-12,4521	-4,58743	-13,10746	-4,58744
4820	-12,4521	-3,93208	-9,83056	-1,96601
4840	-3,27673	-0,65528	-3,27664	-1,31065
4860	-3,93205	-0,65528	-5,89813	-0,65529
4880	-4,58741	0,65544	-5,24277	6,9999999993797E-5
4900	-4,58742	0,65545	-5,24278	0,65544
4920	-4,58742	1,31081	-5,24278	0,65544
4940	-4,58742	1,3108	-5,24278	0,65543
4960	-4,58743	0,65544	-5,24279	6,9999999993797E-5
4980	-4,58743	0,65544	-5,2428	6,9999999993797E-5
5000	-4,58745	0,65544	-4,58745	6,9999999993797E-5
5020	-3,9321	8,0000000004077E-5	-3,93211	-0,65529
5040	-3,27676	8,0000000004077E-5	-3,93212	-0,65529
5060	-3,27676	8,0000000004077E-5	-3,93212	-0,65529
5080	-2,62141	8,0000000004077E-5	-3,27676	-1,31065
5100	-2,62141	-0,65529	-3,27677	-1,31065
5120	-2,62141	-0,65529	-3,27677	-1,31065
5140	-2,62141	-1,31065	-3,27677	-1,31066
5160	-2,62141	-1,31065	-3,27677	-1,31066
5180	-2,62142	-1,31065	-3,27677	-1,96601
5200	-2,62142	-1,31065	-2,62142	-1,96602
5220	-1,96607	-1,96602	-3,27679	-1,96602
5240	-1,96607	-1,96602	-3,27679	-2,62138
5260	-1,96608	-1,96602	-2,62144	-1,96603
5280	-1,96608	-1,96602	-2,62144	-2,62139
5300	-1,96609	-2,62138	-1,96608	-2,62139
5320	-1,31073	-2,62138	-1,96609	-3,27675
5340	-0,65536	-1,96603	1,96622	-1,31067
5360	7,2093	-0,65529	7,20937	-1,31067
5380	5,89863	6,0000000004834E-5	5,24327	4,9999999994554E-5
5400	5,89863	0,65543	5,24327	5,9999999997729E-5
5420	5,89862	0,65543	5,24327	5,9999999997729E-5
5440	5,24326	0,65543	5,24326	5,9999999997729E-5
5460	5,24326	7,0000000000903E-5	4,5879	5,9999999997729E-5
5480	5,24326	0,65543	4,5879	5,9999999997729E-5
5500	5,24326	0,65543	4,5879	5,9999999997729E-5
5520	4,58789	0,65543	3,93254	6,9999999993797E-5
5540	4,5879	0,65543	3,27718	0,65543
5560	1,96642	-0,6553	0,00030999999999892	-1,96604
5580	1,31102	-0,65531	0,65567	-1,31067
5600	1,31102	7,0000000000903E-5	0,00030999999999892	5,9999999997729E-5
5620	0,65566	0,65543	0,00029999999999575	6,9999999993797E-5
5640	0,65564999999999	1,3108	0,00028999999999257	0,65544
5660	0,65564000000001	1,31081	0,00028999999999257	0,65544
5680	0,00028999999999968	1,31081	-0,65506	1,96616
5700	0,00028999999999968	1,96617	-1,31042	1,96616
5720	-0,65506	2,62153	-1,31041	1,96617
5740	-1,31041	2,62153	-1,96576	1,96617
5760	3,27724	4,58763	7,86502	4,58763
5780	8,52044	5,89837	6,55433	5,89836
5800	6,55434	6,55373	5,89899	6,55373
5820	6,55434	7,20909	5,89898	7,20909
5840	6,55434	7,2091	5,89898	7,20909
5860	6,55433	7,86446	5,89898	7,20909
5880	6,55434	7,86446	5,89898	7,20909
5900	6,55434	7,86446	5,89898	7,20909
5920	6,55433	7,2091	6,55434	6,55373
5940	7,20968	6,55374	6,55433	6,55372
5960	7,20968	6,55373	6,55432	5,89836
5980	7,86504	6,55373	6,55432	5,89836
6000	7,20967	5,89836	6,55431	5,24299
6020	10,48653	5,89836	12,45267	5,24298
6040	12,45266	5,24299	11,79729	5,24297
6060	12,45265	5,24298	11,79729	4,58761
6080	12,45264	5,24298	12,45264	3,93225
6100	13,10799	4,58761	12,45264	3,93225
6120	13,10799	3,93225	12,45264	3,27688
6140	13,76335	4,58761	12,45264	3,93224
6160	13,76335	4,58761	-64,22449	3,93224
6180	13,76335	3,93225	13,10798	3,93224
6200	15,07407	4,58761	24,90468	4,5876
6220	37,35679	5,24296	35,39074	4,58759
6240	34,73534	5,24296	34,73534	5,24296
6260	35,3907	6,55369	34,73534	5,89832
6280	35,39069	7,20905	34,73533	6,55368
6300	35,39069	7,20905	34,73533	6,55368
6320	35,39068	7,20905	34,73532	7,20904
6340	35,39068	7,20905	34,73532	7,20905
6360	34,73532	7,86442	34,07996	7,20905
6380	34,07996	7,86442	33,4246	7,86441
6400	33,4246	8,51978	32,76924	7,86442
6420	33,4246	8,51978	32,76924	7,86441
6440	33,4246	8,51978	32,76924	7,86442
6460	33,4246	8,51979	32,76924	7,86442
6480	33,4246	8,51979	32,76924	7,86442
6500	33,4246	8,51979	32,11388	7,20906
6520	33,42459	7,86443	32,11388	7,20906
6540	32,11387	7,86443	31,45851	6,5537
6560	32,11386	7,20907	31,4585	6,5537
6580	31,4585	6,55371	30,80315	6,5537
6600	31,4585	6,55371	30,14779	5,89834
6620	31,4585	6,55371	30,80314	6,5537
6640	31,4585	6,55371	30,80315	5,89834
6660	30,80314	7,20907	30,14778	6,5537
6680	30,80314	7,20907	31,45852	5,89834
6700	41,94446	7,20907	47,84293	6,55371
6720	46,53221	7,20908	43,91072	7,20906
6740	45,22144	7,86444	43,91072	7,86443
6760	44,56608	8,5198	43,91072	8,5198
6780	44,56606	9,17516	43,25535	8,51979
6800	44,56607	9,17516	43,9107	8,51979
6820	45,22141	9,17515	44,56605	8,51979
6840	44,56604	9,17515	43,91067	8,51979
6860	45,22139	9,17516	43,91068	9,17514
6880	44,56603	9,83051	43,25531	9,17515
6900	43,91067	9,83051	42,59995	9,8305
6920	43,2553	9,83051	42,59995	9,8305
6940	42,59994	10,48587	41,94458	9,8305
6960	42,59993	9,8305	41,94458	9,83049
6980	42,59993	10,48586	41,94457	9,83049
7000	42,59993	9,83049	41,94458	9,17513
7020	42,59993	9,8305	41,94458	9,17513
7040	42,59993	9,8305	41,94458	9,83049
7060	42,59994	9,8305	41,94458	9,83049
7080	42,59994	9,8305	38,01231	6,55367
7100	16,38485	-1,31068	-4,58739	-12,45184
7120	-11,79674	-15,72863	-10,48596	-13,10717
7140	-7,20909	-11,14107	-9,17517	-9,83034
7160	-8,51981	-7,86424	-9,17516	-7,20888
7180	-9,17515	-5,24278	-9,83051	-5,89814
7200	-9,8305	-4,58741	-10,48586	-5,24278
7220	-9,83051	-4,58741	-10,48586	-4,58742
7240	-10,48587	-3,93205	-11,14122	-3,93206
7260	-10,48588	-3,93205	-11,14124	-4,58742
7280	-11,79664	-5,89814	-16,38429	-9,17496
7300	-17,03712	-8,5196	-17,03965	-9,17497
7320	-16,3843	-8,5196	-17,69502	-8,51961
7340	-17,69503	-7,86425	-18,35038	-7,86426
7360	-17,69503	-7,20889	-18,35038	-7,20891
7380	-17,69501	-5,89818	-18,35036	-5,89819
7400	-17,69498	-4,58747	-17,69494	-3,93212
7420	-16,3842	-3,27676	-17,69489	-2,62141
7440	-16,38415	-1,31069	-17,69485	-1,96606
7460	-17,03947	-0,65533	-18,35017	-1,31071
7480	-17,69481	1,9999999999243E-5	-17,69479	-0,65535000000001
7500	-17,03943	-0,65535	-17,6948	-1,31072
7520	-17,03945	-1,31071	-17,03945	-1,96607
7540	-17,03947	-1,96607	-17,03947	-2,62143
7560	-17,03948	-2,62143	-17,69484	-3,2768
7580	-16,38414	-3,2768	-17,0395	-3,93216
7600	-16,38414	-3,2768	-17,69486	-3,93217
7620	-17,03952	-3,93217	-17,69487	-4,58753
7640	-17,03952	-3,93216	-17,69488	-4,58753
7660	-16,38416	-3,93217	-17,69488	-4,58754
7680	-16,38417	-3,93217	-17,03952	-4,58754
7700	-16,38417	-4,58753	-17,03953	-5,2429
7720	-16,38418	-4,58754	-16,38418	-5,24291
7740	-14,41808	-4,58754	-10,48568	-3,93219
7760	-7,86414	-3,93218	-10,48561	-3,93219
7780	-9,83027	-2,62146	-10,48562	-3,93219
7800	-9,17491	-3,27682	-9,83028	-3,93219
7820	-9,17493	-3,27682	-9,83029	-3,93219
7840	-9,17493	-3,93218	-9,17494	-4,58755
7860	-8,51959	-3,93218	-9,17495	-4,58755
7880	-8,51959	-3,93218	-9,17496	-4,58755
7900	-8,5196	-4,58754	-9,17496	-5,24291
7920	-8,51961	-5,24291	-9,17496	-5,89827
7940	-8,51961	-5,24291	-8,51961	-5,89827
7960	-7,86426	-5,24291	-8,51962	-6,55363
7980	-7,86427	-5,89827	-8,51962	-6,55364
8000	-7,86427	-6,55363	-7,86427	-7,20901
8020	-7,20892	-7,209	-7,86428	-8,51973
8040	-6,55357	-7,86436	-7,86428	-8,51973
8060	-6,55357	-8,51973	-7,86429	-9,17509
8080	-7,20894	-9,17509	-7,8643	-9,1751
8100	-7,20895	-8,51973	-8,51967	-9,1751
8120	-7,20894	-8,51973	-2,62122	-7,86437
8140	5,24339	-6,55364	5,24347	-7,20902
8160	3,9327	-6,55365	3,27734	-6,55365
8180	3,27733	-5,89829	2,62197	-5,89829
8200	3,27732	-5,24292	2,62196	-5,89829
8220	3,27731	-5,24292	2,62195	-5,24293
8240	3,27731	-4,58756	1,96659	-4,58757
8260	2,62195	-3,9322	1,96658	-4,58756
8280	1,96658	-3,93219	1,31123	-4,58756
8300	2,62194	-4,58755	1,96658	-4,58756
8320	1,96657	-4,58755	1,96657	-5,24291
8340	1,96657	-4,58755	1,96656	-5,24292
8360	2,62192	-4,58755	1,96655	-5,24292
8380	2,62191	-5,24291	1,96654	-5,89828
8400	2,6219	-5,24291	1,31116	-7,209
8420	0,00037000000000376	-7,209	0,00037000000000376	-7,86437
8440	0,65573000000001	-7,209	0,00037000000000376	-7,86437
8460	0,65573000000001	-7,209	0,00037000000000376	-7,86436
8480	0,65573000000001	-7,209	0,00037000000000376	-7,86436
8500	0,65573000000001	-7,20899	0,00037000000000376	-7,86436
8520	0,65573000000001	-7,20899	0,00037000000000376	-7,86436
8540	0,65573000000001	-7,20899	-0,65499	-7,86436
8560	0,00037000000000376	-6,55363	-0,65499	-7,86435
8580	1,96651	-5,89826	15,07406	-4,58755
8600	23,59396	-5,24291	19,66178	-5,89828
8620	19,66174	-4,58754	19,0064	-4,58755
8640	19,66175	-3,93218	19,00639	-4,58755
8660	19,66174	-3,27682	18,35102	-3,93219
8680	19,00638	-3,27682	18,35102	-3,93218
8700	19,00637	-3,93218	19,00638	-3,93218
8720	19,00637	-3,27682	18,351	-3,93219
8740	19,00635	-3,27682	18,35099	-3,93219
8760	19,00635	-3,93218	18,35099	-4,58755
8780	19,00635	-3,93218	18,35098	-4,58755
8800	19,00634	-3,93218	18,35098	-4,58755
8820	19,00633	-3,93218	18,35098	-4,58755
8840	20,31705	-4,58755	19,00634	-5,24292
8860	19,66169	-3,93219	18,35098	-4,58755
8880	19,00634	-3,93219	18,35099	-3,93219
8900	19,00635	-3,27683	18,35099	-3,93219
8920	19,00635	-3,27682	18,35099	-3,93219
8940	19,00635	-3,27683	18,35099	-3,93219
8960	19,00635	-3,27683	17,69563	-3,93219
8980	18,35098	-3,27683	17,69562	-3,93219
9000	18,35098	-3,27683	17,69562	-3,93219
9020	18,35098	-3,93219	17,69562	-3,93219
9040	18,35098	-3,93219	17,69562	-3,9322
9060	18,35098	-3,93219	17,69563	-3,9322
9080	18,35099	-3,27683	17,69563	-3,9322
9100	18,35099	-3,27683	17,69563	-3,9322
9120	18,35099	-3,27682	17,69564	-3,9322
9140	18,351	-3,27683	17,69564	-3,9322
9160	18,35099	-3,27683	17,69564	-3,9322
9180	18,351	-3,27683	18,351	-3,93219
9200	18,351	-3,27682	17,69564	-3,27683
9220	18,351	-2,62146	17,69564	-3,27683
9240	18,351	-2,62146	17,69564	-3,27683
9260	18,35099	-3,27682	17,69564	-3,27683
9280	18,351	-2,62146	17,04028	-3,27683
9300	18,35099	-2,62146	17,69563	-2,62147
9320	18,35098	-2,62147	17,69563	-3,27683
9340	18,35099	-1,9661	17,04027	-2,62147
9360	18,35099	-1,9661	17,69563	-2,62147
9380	18,35099	-1,9661	17,04027	-1,96611
9400	18,35099	-1,9661	17,04027	-1,96611
9420	17,69563	-1,9661	17,04027	-2,62146
9440	17,69563	-1,9661	17,04027	-1,9661
9460	17,69563	-1,9661	17,04028	-1,9661
9480	17,04027	-1,31074	16,38492	-2,62146
9500	17,04028	-1,31074	16,38493	-1,9661
9520	17,04028	-1,31074	16,38493	-2,62146
9540	17,69564	-1,9661	16,38493	-1,9661
9560	19,66177	-1,9661	22,28327	-2,62147
9580	22,28327	-1,9661	21,6279	-2,62146
9600	21,6279	-1,31074	21,62791	-2,62147
9620	22,28327	-1,9661	21,62792	-2,62147
9640	22,28327	-1,9661	21,62792	-1,96611
9660	22,28328	-1,9661	21,62793	-2,62147
9680	22,28328	-1,9661	21,62793	-2,62147
9700	22,28329	-2,62146	21,62793	-3,27683
9720	22,28328	-2,62146	21,62793	-3,27683
9740	22,28329	-2,62146	21,62793	-3,27683
9760	21,62793	-1,9661	20,97258	-2,62147
9780	21,62793	-1,31074	20,97258	-2,62147
9800	21,62793	-1,31074	20,97258	-2,62147
9820	21,62794	-1,9661	20,31721	-1,96611
9840	20,31719	-1,96611	20,31721	-2,62147
9860	20,97256	-1,96611	19,66185	-1,96611
9880	21,62792	-1,31075	20,97257	-1,96612
9900	20,97256	-1,31075	20,3172	-1,96612
9920	20,97256	-1,96611	20,3172	-1,96612
9940	20,97254	-1,96611	20,31718	-2,62148
9960	22,28326	-1,31075	32,11385	-1,96611
9980	41,94452	-1,31074	40,63386	-1,96611
10000	39,97846	-1,31074	39,32565	-1,31074
10020	39,97846	-0,65537	38,66775	-1,31074
10040	39,3231	-9,9999999960687E-6	38,66775	-0,65538
10060	39,3231	-9,9999999960687E-6	38,66774	-0,65538
10080	39,32309	-1,9999999999243E-5	38,66774	-0,65538
10100	38,66774	-9,9999999960687E-6	38,01238	-0,65538
10120	38,66773	0,65535000000001	38,01238	-1,0000000003174E-5
10140	38,66773	-9,9999999960687E-6	38,01237	-1,9999999999243E-5
10160	38,01237	-9,9999999960687E-6	37,357	-1,9999999999243E-5
10180	38,01236	0,65535000000001	37,357	-1,9999999999243E-5
10200	38,01235	0,65535000000001	36,70164	-1,9999999999243E-5
10220	37,35699	0,65535000000001	36,70163	-1,9999999999243E-5
10240	39,97847	0,65535000000001	45,22157	-0,65537
10260	46,53243	-0,65537	44,56633	-0,65538
10280	43,91095	0,65535000000001	43,91097	-1,0000000003174E-5
10300	44,56632	0,65536	43,2556	0,65535
10320	44,56632	1,31072	43,25561	0,65535
10340	43,91096	1,31072	42,60025	0,65535
10360	43,91096	1,31072	43,25561	0,65535
10380	43,91097	1,31072	43,25561	0,65535
10400	43,91097	1,31071	43,25561	0,65535
10420	43,91097	1,31071	43,25561	0,65534
10440	43,91097	0,65535000000001	43,25561	0,65534
10460	43,91097	0,65535000000001	43,25561	-1,9999999999243E-5
10480	43,91097	0,65534	43,25561	-3,0000000002417E-5
10500	43,91096	0,65534	43,25561	-0,65539
10520	43,91096	-1,9999999999243E-5	43,2556	-0,65539
10540	43,91096	-1,9999999999243E-5	43,2556	-0,65539
10560	43,91096	-0,65539	43,2556	-1,31076
10580	43,91096	-2,9999999995312E-5	43,2556	-0,6554
10600	43,91096	-0,6554	43,2556	-1,31077
10620	43,91095	-1,31076	43,2556	-1,96613
10640	43,91094	-1,31076	42,60022	-1,96613
10660	45,22169	-1,31077	47,18788	-3,27686
10680	48,49863	-3,27686	47,1879	-3,27687
10700	47,84326	-1,96613	47,1879	-2,6215
10720	47,84326	-1,96613	47,1879	-1,96614
10740	47,84326	-1,96613	46,53254	-2,6215
10760	47,84326	-1,96613	46,53254	-2,6215
10780	47,1879	-1,31077	47,1879	-1,96614
10800	47,84325	-1,31077	47,1879	-1,96614
10820	47,84326	-1,31077	47,1879	-1,96613
10840	47,84325	-1,31076	45,22174	-3,27687
10860	34,08011	-7,86441	2,62201	-20,31629
10880	-13,76269	-28,83598	-19,0058	-29,49134
10900	-15,07359	-25,55915	-14,41821	-23,59305
10920	-15,07359	-20,97158	-17,03968	-19,66085
10940	-14,41824	-18,35012	-15,0736	-17,69475
10960	-14,41825	-16,38402	-15,07361	-17,03938
10980	-14,41825	-15,72865	-15,72897	-15,72866
11000	-15,07362	-15,72865	-15,72897	-15,72866
11020	-15,07362	-15,07329	-15,72898	-15,72865
11040	-15,07363	-15,07328	-15,72898	-15,72865
11060	-15,07363	-15,07329	-15,72898	-15,72866
11080	-15,07362	-15,07329	-16,38435	-15,72865
11100	-15,72899	-15,07329	-15,72899	-15,72866
11120	-15,07364	-15,72866	-15,729	-16,38402
11140	-15,72901	-16,38401	-15,729	-16,38402
11160	-15,07365	-16,38401	-15,729	-16,38402
11180	-15,07365	-16,38401	-15,729	-17,03938
11200	-15,72901	-16,38401	-16,38436	-16,38402
11220	-15,729	-16,38401	-16,38436	-16,38402
11240	-15,729	-16,38401	-16,38436	-17,03938
11260	-15,729	-16,38401	-16,38436	-17,03937
11280	-15,729	-16,38401	-16,38436	-17,03938
11300	-16,38436	-17,03937	-17,03972	-17,03938
11320	-16,38437	-17,03938	-16,38437	-17,69475
11340	-15,72902	-17,03938	-16,38437	-17,69475
11360	-15,72902	-17,03938	-12,45213	-14,41794
11380	-6,55368	-13,10722	-7,8618	-14,41795
11400	-8,51974	-13,76259	-9,17508	-13,76259
11420	-8,51973	-13,10723	-9,17508	-13,76259
11440	-9,17509	-13,10722	-9,83044	-13,76259
11460	-9,17509	-12,45187	-9,17508	-13,7626
11480	-8,51974	-13,10723	-9,83045	-13,76259
11500	-9,17509	-13,10723	-9,83046	-13,7626
11520	-9,1751	-13,10723	-9,83045	-13,7626
11540	-9,1751	-13,10723	-9,83046	-13,7626
11560	-9,83047	-13,10724	-9,83046	-13,7626
11580	-9,83047	-13,7626	-10,48583	-14,41796
11600	-9,83048	-13,7626	-10,48583	-14,41797
11620	-9,83048	-13,7626	-10,48584	-14,41797
11640	-10,48585	-14,41796	-10,48584	-15,07333
11660	-11,14121	-15,07334	-12,45191	-16,38407
11680	-11,79655	-15,7287	-12,45191	-15,72871
11700	-11,79655	-15,72871	-13,10727	-15,72871
11720	-12,45191	-15,72871	-13,10727	-16,38408
11740	-12,45192	-15,72871	-13,10728	-16,38408
11760	-12,45193	-15,72872	-13,10729	-16,38408
11780	-12,45193	-15,72872	-13,10729	-16,38409
11800	-12,45194	-15,72872	-13,10729	-16,38409
11820	-12,45193	-15,72873	-13,76265	-16,38409
11840	-12,45194	-15,72873	-13,76265	-15,72873
11860	-13,10729	-15,72873	-13,76264	-15,72873
11880	-13,10729	-15,72872	-13,76265	-16,38409
11900	-13,10729	-15,72872	-13,76265	-15,72873
11920	-13,76265	-15,72872	-14,418	-15,72872
11940	-13,76265	-15,07336	-13,76264	-15,72872
11960	-13,76264	-15,07336	-14,418	-15,72872
11980	-13,10728	-15,07336	-14,418	-15,72872
12000	-13,76265	-15,07336	-13,76265	-15,07336
12020	-13,76266	-15,07336	-13,76265	-15,72872
12040	-13,10729	-15,07335	-14,41801	-15,72872
12060	-13,10729	-15,07335	-14,41801	-15,72872
12080	-12,45191	-14,41799	-11,79649	-15,07336
12100	-11,1411	-14,41799	-12,45183	-15,07335
12120	-11,79647	-14,41798	-12,45183	-14,41799
12140	-11,79647	-14,41798	-12,45182	-14,41799
12160	-11,79647	-13,76263	-12,45182	-14,41799
12180	-12,45183	-13,76262	-12,45182	-14,41799
12200	-12,45183	-13,76262	-12,45182	-14,41799
12220	-11,79647	-14,41798	-12,45182	-14,41798
12240	-11,79647	-13,76262	-12,45183	-14,41799
12260	-11,79647	-14,41798	-13,10718	-14,41798
12280	-12,45184	-13,76261	-13,10718	-14,41798
12300	-11,79646	-13,76261	-13,10717	-14,41798
12320	-12,45182	-13,76261	-13,10716	-14,41798
12340	-12,45181	-13,76261	-13,10716	-14,41798
12360	-13,10716	-13,76261	-13,10716	-14,41798
12380	-12,4518	-13,76261	-13,76252	-14,41797
12400	-13,10716	-13,76261	-13,10716	-14,41798
12420	-12,45181	-14,41797	-13,76252	-14,41798
12440	-13,10717	-14,41798	-13,76252	-15,07334
12460	-13,10717	-14,41798	-13,76253	-15,07334
12480	-12,45181	-14,41798	-13,76253	-14,41799
12500	-12,45182	-14,41798	-13,76253	-15,07335
12520	-13,10718	-14,41798	-13,76253	-15,07335
12540	-13,10718	-14,41798	-13,10717	-14,41799
12560	-8,51954	-12,4519	-1,31031	-11,79654
12580	-0,6549	-10,48581	-3,27637	-10,48581
12600	-2,621	-9,17508	-3,27635	-9,17509
12620	-2,621	-8,51971	-3,27635	-8,51972
12640	-3,27636	-7,20899	-3,27636	-7,86436
12660	-2,62101	-7,86435	-3,27637	-7,86436
12680	-2,62102	-7,86435	-3,27638	-7,86436
12700	-2,62103	-7,20899	-3,27639	-7,86436
12720	-2,62104	-7,20899	-2,62103	-7,86436
12740	-2,62104	-7,86436	-6,55326	-9,83045
12760	-7,20868	-9,83044	-7,86403	-10,48581
12780	-6,55331	-9,83044	-7,20867	-10,48581
12800	-7,20868	-9,83044	-7,86403	-10,48581
12820	-6,55332	-9,83044	-7,20867	-10,48581
12840	-6,55332	-9,83044	-7,86403	-10,48582
12860	-7,20867	-10,48581	-7,86404	-10,48581
12880	-6,55332	-9,83045	-7,20868	-10,48582
12900	-6,55332	-10,48581	-7,86404	-11,14118
12920	-7,20869	-10,48581	-7,86405	-11,14118
12940	-3,93183	-9,17509	6,55418	-8,51973
12960	9,17571	-9,17509	6,55424	-9,17509
12980	6,55422	-7,86437	6,55424	-8,51974
13000	6,55422	-7,86437	6,55422	-8,51974
13020	7,20958	-7,86437	6,55422	-8,51974
13040	7,20958	-7,86437	7,20958	-8,51974
13060	7,86494	-7,86438	7,20958	-8,51974
13080	7,86493	-8,51974	7,20957	-9,17511
13100	7,86492	-8,51974	7,20957	-9,17511
13120	7,86492	-9,1751	7,20956	-9,17511
13140	7,86492	-8,51975	7,86492	-9,17512
13160	8,52028	-9,17511	7,86492	-9,17512
13180	8,52028	-9,17512	7,86492	-9,17512
13200	8,52028	-9,17512	7,86492	-9,83048
13220	9,17563	-9,17512	7,86492	-9,83049
13240	9,17564	-9,17512	8,52028	-9,83049
13260	9,17563	-9,83048	9,17564	-9,83049
13280	18,35079	-9,17513	28,8368	-11,14123
13300	30,14757	-11,14122	28,18145	-11,14123
13320	28,18145	-9,8305	28,18146	-10,48587
13340	29,49216	-9,8305	28,83681	-10,48587
13360	28,8368	-9,8305	28,18144	-10,48587
13380	28,8368	-9,8305	28,18144	-10,48587
13400	28,83679	-9,83051	28,18144	-10,48587
13420	28,83679	-9,83051	27,52608	-10,48587
13440	28,83679	-9,83051	27,52608	-10,48588
13460	28,18143	-9,83051	27,52608	-10,48588
13480	28,18144	-9,83051	27,52608	-10,48587
13500	28,18143	-9,83051	26,87072	-10,48587
13520	28,18143	-9,83051	26,87071	-11,14124
13540	27,52607	-9,83051	27,52607	-11,14124
13560	28,18143	-10,48587	26,87071	-11,14124
13580	28,18142	-10,48588	26,87071	-11,14125
13600	27,52606	-11,14124	27,52606	-11,79661
13620	27,52606	-11,14124	26,87071	-11,79661
13640	27,52607	-11,14124	26,87071	-12,45197
13660	27,52606	-11,79661	26,87071	-12,45198
13680	27,52607	-11,79661	26,87071	-12,45198
13700	27,52607	-11,79661	26,21535	-12,45198
13720	27,52606	-12,45198	26,87071	-13,10735
13740	27,52607	-12,45198	26,87071	-12,45199
13760	26,87071	-12,45198	26,87071	-13,10735
13780	26,8707	-12,45199	26,21534	-13,10736
13800	28,18144	-12,45199	28,83684	-12,45199
13820	29,4922	-12,45198	28,83685	-12,45199
13840	29,4922	-11,79662	28,83685	-12,45199
13860	29,4922	-11,79663	28,18149	-12,452
13880	29,4922	-12,45199	28,18148	-12,452
13900	28,83684	-12,45199	28,18149	-13,10736
13920	28,83685	-12,452	28,18149	-12,45201
13940	28,83684	-11,79664	27,52613	-12,452
13960	28,18148	-12,452	27,52612	-13,10737
13980	28,18147	-12,452	27,52611	-13,10737
14000	28,18146	-12,45201	27,52611	-12,45201
14020	30,14755	-12,452	36,70139	-12,452
14040	39,32304	-13,10735	36,04619	-13,10736
14060	35,39078	-12,45199	34,73543	-12,452
14080	35,39079	-11,79663	34,73543	-11,79664
14100	35,39078	-11,79663	34,73542	-11,79663
14120	34,73542	-11,14126	34,08006	-11,79663
14140	34,73542	-11,14126	34,08006	-11,79663
14160	35,39077	-11,14126	34,73542	-11,79663
14180	35,39077	-11,14126	34,73541	-11,79663
14200	35,39076	-11,79662	34,7354	-12,45199
14220	36,04612	-11,79662	38,66768	-13,10735
14240	41,28925	-13,10734	39,97854	-13,76271
14260	40,63388	-13,10733	39,97852	-13,76271
14280	40,63388	-13,10734	39,97853	-13,76271
14300	41,28924	-13,10734	39,97852	-13,7627
14320	40,63388	-13,7627	39,97852	-13,76271
14340	41,28924	-13,7627	40,63388	-14,41806
14360	41,28924	-13,7627	40,63388	-14,41806
14380	40,63388	-13,7627	39,97851	-13,76271
14400	40,63387	-13,7627	39,97851	-14,41807
14420	40,63387	-13,76271	39,97851	-14,41807
14440	40,63386	-13,76271	39,97851	-14,41807
14460	40,63386	-13,76271	39,9785	-14,41808
14480	39,9785	-13,76271	39,32314	-14,41808
14500	39,9785	-13,76271	39,32569	-14,41808
14520	39,9785	-13,76271	39,32314	-14,41808
14540	39,9785	-14,41808	39,32314	-14,41808
14560	39,32313	-13,76272	39,97852	-15,07345
14580	49,80909	-14,41807	55,05214	-16,38417
14600	54,39675	-15,07344	53,08601	-15,07345
14620	54,39673	-14,41808	53,74138	-14,41809
14640	54,39673	-13,76272	53,74137	-14,41809
14660	54,39672	-13,76272	53,74137	-14,41809
14680	54,39672	-14,41809	53,74136	-14,4181
14700	54,39672	-13,76273	53,74136	-13,76274
14720	54,39672	-13,10737	53,08601	-13,76275
14740	53,74136	-13,10738	53,086	-13,10739
14760	53,74137	-12,45202	52,43065	-12,45204
14780	53,08601	-11,79667	51,7753	-11,79668
14800	53,08602	-11,14131	52,43067	-11,14132
14820	53,08603	-10,48596	52,43067	-11,14132
14840	53,08604	-9,83059	53,08604	-9,8306
14860	-63,56804	-9,83059	52,43069	-9,8306
14880	53,08605	-9,17523	47,18771	-11,79669
14900	27,52628	-19,66105	-3,93185	-34,07903
14920	-24,24866	-42,59874	-26,21483	-41,28802
14940	-22,28258	-38,01119	-22,93793	-36,70046
14960	-22,28259	-34,73437	-22,28259	-34,07901
14980	-21,62725	-32,76828	-22,28261	-32,76828
15000	-21,62726	-32,11291	-21,62728	-32,11292
15020	-21,62729	-31,45755	-22,28265	-32,11292
15040	-20,97194	-31,45754	-22,28266	-30,80219
15060	-20,97195	-30,80218	-21,62731	-30,80219
15080	-20,97196	-30,80218	-21,62732	-31,45755
15100	-20,97196	-30,80218	-21,62732	-31,45755
15120	-20,97196	-31,45754	-19,00585	-30,80217
15140	-16,38438	-29,49143	-17,03974	-30,14679
15160	-17,03975	-29,49143	-17,6951	-30,14679
15180	-16,3844	-30,14679	-17,03976	-30,80216
15200	-16,38441	-30,14679	-16,38441	-30,80217
15220	-15,72905	-30,1468	-16,38441	-30,80217
15240	-15,72905	-30,1468	-16,3844	-30,80217
15260	-15,72905	-30,1468	-17,03977	-30,80217
15280	-15,72905	-30,1468	-16,3844	-30,80217
15300	-15,72905	-30,80217	-17,03977	-31,45754
15320	-15,72905	-30,80216	-16,3844	-31,45754
15340	-15,72904	-30,80217	-17,03976	-31,45754
15360	-15,72905	-30,80217	-16,3844	-31,45754
15380	-16,3844	-31,45753	-16,3844	-31,45754
15400	-15,72905	-31,45754	-17,03976	-32,11291
15420	-16,38441	-31,45754	-17,03977	-32,11291
15440	-16,38441	-31,45754	-17,03977	-32,11291
15460	-15,72905	-31,45755	-17,03977	-32,11291
15480	-15,72906	-31,45754	-16,38441	-31,45755
15500	-15,72906	-31,45755	-17,03977	-32,11292
15520	-15,72905	-31,45755	-16,38441	-32,76829
15540	-15,72905	-32,11291	-16,38441	-33,42364
15560	-15,07369	-32,76828	-15,72905	-34,079
15580	-15,07369	-33,42363	-15,07369	-34,73436
15600	-14,41835	-34,73436	-15,0737	-36,04508
15620	-14,41835	-35,38972	-15,07371	-36,04509
15640	-13,763	-36,04508	-15,07372	-36,70045
15660	-14,41836	-36,70044	-15,07371	-36,70045
15680	-14,41835	-36,04509	-15,0737	-36,70046
15700	-14,41834	-36,04509	-15,72906	-36,0451
15720	-15,0737	-35,38973	-15,07369	-36,0451
15740	-15,07369	-35,38973	-15,72905	-36,0451
15760	-15,0737	-35,38973	-15,72906	-36,70046
15780	-14,41835	-36,04509	-15,07371	-37,35582
15800	-14,41836	-36,70045	-14,41835	-37,35582
15820	-13,763	-36,70045	-14,41835	-37,35582
15840	-13,763	-36,70046	-14,41836	-36,70046
15860	-13,763	-36,70045	-15,07371	-36,70046
15880	-13,763	-36,0451	-15,07371	-37,35582
15900	-14,41836	-36,0451	-15,07371	-36,70046
15920	-14,41835	-36,04509	-15,07371	-36,70046
15940	-14,41835	-36,04509	-15,0737	-36,0451
15960	-14,41835	-36,04509	-15,0737	-36,0451
15980	-14,41834	-35,38973	-15,0737	-36,0451
16000	-14,41835	-35,38973	-15,0737	-36,0451
16020	-14,41834	-35,38973	-15,0737	-36,0451
16040	-14,41834	-35,38973	-15,72906	-36,0451
16060	-14,41835	-35,38973	-15,0737	-36,0451
16080	-14,41834	-34,73436	-15,07369	-36,04509
16100	-14,41833	-35,38972	-15,07369	-36,04509
16120	-14,41833	-34,73436	-15,07369	-35,38973
16140	-14,41833	-35,38972	-15,07368	-36,04509
16160	-14,41832	-35,38973	-15,07368	-36,04509
16180	-14,41832	-35,38972	-15,07368	-36,04509
16200	-13,76296	-35,38972	-15,07368	-36,04509
16220	-13,76296	-35,38972	-14,41832	-36,04509
16240	-13,76296	-35,38972	-14,41832	-36,04509
16260	-13,76296	-35,38972	-14,41832	-36,04509
16280	-13,76296	-35,38973	-14,41831	-36,04509
16300	-13,76295	-34,73436	-14,41831	-35,38973
16320	-13,76295	-34,73436	-14,4183	-34,73437
16340	-13,76295	-34,079	-14,4183	-34,73436
16360	-13,76295	-34,079	-14,4183	-34,079
16380	-13,76295	-33,42363	-14,41832	-34,73436
16400	-13,76296	-34,07899	-13,76296	-34,73436
16420	-63,57032	-34,07899	-13,76296	-34,079
16440	-12,45224	-33,42363	-13,1076	-34,079
16460	-12,45224	-32,76827	-13,76296	-34,079
16480	-13,1076	-33,42363	-13,1076	-33,42364
16500	-13,1076	-33,42363	-13,76296	-33,42363
16520	-13,1076	-33,42362	-14,41831	-33,42363
16540	-13,10759	-32,76826	-14,4183	-33,42363
16560	-13,76294	-32,76826	-14,4183	-33,42363
16580	-13,76294	-32,76826	-15,07367	-32,76826
16600	-13,76295	-32,1129	-14,4183	-32,76827
16620	-13,76295	-32,1129	-15,07366	-32,76827
16640	-13,76295	-32,1129	-14,41831	-32,1129
16660	-14,41831	-32,1129	-15,07366	-32,1129
16680	-13,76294	-32,1129	-15,07366	-32,1129
16700	-13,76294	-31,45753	-14,4183	-32,1129
16720	-13,76294	-32,11289	-14,4183	-32,1129
16740	-13,76294	-32,11289	-14,41829	-32,1129
16760	-13,76294	-32,11289	-14,41829	-32,76826
16780	-13,76294	-31,45753	-14,41829	-32,1129
16800	-13,76293	-32,11289	-14,41829	-32,1129
16820	-13,76293	-31,45753	-14,41829	-32,1129
16840	-13,76293	-31,45752	-14,41829	-32,1129
16860	-13,76294	-32,11289	-14,41829	-32,1129
16880	-13,76293	-32,11289	-14,41829	-32,1129
16900	-13,76293	-31,45753	-14,41829	-32,1129
16920	-13,76293	-32,11289	-14,41828	-32,1129
16940	-13,76293	-32,11289	-14,41828	-32,1129
16960	-13,76293	-32,11289	-14,41828	-32,1129
16980	-13,76293	-31,45753	-14,41828	-32,1129
17000	-13,76293	-32,11289	-13,76293	-32,11289
17020	-13,76293	-32,11289	-13,76293	-32,76826
17040	-13,10758	-31,45754	-13,10758	-32,76827
17060	-12,45222	-32,1129	-13,10758	-32,76826
17080	-12,45222	-32,1129	-13,10758	-32,11291
17100	-12,45222	-32,1129	-13,10758	-32,1129
17120	-11,79686	-32,1129	-12,45222	-32,76826
17140	-12,45222	-32,1129	-12,45221	-32,11291
17160	-11,14142	-30,80218	-11,14137	-31,45755
17180	-11,79676	-30,80218	-13,10749	-30,80219
17200	-11,79676	-30,14682	-12,45212	-30,80219
17220	-11,79676	-29,49145	-12,45211	-30,14682
17240	-11,79676	-29,49145	-13,10748	-30,14682
17260	-11,79676	-29,49146	-12,45212	-30,14682
17280	-11,79676	-29,49145	-13,10748	-30,80218
17300	-12,45213	-29,49146	-12,45212	-30,14682
17320	-11,79677	-29,49146	-13,10748	-30,14682
17340	-12,45212	-29,49145	-13,10748	-30,14682
17360	-12,45212	-30,14682	-13,10748	-30,14683
17380	-12,45212	-29,49146	-13,10747	-30,14682
17400	-12,45212	-29,49145	-13,10748	-30,14682
17420	-12,45212	-29,49145	-13,10747	-30,14682
17440	-12,45212	-29,49145	-13,76283	-30,14682
17460	-13,10747	-29,49145	-13,76283	-30,14682
17480	-13,10748	-29,49145	-13,76283	-30,14682
17500	-13,10747	-29,49145	-13,76283	-30,14682
17520	-13,76284	-29,49146	-13,76283	-30,80218
17540	-13,10747	-29,49145	-13,76283	-30,80218
17560	-13,10747	-30,14681	-13,76283	-30,14682
17580	-13,10747	-30,14681	-13,10747	-30,80218
17600	-13,10747	-30,14681	-13,76282	-30,80218
17620	-12,45211	-30,14682	-13,10746	-30,14682
17640	-13,10747	-29,49146	-13,76283	-30,80218
17660	-13,10747	-30,14682	-13,76283	-30,14682
17680	-13,10748	-29,49146	-13,76284	-30,14682
17700	-13,10748	-29,49146	-13,76283	-29,49146
17720	-13,10747	-28,83609	-13,76283	-28,83609
17740	-13,76283	-28,18072	-14,41818	-28,18073
17760	-13,76282	-27,52535	-14,41817	-28,18072
17780	-13,76282	-27,52535	-14,41817	-28,18071
17800	-13,76281	-27,52534	-15,07352	-27,52535
17820	-14,41816	-26,86998	-15,07352	-26,86998
17840	-14,41816	-26,21461	-15,72887	-26,86998
17860	-14,41815	-26,21461	-15,72886	-26,86998
17880	-15,07351	-26,21461	-15,72886	-26,86998
17900	-15,07351	-26,21461	-15,72886	-26,86998
17920	-15,07351	-26,21461	-15,72887	-26,86998
17940	-14,41815	-26,86997	-15,72887	-26,86998
17960	-15,07352	-26,21462	-15,07352	-26,86998
17980	-15,07353	-26,86998	-15,07352	-27,52535
18000	-15,07353	-26,86998	-64,22553	-27,52535
18020	-14,41818	-26,86999	-15,07354	-28,18072
18040	-14,41818	-27,52535	-15,07354	-28,18072
18060	-14,41819	-27,52535	-15,07354	-28,18073
18080	-14,41819	-27,52536	-15,07355	-28,18072
18100	-14,4182	-27,52536	-15,07355	-28,18073
18120	-14,4182	-28,18072	-15,72892	-28,83609
18140	-14,4182	-28,18073	-15,07356	-28,18073
18160	-15,07356	-28,18073	-15,07356	-28,18074
18180	-15,07357	-28,18073	-15,72892	-28,18074
18200	-14,41821	-27,52537	-15,72892	-28,18074
18220	-15,07357	-27,52537	-15,72892	-28,18074
18240	-15,07356	-27,52537	-15,07357	-28,18074
18260	-14,41821	-27,52537	-15,72893	-28,18074
18280	-15,07357	-27,52536	-15,72893	-28,18074
18300	-15,07358	-27,52537	-15,72893	-28,18074
18320	-15,729	-28,83609	-17,69513	-30,80218
18340	-17,03976	-30,14682	-17,03975	-30,14682
18360	-16,3844	-29,49145	-16,3844	-30,14682
18380	-15,72904	-29,49145	-16,3844	-30,14682
18400	-15,72904	-29,49145	-16,3844	-29,49146
18420	-15,72904	-28,83609	-16,3844	-29,49145
18440	-15,72905	-28,83608	-16,3844	-29,49145
18460	-15,72904	-28,83608	-16,38439	-29,49145
18480	-15,72904	-28,83608	-16,38439	-28,83609
18500	-15,72903	-28,18072	-11,14134	-25,55928
18520	0,00014999999999787	-23,59318	-1,96585	-24,90391
18540	-3,93198	-22,93782	-4,58734	-22,93783
18560	-3,93197	-22,28245	-4,58734	-22,28246
18580	-4,58734	-21,6271	-5,2427	-21,6271
18600	-4,58734	-20,97173	-5,2427	-20,97174
18620	-5,24271	-20,31637	-5,24271	-20,97174
18640	-5,24271	-20,31637	-5,89807	-20,97174
18660	-5,24271	-20,31637	-5,89808	-20,97174
18680	-5,89807	-20,31637	-5,89807	-21,6271
18700	-5,24272	-20,97173	-5,89807	-21,6271
18720	-5,89808	-20,97174	-6,55089	-21,6271
18740	-5,89808	-20,97174	-6,55344	-21,6271
18760	-5,89808	-20,97174	-6,55344	-21,62711
18780	-5,89808	-20,97174	-6,55344	-21,62711
18800	-5,89809	-20,97174	-6,55344	-21,62711
18820	-6,55345	-20,97174	-7,2088	-21,62711
18840	-5,89809	-20,97175	-6,55345	-22,28247
18860	-6,55345	-21,62711	-7,20881	-21,62712
18880	-6,55345	-20,97175	-7,20881	-22,28248
18900	-6,55345	-21,62711	-7,20881	-22,28248
18920	-6,55346	-22,28247	-7,20881	-22,93784
18940	-6,55346	-22,28248	-7,20882	-22,93784
18960	-7,20882	-22,28248	-7,20881	-22,93785
18980	-6,55346	-22,28248	-7,20882	-22,93785
19000	-6,55347	-22,28248	-7,20884	-23,59321
19020	-6,55348	-22,93784	-7,20883	-22,93785
19040	-6,55348	-22,93784	-6,55348	-23,59321
19060	-5,89812	-22,93784	-6,55347	-23,59321
19080	-6,55348	-22,93784	-6,55348	-23,59321
19100	-6,55347	-23,5932	-7,20883	-23,59321
19120	-6,55347	-23,5932	-6,55346	-23,59321
19140	-6,55346	-22,93784	-7,20882	-23,59321
19160	-6,55346	-22,93784	-7,20881	-22,93785
19180	-6,55345	-22,93784	-7,20881	-22,93784
19200	-6,55345	-22,28247	-7,20881	-23,5932
19220	-6,55345	-22,93783	-7,2088	-22,93784
19240	-7,2088	-22,28247	-7,86416	-22,93784
19260	-7,2088	-22,28246	-7,86415	-22,93783
19280	-7,20879	-22,93782	-8,51951	-22,93783
19300	-7,86414	-22,93782	-8,51949	-23,59319
19320	-7,20875	-22,93783	-7,86409	-23,59319
19340	-7,20873	-22,93782	-7,86408	-22,93783
19360	-7,20872	-22,28246	-7,86408	-22,93783
19380	-7,86408	-22,28246	-7,86408	-22,93783
19400	-7,20872	-22,93782	-8,51944	-22,93783
19420	-7,86408	-22,93783	-8,51944	-23,5932
19440	-7,86409	-22,93783	-8,51944	-23,5932
19460	-7,86409	-22,93783	-9,17481	-24,24856
19480	-9,17484	-24,24856	-9,8302	-24,90393
19500	-9,17483	-23,5932	-9,83019	-24,24857
19520	-9,17483	-23,5932	-9,83019	-24,24857
19540	-8,51948	-23,5932	-9,17483	-24,24857
19560	-8,51948	-23,5932	-9,17484	-24,24857
19580	-8,51949	-23,5932	-9,17485	-24,24857
19600	-8,5195	-23,59321	-9,17486	-24,24857
19620	-8,51951	-23,5932	-9,17487	-23,59321
19640	-8,51951	-22,93784	-9,17487	-23,59321
19660	-8,51951	-22,93784	-9,17487	-22,93785
19680	-8,51951	-22,28248	-8,5195	-22,93784
19700	-7,86414	-22,28248	-8,5195	-22,93785
19720	-8,5195	-22,28247	-8,5195	-22,93785
19740	-7,86414	-22,28248	-9,17486	-22,93784
19760	-8,5195	-22,28248	-5,24265	-21,62712
19780	1,31105	-20,97176	0,65572	-21,62712
19800	0,6557	-20,97175	0,00034999999999741	-21,62712
19820	0,65571	-20,31639	0,00034999999999741	-20,97176
19840	0,6557	-20,3164	0,00033999999999423	-20,97176
19860	0,6557	-20,3164	0,00033999999999423	-20,97176
19880	0,6557	-20,3164	0,00033999999999423	-20,97176
19900	0,6557	-20,31639	0,00033999999999423	-21,62712
19920	0,65569000000001	-20,31639	0,00033999999999423	-20,97176
19940	0,6557	-20,3164	0,00033999999999423	-20,97177
19960	0,6557	-20,97176	0,00033999999999423	-21,62713
19980	0,6557	-20,97176	-0,65502	-21,62713
20000	0,6557	-20,3164	8,52015	-20,3164
20020	19,00612	-20,97176	19,00616	-21,62713
20040	17,69541	-20,97176	17,69542	-20,31641
20060	18,35077	-19,66104	17,04006	-20,31641
20080	17,69541	-19,66104	17,04006	-20,3164
20100	17,69541	-19,66104	16,38469	-20,31641
20120	17,69541	-19,66104	16,38469	-20,31641
20140	17,69541	-19,66104	16,38468	-20,3164
20160	17,04004	-19,66104	16,38468	-20,31641
20180	17,04003	-19,66104	16,38466	-20,97177
20200	17,69538	-20,3164	17,04002	-20,31641
20220	17,69537	-19,66105	17,04002	-20,97177
20240	17,69537	-20,3164	16,38464	-21,62714
20260	13,10777	-21,62713	12,4524	-22,2825
20280	13,76313	-21,62714	12,45241	-22,2825
20300	13,10776	-21,62713	12,45241	-22,2825
20320	13,10776	-21,62714	12,4524	-22,28251
20340	13,10776	-21,62714	12,4524	-22,2825
20360	13,10775	-21,62714	12,4524	-22,28251
20380	12,45239	-21,62714	11,79704	-22,28251
20400	12,45239	-21,62714	11,79702	-22,28251
20420	13,10774	-22,28251	11,79701	-22,93788
20440	13,10771	-22,93788	13,1077	-23,59325
20460	13,76304	-23,59325	13,10768	-24,24862
20480	13,76303	-23,59325	13,10767	-24,24861
20500	13,76302	-24,2486	13,10766	-24,90397
20520	13,76302	-24,2486	13,10766	-25,55933
20540	13,10766	-24,90396	12,4523	-24,90396
20560	12,4523	-24,24859	11,79695	-24,90395
20580	12,45232	-24,24858	11,14161	-24,24859
20600	11,79697	-23,59321	10,48626	-23,59322
20620	11,14162	-22,93785	10,48627	-23,59321
20640	11,14163	-22,93784	10,48627	-23,59321
20660	11,79698	-23,59322	11,14163	-23,59322
20680	12,45234	-22,93786	11,79698	-24,24859
20700	13,1077	-23,59322	11,79698	-24,24859
20720	13,1077	-23,59322	12,45234	-24,24858
20740	12,45234	-23,59321	11,79698	-24,24858
20760	12,45234	-23,59321	11,79698	-24,24858
20780	12,45234	-23,59322	11,79698	-24,24859
20800	13,10769	-23,59322	12,45233	-24,24859
20820	13,76305	-24,24858	13,10769	-24,90395
20840	13,76304	-24,24858	13,10769	-24,90394
20860	13,76304	-24,24857	13,10769	-24,24858
20880	13,76304	-23,59322	12,45233	-24,24858
20900	13,76305	-23,59322	12,45233	-24,24859
20920	13,76305	-23,59322	12,45233	-24,24859
20940	13,10769	-23,59322	12,45233	-24,24859
20960	12,45232	-22,93786	11,79697	-23,59323
20980	12,45233	-22,93786	11,14161	-23,59322
21000	11,79697	-22,93786	11,14162	-23,59322
21020	12,45233	-22,93786	11,14162	-23,59322
21040	11,79697	-23,59322	11,14162	-23,59322
21060	11,79698	-23,59321	13,7631	-22,93785
21080	26,21517	-22,28248	28,83683	-23,5932
21100	26,87071	-22,28247	24,9046	-22,28247
21120	25,55997	-20,97174	24,90462	-21,62711
21140	25,55997	-20,97174	24,24926	-20,97174
21160	25,55998	-20,97173	24,90462	-20,97174
21180	24,90462	-20,31637	24,24927	-20,31637
21200	24,90462	-20,31637	23,59391	-20,31637
21220	24,90462	-19,66101	24,24926	-20,31638
21240	24,90461	-19,66101	23,59389	-20,31638
21260	24,9046	-19,66101	23,59388	-20,31638
21280	24,24924	-19,66101	23,59388	-20,31638
21300	24,24924	-19,66102	19,66161	-21,62711
21320	9,17559	-23,59319	5,24338	-23,59319
21340	7,86485	-22,93782	7,86486	-22,93782
21360	7,86485	-22,28246	7,2095	-22,93783
21380	7,86485	-22,28246	7,86485	-22,28246
21400	8,5202	-21,6271	7,86484	-22,28247
21420	8,52019	-22,28246	7,86483	-22,93784
21440	9,17554	-22,28247	8,52018	-22,93784
21460	9,17554	-22,28247	8,52018	-22,93784
21480	9,17554	-22,28247	8,52018	-22,93784
21500	9,17553	-22,28248	8,52018	-22,28249
21520	9,17553	-22,28248	8,52017	-22,93785
21540	8,52017	-22,28248	7,86481	-22,93784
21560	8,52016	-22,28248	7,86481	-22,93785
21580	8,52016	-22,28248	8,52017	-22,93785
21600	14,41851	-22,28248	16,38466	-22,93784
21620	16,38465	-22,28248	15,07392	-22,93784
21640	16,38464	-22,28248	15,72928	-22,93784
21660	15,72927	-22,28248	15,72928	-22,93785
21680	15,72927	-22,28248	15,07392	-22,28249
21700	16,38463	-22,28248	15,07391	-22,28249
21720	15,72927	-22,28248	15,07391	-22,93785
21740	16,38462	-22,28248	15,72926	-22,93785
21760	16,38461	-22,28248	15,72925	-22,93785
21780	23,59367	-22,28248	30,14752	-23,59321
21800	30,14758	-23,59321	28,18146	-23,59322
21820	28,18146	-22,28249	27,5261	-22,93786
21840	28,18145	-22,28249	27,52609	-22,93786
21860	28,18144	-22,28249	27,52609	-22,28251
21880	28,18144	-21,62714	27,52608	-22,28251
21900	28,18144	-21,62714	27,52608	-22,28251
21920	28,18144	-21,62714	26,87072	-21,62715
21940	28,18144	-20,97178	27,52608	-21,62715
21960	28,18143	-20,97178	27,52608	-21,62715
21980	28,18143	-20,97178	27,52607	-21,62715
22000	28,83681	-20,97178	33,42453	-20,97177
22020	36,04614	-20,97176	34,08003	-21,62714
22040	34,08	-20,31641	33,42465	-20,31641
22060	34,08001	-19,66104	33,42465	-19,66105
22080	33,42464	-19,00568	33,42464	-19,00569
22100	34,08	-19,00568	33,42464	-19,66105
22120	33,42464	-19,00568	32,76928	-19,66105
22140	33,42464	-19,00568	32,76928	-19,66105
22160	34,08	-19,00568	32,76928	-19,66105
22180	33,42464	-19,00568	32,76928	-19,00569
22200	33,42464	-19,00568	32,76928	-19,00569
22220	32,76928	-18,35032	32,11392	-19,00569
22240	32,76928	-19,00568	32,11392	-19,66105
22260	32,76928	-19,00569	32,11392	-19,66105
22280	32,76927	-19,00569	31,45855	-19,66106
22300	32,11391	-19,00569	32,11391	-19,66106
22320	32,76927	-19,66105	31,45855	-20,31642
22340	32,11391	-19,66106	31,45855	-20,31643
22360	32,11391	-19,66106	31,45855	-20,31643
22380	33,42468	-20,31642	33,42472	-20,31642
22400	33,42471	-20,31642	32,76935	-20,31642
22420	33,42471	-20,31642	32,76936	-20,31642
22440	33,42471	-19,66106	32,76936	-20,31642
22460	33,42471	-19,66105	32,76935	-20,97179
22480	33,42471	-20,31642	32,76935	-20,97179
22500	33,42471	-20,31642	32,11399	-20,97179
22520	33,42471	-20,97178	32,11399	-20,97179
22540	32,76935	-20,31642	32,76936	-20,97179
22560	32,76935	-20,31642	32,76936	-20,97179
22580	32,76936	-20,31642	32,114	-20,97178
22600	32,76936	-20,31642	32,114	-20,97178
22620	33,42472	-20,31641	32,76936	-20,97178
22640	33,42471	-20,97177	32,76936	-20,97178
22660	34,08007	-20,31641	33,42471	-21,62714
22680	34,73543	-20,97177	34,08007	-21,62714
22700	34,08006	-21,62713	34,08006	-22,2825
22720	34,7354	-22,28249	34,08004	-22,93786
22740	34,73539	-22,28249	34,08003	-22,93786
22760	30,14767	-25,55931	14,4184	-35,38976
22780	-17,69497	-45,87554	-22,93813	-47,84163
22800	-20,97201	-44,5648	-20,3166	-43,25408
22820	-20,31662	-41,94334	-20,97197	-40,63263
22840	-20,31662	-38,66653	-20,97198	-38,66654
22860	-20,97198	-37,35581	-21,62734	-37,35582
22880	-20,97199	-36,70045	-21,62735	-37,35582
22900	-20,972	-36,70046	-21,62736	-37,35582
22920	-20,972	-36,0451	-21,62737	-36,04511
22940	-21,62737	-35,38974	-22,28273	-36,04511
22960	-21,62737	-35,38974	-22,28273	-36,04511
22980	-21,62737	-34,73438	-22,93809	-35,38975
23000	-22,28273	-34,73438	-22,93809	-35,38975
23020	-22,28273	-34,73438	-22,93809	-34,73439
23040	-22,93809	-34,73439	-23,59345	-34,7344
23060	-22,93809	-34,73439	-23,59345	-34,7344
23080	-22,93809	-34,07904	-23,59345	-35,38976
23100	-22,93809	-34,7344	-23,59344	-35,38977
23120	-22,28273	-35,38975	-22,93809	-35,38977
23140	-22,28273	-35,38976	-22,93808	-35,38977
23160	-22,93809	-35,38976	-23,59344	-35,38977
23180	-22,93809	-35,38976	-23,59345	-36,04513
23200	-22,93809	-35,38976	-23,59345	-36,04513
23220	-22,93809	-35,38977	-23,59344	-36,04514
23240	-23,59345	-35,38977	-24,24881	-36,04514
23260	-22,93809	-35,38977	-24,24881	-36,04513
23280	-22,9381	-36,04513	-23,59346	-36,04514
23300	-22,93811	-35,38977	-23,59347	-36,04514
23320	-22,93811	-36,04514	-23,59347	-36,7005
23340	-22,93811	-36,04514	-23,59347	-36,04514
23360	-22,93811	-36,04513	-23,59346	-36,7005
23380	-22,9381	-36,04513	-23,59345	-37,35586
23400	-22,9381	-36,70049	-23,59346	-36,70049
23420	-22,9381	-36,70049	-23,59345	-36,70049
23440	-22,93809	-36,04513	-23,59345	-36,70049
23460	-22,93808	-36,04512	-20,97188	-34,07904
23480	-6,55359	-32,76831	-0,65515	-34,07905
23500	-3,27663	-32,76832	-4,58735	-32,11297
23520	-4,58734	-31,45759	-5,2427	-31,45759
23540	-4,58735	-30,80223	-5,89807	-30,80223
23560	-4,58736	-29,4915	-5,24271	-29,49151
23580	-4,58736	-28,83614	-5,24272	-30,14687
23600	-4,58737	-29,49151	-5,24273	-30,14687
23620	-4,58737	-29,49151	-5,24273	-30,14687
23640	-63,56978	-28,83615	-4,58737	-30,14687
23660	-3,93202	-29,49151	-7,20884	-31,4576
23680	-12,45182	-32,76832	-14,41793	-33,42369
23700	-13,1072	-32,76832	-13,76256	-32,76833
23720	-13,10721	-32,76832	-14,41792	-33,42369
23740	-13,10721	-32,76832	-14,41793	-32,76833
23760	-13,10722	-32,76832	-13,76257	-32,76833
23780	-13,76258	-32,76832	-13,76258	-33,42369
23800	-13,10723	-32,76832	-13,76258	-33,42369
23820	-12,45187	-32,76833	-13,76258	-32,76834
23840	-12,45187	-32,76833	-13,76258	-32,76834
23860	-13,10723	-32,11297	-13,10723	-32,76717
23880	-12,45188	-32,11297	-13,7626	-33,4237
23900	-12,45188	-32,11298	-13,10723	-32,76835
23920	-12,45188	-32,76834	-13,10724	-32,76835
23940	-11,79652	-32,11298	-13,10724	-32,76835
23960	-12,4519	-32,11298	-12,45189	-32,76835
23980	-11,79654	-32,11298	-12,45189	-32,76835
24000	-11,79654	-32,11298	-12,45189	-32,76835
24020	-11,79654	-32,11298	-12,45189	-32,76835
24040	-10,48578	-31,45762	-5,89817	-32,11299
24060	-3,93207	-31,45763	-5,2428	-32,11299
24080	-5,2428	-31,45763	-64,22519	-31,45763
24100	-4,58744	-30,80227	-5,2428	-31,45763
24120	-4,58744	-30,80226	-5,24279	-31,45763
24140	-4,58743	-30,80226	-5,24279	-30,80227
24160	-4,58744	-30,80227	-5,24279	-31,45764
24180	-4,58743	-30,80227	-5,24279	-31,45763
24200	-4,58744	-31,45763	-5,24279	-30,80228
24220	-5,2428	-30,80227	-5,89815	-31,45763
24240	-4,58744	-30,80227	-5,89815	-31,45763
24260	-5,2428	-30,80226	-0,65523	-30,14691
24280	16,3844	-29,49153	20,97212	-30,1469
24300	20,31674	-29,49154	19,00601	-28,83619
24320	19,66137	-28,17964	19,66138	-28,83618
24340	19,66137	-27,52545	19,00601	-27,52546
24360	19,66137	-26,87009	19,00602	-27,52546
24380	19,00601	-26,87008	18,35065	-26,8701
24400	19,66137	-26,87009	19,00601	-27,52546
24420	19,00601	-26,87009	19,00601	-27,52546
24440	19,66137	-26,8701	19,66137	-27,52547
24460	19,66136	-27,52546	19,00601	-28,18083
24480	20,31672	-27,52547	19,66136	-28,18084
24500	19,66136	-27,52547	19,00601	-28,18084
24520	20,31672	-27,52548	20,31674	-28,18084
24540	23,59363	-28,18084	23,59368	-28,83621
24560	23,59367	-28,8362	22,9383	-28,83621
24580	23,59366	-28,18084	22,9383	-28,18085
24600	23,59366	-28,18084	22,9383	-28,18085
24620	23,59365	-28,18084	22,9383	-28,83621
24640	22,93829	-28,18085	22,28293	-28,83621
24660	22,93829	-28,18084	22,28293	-28,83621
24680	22,93829	-28,18085	22,28293	-28,83621
24700	22,93829	-28,18085	22,28293	-28,83622
24720	22,93828	-28,18085	21,62757	-28,83622
24740	22,28292	-28,83621	20,9722	-29,49159
24760	19,6614	-29,49159	17,69528	-30,80232
24780	19,006	-30,14695	18,35065	-30,80232
24800	19,006	-30,14696	18,35064	-30,80232
24820	18,35065	-30,14695	18,35064	-30,80232
24840	19,006	-30,14695	18,35064	-30,80232
24860	19,006	-30,80232	18,35064	-31,45769
24880	18,35064	-30,80231	18,35064	-31,45768
24900	18,35064	-30,80232	18,35064	-30,80232
24920	19,006	-30,80232	18,35064	-30,80232
24940	19,006	-30,80232	17,69528	-31,45769
24960	19,006	-30,14696	18,35065	-30,80232
24980	19,006	-30,14696	18,35064	-30,80232
25000	18,35064	-30,14695	18,35065	-30,80232
25020	19,00601	-30,14695	18,35065	-30,80232
25040	19,00601	-30,14695	18,35065	-30,80232
25060	19,00601	-30,14695	18,35065	-30,80232
25080	19,006	-30,14696	17,69529	-30,80232
25100	19,66137	-30,14696	21,62754	-30,80232
25120	23,59368	-30,80231	22,28297	-30,80232
25140	22,93832	-30,14695	22,28296	-30,80232
25160	22,93832	-30,14694	22,28296	-30,14696
25180	22,93832	-30,14695	22,28296	-30,14695
25200	22,93832	-30,14695	22,28296	-30,14696
25220	23,59368	-29,49159	22,28295	-30,14696
25240	23,59366	-30,14695	22,93831	-30,14696
25260	23,59366	-29,49159	22,93831	-30,14695
25280	23,59366	-29,49159	22,9383	-30,14696
25300	23,59366	-29,49159	23,59366	-29,49159
25320	23,59366	-29,49158	22,9383	-30,14696
25340	24,24902	-28,83623	23,59366	-30,14695
25360	23,59366	-28,83623	22,9383	-29,49159
25380	23,59366	-29,49159	22,9383	-29,4916
25400	23,59366	-28,83623	22,9383	-30,14696
25420	24,24902	-29,49159	22,9383	-30,14696
25440	23,59365	-29,49159	22,9383	-30,14696
25460	23,59365	-29,49159	22,93829	-30,14696
25480	23,59365	-30,14696	22,93829	-30,14696
25500	23,59365	-30,14696	22,28293	-30,14696
25520	23,59365	-29,49159	22,93829	-30,14696
25540	22,93829	-29,49159	22,93829	-30,14696
25560	22,93829	-29,49159	22,28294	-30,14696
25580	23,59365	-29,4916	22,93829	-30,14696
25600	22,93829	-30,14695	22,28293	-30,14696
25620	22,93829	-30,14695	22,28294	-30,14696
25640	22,93829	-30,14695	22,28294	-30,14696
25660	22,93829	-30,14695	22,9383	-30,80232
25680	22,93829	-30,14696	22,28294	-30,80232
25700	21,62753	-31,45768	13,10762	-34,73451
25720	8,51995	-35,38986	9,17534	-35,38987
25740	10,48608	-34,73449	9,83072	-34,7345
25760	10,48608	-34,07913	10,48609	-34,73449
25780	11,14144	-34,07913	10,48608	-34,7345
25800	11,14145	-34,07913	10,48609	-34,07914
25820	11,14144	-34,07913	11,14144	-34,7345
25840	11,14145	-34,07913	10,48608	-34,7345
25860	11,14145	-34,07913	10,48609	-34,7345
25880	11,79681	-34,07914	10,48609	-34,7345
25900	11,79681	-34,07914	11,14144	-34,73451
25920	11,79679	-34,07914	11,14143	-34,73451
25940	12,45215	-34,07914	11,79679	-34,7345
25960	12,45215	-33,42377	11,79679	-34,07914
25980	12,45215	-34,07913	11,79679	-34,7345
26000	12,45215	-34,07913	11,79679	-34,73451
26020	9,1753	-34,7345	3,93234	-36,04523
26040	3,27695	-36,04522	3,27696	-36,04522
26060	3,93232	-35,38986	3,27696	-36,04522
26080	3,93231	-35,38986	3,27696	-36,04523
26100	3,93231	-35,38986	3,27696	-36,04523
26120	3,93231	-35,38986	3,27695	-36,04523
26140	3,93231	-36,04522	3,27695	-36,04523
26160	3,93231	-36,04522	3,27695	-36,04523
26180	3,93231	-36,04522	3,27695	-36,04523
26200	3,9323	-35,38986	3,27695	-36,04523
26220	3,9323	-35,38986	2,62159	-36,04523
26240	3,9323	-35,38986	2,62157	-36,70059
26260	-4,58751	-38,01131	-11,79658	-39,9774
26280	-9,8305	-39,32203	-9,83048	-39,97739
26300	-9,83049	-39,32202	-9,83048	-39,32203
26320	-9,83048	-38,66666	-9,83048	-39,32203
26340	-9,83049	-38,66666	-9,83048	-39,32203
26360	-9,83048	-38,66666	-9,83049	-39,32203
26380	-9,17513	-38,66666	-10,48584	-39,32203
26400	-9,17512	-38,66666	-10,48584	-39,32203
26420	-9,83048	-38,66666	-9,83048	-39,97739
26440	-9,17512	-38,66667	-9,83048	-39,32203
26460	-9,17513	-39,32203	-7,86438	-39,32203
26480	3,2769	-38,0113	5,89842	-39,32203
26500	5,89842	-38,66666	5,24306	-38,66667
26520	5,89842	-38,0113	5,24306	-38,66667
26540	5,89842	-38,0113	5,24306	-38,66667
26560	5,89842	-38,0113	5,24305	-38,66667
26580	5,89841	-38,0113	5,24304	-38,01131
26600	5,89839	-38,01131	5,24304	-38,66667
26620	5,89839	-38,0113	5,24303	-38,01131
26640	5,89839	-37,35594	5,24303	-38,66668
26660	5,89839	-38,01131	5,24302	-38,66667
26680	5,89839	-38,0113	5,24303	-38,01131
26700	5,24302	-37,35594	4,58767	-38,01131
26720	5,24302	-38,0113	4,58766	-38,01131
26740	4,58766	-38,0113	11,14134	-37,35595
26760	30,80254	-36,70057	33,42434	-38,66666
26780	30,1475	-38,01129	27,52598	-37,35593
26800	28,18134	-36,0452	27,52599	-36,04521
26820	28,83669	-35,38984	27,52597	-35,38984
26840	28,18133	-34,73448	27,52596	-34,73448
26860	28,18132	-34,07911	27,52597	-34,73448
26880	28,18387	-34,0791	27,52596	-34,07912
26900	28,18132	-33,42375	27,52596	-34,07911
26920	28,18131	-33,42374	27,52596	-34,07911
26940	27,52595	-32,76838	26,87059	-33,42375
26960	27,52595	-32,76838	27,52602	-32,76839
26980	32,11374	-32,11301	32,76921	-33,42374
27000	32,11384	-32,76837	31,45847	-32,76838
27020	32,11384	-31,45765	31,45848	-32,11302
27040	31,45847	-31,45765	30,80312	-31,45765
27060	31,45847	-30,80229	30,14776	-31,45765
27080	30,80312	-30,80228	30,14776	-30,80229
27100	30,80312	-30,14692	29,4924	-30,80229
27120	30,80312	-30,14692	29,4924	-30,80229
27140	30,14776	-30,14692	29,4924	-30,80229
27160	30,14775	-30,14693	29,4924	-30,80229
27180	30,14776	-30,14693	28,83703	-31,45766
27200	27,52628	-32,11302	26,8709	-32,7684
27220	27,52626	-32,11303	26,8709	-32,7684
27240	27,52625	-32,11303	26,8709	-32,7684
27260	27,52625	-32,11303	26,87089	-32,76839
27280	27,52625	-32,11303	26,87089	-32,76839
27300	27,52625	-32,11303	26,8709	-32,11304
27320	26,87089	-32,11302	26,21554	-32,11303
27340	26,8709	-31,45767	26,21554	-32,11303
27360	26,87089	-31,45766	26,21554	-32,11303
27380	26,21554	-31,45767	26,21554	-31,45768
27400	26,87089	-31,45767	24,90482	-32,11304
27420	26,21554	-31,45768	24,90483	-32,11305
27440	26,21555	-31,45769	24,90483	-32,76842
27460	25,56019	-32,11305	24,90484	-32,11306
27480	24,90484	-32,11305	24,24948	-32,11306
27500	24,90484	-31,45769	23,59412	-31,45769
27520	24,24947	-30,80232	23,59412	-31,45769
27540	24,24947	-31,45767	23,59411	-31,45769
27560	24,24948	-30,80232	23,59412	-31,45768
27580	24,24947	-30,14696	22,93876	-30,80232
27600	24,24947	-30,14695	23,59412	-30,80232
27620	24,24948	-29,49159	22,93876	-30,80231
27640	24,24947	-30,14695	22,93876	-30,80231
27660	23,59411	-30,14695	22,93876	-30,80232
27680	23,59411	-30,14695	22,93876	-30,80232
27700	24,24948	-30,14695	23,59412	-30,14696
27720	24,24948	-30,14695	22,93876	-30,14696
27740	24,24948	-29,49158	22,93876	-30,14695
27760	24,24948	-29,49159	22,93876	-29,49159
27780	24,24948	-28,83622	23,59412	-30,14695
27800	24,24947	-28,83622	23,59412	-29,49159
27820	23,59412	-28,83622	23,59412	-29,49159
27840	27,52632	-28,83622	45,22131	-29,49158
27860	58,98666	-29,49157	57,01803	-30,14694
27880	56,36264	-28,83621	56,36265	-28,83621
27900	57,67337	-27,52548	56,36265	-28,18085
27920	57,018	-27,52548	56,36264	-28,18085
27940	57,67336	-27,52548	57,018	-28,18084
27960	57,67336	-27,52548	57,67336	-28,18085
27980	58,32871	-27,52548	57,67336	-28,18085
28000	58,32871	-27,52548	57,67336	-27,52549
28020	58,32871	-27,52548	57,67335	-27,52549
28040	58,3287	-27,52548	57,67334	-27,52549
28060	58,98405	-26,87012	57,67333	-28,18085
28080	58,98404	-27,52549	52,43038	-29,49159
28100	48,49813	-29,49159	48,49814	-30,14695
28120	49,1535	-28,83623	47,84278	-29,49159
28140	48,49814	-28,83622	48,49814	-29,49159
28160	48,49813	-28,83622	47,84277	-29,49159
28180	48,49813	-28,83623	47,84277	-29,49159
28200	48,49813	-28,83623	48,49813	-28,83623
28220	48,49813	-28,83622	47,84277	-28,83623
28240	48,49813	-28,83622	47,84276	-28,83623
28260	47,84276	-28,83623	36,70151	-30,80232
28280	30,80315	-31,45768	29,49242	-31,45769
28300	30,80315	-31,45768	30,14779	-31,45769
28320	30,80314	-30,80232	30,14779	-30,80233
28340	30,80315	-30,14695	29,49243	-30,80232
28360	30,80315	-30,14695	29,49243	-30,80232
28380	30,80315	-30,14696	29,49243	-30,80233
28400	30,14778	-30,14696	30,14778	-30,80232
28420	30,80314	-30,14572	30,14778	-30,80232
28440	30,80313	-30,14696	29,49241	-31,45769
28460	30,80312	-30,14696	30,14776	-30,80233
28480	30,80312	-30,80232	30,14776	-31,45769
28500	30,80311	-30,80232	30,80312	-31,45769
28520	31,45847	-30,80232	30,80312	-31,45769
28540	31,45847	-30,80233	31,45847	-31,4577
28560	32,11383	-30,80232	30,80311	-30,80233
28580	31,45847	-30,80233	30,80311	-30,80233
28600	31,45847	-30,80233	30,80311	-31,45769
28620	31,45847	-30,14696	30,80311	-30,80233
28640	31,45847	-30,14697	30,80311	-30,80233
28660	31,45847	-30,14696	30,14774	-31,4577
28680	27,52622	-30,80233	26,21548	-32,11307
28700	27,5262	-30,80233	26,21549	-31,4577
28720	27,5262	-30,80233	26,87084	-31,4577
28740	27,5262	-30,80233	26,87085	-31,4577
28760	27,5262	-31,45769	27,5262	-31,4577
28780	28,18156	-30,80232	27,5262	-31,45769
28800	28,83692	-30,80233	28,18156	-31,4577
28820	28,83692	-30,14697	28,18157	-30,80234
28840	28,83692	-30,14698	28,18156	-30,14698
28860	29,49227	-29,49162	28,83691	-30,14698
28880	29,49226	-28,83626	28,83691	-29,49163
28900	29,49226	-28,83626	28,8369	-28,83627
28920	30,14762	-28,1809	29,49226	-28,83627
28940	30,14762	-28,1809	29,49226	-28,18091
28960	30,14762	-27,52553	29,49226	-28,1809
28980	30,14762	-27,52553	29,49226	-27,52554
29000	30,14762	-27,52553	29,49227	-27,52554
29020	30,14762	-26,87017	29,49227	-27,52554
29040	30,14762	-26,87017	28,83691	-26,87018
29060	29,49226	-26,87017	28,83691	-27,52554
29080	30,14762	-26,87017	28,8369	-27,52554
29100	29,49224	-26,87018	28,18148	-26,87017
29120	28,83684	-26,2148	28,18149	-26,87017
29140	28,83684	-26,2148	28,18149	-26,87017
29160	28,83684	-26,2148	28,18148	-26,21481
29180	28,83684	-25,55944	28,18149	-26,87017
29200	28,83685	-25,55944	28,18149	-26,21481
29220	28,83685	-25,55944	27,52613	-26,21481
29240	28,18149	-25,55943	27,52614	-25,55944
29260	28,18149	-24,90407	27,52615	-25,55944
29280	28,1815	-24,90407	27,52615	-25,55944
29300	27,52614	-24,90407	26,87079	-24,90407
29320	27,52614	-24,24871	26,87079	-24,90407
29340	27,52615	-24,2487	26,87079	-24,24871
29360	26,87079	-24,2487	26,21543	-24,90407
29380	26,87079	-24,2487	26,21543	-24,90406
29400	26,87078	-24,24869	26,21544	-24,2487
29420	30,14769	-24,24869	30,80313	-25,55943
29440	30,80312	-24,90406	30,14775	-24,90406
29460	30,80312	-24,2487	30,14776	-24,2487
29480	30,80312	-24,24869	30,14776	-24,2487
29500	30,14776	-23,59333	30,14776	-24,2487
29520	30,14776	-23,59333	29,49241	-24,2487
29540	30,80312	-23,59333	29,4924	-24,2487
29560	30,14776	-23,59333	29,4924	-24,24869
29580	30,80312	-23,59333	29,4924	-24,24869
29600	30,14776	-23,59332	29,4924	-23,59333
29620	30,14776	-22,93796	29,4924	-23,59333
29640	30,14776	-22,93796	30,14776	-23,59332
29660	30,14776	-22,93796	29,49241	-23,59332
29680	30,80312	-22,93796	30,14776	-23,59332
29700	30,80311	-22,93795	30,14776	-22,93796
29720	37,35679	-22,28259	62,26081	-22,93795
29740	74,71289	-23,59329	69,46997	-22,93794
29760	68,81457	-21,62721	68,15923	-21,62721
29780	69,46994	-20,97184	68,15922	-20,97185
29800	68,81456	-20,31648	68,1592	-20,97185
29820	68,81456	-20,31648	68,15919	-20,97185
29840	68,81455	-20,31648	68,15919	-20,97185
29860	68,81454	-20,31649	68,15918	-20,97185
29880	68,81453	-20,31649	68,15918	-20,97186
29900	68,81453	-20,31649	68,15918	-20,97186
29920	68,81453	-20,97185	64,88233	-22,28259
29940	60,95009	-22,93796	60,29471	-23,59333
29960	61,60543	-22,93796	60,95006	-23,59333
29980	61,60542	-23,59332	60,2947	-24,24869
30000	60,95005	-23,59333	60,95006	-24,2487
30020	61,60541	-23,59332	60,95006	-24,24869
30040	60,95005	-23,59333	60,2947	-23,59333
30060	60,95006	-22,93797	60,2947	-23,59333
30080	60,95005	-22,93796	60,2947	-23,59334
30100	60,95006	-22,93797	60,2947	-23,59334
30120	60,95006	-22,93797	60,2947	-23,59334
30140	61,60541	-22,93797	60,2947	-23,59334
30160	61,60542	-22,93797	60,29469	-22,93798
30180	61,60541	-22,28261	60,95006	-23,59334
30200	61,60542	-22,28261	60,95006	-22,93798
30220	61,60542	-22,28261	60,95006	-22,93798
30240	62,26078	-22,93797	61,60542	-22,93798
30260	62,26078	-22,28261	61,60542	-22,93797
30280	62,26078	-22,93797	61,60542	-23,59334
30300	62,26078	-22,93797	61,60541	-22,93798
30320	74,05735	-22,93797	88,47554	-24,24869
30340	91,0971	-24,24868	88,47563	-23,59333
30360	88,47562	-22,93796	89,13099	-22,93796
30380	89,78634	-22,28259	88,47562	-22,93796
30400	89,78634	-22,2826	89,13098	-22,93796
30420	89,13097	-22,28259	88,47561	-22,93796
30440	89,13097	-22,28259	88,47561	-22,93796
30460	89,13097	-22,2826	88,47561	-22,2826
30480	89,13097	-22,2826	88,47561	-22,93796
30500	88,4756	-22,2826	88,47561	-22,93797
30520	88,4756	-22,2826	88,4756	-22,93797
30540	89,13096	-22,2826	87,82024	-22,93797
30560	88,47559	-22,93796	87,82024	-22,93797
30580	89,13095	-22,2826	88,47559	-23,59333
30600	88,47559	-22,93796	88,4756	-23,59333
30620	88,47559	-23,59333	87,82024	-23,59333
30640	88,47559	-23,59333	87,82024	-24,24869
30660	87,82023	-23,59333	87,16488	-24,24869
30680	88,47559	-23,59333	87,16488	-24,2487
30700	87,82024	-23,59333	87,16488	-24,2487
30720	87,82023	-24,24869	87,16488	-24,90406
30740	87,16487	-24,24869	87,16487	-24,90406
30760	87,16487	-24,24869	86,50952	-24,90406
30780	87,16487	-24,24869	86,50951	-24,90406
30800	87,16486	-24,90405	85,85414	-24,90406
30820	87,82024	-24,90406	90,44177	-26,21479
30840	91,09715	-24,90406	89,78642	-25,55942
30860	90,44178	-24,90405	89,78642	-25,55942
30880	89,78642	-24,90405	89,78642	-25,55942
30900	90,44177	-24,90405	89,78641	-25,55942
30920	90,44176	-25,55941	89,7864	-25,55941
30940	90,44175	-24,90404	89,13103	-25,55941
30960	89,78638	-24,90404	89,78638	-25,55941
30980	89,78638	-24,90404	89,13102	-25,5594
31000	89,78638	-24,90403	89,13102	-24,90404
31020	89,13101	-24,24868	88,47565	-24,90404
31040	89,13101	-24,24867	88,47566	-24,24868
31060	-63,56787	-23,59331	88,47565	-24,24867
31080	89,13101	-23,59331	87,82029	-24,24868
31100	89,13101	-23,59331	88,47565	-24,24868
31120	89,78636	-23,59331	89,131	-24,90405
31140	90,44172	-24,24868	89,78636	-24,90405
31160	90,44171	-24,24868	89,78635	-24,90405
31180	90,4417	-24,24868	89,78634	-24,90405
31200	91,09706	-24,90404	89,78635	-24,90405
31220	90,4417	-24,24868	89,78635	-25,55941
31240	90,44171	-24,24868	89,78635	-24,90405
31260	90,4417	-24,24868	89,78635	-24,90405
31280	90,44171	-24,24868	89,78635	-24,90405
31300	89,78635	-24,24868	89,78635	-24,90405
31320	90,4417	-24,24868	89,78635	-24,24868
31340	90,4417	-24,24868	89,13099	-24,24868
31360	90,44171	-24,24868	89,78635	-24,24868
31380	90,4417	-23,59331	89,13099	-23,59332
31400	89,78634	-22,93795	89,13099	-23,59332
31420	89,78635	-22,93795	89,13099	-22,93795
31440	89,13099	-22,93795	88,47563	-22,93796
31460	89,13099	-22,93795	89,13099	-22,93796
31480	89,78635	-22,93795	89,13098	-22,93795
31500	89,78634	-22,93794	89,13098	-22,93796
31520	89,78634	-22,28259	89,13098	-22,93795
31540	89,78633	-22,28258	89,13097	-22,93795
31560	89,78633	-21,62722	89,13097	-22,28259
31580	89,13097	-21,62722	89,13097	-22,28259
31600	89,13096	-21,62722	88,47561	-21,62722
31620	89,13096	-21,62722	88,47561	-22,28259
31640	89,78632	-21,62722	91,75247	-22,28259
31660	94,37399	-22,28259	93,71863	-22,93795
31680	93,71862	-21,62723	93,06327	-22,28259
31700	93,71862	-21,62722	93,06327	-22,28259
31720	93,06327	-21,62722	92,40791	-22,28259
31740	93,71863	-21,62722	92,40792	-21,62722
31760	93,06327	-20,97186	91,75256	-21,62722
31780	92,40792	-20,97185	91,75256	-21,62722
31800	92,40792	-20,97185	91,75257	-21,62722
31820	92,40793	-20,31649	91,75258	-20,97186
31840	92,40793	-20,31649	91,09722	-20,31649
31860	91,09722	-19,66112	91,09723	-20,31649
31880	91,75258	-19,66112	91,09723	-19,66113
31900	91,09723	-19,00576	91,09723	-19,66113
31920	91,75259	-19,00576	91,75482	-19,00576
31940	95,68488	-17,69502	94,3742	-17,69502
31960	94,37418	-17,03964	93,71882	-16,38428
31980	94,37419	-15,07354	93,71884	-15,07355
32000	93,71884	-13,76281	93,06348	-14,41817
32020	93,71884	-13,76281	90,44196	-15,07354
32040	61,60548	-20,97181	21,62768	-32,11298
32060	-5,89822	-39,97732	-20,97178	-39,32196
32080	-19,00565	-36,04514	-19,66097	-34,07905
32100	-19,66099	-32,11295	-20,31635	-31,45759
32120	-19,661	-29,4915	-20,97171	-29,4915
32140	-20,31636	-28,18076	-20,97172	-28,18077
32160	-20,31637	-27,5254	-20,97173	-27,52541
32180	-20,31638	-27,5254	-20,97173	-27,52541
32200	-20,97174	-27,5254	-20,97173	-28,18077
32220	-19,66102	-26,87002	-20,3164	-28,18074
32240	-20,97178	-27,52537	-21,62714	-28,18073
32260	-20,31642	-27,52536	-20,97178	-28,18073
32280	-20,97179	-26,87001	-21,62715	-28,18073
32300	-20,97179	-27,52537	-21,62714	-28,18074
32320	-20,97179	-28,18074	-21,62715	-28,83611
32340	-20,9718	-28,18075	-21,62715	-28,83612
32360	-20,9718	-28,83612	-21,62716	-29,49149
32380	-20,9718	-29,49148	-21,62716	-30,14685
32400	-20,31645	-30,14684	-21,62717	-30,80222
32420	-20,31645	-30,80221	-20,31646	-31,45758
32440	-19,6611	-31,45758	-20,31646	-32,11295
32460	-19,66111	-32,11294	-20,31647	-32,76832
32480	-19,00575	-32,76831	-19,66111	-33,42369
32500	-14,41812	-31,45759	-11,1412	-32,76832
32520	-11,1412	-32,11296	-11,79656	-32,76833
32540	-11,1412	-32,11296	-11,79656	-32,76833
32560	-11,14121	-32,11296	-12,45192	-32,11297
32580	-11,14121	-32,11296	-11,79656	-32,76833
32600	-11,79657	-32,11296	-11,79657	-32,76833
32620	-11,79657	-32,11296	-12,45193	-32,76833
32640	-11,79657	-32,11297	-12,45193	-32,11298
32660	-11,79657	-31,45761	-12,45192	-32,11298
32680	-12,45194	-31,45762	-17,69491	-32,76835
32700	-19,00569	-32,11298	-18,35032	-32,11299
32720	-17,69496	-31,45762	-18,35032	-32,11298
32740	-17,03961	-30,80226	-17,69497	-31,45762
32760	-17,03961	-31,45762	-17,69498	-32,11299
32780	-17,03962	-31,45762	-17,69498	-32,11299
32800	-17,03963	-31,45762	-17,69499	-32,11299
32820	-17,03963	-31,45762	-17,69499	-32,11299
32840	-17,03964	-31,45762	-17,69499	-32,11299
32860	-17,03963	-31,45762	-17,695	-32,11299
32880	-17,03964	-31,45762	-17,695	-32,11299
32900	-17,03965	-31,45763	-17,69501	-32,113
32920	-17,03966	-32,11299	-17,03966	-32,113
32940	-17,03968	-32,113	-17,69504	-32,76837
32960	-15,72896	-32,113	-7,8645	-31,45764
32980	11,79658	-30,14692	13,76276	-31,45766
33000	11,79663	-30,14693	10,48591	-30,8023
33020	11,79663	-30,80229	10,48591	-30,8023
33040	11,14127	-29,49157	10,48591	-30,14694
33060	10,48591	-30,14693	9,17519	-30,14694
33080	10,48591	-29,49157	9,17519	-30,14694
33100	9,83055	-29,49157	8,51983	-30,14694
33120	9,17518	-29,49157	7,86447	-30,14694
33140	8,51983	-29,49157	7,86446	-30,14694
33160	8,51982	-29,49157	7,86447	-30,14694
33180	6,55372	-30,14694	1,96616	-32,11303
33200	1,96615	-30,8023	2,62152	-31,45767
33220	2,62152	-30,8023	1,96616	-31,45767
33240	3,27688	-30,8023	1,96616	-31,45767
33260	2,62151	-30,8023	1,96615	-31,45767
33280	3,27686	-30,8023	1,96614	-31,45767
33300	2,62149	-30,8023	7,20906	-30,8023
33320	22,28258	-30,14693	23,59342	-30,8023
33340	22,28266	-30,14693	20,97193	-29,49158
33360	21,6273	-29,49157	21,6273	-29,49158
33380	22,28266	-29,49157	21,6273	-29,49158
33400	22,28265	-28,83621	21,6273	-29,49158
33420	21,62729	-28,83621	21,6273	-29,49158
33440	21,62729	-28,83621	20,97193	-29,49158
33460	20,97193	-29,49158	20,97193	-29,49159
33480	20,97193	-29,49158	20,31657	-30,14695
33500	20,97192	-29,49158	20,97193	-30,14695
33520	20,97192	-29,49158	20,31657	-30,80231
33540	20,97192	-30,14695	21,62731	-30,80231
33560	25,55959	-30,80231	24,90427	-32,11305
33580	24,90425	-31,45768	24,2489	-32,11304
33600	24,90425	-31,45768	24,2489	-32,11305
33620	24,90426	-31,45768	24,2489	-32,11305
33640	24,90426	-31,45768	24,2489	-32,11305
33660	24,2489	-31,45768	23,59354	-32,11305
33680	24,2489	-31,45768	23,59354	-32,11305
33700	23,59354	-31,45769	23,59354	-32,76841
33720	24,2489	-31,45769	22,93819	-32,11306
33740	23,59355	-31,45769	22,28282	-32,76842
33760	19,66128	-33,42378	17,03979	-34,73452
33780	19,00588	-33,42379	18,35052	-34,07916
33800	19,00587	-34,07915	17,69515	-34,07916
33820	19,00586	-34,07915	18,35051	-34,07916
33840	19,00586	-33,42379	18,35051	-34,07916
33860	19,00586	-33,42379	18,3505	-34,07916
33880	19,00586	-33,42379	17,69514	-34,07915
33900	19,00586	-33,42379	18,3505	-33,42379
33920	18,3505	-33,42379	17,69514	-34,07915
33940	18,3505	-33,42379	17,69514	-34,07916
33960	18,35049	-33,42379	17,69514	-34,07916
33980	17,69514	-33,4238	17,03978	-34,07916
34000	18,3505	-33,4238	17,03978	-34,07917
34020	18,35049	-33,4238	17,69514	-34,07917
34040	18,35049	-34,07916	17,69513	-34,07917
34060	18,35049	-34,07916	17,69513	-34,73453
34080	18,35048	-34,07917	17,69513	-34,73453
34100	18,35048	-34,07917	17,69512	-34,73453
34120	19,00584	-34,07917	17,69512	-34,73453
34140	19,00584	-34,07917	17,69512	-34,73454
34160	18,35048	-34,73453	17,69513	-34,73454
34180	18,35048	-34,73453	17,69512	-34,73454
34200	18,35048	-34,73453	17,69512	-34,73454
34220	18,35048	-34,73453	17,69513	-34,73454
34240	18,35048	-34,73454	17,69512	-34,73454
34260	18,35048	-34,73454	17,69513	-35,38991
34280	18,35048	-34,73454	17,69513	-35,3899
34300	18,35049	-34,73454	17,69513	-34,73455
34320	18,35049	-34,73454	17,69514	-35,38991
34340	17,03975	-35,3899	15,729	-36,04527
34360	17,03972	-35,38991	16,38436	-36,04527
34380	17,03972	-35,38991	16,38436	-36,04527
34400	17,69507	-36,04526	17,03972	-36,04527
34420	17,69507	-36,04526	17,03972	-36,04527
34440	17,69507	-36,04526	17,03972	-36,04527
34460	17,69507	-35,3899	17,03971	-36,70063
34480	17,69507	-36,04527	17,03971	-36,70063
34500	17,69507	-36,04526	17,03972	-36,70063
34520	17,69507	-36,04526	17,03971	-36,04527
34540	17,69508	-35,3899	17,03972	-36,04527
34560	17,69508	-36,04527	17,69508	-36,04527
34580	18,35044	-36,04526	17,03972	-36,70063
34600	18,35044	-36,04527	17,69508	-36,04527
34620	18,35043	-36,04526	17,69508	-36,04527
34640	23,59344	-35,3899	24,90429	-36,70063
34660	24,9043	-36,70063	24,24893	-36,70063
34680	24,90429	-36,04526	24,24894	-36,04527
34700	24,90429	-35,38991	24,24894	-36,04527
34720	24,24893	-35,3899	24,24894	-36,04527
34740	24,24893	-35,3899	24,24893	-36,04527
34760	24,24893	-35,3899	24,24894	-36,04527
34780	24,24893	-35,3899	23,59358	-35,38991
34800	24,90429	-34,73454	24,24894	-35,3899
34820	24,24893	-34,73454	23,59358	-35,38991
34840	24,24893	-35,3899	23,59358	-35,3899
34860	24,24894	-34,73453	24,24895	-35,3899
34880	24,90431	-34,73453	24,24895	-35,3899
34900	24,24895	-34,73453	25,55978	-35,3899
34920	35,39053	-34,73452	39,32288	-36,04525
34940	37,35679	-34,73452	36,04606	-34,73452
34960	37,35678	-33,42379	36,70142	-34,07916
34980	37,35678	-33,42378	36,70142	-33,42379
35000	37,35677	-32,11306	37,35677	-32,76843
35020	-63,56867	-32,11306	37,35678	-32,76843
35040	38,01213	-32,11306	37,35677	-32,76843
35060	38,01213	-32,11306	37,35677	-32,76843
35080	38,66749	-32,11306	37,35677	-32,76843
35100	38,01212	-32,11306	37,35676	-32,76843
35120	38,01212	-32,76842	36,7014	-32,76843
35140	38,01212	-32,11306	37,35676	-33,42379
35160	38,01212	-32,76842	35,39066	-33,4238
35180	30,14767	-34,73452	27,52618	-36,04526
35200	28,8369	-35,38989	28,83691	-36,04526
35220	28,83691	-35,38989	28,18155	-36,04526
35240	29,49227	-35,38989	28,18155	-36,04526
35260	28,8369	-35,38989	28,18155	-36,04526
35280	29,49227	-35,38989	28,18154	-36,04526
35300	28,8369	-35,38989	28,18154	-36,04526
35320	28,8369	-35,3899	27,52619	-36,04526
35340	28,18154	-35,3899	27,52619	-36,04526
35360	28,18155	-35,3899	27,52619	-36,04526
35380	28,18155	-35,38989	27,52619	-36,04526
35400	28,18155	-35,38989	27,52619	-36,04526
35420	28,18155	-35,3899	27,52619	-36,04526
35440	28,18154	-36,04526	27,52619	-36,04527
35460	28,18155	-35,3899	27,52619	-36,70063
35480	28,18154	-36,04526	30,80303	-36,04527
35500	35,39064	-36,04526	34,07993	-36,70063
35520	34,07991	-35,3899	34,07992	-36,70063
35540	34,73528	-36,04526	33,42455	-36,70063
35560	34,73527	-36,04526	33,42455	-36,70063
35580	34,07991	-36,04526	34,07991	-36,70063
35600	34,73527	-36,04526	34,07991	-36,70063
35620	34,73526	-36,04526	34,0799	-36,70063
35640	34,73525	-36,04526	34,07989	-37,35599
35660	34,73525	-36,70063	34,73525	-37,356
35680	35,3906	-36,70063	34,73525	-37,356
35700	35,3906	-36,70063	34,73524	-37,356
35720	35,3906	-36,70063	34,07988	-38,01136
35740	32,76911	-38,01136	32,76912	-38,01136
35760	34,07985	-38,01136	32,76912	-38,01137
35780	33,42448	-37,356	32,76912	-38,01136
35800	33,42448	-37,356	32,76912	-38,01136
35820	34,07984	-37,356	32,76912	-38,01136
35840	33,42448	-37,35599	33,42448	-38,01137
35860	34,07984	-37,356	33,42447	-38,01136
35880	34,07983	-37,356	33,42448	-38,01136
35900	34,07983	-37,356	33,42447	-38,01136
35920	34,73519	-37,356	34,07983	-38,01136
35940	34,73519	-37,356	34,07983	-38,01136
35960	37,35665	-37,35599	49,80867	-37,35599
35980	57,67311	-36,70062	56,36239	-37,35599
36000	56,36238	-35,38989	55,70703	-36,70062
36020	56,36239	-36,04525	55,70703	-36,04525
36040	56,36238	-34,73453	55,05167	-35,3899
36060	55,70703	-34,73453	55,70703	-35,3899
36080	55,70703	-34,73453	55,05168	-34,73453
36100	55,70703	-34,07916	54,39632	-34,07917
36120	55,05167	-33,4238	54,39632	-34,07917
36140	54,39632	-32,76844	54,39632	-33,4238
36160	54,39632	-32,76842	53,74096	-33,4238
36180	55,05168	-32,76843	71,43583	-33,4238
36200	88,47549	-34,73451	90,44166	-34,73452
36220	88,47554	-34,07915	87,16482	-34,07916
36240	88,47555	-32,76842	87,82018	-33,42379
36260	87,82018	-32,76842	87,82017	-33,42379
36280	88,47552	-32,76842	87,82016	-33,4238
36300	87,82016	-32,76843	87,1648	-33,4238
36320	88,47551	-32,76843	87,1648	-33,4238
36340	88,47551	-32,11307	87,16479	-32,76843
36360	87,82015	-32,11307	87,1648	-32,76843
36380	87,82015	-32,11306	87,1648	-32,76843
36400	87,82015	-32,11306	86,50943	-32,76843
36420	87,82015	-32,11306	86,50944	-32,76843
36440	87,16479	-32,11306	86,50944	-32,11307
36460	87,16479	-31,4577	85,85407	-32,11307
36480	87,16479	-31,4577	85,85408	-32,11307
36500	87,16479	-32,11306	86,50943	-32,11307
36520	87,16479	-31,4577	86,50943	-32,11307
36540	85,19868	-32,76843	81,26646	-33,4238
36560	80,61106	-32,76844	80,61108	-33,4238
36580	81,92179	-32,76843	80,61107	-33,4238
36600	81,26643	-32,76844	80,61108	-33,42381
36620	81,9218	-32,76844	81,26643	-33,42381
36640	81,9218	-32,76844	80,61108	-33,4238
36660	81,9218	-32,76844	81,26644	-33,4238
36680	81,9218	-32,76844	81,26645	-33,4238
36700	81,26644	-32,11307	79,95572	-32,76844
36720	80,61108	-31,4577	79,95573	-32,11307
36740	80,61108	-30,80234	79,95573	-31,45771
36760	80,61109	-30,80234	79,95573	-30,80235
36780	80,61109	-30,14698	79,30038	-30,80234
36800	80,6111	-30,14698	79,95574	-30,14698
36820	80,6111	-29,49161	71,43595	-32,76844
36840	26,87084	-40,63279	8,51993	-51,1186
36860	-24,24869	-56,3615	-28,83629	-55,05078
36880	-25,55941	-51,77396	-26,21475	-50,46324
36900	-26,21475	-47,18642	-26,8701	-45,8757
36920	-26,21474	-44,56497	-26,87011	-44,56498
36940	-26,21475	-43,25425	-26,21474	-43,25425
36960	-25,5594	-41,94352	-26,21476	-41,94353
36980	-25,55942	-41,28816	-26,2148	-41,94353
37000	-25,55944	-40,63279	-26,21481	-41,28816
37020	-25,55946	-41,28815	-25,55947	-41,94352
37040	-26,2149	-43,25423	-28,18102	-44,56495
37060	-26,21493	-43,25423	-26,87028	-43,25423
37080	-26,21493	-42,59887	-26,87029	-43,25423
37100	-26,21493	-42,59887	-26,87029	-43,9096
37120	-26,21494	-43,25423	-26,87029	-43,90961
37140	-26,21494	-43,25424	-26,21494	-44,56498
37160	-25,55958	-43,90961	-26,21494	-43,90962
37180	-25,55958	-43,90961	-26,21494	-44,56498
37200	-25,55959	-43,90961	-26,21494	-44,56498
37220	-25,55959	-43,90961	-25,55958	-45,22034
37240	-24,90423	-44,56498	-25,55959	-45,22035
37260	-24,90423	-44,56498	-25,55958	-45,22035
37280	-24,90423	-44,56499	-25,55959	-45,22035
37300	-24,90423	-43,90963	-25,55958	-44,56499
37320	-24,24887	-44,56499	-25,55959	-45,22035
37340	-24,90423	-44,56499	-25,55959	-45,22035
37360	-22,93808	-42,59891	-11,79672	-43,25427
37380	-5,89836	-43,25426	-7,86445	-43,25427
37400	-7,2091	-41,94354	-8,51981	-41,94354
37420	-7,86445	-40,63281	-8,51981	-41,28818
37440	-7,86446	-40,63281	-9,17518	-40,63282
37460	-8,51982	-40,63281	-9,17518	-40,63282
37480	-8,51982	-39,97745	-9,17518	-40,63282
37500	-9,17518	-39,97745	-9,83054	-40,63281
37520	-9,17518	-39,97745	-9,83054	-40,63282
37540	-9,17518	-39,97745	-9,83054	-40,63282
37560	-9,17518	-39,97745	-9,83055	-40,63282
37580	-9,1752	-40,63282	-9,83056	-40,63282
37600	-9,17521	-40,63282	-9,83056	-41,28819
37620	-8,51985	-40,63282	-9,83057	-41,28819
37640	-9,17521	-40,63282	-9,83057	-41,28819
37660	-9,17521	-40,63282	-9,83057	-41,28819
37680	-9,17522	-41,28818	-10,48594	-41,28819
37700	-9,83058	-40,63282	-6,55374	-41,28819
37720	-0,65541	-41,28819	-1,0000000003174E-5	-41,28821
37740	-1,9999999999243E-5	-41,28819	-0,65538	-41,2882
37760	-0,65538	-40,63283	-1,31074	-40,63284
37780	-63,56994	-40,63283	-1,31074	-41,28685
37800	-0,65539	-40,63284	-1,96611	-41,94357
37820	-1,31075	-40,63284	-1,96611	-41,28821
37840	-1,31075	-40,63284	-1,96611	-41,28821
37860	-1,31076	-40,63284	-2,62147	-41,28821
37880	-1,96612	-40,63284	-2,62148	-41,28821
37900	-3,0000000002417E-5	-40,63284	12,45201	-40,63284
37920	19,00583	-40,63283	17,03976	-40,63284
37940	17,03974	-39,97747	16,3844	-39,97748
37960	17,03976	58,98189	15,72904	-39,32212
37980	16,3844	-38,66675	15,72904	-39,32211
38000	16,38439	-38,01139	15,07368	-38,66676
38020	15,72903	-38,66675	15,07368	-38,66675
38040	15,72903	-38,66675	15,07368	-38,66676
38060	15,07367	-38,01139	14,41832	-38,66675
38080	15,72903	-38,01138	15,07367	-38,66675
38100	15,72903	-38,01138	14,41831	-38,66675
38120	15,07367	-38,01138	14,41831	-38,66675
38140	15,07367	-38,01138	14,4183	-38,66675
38160	15,07366	-37,35602	14,4183	-38,01139
38180	15,72902	-37,35602	15,07365	-38,01139
38200	15,72901	-37,35602	15,729	-37,35603
38220	16,38436	-36,70066	15,729	-37,35603
38240	16,38435	-37,35602	17,69511	-37,35603
38260	23,5936	-37,35602	22,93846	-38,66674
38280	22,2831	-37,35602	20,31701	-37,35602
38300	20,97237	-36,04529	20,97238	-36,70066
38320	20,97236	-35,38993	20,31701	-36,04529
38340	20,97237	-35,38993	19,66165	-36,04529
38360	20,317	-34,73456	19,66165	-35,38993
38380	20,31701	-34,73456	19,66165	-35,38993
38400	20,31701	-34,73457	19,66165	-35,38993
38420	20,317	-34,73457	19,66164	-35,38994
38440	20,31685	-36,70067	17,03986	-38,66676
38460	17,69519	-38,66675	17,69521	-38,66676
38480	18,35056	-38,01139	17,6952	-38,01139
38500	18,35056	-38,01138	17,6952	-38,01139
38520	17,69519	-38,01138	17,03984	-38,01139
38540	18,35055	-38,01139	17,69519	-38,66675
38560	17,69519	-38,01138	17,6952	-38,01139
38580	18,35055	-37,35602	17,03984	-38,66675
38600	17,6952	-38,01138	17,03984	-38,01139
38620	17,6952	-37,35602	17,03984	-38,01139
38640	17,03983	-38,01138	16,38448	-38,66675
38660	19,00597	-37,35602	20,97236	-38,01138
38680	26,21546	-38,66673	22,93865	-38,66675
38700	22,93862	-37,35601	22,28328	-37,35601
38720	22,93863	-36,70065	22,28327	-37,35602
38740	22,93862	-36,70065	22,28327	-37,35601
38760	22,28326	-36,70064	22,28326	-36,70065
38780	22,28326	-36,04529	21,6279	-36,70065
38800	22,93861	-36,04529	21,6279	-36,70066
38820	22,9386	-36,04529	22,28324	-36,70065
38840	22,9386	-36,04529	22,28324	-36,70066
38860	22,9386	-36,04529	22,28324	-36,0453
38880	22,93859	-36,04529	22,28323	-36,0453
38900	22,93858	-35,38993	22,28323	-36,0453
38920	22,93858	-35,38993	22,28323	-36,70066
38940	20,97248	-36,70066	19,66173	-36,70067
38960	20,3171	-35,38994	19,66174	-36,0453
38980	19,66173	-36,04529	19,66174	-35,38993
39000	20,3171	-35,38993	19,66174	-35,38993
39020	20,3171	-35,38993	20,3171	-36,0453
39040	20,97245	-35,38993	20,31709	-36,04531
39060	21,6278	-36,0453	20,97244	-37,35604
39080	22,28315	-37,35604	21,62779	-38,66677
39100	22,9385	-38,66677	22,28313	-39,97751
39120	22,93848	-41,28824	22,93846	-46,53118
39140	24,24916	-53,74023	24,90448	-64,22611
39160	26,21516	-68,81369	24,90444	-68,15834
39180	26,87054	-65,53687	38,66719	-59,63859
39200	55,05146	-51,11881	60,94989	-45,87586
39220	60,29456	-41,94364	58,98385	-39,97754
39240	59,63922	-37,35608	58,98387	-36,70071
39260	58,98387	-34,7346	58,32852	-34,07924
39280	58,98387	-32,76851	58,32851	-33,42387
39300	58,98386	-32,7685	58,32851	-32,7685
39320	58,3285	-31,45777	57,67314	-31,45777
39340	58,3285	-30,8024	57,67315	-31,45776
39360	58,3285	-30,14702	57,67315	-30,14703
39380	58,32851	-28,83629	57,67315	-28,8363
39400	58,32851	-28,18092	57,01779	-28,18093
39420	57,67316	-27,52556	57,0178	-27,52556
39440	57,67315	-26,21483	57,01779	-26,87019
39460	58,32851	-26,21482	57,67316	-26,87019
39480	58,98387	-26,87018	58,32852	-27,52555
39500	59,63923	-27,52554	58,98388	-28,83627
39520	60,94995	-28,18091	60,94996	-29,49164
39540	62,26067	-30,147	70,12505	-40,63286
39560	89,78609	-68,15823	101,58281	-107,48016
39580	101,58272	-128,45187	98,96116	-132,3841
39600	100,92721	-133,03949	100,92722	-133,69487
39620	101,58257	-132,38415	100,9272	-132,38417
39640	101,58256	-131,72881	100,92721	-131,72882
39660	101,58257	-130,4181	101,58258	-131,07347
39680	102,23794	-130,41811	102,23795	-130,41812
39700	102,23796	-129,10739	101,58262	-128,45204
39720	102,23799	-127,79667	100,92728	-128,45204
39740	100,92729	-127,14131	99,61657	-127,14131
39760	100,27194	-125,83058	98,96123	-125,17522
39780	100,27196	-126,48594	110,10254	-131,07349
39800	119,93319	-135,66102	117,96713	-135,00567
39820	117,31173	-132,38422	116,65638	-131,72886
39840	117,9671	-131,72885	117,31175	-131,72886
39860	117,96711	-131,72885	117,96711	-132,38422
39880	118,62247	-131,72886	118,62246	-132,38422
39900	119,93318	-132,38422	119,27781	-133,69495
39920	119,93316	-133,69495	118,62244	-134,35032
39940	119,93315	-134,35032	119,27778	-134,35033
39960	119,93312	-135,00568	119,27776	-136,31641
39980	119,9331	-136,97178	119,93309	-138,28252
