T	LX	LY	RX	RY
0	0	0	0	0
20	-0,65536	0,65537	-1,0000000003174E-5	0
40	-1,31072	1,31074	-0,65537	1,31075
60	-1,31072	1,96612	-0,65537	1,9661
80	-1,31072	1,96612	-0,65537	1,96611
100	-1,31072	2,62148	-0,65537	3,27685
120	-1,31072	3,93222	-1,31073	3,93222
140	-1,96608	4,5876	-1,30819	4,58759
160	-1,96609	4,58761	-1,9661	4,5876
180	-1,96608	5,89834	-1,9661	5,24297
200	-2,62145	6,55371	-1,9661	5,89834
220	-3,27681	7,20908	-1,9661	5,89836
240	-3,27681	7,2091	-2,62146	7,2091
260	-3,27681	7,86448	-2,62146	7,2091
280	-3,27681	7,86448	-1,96609	6,55374
300	-2,62145	7,20911	-1,9661	5,89837
320	-2,62144	6,55374	-1,96609	5,243
340	-2,62144	5,89837	-1,96609	5,243
360	-2,62144	5,24301	-1,96609	4,58762
380	-2,62144	3,93227	-1,31072	2,62152
400	-1,96608	3,27689	-0,65536	1,96614
420	-1,31072	2,62152	-0,65536	1,96614
440	-1,31071	2,6215	-0,65536	1,96614
460	-1,31071	2,62152	-0,65536	1,96614
480	-1,96607	2,62151	-0,65536	1,96614
500	-1,31071	2,62151	-0,65536	2,6215
520	-1,31071	3,27687	-0,65535	2,6215
540	-1,31071	3,27688	-0,65536	2,62151
560	-1,31071	3,27688	-0,65535	2,62151
580	-1,96606	3,93225	-0,65535	2,62152
600	-1,3107	3,93225	-1,31071	3,27688
620	-1,96606	3,93225	-0,65534	3,93224
640	-1,96606	3,93225	-0,65534	3,27687
660	-1,96606	4,58761	-1,3107	4,5876
680	-1,96606	4,58762	-1,3107	3,93225
700	-1,96605	5,24298	-2,62143	4,5876
720	-12,45191	5,89834	-15,07339	6,55372
740	-15,72872	7,86447	-14,418	7,2091
760	-15,07337	7,2091	-15,07337	6,55373
780	-15,72872	7,86446	-14,418	7,20909
800	-15,07335	7,86447	-14,418	7,20909
820	-15,72871	7,2091	-14,418	6,55372
840	-14,41799	6,55373	-14,41799	5,89836
860	-15,07334	6,55372	-13,76263	5,89835
880	-14,41798	6,55372	-13,76262	5,24298
900	-15,07334	6,55372	-13,76262	5,89834
920	-14,41798	5,89835	-13,76263	5,89834
940	-14,41798	6,55371	-11,14117	5,24298
960	-5,24285	7,86446	-5,24284	7,20909
980	-7,20893	7,86447	-5,89822	7,20909
1000	-6,55358	7,86446	-5,89822	7,20909
1020	-6,55357	8,51983	-6,55358	7,2091
1040	-7,20894	7,86447	-5,89822	7,2091
1060	-6,55358	7,86446	-5,89822	6,55372
1080	-6,55357	6,55372	-5,24286	5,89835
1100	-5,89822	4,58761	-5,24287	2,6215
1120	-5,89822	3,27687	-5,24287	2,6215
1140	-6,55358	3,93223	-5,89823	3,27686
1160	-7,20895	3,93224	-7,20895	3,27687
1180	-7,86431	3,93224	-7,86431	3,93222
1200	-9,17503	4,5876	-1,96602	5,24297
1220	6,55381	7,86448	8,51994	8,51983
1240	5,89848	8,51985	6,55382	7,86446
1260	5,89847	7,86447	6,55382	7,20909
1280	5,89847	7,20909	6,55382	6,55371
1300	5,89846	6,55372	5,89846	5,24298
1320	5,89846	5,89835	6,55382	4,58761
1340	5,89846	5,24297	6,55381	4,58759
1360	5,89846	4,58761	6,55382	4,58759
1380	5,89846	4,5876	7,20918	3,93223
1400	6,55382	3,93224	7,86454	3,27686
1420	6,55383	3,93223	7,86454	3,27686
1440	7,20919	3,27687	7,86455	3,27685
1460	7,20919	3,27686	7,86455	2,62149
1480	7,2092	3,27685	8,51992	1,96611
1500	7,86457	2,62148	8,51993	2,62147
1520	7,86456	2,62147	11,14138	1,96611
1540	17,03975	4,58761	18,35051	4,58761
1560	16,38441	5,24299	17,03975	4,58761
1580	16,38439	5,24298	17,03975	4,58761
1600	16,38438	5,24297	17,03974	3,93224
1620	16,38438	4,58761	17,03974	4,5876
1640	16,38438	4,58761	17,6951	3,93223
1660	16,38438	4,58761	17,03974	4,5876
1680	16,38438	5,24297	17,03974	4,5876
1700	16,38438	5,24298	17,03974	4,5876
1720	15,72902	5,24297	16,38437	4,5876
1740	20,97197	5,243	28,83647	7,86447
1760	29,4919	8,51986	28,83651	7,20914
1780	28,18113	8,51988	28,18113	7,86451
1800	28,18113	8,51988	28,83649	7,86451
1820	28,18113	8,51988	28,83649	7,20914
1840	28,18113	7,86452	28,83649	7,20914
1860	28,18114	7,86451	28,83649	7,20913
1880	28,18113	7,8645	28,83649	7,20912
1900	27,52578	7,8645	28,83649	6,55376
1920	27,52577	7,20913	29,49186	7,20912
1940	37,35635	13,10746	43,91009	15,07358
1960	42,59938	14,41823	42,59935	13,76286
1980	41,94399	14,41822	42,59935	13,76285
2000	41,94399	13,76285	41,94399	13,10748
2020	41,94399	13,10748	42,59935	12,4521
2040	41,94399	12,45211	42,59935	11,79672
2060	42,59935	11,14136	43,25471	9,83062
2080	42,59935	10,48599	42,59934	9,17525
2100	41,94399	9,83062	42,59934	9,17525
2120	41,94398	9,83062	43,2547	9,17524
2140	55,05128	15,07356	68,15864	17,69504
2160	68,15866	17,69505	67,50326	16,38431
2180	66,8479	17,03968	67,50326	15,72893
2200	66,19254	16,38431	67,50325	16,38429
2220	66,19253	16,38429	66,84788	15,72892
2240	66,84789	15,72892	67,50324	15,07354
2260	66,84789	15,72891	67,50324	15,07354
2280	66,84788	15,07354	66,84788	15,07354
2300	66,19252	15,72891	66,84787	15,07354
2320	66,19252	15,07354	66,84787	15,07353
2340	65,53715	14,41817	66,1925	13,76279
2360	64,88179	14,41816	72,74614	17,69499
2380	86,50891	27,52552	93,06263	27,52555
2400	91,09652	27,52557	90,44113	27,52555
2420	90,44113	28,18091	91,09649	26,87018
2440	90,44113	27,52555	91,75184	26,87018
2460	91,09649	27,52555	91,75184	26,87018
2480	91,09648	28,18092	91,75184	27,52555
2500	91,09648	27,52557	91,75184	27,52556
2520	91,09648	28,18093	91,75183	26,8702
2540	91,09648	27,52557	91,75183	27,52556
2560	91,09647	28,18093	91,75183	27,52556
2580	91,09647	28,18093	91,75182	26,87019
2600	91,09647	27,52556	91,75182	26,21482
2620	76,02305	15,07361	31,45811	1,96629
2640	9,17535	4,58772	-4,58747	7,86453
2660	-4,58745	11,14137	-3,27672	11,14136
2680	-4,58746	12,4521	-4,58747	12,45208
2700	-4,58747	12,45208	-3,27675	11,14133
2720	-4,58747	11,14133	-3,93212	9,83058
2740	-3,93211	9,83058	-3,27676	8,51983
2760	-3,93211	8,51982	-3,27676	7,20908
2780	-3,27675	6,55371	-2,6214	5,89833
2800	-3,27675	5,24296	-1,96603	3,27684
2820	-2,62138	3,27684	-1,31066	1,96609
2840	-1,96602	1,96609	-1,31066	0,65535
2860	-1,96601	1,31071	-1,31066	-0,6554
2880	-1,31065	-0,6554	-0,6553	-1,31077
2900	-0,65529	-1,31078	7,0000000000903E-5	-1,96616
2920	-0,65529	-1,96615	0,65543	-3,27689
2940	7,9999999996971E-5	-2,62152	1,31079	-3,93226
2960	0,65544	-3,27689	1,31079	-3,93227
2980	0,65543	-3,2769	1,96615	-5,243
3000	1,31079	-4,58764	1,31078	-5,24301
3020	1,96615	-5,24301	11,14129	-4,58761
3040	15,72894	-3,27685	15,72894	-3,93222
3060	14,4182	-3,27685	15,07355	-4,58759
3080	15,07355	-3,93221	15,07355	-3,93223
3100	15,07355	-3,93222	15,72891	-4,58759
3120	15,07356	-4,58759	15,72891	-4,58759
3140	15,07355	-3,93222	16,38427	-5,24295
3160	15,72891	-4,58757	16,38426	-4,58758
3180	15,7289	-4,58757	15,7289	-5,24294
3200	15,07354	-4,58757	15,7289	-5,24294
3220	15,07354	-4,58757	15,72889	-5,24294
3240	14,41818	-4,58757	15,07353	-5,24294
3260	17,695	-5,24292	28,83632	-2,62144
3280	30,80254	-1,31067	30,14717	-2,62139
3300	28,83642	-1,31067	29,49177	-1,96604
3320	28,83642	-1,96603	29,49177	-2,62141
3340	28,83641	-1,96603	28,83641	-2,62141
3360	28,83641	-2,62141	29,49177	-3,93215
3380	28,18105	-3,93214	29,49176	-4,58752
3400	28,18105	-3,93215	28,8364	-4,58753
3420	28,18105	-4,58753	29,49176	-5,2429
3440	28,18105	-5,24289	28,8364	-5,89826
3460	28,83641	-5,2429	29,49176	-5,89827
3480	28,18105	-5,89827	28,8364	-6,55365
3500	28,83641	-6,55363	28,83641	-7,20901
3520	28,83641	-6,55363	28,8364	-6,55365
3540	28,18105	-6,55364	29,49176	-7,20902
3560	28,18105	-7,86438	28,8364	-7,86439
3580	28,18105	-7,20902	28,8364	-7,86439
3600	27,52568	-7,20903	28,8364	-7,86439
3620	28,18104	-7,20902	28,8364	-7,8644
3640	28,18104	-7,20903	28,18104	-7,8644
3660	27,52568	-7,86439	28,18103	-8,51977
3680	29,49178	-6,55365	44,56529	5,000000000166E-5
3700	55,05125	3,27692	53,74053	1,31083
3720	51,11905	1,96619	51,77439	0,65544
3740	51,11903	0,65545	51,77439	-0,6553
3760	50,46367	-0,6553	51,77438	-2,62141
3780	51,77439	-1,96605	52,42975	-3,27679
3800	51,77439	-2,62142	53,08511	-3,2768
3820	53,08511	-3,27679	53,74047	-3,93217
3840	53,74047	-3,93216	54,39583	-4,58754
3860	53,74048	-4,58753	54,39583	-4,58754
3880	53,74047	-4,58753	55,05119	-5,2429
3900	66,19241	-1,31068	74,71222	0,65543
3920	74,05687	1,31081	74,05684	0,65544
3940	73,40147	1,31081	74,71219	0,65544
3960	74,05684	1,31081	74,71219	0,65544
3980	74,05683	1,31081	74,71219	0,65544
4000	73,40147	1,31082	74,71219	0,65544
4020	74,05683	1,31081	74,71219	0,65544
4040	73,40147	1,31081	74,71218	0,65544
4060	73,40147	0,65545	74,71218	8,0000000004077E-5
4080	73,40147	1,31082	74,05682	0,65544
4100	73,40147	1,31082	74,05682	1,31081
4120	72,7461	1,96619	75,36754	1,96618
4140	85,19806	6,55379	91,0964	7,86453
4160	89,13032	9,17529	89,13029	9,83064
4180	88,47492	10,48601	89,13028	9,83063
4200	87,81956	10,48601	89,13027	9,83063
4220	88,47492	10,486	88,47491	9,83062
4240	87,81955	9,83063	89,13027	8,51989
4260	88,47491	9,17526	89,13026	8,51988
4280	88,47491	9,17525	89,13027	8,51987
4300	88,47491	7,20914	76,67832	-5,89818
4320	35,39022	-15,0733	13,10747	-16,38405
4340	5,24298	-11,14115	8,51981	-9,17506
4360	8,51982	-8,5197	8,5198	-9,17508
4380	7,20908	-7,86436	8,5198	-9,1751
4400	7,86444	-9,17511	8,51979	-9,8305
4420	7,86444	-9,17514	8,51979	-10,48588
4440	7,86443	-10,48588	8,51978	-11,79663
4460	8,51979	-12,45199	9,17515	-13,76274
4480	8,5198	-13,76275	6,55367	-11,14128
4500	2,62148	-9,17515	3,9322	-9,17516
4520	3,27683	-9,17516	4,58754	-10,4859
4540	3,27683	-9,83053	4,58754	-11,79663
4560	3,93219	-11,14126	4,58754	-11,79664
4580	3,93218	-12,45199	4,58754	-13,10737
4600	3,93219	-12,452	4,58754	-13,76274
4620	3,93219	-13,76274	5,2429	-14,41811
4640	4,58755	-13,76274	5,24291	-15,07348
4660	4,58755	-14,41811	5,24291	-15,07349
4680	5,24292	-15,07348	5,89827	-15,72885
4700	5,24292	-15,07349	5,89827	-15,72886
4720	5,24292	-15,72885	5,89827	-16,38424
4740	5,24292	-16,38422	6,55364	-17,69496
4760	13,76269	-15,72881	20,97181	-14,41806
4780	19,66112	-13,76268	19,00572	-15,07343
4800	19,00572	-14,41807	19,66107	-15,7288
4820	18,35036	-14,41807	19,00571	-15,07344
4840	18,35035	-14,41807	19,0057	-15,72881
4860	18,35034	-15,07344	19,0057	-16,38418
4880	18,35289	-15,72881	19,0057	-16,38419
4900	17,69499	-15,72882	19,0057	-16,38419
4920	18,35034	-16,38419	19,0057	-16,3842
4940	18,35035	-16,38419	19,0057	-17,69493
4960	17,69499	-17,03957	18,35034	-18,35031
4980	22,28255	-17,69491	33,42391	-15,07342
5000	35,39011	-13,76265	34,73472	-15,72875
5020	32,7686	-15,07339	33,42395	-15,0734
5040	32,11323	-15,07339	32,76858	-15,72876
5060	31,45786	-15,72876	32,11322	-16,38414
5080	31,45787	-15,72878	32,76858	-17,03952
5100	31,45786	-17,03952	32,11322	-17,6949
5120	31,45786	-17,03953	32,11321	-18,35027
5140	30,80249	-17,6949	32,1132	-19,00564
5160	30,80248	-18,35026	31,45784	-18,35028
5180	30,80247	-18,35027	30,80247	-19,00564
5200	30,14711	-18,35027	30,80247	-19,00565
5220	30,14711	-18,35028	30,80246	-19,00566
5240	32,76858	-18,35027	46,53134	-15,07341
5260	53,08508	-13,10727	52,4297	-15,07336
5280	51,11896	-14,41801	51,7743	-15,07338
5300	51,11895	-15,07337	51,11894	-16,38411
5320	50,46358	-15,72874	51,11893	-16,38411
5340	49,80822	-15,72875	49,80821	-17,03948
5360	49,80821	-16,38412	50,46357	-17,03949
5380	49,80821	-17,03948	50,46357	-17,69486
5400	49,80822	-17,03949	50,46357	-17,0395
5420	49,80822	-17,03949	51,11894	-17,69486
5440	50,46358	-17,03949	51,11894	-17,69486
5460	51,11894	-17,03949	51,7743	-17,0395
5480	51,11894	-16,38413	52,42966	-17,0395
5500	51,7743	-16,38413	53,08502	-17,03951
5520	52,42967	-17,0395	53,08502	-17,03951
5540	52,42967	-17,0395	53,08502	-17,69488
5560	53,08502	-17,0395	53,08502	-17,69488
5580	52,42966	-17,03951	53,74037	-18,35024
5600	64,88159	-15,72874	83,23192	-9,83043
5620	84,54273	-9,17503	83,23196	-10,48577
5640	82,57658	-9,17504	83,23194	-10,48578
5660	81,92122	-9,8304	83,23193	-10,48578
5680	83,23193	-10,48578	83,88728	-11,14116
5700	82,57657	-11,14115	83,88728	-11,79653
5720	83,23192	-11,79652	83,88728	-12,45189
5740	83,23192	-11,14116	84,54263	-11,79654
5760	83,88728	-11,79652	84,54263	-11,79654
5780	83,88728	-11,14117	84,54263	-11,79654
5800	83,88728	-11,79653	85,19799	-11,79654
5820	84,54263	-11,79653	85,19799	-12,45191
5840	83,88727	-12,45191	85,19799	-12,45192
5860	83,88727	-11,79655	84,54263	-13,10728
5880	88,47482	-10,48581	100,27146	-3,93212
5900	104,20372	0,00010999999999939	103,54834	-1,31062
5920	102,2376	9,9999999996214E-5	102,89295	9,0000000000146E-5
5940	102,2376	0,00010999999999939	102,89294	-0,65526
5960	101,58223	0,65547	102,89294	0,00010000000000332
5980	101,58223	0,65547	102,23758	0,00010000000000332
6000	101,58222	0,00010999999999939	102,23758	-0,65526
6020	101,58222	0,00010999999999939	102,23758	-0,65527
6040	101,58222	9,9999999996214E-5	102,23758	-0,65527
6060	101,58223	0,65546	102,23758	-0,65528
6080	100,92687	9,0000000000146E-5	102,23758	-0,65528
6100	101,58223	-1,31064	102,89295	-3,93212
6120	90,44101	-13,76259	55,70652	-22,93772
6140	20,9719	-26,21454	9,17511	-24,90386
6160	7,86439	-21,62704	10,48585	-22,28243
6180	9,17512	-22,28242	9,83046	-22,28245
6200	9,17511	-22,28246	10,48582	-23,5932
6220	9,83047	-22,93785	10,48582	-24,2486
6240	9,83047	-24,2486	11,14118	-25,55935
6260	9,83047	-26,21471	10,48583	-27,52546
6280	9,83047	-27,52546	10,48583	-28,8362
6300	9,83048	-28,83621	11,14119	-30,14695
6320	10,48584	-30,14695	11,1412	-30,80233
6340	10,48584	-31,45769	11,1412	-32,11307
6360	10,48585	-32,11307	11,1412	-33,42381
6380	10,48585	-33,42381	11,14121	-34,07919
6400	11,14121	-33,42383	11,79657	-34,73456
6420	11,14122	-34,73456	11,79658	-36,04529
6440	11,79659	-35,38993	11,79658	-35,38994
6460	9,83047	-32,1131	9,83047	-32,76845
6480	9,83048	-32,11308	10,48583	-33,42382
6500	9,83047	-32,76845	10,48583	-33,42383
6520	9,83047	-32,76846	10,48583	-34,07919
6540	10,48583	-33,42383	10,48582	-34,0792
6560	9,83047	-33,42384	11,14118	-34,73457
6580	10,48583	-34,0792	11,14119	-35,38994
6600	10,48583	-34,73457	11,14118	-35,38994
6620	10,48583	-34,73457	11,79654	-36,0453
6640	11,14119	-34,73457	11,79655	-36,04531
6660	11,14119	-35,38994	11,79655	-36,04532
6680	11,79655	-36,0453	17,69485	-37,356
6700	25,5594	-34,07911	28,18091	-34,0791
6720	26,2148	-34,73445	26,87014	-34,73449
6740	26,21479	-34,73447	26,21478	-34,73449
6760	25,55942	-34,73448	26,21478	-36,04522
6780	25,55942	-35,38986	26,21478	-36,04524
6800	25,55942	-36,04523	26,21478	-36,70061
6820	25,55942	-36,7006	26,21478	-37,35598
6840	26,21478	-37,35597	26,87014	-38,66672
6860	26,21479	-38,01135	26,87014	-38,66672
6880	26,21479	-38,66671	26,87014	-38,66673
6900	26,21479	-39,32209	26,87014	-39,97747
6920	26,2148	-39,3221	27,52551	-39,97748
6940	26,21479	-39,97747	27,52551	-41,28821
6960	26,87016	-40,63284	27,52551	-41,94357
6980	26,87016	-41,28821	27,52551	-42,59894
7000	26,2148	-41,28821	27,52551	-42,59895
7020	26,21479	-41,94358	27,5255	-42,59896
7040	26,21479	-41,94358	27,5255	-42,59895
7060	26,21479	-41,94359	26,87014	-42,59896
7080	26,21479	-41,94359	26,87014	-43,25433
7100	28,18089	-42,59895	37,3561	-40,63282
7120	41,28839	-38,66669	40,63301	-39,97742
7140	39,32227	-39,97743	40,63298	-39,97744
7160	39,97763	-39,97743	39,97762	-41,28818
7180	39,32227	-41,28817	40,63298	-41,94356
7200	39,32226	-41,94355	39,97762	-42,59893
7220	39,32226	-42,59892	39,97762	-43,90966
7240	39,32226	-43,25429	40,63298	-44,56503
7260	39,97763	-43,90966	40,63299	-45,2204
7280	39,97763	-44,56503	41,28835	-45,22041
7300	39,97763	-44,56504	40,63299	-45,22042
7320	39,97763	-44,56505	40,63298	-45,87578
7340	39,97762	-45,22042	40,63298	-46,53115
7360	39,97762	-46,53115	40,63298	-46,53115
7380	39,97761	-45,87579	40,63297	-46,53116
7400	39,97761	-45,87579	40,63297	-47,18653
7420	39,97762	-46,53116	41,28833	-47,18653
7440	39,97761	-46,53115	41,28833	-47,18652
7460	40,63298	-46,53114	53,7403	-45,87575
7480	68,15845	-41,9435	69,46922	-39,97739
7500	67,5031	-39,97737	68,15843	-38,66666
7520	67,50307	-37,35591	67,50307	-38,01128
7540	66,19235	-37,35591	67,50306	-38,01129
7560	66,84771	-38,66665	67,50307	-39,9774
7580	66,84772	-39,97739	67,50308	-41,28815
7600	66,84772	-41,28814	67,50308	-41,94351
7620	66,84772	-41,9435	67,50308	-42,59889
7640	67,50308	-41,9435	75,36748	-41,28811
7660	77,33364	-39,322	77,98898	-39,322
7680	76,67825	-37,35591	77,3336	-38,01128
7700	76,67824	-37,3559	76,67824	-38,01127
7720	76,67824	-38,01126	77,3336	-38,01127
7740	76,67825	-38,01126	77,3336	-38,66663
7760	76,67825	-38,01126	77,3336	-38,66664
7780	76,02288	-38,01126	76,67824	-38,66664
7800	76,02289	-38,01127	76,67824	-38,66664
7820	76,02288	-38,01127	76,67824	-38,66664
7840	76,02288	-37,3559	76,67824	-38,66664
7860	76,02288	-37,35591	76,67824	-38,01128
7880	76,02288	-37,35591	76,67824	-38,01128
7900	79,95508	-36,04516	89,78562	-32,11293
7920	92,40713	-30,14681	91,75174	-30,80217
7940	91,09637	-30,14681	91,75172	-30,80218
7960	91,09637	-30,80217	91,09636	-31,45755
7980	90,441	-30,80218	91,09635	-32,11291
8000	90,441	-31,45754	91,09635	-32,11292
8020	90,441	-32,11291	91,09635	-32,11293
8040	90,44099	-31,45755	91,09635	-32,76829
8060	89,78564	-31,45756	90,44099	-32,11293
8080	90,44099	-31,45755	91,09635	-31,45757
8100	92,40709	-30,80217	100,92686	-28,18069
8120	102,893	-26,21457	102,89297	-26,86994
8140	101,58224	-26,21458	102,23759	-26,86995
8160	101,58224	-26,21457	102,23759	-26,21458
8180	100,92687	-26,21457	102,23758	-26,21459
8200	101,58223	-25,55922	102,23758	-25,55923
8220	101,58222	-25,55922	102,23758	-26,21459
8240	100,92686	-25,55922	102,23757	-26,21459
8260	101,58221	-25,55921	102,23756	-26,21458
8280	102,23757	-25,55921	102,23756	-26,86994
8300	101,5822	-24,90385	102,23756	-26,21458
8320	110,75732	-21,62697	117,96641	-17,03937
8340	115,34498	-15,72861	114,68958	-15,07325
8360	114,03421	-12,45181	114,68957	-13,10717
8380	113,37885	-11,14107	114,0342	-11,79644
8400	112,72348	-11,79643	113,37883	-12,45181
8420	112,72347	-11,79644	113,37882	-12,45182
8440	112,72346	-12,4518	113,37881	-13,10718
8460	104,85907	-17,69472	73,40146	-28,18059
8480	28,18357	-30,14667	11,14127	-28,18061
8500	9,83051	-24,24841	11,79661	-24,24843
8520	10,48587	-23,59307	11,14122	-24,24846
8540	10,48586	-24,24846	11,79658	-25,55921
8560	10,48586	-25,55922	11,79657	-26,86997
8580	10,48586	-26,86998	11,1412	-28,18073
8600	11,14121	-28,8361	11,79657	-29,49149
8620	11,14122	-30,80221	12,45194	-31,4576
8640	11,14122	-32,11297	11,79659	-32,76835
8660	11,79659	-32,76835	12,45195	-33,42373
8680	12,45196	-32,76836	13,10732	-33,42374
8700	11,79659	-32,11301	9,83047	-32,76838
8720	9,17512	-30,80227	11,1412	-30,80228
8740	10,48584	-30,14691	11,1412	-30,14692
8760	10,48586	-30,14691	11,79657	-30,80228
8780	11,14121	-30,14691	11,79657	-30,8023
8800	10,48585	-30,14693	11,1412	-30,80231
8820	11,1412	-30,8023	11,79656	-32,11305
8840	10,48584	-32,11304	12,45192	-33,42378
8860	11,79657	-34,07914	13,10729	-35,3899
8880	12,45194	-36,04526	13,76266	-37,35601
8900	12,45194	-37,35601	13,76265	-38,66676
8920	13,10729	-39,32212	14,41801	-40,63286
8940	13,10729	-40,63286	14,418	-41,9436
8960	13,76264	-41,9436	13,76263	-43,25434
8980	13,76263	-43,25434	14,41798	-44,56508
9000	13,10726	-43,90972	13,76261	-45,22045
9020	13,10725	-45,22045	15,07333	-47,18654
9040	23,59321	-44,56502	30,14698	-43,25426
9060	29,49164	-42,59887	28,83879	-43,90962
9080	28,18087	-43,25425	29,49159	-43,90963
9100	28,18088	-43,25425	28,83624	-44,565
9120	28,18088	-43,90964	29,4916	-45,22038
9140	28,83625	-44,56501	29,49161	-45,87576
9160	28,83626	-45,87574	29,49162	-46,53113
9180	28,83626	-46,53112	29,49162	-47,1865
9200	28,83627	-47,18649	30,14699	-47,84188
9220	29,49164	-47,84187	30,80236	-49,15261
9240	30,14701	-48,49724	30,80237	-49,80799
9260	30,14702	-49,15262	31,45774	-50,46335
9280	30,80239	-50,46335	31,45775	-51,11873
9300	31,45776	-51,11872	32,11312	-51,7741
9320	30,8024	-51,7741	33,42385	-53,08483
9340	39,97758	-51,77407	43,90983	-51,77407
9360	42,5991	-51,77405	43,25443	-51,77408
9380	41,94372	-51,77406	42,59907	-52,42944
9400	41,94372	-53,74017	43,25444	-55,70629
9420	42,5991	-58,32776	43,90984	-60,94926
9440	43,25451	-64,22612	45,22061	-68,15836
9460	44,5653	-72,74596	45,22074	-95,02851
9480	39,97815	-155,32221	41,28985	-247,72879
9500	14,42238	-277,87531	-17,0349	-280,49608
9520	-25,55458	-276,56386	-9,82594	-275,90894
9540	12,4563	-274,59852	30,80631	-268,04508
9560	53,74255	-252,97164	65,53799	-231,99998
9580	70,78076	-209,71745	74,71284	-191,36716
9600	74,05739	-173,01685	74,05723	-157,28805
9620	72,74638	-142,21461	72,74626	-131,07337
9640	70,78011	-121,89823	70,78005	-115,34458
9660	69,4693	-108,79091	69,46926	-105,51408
9680	68,15853	-102,89261	68,1585	-101,58188
9700	67,50314	-98,30505	67,50312	-96,99432
9720	66,19239	-94,37285	66,19237	-93,71748
9740	65,53701	-91,75138	66,19235	-91,09602
9760	65,53699	-89,12991	65,53698	-88,47456
9780	65,53698	-87,81918	58,32796	-87,81921
9800	41,94377	-86,50844	38,01151	-81,26548
9820	37,35616	-76,02255	38,66685	-74,71183
9840	37,35611	-73,40108	38,01145	-72,74573
9860	37,35609	-71,43499	38,01145	-70,77964
9880	37,35609	-70,12427	38,01143	-70,12428
9900	37,35608	-70,12427	38,01144	-70,12429
9920	37,35608	-69,46892	38,01143	-70,77965
9940	37,35608	-69,46892	38,66678	-69,46893
9960	38,01143	-68,1582	38,66679	-68,81357
9980	38,01143	-68,15819	38,66679	-68,81358
10000	38,01143	-68,1582	38,66678	-69,46894
10020	38,01143	-68,15821	38,66678	-69,46894
10040	38,01143	-68,81357	38,66677	-69,46895
10060	38,01142	-69,46895	38,01141	-69,46896
10080	38,01141	-68,15822	38,66677	-69,46896
10100	38,01142	-68,15823	38,66677	-69,46896
10120	38,01141	-68,81359	38,66677	-69,46896
10140	37,35605	-68,81358	38,66676	-68,8136
10160	37,35604	-68,15823	38,0114	-68,81361
10180	36,70068	-68,15823	38,0114	-68,8136
10200	37,35604	-67,50287	38,01141	-68,15824
10220	37,35605	-68,15824	38,01142	-69,46898
10240	39,97752	-69,46897	57,67246	-64,88137
10260	67,50305	-60,29374	65,53697	-60,9491
10280	62,91549	-60,29373	63,57083	-60,29375
10300	62,2601	-58,98301	62,2601	-59,63838
10320	61,60474	-58,32765	62,26009	-58,98304
10340	60,94937	-58,98303	61,60473	-60,29377
10360	60,94938	-59,6384	62,2601	-60,94914
10380	61,60474	-60,94914	62,2601	-61,60451
10400	61,60475	-60,94915	62,2601	-62,25989
10420	61,60475	-61,60452	62,26011	-62,2599
10440	61,60475	-61,60453	62,26011	-62,91527
10460	61,60476	-62,25991	62,26011	-63,57064
10480	61,60475	41,94233	62,26011	-63,57065
10500	61,60476	-62,91528	62,26011	-63,57065
10520	61,60476	-62,91528	62,26267	-64,22601
10540	62,26012	-63,57064	62,26012	-64,22602
10560	62,26013	-64,22601	62,91549	-64,88139
10580	61,60479	-64,88139	62,91552	-65,53677
10600	68,15845	-64,88137	79,29973	-62,25986
10620	79,29978	-60,94911	78,64438	-62,25984
10640	77,989	-61,60448	78,64436	-62,25986
10660	77,33364	-62,25985	77,98899	-62,25986
10680	76,67827	-62,25986	76,67826	-62,25988
10700	76,0229	-62,25987	76,02289	-62,91525
10720	74,71217	-62,91525	76,02288	-62,91527
10740	74,71217	-62,91526	75,36752	-63,57064
10760	74,71217	-62,91527	75,36753	-64,226
10780	72,74608	-63,57063	60,94948	-64,88138
10800	53,08508	-62,91525	54,3958	-61,60453
10820	54,3958	-60,94916	54,39578	-62,2599
10840	53,74042	-61,60454	54,39578	-62,25992
10860	53,74042	-62,25991	54,39578	-63,57066
10880	54,39579	-64,22602	54,39579	-64,8814
10900	53,74043	-64,8814	54,39579	-66,19215
10920	53,74043	-65,53678	54,39578	-66,84752
10940	53,74043	-66,19215	53,74043	-67,50289
10960	53,74043	-66,19216	54,39579	-66,84753
10980	53,74044	-66,19216	54,39579	-67,5029
11000	53,74044	-66,84753	54,3958	-68,15827
11020	53,74044	-67,5029	62,26017	-66,19216
11040	73,40148	-60,2938	77,98909	-58,32767
11060	75,36762	-57,01693	75,36758	-57,01696
11080	74,71223	-56,36159	75,36758	-56,3616
11100	74,71222	-55,70623	75,36758	-57,01697
11120	74,71222	-56,36161	75,36758	-58,32771
11140	74,71222	-57,67235	75,36758	-58,98309
11160	74,05686	-58,98308	75,36757	-59,63847
11180	74,05686	-59,63846	75,36757	-60,29384
11200	74,05685	-60,29383	74,71221	-61,60458
11220	74,71222	-61,60458	75,36757	-63,57069
11240	84,54274	-61,60455	95,02867	-58,32768
11260	94,37335	-57,01693	93,71793	-58,32766
11280	93,06256	-57,01695	93,71791	-57,67232
11300	93,06255	-57,01694	93,7179	-58,32768
11320	93,06255	-57,67231	93,7179	-58,32769
11340	93,06254	-58,32768	93,7179	-58,98306
11360	93,06254	-59,63841	93,71789	-60,29378
11380	85,19815	-62,91524	49,15296	-69,46888
11400	21,6273	-68,1581	14,41815	-64,22595
11420	15,07355	-60,29376	16,38425	-60,29377
11440	15,07351	-57,01694	15,07349	-55,70623
11460	15,0735	-55,05085	15,07349	-55,70623
11480	14,41812	-55,05087	15,07348	-55,70625
11500	14,41813	-55,70625	15,07348	-57,01699
11520	14,41812	-57,01699	15,07348	-57,67238
11540	14,41812	-57,017	15,07348	-57,67238
11560	14,41811	-57,01701	15,07346	-57,67238
11580	14,4181	-56,36163	15,07346	-57,01701
11600	13,76274	-55,70627	14,4181	-57,67237
11620	12,45199	-56,36163	10,48586	-58,32774
11640	9,83051	-57,017	10,48586	-56,36166
11660	9,8305	-56,36164	11,14123	-59,63849
11680	11,14126	-61,60462	11,79665	-66,19222
11700	12,45211	-81,92113	9,83095	-140,90423
11720	18,35174	-255,59317	-22,93314	-288,36029
11740	-48,49319	-271,31949	-47,83804	-260,83351
11760	-48,49339	-265,42148	-47,83793	-275,90792
11780	-28,83246	-277,21917	1,3141	-265,42308
11800	17,69796	-247,07315	34,737	-224,79091
11820	39,97959	-199,88697	42,60103	-179,5706
11840	39,97933	-159,90963	39,97829	-144,83618
11860	38,66776	-130,41809	38,66709	-119,9322
11880	36,70089	-110,10169	36,04545	-104,85876
11900	34,07931	-99,61582	34,07927	-96,339
11920	33,42389	-94,37289	33,42387	-94,3729
11940	32,76852	-92,40679	32,7685	-91,75144
11960	32,11315	-90,4407	32,76849	-90,44071
11980	31,45777	-89,12997	32,11312	-89,12998
12000	31,45776	-88,4746	32,11312	-88,47461
12020	31,45776	-87,81924	32,11311	-87,16388
12040	31,45775	-87,16387	31,45774	-86,50852
12060	30,80238	-85,19778	31,45773	-85,85315
12080	30,80237	-85,19777	30,80236	-85,19778
12100	24,24866	-81,92095	17,03952	-79,29944
12120	14,41804	-75,36723	16,38413	-73,40116
12140	15,72875	-72,74578	15,72873	-72,74579
12160	15,72874	-72,09042	16,3841	-72,74579
12180	16,3841	-72,09042	17,03945	-72,7458
12200	16,38409	-72,74579	17,03945	-74,7119
12220	16,3841	-74,71191	17,69482	-75,3673
12240	17,03946	-74,71192	17,69482	-75,36729
12260	17,03946	-75,36729	18,35017	-76,02266
12280	17,03946	-75,36729	18,35017	-76,02266
12300	17,69482	-75,36729	18,35018	-75,3673
12320	17,69482	-74,71192	18,35017	-75,36729
12340	17,69481	-75,36729	22,93775	-76,02263
12360	38,01136	-70,12426	47,18661	-66,84737
12380	43,25444	-66,84734	42,59901	-67,50274
12400	42,599	-67,50275	43,25436	-68,8135
12420	41,94364	-68,81349	42,59899	-70,12425
12440	41,94364	-70,12426	42,599	-72,09036
12460	41,94365	-72,09038	42,59901	-73,40113
12480	41,94365	-73,40112	42,59901	-74,05651
12500	41,94366	-74,0565	42,59902	-74,71188
12520	41,94367	-75,36725	43,2544	-77,33337
12540	41,94372	-78,64413	-47,84059	-79,29953
12560	41,28838	-78,64418	41,28838	-78,64419
12580	39,97767	-77,33345	39,97766	-77,33346
12600	39,3223	-76,02271	39,97765	-76,67809
12620	38,66693	-75,36734	39,32227	-76,0227
12640	38,66692	-74,71195	39,32227	-76,02269
12660	38,66691	-74,71195	39,32226	-75,36732
12680	40,63299	-74,71194	55,70644	-70,12434
12700	62,26021	-64,88134	61,60484	-65,53669
12720	59,63871	-64,22596	60,94941	-64,88134
12740	60,29405	-64,22596	60,29403	-64,22597
12760	59,63866	-63,5706	60,29402	-64,22597
12780	58,9833	-63,5706	59,63865	-64,22598
12800	58,32793	-64,22597	59,63865	-64,22598
12820	58,98329	41,94235	59,63864	-64,22599
12840	58,98328	-63,57062	59,63864	-64,22599
12860	58,32792	-64,22599	58,98328	-64,226
12880	58,32792	-64,88136	58,98327	-65,53674
12900	58,32792	-65,53673	58,32791	-66,19211
12920	58,32792	-64,88138	58,98327	-65,53675
12940	57,67255	-65,53675	58,32791	-66,19212
12960	57,67255	-65,53675	57,67255	-66,84749
12980	57,67255	-66,84748	69,46911	-65,53524
13000	85,85341	-58,98299	88,47495	-57,67224
13020	85,85346	-58,98295	85,85342	-59,63835
13040	85,19807	-58,98298	85,85343	-59,63836
13060	84,54271	-59,63836	85,85344	-60,29375
13080	84,54272	-60,29375	85,19807	-61,60449
13100	84,54272	-60,94913	85,19806	-62,25986
13120	84,54272	-61,6045	85,19808	-62,25987
13140	84,54272	-61,6045	85,19808	-62,91525
13160	84,54272	-62,25988	85,19808	-63,57062
13180	83,88736	-62,91525	85,19808	-63,57062
13200	84,54272	-63,57062	84,54271	-63,57062
13220	83,88736	-63,57061	84,54271	-64,226
13240	83,88736	-63,57063	84,54271	-64,226
13260	83,23199	-64,22598	84,5427	-64,226
13280	83,88735	-64,22599	84,5427	-64,88136
13300	83,88734	-64,22599	84,5427	-64,88136
13320	83,88734	-64,226	84,54269	-64,88137
13340	83,23198	-64,226	83,88733	-64,88137
13360	83,88733	-64,88136	84,54269	-64,88138
13380	83,23197	-64,88136	84,54268	-65,53675
13400	83,23197	-64,88137	83,23196	-66,1921
13420	83,23196	-65,53673	83,88732	-65,53674
13440	82,5766	-64,88137	83,88731	-65,53674
13460	83,23196	-64,88137	83,88731	-64,88137
13480	83,23196	-64,88136	83,88731	-65,53674
13500	83,23195	-64,226	83,88731	-65,53674
13520	83,23195	-64,88136	83,8873	-65,53674
13540	83,23195	-64,88137	83,88731	-65,53674
13560	83,23194	-64,88137	83,23194	-65,53674
13580	82,57658	-64,88137	83,23193	-65,53674
13600	81,92122	-64,88137	83,23194	-65,53674
13620	82,57658	-64,226	83,88729	-65,53674
13640	89,7856	-64,22597	96,33931	-62,25985
13660	95,68396	-60,9491	95,02856	-60,94911
13680	94,3732	-60,29374	95,02856	-60,94911
13700	94,3732	-59,63837	95,02855	-60,29374
13720	94,3732	-59,63837	94,37319	-60,29375
13740	93,71784	-60,29374	94,3732	-60,94911
13760	93,71784	-60,9491	94,3732	-60,94912
13780	93,71784	-60,29375	94,3732	-60,94911
13800	96,99465	-60,29373	105,51444	-57,67224
13820	107,48058	-55,70611	107,48056	-57,01556
13840	106,82518	-55,7061	107,48054	-55,70611
13860	106,82518	-55,05073	107,48053	-55,7061
13880	106,82518	-55,05073	107,48053	-55,7061
13900	106,82517	-55,05073	106,82517	-55,7061
13920	106,16981	-54,39537	106,82517	-55,05074
13940	106,16981	-53,74	106,82516	-53,74001
13960	106,1698	-53,73999	106,82516	-53,74
13980	106,1698	-53,08463	114,03418	-51,77387
14000	122,55402	-45,22015	125,83087	-43,25403
14020	123,86476	-43,25402	123,86473	-43,25404
14040	123,86474	-42,59866	124,5201	-43,25403
14060	123,20938	-42,59867	123,86473	-43,9094
14080	123,20937	-43,25404	123,86473	-43,90941
14100	123,20937	-43,25404	123,86472	-43,90942
14120	123,20936	-43,90941	123,86472	-44,56478
14140	122,55401	-43,90942	123,86472	-44,56478
14160	123,20936	-43,90942	123,86472	-44,56478
14180	123,20936	-43,25405	123,20935	-44,56479
14200	122,554	-43,90942	123,86472	-44,5648
14220	123,20936	-43,90942	123,86472	-44,56479
14240	123,20936	-43,90942	123,86472	-43,90943
14260	122,554	-43,90943	122,554	-44,56481
14280	122,554	-45,22016	121,24326	-49,80773
14300	95,02865	-59,63825	53,74042	-65,53654
14320	17,03967	-64,2258	4,5875	-62,25975
14340	3,93216	-58,98292	6,55364	-59,63832
14360	5,89827	-60,29369	6,55362	-60,29373
14380	5,89827	-60,29373	7,20898	-61,60449
14400	6,55362	-62,25987	7,86434	-64,22598
14420	7,20899	-64,88136	8,5197	-67,50284
14440	7,209	-67,50286	8,51971	-68,8136
14460	7,86437	-69,46898	8,51972	-70,77973
14480	8,51973	-71,43509	9,17509	-72,09047
14500	8,51974	-72,09047	9,83046	-73,40121
14520	13,76271	-70,12435	15,72885	-69,46896
14540	14,41812	-69,46895	15,07346	-69,46898
14560	14,4181	-68,15824	15,07346	-68,81362
14580	14,4181	-68,15825	15,07345	-69,469
14600	14,4181	-69,46899	15,07346	-70,77972
14620	14,4181	-70,77971	15,72882	-72,09045
14640	15,07347	-71,43509	16,38418	-72,09046
14660	15,72883	-71,43509	16,38419	-73,40118
14680	15,72883	-72,09046	16,38419	-72,74584
14700	15,72883	-72,74583	17,03955	-74,05657
14720	15,72883	-74,05656	17,03955	-74,71195
14740	17,03956	-75,3673	24,24863	-76,67802
14760	27,52557	-76,02099	28,18092	-77,33337
14780	26,87018	-77,33337	27,52554	-77,98875
14800	26,87019	-77,98875	28,1809	-79,29949
14820	26,87018	-79,29949	27,52554	-79,95487
14840	26,87018	-79,95487	27,52554	-81,26561
14860	26,87018	-81,26561	27,52555	-83,23172
14880	27,52555	-82,57635	28,18091	-83,88709
14900	27,52555	-83,88709	28,18091	-84,54247
14920	28,18092	-85,19782	28,18092	-85,8532
14940	28,18092	-85,8532	28,18092	-87,16394
14960	32,11313	-85,85319	41,94369	-84,54242
14980	42,59912	-83,23167	41,94373	-84,54242
15000	41,28836	-83,88706	41,94371	-85,19779
15020	41,28836	-85,19779	41,28835	-85,85317
15040	41,28836	-85,19781	41,94371	-87,16391
15060	41,28836	-86,50853	41,94371	-87,16392
15080	41,28836	-87,16391	41,94371	-87,81929
15100	41,28836	-87,81928	42,59908	-88,47466
15120	41,28836	-87,81929	41,94371	-89,13003
15140	41,28836	-89,13002	42,59907	-89,13003
15160	41,28836	-89,13003	41,94371	-90,44077
15180	43,90982	-89,78539	59,63865	-87,1639
15200	66,19242	-84,54239	66,19241	-86,50847
15220	64,2263	-86,5085	65,53701	-87,81925
15240	65,53702	-87,81924	65,53701	-88,47462
15260	65,53701	-87,81925	66,19237	-88,47463
15280	64,88165	-88,47463	66,19237	-89,13001
15300	65,53701	-89,13	65,53701	-89,78539
15320	65,53702	-90,44074	65,53702	-91,09612
15340	65,53702	-90,44075	66,19237	-91,09613
15360	64,88165	-91,09613	66,19237	-91,75149
15380	65,53701	-91,75149	66,19236	-92,40686
15400	65,53701	-91,75148	66,19236	-92,40686
15420	65,53701	-92,40685	66,84773	-93,71759
15440	74,71215	-90,44072	89,7857	-85,85309
15460	91,09652	-83,88696	91,09646	-85,85307
15480	91,09644	-85,85308	91,7518	-86,50846
15500	91,09644	-86,50845	91,75179	-87,8192
15520	91,09643	-87,8192	91,75178	-89,12994
15540	91,09643	-88,47458	91,75178	-89,78532
15560	90,44106	-89,78531	91,09642	-90,44069
15580	90,44106	-89,78533	91,09641	-91,09606
15600	91,09642	-89,78534	91,75178	-91,09607
15620	91,09642	-91,09607	91,75177	-92,4068
15640	91,09642	-91,75144	92,40713	-92,40682
15660	91,09642	-91,75145	91,75178	-92,40682
15680	91,75178	-93,06217	91,75177	-93,71755
15700	91,09641	-93,71754	95,68397	-94,3729
15720	98,96085	-91,75141	100,27157	-92,40677
15740	98,96084	-91,75141	99,61619	-92,40679
15760	99,61619	-92,40678	100,27155	-93,06215
15780	99,61619	-91,75142	100,27155	-93,06216
15800	99,61619	-92,40679	100,27154	-93,06216
15820	99,61618	-91,75143	99,61618	-93,06216
15840	99,61618	-92,40679	100,27153	-92,4068
15860	98,96081	-91,75142	99,61616	-92,40679
15880	100,27153	-91,75141	114,03423	-87,81917
15900	127,14167	-81,92077	128,45243	-80,61002
15920	127,14166	-81,26538	127,79697	-81,92078
15940	127,14162	-81,26542	127,79697	-82,57615
15960	127,14161	-82,57615	127,79696	-82,57618
15980	127,1416	-82,57617	127,14159	-83,88692
16000	126,48624	-83,88691	127,14159	-84,54229
16020	126,48623	-83,88692	127,14159	-84,5423
16040	127,14159	-84,54229	127,14158	-84,54231
16060	126,48623	-84,54229	127,14158	-84,5423
16080	126,48622	-83,88693	127,14158	-83,88694
16100	126,48622	-83,88694	126,48621	-84,54231
16120	123,2094	-85,19767	97,65013	-91,75133
16140	55,05117	-95,02808	22,28261	-93,71734
16160	13,10737	-89,12981	16,3842	-86,50838
16180	17,03956	-86,50839	17,69489	-86,50841
16200	16,38417	-85,19769	17,69489	-85,85308
16220	17,69489	-85,85308	18,35024	-87,16382
16240	17,69488	-87,16383	19,00559	-88,47458
16260	18,35024	-89,12995	19,66096	-90,4407
16280	19,00561	-90,4407	19,66097	-91,09608
16300	19,00562	-91,75145	20,31634	-92,40683
16320	19,00562	-92,40683	20,31634	-93,06221
16340	19,66098	-93,06221	20,31634	-93,71759
16360	19,66098	-93,71758	19,66098	-95,68368
16380	19,00563	-96,33905	20,31635	-96,33908
16400	19,00563	-96,33906	20,31635	-96,99444
16420	19,00562	-95,6837	19,66098	-96,33908
16440	19,00562	-95,6837	19,66097	-96,33908
16460	19,00562	-95,68371	19,66098	-96,99445
16480	24,90393	-96,33907	55,70629	-89,78531
16500	89,13027	-77,98852	107,48068	-71,43474
16520	108,13609	-69,4686	107,48064	-69,46866
16540	106,82523	-67,50259	107,48057	-66,84724
16560	106,8252	-66,19187	107,48055	-66,84726
16580	106,82518	-66,84726	107,48053	-67,50265
16600	107,48053	-68,15802	108,13589	-70,7795
16620	107,48053	-70,77951	108,13589	-72,09025
16640	107,48055	-78,64392	93,71798	-107,48006
16660	58,32898	-188,74545	16,38846	-264,11219
16680	-48,49329	-268,69801	-47,83857	-242,48261
16700	-48,49394	-237,23989	-47,83846	-250,34792
16720	-48,49392	-260,83444	-13,7599	-257,55811
16740	-1,30814	-242,48518	19,00811	-218,89228
16760	27,52759	-195,29915	32,7705	-178,25964
16780	32,11489	-160,56481	31,45901	-144,83607
16800	29,49241	-127,7965	29,49179	-116,65527
16820	26,87022	-105,51402	26,87014	-98,30499
16840	24,904	-91,75131	24,90395	-87,81912
16860	23,59319	-83,23155	22,9378	-81,26546
16880	22,28242	-79,95473	22,28241	-79,95474
16900	21,62706	-78,64401	22,28241	-79,95475
16920	21,62705	-79,95474	20,97167	-80,61012
16940	16,3841	-80,61013	16,38408	-80,61013
16960	15,72873	-78,64403	16,38407	-78,64405
16980	15,7287	-77,98868	16,38406	-79,29942
17000	15,72871	-77,98868	16,38406	-78,64406
17020	16,38406	-77,98868	17,03942	-79,29942
17040	16,38406	-78,64405	17,03942	-79,29943
17060	16,38406	-79,29942	17,03941	-79,29943
17080	16,38406	-79,29943	17,69478	-79,95481
17100	16,38407	-79,9548	17,69479	-80,61018
17120	17,69479	-80,61018	18,35015	-81,26555
17140	17,69479	-81,26555	18,35015	-82,57629
17160	18,35015	-81,92092	19,00551	-83,88702
17180	18,35016	-83,23166	19,00551	-84,54239
17200	18,35016	-85,19776	26,86996	-84,54237
17220	34,73447	-79,95477	35,38986	-81,26549
17240	-48,49626	-82,57622	34,07908	-83,23162
17260	33,42373	-83,23162	33,42373	-84,54236
17280	33,42374	-85,19772	34,07909	-86,50847
17300	33,42375	-87,16384	34,0791	-87,81922
17320	33,42376	-88,47458	34,07912	-90,4407
17340	34,07913	-89,78533	34,73449	-91,09608
17360	34,07914	-91,09608	34,7345	-92,40683
17380	34,07915	-93,06219	34,73451	-93,71757
17400	34,73452	-93,71756	34,73451	-95,0283
17420	34,07916	-94,37294	34,73452	-95,02832
17440	33,4238	-94,37295	34,07916	-95,68369
17460	33,4238	-95,68367	34,07916	-96,33905
17480	33,42381	-95,68369	34,07917	-96,33906
17500	34,07918	-96,33906	41,94358	-95,02831
17520	49,80808	-91,75142	-47,84054	-92,40678
17540	48,49734	-91,75143	49,15269	-92,40681
17560	48,49734	-91,75145	49,15269	-92,40682
17580	48,49733	-91,75144	48,49733	-92,40683
17600	47,84197	-91,75146	47,84196	-93,0622
17620	46,53124	-93,06219	47,84195	-93,71757
17640	46,53124	-93,71757	47,84196	-94,37295
17660	46,53125	-94,37293	47,84196	-95,02832
17680	47,18661	-95,68368	47,84197	-96,33906
17700	47,18663	-96,33906	47,84198	-97,6498
17720	53,08491	-97,64977	60,94936	-96,99439
17740	60,9494	-95,68364	61,60472	-96,99438
17760	60,294	-96,33901	61,60471	-97,64974
17780	60,29654	-96,99438	60,94935	-97,64976
17800	60,94935	-97,64975	61,60471	-97,64976
17820	60,294	-96,33902	61,60471	-96,9944
17840	60,94935	-96,33902	61,6047	-96,99439
17860	60,29399	-96,33902	60,94934	-96,33903
17880	60,29398	-95,68365	60,94933	-96,33902
17900	60,29397	-95,68365	60,94932	-96,33902
17920	64,88152	-95,02826	81,26576	-91,09601
17940	87,81955	-86,50839	86,50881	-87,81913
17960	84,54268	-89,12986	85,85339	-89,78525
17980	85,19803	-89,12988	85,19803	-90,44063
18000	84,54266	-89,78526	85,85338	-91,75137
18020	85,19803	-91,75136	85,85338	-92,40674
18040	85,19803	-92,40674	85,85339	-93,06211
18060	84,54266	-93,0621	85,19802	-93,06211
18080	83,8873	-91,75138	85,19802	-92,40675
18100	84,54266	-92,40674	84,54265	-92,40675
18120	83,88729	-91,75138	84,54264	-91,75139
18140	83,88729	-91,75138	84,54264	-91,75139
18160	-48,49544	-90,44065	83,88727	-91,09602
18180	83,88727	-90,44064	83,88727	-90,44067
18200	83,88728	-90,44066	83,88727	-90,44067
18220	83,23191	-89,78529	83,88727	-90,44066
18240	87,81948	-91,096	91,75172	-91,75136
18260	90,441	-89,78525	90,44096	-88,47452
18280	89,78559	-87,16379	90,44094	-88,47452
18300	89,78558	-87,81915	90,44094	-88,47452
18320	89,13022	-88,47451	90,44095	-90,44063
18340	89,78561	-91,75137	90,44099	-95,02822
18360	90,44102	-100,27117	91,09645	-113,37856
18380	91,75194	-136,97183	91,09682	-186,12431
18400	79,95621	-257,55914	54,39805	-292,94901
18420	4,59198	-292,29343	-35,38498	-289,01567
18440	-13,7581	-258,21309	-20,3119	-229,37632
18460	-26,86569	-212,99184	-24,89976	-207,74874
18480	-24,89988	-207,09331	-19,65704	-211,02564
18500	-13,10333	-222,8225	5,24684	-246,41603
18520	17,04322	-267,38805	21,63049	-113,37891
18540	15,07677	-282,46215	28,18363	-275,25352
18560	70,12688	-264,76784	88,47705	-246,41763
18580	92,409	-223,4798	95,03004	-205,12964
18600	94,3747	-187,43475	93,71923	-171,0506
18620	93,06328	-157,28794	93,06307	-148,76816
18640	91,75232	-139,593	91,75206	-131,72861
18660	89,7858	-125,17495	89,78568	-119,93201
18680	88,47492	-114,68907	88,47487	-111,41225
18700	87,8195	-108,79078	87,81948	-107,48006
18720	86,50874	-104,20322	87,16409	-103,54787
18740	85,85337	-102,89249	87,16408	-102,89251
18760	86,50873	-103,54787	87,81946	-106,16937
18780	87,16412	-110,10157	88,47745	-121,89821
18800	87,81964	-140,90387	86,50911	-172,36152
18820	81,26659	-230,03382	51,12168	-292,29366
18840	3,28126	-292,29273	-27,52066	-262,14492
18860	-34,07478	-224,78854	-28,1766	-210,37053
18880	-24,24448	-206,43848	-19,00162	-209,06008
18900	-13,10335	-218,23541	0,65923	-244,45027
18920	16,38771	-272,63122	18,35365	-287,04973
18940	17,69814	-281,80715	71,43778	-271,32152
18960	87,82163	-249,69431	96,34118	-222,16899
18980	96,99611	-198,57582	97,65103	-177,60414
19000	95,68452	-157,28776	95,68442	-143,52507
19020	94,3736	-133,03922	94,37335	-123,86412
19040	93,06243	-114,68897	93,06236	-108,13532
19060	91,75161	-102,23701	91,75158	-98,9602
19080	90,44084	-95,68337	90,44083	-94,37264
19100	89,78546	-90,44045	90,4408	-89,78508
19120	89,13008	-87,81899	89,78543	-86,50826
19140	89,13007	-84,54216	89,13007	-84,54218
19160	88,47471	-83,23144	88,4747	-82,57609
19180	87,81934	-81,92071	88,47471	-87,16363
19200	85,85331	-95,68342	85,85332	-95,0281
19220	85,85332	-93,71734	87,16404	-94,37273
19240	85,85334	-95,0281	86,50874	-96,99424
19260	85,85343	-97,64963	86,5088	-98,96038
19280	85,85345	-98,96038	86,50881	-100,27111
19300	85,85345	-100,92645	87,16417	-102,23719
19320	86,50882	-101,58181	87,81953	-103,5479
19340	87,16418	-103,54789	87,81953	-104,85861
19360	87,16418	-104,20324	88,47744	-105,51399
19380	87,81954	-105,51397	88,47489	-106,16934
19400	85,19807	-101,58178	83,23194	-97,64952
19420	81,26585	-95,02806	81,92118	-95,02807
19440	81,26581	-94,37269	82,57652	-94,3727
19460	81,2658	-93,06195	81,92115	-93,06195
19480	81,92116	-91,75121	83,23187	-92,40658
19500	82,57652	-91,75121	83,88724	-91,75121
19520	82,57652	-90,44047	83,88724	-90,44047
19540	83,23188	-89,78509	83,88723	-89,7851
19560	83,23187	-88,47436	83,88722	-89,12973
19580	83,23186	-88,47436	83,23185	-89,12973
19600	82,57649	-87,81899	83,23184	-88,47436
19620	82,57648	-87,16363	83,23183	-87,819
19640	82,57647	-87,16362	83,23182	-87,16364
19660	82,57647	-85,8529	83,23182	-85,85291
19680	82,57647	-85,85289	83,88718	-86,50827
19700	83,23183	-85,8529	84,54255	-85,8529
19720	83,23184	-85,8529	84,54255	-86,50827
19740	83,23184	-85,19753	83,88719	-86,50827
19760	83,23183	-85,8529	83,88718	-87,16364
19780	83,23183	-86,50827	83,88718	-87,819
19800	82,57647	-87,16364	83,88718	-88,47438
19820	82,57646	-87,16364	83,23182	-87,81903
19840	82,57645	-87,16365	83,88717	-88,47438
19860	83,23182	-87,81901	83,88717	-88,47438
19880	83,23182	-87,81901	83,88718	-88,4744
19900	83,88719	-88,47439	84,54256	-89,78513
19920	83,8872	-89,12977	87,16402	-89,78513
19940	91,09626	-87,16364	91,75164	-87,81901
19960	90,44091	-86,50827	91,09625	-87,16365
19980	89,78553	-86,50828	89,78552	-86,5083
20000	89,13017	-85,85292	89,78552	-86,50831
20020	88,4748	-86,5083	89,13016	-86,50831
20040	88,47481	-85,85294	89,13016	-86,50832
20060	88,47481	-85,19758	89,78553	-85,85296
20080	88,47482	-85,85295	89,78554	-86,50834
20100	89,13019	-85,85296	89,78554	-86,50834
20120	89,13019	-86,50833	89,78555	-87,81907
20140	89,13019	-87,81907	90,44092	-89,12981
20160	89,78556	-88,47445	90,44093	-90,44056
20180	89,13021	-89,78519	90,44092	-90,44056
20200	89,1302	-89,78519	89,78556	-90,44057
20220	88,47484	-89,12983	89,78556	-91,09594
20240	89,13022	-93,71743	90,44097	-96,33893
20260	89,78562	-95,68355	91,09634	-95,68356
20280	90,44098	-94,37282	91,09634	-94,37283
20300	90,44098	-93,71744	91,09634	-93,71745
20320	90,44098	-93,06208	91,75169	-93,06209
20340	90,44097	-91,75134	91,09633	-92,40672
20360	89,78561	-91,75134	91,09632	-91,75134
20380	90,44096	-90,44059	91,09632	-89,78524
20400	90,44096	-89,78523	91,09632	-89,78524
20420	91,09632	-89,12987	91,75168	-89,12987
20440	91,09632	-87,81913	92,40704	-88,4745
20460	91,75169	-87,81912	92,40704	-87,16376
20480	91,09632	-86,50837	91,75167	-86,50838
20500	90,44095	-85,19765	91,09629	-85,19765
20520	89,78557	-84,54228	89,78556	-85,19765
20540	89,13021	-84,54227	90,44093	-85,85302
20560	89,78558	-85,19765	91,0963	-85,85302
20580	90,44095	-85,19764	91,0963	-85,19764
20600	90,44096	-85,19763	91,09632	-87,81912
20620	91,09634	-91,09597	91,09637	-98,30504
20640	91,75181	-110,1017	92,40729	-131,72891
20660	91,75212	-165,80806	91,09711	-207,75163
20680	83,88825	-251,66128	72,74934	-283,1188
20700	61,6083	-291,63843	41,9475	-292,94885
20720	33,42782	-289,01654	57,67614	-287,05052
20740	65,54046	-281,15233	79,95836	-270,66649
20760	99,61758	-249,69471	105,5151	-218,23701
20780	108,13635	-183,50252	108,13619	-151,38957
20800	106,16989	-125,17491	104,859	-106,16927
20820	102,23745	-89,78506	100,92665	-77,33307
20840	98,30517	-67,50255	98,30514	-63,57035
20860	96,33905	-58,98278	95,68367	-57,01669
20880	94,37294	-53,73985	94,37292	-53,08449
20900	92,40684	-51,11838	92,40683	-51,77375
20920	91,0961	-50,46302	90,44071	-49,15229
20940	89,12999	-48,49692	89,12998	-48,49693
20960	87,81926	-46,53083	87,16389	-47,84157
20980	86,50853	-47,18621	86,50853	-47,84159
21000	85,19781	-47,18621	85,85316	-47,18621
21020	84,54245	-45,87548	83,88708	-46,53087
21040	82,57636	-46,53085	83,88708	-49,15234
21060	83,23173	-50,46308	84,54246	-57,01677
21080	86,50859	-71,43487	89,13013	-100,27113
21100	89,78574	-146,80227	90,44151	-212,99435
21120	68,81513	-270,66667	32,1171	-292,94918
21140	11,80094	-292,29335	-40,62786	-281,80702
21160	-10,4813	-265,42258	-4,58306	-249,03818
21180	-9,17058	-237,24156	-0,6509	-237,89698
21200	7,86878	-241,82923	11,80094	-242,48468
21220	15,7331	-242,48469	22,94206	-248,38307
21240	30,15102	-256,90291	33,42782	-268,04432
21260	31,46174	-273,94281	32,1171	-273,94308
21280	73,40478	-262,80198	90,44365	-248,38388
21300	99,61697	-218,89218	102,89349	-182,84702
21320	98,96087	-146,14655	96,99448	-118,62112
21340	93,71753	-95,68326	92,40671	-77,33295
21360	88,47449	-62,25948	87,81908	-50,46288
21380	83,8869	-39,97699	82,57615	-32,76795
21400	80,61006	-26,21426	80,61005	-22,28206
21420	78,64397	-17,03912	78,64396	-13,76229
21440	77,33325	-11,79618	77,98861	-10,48546
21460	76,6779	-9,17472	77,33326	-9,17473
21480	76,67791	-8,51935	77,33328	-8,51936
21500	76,67793	-7,864	77,33329	-8,51937
21520	76,02258	-7,86399	77,33329	-9,17473
21540	77,33331	-8,51935	77,3333	-8,51936
21560	76,67795	-7,86398	77,33331	-7,86399
21580	76,67796	-6,55325	77,33332	-8,51936
21600	77,33333	-9,17471	77,98869	-11,14083
21620	77,9887	-11,7962	78,64405	-13,76232
21640	78,64406	-14,41768	79,29942	-17,69453
21660	79,9548	-25,55895	83,887	-41,28783
21680	87,1639	-64,22581	91,09619	-96,99436
21700	90,44113	-135,66112	89,78606	-192,67818
21720	79,30121	-258,21481	56,36542	-283,77376
21740	9,83486	-292,29257	0,65982	-283,11714
21760	3,28126	-274,59733	9,1795	-275,90833
21780	41,29214	-277,21955	72,09406	-264,11261
21800	100,27364	-239,20868	104,2046	-201,19752
21820	102,89361	-155,32177	100,92706	-119,27661
21840	97,64998	-94,37264	95,02834	-75,36696
21860	91,09607	-57,672	88,47456	-45,87536
21880	85,85308	-36,04481	84,54232	-29,49113
21900	81,92087	-22,93745	81,26548	-16,38379
21920	79,2994	-9,83011	79,29938	-6,55327
21940	77,98866	-2,62106	77,98866	-1,31033
21960	76,67794	1,31115	76,67794	1,31114
21980	76,02258	1,9665	76,67794	-0,65499
22000	75,36723	0,00037999999999982	76,02258	0,00036000000000058
22020	74,71186	0,00036999999999665	75,36722	0,00035000000000451
22040	74,71187	0,00034999999999741	76,02259	-3,93187
22060	74,71187	-3,2765	75,36722	-3,27651
22080	74,71187	-3,27649	74,71186	-3,27652
22100	86,50844	15,72911	108,13568	41,28844
22120	119,27712	41,94381	120,58796	41,28844
22140	116,65576	41,94381	115,345	41,28844
22160	112,72359	41,94381	111,41289	41,28844
22180	108,79147	41,94381	108,13612	41,28844
22200	106,17005	41,94381	105,51469	41,28844
22220	103,54862	41,94381	103,54862	41,28844
22240	101,58254	41,94381	100,92719	41,28844
22260	100,27184	41,94381	99,61649	41,28844
22280	98,30577	41,94381	98,30577	41,28844
22300	96,99505	41,94381	96,99505	41,28844
22320	95,02898	41,94381	95,68433	41,28844
22340	93,71826	41,94381	93,71825	41,28844
22360	92,40752	41,94381	92,40751	41,28844
22380	90,44143	41,94381	90,44141	41,28844
22400	89,78605	41,94381	89,78605	41,28844
22420	89,13069	41,94381	89,78604	41,28844
22440	88,47533	41,94381	89,78604	41,28844
22460	88,47533	41,94381	89,13069	41,28844
22480	89,1307	41,94381	89,78607	41,28844
22500	89,78607	41,94381	89,78608	41,28844
22520	90,44145	41,94381	91,09681	41,28844
22540	91,09682	41,94381	92,40753	41,28844
22560	92,40755	41,94381	93,71827	41,28844
22580	93,71828	41,94381	95,029	41,28844
22600	95,68437	41,94381	96,99509	41,28844
22620	96,9951	41,94381	98,30582	41,28844
22640	98,30583	41,94381	100,2719	41,28844
22660	100,27191	41,94381	100,92727	41,28844
22680	95,68434	41,94381	74,71253	41,28844
22700	48,49777	41,94381	39,97793	41,28844
22720	45,22084	41,94381	50,46371	41,28844
22740	48,49763	41,94381	49,15298	41,28844
22760	50,46372	41,94381	51,77443	41,28844
22780	51,11906	41,94381	52,42979	41,28841
22800	53,08514	39,32229	53,74049	36,04543
22820	53,74049	33,42397	55,70658	29,49176
22840	55,05122	28,83638	55,70658	27,52564
22860	55,05121	27,52563	55,70657	26,21488
22880	54,39584	26,87023	55,70655	26,21485
22900	54,39583	26,87023	55,05119	26,87021
22920	54,39582	27,52559	54,39582	27,52558
22940	52,43228	28,83632	53,08508	28,83631
22960	52,42972	30,14705	53,08508	30,80241
22980	52,42973	31,45779	53,08508	31,45779
23000	57,01727	37,35607	79,29974	41,28844
23020	98,30557	41,94381	108,13622	41,28844
23040	106,17019	41,94381	104,20407	41,28844
23060	102,23799	41,94381	101,58264	41,28844
23080	98,96121	41,94381	98,30585	41,28844
23100	96,33978	41,94381	95,68442	41,28844
23120	93,71834	41,94381	93,71833	41,28844
23140	91,75226	41,94381	91,75226	41,28844
23160	90,44155	41,94381	90,44155	41,28844
23180	89,13084	41,94381	89,13085	41,28844
23200	88,47549	41,94381	89,13084	41,28844
23220	88,47549	41,94381	89,78621	41,28844
23240	89,13085	41,94381	91,09691	41,28844
23260	91,09691	41,94381	93,06297	41,28844
23280	94,37367	41,94381	96,33977	41,28844
23300	97,65068	21,62711	102,89414	-84,5425
23320	101,58481	-188,74588	79,95838	-224,13528
23340	57,02078	-231,99916	33,42782	-235,27565
23360	22,94206	-237,24166	36,70462	-234,62056
23380	58,98686	-216,27067	69,47076	-180,2257
23400	72,747	-117,9659	69,46955	-67,5026
23420	60,29418	-29,49134	53,74044	-3,27659
23440	46,53138	20,31669	41,28843	38,01164
23460	36,70089	41,94381	34,07945	41,28844
23480	30,80266	41,94381	30,14731	41,28844
23500	28,18124	41,94381	28,18125	41,28844
23520	26,87054	41,94381	26,87055	41,28844
23540	25,55984	41,94381	26,21521	41,28844
23560	24,90451	41,94381	25,55988	41,28844
23580	24,90455	41,94381	25,55992	41,28844
23600	24,24922	41,94381	25,55995	41,28844
23620	24,90461	41,94381	25,55998	41,28844
23640	25,56	41,94381	26,21537	41,28844
23660	25,56002	41,94381	26,87075	41,28844
23680	26,2154	41,94381	26,87077	41,28844
23700	26,21541	41,94381	26,87077	41,28844
23720	26,21542	41,94381	26,87077	41,28844
23740	26,21542	41,94381	27,52613	41,28844
23760	26,21542	41,94381	39,32276	41,28844
23780	47,18717	41,94381	45,87642	41,28844
23800	43,25496	41,94381	42,5996	41,28844
23820	40,63351	41,94381	39,97815	41,28844
23840	38,66743	41,94381	38,66742	41,28844
23860	37,3567	41,94381	37,3567	41,28844
23880	36,70135	41,94381	37,35671	41,28844
23900	36,70136	41,94381	37,35672	41,28844
23920	36,70136	41,94381	37,35672	41,28844
23940	38,01209	41,94381	39,32281	41,28844
23960	39,32282	41,94381	41,2889	41,28844
23980	41,28891	41,94381	43,25499	41,28844
24000	43,255	41,94381	45,22108	41,28844
24020	45,22108	41,94381	47,18716	41,28844
24040	47,84253	41,94381	48,49789	41,28844
24060	48,49789	41,94381	49,80861	41,28844
24080	49,15326	41,94381	49,15325	41,28844
24100	49,15326	41,94381	49,80862	41,28844
24120	49,15326	41,94381	50,46399	41,28844
24140	50,464	41,94381	51,77472	41,28844
24160	51,77473	41,94381	53,74082	41,28844
24180	53,74082	41,94381	55,7069	41,28844
24200	55,05154	41,94381	57,0176	41,28844
24220	57,67295	41,94381	58,3283	41,28844
24240	57,67293	41,94381	58,32829	41,28844
24260	57,67293	41,94381	59,639	41,28844
24280	59,639	41,94381	61,60507	41,28844
24300	62,91579	41,94381	64,88188	35,39003
24320	64,882	-5,89818	69,46989	-80,61017
24340	71,43678	-170,39563	66,19555	-242,48588
24360	36,70462	-266,07855	5,9027	-267,38905
24380	3,93662	-267,38911	11,80094	-268,0446
24400	28,18494	-262,14648	70,12784	-244,45158
24420	81,26726	-214,96005	89,78652	-165,1521
24440	86,50911	-113,37806	82,57662	-76,02218
24460	74,71218	-45,87527	69,4692	-26,21422
24480	63,57091	-5,89782	58,98335	8,52028
24500	54,39581	20,97229	51,119	29,49196
24520	47,8422	38,01165	45,87611	41,28844
24540	43,91004	41,94381	43,25468	41,28844
24560	41,94397	41,94381	41,94398	41,28844
24580	40,63327	41,94381	41,28863	41,28844
24600	40,63329	41,94381	41,28866	41,28844
24620	41,28867	41,94381	42,59939	41,28844
24640	41,94405	41,94381	43,25477	41,28844
24660	42,59942	41,94381	43,91015	41,28844
24680	43,91016	41,94381	45,22088	41,28844
24700	44,56553	41,94381	44,56552	41,28844
24720	41,94408	41,94381	39,97798	37,35628
24740	37,35652	29,49197	37,3565	21,62764
24760	35,3904	17,04013	34,73502	12,4526
24780	32,11357	12,45261	30,80283	12,4526
24800	28,18138	13,76333	27,52601	15,7294
24820	25,55993	19,00621	25,55992	20,31692
24840	24,24921	23,59373	24,90456	24,24908
24860	24,90457	27,52589	25,55994	28,8366
24880	24,90458	31,45805	26,21531	32,1134
24900	26,21532	34,73485	31,4582	37,35628
24920	57,01745	41,94381	81,26614	41,28844
24940	91,09678	41,94381	90,44146	41,28844
24960	87,81997	41,94381	87,81995	41,28844
24980	87,1646	41,94381	87,1646	41,28844
25000	86,50922	41,94381	85,85386	41,28844
25020	83,88778	41,94381	84,54316	41,28844
25040	83,23245	41,94381	83,88782	41,28844
25060	83,23248	41,94381	84,54321	41,28844
25080	83,23251	41,94381	83,88788	41,28844
25100	82,57718	41,94381	83,88791	41,28844
25120	82,5772	41,94381	83,88792	41,28844
25140	82,57721	41,94381	83,23257	41,28844
25160	81,92186	41,94381	83,23258	41,28844
25180	82,57722	41,94381	83,88794	41,28844
25200	82,57723	41,94381	83,88795	41,28844
25220	83,23259	41,94381	83,88796	41,28844
25240	83,23261	41,94381	84,54333	41,28844
25260	83,88799	41,94381	85,85406	41,28844
25280	85,85407	41,94381	86,50943	41,28844
25300	85,85408	41,94381	87,1648	41,28844
25320	85,85407	41,94381	86,50942	41,28844
25340	86,50941	41,94381	99,61666	41,28844
25360	102,89357	41,94381	101,58273	28,8366
25380	103,54876	27,52581	108,13624	28,18114
25400	108,1362	28,83646	108,1362	26,87035
25420	108,13618	26,87032	109,44688	24,90419
25440	108,79151	24,24881	109,44687	23,59342
25460	109,44687	22,93805	110,75759	21,62729
25480	110,75759	20,97191	111,41295	19,00581
25500	111,41295	18,35044	112,06831	16,38434
25520	112,06831	16,38434	112,72366	15,0736
25540	112,72366	14,41825	113,37901	13,76287
25560	112,72365	12,45215	113,379	11,79677
25580	112,72364	11,79678	114,03434	11,79676
25600	113,37899	11,79676	114,6897	12,4521
25620	114,68971	13,76283	116,00043	14,41817
25640	116,00044	17,03963	117,31115	18,35034
25660	117,96652	19,00571	119,27723	20,31641
25680	119,27723	22,28251	121,24331	23,59322
25700	121,24331	24,90395	122,55403	24,90394
25720	121,89867	23,59322	125,17549	13,76273
25740	125,17551	15,07344	126,48622	16,38417
25760	126,4862	18,35027	127,79692	17,6949
25780	127,14156	18,35026	127,79692	16,38416
25800	127,14156	16,38415	128,45227	15,07341
25820	127,79692	15,72878	129,10764	13,76267
25840	128,45228	13,76268	129,763	12,45194
25860	129,76301	13,1073	130,41837	11,79657
25880	130,41838	12,45194	130,41838	12,45193
25900	131,07375	13,1073	131,72911	12,45193
25920	131,07375	13,10731	131,72911	12,45194
25940	131,07375	13,10731	131,07375	12,45194
25960	130,41839	13,76268	132,38447	13,10731
25980	131,72911	13,76268	132,38447	13,10731
26000	131,07375	13,76269	132,38447	13,10732
26020	132,38448	14,41805	133,03983	13,76267
26040	132,38448	13,76269	133,03984	13,76267
26060	133,03984	13,76269	133,69519	13,76267
26080	133,03984	13,76268	133,69519	12,45195
26100	132,38448	13,10733	133,03983	12,45196
26120	133,03983	13,10733	134,35055	11,79661
26140	133,6952	11,14125	135,00591	12,45195
26160	128,45226	41,9434	118,62184	41,28844
26180	110,1022	41,94381	104,85935	41,28844
26200	101,58259	41,94381	100,92724	41,28844
26220	98,96118	41,94381	98,96119	41,28844
26240	98,30585	41,94381	98,96122	41,28844
26260	97,6505	41,94381	98,96123	41,28844
26280	97,65052	41,94381	98,30588	41,28844
26300	97,65052	41,94381	98,30588	41,28844
26320	97,65052	41,94381	97,65052	41,28844
26340	96,33981	41,94381	96,3398	41,28844
26360	95,02908	41,94381	95,68444	41,28844
26380	94,37372	41,94381	94,37371	41,28844
26400	93,71835	41,94381	93,71835	41,28844
26420	93,06299	41,94381	93,71834	41,28844
26440	93,06299	41,94381	93,71834	41,28844
26460	93,06299	41,94381	93,71834	41,28844
26480	93,71834	41,94381	94,37369	41,28844
26500	94,37368	41,94381	96,33973	41,28844
26520	98,30577	41,94381	98,30575	41,28844
26540	98,96127	0,6556	105,51522	-102,23699
26560	107,48218	-178,25982	95,68702	-212,99442
26580	77,9923	-221,51409	64,8851	-222,16937
26600	60,29729	-215,6157	68,8159	-195,95463
26620	75,36845	-158,59866	77,9896	-106,82464
26640	73,40156	-61,60427	67,50314	-24,90375
26660	58,98339	1,96633	53,74301	24,24885
26680	48,49757	41,9438	46,53148	41,28844
26700	43,2547	41,94381	41,94399	41,28844
26720	39,97792	41,94381	39,97794	41,28844
26740	38,66724	41,94381	39,3226	41,28844
26760	38,0119	41,94381	38,0119	41,28844
26780	37,35655	41,94381	38,01192	41,28844
26800	37,35657	41,94381	37,35658	41,28844
26820	36,70123	41,94381	38,01196	41,28844
26840	37,35662	41,94381	38,01199	41,28844
26860	38,012	41,94381	39,32273	41,28844
26880	38,66738	41,94381	39,97811	41,28844
26900	38,6674	41,94381	39,32275	41,28844
26920	38,01204	41,94381	38,66739	41,28844
26940	38,01203	41,94381	38,66738	41,28844
26960	38,01202	41,94381	38,66736	41,28844
26980	38,66736	41,94381	40,63342	41,28844
27000	40,63342	41,94381	42,5995	41,28844
27020	45,87633	37,3561	51,77482	-30,14684
27040	60,29489	-110,10177	69,47098	-186,77985
27060	64,8851	-224,79102	47,84574	-241,82991
27080	5,9027	-248,38294	-1,30626	-245,10559
27100	0,0039599999999993	-235,27458	5,24674	-226,75457
27120	1,31454	-213,64702	-1,96232	-205,12715
27140	-5,89453	-197,91797	-8,51605	-194,64116
27160	-10,48214	-190,70899	-13,10367	-185,46612
27180	-17,69123	-179,56787	-19,65739	-173,66964
27200	-22,27891	-169,08211	-24,90046	-163,18388
27220	-23,58988	-157,28563	-23,59011	-154,00884
27240	-23,59026	-150,73203	-22,93494	-150,07668
27260	-22,27959	-149,42131	-17,69203	-151,3874
27280	-15,7259	-152,69811	-15,7259	-154,00884
27300	-17,03665	-152,04275	-14,41521	-152,69812
27320	-13,10449	-154,66419	-10,48302	-157,28564
27340	-9,82762	-159,25171	-7,20616	-161,87316
27360	-6,55079	-162,52851	-7,20615	-164,4946
27380	-7,20617	-165,14995	-5,89546	-166,46068
27400	-7,86153	-166,46067	-8,51692	-167,7714
27420	-11,13838	-166,46067	-14,41524	-165,80532
27440	-19,6582	-163,18387	-21,62435	-161,2178
27460	-26,21192	-157,28563	-26,86731	-157,28564
27480	-24,9012	-159,90707	-20,31356	-168,42676
27500	-17,03654	-177,60179	-14,41491	-186,77684
27520	-8,51643	-197,26283	8,52315	-214,30266
27540	15,73224	-233,30854	18,35365	-243,79482
27560	-48,49318	-240,51866	83,23404	-223,4799
27580	100,27337	-188,09037	104,20521	-143,52566
27600	99,61718	-106,16994	94,37366	-81,26597
27620	89,13044	-58,98344	84,54273	-41,94386
27640	81,26585	-28,83647	81,26585	-26,21504
27660	80,61055	-22,93828	79,9552	-17,69534
27680	78,64449	-13,76313	78,64447	-10,48632
27700	76,67837	-6,55407	76,67836	-8,5202
27720	76,023	-10,48628	76,67837	-17,04
27740	76,67843	-26,21521	77,33383	-36,70113
27760	76,6786	-51,7747	79,95571	-85,85396
27780	81,92226	-137,62815	83,89042	-208,40764
27800	65,54046	-256,90347	18,35454	-279,18463
27820	-1,30636	-275,25178	0,0042299999999997	-271,3196
27840	5,90235	-272,63069	34,73821	-277,21873
27860	65,54019	-263,45669	95,03153	-239,20871
27880	98,30818	-195,29963	97,6522	-148,11332
27900	94,37474	-108,79125	93,06368	-82,57656
27920	89,13085	-58,32794	86,50905	-39,97755
27940	83,23213	-24,24868	82,5767	-14,41812
27960	81,26593	-7,8644	81,92125	-3,27681
27980	80,61052	1,96616	81,92122	4,58765
28000	81,26586	5,24306	83,23194	4,58768
28020	83,23194	6,55381	83,88729	5,89845
28040	83,8873	6,55383	84,54265	5,89846
28060	83,8873	5,89847	85,19802	3,93236
28080	85,19802	4,58774	85,85337	4,58773
28100	85,19801	5,89849	86,50873	6,55386
28120	86,50874	7,86462	87,1641	8,51998
28140	87,16411	10,48611	88,47484	11,14147
28160	88,47485	13,1076	89,78556	13,76297
28180	89,78557	15,72909	91,09629	15,72909
28200	90,44094	16,38447	91,09629	16,3845
28220	90,44094	17,03989	89,78557	17,03989
28240	89,13021	17,03991	89,13019	16,38457
28260	87,16411	17,03995	86,50873	18,35069
28280	84,54264	20,97219	83,88726	20,9722
28300	81,92118	22,93832	80,61044	24,90442
28320	79,29972	27,52589	79,29971	27,52588
28340	77,98899	29,49197	77,98899	30,14732
28360	76,67828	32,76877	76,67828	33,42412
28380	76,02292	34,73485	75,36756	36,04556
28400	74,71221	38,01165	75,36757	38,01164
28420	74,71222	39,97773	75,36759	38,667
28440	75,3676	39,32237	75,3676	38,01164
28460	74,71225	38,66701	74,71224	37,35628
28480	69,46934	36,04557	45,87619	34,73484
28500	24,9045	38,66701	24,90452	41,28844
28520	26,87063	41,94381	27,52599	41,28844
28540	26,21528	41,94381	26,87065	41,28844
28560	27,52602	41,94381	28,18139	41,28844
28580	28,1814	41,94381	28,83677	41,28844
28600	29,49214	41,94381	30,14751	41,28844
28620	30,14752	41,94381	31,45823	41,28844
28640	30,80289	41,94381	31,45824	41,28844
28660	30,14752	41,94381	30,14752	41,28844
28680	29,49217	41,94381	29,49216	41,28844
28700	28,8368	41,94381	45,2209	41,28844
28720	72,74633	41,94381	82,57698	41,28844
28740	81,26636	41,94381	79,95563	41,28844
28760	77,98955	41,94381	77,98958	41,28844
28780	76,02354	41,94381	75,36819	41,28844
28800	74,71285	41,94381	75,36822	41,28844
28820	73,40215	41,94381	74,05751	41,28844
28840	72,74681	41,94381	72,74681	41,28844
28860	72,09146	41,94381	72,74682	41,28844
28880	72,09146	41,94381	72,74682	41,28844
28900	71,43611	41,94381	72,74682	41,28844
28920	72,09147	41,94381	72,74683	41,28844
28940	72,09148	41,94381	72,74684	41,28844
28960	72,09402	41,94381	72,74683	41,28844
28980	71,43612	41,94381	72,09147	41,28844
29000	71,43612	41,94381	72,09147	41,28844
29020	70,78074	41,94381	71,4361	41,28844
29040	71,4361	41,94381	72,09145	41,28844
29060	71,4361	41,94381	72,74682	41,28844
29080	72,09146	41,94381	73,40218	41,28844
29100	72,74682	41,94381	74,05753	41,28844
29120	73,40218	41,94381	74,05753	41,28844
29140	72,74682	41,94381	73,40217	41,28844
29160	72,74681	41,94381	74,05752	41,28844
29180	72,7468	41,94381	74,0575	41,28844
29200	73,40214	41,94381	73,40213	41,28844
29220	72,74677	41,94381	73,40212	41,28844
29240	72,74675	41,94381	73,40211	41,28844
29260	72,09139	41,94381	72,74675	41,28844
29280	72,09139	41,94381	72,74674	41,28844
29300	71,43603	41,94381	72,09138	41,28844
29320	70,78067	41,94381	70,12528	41,28844
29340	47,84284	41,94381	17,04054	41,28844
29360	6,55445	41,94381	2,62217	41,28844
29380	3,9329	41,94381	5,89898	41,28844
29400	4,58826	41,94381	5,24362	41,28844
29420	5,24363	41,94381	6,55435	41,28844
29440	6,55436	41,94381	7,86509	41,28844
29460	7,86511	41,94381	9,83119	41,28844
29480	-48,49584	41,94381	9,8312	41,28844
29500	9,83121	41,94381	-47,84048	41,28844
29520	9,83121	41,94381	10,48657	41,28844
29540	9,8312	41,94381	11,14192	41,28844
29560	10,48656	41,94381	11,14191	41,28844
29580	10,48655	41,94381	11,14191	41,28844
29600	10,48656	41,94381	12,45263	41,28844
29620	11,79728	41,94381	12,45264	41,28844
29640	12,45266	41,94381	13,10802	41,28844
29660	12,45267	41,94381	13,7634	41,28844
29680	13,10804	41,94381	14,41875	41,28844
29700	16,38491	41,94381	69,46953	41,28844
29720	106,82556	41,94381	127,14195	30,14726
29740	133,04021	28,83644	135,00622	28,18103
29760	135,00618	28,18101	136,97226	26,21488
29780	136,3169	25,5595	138,28296	23,59338
29800	138,28295	22,28266	140,24903	19,00581
29820	139,59367	16,38434	140,90438	12,45212
29840	140,9044	6,55381	144,18122	-3,93211
29860	144,18126	-9,83049	145,49202	-13,10737
29880	145,49205	-16,38426	146,80278	-17,03967
29900	146,14743	-18,3504	148,11352	-23,59339
29920	147,4582	-28,8364	149,42431	-35,39012
29940	149,42438	-49,80829	151,39067	-87,16436
29960	152,70191	-140,90462	150,73595	-202,50919
29980	138,28542	-256,24876	114,0371	-274,59782
