T	LX	LY	RX	RY
0	0	0	0	0
20	-9,9999999960687E-6	0	-9,9999999960687E-6	0
40	-9,9999999960687E-6	0	-0,65537	0
60	-0,65537	0,65535999999999	-1,31074	0
80	-0,65537	-1,0000000003174E-5	-0,65537999999999	0,65535999999999
100	-1,31074	0,65535	-1,31073	0,65535999999999
120	-1,31073	1,31071	-1,31073	1,31072
140	-0,65537	1,31071	-1,31073	1,31072
160	-0,65537999999999	1,96608	-1,31074	1,96608
180	-1,31074	1,31072	-1,31074	1,31072
200	-1,31074	1,31072	-1,31074	1,31072
220	-1,31074	1,31073	-1,31074	0,65535999999999
240	-1,31074	1,31072	-1,31074	0,65537
260	-1,9661	1,31072	-1,31074	1,31073
280	-1,31074	1,31072	-1,31074	1,31073
300	-1,31074	1,96609	-1,96609	1,31074
320	-1,96609	1,96609	-1,9661	1,31074
340	-1,9661	1,9661	-2,62145	1,31075
360	-2,62146	1,96611	-2,62146	1,31075
380	-2,62145	1,31075	-2,62146	1,31075
400	-2,62145	1,96611	-2,62145	1,96612
420	-2,62145	1,96612	-2,62146	1,96612
440	-1,9661	1,96611	-1,31075	1,31075
460	-1,31076	1,31075	-0,6554	0,65539
480	-0,6554	1,31076	-0,6554	1,31076
500	-0,6554	1,31075	-0,6554	0,6554
520	-3,9999999998486E-5	1,31075	-3,9999999998486E-5	0,6554
540	-0,6554	1,31075	-0,65539	0,6554
560	-2,9999999995312E-5	0,65539	-3,9999999998486E-5	0,6554
580	-3,9999999998486E-5	1,31075	-3,9999999998486E-5	0,6554
600	-3,9999999998486E-5	1,31075	-3,9999999998486E-5	0,6554
620	-3,9999999998486E-5	0,65539	-3,9999999998486E-5	0,6554
640	-3,9999999998486E-5	1,31075	-3,9999999998486E-5	0,65539
660	-3,9999999998486E-5	1,31075	-0,6554	0,6554
680	-3,9999999998486E-5	1,31075	-3,9999999998486E-5	1,31076
700	-3,9999999998486E-5	1,31075	-3,9999999998486E-5	1,31075
720	0,65532	1,31075	0,65532	1,31075
740	0,65532	1,31075	0,65532	1,31076
760	0,65532	1,31075	-3,9999999998486E-5	1,31076
780	0,65532	1,96612	-3,9999999998486E-5	1,31076
800	-2,9999999995312E-5	1,96612	-2,9999999995312E-5	1,96613
820	-3,9999999998486E-5	1,96613	0,65533000000001	1,31077
840	0,65533000000001	1,96613	0,65534	1,96614
860	-1,9999999999243E-5	1,96613	-1,9999999999243E-5	1,96614
880	-1,9999999999243E-5	1,96613	-0,65537999999999	1,96614
900	-1,9999999999243E-5	2,62149	-0,65537999999999	1,96614
920	-0,65537999999999	2,6215	-0,65537999999999	2,6215
940	-0,65537999999999	2,6215	-0,65537999999999	2,6215
960	-0,65537999999999	2,62149	-0,65537999999999	2,6215
980	-0,65537999999999	3,27686	-0,65537999999999	2,6215
1000	-0,65537999999999	3,27686	-0,65537999999999	3,27686
1020	-0,65537	3,27686	-0,65537999999999	2,6215
1040	-1,9999999999243E-5	3,27685	-1,9999999999243E-5	3,27686
1060	-1,9999999999243E-5	3,27685	-0,65537999999999	2,62149
1080	1,96607	2,62149	15,07338	1,31078
1100	26,21465	1,31079	24,90394	1,96615
1120	23,59322	2,62152	22,93786	3,27689
1140	22,93786	3,93225	22,93786	3,93225
1160	22,28251	3,93225	22,28251	3,93226
1180	22,28251	4,58761	22,28251	3,93226
1200	21,62714	4,58761	22,2825	3,93226
1220	22,28249	4,58761	22,93785	3,93225
1240	22,93785	3,93224	23,59321	3,93225
1260	22,93784	3,93224	22,93784	3,93224
1280	23,5932	3,93223	20,97172	3,93223
1300	19,00562	4,5876	19,00564	3,93224
1320	19,661	3,93224	19,66099	3,93224
1340	19,66099	4,5876	19,66099	4,58761
1360	19,66099	4,58761	19,66099	4,58761
1380	19,66098	3,93225	19,66098	3,93225
1400	19,66099	4,5876	19,66098	4,58761
1420	19,66098	4,5876	19,00563	4,58761
1440	19,00563	5,24297	19,00563	4,58762
1460	19,00562	5,24296	19,00563	4,58761
1480	29,49148	3,27688	44,56496	1,96617
1500	47,1865	3,27689	44,56505	3,93227
1520	44,56506	4,58763	44,56506	4,58764
1540	43,9097	4,58763	43,90969	4,58764
1560	43,90969	5,243	43,90969	5,243
1580	43,25433	5,243	43,25433	5,243
1600	42,59897	5,89836	42,59897	5,243
1620	42,59897	5,89836	42,59897	5,243
1640	41,9436	5,89836	38,66674	4,58763
1660	38,01136	5,24298	37,35601	4,58763
1680	37,35601	5,24299	37,35601	4,58764
1700	38,01137	5,24299	37,35601	4,58763
1720	37,35601	5,24299	37,35601	5,243
1740	37,35601	5,24299	37,35601	5,243
1760	37,35601	5,24299	36,70065	5,243
1780	36,70065	5,24299	36,70065	5,243
1800	36,70065	5,243	36,70065	5,243
1820	36,70065	5,243	36,70065	5,243
1840	36,70065	5,24299	36,04529	5,243
1860	36,70065	5,24299	42,59896	4,58764
1880	51,77417	3,93228	53,74032	3,93229
1900	52,42959	4,58765	51,77424	4,58766
1920	51,77424	4,58766	52,4296	4,58766
1940	51,77424	4,58765	51,77424	4,58766
1960	51,77425	5,24302	51,77425	4,58767
1980	51,77425	5,24302	51,77426	5,24303
2000	51,77426	5,24303	51,77426	4,58768
2020	51,77426	5,24304	51,77426	4,58768
2040	52,42961	4,58768	52,4296	3,93232
2060	53,08496	3,93231	53,74031	3,27696
2080	53,74031	3,27695	53,7403	3,27695
2100	54,39567	3,93231	54,39567	3,93231
2120	53,74031	3,93231	54,39567	3,93232
2140	53,74031	4,58768	54,39567	3,93232
2160	54,39567	3,93232	53,74031	3,93231
2180	54,39567	4,58767	53,74031	3,93231
2200	54,39567	3,93231	54,39566	3,93231
2220	53,74031	3,93231	53,7403	3,93231
2240	53,7403	4,58766	53,7403	4,58767
2260	53,7403	4,58767	53,7403	4,58767
2280	53,7403	4,58767	53,08494	4,58767
2300	53,08494	4,58767	53,7403	4,58767
2320	53,7403	4,58767	53,7403	3,93231
2340	53,7403	4,58767	53,74029	3,93231
2360	53,74029	4,58767	53,74029	3,93231
2380	57,01714	3,93232	61,60476	3,27697
2400	61,60478	4,58769	60,94942	4,5877
2420	60,29407	5,24306	60,94943	5,24307
2440	60,94943	5,24306	60,94943	5,24307
2460	60,94943	5,24307	60,29407	5,24307
2480	60,29407	5,24307	60,94943	4,58771
2500	60,94943	5,24306	61,6048	4,58771
2520	68,81387	3,93235	72,09077	3,93236
2540	71,43541	4,58772	70,78005	4,58773
2560	70,78005	4,58773	70,78006	4,58773
2580	70,78006	5,24309	70,78006	4,58774
2600	70,78006	4,58773	70,78006	4,58774
2620	70,78007	4,58773	70,78006	4,58774
2640	70,78007	4,58774	70,78007	4,58774
2660	70,12471	4,58773	70,1247	4,58774
2680	70,1247	4,58773	70,1247	3,93238
2700	70,1247	4,58773	70,12469	4,58774
2720	70,1247	4,58773	68,15858	3,93237
2740	66,84783	3,93237	66,84784	3,93238
2760	66,19249	4,58774	66,19248	3,93238
2780	66,84784	3,93237	66,84784	3,93238
2800	66,84784	3,93237	66,84785	3,93238
2820	66,84784	3,93237	66,84784	3,93237
2840	66,19249	3,93237	66,19249	3,27701
2860	66,19249	3,93237	66,19248	3,27701
2880	66,84784	3,93237	66,19249	3,27701
2900	66,84785	3,277	66,19249	3,277
2920	66,1925	3,27701	66,84785	3,27701
2940	66,84785	3,277	66,84785	3,27701
2960	68,15857	3,27699	68,15856	2,62164
2980	68,81392	2,62163	68,81392	2,62164
3000	69,46928	2,62163	69,46928	2,62164
3020	70,78001	1,96628	81,92134	0,0002099999999956
3040	90,44132	-0,65516	90,44137	0,00021999999999878
3060	89,78602	1,31094	89,13068	0,65559
3080	89,78604	1,31095	89,78604	1,31095
3100	90,44141	1,96631	91,75212	1,96631
3120	91,75212	1,96629	91,75211	1,96629
3140	93,06282	1,96628	93,71818	1,96627
3160	94,37353	2,62162	94,37353	1,96626
3180	95,02888	2,62161	95,02888	2,62161
3200	95,68424	3,27697	96,3396	3,27697
3220	96,3396	3,27697	96,3396	3,27698
3240	96,3396	3,93233	96,3396	3,27698
3260	96,33961	3,93234	95,68425	3,93235
3280	95,0289	3,93235	95,02891	3,27699
3300	94,37355	3,27699	96,33967	3,27701
3320	96,33969	3,27702	95,02897	2,62167
3340	95,02898	3,27703	94,37362	2,62168
3360	94,37363	3,27704	93,71828	3,27705
3380	93,71829	3,27705	93,06293	3,27705
3400	93,71829	3,27705	93,7183	2,6217
3420	93,7183	2,6217	93,7183	2,6217
3440	93,7183	2,6217	93,71831	1,96635
3460	94,37367	2,6217	93,71832	2,62171
3480	94,37367	2,62171	94,37368	1,96635
3500	94,37368	2,62171	93,71833	1,96636
3520	94,37369	2,62171	94,37369	2,62172
3540	94,37369	2,62172	94,37369	2,62172
3560	94,3737	2,62172	94,37369	2,62173
3580	94,3737	2,62171	-57,67024	-1,31052
3600	64,88146	-6,5535	38,66656	-12,45181
3620	13,10718	-13,76257	5,24279	-11,79647
3640	6,55356	-10,48572	5,8982	-9,83034
3660	5,24284	-7,86425	4,58748	-7,20887
3680	4,58748	-6,55349	4,58748	-5,89812
3700	3,93211	-4,58739	3,27675	-3,93201
3720	3,27674	-3,27665	2,62138	-3,27664
3740	2,62138	-2,62127	1,96601	-2,62126
3760	3,27672	-1,96591	6,5536	-1,31051
3780	7,20902	0,00023999999999802	5,8983	0,65561
3800	6,55366	1,96634	6,55366	1,96635
3820	6,55367	1,96635	6,55367	1,96635
3840	5,89831	2,62171	6,55367	1,96636
3860	5,8983	2,62171	6,55366	1,96635
3880	5,8983	2,62171	5,8983	2,62171
3900	5,89829	2,62171	5,89829	1,96635
3920	5,89829	2,62171	5,24293	1,96635
3940	5,24293	2,62171	5,24294	2,62172
3960	5,24293	2,62171	5,24294	1,96635
3980	5,89829	2,62171	5,89829	1,96635
4000	5,89829	1,96635	5,89829	1,96635
4020	5,89828	1,96635	5,89828	1,31099
4040	5,89828	1,96635	5,24292	1,31099
4060	5,24292	1,31099	5,24292	1,31099
4080	5,24292	0,65562	4,58756	0,65562
4100	8,51974	0,65561	20,31637	-0,6551
4120	24,90397	-0,6551	23,59325	0,00094999999999601
4140	22,93789	0,00027000000000044	22,93789	0,00027000000000044
4160	23,59325	0,65563	23,59325	0,65563
4180	23,59325	0,65563	22,93789	0,00027000000000044
4200	22,93789	0,65562	22,93789	0,00027000000000044
4220	22,93788	0,65562	22,93788	0,00027000000000044
4240	22,93788	0,00025999999999726	22,93788	0,00025999999999726
4260	22,28252	0,00024999999999409	22,28252	0,00025999999999726
4280	22,93788	0,00024999999999409	22,28252	-0,65511
4300	22,28252	-0,65512	22,28253	-0,65512
4320	22,28253	-0,65512	22,93789	-0,65512
4340	22,93789	-0,65512	22,28253	-0,65512
4360	22,93789	-0,65513	22,93789	-1,31049
4380	22,93789	-1,31049	22,28253	-1,31049
4400	22,93789	-1,3105	22,93788	-1,3105
4420	20,97176	-1,96588	20,97175	-1,96588
4440	22,28247	-2,62124	21,6271	-2,62124
4460	22,28246	-2,62125	22,28246	-2,62124
4480	22,28247	-2,62125	22,28246	-2,62125
4500	22,93783	-2,62125	23,59318	-3,27661
4520	23,59318	-2,62125	23,59318	-3,27661
4540	23,59318	-3,27662	23,59318	-3,27661
4560	23,59317	-3,27662	23,59317	-3,27661
4580	24,24853	-3,27662	23,59316	-3,27662
4600	31,45754	-4,58735	42,59881	-5,89806
4620	46,53105	-4,58735	44,56498	-3,93198
4640	44,56498	-3,93197	44,56499	-3,93197
4660	44,56499	-3,27661	44,56499	-3,27661
4680	44,56499	-3,27661	44,56499	-3,27661
4700	44,56499	-3,27661	44,56499	-3,27661
4720	44,56499	-3,27662	44,56499	-3,27661
4740	44,56499	-3,27662	44,565	-3,27661
4760	44,565	-3,27661	44,56499	-3,27661
4780	44,565	-3,27661	44,565	-3,27661
4800	44,565	-3,27661	44,565	-3,27661
4820	44,565	-3,27662	44,565	-3,27661
4840	44,565	-3,27661	44,565	-3,27661
4860	44,56501	-3,27662	44,56501	-3,27661
4880	44,56501	-3,93198	44,56501	-3,93197
4900	44,56501	-3,93198	44,56501	-3,93198
4920	44,56501	-3,93198	44,56501	-3,93198
4940	45,22038	-3,93199	44,56501	-4,58735
4960	45,22037	-3,93199	44,56501	-4,58735
4980	44,56501	-3,93199	44,56501	-4,58734
5000	44,56501	-4,58735	45,22037	-4,58735
5020	44,56501	-4,58736	44,56501	-4,58736
5040	45,22037	-4,58736	51,77405	-5,24271
5060	58,98315	-5,89808	59,63855	-5,89807
5080	58,32783	-4,58734	58,32783	-4,58734
5100	58,98319	-4,58734	58,32783	-4,58734
5120	58,32783	-4,58734	58,32783	-4,58733
5140	58,98318	-4,58734	58,98318	-5,2427
5160	59,63853	-4,58735	59,63852	-5,24271
5180	59,63852	-4,58735	59,63851	-5,24271
5200	59,6385	-4,58735	60,29387	-5,24272
5220	60,29386	-4,58736	59,6385	-5,24271
5240	60,29386	-4,58736	60,29386	-5,24272
5260	60,29386	-5,24272	60,29386	-5,89808
5280	-57,67095	-5,24273	63,57069	-5,89808
5300	68,81368	-5,89808	68,81369	-6,55344
5320	68,81369	-5,89808	68,15833	-5,89807
5340	68,81369	-5,89808	68,15833	-5,24271
5360	68,81369	-5,24272	68,81369	-5,24271
5380	68,8137	-5,24271	68,15834	-5,24271
5400	68,15834	-4,58734	68,15834	-5,2427
5420	75,36739	-5,89805	83,23187	-5,89804
5440	82,57654	-5,24267	81,92117	-4,5873
5460	81,92118	-4,58729	81,92118	-3,93192
5480	81,92117	-3,27657	81,92117	-3,27655
5500	81,92118	-2,62119	81,92117	-2,62119
5520	81,92118	-2,62119	81,26582	-2,62119
5540	81,92118	-2,62119	81,92118	-2,62118
5560	81,92118	-2,62118	81,26583	-2,62118
5580	81,92119	-1,96583	80,61046	-1,96581
5600	81,26583	-1,96582	81,26583	-1,96581
5620	81,26584	-1,96582	83,88732	-2,62117
5640	84,54271	-1,96582	83,88734	-1,96582
5660	83,88734	-1,96582	83,88734	-1,96581
5680	83,88734	-1,96582	83,23198	-1,96581
5700	83,88735	-1,31046	83,23199	-1,31045
5720	83,23198	-1,31045	82,57663	-1,31045
5740	83,23199	-0,65509	82,57663	-0,65509
5760	82,57664	-0,65509	82,57664	-0,65509
5780	82,57664	-0,65509	81,92128	-0,65509
5800	82,57664	-0,65509	82,57663	-0,65509
5820	82,57664	-1,31045	82,57663	-1,31045
5840	81,92127	-0,65509	81,92127	-1,31045
5860	81,92127	-1,31045	81,92127	-1,31045
5880	81,92126	-1,31045	81,2659	-1,96581
5900	81,2659	-1,31046	81,2659	-1,31045
5920	81,2659	-1,31046	81,2659	-1,31046
5940	81,26589	-1,31047	81,26588	-1,31046
5960	81,92124	-1,31047	82,57659	-1,31047
5980	82,57658	-1,31047	82,57658	-1,31047
6000	82,57658	-1,31048	82,57658	-1,31047
6020	82,57658	-1,96584	83,23194	-2,6212
6040	83,88729	-2,62121	83,88729	-3,27657
6060	84,54264	-3,27658	84,54264	-3,93194
6080	84,54264	-3,93194	84,54264	-3,93194
6100	85,198	-4,5873	85,198	-4,5873
6120	85,19799	-4,58731	85,198	-4,5873
6140	85,19799	-4,58731	85,19799	-4,5873
6160	85,19799	-4,58731	85,19799	-4,5873
6180	85,19799	-3,93194	85,19799	-4,5873
6200	85,19799	-4,58731	85,19799	-4,5873
6220	85,19798	-3,93195	85,19799	-3,93195
6240	85,19798	-3,93195	84,54262	-3,93195
6260	84,54262	-3,93196	84,54261	-5,24269
6280	85,19796	-5,24271	85,19796	-5,2427
6300	85,19796	-5,24271	85,19796	-5,2427
6320	85,19797	-5,2427	85,19797	-5,2427
6340	85,19798	-4,58734	85,19797	-5,2427
6360	85,19798	-4,58734	85,19798	-5,24269
6380	85,19798	-4,58734	85,19798	-5,24269
6400	85,19799	-4,58733	85,19799	-4,58733
6420	84,54263	-4,58733	85,19798	-5,24269
6440	85,19799	-4,58733	84,54263	-4,58733
6460	84,54264	-4,58733	84,54263	-3,93197
6480	84,54263	-3,93197	83,88727	-3,93197
6500	83,88727	-3,27661	83,23191	-3,27661
6520	82,57656	-2,62125	81,92119	-2,62126
6540	81,92118	-1,96591	81,26583	-1,9659
6560	81,26582	-1,9659	81,26583	-1,96589
6580	81,26583	-1,31054	81,26583	-1,31054
6600	81,26584	-1,31054	81,26583	-1,31053
6620	80,61048	-1,31053	80,61048	-1,31053
6640	80,61048	-0,65517000000001	80,61048	-1,31052
6660	80,61048	-0,65517000000001	80,61048	-0,65516
6680	79,95513	-0,65517000000001	79,95513	-1,31052
6700	79,95513	-0,65516	80,6105	-0,65515000000001
6720	80,6105	-0,65516	80,6105	-1,31051
6740	80,6105	-1,31052	80,6105	-1,31052
6760	80,61051	-1,31052	81,92123	-1,31051
6780	83,23199	-1,31051	82,57664	-1,31051
6800	82,57663	-0,65515000000001	82,57663	-1,31051
6820	82,57663	-0,65515000000001	82,57663	-1,3105
6840	83,23199	-1,31051	82,57662	-1,96587
6860	83,88734	-1,31051	83,88733	-1,96587
6880	84,54269	-1,96588	84,54268	-1,96588
6900	84,54268	-1,96589	84,54269	-1,96588
6920	85,19804	-1,31053	84,54268	-1,96588
6940	85,19804	-1,31053	85,19805	-1,96588
6960	85,19805	-1,96589	85,8534	-2,62125
6980	85,8534	-1,96589	85,8534	-2,62125
7000	86,50875	-2,62126	86,50874	-3,27662
7020	88,47485	-3,27662	94,37329	-3,93197
7040	94,37337	-3,27661	93,71802	-2,62124
7060	93,71802	-2,62124	94,37338	-2,62123
7080	93,71803	-1,96587	93,71803	-1,96586
7100	93,71803	-1,96587	93,71803	-1,96586
7120	93,71803	-1,96587	93,06267	-1,31049
7140	93,71803	-1,3105	93,71802	-1,96585
7160	93,71802	-1,3105	93,06266	-1,96584
7180	93,71802	-1,31049	93,06267	-1,31049
7200	93,71802	-1,31049	93,71803	-1,31049
7220	93,71802	-1,31049	93,06267	-1,96584
7240	-57,67013	-1,96585	93,06268	-1,96584
7260	93,71803	-1,96585	93,71804	-1,96584
7280	93,71803	-1,96585	93,06267	-1,96584
7300	93,71804	-1,96585	93,71804	-2,6212
7320	93,71804	-1,96584	93,71804	-2,6212
7340	91,7519	-3,27659	82,57641	-9,17495
7360	62,2597	-16,38405	39,97711	-26,86999
7380	21,62683	-40,63279	18,35014	-54,39556
7400	19,66098	-57,01706	19,00559	-52,42949
7420	19,00553	-46,5312	19,00547	-41,94361
7440	19,00544	-38,01139	18,35005	-36,04526
7460	18,35003	-34,73454	17,69466	-34,73453
7480	17,69465	-33,4238	17,03928	-32,11305
7500	17,03928	-30,14696	15,72856	-29,49158
7520	15,72856	-28,18084	15,72856	-26,8701
7540	15,0732	-26,21473	14,41784	-26,21472
7560	14,41784	-24,90399	13,76248	-24,90397
7580	14,41784	-24,24861	13,76247	-23,59324
7600	13,76248	-22,93787	13,76248	-22,93786
7620	13,76248	-22,2825	13,10712	-21,62713
7640	13,76248	-21,62712	13,76249	-20,97175
7660	13,76249	-20,97174	13,76249	-20,31638
7680	13,7625	-20,31638	13,7625	-19,661
7700	11,79639	-20,31637	10,48563	-20,97172
7720	11,14101	-20,31636	11,79636	-20,31635
7740	12,45171	-20,31635	12,4517	-20,9717
7760	13,76242	-20,31635	13,76242	-20,9717
7780	14,41778	-20,31634	13,76242	-20,97169
7800	14,41778	-20,31633	14,41778	-20,31633
7820	14,41778	-20,31633	14,41778	-20,31632
7840	14,41778	-20,31633	15,72851	-20,97168
7860	28,83584	-22,2824	36,70028	-22,28239
7880	36,04493	-20,97167	34,7342	-20,31629
7900	35,38957	-19,66093	35,38957	-19,66092
7920	34,73421	-19,00556	34,7342	-19,00555
7940	34,73421	-18,35019	34,7342	-18,35019
7960	34,7342	-17,69483	34,07885	-17,69483
7980	34,73421	-17,69483	34,07885	-17,69482
8000	34,73421	-17,69483	34,73421	-17,69482
8020	34,73421	-17,69483	34,7342	-18,35019
8040	35,38956	-18,35019	35,38956	-19,00555
8060	35,38956	-19,00555	32,76808	-19,66091
8080	32,1127	-19,00556	32,76807	-19,00555
8100	32,76807	-19,00555	32,76807	-19,66091
8120	32,76807	-19,66091	32,76807	-20,31627
8140	32,76807	-19,66091	32,76808	-19,6609
8160	32,76808	-19,66091	32,76807	-20,31627
8180	32,76808	-19,66091	32,11272	-19,66091
8200	32,76808	-19,66091	32,11272	-19,66091
8220	32,11272	-19,66091	31,45736	-19,66091
8240	31,45736	-19,66091	31,45737	-19,00555
8260	31,45737	-19,00555	31,45737	-19,66091
8280	31,45737	-19,00555	30,80201	-19,00555
8300	30,80201	-19,00556	30,80201	-19,00555
8320	30,80201	-19,00555	30,14665	-19,66091
8340	30,80201	-19,00556	30,80201	-19,00555
8360	30,80201	-19,00556	30,80201	-19,00555
8380	30,80201	-19,00556	30,14665	-19,00555
8400	30,14665	-19,00556	30,14665	-19,00555
8420	33,42347	-19,00556	43,90935	-20,31627
8440	47,84159	-20,31627	46,53086	-19,00555
8460	45,8755	-18,35018	45,8755	-19,00554
8480	46,53085	-19,00554	46,53084	-19,00554
8500	46,53084	-18,35018	47,1862	-19,00555
8520	47,18619	-18,35019	46,53082	-19,00555
8540	49,80764	-19,66092	63,57036	-21,62699
8560	70,12412	-20,97163	68,8134	-20,31626
8580	68,15803	-19,66089	68,15804	-19,66089
8600	68,81339	-19,00553	68,15803	-19,66088
8620	68,15803	-19,00553	68,15804	-19,00552
8640	68,8134	-19,00553	68,81339	-19,00552
8660	68,15804	-19,00552	68,15804	-19,00552
8680	68,15804	-18,35016	68,15804	-18,35016
8700	66,84732	-18,35016	62,2597	-18,35017
8720	60,29359	-19,00554	60,2936	-18,35017
8740	60,2936	-18,35017	60,2936	-18,35016
8760	60,29359	-17,69481	60,29359	-18,35016
8780	60,29359	-17,6948	59,63823	-17,6948
8800	59,63823	-17,6948	59,63822	-17,6948
8820	59,63823	-17,69481	59,63823	-17,6948
8840	59,63824	-17,69481	59,63824	-17,6948
8860	60,2936	-17,69481	59,63824	-18,35016
8880	60,29361	-17,69481	60,2936	-17,6948
8900	60,2936	-17,69481	60,2936	-18,35016
8920	60,29361	-18,35017	60,2936	-18,35016
8940	60,29361	-18,35016	59,63825	-18,35016
8960	60,29361	-18,35016	66,19191	-19,66088
8980	76,02249	-20,31624	77,33327	-19,65985
9000	76,02255	-18,35014	76,02255	-18,35013
9020	76,02255	-17,69477	75,36719	-17,69477
9040	74,71183	-17,03941	74,71184	-17,0394
9060	74,71184	-17,03941	74,71184	-17,0394
9080	74,71184	-17,0394	74,71184	-17,03939
9100	74,05649	-16,38403	74,71184	-16,38403
9120	74,71185	-16,38403	75,3672	-16,38403
9140	75,3672	-16,38403	75,3672	-16,38403
9160	76,02256	-16,38404	75,36719	-16,38403
9180	76,02256	-15,72868	76,02256	-15,72867
9200	75,3672	-15,72867	76,02257	-16,38403
9220	78,64406	-15,72866	79,95482	-15,72865
9240	79,95482	-15,72866	79,29945	-15,72865
9260	79,29945	-15,72866	79,29945	-15,72865
9280	79,29945	-15,0733	79,29945	-15,72866
9300	79,29945	-15,07331	79,29945	-15,0733
9320	78,64409	-15,07331	78,64409	-15,0733
9340	78,64409	-14,41795	78,64409	-14,41794
9360	78,64409	-14,41795	78,64409	-15,0733
9380	78,64409	-14,41795	78,64409	-15,07331
9400	78,64409	-14,41795	77,98873	-15,07331
9420	78,64409	-15,07332	78,64409	-15,07331
9440	78,64409	-15,07331	78,64408	-15,07331
9460	78,64409	-14,41795	78,64409	-15,07331
9480	77,98873	-15,07332	77,98873	-15,07331
9500	77,98873	-14,41795	77,98873	-15,07331
9520	77,98873	-15,07331	77,98873	-15,07331
9540	77,98874	-15,07331	77,98873	-15,07331
9560	77,98874	-15,07332	77,98873	-15,72868
9580	77,33337	-15,72869	74,71188	-15,72869
9600	74,71187	-15,7287	74,71189	-15,72869
9620	74,71189	-15,72869	74,05652	-15,72869
9640	74,05653	-15,7287	73,40117	-15,7287
9660	72,74581	-15,07335	-57,67082	-13,76263
9680	71,43511	-13,10727	70,77975	-12,45191
9700	70,1244	-11,1412	69,46905	-11,14119
9720	68,8137	-10,48583	68,8137	-10,48583
9740	68,8137	-10,48583	68,15834	-10,48583
9760	68,15834	-10,48583	68,15834	-11,14119
9780	68,8137	-11,14119	68,8137	-11,14118
9800	68,8137	-11,79655	68,8137	-12,4519
9820	69,46906	-11,79655	69,46906	-11,79655
9840	68,81371	-11,79654	68,8137	-11,79654
9860	69,46907	-11,79654	68,81371	-11,14117
9880	69,46906	-11,14118	69,46906	-11,79653
9900	69,46905	-11,79654	69,46905	-11,79654
9920	70,77977	-12,4519	70,77976	-13,10726
9940	70,77974	-12,4519	70,77973	-13,10726
9960	70,12436	-13,10727	67,50286	-13,76263
9980	67,50287	-13,76263	67,50288	-13,76262
10000	68,15824	-13,76262	68,15825	-13,76261
10020	68,81361	-13,76261	68,8136	-13,76261
10040	69,46897	-13,76262	68,81361	-13,76261
10060	69,46896	-13,76262	69,46896	-14,41798
10080	70,12432	-14,41798	70,12432	-15,07334
10100	70,77968	-14,41799	70,12432	-15,07334
10120	70,77968	-14,41799	70,77967	-15,07335
10140	70,77968	-14,41799	70,77968	-15,07334
10160	70,77968	-15,07335	70,77968	-15,07335
10180	74,05651	-15,07335	77,98877	-16,38407
10200	78,64415	-15,72871	77,98878	-15,7287
10220	77,98879	-15,07333	77,98879	-15,07333
10240	77,98879	-14,41796	77,98879	-14,41796
10260	77,98879	-14,41796	77,98879	-15,07332
10280	77,98879	-13,7626	77,33343	-14,41795
10300	77,33343	-13,76259	77,98879	-14,41795
10320	77,33343	-13,76259	77,33343	-13,76258
10340	77,33344	-13,76258	77,33343	-13,76258
10360	77,33344	-13,76258	76,67808	-13,76257
10380	76,67808	-13,76258	76,02272	-13,76257
10400	76,67808	-13,10721	76,02272	-13,76257
10420	76,67808	-13,10721	76,67808	-13,76257
10440	76,67808	-13,10721	76,02272	-13,76257
10460	76,67808	-13,10721	76,67809	-13,76257
10480	77,33345	-13,76257	76,67808	-13,76257
10500	77,33344	-13,76257	76,67808	-13,76256
10520	76,67808	-13,76257	77,33345	-13,76256
10540	76,67809	-13,76257	76,67809	-13,76257
10560	76,67809	-13,76257	78,6442	-14,41792
10580	85,85329	-15,07328	88,47483	-15,07327
10600	87,16411	-14,41791	87,16412	-14,4179
10620	87,16412	-13,76254	87,16412	-13,76253
10640	87,16411	-13,76254	86,50875	-13,76253
10660	86,50875	-13,76254	86,50875	-13,10717
10680	86,50876	-13,10718	86,50876	-13,10717
10700	86,50876	-12,45181	86,50876	-13,10716
10720	86,50876	-13,10717	86,50876	-13,10716
10740	85,8534	-12,45181	85,85341	-12,45179
10760	86,50877	-12,4518	85,8534	-12,4518
10780	86,50877	-12,4518	85,85341	-13,10715
10800	86,50877	-12,4518	85,85341	-13,10716
10820	85,85341	-12,4518	85,85341	-13,10716
10840	85,8534	-13,10716	85,85341	-13,10716
10860	85,8534	-12,4518	85,85341	-13,10715
10880	85,85341	-13,10716	85,19805	-13,10715
10900	86,50877	-13,10716	89,13031	-13,7625
10920	91,09649	-13,7625	91,09648	-13,10714
10940	91,75183	-13,10715	91,75182	-13,7625
10960	91,75181	-13,76251	91,75181	-13,7625
10980	92,40717	-13,10715	92,40717	-13,7625
11000	92,40718	-13,10715	92,40717	-13,76251
11020	92,40717	-13,76251	93,06253	-13,76251
11040	92,40717	-13,76251	93,06253	-13,76251
11060	92,40716	-13,76252	93,06253	-14,41787
11080	93,06252	-13,76251	93,06252	-13,76251
11100	93,06252	-13,76252	98,96089	-15,07322
11120	104,85921	-15,07321	106,16992	-14,41784
11140	106,16992	-13,76248	106,16991	-13,76247
11160	106,16992	-13,10711	105,51456	-13,76247
11180	106,16992	-13,10711	105,51456	-13,10711
11200	106,16992	-13,10711	106,16992	-13,1071
11220	106,16993	-13,10711	106,16992	-13,1071
11240	106,16992	-13,1071	106,16992	-13,1071
11260	106,16992	-12,45174	106,16992	-12,45174
11280	106,82528	-12,45174	106,16992	-12,45174
11300	106,82528	-13,1071	106,82528	-13,1071
11320	106,82528	-12,45174	106,82529	-13,1071
11340	106,82529	-13,1071	106,82529	-13,1071
11360	106,82529	-13,1071	106,16993	-13,1071
11380	106,8253	-13,1071	106,82529	-13,1071
11400	106,8253	-13,1071	106,8253	-13,10625
11420	109,44674	-13,76246	111,41282	-14,41781
11440	111,41281	-13,76245	111,41282	-13,76245
11460	110,1021	-13,76245	110,75746	-13,76245
11480	111,41281	-13,76245	110,75746	-13,76245
11500	111,41282	-13,76245	110,75746	-13,76244
11520	111,41282	-13,76245	111,41282	-14,4178
11540	111,41282	-13,76161	111,41281	-14,4178
11560	111,41281	-14,41782	107,48068	-16,38394
11580	93,06229	-22,93767	69,4688	-32,11284
11600	46,53087	-42,59879	36,04509	-55,05083
11620	34,73458	-66,19212	34,7347	-69,46897
11640	34,07927	-63,57069	34,07916	-57,67239
11660	34,73442	-51,77409	35,3897	-47,84186
11680	36,04501	-43,90966	35,38962	-41,28817
11700	35,3896	-39,32206	34,73423	-37,35596
11720	34,73421	-36,04523	34,07884	-35,38985
11740	33,42347	-35,38983	33,42347	-34,73446
11760	32,76811	-34,73446	32,7681	-34,73446
11780	32,7681	-34,73446	32,11274	-34,73445
11800	29,49127	-34,07909	19,66073	-36,70054
11820	18,34999	-36,04519	19,00536	-35,3898
11840	19,00536	-34,07907	18,34999	-33,4237
11860	18,35	-32,76833	17,69463	-32,11295
11880	18,34999	-32,11295	18,34999	-31,45758
11900	18,34998	-31,45758	18,34998	-31,45758
11920	19,00534	-30,80222	18,34998	-30,80221
11940	19,00534	-30,14685	19,00534	-29,49148
11960	19,00533	-29,49148	19,66069	-29,49147
11980	19,66069	-29,49148	19,66069	-29,49147
12000	19,66069	-29,49147	19,66069	-29,49147
12020	20,31605	-28,83611	20,31605	-29,49147
12040	21,62678	-29,49148	22,28215	-30,14683
12060	22,93752	-29,49148	22,28215	-29,49147
12080	22,28216	-29,49147	22,93751	-29,49146
12100	22,93752	-29,49146	22,28216	-29,49145
12120	22,93752	-28,8361	22,28216	-28,8361
12140	22,28216	-28,8361	22,28216	-28,83609
12160	22,28216	-28,8361	22,28216	-29,49145
12180	22,28216	-28,83609	22,28216	-29,49145
12200	22,93752	-28,83609	22,28216	-28,83609
12220	22,28216	-28,83609	22,28217	-28,83609
12240	22,28217	-28,83609	21,6268	-28,83609
12260	22,28217	-28,18073	21,62682	-28,83609
12280	21,62682	-28,18073	21,62682	-28,83608
12300	21,62682	-28,18073	21,6268	-28,18072
12320	21,6268	-28,83609	22,28216	-29,49145
12340	26,21434	-30,14683	34,07877	-30,80218
12360	35,38952	-30,80219	34,07879	-30,14682
12380	34,73415	-30,14683	34,73415	-30,14683
12400	34,73415	-30,14683	35,3895	-30,14683
12420	35,3895	-30,14684	35,3895	-30,14684
12440	35,3895	-30,14683	35,3895	-30,14683
12460	36,04486	-30,14684	35,38949	-30,80219
12480	36,04485	-29,49147	36,04485	-30,14683
12500	36,04485	-29,49148	36,04485	-29,49147
12520	36,04485	-29,49147	36,04485	-30,14683
12540	36,04485	-29,49147	30,80191	-31,45756
12560	25,55894	-31,45758	25,55895	-31,45756
12580	26,21432	-30,8022	26,21431	-30,80219
12600	26,21431	-30,14683	26,21431	-30,14683
12620	26,21431	-30,14683	26,2143	-30,14683
12640	26,2143	-29,49147	26,2143	-30,14682
12660	26,21431	-29,49147	26,21431	-30,14682
12680	26,21431	-29,49147	26,21431	-29,49146
12700	26,86967	-30,14683	26,21431	-30,14682
12720	26,86968	-29,49146	26,21432	-30,14682
12740	26,86968	-30,14683	28,83578	-29,49145
12760	28,8358	-28,83609	28,18044	-28,83608
12780	28,18044	-28,83609	28,18044	-28,83608
12800	28,18044	-28,83609	28,18044	-28,83608
12820	28,18044	-28,83608	28,18044	-28,83608
12840	28,18044	-28,83609	27,52508	-29,49144
12860	27,52508	-28,83608	27,52508	-29,49143
12880	26,86972	-28,83609	26,86972	-29,49144
12900	26,86972	-28,83609	26,86972	-29,49144
12920	26,86972	-28,83609	26,86972	-29,49145
12940	26,86972	-29,49145	26,86972	-29,49145
12960	26,86972	-28,83609	26,21436	-29,49144
12980	26,86972	-28,83609	26,86972	-28,83608
13000	26,86972	-28,83609	26,86972	-28,83608
13020	26,86972	-28,83608	26,21436	-28,83608
13040	26,86972	-28,83608	26,21436	-28,83608
13060	26,86972	-28,83608	26,21436	-28,83608
13080	26,21436	-28,18073	25,55899	-28,83608
13100	26,21436	-28,18072	26,21436	-28,18072
13120	26,21436	-28,18072	25,559	-28,18071
13140	26,21436	-28,18071	25,559	-28,18071
13160	25,559	-28,18072	25,559	-28,83607
13180	25,55901	-28,18072	25,559	-28,83607
13200	25,55901	-28,18071	26,21437	-28,18071
13220	36,70024	-29,49143	45,22006	-29,49141
13240	44,56472	-28,83606	43,90935	-28,18068
13260	43,254	-27,52532	43,90934	-28,18067
13280	43,90934	-27,52532	44,56469	-27,52531
13300	44,56468	-27,52532	44,56468	-27,52531
13320	44,56467	-26,86996	44,56467	-26,86995
13340	45,22003	-26,86995	44,56466	-26,86995
13360	44,56466	-26,86995	45,22002	-26,86994
13380	45,22002	-26,86994	44,56466	-26,21458
13400	45,22002	-26,86994	44,56466	-26,86994
13420	44,56466	-26,21458	44,56466	-26,86994
13440	45,22001	-26,21458	45,22001	-26,21458
13460	54,39514	-27,5253	64,2257	-27,52528
13480	64,22572	-26,21456	62,915	-25,55918
13500	62,915	-24,90382	62,915	-24,24844
13520	62,25964	-23,59309	62,91501	-23,59307
13540	63,57037	-22,93771	63,57037	-22,93771
13560	63,57037	-22,28235	63,57036	-22,93771
13580	64,22573	-22,93771	64,22572	-22,28235
13600	64,88108	-22,28236	64,88108	-22,28235
13620	62,91497	-22,28237	62,25959	-22,28237
13640	62,91751	-22,28237	62,91496	-21,627
13660	62,91496	-22,28237	62,91496	-22,28236
13680	62,2596	-22,28237	62,2596	-22,28236
13700	62,91496	-22,28237	62,2596	-22,28236
13720	62,2596	-21,627	61,60424	-22,28236
13740	62,2596	-22,28236	61,60424	-22,93772
13760	61,60424	-22,93773	61,60424	-22,93772
13780	60,94888	-22,93773	60,94888	-22,93772
13800	61,60424	-23,59309	67,50257	-24,24844
13820	72,09019	-24,24844	72,09021	-24,24844
13840	72,09021	-24,24844	71,43486	-24,24843
13860	71,43486	-24,24844	70,7795	-24,24843
13880	70,77949	-24,24844	70,7795	-24,90379
13900	70,7795	-24,24844	70,12414	-24,90379
13920	70,12414	-24,9038	69,46878	-24,90379
13940	69,46878	-24,9038	69,46878	-24,90379
13960	69,46878	-24,9038	68,81342	-25,55915
13980	68,81342	-24,90379	68,81342	-24,90379
14000	68,81342	-24,9038	68,15806	-24,90379
14020	68,81342	-24,90379	68,81342	-24,90379
14040	68,81342	-24,90379	68,15806	-25,55915
14060	68,15807	-24,90379	68,15806	-24,90379
14080	67,5027	-24,24737	71,4349	-25,55915
14100	81,26548	-26,21451	85,85312	-26,21449
14120	85,19777	-24,90377	83,88704	-24,90376
14140	84,5424	-24,2484	83,88704	-23,59303
14160	83,88705	-22,93768	82,57632	-22,93767
14180	82,57633	-22,93768	82,57633	-22,93767
14200	82,57633	-22,93767	82,57633	-22,28231
14220	82,57632	-22,28231	82,57632	-22,28231
14240	83,23167	-22,28231	83,23166	-22,28231
14260	83,23166	-22,28231	83,23165	-22,28231
14280	83,23165	-21,62695	82,57628	-21,62695
14300	83,23165	-20,9716	83,23165	-21,62695
14320	83,23165	-20,9716	83,23165	-21,62695
14340	83,23165	-20,9716	83,23165	-21,62695
14360	83,23165	-21,62696	83,88701	-21,62696
14380	83,88701	-21,62696	83,887	-21,62696
14400	83,887	-21,62696	83,887	-21,62696
14420	83,887	-21,62697	84,54235	-22,28232
14440	84,54235	-21,62697	84,54235	-21,62696
14460	86,50846	-21,62697	89,78534	-22,28231
14480	89,78536	-21,62695	89,78535	-20,97158
14500	89,78535	-20,97159	90,44071	-20,97158
14520	89,78535	-20,97159	89,78535	-20,97158
14540	89,78535	-20,31623	89,12998	-20,97158
14560	89,12998	-20,31622	89,12999	-20,31622
14580	89,12999	-20,31622	89,12999	-19,66085
14600	89,12999	-19,00548	88,47464	-19,00548
14620	88,47463	-18,35011	88,47464	-17,69473
14640	88,47464	-17,69474	88,47464	-17,69473
14660	88,47464	-17,03937	87,81928	-17,69472
14680	88,47465	-17,03936	87,81928	-17,03936
14700	87,81928	-16,384	87,81929	-16,38398
14720	87,81929	-15,72863	87,16393	-15,72862
14740	87,16394	-15,72862	87,16394	-15,72862
14760	87,16394	-15,72862	87,16394	-15,72862
14780	87,16394	-15,72862	86,50858	-15,72861
14800	86,50858	-15,72769	85,85322	-15,72862
14820	86,50858	-15,72862	86,50858	-15,72862
14840	86,50858	-15,72863	86,50858	-15,72863
14860	86,50858	-15,72863	85,85322	-15,72863
14880	85,85322	-15,72864	85,85322	-15,72863
14900	86,50858	-15,72864	86,50857	-15,72864
14920	86,50857	-15,72864	86,50857	-15,72864
14940	87,16392	-15,72865	87,16392	-15,72864
14960	90,44079	-16,384	93,71773	-16,38399
14980	93,06239	-15,72863	93,06238	-15,72863
15000	93,06239	-15,72863	93,06239	-15,72863
15020	93,71775	-15,72863	93,06239	-15,72862
15040	93,06239	-15,07327	93,06238	-15,72862
15060	92,40703	-15,07327	93,06239	-15,07326
15080	93,06239	-14,4179	92,40703	-15,07326
15100	92,40703	-14,41791	92,40703	-14,4179
15120	92,40704	-14,4179	91,75167	-15,07326
15140	92,40704	-14,41791	91,75167	-14,4179
15160	91,75167	-14,41791	91,75167	-15,07326
15180	91,75167	-14,41791	91,75166	-15,07327
15200	91,75166	-14,41791	91,75166	-15,07327
15220	91,0963	-14,41791	91,0963	-14,41791
15240	91,0963	-14,41792	91,0963	-15,07328
15260	91,0963	-14,41792	91,0963	-15,07328
15280	91,0963	-14,41792	90,44094	-15,07327
15300	90,44095	-14,41792	90,44095	-14,41792
15320	90,44095	-15,07328	90,44096	-15,07328
15340	90,44096	-15,07329	89,78556	-15,72865
15360	89,13015	-15,72866	89,13016	-16,38401
15380	89,13018	-15,72866	88,4748	-15,72865
15400	88,4748	-15,72865	88,4748	-15,72865
15420	88,4748	-15,72865	88,47481	-15,72865
15440	87,81945	-15,07329	87,81944	-15,07329
15460	87,81944	-15,07329	87,81944	-15,07329
15480	87,81944	-15,07328	87,16408	-15,07328
15500	87,16409	-15,07328	87,16408	-15,07328
15520	87,81945	-15,07329	86,50873	-15,07328
15540	87,16408	-15,07328	86,50872	-15,07328
15560	87,16408	-14,41792	86,50872	-15,07328
15580	86,50872	-14,41792	86,50872	-14,41792
15600	90,441	-15,72863	100,27166	-17,03934
15620	105,51453	-16,38397	104,85916	-15,72861
15640	104,85916	-15,07324	105,51451	-15,72861
15660	105,51451	-15,07325	105,51451	-15,07324
15680	106,16987	-15,07325	106,16986	-15,07325
15700	106,16986	-15,07325	106,16986	-15,07325
15720	106,16986	-15,72861	106,16986	-15,07325
15740	106,16986	-15,07325	106,16986	-15,07325
15760	106,16986	-15,07325	106,16986	-15,07324
15780	106,16985	-15,07325	106,16985	-15,72861
15800	106,82521	-15,07325	106,82521	-15,07324
15820	106,82521	-15,07325	106,82521	-15,07324
15840	106,82521	-15,07325	106,82521	-15,07324
15860	106,82521	-14,41788	106,16985	-14,41787
15880	106,16985	-13,76251	106,16985	-14,41787
15900	106,16985	-13,76252	105,51449	-13,76252
15920	106,16985	-13,76252	106,16985	-14,41788
15940	106,16985	-13,76252	106,16985	-14,41788
15960	110,102	-14,41787	112,72344	-14,41785
15980	112,06808	-13,76249	112,06809	-13,76249
16000	112,06809	-13,76249	112,06809	-13,76248
16020	111,41273	-13,76248	111,41273	-13,76248
16040	111,41273	-13,10712	110,75737	-13,76248
16060	111,41273	-13,10712	110,75737	-13,76248
16080	110,75738	-13,10712	110,75737	-13,76247
16100	110,75738	-13,10712	110,75738	-13,10712
16120	110,75738	-13,10712	110,75738	-13,76248
16140	110,75738	-13,76249	110,75738	-13,76249
16160	110,75738	-14,41787	110,75737	-16,38398
16180	108,79129	-22,9377	101,58238	-38,01122
16200	93,06285	-58,98302	88,47551	-79,29939
16220	91,097	-83,23161	-57,66984	-74,71185
16240	101,58253	-63,57063	104,20385	-54,3955
16260	106,82524	-45,87572	108,79129	-39,97739
16280	109,44663	-35,38981	110,10198	-31,45758
16300	110,75735	-27,52535	110,102	-23,5931
16320	109,44666	-20,31622	110,10204	-18,35008
16340	106,16994	-17,69471	89,78547	-21,62692
16360	66,19197	-26,2145	43,25403	-26,86986
16380	32,76818	-22,93766	32,11287	-19,6608
16400	31,4575	-16,38397	29,49142	-15,0732
16420	28,1807	-13,10709	26,21461	-11,79634
16440	24,90388	-11,14096	23,59315	-11,14094
16460	22,93779	-10,48558	21,62706	-10,48556
16480	20,9717	-10,48556	19,66098	-10,48555
16500	19,66097	-10,48555	19,00562	-10,48554
16520	19,00562	-9,83019	17,69489	-9,83018
16540	9,17509	-9,83019	4,58749	-9,17483
16560	5,24288	-8,51946	5,89824	-7,8641
16580	6,55359	-7,86411	7,20894	-8,51947
16600	7,20894	-8,51948	7,86428	-8,51949
16620	7,86428	-8,51949	7,86427	-9,17485
16640	9,17499	-9,17486	9,17498	-9,83023
16660	10,4857	-9,17487	10,48569	-9,83024
16680	10,48569	-9,83024	11,14104	-10,48561
16700	11,14105	-10,48561	11,7964	-11,14098
16720	11,7964	-11,14099	11,7964	-11,14099
16740	12,45176	-11,79636	12,45176	-12,45172
16760	13,10712	-11,79636	13,10712	-12,45172
16780	13,76247	-13,1071	14,41784	-13,76248
16800	14,41784	-13,76248	14,41784	-13,76247
16820	14,41785	-13,76248	14,41784	-14,41784
16840	14,41784	-14,41785	14,41784	-14,41785
16860	14,41784	-14,41785	13,76248	-15,07321
16880	14,41784	-15,07322	14,41784	-15,72858
16900	15,0732	-15,07323	14,41784	-15,72859
16920	15,0732	-15,07323	15,0732	-15,72859
16940	15,0732	-15,7286	15,0732	-15,7286
16960	15,72856	-15,72861	15,72856	-16,38397
16980	15,72856	-16,38397	15,72856	-17,03933
17000	15,72856	-16,38398	18,35002	-17,03934
17020	23,59296	-17,03935	23,59297	-17,03934
17040	23,59297	-17,03934	22,93761	-17,03934
17060	22,93761	-16,38398	22,93761	-17,03933
17080	22,93761	-16,38398	22,28225	-16,38398
17100	22,28224	-16,38398	22,28224	-16,38398
17120	22,28224	-16,38398	21,62688	-16,38397
17140	21,62688	-16,38398	21,62688	-16,38398
17160	22,28224	-15,72863	21,62688	-16,38399
17180	21,62688	-16,38399	22,28225	-16,38399
17200	22,28225	-16,38399	22,28225	-16,38399
17220	22,28225	-16,384	21,62688	-16,38399
17240	22,28224	-16,384	22,9376	-17,03936
17260	23,59295	-17,03936	23,59295	-17,03936
17280	23,59295	-17,03937	23,59294	-17,69473
17300	24,2483	-17,03937	24,2483	-17,69473
17320	24,2483	-17,69474	24,2483	-18,3501
17340	24,90366	-17,69474	24,25084	-18,3501
17360	24,24829	-18,35011	24,24829	-18,35011
17380	24,90365	-18,35012	24,24829	-18,35012
17400	24,90365	-18,35013	24,24828	-19,00549
17420	24,90364	-19,00549	24,24828	-19,00549
17440	24,24828	-19,0055	24,24828	-19,0055
17460	28,18048	-19,66087	30,80196	-19,66086
17480	30,1466	-19,00449	30,1466	-19,66087
17500	30,1466	-19,66087	30,14659	-19,66087
17520	30,80196	-19,00551	30,14659	-19,66087
17540	30,14659	-19,00552	30,80195	-19,00551
17560	30,80195	-19,00552	30,80195	-19,00552
17580	30,80195	-19,00552	30,80195	-19,66088
17600	30,80195	-19,66089	30,14659	-19,66089
17620	30,80195	-20,31625	30,80195	-20,31625
17640	30,80196	-20,31626	30,80195	-20,97162
17660	31,45731	-20,97163	31,45731	-20,97163
17680	41,94318	-22,28235	51,11837	-22,93771
17700	51,1184	-22,28235	50,46304	-21,62699
17720	50,46304	-20,97163	50,46304	-21,62698
17740	50,46304	-20,97162	49,80767	-20,97162
17760	49,80767	-20,97163	49,80767	-20,97162
17780	49,80768	-20,97163	49,15232	-20,97162
17800	49,15232	-20,97163	49,15231	-20,97163
17820	48,49695	-20,97163	48,49696	-20,97163
17840	48,49696	-20,97163	48,49696	-20,97163
17860	47,8416	-20,97163	48,49696	-21,62699
17880	47,8416	-21,62699	47,8416	-21,62699
17900	48,49695	-20,97164	48,49694	-21,627
17920	49,1523	-21,62701	49,1523	-22,28237
17940	46,53082	-21,62701	45,87544	-21,627
17960	46,53081	-21,627	45,87545	-21,627
17980	46,53081	-21,627	45,87545	-20,97164
18000	46,53081	-21,62701	46,5308	-21,627
18020	46,5308	-21,62701	45,87544	-22,28237
18040	46,5308	-22,28237	46,53079	-22,28237
18060	46,53079	-22,28238	46,53079	-22,28238
18080	46,53079	-22,28238	46,53078	-22,28238
18100	46,53078	-21,62703	46,53078	-22,28239
18120	46,53078	-21,62703	46,53079	-21,62703
18140	46,53079	-21,62703	45,87542	-22,28239
18160	46,53078	-21,62703	46,53079	-22,28239
18180	46,53079	-22,2824	46,53078	-22,28239
18200	46,53078	-22,2824	46,53078	-22,93776
18220	46,53078	-22,28241	46,53078	-22,93776
18240	47,18614	-22,93776	46,53079	-22,93776
18260	47,18614	-22,93777	47,18614	-22,93777
18280	47,18615	-22,93777	47,18615	-23,59313
18300	47,84151	-23,59313	47,18615	-24,24849
18320	47,18615	-23,59313	47,18615	-24,24849
18340	47,84151	-24,24849	47,18616	-24,24849
18360	47,84151	-24,2485	47,84151	-24,24849
18380	47,84152	-24,90386	47,84152	-24,90385
18400	47,84152	-24,90386	51,11836	-25,55922
18420	53,73985	-25,55922	53,73985	-25,55922
18440	53,73985	-24,90386	53,08449	-24,90385
18460	53,08449	-24,90386	53,08448	-24,90386
18480	52,42913	-24,90386	53,08704	-25,55922
18500	52,42912	-24,90386	52,42912	-25,55922
18520	52,42913	-25,55922	52,42913	-25,55922
18540	52,42913	-25,55922	52,42913	-25,55922
18560	52,42913	-25,55922	51,77378	-25,55922
18580	51,77378	-25,55922	52,42914	-25,55921
18600	60,29355	-26,86994	68,15803	-26,86992
18620	68,81344	-26,21457	67,50272	-25,55919
18640	67,50272	-24,90383	66,84736	-24,90383
18660	67,50273	-24,24847	66,84737	-24,90382
18680	66,84737	-24,24846	66,84737	-24,24845
18700	66,84738	-24,24845	66,84738	-24,24845
18720	66,19202	-23,59309	66,19202	-24,24845
18740	66,19201	-23,59309	65,53665	-23,59309
18760	66,19201	-23,59309	65,53665	-23,59309
18780	65,53665	-23,59309	65,53665	-23,59308
18800	64,88128	-23,59309	62,91516	-24,24846
18820	62,91517	-24,24846	62,91518	-23,59309
18840	62,91517	-23,5931	62,91518	-23,59309
18860	62,91518	-23,59309	62,25981	-24,24845
18880	62,91518	-24,24845	62,25982	-24,24845
18900	62,25982	-24,24846	62,91518	-24,90381
18920	63,57054	-24,24846	63,57052	-24,90381
18940	64,22588	-24,90382	64,22588	-24,90382
18960	64,22588	-24,90383	64,22588	-25,55918
18980	64,88124	-24,90383	64,88124	-24,90382
19000	64,88124	-24,90382	64,88124	-25,55919
19020	64,88124	-25,55919	64,88124	-26,21455
19040	64,88124	-25,55919	64,88123	-26,21455
19060	64,88123	-25,55919	65,53659	-26,21455
19080	65,53659	-26,21456	65,53659	-26,21455
19100	65,53658	-25,5592	65,53658	-26,21455
19120	65,53658	-26,21456	65,53658	-26,21456
19140	65,53658	-26,21456	65,53658	-26,21456
19160	66,19194	-26,21456	66,19194	-25,55919
19180	66,19195	-25,5592	66,19194	-25,5592
19200	66,19194	-26,21456	65,53658	-26,21456
19220	66,19194	-26,21456	66,19194	-26,21456
19240	66,19194	-26,86992	66,19194	-26,86992
19260	66,19194	-26,86993	66,19194	-26,86993
19280	66,19194	-26,86993	66,19194	-26,86993
19300	66,8473	-26,21457	66,19194	-26,21456
19320	66,19194	-26,21456	66,19194	-26,21456
19340	66,19194	-26,21456	65,53658	-26,21455
19360	-57,6711	-25,5592	65,53658	-25,55919
19380	65,53658	-25,55919	68,81344	-26,86991
19400	76,67792	-27,52528	81,26552	-28,18064
19420	81,26553	-26,86991	80,61017	-26,8699
19440	81,26553	-26,21454	80,61017	-26,21454
19460	81,26553	-25,55917	81,92089	-25,55917
19480	81,92089	-25,55917	81,92089	-25,55916
19500	83,23161	-25,55916	83,88697	-25,55916
19520	84,54233	-24,9038	85,19769	-24,9038
19540	85,85305	-24,9038	85,85305	-25,55916
19560	86,50841	-24,9038	88,47452	-24,90379
19580	88,47454	-24,90378	88,47454	-24,90378
19600	88,47454	-24,90378	88,47453	-24,90378
19620	88,47453	-24,24843	87,81918	-24,24842
19640	87,16381	-24,24843	87,16381	-24,24843
19660	87,16381	-24,24843	87,16381	-24,24843
19680	87,16381	-24,24844	86,50845	-24,24844
19700	87,16381	-24,24844	87,16381	-24,9038
19720	87,16381	-24,90381	87,1638	-24,9038
19740	87,81916	-24,90273	87,1638	-24,90381
19760	87,81916	-24,90381	87,1638	-24,90381
19780	87,1638	-24,90382	87,1638	-25,55918
19800	87,1638	-25,55918	90,44066	-26,21453
19820	98,30514	-26,86987	100,27136	-26,86987
19840	99,61601	-26,86987	99,616	-26,86987
19860	99,616	-26,21451	99,616	-26,86987
19880	99,61599	-26,21452	99,61599	-26,86987
19900	99,61599	-26,21452	99,61599	-26,21451
19920	98,96064	-26,21452	98,30528	-26,21451
19940	98,96064	-25,55915	98,96064	-25,55915
19960	98,30528	-25,55915	98,30527	-26,21451
19980	98,30527	-25,55916	98,30526	-26,21451
20000	98,30526	-25,55916	98,30526	-26,21451
20020	98,30525	-25,55916	98,30526	-25,55915
20040	98,30526	-25,55916	98,30526	-25,55915
20060	97,64989	-25,55915	98,30526	-25,55915
20080	98,30526	-25,55916	98,30526	-25,55915
20100	98,30525	-25,55916	98,30526	-26,21451
20120	98,30526	-25,55916	97,6499	-25,55915
20140	98,30527	-25,55915	97,64991	-25,55915
20160	98,30528	-24,90379	98,30528	-24,90379
20180	97,64992	-24,24843	97,64992	-24,24842
20200	96,33912	-25,55916	84,5423	-32,11285
20220	63,57032	-38,01117	39,32169	-41,28798
20240	28,18044	-39,97728	27,52512	-37,35581
20260	27,52512	-36,04507	27,5251	-35,3897
20280	26,86974	-33,42361	26,86974	-32,11286
20300	26,21437	-30,80214	26,21437	-30,14676
20320	25,55901	-29,49141	24,90365	-29,4914
20340	25,55901	-28,83604	24,90365	-28,83603
20360	22,93754	-28,18067	19,66069	-26,21456
20380	20,97143	-23,59309	22,28217	-22,9377
20400	22,28216	-21,62698	22,28215	-20,97161
20420	22,28215	-20,31626	22,28213	-20,31626
20440	22,28213	-19,66091	22,28213	-20,31627
20460	22,28212	-19,66092	22,28212	-20,31627
20480	22,28212	-20,31628	21,62676	-20,31628
20500	21,62676	-20,31629	21,62676	-20,31629
20520	21,62675	-20,97166	21,62675	-20,97166
20540	21,62675	-21,62702	21,62674	-21,62703
20560	21,62674	-22,28239	21,62674	-22,28239
20580	21,62675	-22,93776	21,62674	-22,93775
20600	21,62674	-22,93776	20,97139	-22,93775
20620	20,9714	-23,59312	22,28212	-24,24849
20640	22,93749	-24,24849	22,28213	-24,24849
20660	22,28213	-24,24849	22,28213	-24,24848
20680	22,28213	-24,24849	22,9375	-24,90385
20700	22,93749	-24,90386	22,28214	-24,90385
20720	22,9375	-24,90385	22,93749	-24,90385
20740	22,28213	-24,90385	22,28214	-24,90385
20760	22,9375	-24,90386	22,28214	-25,55922
20780	22,28214	-24,90386	22,28214	-25,55922
20800	22,9375	-25,55922	22,9375	-26,21458
20820	22,9375	-25,55923	22,9375	-26,21458
20840	22,93751	-26,21459	27,52508	-27,52532
20860	28,83583	-27,52533	28,18046	-27,52532
20880	28,83582	-27,52533	28,83582	-27,52532
20900	28,83583	-27,52533	28,83583	-27,52532
20920	28,83583	-27,52533	28,83583	-28,18069
20940	28,83584	-28,18069	28,18048	-28,18069
20960	28,83584	-28,18069	28,18048	-28,18069
20980	28,83584	-28,1807	28,83584	-28,83605
21000	28,18048	-28,83606	28,18048	-28,83606
21020	28,18048	-28,1807	28,18049	-28,83606
21040	28,18049	-28,83607	28,18049	-28,83607
21060	28,83586	-29,49143	28,18049	-29,49143
21080	28,1805	-29,49143	28,1805	-29,49143
21100	28,1805	-29,49143	28,1805	-30,14679
21120	32,76808	-30,80216	41,94325	-31,45751
21140	43,90937	-31,45752	43,25402	-30,80216
21160	43,25402	-30,1468	42,59866	-30,80215
21180	43,25402	-30,80216	43,25402	-30,80216
21200	43,25402	-30,80216	42,59866	-30,80216
21220	42,59866	-30,80217	41,9433	-30,80216
21240	41,94331	-30,1468	41,9433	-30,80216
21260	41,94331	-30,80216	42,59866	-30,80216
21280	42,59866	-30,80217	42,59866	-30,80217
21300	43,25402	-30,80217	43,25401	-30,80217
21320	43,25401	-31,45754	43,90937	-31,45754
21340	43,90936	-31,45755	43,90936	-31,45755
21360	43,90936	-31,45755	43,90936	-31,45755
21380	43,90936	-31,45756	43,90935	-31,45755
21400	43,90936	-32,11292	43,90935	-32,11291
21420	43,90935	-31,45756	43,90935	-32,11292
21440	43,90934	-31,45756	44,5647	-32,11292
21460	44,5647	-32,11293	44,5647	-32,11292
21480	44,5647	-32,11292	44,5647	-32,11292
21500	44,56469	-32,11293	44,56469	-32,76829
21520	45,22005	-32,76829	45,22005	-32,76829
21540	45,22005	-32,76829	44,56469	-32,76829
21560	45,22006	-32,76829	45,22005	-32,76829
21580	49,15225	-32,7683	51,77374	-33,42365
21600	51,77374	-32,76829	51,11837	-32,76829
21620	51,77373	-32,76829	51,77374	-32,76829
21640	51,77374	-32,76829	51,11837	-32,76829
21660	51,11837	-32,11293	51,11837	-32,76829
21680	51,77373	-32,7683	51,11837	-32,76829
21700	51,77373	-32,7683	51,11837	-32,76829
21720	51,11837	-32,76829	51,11837	-33,42365
21740	51,11837	-32,76829	51,11837	-33,42365
21760	51,11838	-32,76829	51,77374	-32,76828
21780	51,77374	-32,76829	51,77374	-32,11292
21800	52,4291	-31,45756	51,77374	-31,45755
21820	52,4291	-30,80219	52,4291	-29,49147
21840	52,4291	-28,83611	52,42909	-28,18074
21860	52,42909	-27,52538	51,77372	-27,52538
21880	52,42906	-26,87002	52,42905	-26,87001
21900	55,05052	-27,52538	56,36126	-28,18073
21920	55,05054	-28,18074	54,39518	-28,83609
21940	53,08447	-28,8361	52,42911	-29,49145
21960	52,42911	-30,14682	52,42912	-30,80218
21980	53,08448	-30,80218	53,08449	-31,45754
22000	53,73985	-31,45754	54,39521	-32,1129
22020	55,05057	-32,1129	55,70593	-32,1129
22040	56,3613	-32,11291	57,01666	-32,76826
22060	57,67202	-32,76827	58,32738	-33,42362
22080	58,32738	-32,76827	58,32738	-33,42362
22100	62,91495	-33,42363	66,19181	-33,42362
22120	64,88108	-32,76826	64,88108	-32,76824
22140	65,53644	-32,11289	65,53645	-32,11287
22160	66,19181	-31,45751	66,1918	-32,11287
22180	66,84717	-31,4575	66,84717	-32,11286
22200	66,84717	-32,11287	66,84717	-32,76823
22220	68,15789	-32,76823	76,67768	-32,76821
22240	85,19753	-33,42357	-57,67094	-32,11283
22260	83,88682	-30,80211	83,88682	-30,8021
22280	83,88683	-30,14673	83,88682	-30,14672
22300	83,88682	-29,49137	84,54217	-30,14672
22320	84,54216	-30,14674	84,54216	-30,14674
22340	85,19751	-30,14675	85,1975	-30,8021
22360	85,1975	-30,14675	85,1975	-30,80211
22380	85,1975	-30,80212	85,19751	-30,80212
22400	85,19751	-30,14677	85,1975	-30,14677
22420	85,19751	-29,49141	85,19751	-29,49141
22440	84,54216	-28,83606	81,92067	-28,83606
22460	79,29918	-28,83607	79,95455	-28,1807
22480	79,2992	-27,52535	79,29919	-27,52535
22500	79,29919	-26,86999	78,64383	-27,52535
22520	78,64383	-26,87	78,64383	-27,52536
22540	79,29919	-26,87001	78,64383	-27,52536
22560	78,64383	-27,52537	78,64384	-27,52536
22580	78,64384	-27,52537	78,64383	-27,52537
22600	79,29919	-27,52538	79,29919	-28,18073
22620	79,29919	-28,18074	78,64383	-28,18073
22640	79,29919	-28,18073	79,29919	-28,18073
22660	79,29919	-28,18073	79,29919	-28,18072
22680	79,29919	-28,18073	79,29919	-27,52536
22700	79,29919	-28,18073	79,29919	-28,18073
22720	79,29919	-28,18073	79,2992	-28,18072
22740	79,95456	-28,18073	79,2992	-28,18073
22760	79,29919	-28,18073	79,29919	-28,83608
22780	79,29919	-28,18073	79,29919	-28,18072
22800	78,64383	-28,18073	78,64383	-28,18072
22820	78,64383	-28,18073	77,98847	-28,18072
22840	77,98847	-28,18072	77,98847	-28,83608
22860	77,98847	-28,18073	77,33312	-28,83608
22880	77,33311	-28,83608	76,67776	-28,83608
22900	76,67776	-29,49145	76,67776	-29,49145
22920	76,67776	-29,49145	76,67776	-28,83609
22940	76,0224	-29,49145	76,02239	-29,49145
22960	76,02239	-29,49145	76,0224	-29,49145
22980	75,36703	-29,49145	75,36703	-29,49145
23000	75,36703	-29,49145	76,02239	-29,49145
23020	75,36703	-29,49146	76,02238	-29,49146
23040	76,67774	-29,49146	76,02237	-29,49146
23060	76,67773	-29,49147	76,67773	-28,8361
23080	76,67773	-28,8361	76,02237	-28,83609
23100	76,67773	-28,83611	76,02237	-29,49146
23120	77,3331	-29,49147	84,54217	-30,80219
23140	89,12979	-31,45754	88,47444	-30,80217
23160	87,81907	-29,49145	87,81908	-29,49144
23180	87,81908	-28,83608	87,81908	-28,83607
23200	87,81907	-28,18072	87,16372	-28,83607
23220	87,16372	-28,18071	86,50836	-28,18071
23240	86,50837	-27,52535	86,50836	-28,1807
23260	86,50836	-27,52535	86,50836	-27,52534
23280	86,50836	-27,52534	86,50836	-27,52534
23300	86,50836	-26,86999	86,50836	-27,52534
23320	86,50835	-26,86999	85,853	-26,86998
23340	86,50836	-26,86998	87,16372	-26,86998
23360	95,68353	-27,52533	99,61584	-27,52531
23380	98,30513	-26,86995	97,64977	-26,21458
23400	97,64977	-25,55922	97,64977	-26,21458
23420	97,64978	-25,55922	97,64977	-26,21458
23440	97,64978	-25,55922	97,64978	-25,55921
23460	97,64979	-25,55922	97,64979	-25,55921
23480	96,99443	-25,55922	96,99444	-26,21457
23500	96,99443	-25,55922	96,99444	-26,21458
23520	96,33908	-26,21458	96,33908	-26,21458
23540	96,33907	-26,21458	96,33907	-26,21458
23560	96,33908	-26,21458	96,33908	-26,21458
23580	96,33908	-26,21458	95,68373	-26,86994
23600	95,68371	-26,86995	93,71757	-27,52531
23620	93,06221	-27,52531	93,06222	-27,52531
23640	93,06221	-27,52531	92,40685	-27,52531
23660	92,40685	-27,52531	92,40685	-27,52531
23680	92,40686	-27,52531	92,40686	-27,52531
23700	91,7515	-28,18067	91,7515	-28,18067
23720	91,75149	-27,52531	91,75149	-28,18067
23740	91,75149	-28,18067	91,09613	-28,18067
23760	91,09613	-28,18067	91,09613	-28,18067
23780	90,44077	-28,18067	90,44077	-28,83603
23800	90,44077	-28,18067	89,7854	-28,83603
23820	89,7854	-28,83603	89,7854	-28,83603
23840	90,44076	-28,83604	90,44074	-28,83604
23860	91,0961	-29,49141	91,0961	-29,49141
23880	91,09864	-29,49141	91,09608	-29,49141
23900	91,09608	-29,49141	91,09608	-29,49141
23920	91,09608	-29,49142	90,44072	-29,49141
23940	91,09608	-29,49141	90,44072	-30,14677
23960	91,09608	-30,14678	91,09607	-30,80215
23980	91,09606	-31,45753	89,12999	-34,73438
24000	85,1979	-43,90959	83,23194	-58,32769
24020	84,54281	-72,09043	87,81972	-79,95483
24040	91,75191	-77,33337	95,02871	-72,7458
24060	96,99481	-68,15823	98,96086	-63,57066
24080	99,6162	-58,32773	100,27154	-55,05088
24100	100,9269	-51,77403	100,92689	-49,80791
24120	102,23759	-47,84181	102,23759	-45,8757
24140	102,23758	-44,56497	102,23758	-44,56495
24160	102,23757	-43,25422	102,23757	-42,59885
24180	102,23756	-41,94349	102,89292	-41,28811
24200	108,13586	-40,63273	108,79126	-39,32199
24220	108,13589	-38,01126	108,1359	-37,35588
24240	108,1359	-36,70051	107,48054	-36,04513
24260	107,48054	-34,73441	107,48054	-34,7344
24280	107,48054	-34,73439	107,48054	-34,07902
24300	107,48055	-34,07902	107,48055	-34,07901
24320	108,13591	-33,42365	107,48055	-33,42364
24340	107,48055	-33,42364	107,48055	-32,76827
24360	107,48055	-32,11291	107,48056	-32,1129
24380	107,48055	-32,1129	107,48056	-32,11289
24400	106,8252	-32,1129	106,8252	-32,11289
24420	107,48056	-31,45753	106,16985	-32,11289
24440	110,10195	-32,11289	118,62165	-32,76823
24460	123,20925	-32,76822	122,55389	-31,45748
24480	121,89853	-30,14674	121,89854	-29,49136
24500	121,89854	-28,18063	121,24319	-26,86988
24520	120,58783	-25,55915	120,58783	-24,2484
24540	120,58784	-23,59304	120,58784	-22,93766
24560	120,58785	-22,28229	119,93249	-21,62692
24580	119,93249	-21,62692	119,27714	-21,62691
24600	119,27714	-20,97155	119,27715	-20,97154
24620	119,27716	-20,31618	116,6557	-20,97154
24640	110,10206	-22,28231	105,51453	-22,28231
24660	105,51454	-21,62694	105,51454	-20,97157
24680	105,51454	-20,31621	104,85918	-20,97156
24700	104,85918	-20,3162	104,85918	-20,3162
24720	104,85918	-20,3162	104,85919	-20,3162
24740	104,85918	-20,3162	104,20382	-20,31619
24760	104,20383	-20,3162	104,20383	-20,31619
24780	104,20382	-20,3162	103,54847	-20,97156
24800	103,54847	-20,3162	104,20382	-20,97156
24820	104,20382	-20,97157	104,85917	-20,97157
24840	103,54848	-21,62695	100,92707	-22,93769
24860	101,58243	-22,28233	101,58244	-22,28233
24880	101,58243	-22,28233	101,58243	-22,93769
24900	101,58243	-22,28233	101,58242	-22,28233
24920	101,58243	-22,93769	101,58243	-22,93769
24940	102,23778	-22,93769	102,23779	-22,93769
24960	102,23778	-22,9377	102,23778	-23,59306
24980	102,23778	-22,9377	102,23778	-23,59306
25000	102,23778	-22,9377	102,23777	-23,59306
25020	102,23777	-22,93771	102,23777	-23,59307
25040	102,23777	-22,93771	102,23777	-23,59307
25060	102,23777	-23,59308	102,23777	-23,59307
25080	102,23777	-23,59308	102,23777	-24,24844
25100	102,23777	-24,24844	102,23777	-24,24844
25120	102,89312	-24,24845	102,23777	-24,9038
25140	102,89312	-24,90381	102,89312	-24,90381
25160	102,89313	-24,90382	102,23776	-24,90382
25180	102,89312	-24,90382	102,23776	-25,55918
25200	102,89312	-24,90383	102,23776	-25,55919
25220	102,89312	-25,55919	102,23776	-26,21455
25240	102,89312	-26,21456	102,89312	-26,21455
25260	102,89312	-25,5592	102,89312	-26,21455
25280	102,23776	-26,21456	102,89312	-26,21456
25300	102,23776	-26,21457	104,85919	-26,86993
25320	114,03417	-28,18064	118,62174	-27,52526
25340	116,65566	-25,55916	116,0003	-24,2484
25360	116,00031	-22,93765	115,34494	-21,62691
25380	115,34495	-20,97154	115,34496	-20,97152
25400	115,34496	-19,66079	115,34496	-19,66078
25420	114,68961	-19,00541	114,6896	-18,35004
25440	114,68961	-17,69468	114,03424	-17,69467
25460	114,03425	-17,69467	114,03425	-17,0393
25480	114,03425	-17,0393	114,03425	-17,03929
25500	114,6896	-17,0393	114,6896	-17,03929
25520	115,34496	-16,38394	115,34495	-17,0393
25540	115,34495	-17,0393	114,68959	-17,0393
25560	115,34495	-16,38394	115,34495	-16,38394
25580	115,34495	-16,38395	115,34494	-17,0393
25600	115,34494	-17,03931	115,34494	-17,03931
25620	116,0003	-17,03931	115,34494	-17,03931
25640	116,0003	-17,69468	116,0003	-17,69467
25660	116,65566	-17,69467	116,65566	-17,69467
25680	116,65566	-17,03932	116,65566	-17,69468
25700	119,9325	-18,35004	121,89863	-18,35004
25720	121,24327	-17,69467	121,24327	-17,69466
25740	121,24327	-17,69467	121,24328	-17,69466
25760	121,24328	-17,0393	121,24328	-17,69466
25780	121,24327	-17,03931	121,24328	-17,69466
25800	121,24328	-17,69467	121,24327	-17,69467
25820	121,24328	-17,03931	121,24328	-17,0393
25840	121,24329	-17,69468	121,24329	-17,69467
25860	121,24329	-17,69468	121,24329	-17,69467
25880	121,24329	-17,69468	120,58793	-17,69468
25900	121,2433	-17,69469	119,93255	-18,35005
25920	118,6218	-18,35007	118,62181	-18,35006
25940	117,96646	-17,69469	118,62182	-17,6947
25960	117,96646	-17,6947	118,62182	-18,35005
25980	118,62182	-17,69471	118,62182	-18,35006
26000	118,62182	-17,69471	118,62182	-18,35006
26020	119,27718	-18,35007	119,27718	-18,35007
26040	119,27719	-17,69471	119,27719	-18,35007
26060	119,27719	-18,35008	119,27719	-19,00543
26080	119,27719	-18,35007	119,27719	-19,00543
26100	119,2772	-18,35008	119,2772	-19,00543
26120	117,96645	-19,00545	116,6557	-19,00544
26140	116,65572	-19,00544	116,65572	-19,00544
26160	116,65571	-19,00544	116,65571	-19,00544
26180	117,31107	-19,00544	117,31106	-19,00544
26200	117,96642	-19,00545	117,96642	-19,66081
26220	117,96641	-19,00545	117,96641	-19,00545
26240	117,96642	-19,00545	118,62177	-19,00545
26260	118,62177	-19,00545	118,62177	-19,00545
26280	118,62178	-19,00545	118,62178	-19,66081
26300	118,62178	-19,66082	117,96642	-19,66082
26320	119,27713	-19,66082	119,27714	-19,66082
26340	119,27713	-19,66083	119,27713	-20,31618
26360	119,27714	-19,66083	119,27714	-19,66083
26380	119,9325	-19,66083	124,5201	-20,97154
26400	131,07382	-20,31617	130,41852	-19,6608
26420	129,10779	-18,35008	129,10779	-19,00543
26440	129,76315	-18,35007	128,45243	-18,35006
26460	129,10779	-17,69471	128,45242	-18,35006
26480	129,76315	-18,35007	129,76314	-18,35006
26500	129,76314	-17,69471	129,76314	-18,35006
26520	129,76315	-17,69471	129,76315	-17,69471
26540	129,76315	-17,69471	129,76315	-17,6947
26560	129,76314	-17,69471	129,76314	-17,6947
26580	129,76315	-17,69471	129,76315	-17,6947
26600	129,76315	-17,6947	129,76315	-17,6947
26620	129,76315	-17,03934	129,10779	-17,69469
26640	127,79701	-17,69471	117,96643	-22,28232
26660	98,30519	-28,83602	77,3332	-34,07896
26680	55,70602	-36,70044	39,32182	-37,35581
26700	36,70038	-34,73435	36,7004	-32,76824
26720	36,04502	-30,80214	35,38966	-28,83602
26740	34,73429	-26,21455	34,07893	-24,24842
26760	33,42357	-21,62694	32,11285	-19,66081
26780	30,14677	-17,03933	28,83607	-15,07321
26800	26,21464	-13,10711	24,24857	-11,79636
26820	22,93785	-11,14099	21,62712	-10,48562
26840	20,97175	-9,83025	15,07344	-9,17486
26860	11,79661	-7,86411	11,79662	-7,86409
26880	12,45197	-7,86409	13,10731	-8,51946
26900	13,76266	-9,17483	14,41801	-9,83019
26920	15,07337	-10,48557	15,07336	-11,14093
26940	15,72872	-11,14094	16,38408	-12,45166
26960	17,03944	-11,79631	17,03944	-13,10703
26980	17,69481	-13,10705	17,6948	-13,76241
27000	19,00552	-13,76242	19,00553	-14,41778
27020	19,00553	-14,41779	19,00553	-15,07315
27040	21,62699	-15,72852	27,52532	-16,38387
27060	28,1807	-15,72853	27,52534	-16,38389
27080	28,1807	-16,38389	28,1807	-16,38389
27100	28,1807	-16,3839	28,1807	-16,38389
27120	28,1807	-16,38391	28,18071	-17,03927
27140	28,83607	-17,03928	28,83606	-17,69463
27160	29,49143	-17,69465	29,49142	-17,69465
27180	30,14677	-18,35002	30,80212	-19,00539
27200	30,80212	-19,0054	31,45747	-19,66076
27220	31,45747	-19,66078	31,45746	-19,66078
27240	32,11282	-19,66078	31,45746	-20,31615
27260	32,11282	-20,31616	31,45746	-20,31616
27280	31,45746	-20,31617	31,45745	-20,97152
27300	31,45745	-20,97153	32,11281	-20,97153
27320	32,11281	-20,97154	31,45744	-22,28226
27340	32,1128	-21,62691	32,1128	-22,28227
27360	32,1128	-21,62692	32,11279	-22,28228
27380	32,76815	-22,93765	32,11279	-22,93765
27400	32,76815	-22,2823	32,11279	-22,93766
27420	32,11279	-22,93766	32,11279	-22,93767
27440	32,11278	-23,59303	32,11279	-23,59303
27460	32,11278	-23,59304	32,11278	-24,2484
27480	32,76814	-24,24841	32,76814	-24,24841
27500	33,4235	-24,24841	33,4235	-24,90377
27520	33,4235	-24,90378	33,4235	-24,90378
27540	33,42351	-24,90379	33,4235	-25,55914
27560	30,80203	-24,90379	30,80203	-25,55914
27580	31,4574	-25,55915	31,45739	-25,55915
27600	31,4574	-25,55915	31,4574	-26,21451
27620	32,11275	-25,55915	32,11276	-26,21451
27640	32,11276	-26,21452	32,11276	-26,21452
27660	32,76812	-26,21452	32,76812	-25,55916
27680	32,76812	-25,55916	32,76812	-25,55916
27700	33,42348	-25,55917	33,42348	-25,55916
27720	34,07884	-25,55917	33,42348	-25,55917
27740	33,42348	-25,55918	33,42348	-25,55918
27760	34,07884	-26,21455	41,94325	-28,18063
27780	54,39526	-29,49137	55,70602	-29,49137
27800	53,08457	-28,18065	53,08457	-28,18064
27820	53,08457	-28,18065	53,08457	-28,18066
27840	53,7399	-28,83605	53,73988	-29,49142
27860	54,39522	-30,14681	53,73985	-30,80219
27880	55,05054	-31,45758	55,70587	-32,11297
27900	56,3612	-32,76835	56,36117	-33,42373
27920	57,01651	-34,07911	57,67186	-34,73447
27940	57,67186	-34,73448	57,67186	-34,73448
27960	57,67187	-34,73448	57,67187	-34,73447
27980	57,67188	-35,38983	57,67189	-35,38982
28000	57,01654	-34,73445	57,01655	-35,38981
28020	57,01657	-34,73444	56,36122	-35,38979
28040	56,36124	-35,38979	55,70589	-35,38978
28060	55,7059	-34,73442	55,05055	-34,73441
28080	55,05056	-34,07905	54,3952	-34,73441
28100	53,73984	-34,07905	53,73985	-34,07905
28120	53,73984	-33,42369	53,73984	-34,07905
28140	53,73984	-34,07906	53,73984	-34,73442
28160	58,98275	-34,73442	63,57034	-34,7344
28180	62,91498	-34,07905	62,91498	-33,42368
28200	62,91499	-32,76832	62,91499	-32,76832
28220	63,57035	-32,76832	63,57035	-32,76832
28240	63,57035	-32,11297	63,57034	-32,76832
28260	63,57034	-32,11297	64,2257	-32,76833
28280	64,22569	-32,11298	67,50251	-33,4237
28300	74,71158	-34,07906	74,71161	-33,42369
28320	74,05624	-32,76833	74,7116	-32,11297
28340	74,05625	-32,11297	74,05626	-32,11295
28360	74,71162	-30,80223	74,71163	-30,80222
28380	74,05627	-30,80222	74,05628	-30,80221
28400	74,71164	-30,80222	74,05628	-30,80221
28420	74,05628	-30,14685	74,71164	-30,14685
28440	74,71164	-30,14685	74,05628	-30,14685
28460	74,05628	-30,14685	72,09016	-30,14684
28480	71,43479	-29,49148	71,43481	-29,49147
28500	71,4348	-29,49147	71,4348	-29,49147
28520	71,43481	-29,49147	71,43481	-29,49146
28540	71,43481	-29,49146	70,77945	-29,49146
28560	71,43481	-29,49146	71,43482	-29,49146
28580	71,43482	-29,49146	71,43482	-29,49146
28600	71,43482	-29,49146	70,77946	-29,49146
28620	71,43482	-29,49146	71,43482	-30,14681
28640	70,77946	-30,14682	71,43482	-30,14681
28660	70,77946	-29,49145	70,77946	-30,14681
28680	70,77946	-29,49145	70,1241	-30,14681
28700	70,1241	-29,49145	70,1241	-29,49144
28720	70,1241	-29,49145	70,1241	-29,49144
28740	70,1241	-29,49144	69,46874	-29,49144
28760	72,09021	-29,49145	81,92078	-30,80215
28780	89,78525	-31,45751	89,12992	-30,14678
28800	87,81921	-28,83605	87,16385	-28,18067
28820	87,16385	-28,18068	87,81921	-28,18066
28840	87,16385	-27,52531	87,16385	-27,52531
28860	87,16384	-26,86995	87,16384	-26,86994
28880	87,8192	-26,86995	87,81919	-27,5253
28900	88,47454	-26,86995	88,47454	-26,86995
28920	89,78528	-27,52531	96,9944	-28,18065
28940	98,96061	-28,18066	97,64987	-27,52529
28960	97,64987	-27,52529	97,64987	-27,52529
28980	98,30523	-26,86993	98,30523	-26,86992
29000	98,30522	-26,86992	97,64986	-27,52528
29020	98,30522	-27,52529	98,30458	-27,52528
29040	98,30521	-27,52528	98,30521	-28,18064
29060	97,64986	-27,52529	98,30521	-27,52529
29080	98,30522	-28,18065	98,30522	-28,18065
29100	98,30523	-27,52529	97,64987	-28,18064
29120	98,30523	-28,18065	96,33907	-28,18065
29140	94,37291	-28,18066	94,37292	-28,18065
29160	94,37292	-27,52529	93,71755	-28,18065
29180	93,71755	-27,5253	93,71755	-27,52529
29200	93,71755	-27,5253	93,06219	-27,5253
29220	93,0622	-27,5253	92,40683	-27,5253
29240	92,40684	-27,52531	92,40684	-27,5253
29260	91,75148	-27,52531	91,75148	-27,5253
29280	91,75148	-27,52531	91,75148	-28,18066
29300	91,75148	-27,52531	91,75148	-28,18066
29320	91,75148	-28,18067	91,09613	-28,18067
29340	91,75148	-28,18067	91,09612	-28,83603
29360	91,09613	-28,18067	91,09612	-28,83603
29380	93,06227	-28,83603	95,02844	-29,49139
29400	94,37307	-28,83603	94,37307	-28,83602
29420	94,37306	-28,18067	94,37305	-28,18066
29440	93,7177	-28,18067	93,71769	-28,18067
29460	93,71769	-28,18067	93,71769	-28,18067
29480	93,06233	-28,18067	93,71768	-28,18067
29500	93,06232	-28,18067	93,7177	-28,83603
29520	103,54842	-30,14673	117,31105	-31,45743
29540	117,31102	-30,1467	116,65565	-28,83597
29560	116,65566	-27,52523	116,65566	-27,52523
29580	116,65566	-26,86986	116,0003	-26,86881
29600	116,65566	-26,21449	116,65566	-26,21449
29620	116,65567	-26,21449	116,65567	-25,55912
29640	117,31103	-25,55912	117,31102	-25,55912
29660	117,96638	-24,90376	117,96638	-25,55912
29680	119,27709	-25,55912	117,96637	-25,55912
29700	117,96637	-24,90377	117,96637	-25,55912
29720	121,89856	-25,55911	121,89857	-25,55911
29740	121,2432	-25,55911	121,89856	-25,55911
29760	121,89857	-25,55911	121,89857	-25,55911
29780	121,89857	-25,55911	121,89856	-25,55911
29800	121,89856	-25,55912	121,89856	-26,21448
29820	121,89856	-26,21449	121,89856	-26,21448
29840	121,89856	-26,21448	121,89856	-26,86984
29860	122,55392	-26,86985	122,55392	-26,86984
29880	121,89856	-26,86985	121,89856	-26,86984
29900	121,2432	-26,86985	112,7236	-32,11283
29920	93,06208	-38,01116	70,77943	-44,56482
29940	55,05058	-44,56484	53,08451	-41,94337
29960	53,7399	-39,97728	53,08452	-38,66653
29980	52,42916	-36,70042	51,7738	-34,73431
30000	51,11845	-33,42358	49,15236	-32,11283
30020	46,53091	-30,14675	44,56483	-28,18064
30040	42,59875	-26,8699	40,63267	-25,55916
30060	39,32196	-24,90379	38,01125	-24,24841
30080	29,49147	-24,2484	17,03944	-24,24838
30100	15,07336	-23,59301	15,0734	-22,93763
30120	15,72877	-22,93762	15,72877	-22,28226
30140	15,72877	-22,28225	15,72877	-22,93761
30160	16,38413	-22,93762	17,03949	-23,59298
30180	17,69486	-24,24836	18,35022	-24,90371
30200	19,66094	-25,55909	20,31631	-26,21445
30220	21,62703	-26,86982	22,28239	-28,18054
30240	23,59312	-28,18056	23,59312	-28,83592
30260	23,59311	-29,49129	22,28238	-29,49129
30280	17,6948	-30,14666	16,38407	-30,14666
30300	17,03945	-30,14667	16,38408	-30,14666
30320	15,72872	-30,14666	15,72871	-30,80202
30340	15,72871	-30,80203	16,38406	-31,45739
30360	17,03942	-31,4574	17,69478	-32,11276
30380	18,35014	-31,45741	19,0055	-31,4574
30400	19,66087	-31,45741	19,66087	-30,80205
30420	19,66087	-30,80205	19,66087	-30,80206
30440	19,00551	-30,1467	18,35015	-30,1467
30460	18,35013	-30,14671	19,0055	-30,80206
30480	30,14674	-32,1128	40,63267	-33,42351
30500	41,28807	-32,76816	40,6327	-32,11279
30520	41,28806	-32,11279	41,28806	-32,76815
30540	41,28806	-32,76815	41,94342	-32,76815
30560	42,59878	-32,11279	41,94343	-32,76815
30580	42,59879	-32,11279	42,59879	-32,11279
30600	43,25415	-32,1128	43,25415	-32,11279
30620	43,25415	-32,76816	43,25414	-32,76816
30640	43,90949	-32,76817	43,90948	-33,42353
30660	44,56483	-33,42354	44,56482	-34,0789
30680	45,22017	-34,07891	44,5648	-34,73426
30700	44,5648	-34,73427	44,56479	-34,07891
30720	44,56479	-34,07892	44,56478	-34,07891
30740	44,56479	-33,42356	44,56478	-34,07892
30760	45,22014	-33,42357	44,56478	-33,42356
30780	44,56478	-33,42357	44,56478	-34,07893
30800	45,22013	-34,07894	44,56476	-34,07894
30820	45,22012	-34,07895	45,22012	-34,07895
30840	45,22012	-34,07895	45,22011	-34,07895
30860	45,22011	-34,73432	45,22011	-34,73431
30880	45,22011	-34,73432	45,22011	-34,73432
30900	45,22012	-34,73433	45,87548	-35,38969
30920	46,53084	-35,38969	45,87547	-35,38969
30940	45,87547	-35,38969	46,53083	-36,04506
30960	46,53083	-36,04506	46,53083	-36,04506
30980	46,53085	-36,70043	46,53084	-36,70043
31000	46,53083	-36,70043	46,53084	-37,35579
31020	46,53084	-37,3558	45,22011	-37,3558
31040	43,25399	-37,3558	43,90936	-38,01116
31060	43,25401	-37,3558	43,90937	-38,01116
31080	43,90937	-37,35581	43,90937	-38,01116
31100	44,56473	-38,01117	43,90937	-38,01117
31120	43,90937	-38,01117	43,90937	-38,66653
31140	43,90937	-38,01118	43,90937	-38,66653
31160	43,90938	-38,66654	43,90937	-39,3219
31180	43,90937	-39,32191	43,25402	-39,97727
31200	43,25401	-39,97727	43,25401	-40,63263
31220	43,25401	-40,63264	42,59866	-40,63263
31240	42,59866	-40,63264	42,59866	-41,288
31260	43,25402	-41,28801	43,25402	-41,28801
31280	43,25402	-41,28801	43,25402	-41,94337
31300	43,25402	-41,28801	42,59866	-41,94337
31320	43,25402	-41,94338	43,25402	-41,94338
31340	43,90937	-41,94338	44,56473	-42,59874
31360	44,56472	-42,59875	44,56472	-43,25411
31380	44,56472	-42,59876	45,87544	-43,25412
31400	51,77376	-44,56484	59,63822	-45,2202
31420	61,60433	-44,56485	60,2936	-44,56484
31440	60,94896	-43,90949	60,94896	-43,90947
31460	60,94896	-43,90948	60,94895	-43,90948
31480	61,60431	-43,90949	61,6043	-43,25412
31500	61,6043	-43,90949	61,6043	-43,90948
31520	61,6043	-43,25412	61,60429	-43,90948
31540	61,60429	-43,25413	65,53651	-44,56485
31560	70,12412	-44,56485	69,46876	-43,90948
31580	69,46876	-43,25412	69,46876	-43,25411
31600	68,81339	-42,59875	68,81339	-43,2541
31620	69,46875	-43,25411	68,81338	-43,2541
31640	69,46874	-43,25411	69,46875	-43,2541
31660	69,46875	-43,2541	69,46875	-43,2541
31680	69,46874	-42,59874	69,46875	-42,59874
31700	69,46874	-42,59874	69,46875	-42,59873
31720	69,46875	-43,2541	69,46875	-43,25409
31740	69,46874	-42,59873	69,46875	-43,90945
31760	69,46874	-43,2541	68,81337	-43,90945
31780	69,46873	-43,90946	68,81337	-44,56481
31800	68,81336	-43,90946	68,81336	-44,56481
31820	68,158	-43,90946	68,158	-43,90945
31840	68,158	-43,2541	67,50264	-43,90945
31860	68,158	-43,25409	68,158	-43,25409
31880	68,158	-43,2541	68,158	-43,25409
31900	68,15801	-42,59874	68,15801	-43,2541
31920	68,15801	-43,2541	68,15801	-43,2541
31940	68,81337	-42,59874	68,15801	-43,25409
31960	68,81336	-43,25411	67,50261	-44,56483
31980	65,53647	-44,56484	65,53648	-44,56484
32000	66,19185	-44,56484	66,19184	-44,56483
32020	66,19184	-43,90948	66,8472	-43,90947
32040	66,8472	-43,90948	66,8472	-43,90947
32060	66,84721	-43,90948	66,84721	-43,90947
32080	66,8472	-43,90948	66,8472	-43,90948
32100	66,8472	-43,90948	66,19184	-43,90947
32120	66,8472	-43,90948	66,84719	-43,90947
32140	66,84719	-43,90948	66,84719	-43,25412
32160	66,8472	-43,90949	66,84719	-43,90949
32180	67,50255	-43,25413	66,84719	-43,90949
32200	66,84719	-43,90949	66,84718	-43,90949
32220	66,84718	-43,9095	66,19182	-43,9095
32240	66,84718	-43,90951	66,84718	-44,56486
32260	66,84718	-43,9095	66,19182	-43,9095
32280	66,84718	-43,9095	66,19182	-43,9095
32300	66,84718	-43,9095	66,84719	-43,90949
32320	66,84719	-43,9095	66,84719	-43,9095
32340	66,19184	-43,9095	66,84719	-44,56486
32360	67,50255	-45,87561	65,5365	-49,15248
32380	53,74028	-62,25991	41,94454	-89,78537
32400	36,04727	-123,20899	35,39325	-146,80201
32420	39,98136	-151,38952	45,87932	-143,52519
32440	51,12141	-132,38406	55,70819	-121,24289
32460	60,2952	-111,41243	64,22698	-100,9266
32480	66,84816	-93,06223	69,4694	-86,50857
32500	70,77998	-81,921	72,09059	-77,9888
32520	72,74587	-75,36732	72,74581	-72,74584
32540	73,40112	-70,77974	73,40109	-69,46899
32560	73,40106	-67,5029	73,40104	-66,84752
32580	74,05639	-65,53679	74,05638	-64,22605
32600	74,05638	-62,91532	74,05636	-62,25994
32620	74,05636	-60,94921	74,05636	-60,29384
32640	74,05636	-59,63847	74,71172	-58,9831
32660	75,36708	-58,32773	75,36707	-58,32773
32680	76,02243	-58,32773	76,02243	-57,67236
32700	76,02243	-57,01699	76,67778	-56,36162
32720	76,67778	-55,70625	83,88686	-57,01697
32740	92,40669	-56,3616	94,37282	-56,36158
32760	94,3728	-54,39549	93,71744	-53,74012
32780	94,3728	-53,08475	94,37279	-53,08474
32800	94,37279	-51,77401	94,37279	-51,11864
32820	94,37278	-51,11865	94,37278	-51,11864
32840	95,02814	-50,46328	94,37278	-51,11864
32860	94,37278	-53,08476	94,37278	-54,3955
32880	94,37278	-54,3955	94,37278	-53,74014
32900	93,71742	-53,74014	93,71742	-53,74013
32920	93,71742	-53,08478	93,71742	-53,08477
32940	93,71742	-53,08478	93,06206	-53,74013
32960	89,78529	-55,70625	74,71227	-66,19214
32980	52,43091	-108,79088	40,63648	-174,32705
33000	19,00984	-205,78351	-20,31176	-215,61286
33020	-22,27784	-205,78209	-26,21	-194,64097
33040	-35,38504	-192,01953	-23,58856	-197,26241
33060	-5,89384	-204,47137	7,21336	-209,71445
33080	28,18488	-209,05941	49,81176	-205,1276
33100	68,8172	-197,26368	81,9244	-186,77829
33120	91,7548	-176,29283	95,68696	-165,80724
33140	97,65278	-154,6662	94,3753	-142,21439
33160	93,71931	-129,76255	93,06346	-117,96603
33180	94,3738	-107,48024	95,68428	-98,96051
33200	97,65015	-89,78542	98,9607	-83,23176
33220	99,61596	-77,33348	99,61586	-72,74591
33240	99,6158	-68,81371	100,27111	-66,19223
33260	100,27108	-62,9154	99,61569	-60,94929
33280	99,61567	-58,32781	99,61564	-55,70634
33300	99,61563	-53,74023	99,61561	-51,77411
33320	99,61561	-49,808	98,96025	-47,84189
33340	98,96024	-45,87579	98,96024	-43,90967
33360	98,30488	-41,94355	98,30489	-39,32206
33380	97,64954	-36,70056	96,99419	-34,07906
33400	96,33884	-31,45757	98,30496	-29,49143
33420	101,58188	-26,21458	100,27119	-23,59309
33440	99,61584	-20,9716	98,9605	-19,66085
33460	98,30515	-18,3501	97,64979	-17,03936
33480	97,64978	-15,72863	96,99442	-15,72861
33500	96,33906	-14,41789	96,33906	-14,41788
33520	95,6837	-14,41788	95,02833	-14,41788
33540	95,68369	-14,41788	95,02833	-13,76251
33560	95,02833	-13,76251	94,37296	-13,76251
33580	94,37296	-13,10715	94,37296	-13,76251
33600	93,71759	-13,10717	93,71758	-13,76253
33620	93,71758	-13,76254	94,37292	-13,76255
33640	94,37291	-13,76256	95,02826	-14,41793
33660	95,68359	-15,07331	96,33893	-15,72869
33680	97,64962	-16,38407	98,96032	-17,03944
33700	99,61567	-17,03946	99,61565	-17,69482
33720	100,92636	-18,3502	100,92635	-18,35021
33740	100,92633	-19,00558	92,40643	-20,31633
33760	77,98816	-20,9717	61,60392	-20,97169
33780	54,39489	-19,66097	53,73956	-19,00557
33800	53,0842	-18,35021	53,08419	-18,3502
33820	53,73956	-17,69483	53,73956	-17,69482
33840	53,73956	-17,03946	53,73956	-16,3841
33860	53,73956	-16,3841	53,73956	-15,72873
33880	53,08421	-15,72874	53,08421	-15,72873
33900	52,42884	-15,07336	51,77348	-15,72871
33920	51,77347	-15,72872	51,11811	-15,72871
33940	51,11811	-15,72871	50,46275	-15,7287
33960	50,46275	-15,07335	50,46275	-15,07334
33980	49,80739	-13,76263	49,80739	-14,41799
34000	50,46274	-15,07339	50,46273	-15,72875
34020	50,46272	-15,72877	50,4627	-17,03951
34040	51,11803	-19,00566	51,118	-26,87014
34060	49,80734	-41,94372	48,49682	-64,22626
34080	50,46339	-88,47484	55,05169	-112,72332
34100	64,22724	-120,58769	74,713	-115,34476
34120	79,95579	-111,41258	66,19366	-124,51986
34140	52,43234	-151,38966	35,39384	-182,19133
34160	7,21336	-208,40486	-24,24392	-217,57911
34180	-30,79752	-214,95736	-25,55464	-208,40356
34200	-22,27784	-202,50529	-22,9332	-198,57313
34220	-26,21	-195,29633	-24,89928	-194,64097
34240	-19,6564	-195,95169	-5,23848	-201,19457
34260	10,49016	-209,71444	24,90808	-212,99155
34280	51,77784	-209,05985	-57,66728	-199,88529
34300	86,51192	-186,12317	94,37624	-171,70555
34320	96,99739	-155,32167	94,3749	-136,97161
34340	93,71871	-117,96612	96,33963	-100,92667
34360	99,61612	-85,85329	102,23737	-74,71206
34380	102,89259	-66,1923	103,54788	-59,63861
34400	103,54784	-55,70639	103,54783	-52,42954
34420	104,20319	-49,15269	103,54783	-47,18657
34440	103,54784	-44,5651	102,89249	-43,25435
34460	102,8925	-41,28825	102,23715	-41,28823
34480	102,23715	-39,97749	100,92641	-41,2882
34500	96,3388	-41,94358	95,68342	-43,2543
34520	95,68343	-43,25429	96,3388	-43,90964
34540	96,33881	-43,90963	97,64953	-43,90963
34560	98,30489	-43,90962	98,3049	-43,25424
34580	98,30491	-42,59888	98,30492	-42,59887
34600	98,30492	-41,94351	97,64957	-41,9435
34620	97,64957	-41,28815	97,64958	-41,28814
34640	97,64957	-40,63278	96,99421	-40,63276
34660	96,99421	-39,9774	96,9942	-40,63276
34680	-57,67077	-40,63277	97,64954	-40,63277
34700	96,3388	-40,63278	95,02804	-41,28815
34720	94,37268	-41,28816	94,37268	-41,28815
34740	94,37268	-40,63279	94,37267	-40,63278
34760	95,02803	-39,97742	94,37267	-39,97741
34780	95,02803	-39,97742	95,02803	-39,97741
34800	95,02803	-39,97741	94,37267	-39,97741
34820	95,02803	-39,97741	95,02803	-39,97741
34840	95,02803	-39,97741	95,02803	-39,97741
34860	95,02803	-39,97741	95,02803	-40,63277
34880	95,02804	-40,63279	95,68339	-41,94353
34900	95,6834	-45,2204	96,33876	-51,11872
34920	96,33879	-60,29389	96,33885	-70,77979
34940	96,99427	-73,40128	96,33891	-70,12444
34960	96,33888	-66,84761	96,99422	-63,57077
34980	96,9942	-60,29393	96,99417	-58,3278
35000	97,64952	-55,70634	96,99416	-53,74023
35020	97,6495	-51,77412	96,99414	-50,46337
35040	96,99414	-48,49728	96,99414	-47,8419
35060	94,37264	-45,87579	86,50814	-40,63281
35080	80,60983	-35,38984	79,29913	-30,80225
35100	77,98843	-26,87001	77,33307	-24,24851
35120	76,67772	-20,97167	76,02237	-19,66091
35140	76,02237	-19,00553	75,36702	-18,35014
35160	74,71167	-17,03941	74,05632	-17,03939
35180	74,05632	-16,38402	74,05633	-16,38401
35200	73,40098	-15,72864	73,40098	-15,72863
35220	73,40099	-15,07326	73,40099	-15,07326
35240	72,74564	-14,4179	72,74564	-14,41789
35260	72,74565	-14,41788	72,09029	-14,41788
35280	72,0903	-13,76252	72,0903	-14,41787
35300	72,0903	-14,41787	71,43494	-14,41786
35320	72,0903	-13,76251	71,43494	-14,41786
35340	72,0903	-14,41787	71,43494	-14,41786
35360	71,43494	-13,76251	71,43494	-14,41786
35380	71,43494	-13,76251	71,43494	-14,41786
35400	72,0903	-13,76251	72,09029	-13,76251
35420	72,0903	-13,76251	72,0903	-13,76251
35440	72,0903	-13,76252	72,09029	-14,41788
35460	72,09029	-14,41788	72,09029	-15,07324
35480	72,09029	-14,41789	72,09029	-14,41788
35500	72,09028	-15,07325	72,09028	-15,07325
35520	72,09028	-15,07325	72,09028	-15,72861
35540	72,09027	-15,07326	72,09027	-15,07325
35560	72,09028	-14,4179	71,43491	-15,07325
35580	71,43492	-14,4179	71,43492	-15,07326
35600	71,43492	-14,4179	71,43492	-15,07326
35620	71,43492	-14,41791	71,43491	-15,72863
35640	72,09027	-15,07328	72,09027	-15,07328
35660	71,43491	-15,07328	71,4349	-15,72864
35680	72,09026	-15,72865	72,09026	-15,72865
35700	72,09026	-15,72865	72,09027	-15,72865
35720	72,09027	-15,72866	72,09282	-16,38402
35740	71,43491	-15,72866	71,43491	-16,38402
35760	72,09026	-16,38403	71,43491	-16,38402
35780	72,09026	-16,38403	71,4349	-16,38403
35800	71,4349	-16,38404	71,4349	-17,0394
35820	71,4349	-16,38404	70,77954	-16,38403
35840	71,4349	-16,38404	70,77953	-16,38404
35860	70,77954	-16,38404	70,77953	-16,38404
35880	70,77953	-16,38405	70,12417	-16,38404
35900	70,12417	-16,38405	69,46881	-16,38405
35920	69,46881	-16,38405	69,4688	-16,38405
35940	69,46881	-16,38406	69,4688	-16,38406
35960	69,4688	-16,38406	69,4688	-17,03942
35980	69,4688	-16,38407	69,46879	-17,03943
36000	69,46879	-17,03943	69,46879	-17,69479
36020	69,46879	-17,03943	69,46879	-17,03943
36040	69,46879	-17,6948	69,46879	-17,6948
36060	69,46879	-17,6948	69,46879	-17,6948
36080	69,46879	-17,6948	69,46879	-17,6948
36100	70,12414	-17,6948	70,12414	-18,35016
36120	70,77949	-18,35017	70,77948	-18,35016
36140	70,77948	-18,35017	70,12412	-18,35017
36160	70,77947	-18,35018	70,1241	-18,35017
36180	70,1241	-19,00554	70,1241	-19,00554
36200	69,46873	-19,00554	69,46872	-19,00554
36220	68,81335	-18,35019	67,50261	-19,00555
36240	67,5026	-19,00556	66,19186	-19,66092
36260	66,19185	-19,00556	64,22575	-19,66091
36280	63,57037	-19,00556	62,915	-19,00555
36300	62,25962	-19,00556	60,94889	-19,00555
36320	60,94888	-19,00556	59,63814	-19,00555
36340	58,32741	-18,3502	57,01668	-19,66091
36360	55,70593	-19,66094	55,05055	-20,97168
36380	54,39517	-21,62706	52,42906	-22,28243
36400	52,42905	-22,28243	51,11832	-22,93778
36420	51,11831	-22,28243	49,80758	-22,28242
36440	49,80757	-21,62706	48,49684	-21,62705
36460	48,49683	-21,62705	47,84147	-21,62704
36480	47,84147	-20,97168	47,84146	-21,62702
36500	47,1861	-20,3163	46,53074	-20,31629
36520	46,53074	-20,31629	46,53074	-20,31628
36540	46,53074	-19,66093	46,53074	-19,66092
36560	46,53074	-19,00556	45,87538	-19,66091
36580	45,87538	-19,00555	45,87539	-19,00554
36600	45,87539	-18,35018	45,22004	-19,00553
36620	45,22004	-18,35017	45,22004	-18,35016
36640	45,22005	-18,35016	45,22005	-18,35015
36660	44,5647	-17,6948	44,5647	-17,69479
36680	44,56471	-17,69479	44,5647	-17,69478
36700	44,56471	-17,03943	44,56472	-17,69478
36720	44,56472	-17,69478	43,90936	-17,69478
36740	43,90936	-17,03942	43,90937	-17,69477
36760	43,25401	-17,03942	43,25401	-17,69477
36780	43,90938	-17,03941	43,25402	-17,0394
36800	42,59866	-17,03941	43,25402	-17,69476
36820	43,25403	-17,0394	43,25403	-17,0394
36840	43,25403	-17,03941	42,59867	-18,35013
36860	43,25402	-20,31625	43,25402	-24,90386
36880	42,59869	-35,38982	51,77394	-53,74015
36900	66,84774	-75,36723	78,6448	-85,19771
36920	93,06292	-76,67794	103,54868	-62,9152
36940	108,79143	-48,49711	112,72354	-36,70045
36960	115,34498	-24,24843	114,68965	-15,72858
36980	114,03436	-8,51948	113,3791	-3,93185
37000	112,06848	0,00039999999999907	110,75785	2,62192
37020	110,10254	5,24341	108,79187	7,20955
37040	107,4812	8,52031	106,82588	9,83106
37060	106,17055	11,14181	105,51522	11,7972
37080	105,51524	13,10793	104,85989	13,10796
37100	104,8599	13,76333	104,85991	14,41871
37120	104,85991	15,07407	102,89379	14,4187
37140	85,19887	11,79712	62,91562	7,86485
37160	21,62724	6,55409	-9,83058	5,89871
37180	-32,11317	9,1755	-52,4295	9,17552
37200	-54,39558	10,48628	-55,04838	11,14167
37220	-55,05093	11,79704	-55,05094	12,45243
37240	-55,70629	13,1078	-55,70628	13,10781
37260	-55,70374	14,41854	-55,70628	14,41856
37280	-55,70628	14,41856	-55,70628	15,07393
37300	-55,70628	15,7293	-55,70628	15,07395
37320	-55,70627	16,38467	-55,70627	15,72932
37340	-55,70627	16,38468	-56,36162	16,3847
37360	-56,36162	17,04005	-56,36162	17,04006
37380	-56,36161	17,69543	-56,3616	17,69543
37400	-56,3616	17,69544	-57,01696	17,69544
37420	-56,3616	17,69544	-56,3616	17,69545
37440	-56,36159	17,69544	-55,05086	17,69545
37460	-39,32215	14,41859	-31,45778	12,45248
37480	-32,11313	13,76321	-32,76848	13,76322
37500	-32,11312	14,41858	-32,11312	13,76323
37520	-32,11312	14,41859	-32,11311	13,76323
37540	-31,45775	14,41859	-32,11311	13,76323
37560	-32,11311	14,41859	-32,11311	13,76324
37580	-31,45775	14,41859	-32,11311	14,4186
37600	-32,11311	14,41859	-31,45775	14,4186
37620	-32,1131	14,41859	-32,1131	14,4186
37640	-32,1131	14,4186	-32,1131	14,4186
37660	-32,1131	15,07396	-32,1131	14,4186
37680	-32,11311	15,07396	-32,76847	15,07396
37700	-32,76847	15,07396	-32,76847	15,07396
37720	-33,42382	15,07396	-33,42382	15,07396
37740	-33,42382	15,07396	-33,42382	15,07397
37760	-33,42382	15,72932	-34,07918	15,72933
37780	-34,07918	15,72932	-34,73455	15,72933
37800	-34,73454	16,38468	-35,38991	16,38468
37820	-35,3899	16,38468	-35,3899	16,38468
37840	-35,38991	16,38467	-35,38992	15,72931
37860	-34,73457	16,38466	-34,73458	15,72929
37880	-34,73459	15,72928	-34,7346	15,07392
37900	-34,73461	15,72928	-34,73461	15,07392
37920	-34,07925	14,41855	-29,49172	11,79706
37940	-28,83636	11,14168	-28,83635	11,1417
37960	-28,83635	11,14169	-28,83635	11,1417
37980	-28,83635	11,1417	-28,83635	11,1417
38000	-28,18099	11,1417	-28,83635	11,14171
38020	-28,83635	11,1417	-28,83635	10,48634
38040	-28,83635	11,1417	-28,83635	11,1417
38060	-29,49171	11,1417	-29,49171	11,14171
38080	-29,49171	11,79706	-29,4917	11,14171
38100	-29,4917	11,79706	-30,14707	11,79706
38120	-30,14707	11,79706	-30,14707	11,79706
38140	-30,14707	12,45242	-29,49171	11,1417
38160	-30,14707	11,79705	-30,14707	11,79706
38180	-29,49171	11,79706	-30,14707	11,79706
38200	-30,14707	11,79706	-30,14707	11,79706
38220	-30,80243	12,45242	-30,80243	11,79706
38240	-30,80243	12,45242	-30,80243	11,79706
38260	-30,80243	11,79705	-30,80243	12,45242
38280	-30,80242	12,45242	-31,45778	11,79706
38300	-31,45778	12,45241	-34,7346	16,38462
38320	-47,18645	21,62757	-53,74004	22,93835
38340	-55,70609	24,90445	-57,01678	25,55984
38360	-57,67213	26,2152	-57,67212	26,21522
38380	-57,67212	26,87057	-57,67212	26,87059
38400	-57,67211	27,52595	-57,67211	27,52595
38420	-57,6721	27,52595	-57,6721	27,52596
38440	-57,6721	28,18131	-57,6721	27,52596
38460	-57,67209	28,18132	-57,67209	28,18132
38480	-57,67209	28,18132	-57,67209	28,18132
38500	-57,67209	28,18132	-57,6721	28,18132
38520	-57,6721	28,18131	-57,67211	26,87059
38540	-57,67214	26,8706	-57,6722	26,21528
38560	-57,67219	26,87066	-57,67217	27,52602
38580	-57,67217	27,52602	-57,67217	27,52603
38600	-57,67216	28,18138	-57,67216	27,52603
38620	-57,67217	27,52603	-57,67217	27,52603
38640	-57,67216	28,1814	-57,67216	28,1814
38660	-57,67216	28,83676	-57,67216	28,18141
38680	-57,67216	28,83676	-57,67216	28,83677
38700	-57,67215	28,83677	-57,67215	29,49214
38720	-57,67215	29,49214	-57,67214	29,49215
38740	-57,67213	30,14751	-57,67213	30,14751
38760	-57,67212	30,80287	-57,67212	30,14751
38780	-57,67212	30,14751	-57,67212	30,14751
38800	-57,67212	30,80287	-57,67212	30,14751
38820	-57,67212	30,80287	-57,67211	30,80287
38840	-57,67206	30,80287	-57,67202	31,45823
38860	-57,67202	32,11359	-57,67201	32,11359
38880	-57,672	32,76895	-57,67201	32,76895
38900	-57,67201	32,76895	-57,672	32,76895
38920	-57,67199	32,76895	-57,672	32,76895
38940	-57,672	33,42431	-57,67199	32,76895
38960	-57,67199	33,42431	-57,67199	33,42431
38980	-57,67199	33,42431	-57,67199	33,42431
39000	-57,67199	33,42431	-57,67198	33,42431
39020	-57,67198	34,07967	-57,67198	33,42431
39040	-57,67199	34,07967	-57,67199	32,76895
39060	-57,67201	33,42431	-57,67202	31,45823
39080	-38,66638	30,14749	-1,31043	17,6955
39100	45,87602	1,96656	83,88729	-16,38387
39120	106,82516	-38,6665	118,62198	-59,6383
39140	121,24381	-68,15818	127,79737	-60,29381
39160	134,3509	-48,49721	136,31695	-35,38986
39180	137,62766	-22,28251	138,28303	-12,45195
39200	138,93844	-5,24285	138,93857	0,65553999999999
39220	138,28338	5,24316	136,97278	9,17543
39240	136,31752	12,4523	135,00689	15,07423
39260	134,35164	17,69531	132,38565	19,00609
39280	132,38571	20,97221	131,7304	21,6276
39300	131,73044	22,93835	131,07511	23,59373
39320	131,07514	24,24911	130,4198	24,24913
39340	131,07517	24,24913	130,41982	24,90451
39360	130,41985	25,55989	129,76452	26,21527
39380	131,07526	26,87065	147,45909	26,21529
39400	159,91087	26,87066	158,60017	28,83676
39420	156,63413	30,80287	155,97881	30,80287
39440	155,97884	32,11359	155,32351	32,76895
39460	154,66817	34,07967	153,35747	34,07967
39480	153,35749	35,39039	152,70214	35,39039
39500	153,35752	36,70111	153,35752	36,04575
39520	153,35753	36,70111	152,70217	36,70111
39540	153,35754	37,35647	154,0129	37,35647
39560	154,0129	38,01183	154,01291	38,01183
39580	154,01291	38,66719	153,35756	38,66719
39600	153,35756	38,66719	153,35756	38,66719
39620	157,28971	38,01183	161,87717	36,70111
39640	160,56646	36,04575	160,56649	36,70111
39660	160,5665	37,35647	159,91115	37,35647
39680	160,56651	37,35647	160,56651	37,35647
39700	161,22186	36,70111	161,22186	36,70111
39720	161,22186	36,70111	161,22185	36,04575
39740	161,8772	36,70111	161,22184	36,70111
39760	161,87721	37,35647	161,22185	36,70111
39780	161,22186	37,35647	161,22187	37,35647
39800	161,22188	38,01183	161,22188	38,01183
39820	160,56653	38,01183	160,56653	38,01183
39840	158,60039	38,01183	112,72525	33,42431
39860	76,67958	22,93846	38,66724	7,20946
39880	3,93234	-11,1411	-14,41799	-24,24859
39900	-36,70041	-24,90396	-49,80785	-18,35026
39920	-57,67238	-13,76266	-57,67238	-9,17505
39940	-57,67238	-3,27671	-57,67238	1,9663
39960	-57,67238	5,2432	-57,67238	7,86472
39980	-57,67238	10,48621	-57,67238	12,45235
