T	LX	LY	RX	RY
0	0	0	0	0
20	-9,9999999960687E-6	-0,65537	1,31073	-1,31072
40	0,65536	-1,31073	1,31073	-1,96609
60	0,65536	-2,62147	1,9661	-3,93219
80	0,65536	-4,58757	2,62146	-5,89828
100	1,96609	-6,55366	3,27682	-7,20902
120	1,96608	-7,8644	3,27682	-8,51975
140	1,96608	-9,17512	3,27682	-9,17512
160	1,96608	-10,48586	2,62146	-10,48585
180	1,96608	-11,14122	3,27683	-11,14121
200	1,96609	-11,79659	3,27683	-11,79658
220	1,96609	-13,10732	3,27683	-13,10731
240	1,96609	-12,45196	3,27682	-13,10731
260	1,96609	-13,76268	2,62147	-13,76267
280	2,62145	-13,76268	1,96865	-13,76268
300	-0,6554	-12,45196	-1,9999999999243E-5	-12,45195
320	-2,9999999995312E-5	-12,45196	0,65534	-12,45195
340	-3,9999999998486E-5	-12,45196	0,65534	-13,10623
360	-0,6554	-12,45196	0,65534	-12,45195
380	-0,65539	-12,45196	0,65534	-12,45195
400	-0,6554	-12,45196	0,65534	-12,45195
420	-0,6554	-13,10732	-1,9999999999243E-5	-13,10731
440	-0,6554	-13,10732	-1,9999999999243E-5	-13,10731
460	-3,9999999998486E-5	-13,10732	0,65534	-13,10731
480	-0,65539	-13,10732	0,65534	-13,10731
500	-3,9999999998486E-5	-13,10731	0,65534	-13,10731
520	-3,9999999998486E-5	-12,45196	-1,9999999999243E-5	-13,10731
540	-3,9999999998486E-5	-12,45196	-1,9999999999243E-5	-13,1073
560	-3,9999999998486E-5	-13,10731	-1,9999999999243E-5	-13,10731
580	-3,9999999998486E-5	-13,10731	-1,9999999999243E-5	-13,10731
600	-0,6554	-12,45195	-1,9999999999243E-5	-12,45195
620	-0,6554	-12,45195	-2,9999999995312E-5	-12,45194
640	-0,6554	-12,45195	-1,9999999999243E-5	-12,45194
660	-2,9999999995312E-5	-11,79658	1,96611	-10,48584
680	1,31073	-10,48585	1,31075	-9,83048
700	0,65537	-9,83049	1,31074	-9,83048
720	0,65537	-9,83048	1,31074	-9,83048
740	0,65537	-9,83048	0,65538	-9,83047
760	1,0000000003174E-5	-9,83048	0,65538	-9,83047
780	0	-9,83048	0,65538	-9,83047
800	0	-9,83048	0,65538	-10,48583
820	0,65536	-10,48584	1,31073	-9,83047
840	0,65535	-10,48584	1,31073	-11,14119
860	-9,9999999960687E-6	-11,1412	0,65536	-11,14119
880	-0,65538	-11,79656	0	-11,79656
900	-0,65538	-12,45192	1,0000000003174E-5	-11,79655
920	1,96614	-11,14119	1,96617	-11,14119
940	0,65542	-10,48583	0,65544	-10,48581
960	5,9999999997729E-5	-10,48582	8,0000000004077E-5	-11,14117
980	-1,31067	-11,14117	-1,31066	-11,79652
1000	-1,96604	-11,79653	-1,96603	-12,45188
1020	-2,62141	-12,45189	-1,96603	-12,45188
1040	-3,27677	-12,45188	-2,6214	-12,45187
1060	-3,27678	-13,10724	-2,6214	-13,10723
1080	-3,27678	-13,7626	-2,6214	-14,41796
1100	-3,27678	-14,41796	-2,6214	-14,41796
1120	-3,27678	-15,07332	-3,27677	-15,72868
1140	-3,27678	-16,38405	1,31083	-15,72866
1160	4,58772	-15,72867	-58,98216	-15,72866
1180	4,58773	-15,72867	5,2431	-16,38402
1200	4,58772	-16,38403	5,24309	-17,03939
1220	4,58771	-17,69476	5,24308	-17,69476
1240	4,58771	-18,35012	5,24308	-18,35012
1260	4,58771	-19,00549	5,24308	-19,00549
1280	4,58771	-19,66085	5,24309	-19,66085
1300	4,58771	-19,66086	5,24308	-19,66085
1320	4,58771	-20,31622	5,24309	-20,31622
1340	4,58771	-20,31623	5,24309	-20,97158
1360	4,58771	-21,62694	4,58772	-20,97158
1380	3,93234	-21,62695	4,58772	-22,2823
1400	5,2431	-22,28231	8,51998	-22,2823
1420	6,55388	-22,28231	7,20925	-22,2823
1440	6,55387	-21,62694	6,55389	-22,2823
1460	5,89851	-22,28231	6,55388	-22,2823
1480	5,24315	-22,93767	5,89852	-22,93766
1500	5,24314	-22,93767	5,89852	-22,93766
1520	4,58777	-22,93767	5,24315	-23,59302
1540	4,58776	-24,24839	5,24313	-24,90374
1560	4,58774	-25,55912	8,51998	-26,21445
1580	13,10762	-24,90373	17,03989	-24,24835
1600	16,38455	-23,59299	16,38455	-23,59299
1620	15,07381	-23,59299	15,72918	-24,24835
1640	15,0738	-24,24836	15,07381	-24,90371
1660	14,41843	-24,90372	15,0738	-25,55907
1680	13,76306	-25,55908	14,41843	-26,21444
1700	13,76305	-26,21444	14,41842	-26,21444
1720	13,76304	-26,21445	14,41842	-26,8698
1740	13,10768	-27,52517	12,45229	-27,52517
1760	9,83334	-28,18055	10,48616	-28,18053
1780	9,83079	-27,52518	10,48617	-27,52517
1800	10,48615	-27,52518	10,48617	-27,52518
1820	9,83079	-28,18054	11,14153	-28,18053
1840	9,83079	-28,18054	10,48616	-28,18053
1860	9,83079	-28,18054	10,48616	-28,18053
1880	9,83078	-28,18054	10,48616	-28,18053
1900	9,17542	-28,18054	9,8308	-28,83589
1920	9,17542	-28,8359	10,48615	-28,18053
1940	9,17542	-28,8359	9,83079	-28,83589
1960	10,48615	-28,83589	15,7292	-26,86977
1980	18,35078	-26,21441	19,66153	-25,55904
2000	18,35079	-25,55904	19,00617	-24,90367
2020	18,35079	-25,55904	18,3508	-25,55903
2040	17,69543	-25,55904	18,3508	-25,55903
2060	17,69542	-26,2144	18,35079	-26,21439
2080	17,69542	-25,55904	18,35079	-26,21439
2100	17,04005	-25,55904	17,69542	-25,55903
2120	17,04004	-25,55904	17,69541	-25,55903
2140	17,04003	-26,2144	17,04005	-26,21439
2160	16,38467	-26,2144	19,00616	-26,86974
2180	22,28305	-25,55902	24,24918	-25,55901
2200	22,93843	-24,90365	23,59381	-24,90364
2220	22,93843	-24,90365	23,5938	-24,90364
2240	22,93842	-25,55901	23,5938	-24,90364
2260	22,28306	-25,55901	22,93844	-25,559
2280	22,28306	-25,55901	22,28307	-25,559
2300	22,28306	-25,55901	22,28307	-25,559
2320	21,62769	-25,559	21,62771	-26,21435
2340	21,62768	-25,55901	21,6277	-26,21436
2360	20,97233	-26,86973	21,6277	-26,86973
2380	21,62769	-26,86973	25,55991	-26,21433
2400	28,18134	-25,55897	30,14743	-24,90359
2420	28,18133	-24,9036	28,83671	-24,90359
2440	28,18134	-24,9036	28,83672	-24,90359
2460	27,52598	-24,24824	28,18136	-23,59286
2480	27,52599	-23,59287	28,18136	-23,59286
2500	27,52599	-23,59287	27,526	-23,59286
2520	26,87063	-23,59287	27,526	-23,59286
2540	26,87063	-23,59286	26,87065	-22,9375
2560	26,21527	-23,59287	26,87065	-24,24822
2580	25,55991	-24,24824	26,87065	-24,24823
2600	25,55992	-25,55896	27,52601	-25,55895
2620	35,39032	-24,90356	39,97788	-22,93746
2640	37,35642	-21,62673	38,01179	-20,97136
2660	36,70105	-20,97137	36,70106	-20,97137
2680	35,39032	-20,97138	36,0457	-20,97137
2700	34,73496	-20,97139	34,73497	-20,97138
2720	33,42423	-20,31603	33,42425	-20,31602
2740	32,76887	-19,66066	32,76889	-19,66066
2760	31,45815	-19,66066	32,11353	-19,0053
2780	31,45815	-19,00531	32,11353	-19,0053
2800	30,80279	-19,00531	31,45817	-19,0053
2820	30,14743	-19,0053	31,45817	-19,0053
2840	30,8028	-19,66067	31,45818	-19,66066
2860	30,80281	-19,00532	31,45818	-19,66067
2880	31,45816	-19,66068	31,45817	-19,66067
2900	28,18138	-20,97142	13,7631	-24,90363
2920	-4,58754	-32,11268	-23,59337	-31,45732
2940	-37,35609	-27,52515	-36,70067	-23,59296
2960	-36,04531	-21,62687	-35,38993	-20,97151
2980	-36,04529	-20,31615	-34,73455	-19,00542
3000	-35,38993	-19,00543	-34,73455	-19,00542
3020	-34,73456	-18,35007	-33,42382	-18,35006
3040	-34,07919	-17,6947	-32,76845	-17,69469
3060	-33,42383	-17,69471	-32,76845	-17,03934
3080	-32,76846	-17,03935	-32,11309	-17,03933
3100	-32,76846	-16,38398	-31,45772	-16,38398
3120	-32,76846	-16,38398	-31,45772	-17,03934
3140	-32,1131	-17,03935	-31,45772	-17,03934
3160	-32,11309	-17,69471	-30,80236	-17,6947
3180	-30,80237	-17,03935	-30,147	-17,03934
3200	-30,80237	-17,69471	-30,14699	-17,03935
3220	-33,42382	-17,03935	-35,38993	-15,72862
3240	-36,0453	-15,07326	-34,0792	-14,41789
3260	-34,73458	-14,4179	-32,76847	-14,4179
3280	-32,76848	-13,76254	-31,45774	-13,76254
3300	-31,45774	-13,10719	-30,14699	-13,10718
3320	-29,49162	-12,45183	-28,18087	-11,79646
3340	-28,18087	-11,14111	-26,21476	-11,79647
3360	-25,5594	-11,14112	-24,24864	-10,48575
3380	-24,24864	-10,48576	-22,28253	-10,48575
3400	-22,28253	-10,48576	-20,31641	-10,48576
3420	-15,07346	-10,48575	-5,24285	-9,83036
3440	-3,27668	-9,83037	-2,62129	-9,17501
3460	-2,62129	-9,17501	-1,31055	-9,175
3480	-1,96591	-9,17501	-1,31052	-9,83037
3500	-1,31053	-9,83038	-0,65514	-10,48573
3520	-1,31051	-10,48574	0,00024000000000513	-10,48573
3540	-0,65513	-11,1411	0,65561	-11,79646
3560	0,00023000000000195	-12,45183	1,31097	-13,10719
3580	1,31097	-13,76255	8,52009	-13,10717
3600	13,76319	-11,79644	16,38474	-11,79641
3620	15,07401	-11,79642	15,72938	-11,79641
3640	15,074	-11,79642	15,72937	-12,45177
3660	14,41863	-12,45178	15,074	-13,7625
3680	14,41861	-13,7625	15,07399	-14,41785
3700	13,76324	-14,41786	14,41861	-14,41786
3720	13,10786	-15,07322	13,76323	-15,72858
3740	13,10785	-15,72859	13,10786	-15,72859
3760	12,45248	-16,38395	13,10785	-17,03931
3780	13,10783	-17,03932	13,76321	-17,03931
3800	13,10783	-17,03932	13,10785	-17,69468
3820	13,10783	-17,69468	13,76321	-18,35004
3840	13,10783	-18,35004	13,7632	-18,35004
3860	14,41858	-19,0054	19,66159	-19,00538
3880	18,35086	-19,66076	19,00623	-19,00538
3900	18,35085	-19,00539	19,00623	-19,66075
3920	18,35085	-19,66076	19,00623	-20,97147
3940	18,35085	-20,97149	19,00623	-20,97148
3960	18,35085	-22,28221	19,00623	-21,62685
3980	18,35085	-22,28222	19,66159	-22,93757
4000	18,35085	-22,93758	19,00623	-22,93758
4020	18,35085	-23,59294	19,00623	-24,2483
4040	18,35085	-24,24831	19,00622	-23,59294
4060	17,69548	-24,24831	18,35086	-24,90367
4080	18,35083	-24,90368	18,35085	-24,90366
4100	17,69547	-25,55904	18,35084	-25,55903
4120	17,69545	-25,55904	18,35082	-26,21439
4140	17,04009	-26,86976	17,69546	-26,86976
4160	20,31694	-26,86975	30,80279	-25,55898
4180	35,3903	-24,9036	35,39031	-24,90359
4200	34,07956	-24,9036	34,73494	-24,90359
4220	33,4242	-25,55896	33,42422	-25,55896
4240	32,76884	-25,55897	32,76886	-26,21432
4260	32,76884	-26,8697	33,42422	-26,8697
4280	32,76884	-27,52507	33,42421	-28,18042
4300	32,11348	-28,18042	32,76886	-28,18042
4320	32,11348	-28,83579	32,76886	-28,83578
4340	32,11349	-28,83579	32,76887	-29,49114
4360	31,45814	-29,49115	30,14745	-29,49115
4380	28,18135	-30,14652	28,83673	-30,80187
4400	27,526	-30,80188	28,18138	-30,80187
4420	27,526	-31,45724	27,52602	-32,11259
4440	26,21528	-32,76796	26,87065	-32,76795
4460	25,5599	-33,42333	25,55992	-33,42332
4480	24,24917	-33,42333	24,90454	-34,07869
4500	23,59379	-34,0787	23,5938	-34,73405
4520	22,9384	-36,04478	22,93841	-36,04478
4540	21,62765	-36,04479	22,28301	-36,70015
4560	21,62762	-37,35552	21,62762	-38,01087
4580	21,62763	-38,01087	28,18137	-36,70012
4600	29,49213	-36,04476	30,14751	-36,04475
4620	28,83676	-36,70012	29,49214	-36,70012
4640	28,83675	-37,35549	28,83677	-37,35549
4660	27,52603	-38,01085	28,1814	-38,01085
4680	28,18137	-38,01086	28,1814	-38,01085
4700	27,52602	-38,01086	28,18139	-37,35549
4720	27,52601	-38,01087	27,52602	-38,01086
4740	26,87064	-38,01087	28,18137	-38,01086
4760	27,526	-38,01088	27,52602	-38,01086
4780	26,87063	-38,01088	27,52601	-38,01087
4800	26,87063	-38,01088	30,14748	-38,66622
4820	32,11359	-38,66623	32,76896	-38,01085
4840	32,11358	-38,01087	33,42432	-38,01086
4860	32,11358	-39,32159	32,76896	-38,66622
4880	32,76894	-39,32159	33,42431	-39,32158
4900	32,76894	-39,32159	33,42431	-39,32159
4920	33,42429	-39,97696	34,73502	-39,97696
4940	34,07965	-39,97697	34,73502	-39,97696
4960	34,07964	-39,32161	35,39037	-39,3216
4980	34,73499	-39,32161	34,73501	-39,3216
5000	26,87059	-40,63236	11,14136	-45,87531
5020	-8,51993	-49,80753	-25,55959	-48,49681
5040	-30,8025	-44,56464	-28,181	-41,94318
5060	-28,18101	-40,63247	-26,87027	-39,97711
5080	-26,87028	-39,97712	-26,21489	-39,97711
5100	-26,2149	-39,32176	-24,90415	-38,01104
5120	-24,90417	-38,66641	-23,59341	-38,01105
5140	-24,24878	-38,01106	-22,28267	-37,3557
5160	-22,28268	-36,70035	-21,62729	-36,70035
5180	-21,62729	-36,70036	-19,66119	-36,04499
5200	-19,66119	-36,045	-19,0058	-36,045
5220	-22,28265	-36,70038	-21,62729	-36,04503
5240	-21,62729	-36,04503	-20,31655	-35,38966
5260	-20,31655	-35,38968	-19,66116	-35,38967
5280	-19,66117	-35,38968	-18,35043	-36,04503
5300	-18,35043	-35,38968	-17,03968	-36,04503
5320	-17,69506	-35,38968	-16,38431	-35,38968
5340	-17,03967	-35,38968	-15,72892	-35,38967
5360	-15,72893	-35,38969	-15,07355	-35,38967
5380	-15,07355	-34,73432	-14,41817	-34,73431
5400	-14,41817	-34,73432	-13,10743	-34,73432
5420	-14,41816	-34,07897	-13,10741	-34,07895
5440	-13,10742	-34,07896	-11,79667	-33,42359
5460	-13,10741	-33,42361	-11,79666	-33,42359
5480	-12,45204	-32,76824	-11,1413	-32,76824
5500	-13,76278	-31,45751	-13,10741	-31,4575
5520	-13,10743	-31,45751	-13,1074	-31,4575
5540	-13,76278	-31,45751	-13,1074	-31,4575
5560	-13,10741	-32,11287	-11,79668	-32,76823
5580	-12,45205	-32,76824	-11,14131	-32,76823
5600	-11,79669	-33,4236	-11,14131	-32,76823
5620	-11,79668	-33,4236	-9,83057	-34,07895
5640	-1,96613	-32,76821	6,55379	-32,11282
5660	9,17533	-31,45746	9,17535	-30,80209
5680	8,51997	-30,8021	9,17535	-31,45746
5700	8,51997	-32,11283	9,17534	-32,76818
5720	8,51996	-33,42355	9,17534	-33,42355
5740	7,8646	-34,07892	8,51997	-34,07892
5760	7,20923	-34,73428	8,51996	-35,38964
5780	7,20922	-35,38964	7,20923	-35,38964
5800	6,55385	-36,04501	8,51998	-36,70036
5820	9,83074	-36,70036	10,48613	-36,04499
5840	9,17538	-36,045	10,48611	-36,70034
5860	8,52	-36,70035	9,83074	-36,70034
5880	9,17536	-36,70035	9,17537	-36,70035
5900	7,86462	-37,35571	9,17535	-38,01106
5920	7,86462	-37,35571	8,51998	-38,01106
5940	7,20924	-37,35571	7,86462	-38,01106
5960	7,20924	-38,01107	7,86461	-38,01107
5980	7,20924	-38,66643	13,10762	-37,35567
6000	20,31685	-36,7003	26,21526	-35,38955
6020	25,55989	-36,04491	25,55991	-35,38954
6040	24,90453	-35,38955	25,5599	-35,38954
6060	24,90452	-36,04491	24,90454	-36,70026
6080	24,24915	-36,70027	24,90453	-36,70027
6100	23,59379	-36,70028	24,24917	-36,70026
6120	22,93843	-36,70027	24,24917	-36,70027
6140	22,93843	-36,70027	24,24917	-36,70027
6160	22,93843	-36,70027	23,5938	-37,35563
6180	22,93842	-37,35563	23,5938	-37,35563
6200	22,93842	-37,35564	23,5938	-37,35562
6220	22,28306	-37,35564	22,93843	-37,35562
6240	22,28305	-37,35563	23,59379	-38,01099
6260	22,93841	-38,01099	22,93842	-38,01099
6280	26,87061	-38,01097	36,04564	-37,35557
6300	39,9778	-36,04481	39,97781	-36,04479
6320	39,32243	-35,38944	39,97781	-36,04479
6340	39,32243	-36,70016	39,9778	-36,70016
6360	38,66706	-36,70017	38,66708	-37,35552
6380	38,66707	-37,35553	39,32244	-37,35552
6400	38,0117	-37,35553	39,32243	-38,01088
6420	38,0117	-38,66625	39,32243	-39,32161
6440	38,01169	-38,66626	38,66707	-39,32161
6460	38,01169	-39,97699	38,66707	-39,97698
6480	38,01169	-39,97699	38,66707	-39,97698
6500	37,35633	-40,63235	39,97779	-40,63233
6520	44,56536	-40,63228	47,84224	-41,2876
6540	46,5315	-40,63225	47,18688	-40,63224
6560	45,87614	-41,28761	46,53151	-41,94296
6580	45,22077	-41,94297	45,87614	-42,59832
6600	45,22076	-42,59834	45,87614	-43,25369
6620	43,91004	-42,59834	45,22077	-43,25369
6640	43,91004	-42,59834	44,56541	-42,59834
6660	43,91003	-42,59835	43,91005	-41,94298
6680	42,59931	-42,59835	43,25468	-42,59835
6700	42,5993	-41,943	43,25468	-41,94299
6720	42,5993	-41,943	43,25467	-41,28763
6740	42,59929	-41,943	42,59931	-41,28763
6760	41,94393	-41,28764	42,59931	-40,63227
6780	41,94393	-41,28764	41,94393	-41,28763
6800	41,28856	-40,63228	41,94394	-40,63227
6820	41,28856	-40,63228	41,94393	-40,63227
6840	41,28855	-40,63229	41,94394	-41,28763
6860	44,5654	-41,2876	45,22078	-40,63224
6880	43,91004	-39,97688	44,56541	-39,97688
6900	43,91004	-39,97689	44,56541	-40,63223
6920	43,91003	-39,97689	43,91004	-40,63224
6940	43,25467	-40,63226	43,91004	-40,63225
6960	43,25466	-40,63225	43,91004	-40,63225
6980	42,5993	-40,63226	43,91004	-41,28761
7000	43,25465	-40,63226	43,91003	-41,28762
7020	43,25465	-41,28763	44,56539	-41,28762
7040	43,25465	-40,63227	44,56538	-40,63226
7060	43,91001	-40,63227	44,56538	-40,63226
7080	43,91	-41,28763	43,91002	-40,63226
7100	43,91	-41,28763	43,91002	-41,28763
7120	38,66707	-44,56451	24,9045	-51,11822
7140	6,55376	-56,3612	-8,51987	-55,70583
7160	-17,69506	-51,11831	-17,03965	-49,80757
7180	-17,03966	-48,49685	-16,38428	-48,49685
7200	-17,03966	-47,8415	-16,38427	-47,84149
7220	-16,38429	-47,18614	-15,72891	-47,18613
7240	-16,38429	-46,53078	-15,72891	-46,53077
7260	-16,38428	-46,53079	-15,72891	-45,87541
7280	-16,38428	-46,53079	-15,72891	-46,53078
7300	-15,72892	-46,5308	-15,07354	-46,5308
7320	-16,38429	-46,53081	-20,31651	-46,53081
7340	-24,90411	-47,18618	-24,24875	-46,53081
7360	-24,90412	-46,53082	-23,59338	-46,53082
7380	-23,59338	-46,53083	-22,938	-46,53083
7400	-22,93801	-47,1862	-22,28263	-47,18619
7420	-22,28264	-47,84156	-21,62726	-47,1862
7440	-22,28263	-47,18621	-20,97189	-47,1862
7460	-21,62727	-47,84157	-20,31653	-47,84157
7480	-20,9719	-47,84158	-19,66116	-47,84157
7500	-19,66118	-47,84158	-18,35043	-47,84158
7520	-19,0058	-48,49695	-17,69506	-47,84158
7540	-17,69507	-47,18623	-17,03968	-47,84158
7560	-17,03969	-47,84159	-15,72895	-47,18623
7580	-15,72895	-47,18624	-14,41821	-47,84159
7600	-14,41822	-47,18624	-13,10747	-47,8416
7620	-13,10748	-47,18625	-10,48599	-47,18624
7640	-2,62152	-45,22013	6,55374	-44,56474
7660	9,17531	-42,59865	10,48608	-42,59865
7680	9,83071	-42,59866	11,79683	-42,59865
7700	11,14147	-42,59866	12,45222	-43,25402
7720	11,79685	-43,25403	13,10762	-43,25402
7740	12,45226	-43,25403	13,76302	-43,25402
7760	13,10766	-43,90939	13,76305	-44,56475
7780	13,76305	-44,56476	14,41842	-45,22011
7800	13,10769	-45,22012	13,76307	-45,87548
7820	13,10769	-46,53085	13,76306	-46,53084
7840	13,10767	-47,18622	13,10769	-47,18621
7860	12,4523	-47,84158	13,10768	-48,49694
7880	15,72922	-47,1862	22,283	-47,18617
7900	24,24911	-45,87545	25,55985	-46,5308
7920	24,24911	-46,53081	24,90449	-46,53081
7940	24,24911	-47,18617	24,90449	-47,18616
7960	24,24911	-47,84153	24,90449	-48,49689
7980	23,59375	-48,4969	24,24912	-49,15225
8000	23,59374	-49,15226	24,24912	-49,15225
8020	23,59375	-49,80762	24,24912	-49,80762
8040	22,93838	-50,46298	24,24912	-50,46298
8060	23,59374	-50,46298	24,24912	-50,46298
8080	23,59374	-51,11835	24,24912	-51,11834
8100	23,59374	-51,11834	24,24912	-51,7737
8120	28,18126	-51,77368	35,39021	-52,42901
8140	36,04556	-51,77364	36,70093	-52,42899
8160	35,39019	-51,77363	36,04557	-51,77363
8180	34,73484	-52,429	34,73485	-52,42898
8200	33,42412	-51,77362	34,73487	-51,77361
8220	32,76877	-51,11825	33,42415	-50,46287
8240	32,11342	-49,15214	32,11345	-48,49676
8260	30,80272	-47,84139	30,80274	-47,18601
8280	29,49201	-46,53064	29,49203	-45,2199
8300	28,83666	-45,2199	29,49204	-45,87524
8320	28,18131	-45,87524	28,83668	-45,87524
8340	28,18131	-47,18598	34,07956	-47,18592
8360	40,63323	-46,5305	43,91012	-46,53046
8380	41,94401	-46,53048	43,25474	-46,53048
8400	41,944	-47,84122	43,25473	-47,18586
8420	42,59935	-47,84124	43,25472	-47,84123
8440	42,59934	-48,49661	43,25471	-48,49661
8460	42,59933	-49,15198	42,59934	-49,80733
8480	41,2886	-49,80735	42,59933	-49,80734
8500	41,28858	-50,46271	41,94396	-51,11807
8520	41,28858	-51,11808	41,94395	-51,11808
8540	40,63321	-51,77346	38,01173	-51,7735
8560	26,87059	-53,73965	20,31695	-55,05041
8580	17,69545	-54,39506	19,00619	-54,39505
8600	18,35082	-53,7397	19,00619	-54,39505
8620	17,69545	-55,05042	19,00618	-55,05043
8640	18,35081	-55,05044	19,00618	-55,05043
8660	18,35081	-56,36116	19,00618	-56,36116
8680	18,35081	-57,01653	19,00618	-57,01653
8700	18,3508	-57,01654	19,00617	-58,32725
8720	17,69543	-58,32727	18,3508	-58,32726
8740	17,69542	-58,98263	18,35079	-58,98263
8760	17,69541	-59,638	17,69542	-59,63799
8780	17,04003	-59,638	15,72929	-60,29336
8800	10,48622	-60,29338	9,83081	-60,29338
8820	9,17544	-60,29338	10,48618	-60,29338
8840	9,8308	-60,29338	10,48618	-60,29338
8860	9,83081	-60,29339	10,48618	-60,29338
8880	9,83081	-60,29339	10,48619	-60,29339
8900	9,83081	-60,2934	10,48618	-60,94875
8920	9,8308	-60,94876	11,14155	-61,60411
8940	9,8308	-61,60412	10,48617	-62,25948
8960	9,8308	-62,91485	11,14153	-63,57021
8980	10,48615	-64,22558	11,14152	-65,5363
9000	10,48614	-66,84703	15,07375	-66,847
9020	22,93834	-66,19162	28,18136	-66,19159
9040	26,87062	-66,1916	27,52599	-66,1916
9060	26,21525	-66,84697	26,87063	-67,50233
9080	26,21524	-67,50234	26,87062	-68,15769
9100	25,55987	-68,81307	26,21525	-68,1577
9120	25,55987	-68,81307	25,55988	-68,81306
9140	24,9045	-68,81307	25,55987	-68,81307
9160	24,24913	-68,81308	24,90451	-68,81307
9180	24,24913	-68,81308	24,9045	-69,46843
9200	24,24912	-67,50236	24,24913	-68,81307
9220	23,59375	-69,46843	24,24913	-69,46843
9240	23,59374	-70,1238	23,59375	-70,12379
9260	22,93836	-70,1238	23,59373	-70,12379
9280	22,28299	-70,77917	22,93835	-70,77916
9300	22,28297	-71,43452	22,93834	-71,43452
9320	22,28296	-70,77916	22,93834	-70,77915
9340	22,28296	-70,77916	24,90447	-70,77915
9360	31,45816	-70,77913	37,35641	-70,12373
9380	36,70102	-68,81301	36,70104	-68,15765
9400	36,04566	-67,50229	36,70104	-68,15765
9420	36,04566	-67,50229	36,04568	-67,50229
9440	35,3903	-67,50229	36,04568	-68,15764
9460	34,73495	-67,50229	35,39033	-67,50228
9480	34,07959	-66,84693	34,73497	-66,84693
9500	34,0796	-66,84694	34,07962	-66,19157
9520	33,42424	-66,19158	34,07961	-65,53622
9540	32,76889	-66,19159	38,01177	-65,53618
9560	45,87611	-64,22538	46,5315	-62,91466
9580	42,59929	-60,9486	43,25466	-60,94859
9600	42,59929	-60,29324	43,25466	-60,29323
9620	42,59928	-60,29324	43,91001	-60,29323
9640	42,59927	-60,9486	43,25465	-61,60396
9660	43,25462	-61,60396	43,91001	-62,25933
9680	43,25462	-62,91469	43,91	-62,91468
9700	43,90998	-62,91469	43,90999	-63,57004
9720	40,63316	-63,57008	36,04565	-63,5701
9740	35,39028	-62,91475	36,70102	-61,60402
9760	36,04564	-62,25939	36,70102	-62,91475
9780	36,04564	-62,91476	38,01174	-63,5701
9800	45,2207	-62,91467	47,8422	-62,25927
9820	45,87609	-61,60393	46,53146	-62,25928
9840	45,87608	-62,25929	46,53146	-62,91465
9860	45,87608	-62,91466	45,87609	-63,57002
9880	45,22071	-63,57003	45,87609	-63,57002
9900	45,22071	-62,91466	45,87609	-63,57001
9920	45,87608	-62,91466	46,53145	-62,25928
9940	46,53145	-62,25929	47,18683	-61,60392
9960	46,53146	-62,25929	39,32244	-65,5362
9980	20,31673	-73,40068	0,65532	-76,02218
10000	-18,35053	-70,7793	-22,93808	-64,22569
10020	-21,62732	-60,2935	-19,66119	-55,0506
10040	-19,00582	-49,8077	-17,03969	-47,18625
10060	-16,38431	-45,22017	-15,07354	-41,288
10080	-14,41818	-39,32192	-13,10741	-36,0451
10100	-13,10741	-34,07902	-11,79665	-32,11292
10120	-11,14129	-30,80221	-9,83054	-29,49148
10140	-10,48591	-28,18076	-9,17517	-27,52539
10160	-9,83054	-27,5254	-8,5198	-27,52539
10180	-9,17517	-27,5254	-7,86443	-26,87003
10200	-8,51981	-26,87003	-7,86443	-26,87003
10220	-8,51981	-26,87003	-7,86443	-26,87002
10240	-8,5198	-27,52539	-7,86442	-27,52538
10260	-8,51979	-26,87002	-7,86441	-27,52537
10280	-9,17515	-27,52538	-7,86441	-27,52537
10300	-8,51979	-28,18073	-7,86441	-28,18073
10320	-8,51979	-28,18073	-8,51977	-28,18071
10340	-9,17515	-28,83608	-8,51977	-29,49144
10360	-9,17515	-29,49145	-5,24292	-29,49142
10380	2,62156	-29,49141	7,86461	-30,14675
10400	6,55389	-30,80212	7,20926	-31,45748
10420	5,89852	-32,76821	6,55389	-34,07892
10440	5,8985	-34,7343	5,8985	-35,38965
10460	5,24311	-36,70039	5,89848	-38,0111
10480	5,24308	-39,32183	5,24309	-39,97719
10500	4,5877	-40,63256	5,24307	-41,28791
10520	4,58769	-41,94328	4,5877	-42,59864
10540	3,93233	-43,25401	5,24306	-43,90936
10560	4,58767	-44,56473	5,24305	-45,22009
10580	4,58767	-46,53082	5,24305	-47,18618
10600	4,58767	-47,84156	5,24304	-48,49691
10620	5,24303	-49,15228	5,24304	-49,80764
10640	9,17528	-48,4969	15,0737	-48,49687
10660	16,38447	-49,15224	16,38448	-49,15223
10680	15,07374	-49,8076	15,72911	-49,80759
10700	15,07372	-51,11833	15,72909	-51,11833
10720	15,07371	-52,42906	15,72908	-53,08441
10740	14,41834	-53,08441	15,07371	-53,08441
10760	14,41834	-53,08442	15,07371	-53,08441
10780	13,76297	-53,08442	15,07371	-53,73977
10800	13,76298	-53,73978	15,07371	-53,08441
10820	13,76298	-53,73978	15,07371	-53,73977
10840	13,76297	-53,08442	15,07371	-53,73977
10860	13,76297	-53,73978	12,45221	-53,08441
10880	8,51993	-52,42907	8,51993	-51,7737
10900	7,86456	-51,11834	8,51994	-51,11833
10920	8,51993	-51,7737	9,1753	-52,42906
10940	8,51992	-52,42906	9,1753	-52,42905
10960	8,51993	-51,7737	9,1753	-52,42905
10980	8,51993	-51,7737	8,51995	-52,42905
11000	7,86457	-53,08442	7,8646	-53,08441
11020	5,24309	-53,08443	2,6216	-53,08442
11040	2,62157	-53,08444	3,27695	-53,08442
11060	1,96621	-52,42907	2,62159	-53,08442
11080	1,96621	-53,08443	2,62159	-53,08442
11100	1,96622	-53,73979	2,6216	-53,08443
11120	1,96622	-53,7398	2,6216	-53,73979
11140	1,96622	-53,7398	2,6216	-53,73979
11160	1,96622	-54,39516	-58,98224	-54,39515
11180	1,96622	-54,39516	2,6216	-55,05051
11200	1,96622	-55,70588	2,62159	-55,70587
11220	4,58771	-56,36123	11,79686	-57,01658
11240	15,07379	-56,36121	16,38456	-56,3612
11260	15,07382	-56,36121	15,7292	-55,70584
11280	15,07382	-56,36121	15,72919	-55,70584
11300	14,41845	-56,36121	15,07382	-56,3612
11320	13,76563	-56,3612	14,41845	-57,01656
11340	13,10771	-57,67193	13,76308	-57,67192
11360	13,1077	-57,67193	13,76307	-58,32729
11380	13,10769	-58,98266	13,76307	-58,98265
11400	13,10768	-58,98266	13,76305	-59,63802
11420	16,38457	-58,98264	24,90451	-57,67188
11440	26,87064	-57,01652	26,87065	-57,67187
11460	25,55991	-57,67187	26,21528	-57,67187
11480	25,5599	-57,67188	26,21527	-58,32723
11500	25,55989	-58,32725	26,21526	-58,32723
11520	25,55988	-58,32724	26,21526	-58,9826
11540	24,90452	-58,32725	26,21525	-58,9826
11560	24,90452	-58,32724	25,55989	-58,32723
11580	25,55987	-58,98261	26,21525	-58,9826
11600	24,90451	-58,98261	26,21525	-58,9826
11620	25,55987	-59,63797	26,21524	-59,63796
11640	25,55986	-59,63797	26,21524	-59,63797
11660	25,55986	-59,63797	25,55987	-59,63797
11680	25,55986	-59,63797	26,21523	-60,29333
11700	25,55985	-60,29334	25,55988	-60,29333
11720	24,9045	-60,29334	26,21524	-60,29333
11740	24,9045	-60,29334	25,55988	-60,94869
11760	25,55987	-60,9487	30,14745	-60,29331
11780	32,76886	-60,2933	34,73494	-60,29328
11800	33,42421	-59,63793	34,07958	-60,29329
11820	33,42421	-60,94866	34,07958	-60,94865
11840	33,4242	-61,60403	34,73494	-61,60402
11860	33,42421	-61,60403	34,07959	-62,25939
11880	33,42421	-62,2594	34,07958	-62,91475
11900	33,4242	-63,57012	34,07958	-64,22547
11920	33,42421	-64,22549	24,9045	-67,50234
11940	7,20915	-72,74532	-7,20913	-74,05607
11960	-14,41822	-72,09	-13,10745	-71,43463
11980	-13,10746	-70,12391	-12,45208	-70,12391
12000	-13,10746	-69,46855	-11,79672	-69,46854
12020	-12,45209	-69,46855	-11,79672	-69,46855
12040	-12,45209	-69,46857	-11,79671	-69,46856
12060	-12,45209	-69,46857	-11,79671	-70,12393
12080	-12,45209	-70,12393	-11,79671	-70,12393
12100	-12,45209	-70,12394	-12,45207	-70,12394
12120	-15,72895	-70,12395	-16,38432	-70,12395
12140	-16,38434	-70,12396	-15,07359	-69,46859
12160	-16,38433	-69,46859	-15,72895	-69,46859
12180	-15,72896	-69,4686	-15,72894	-70,12396
12200	-16,38432	-70,12397	-15,72894	-70,12396
12220	-16,38431	-70,12397	-15,72894	-70,12396
12240	-16,38431	-70,77933	-15,07357	-70,77932
12260	-16,38431	-70,77934	-15,72893	-70,77933
12280	-16,38431	-70,77934	-15,72893	-70,12397
12300	-16,3843	-70,77934	-15,72892	-70,77934
12320	-16,38429	-70,77935	-15,72892	-70,12399
12340	-16,38429	-70,124	-15,72891	-70,124
12360	-14,41818	-70,77935	-7,20908	-69,46861
12380	-4,58756	-68,81325	-3,27681	-68,81325
12400	-3,93219	-68,1579	-3,27682	-68,15789
12420	-3,27683	-68,1579	-2,62145	-68,15789
12440	-2,62146	-67,50254	-1,31071	-66,84717
12460	-1,31071	-65,53646	-1,3107	-63,57035
12480	-7,86442	-60,29356	-9,83054	-54,39529
12500	-9,17517	-50,46311	-7,86442	-47,84165
12520	-8,5198	-46,53093	-7,20905	-45,22019
12540	-7,86443	-44,56484	-6,55368	-43,90947
12560	-7,20905	-43,90947	-5,8983	-43,2541
12580	-6,55367	-42,59875	-5,89829	-43,2541
12600	-6,55366	-43,25411	-5,24292	-43,2541
12620	-5,89829	-43,25411	-5,24293	-43,90946
12640	-5,8983	-43,90947	-5,8983	-43,90946
12660	-7,86442	-44,56484	-7,20905	-44,56483
12680	-7,86443	-44,56483	-6,55369	-44,56483
12700	-7,20907	-44,56483	-6,55369	-44,56483
12720	-7,20906	-45,2202	-6,55368	-44,56483
12740	-7,20905	-45,2202	-5,89832	-44,56483
12760	-6,55369	-45,2202	-5,89831	-45,22019
12780	-6,55369	-45,87556	-5,24295	-45,87555
12800	-5,89833	-45,87556	-5,24294	-45,87555
12820	-5,89832	-45,87557	-5,24293	-45,87556
12840	-5,24294	-46,53093	2,62153	-45,87553
12860	9,17533	-46,53088	11,79688	-45,87549
12880	10,48614	-45,22014	11,14151	-45,8755
12900	10,48614	-46,53086	11,14152	-46,53085
12920	10,48614	-47,18623	11,14152	-47,18622
12940	9,83078	-47,84159	11,14152	-47,84158
12960	10,48615	-47,84159	11,79689	-48,49695
12980	10,48616	-49,15232	11,79689	-49,15231
13000	11,14152	-49,80768	11,79689	-49,15231
13020	11,14152	-49,80767	11,79689	-49,80766
13040	11,14151	-50,46303	11,79688	-51,11839
13060	11,14149	-51,77376	11,79686	-51,77375
13080	11,14147	-51,77376	13,76297	-51,77374
13100	21,62754	-50,463	26,21521	-49,80762
13120	25,55983	-49,80763	25,55984	-50,46298
13140	24,90446	-50,46298	25,55984	-51,11834
13160	24,90701	-51,11836	25,55983	-51,11835
13180	24,24909	-51,77372	24,90447	-51,77372
13200	24,24909	-52,42908	24,90447	-52,42908
13220	23,59373	-52,42909	24,2491	-52,42909
13240	23,59372	-53,08446	24,24911	-53,08445
13260	23,59373	-53,08446	23,59375	-53,08445
13280	22,93837	-53,73982	23,59375	-53,73981
13300	22,93837	-53,73982	23,59375	-53,73981
13320	22,93837	-54,39519	23,59375	-55,05054
13340	22,28301	-55,70591	19,00611	-55,70593
13360	10,48614	-57,01669	9,17536	-56,36133
13380	8,52	-56,36133	9,17537	-56,36132
13400	8,51999	-57,01669	9,17537	-57,01668
13420	8,51999	-57,0167	9,17537	-57,01669
13440	8,51999	-57,67206	9,17537	-57,01669
13460	7,86462	-57,67206	9,17536	-58,32742
13480	7,86462	-58,32743	9,17536	-58,32742
13500	7,86462	-58,98279	8,51999	-58,98279
13520	7,86461	-59,63815	8,51999	-59,63815
13540	7,20924	-60,29352	7,86462	-60,94887
13560	7,20923	-60,94889	7,86461	-61,60424
13580	6,55386	-62,25961	7,86461	-62,91496
13600	13,76298	-61,6042	23,59369	-60,29344
13620	23,59377	-60,29344	23,59377	-60,29344
13640	22,9384	-58,98272	23,59377	-59,63808
13660	22,28303	-60,29345	23,59377	-60,29344
13680	22,28302	-60,29345	22,9384	-60,9488
13700	21,62766	-60,9488	22,28303	-60,9488
13720	21,62765	-60,94881	22,28302	-61,60416
13740	21,62764	-60,94881	21,62765	-60,9488
13760	20,97226	-61,60417	21,62764	-61,60417
13780	20,3169	-61,60417	21,62763	-61,60417
13800	20,31689	-62,25954	20,97226	-62,25953
13820	20,31688	-62,25954	21,62762	-62,91489
13840	20,97223	-62,91489	20,97225	-62,91489
13860	20,31687	-62,9149	20,97224	-62,91488
13880	20,31686	-62,91489	20,97224	-62,91487
13900	20,31686	-62,91488	20,97223	-62,25951
13920	19,66149	-62,91488	20,31686	-62,91488
13940	19,66148	-62,91489	20,31686	-62,91488
13960	19,66148	-63,57024	20,97221	-63,57024
13980	19,66147	-64,22561	20,31685	-64,2256
14000	19,66146	-64,22562	20,9722	-64,88097
14020	19,66146	-64,22562	20,97219	-64,88097
14040	20,31681	-65,53634	20,97219	-65,53633
14060	20,3168	-65,53635	20,97218	-65,53633
14080	20,3168	-66,19171	20,31681	-66,1917
14100	20,31679	-66,84707	20,31681	-66,1917
14120	19,66143	-66,84708	20,97217	-66,84707
14140	20,31679	-66,84708	20,3168	-66,84707
14160	19,00606	-66,84709	20,3168	-67,50245
14180	19,00606	-67,50247	22,28295	-67,50245
14200	27,52596	-67,50245	30,80282	-66,84709
14220	29,49208	-66,84709	30,14746	-66,84709
14240	29,49208	-67,50247	30,14745	-67,50246
14260	29,49207	-68,15784	30,80281	-68,15783
14280	29,49207	-68,81321	30,14745	-69,46856
14300	28,83672	-69,46857	29,4921	-70,12393
14320	28,18137	-70,77929	28,18139	-70,12392
14340	27,52602	-70,12392	27,52604	-70,12391
14360	26,87066	-70,12392	26,87069	-70,12391
14380	25,55995	-69,46855	26,87069	-69,46854
14400	26,21531	-69,46855	26,87069	-69,46854
14420	25,55994	-69,46855	29,49214	-68,81316
14440	33,42429	-70,12388	36,04573	-69,46851
14460	35,39034	-69,46851	36,04571	-69,46851
14480	36,04569	-68,81316	36,04571	-68,15779
14500	34,73497	-68,15779	35,39035	-68,15779
14520	34,73497	-68,1578	35,39034	-67,50242
14540	34,73496	-68,15779	35,39034	-68,15778
14560	34,73496	-68,15779	34,73497	-68,81313
14580	34,0796	-68,15779	34,73497	-68,81313
14600	34,0796	-68,81314	34,73498	-68,81313
14620	34,07961	-69,4685	37,3564	-68,15774
14640	40,63316	-67,50236	43,25462	-66,84699
14660	42,59924	-67,50235	42,59925	-67,50234
14680	41,94388	-68,15772	42,59925	-68,15771
14700	41,94387	-68,15772	42,59925	-68,81307
14720	41,94387	-69,46845	42,59924	-69,46844
14740	41,28851	-69,46845	41,94388	-70,1238
14760	41,28851	-70,12381	41,94389	-70,1238
14780	41,28851	-70,77917	42,59925	-70,77917
14800	41,94387	-72,0899	42,59925	-71,43453
14820	41,28851	-72,0899	42,59924	-72,74526
14840	41,94386	-73,40064	42,59924	-73,40063
14860	41,94387	-73,40065	42,59924	-74,056
14880	41,94386	-74,71137	42,59924	-74,71137
14900	41,94387	-75,36674	45,87605	-75,36669
14920	52,42975	-74,71126	58,32817	-74,71116
14940	58,32819	-74,71116	58,32821	-74,71115
14960	57,67282	-74,71116	57,67284	-74,71115
14980	57,01746	-74,71116	57,67283	-75,36652
15000	56,36209	-75,36653	57,01747	-75,36651
15020	56,36209	-75,36653	56,3621	-76,02188
15040	55,70672	-75,36652	55,70674	-75,36651
15060	55,05136	-74,71116	55,70673	-74,71116
15080	54,39599	-75,36652	55,05137	-74,71115
15100	54,39599	-74,71116	55,05137	-74,71115
15120	54,39599	-75,36652	55,05136	-76,02187
15140	53,74063	-76,02188	55,05136	-76,02187
15160	53,74062	-76,02189	49,153	-75,3666
15180	41,28852	-75,36667	39,32244	-75,36668
15200	39,32243	-75,36669	39,97781	-75,36668
15220	39,32243	-75,36669	39,97781	-76,02205
15240	39,32244	-76,02205	39,97781	-76,02205
15260	39,32244	-76,67741	39,97781	-76,67741
15280	39,32244	-77,33278	39,97781	-76,67741
15300	39,32244	-77,33278	40,63317	-77,98813
15320	39,97779	-77,98814	41,28853	-79,29886
15340	40,63315	-79,29887	41,94388	-79,95423
15360	41,28851	-80,6096	41,94388	-81,92031
15380	40,63314	-82,57569	41,28852	-84,54177
15400	42,59923	-85,85249	49,15291	-87,16314
15420	54,39589	-87,81844	55,70666	-87,16304
15440	55,05128	-87,16306	-58,98134	-87,81841
15460	55,05128	-87,81842	55,05129	-88,47377
15480	54,39591	-88,47378	55,70665	-89,12914
15500	54,39591	-89,78451	55,05128	-89,7845
15520	54,39591	-90,43987	55,05128	-91,09523
15540	54,3959	-91,09524	55,05128	-91,75059
15560	51,11903	-91,75068	38,6671	-95,0276
15580	17,03972	-97,64914	-1,31083	-98,9599
15600	-14,4183	-99,6153	-13,7629	-96,99385
15620	-13,7629	-96,33849	-13,10753	-95,68313
15640	-13,10754	-95,68313	-12,45216	-95,68313
15660	-13,10754	-95,68314	-12,45216	-95,68314
15680	-12,45218	-95,68315	-11,7968	-95,68315
15700	-12,45218	-95,68316	-11,7968	-95,68315
15720	-12,45217	-96,33852	-11,79679	-96,33852
15740	-11,79681	-96,99389	-11,14143	-96,99389
15760	-11,7968	-96,9939	-11,14142	-96,99389
15780	-11,14144	-96,9939	-10,48606	-96,99389
15800	-11,14144	-97,64926	-9,8307	-97,64925
15820	-11,14144	-97,64926	-9,8307	-97,64925
15840	-10,48607	-97,64926	-9,17534	-97,64925
15860	-10,48607	-97,64926	-9,8307	-97,64926
15880	-7,86459	-98,30461	1,966	-96,99386
15900	6,55362	-97,64922	7,20902	-97,64921
15920	5,89828	-96,99386	7,20902	-97,64921
15940	5,89828	-97,64922	6,55365	-97,64921
15960	5,89827	-97,64922	6,55365	-97,64922
15980	5,89827	-97,64922	6,55365	-98,30457
16000	5,89827	-98,30459	6,55365	-98,30458
16020	5,89827	-98,30459	6,55365	-98,30458
16040	5,2429	-98,95995	1,96604	-99,61532
16060	-0,65546	-98,95997	0,65528	-98,95996
16080	0,65526	-98,95997	1,31064	-98,30461
16100	0,65527	-98,95998	1,966	-98,95997
16120	1,31063	-98,30461	1,96601	-98,30461
16140	1,966	-98,95997	2,62137	-98,95997
16160	2,62136	-98,95998	3,27674	-98,30461
16180	2,62137	-98,30462	3,27674	-97,64925
16200	-1,96623	-97,64927	-4,58774	-96,9939
16220	-5,89849	-95,68318	-3,93237	-95,02781
16240	-5,2431	-94,37246	-3,93235	-93,71709
16260	-3,93235	-93,7171	-3,27696	-92,40637
16280	-3,27696	-91,75102	-2,62157	-91,09564
16300	-2,62157	-90,44029	-1,31082	-90,44028
16320	-1,31083	-89,78493	-7,0000000000903E-5	-89,78492
16340	-7,9999999996971E-5	-89,12957	0,65531	-89,12956
16360	0,6553	-88,47421	1,96605	-88,47419
16380	1,31068	-88,4742	1,96607	-88,47419
16400	1,3107	-87,81884	2,62143	-89,12956
16420	1,96606	-89,12956	4,58755	-88,47419
16440	11,1413	-87,16344	16,38435	-87,16342
16460	17,03973	-87,16342	17,03975	-87,16341
16480	16,38437	-87,16342	17,03975	-87,81877
16500	16,38437	-87,81878	17,03975	-87,81877
16520	16,38438	-88,47414	17,69511	-89,12949
16540	17,03973	-89,78486	17,03974	-90,44021
16560	15,72899	-91,09558	17,03971	-91,75093
16580	15,72896	-92,4063	15,72895	-93,06165
16600	15,07355	-93,71702	15,07354	-95,02774
16620	14,41816	-95,68311	20,97191	-95,02771
16640	24,90418	-95,0277	27,52574	-94,37232
16660	26,21497	-95,02769	26,21497	-95,02768
16680	24,90421	-95,68306	25,55957	-95,68305
16700	24,24881	-96,99379	24,24881	-97,64914
16720	22,93806	-97,64916	23,59342	-98,30451
16740	22,28267	-98,95988	22,93803	-98,95988
16760	21,62728	-98,95989	22,28265	-98,95989
16780	22,28263	-99,61526	22,93799	-99,61526
16800	22,28261	-100,27063	22,93798	-100,27063
16820	22,2826	-100,27064	22,93797	-100,27063
16840	22,28259	-100,926	22,93796	-100,92599
16860	22,28258	-101,58136	23,59331	-102,23672
16880	22,93794	-102,23672	20,31644	-102,23673
16900	15,72879	-102,23675	15,72877	-101,58138
16920	15,07341	-102,23674	15,72879	-101,58138
16940	15,07342	-102,23675	15,7288	-102,23675
16960	15,07343	-102,89212	16,38417	-102,89211
16980	15,07344	-103,54748	16,38418	-103,54747
17000	15,07344	-104,20284	16,38418	-104,20283
17020	15,07344	-104,20285	15,72882	-104,20284
17040	15,07343	-104,85821	15,72881	-104,8582
17060	15,07344	-104,85821	15,72881	-105,51357
17080	15,07343	-105,51358	15,72881	-104,85821
17100	15,07343	-105,51358	15,72881	-105,51357
17120	15,07343	-106,16894	16,38416	-106,16894
17140	15,72879	-106,16895	16,38416	-106,8243
17160	16,38415	-107,47967	16,38415	-107,47967
17180	16,38414	-107,47968	17,03951	-108,13504
17200	16,38413	-107,47969	17,03951	-108,7904
17220	16,38413	-108,79042	17,03951	-108,79041
17240	16,38413	-108,79042	16,38415	-108,79041
17260	15,72877	-108,79042	19,00565	-108,79039
17280	22,28253	-108,79039	24,24868	-109,44575
17300	23,5933	-108,79039	24,24867	-108,79038
17320	23,5933	-108,79039	23,59331	-108,79038
17340	22,93793	-108,79039	23,59331	-109,44574
17360	22,93793	-109,44575	23,59331	-109,44574
17380	22,93793	-110,10111	23,59331	-110,10111
17400	22,93793	-110,10111	23,59331	-110,1011
17420	22,93793	-110,10112	23,59331	-110,10111
17440	22,28257	-110,10111	23,59331	-110,10111
17460	22,93792	-110,10112	23,5933	-110,75647
17480	22,28256	-110,10112	23,5933	-110,10111
17500	22,28256	-110,75648	22,93794	-110,75647
17520	22,28256	-111,41184	23,59329	-111,41184
17540	22,93791	-112,06721	22,93793	-112,0672
17560	22,9379	-112,72257	23,59328	-113,37792
17580	22,93789	-113,37793	22,93791	-114,03328
17600	23,59582	-114,03329	28,18091	-113,3779
17620	28,83631	-112,72254	28,83633	-113,37789
17640	28,18095	-113,3779	28,83888	-112,72253
17660	27,5256	-112,72254	28,18097	-112,72253
17680	27,5256	-112,72254	28,18097	-113,37789
17700	26,87023	-113,3779	27,52561	-113,37789
17720	26,87023	-112,72254	27,52561	-113,37789
17740	26,21487	-114,03326	31,45787	-112,72251
17760	33,42405	-112,7225	33,42407	-112,06713
17780	32,76869	-112,06713	33,42406	-111,41177
17800	32,11332	-112,06714	32,7687	-112,06713
17820	32,11332	-112,06713	32,76869	-112,06713
17840	32,11331	-112,06713	32,76869	-111,41177
17860	31,45795	-112,06713	32,11333	-112,06713
17880	32,11331	-111,41177	32,76869	-111,41176
17900	31,45795	-111,41177	32,76869	-111,41175
17920	30,80259	-110,7564	32,11333	-110,7564
17940	31,45796	-110,7564	32,11333	-110,7564
17960	31,45795	-110,10104	36,70098	-109,44564
17980	43,25463	-107,47954	48,4975	-107,47949
18000	48,49749	-107,4795	48,49749	-106,16877
18020	47,84212	-106,82413	48,4975	-106,82412
18040	47,18676	-106,16877	47,84214	-106,16876
18060	47,18676	-106,16877	47,84213	-106,16876
18080	47,18676	-105,5134	47,84213	-105,51339
18100	47,18675	-105,5134	47,84213	-105,51339
18120	47,18676	-104,85804	47,84213	-104,85802
18140	47,18675	-104,85803	47,84213	-105,51339
18160	47,18675	-104,85803	47,84213	-104,85802
18180	47,18676	-104,85803	47,84213	-104,20266
18200	47,84211	-104,20267	48,49749	-104,85802
18220	47,84211	-104,85803	51,11893	-105,51337
18240	53,085	-106,16873	55,05111	-105,51334
18260	55,05108	-105,51335	56,36182	-106,16871
18280	55,70644	-106,16872	57,01717	-107,47943
18300	57,01715	-107,47944	58,32788	-107,47944
18320	57,67249	-107,47945	58,32787	-108,1348
18340	57,67249	-108,13481	57,67251	-108,1348
18360	57,01713	-108,13481	57,67251	-108,1348
18380	57,01713	-108,13481	57,67251	-108,13481
18400	56,36178	-108,13481	57,01715	-108,13481
18420	55,70642	-108,13482	56,3618	-107,47945
18440	55,05106	-107,47945	55,70644	-108,13481
18460	54,39571	-108,13482	55,05108	-108,79018
18480	54,39571	-108,79019	54,39572	-108,79017
18500	53,74035	-108,13482	54,39572	-108,79018
18520	53,08499	-108,79019	53,74036	-109,44555
18540	53,08498	-110,75628	53,74036	-112,06701
18560	53,08498	-115,34383	54,39572	-120,58673
18580	54,39568	-129,10646	55,70639	-138,28155
18600	57,67245	-146,80127	61,60466	-149,4227
18620	62,26004	-146,80125	62,91542	-143,52443
18640	62,26004	-140,90297	62,91542	-138,93687
18660	62,26005	-136,97079	62,26007	-136,31542
18680	61,6047	-134,34934	62,26008	-133,0386
18700	61,60471	-131,07252	62,26009	-130,41714
18720	61,60471	-129,10642	61,60472	-128,45105
18740	60,94936	-127,7957	61,60473	-127,14032
18760	60,94937	-126,48497	60,94938	-125,8296
18780	52,42958	-126,48505	36,70083	-130,41729
18800	15,72871	-131,0727	2,62122	-128,45127
18820	-1,96635	-126,4852	-0,00022999999999485	-124,5191
18840	-0,65561	-123,86374	-0,00021999999999878	-123,20838
18860	-0,00023999999999802	-123,2084	1,31051	-121,89767
18880	0,65514	-122,55304	0,65517000000001	-121,89768
18900	0,65515	-121,89769	1,31054	-121,89768
18920	0,65517	-121,24233	1,31055	-121,24232
18940	1,31053	-121,24233	1,96591	-121,24233
18960	1,31054	-119,93161	1,96592	-120,58696
18980	1,96591	-120,58697	2,62129	-120,58696
19000	1,96591	-119,93162	2,6213	-119,27624
19020	1,96593	-118,62089	-1,9663	-117,96553
19040	-9,1754	-116,65483	-9,83078	-115,34409
19060	-9,83078	-114,03338	-7,86468	-112,72265
19080	-8,52004	-112,72267	-6,55394	-112,0673
19100	-7,2093	-111,41195	-5,24319	-110,10121
19120	-5,89855	-109,44586	-4,5878	-108,79049
19140	-4,5878	-108,7905	-3,27705	-108,13513
19160	-3,27705	-108,13514	-1,9663	-108,13514
19180	-1,96631	-108,13514	-0,65556	-108,13343
19200	-0,65556	-107,47978	0,65519	-107,47977
19220	-0,00018000000000029	-107,47978	1,31057	-107,47978
19240	1,31057	-107,47978	2,62132	-107,47977
19260	2,62131	-107,47979	3,93205	-107,47978
19280	3,27669	-107,47979	2,62133	-106,82443
19300	1,96594	-106,16907	2,62132	-105,5137
19320	2,62131	-106,16907	3,93206	-105,5137
19340	3,27668	-105,5137	3,93207	-105,5137
19360	3,93205	-106,16907	4,58743	-106,16906
19380	3,93206	-106,16907	4,58744	-106,16906
19400	3,93206	-106,16907	5,2428	-106,82443
19420	4,58742	-106,16908	5,2428	-106,82443
19440	4,58743	-107,47979	11,14114	-107,47977
19460	17,69491	-106,8244	22,93793	-106,16902
19480	21,62721	-106,16902	22,28258	-105,51366
19500	21,62721	-105,51366	22,28258	-105,51365
19520	21,6272	-106,16902	22,28258	-106,16902
19540	21,6272	-106,16903	22,93794	-106,16902
19560	21,62719	-106,82439	22,93793	-106,16902
19580	22,28255	-106,82439	22,93794	-106,82438
19600	22,28256	-107,47975	22,93793	-106,82438
19620	22,28256	-107,47975	22,28257	-107,47974
19640	22,28255	-107,47975	22,28257	-107,47975
19660	22,28255	58,98168	22,28257	-108,13511
19680	22,28255	-107,47976	22,28257	-108,13511
19700	21,62719	-107,47975	22,28256	-108,13511
19720	21,62718	-107,47975	22,28255	-108,13511
19740	21,62717	-108,79048	22,9379	-108,79047
19760	21,62716	-108,79048	22,93789	-108,79047
19780	21,62716	-108,79048	22,93789	-108,79047
19800	24,24864	-108,79046	29,49167	-108,79045
19820	32,1132	-108,13508	33,42398	-107,47971
19840	32,7686	-108,13508	32,76862	-107,47971
19860	32,11325	-107,47971	32,76862	-108,13507
19880	32,11324	-108,13508	32,11325	-108,13507
19900	31,45786	-108,13508	32,11324	-108,79043
19920	31,45786	-108,79044	32,11323	-108,79043
19940	31,45785	-108,13508	31,45786	-108,13507
19960	30,80249	-108,13508	31,45787	-107,47971
19980	31,45784	-106,16901	32,76859	-104,85828
20000	32,76856	-104,20293	33,42394	-104,20292
20020	33,42393	-103,54756	38,66696	-102,23681
20040	44,56528	-98,95998	47,18674	-97,64924
20060	45,22065	-95,68316	45,22069	-93,71706
20080	43,90998	-91,75098	43,91003	-91,09562
20100	41,94397	-89,7849	40,6333	-89,12954
20120	38,66723	-87,16346	38,01192	-85,19736
20140	36,04585	-83,88665	35,39053	-82,57591
20160	33,42446	-81,2652	32,76912	-80,60982
20180	31,45839	-79,95446	31,45841	-79,29909
20200	30,14768	-79,29909	30,80305	-79,29908
20220	29,49232	-78,64372	30,1477	-78,6437
20240	28,83696	-78,64371	29,49234	-78,6437
20260	28,18161	-78,64371	28,18163	-78,6437
20280	28,18161	-77,33299	28,83699	-77,98834
20300	28,18161	-78,64371	28,18163	-77,98835
20320	22,28334	-77,33301	20,97258	-77,33302
20340	20,31718	-76,67766	20,97256	-76,02229
20360	20,97254	-76,0223	21,62791	-76,67765
20380	21,6279	-76,67767	22,28327	-77,33302
20400	21,62789	-77,33303	22,28327	-77,33302
20420	21,62789	-77,33303	22,28327	-77,33302
20440	21,6279	-76,67766	22,28329	-76,0223
20460	20,97255	-75,36694	21,62793	-74,71157
20480	20,3172	-74,05621	21,62795	-73,40084
20500	20,97257	-72,74548	20,97259	-73,40083
20520	20,31722	-73,40084	20,97259	-74,05619
20540	21,62798	-75,3669	28,18169	-76,02224
20560	31,4585	-76,02223	31,45852	-76,67758
20580	30,14778	-77,33295	30,80316	-77,33295
20600	29,49243	-78,64367	30,1478	-79,29904
20620	29,49242	-79,95441	30,1478	-79,95441
20640	29,49242	-80,60978	30,1478	-80,60978
20660	29,49242	-80,60979	30,1478	-81,26515
20680	29,49242	-81,26516	30,14779	-81,92052
20700	29,49243	-82,57589	30,80315	-83,23125
20720	29,49242	-83,88661	30,1478	-83,8866
20740	29,49243	-83,88661	29,49245	-84,54196
20760	28,83708	-84,54197	29,49245	-84,54196
20780	28,18172	-84,54197	28,8371	-85,19732
20800	26,871	-85,19733	26,87103	-85,85268
20820	26,87101	-85,85267	30,14783	-86,50801
20840	28,8371	-85,1973	29,49247	-83,88656
20860	28,8371	-82,57585	30,14783	-81,92048
20880	30,14782	-81,26368	31,45855	-79,9544
20900	30,80317	-78,64369	31,45855	-78,64368
20920	30,80317	-78,64369	32,11391	-77,33295
20940	31,45853	-77,33296	32,76927	-77,33296
20960	32,1139	-76,67761	32,76927	-77,33296
20980	31,45853	-77,98833	31,45855	-79,29904
21000	30,14781	-80,60977	30,80319	-81,26512
21020	29,49245	-81,92049	30,14783	-83,23121
21040	29,49245	-83,88658	30,14783	-84,54194
21060	29,49245	-85,1973	30,14783	-85,85267
21080	29,49245	-87,81876	28,18174	-91,75093
21100	15,07429	-104,20292	-1,31018	-123,86393
21120	-15,07314	-142,86958	-22,28235	-154,66622
21140	-22,28237	-165,1521	-19,00553	-168,42893
21160	-19,00554	-169,7397	-17,03942	-171,05044
21180	-16,38406	-171,70583	-14,41793	-170,39511
21200	-14,41792	-171,05049	-12,4518	-171,05048
21220	-12,45181	-170,39514	-10,4857	-170,39513
21240	-11,14107	-169,73977	-9,17498	-169,0844
21260	-9,83035	-168,42904	-9,17498	-168,42903
21280	-9,83036	-167,77366	-8,51964	-167,77366
21300	-8,51966	-168,42903	-10,48578	-172,36123
21320	-17,03953	-182,1918	-20,31641	-184,15792
21340	-21,62716	-184,15793	-20,31643	-184,81329
21360	-20,97182	-184,8133	-19,66109	-185,46865
21380	-20,97183	-185,46866	-19,6611	-186,12401
21400	-19,66111	-185,46865	-19,00573	-185,46864
21420	-19,66111	-185,46865	-17,69501	-184,81328
21440	-18,35038	-184,81328	-16,38428	-183,50255
21460	-17,03965	-182,19184	-15,72891	-180,22575
21480	-15,72893	-178,25967	-14,41818	-176,94893
21500	-15,07356	-175,6382	-13,76282	-174,98284
21520	-14,41819	-173,67212	-13,10746	-173,67211
21540	-14,41819	-173,01675	-13,76281	-172,36138
21560	-14,41819	-171,70602	-13,76282	-171,706
21580	-13,76283	-171,70601	-12,45209	-171,70599
21600	-13,10746	-170,39526	-11,79673	-170,39525
21620	-11,79674	-169,08453	-10,48599	-167,77378
21640	-10,486	-166,46306	-9,17525	-164,49695
21660	-9,83062	-162,53087	-8,51987	-160,56478
21680	-9,17524	-158,59869	-8,51985	-155,97722
21700	-8,51987	-154,01114	-7,86449	-151,38966
21720	-8,51987	-148,76821	-7,86449	-146,14675
21740	-8,51987	-143,52529	-7,86448	-141,55918
21760	-9,17522	-139,59308	-7,86448	-137,62698
21780	-7,86449	-136,31624	-6,55376	-134,35013
21800	-6,55377	-133,0394	-5,24303	-131,0733
21820	-5,8984	-130,41793	-4,58766	-129,76255
21840	-4,58768	-129,1072	-3,27694	-129,10719
21860	-3,93233	-129,10719	-3,27695	-128,45182
21880	-3,93233	-127,79646	-3,27696	-126,48572
21900	-3,27697	-125,17499	-2,6216	-124,51961
21920	-3,93233	-123,20889	-2,6216	-123,20887
21940	-3,27696	-123,20888	-58,98255	-123,20887
21960	-1,96624	-123,20888	-1,31085	-122,55351
21980	-1,31087	-121,89816	-0,65549	-121,89816
22000	-1,31087	-122,55353	-0,6555	-122,55353
22020	-1,96625	-123,2089	-1,31089	-123,86426
22040	-0,65552	-119,2767	7,86434	-104,2032
22060	15,72888	-87,16362	23,59344	-73,40087
22080	24,24892	-60,29352	23,59357	-51,7738
22100	21,62743	-44,56479	21,62743	-39,32187
22120	20,31668	-36,70042	20,97205	-34,73433
22140	20,31667	-33,42362	22,28276	-32,76825
22160	21,62739	-32,1129	23,59349	-31,45754
22180	22,93813	-29,49145	24,24888	-26,21462
22200	24,24888	-23,59317	24,90428	-20,31634
22220	24,24892	-17,03952	24,90432	-13,76268
22240	23,5936	-10,48587	24,90437	-7,8644
22260	21,62752	-3,27686	19,66137	0,65534
22280	19,00599	4,58751	19,66136	8,5197
22300	18,35062	13,10724	19,00599	16,38405
22320	18,35059	20,31622	19,00595	24,90377
22340	17,6952	31,45738	19,00592	36,70028
22360	19,00589	41,2878	20,97197	47,84142
22380	20,97194	54,39503	22,28267	58,98257
22400	22,28265	58,98259	23,5934	58,98265
22420	22,28269	58,9827	22,9381	58,98278
22440	21,6274	58,98284	21,62745	58,98291
22460	20,31674	58,98296	20,97214	58,98299
22480	20,97214	58,98299	21,62752	58,983
22500	22,28287	58,98298	20,97208	58,98291
22520	9,83048	58,98268	-6,55385	58,98251
22540	-26,87033	58,32701	-30,80259	40,63214
22560	-34,73477	27,5248	-39,97763	18,34966
22580	-43,25445	11,79597	-49,80803	12,45132
22600	-51,11877	13,76204	-51,11875	13,10669
22620	-53,08485	13,10667	-52,42947	11,79594
22640	-54,39557	11,79593	-54,39555	11,79593
22660	-55,70629	11,14056	-55,70627	10,48521
22680	-57,01701	10,4852	-55,70627	9,82986
22700	-57,01701	9,82986	-56,36163	9,17451
22720	-57,67237	7,86379	-57,67235	5,24237
22740	-52,42949	-9,17566	-40,63299	-27,52597
22760	-11,14174	-48,49776	14,41769	-66,19263
22780	26,8698	-76,67843	39,97729	-87,8196
22800	45,22037	-94,37322	44,56507	-98,96075
22820	42,59896	-104,85902	41,28825	-112,06801
22840	39,97751	-118,62166	39,32215	-125,17529
22860	38,01139	-131,72896	37,35603	-137,62724
22880	36,04527	-143,52554	36,70062	-148,76847
22900	36,04523	-152,70067	35,38987	-156,63285
22920	34,07912	-159,25432	33,42377	-161,2204
22940	32,11303	-162,53113	32,76841	-164,49721
22960	38,01142	-152,04521	44,56531	-128,45193
22980	44,56538	-105,51404	41,94404	-87,16371
23000	39,97795	-76,67785	40,6333	-71,43494
23020	39,9779	-69,46886	40,63328	-70,12423
23040	39,97789	-70,77961	40,63326	-71,43497
23060	39,97789	-72,09035	41,28864	-72,09036
23080	41,28862	-72,74574	42,59936	-72,09039
23100	42,59935	-71,43504	43,25473	-71,43505
23120	43,25473	-70,12434	44,56546	-68,8136
23140	43,9101	-68,15825	45,22085	-66,84752
23160	45,22083	-65,53681	46,53157	-66,84753
23180	46,53156	-66,19219	47,18693	-64,88146
23200	46,53156	-64,22612	47,18693	-64,22612
23220	46,53155	-62,9154	47,18692	-61,60467
23240	46,53154	-60,94931	46,53154	-60,29394
23260	46,53151	-59,63858	46,53151	-58,98321
23280	45,22075	-57,67249	45,22074	-57,01712
23300	43,90998	-55,7064	43,90998	-54,39566
23320	42,59922	-53,7403	43,25457	-52,42958
23340	42,59918	-51,77423	43,25454	-52,4296
23360	39,32231	-39,32227	33,424	-14,4183
23380	26,2149	11,14103	23,59343	31,45744
23400	21,62729	47,84156	22,93801	58,98274
23420	22,28261	58,98279	23,59335	58,98283
23440	23,59333	58,98284	25,55943	58,98285
23460	26,87012	58,98281	29,49157	58,98279
23480	31,45762	58,98274	34,07906	58,9827
23500	36,0451	58,98265	38,66654	58,98262
23520	39,32186	58,9826	41,9433	58,98258
23540	43,25399	58,98256	45,22005	58,98255
23560	45,87537	58,98253	48,49679	58,9825
23580	49,1521	58,98244	51,11818	58,9824
23600	52,42885	57,01626	55,05028	52,42869
23620	56,36096	48,49646	56,36087	38,01058
23640	55,7054	29,49077	57,67147	26,21392
23660	58,32681	22,93707	59,63754	20,97097
23680	58,98216	19,66022	60,2929	18,34949
23700	60,29288	17,69411	61,60361	17,03873
23720	62,25895	15,07262	63,56968	11,79578
23740	64,88037	8,51892	66,84645	5,24208
23760	68,15715	1,30987	70,77859	-1,96696
23780	72,08929	-5,24382	74,71073	-8,52065
23800	75,36606	-10,48678	77,98751	-13,10825
23820	77,98747	-15,72974	80,60893	-17,69585
23840	81,26425	-19,00661	83,23035	-20,31735
23860	83,23031	-21,62811	83,88568	-22,28347
23880	83,88567	-19,00664	83,88568	-17,6959
23900	83,2303	-17,04054	83,88566	-15,07441
23920	82,57492	-13,10831	83,88565	-13,1083
23940	83,23027	-12,45294	83,88565	-11,79756
23960	83,88563	-11,1422	85,19637	-11,14219
23980	85,19635	-11,1422	86,50709	-11,79755
24000	85,85171	-11,79755	87,16244	-11,79755
24020	86,50707	-13,76366	87,16244	-14,41902
24040	87,16241	-15,72977	93,7161	-15,72975
24060	104,85746	-14,41901	114,03272	-13,76362
24080	114,68812	-14,419	114,03278	-15,72973
24100	113,37741	-17,04048	114,68815	-18,35122
24120	114,03278	-19,66198	115,34352	-21,62808
24140	114,68814	-24,24957	115,99887	-25,56032
24160	115,34348	-28,18182	116,65421	-30,14793
24180	115,99882	-32,11405	117,30956	-34,08016
24200	116,65417	-36,04628	116,65417	-37,35701
24220	116,65415	-38,66776	117,30952	-39,97848
24240	116,65414	-39,32313	115,34343	-38,66775
24260	115,34341	-38,01239	115,34343	-36,70164
24280	113,37734	-36,04628	114,68809	-34,73554
24300	113,37737	-33,42481	113,3774	-32,76944
24320	112,72204	-32,76945	114,03278	-32,76944
24340	117,965	-30,14797	128,45101	-27,52646
24360	133,69395	-24,24961	133,69397	-21,62814
24380	132,38322	-18,35132	133,03859	-16,38522
24400	131,72786	-16,38523	132,38324	-17,04059
24420	131,72786	-17,04059	131,07252	-17,69594
24440	129,76179	-19,00668	130,41718	-19,66205
24460	129,10646	-20,97279	128,45113	-21,62815
24480	127,79576	-21,62816	127,14043	-21,62815
24500	125,17433	-20,9728	125,17435	-19,66206
24520	123,20826	-19,66206	122,55293	-18,35132
24540	119,93148	-17,04059	119,93151	-16,38521
24560	117,31006	-15,07448	117,31009	-14,41909
24580	115,344	-15,07445	115,34403	-16,38516
24600	115,34403	-17,6959	115,99941	-18,35125
24620	115,34404	-19,66199	115,99943	-20,31735
24640	114,68869	-21,62808	115,34407	-22,28343
24660	114,6887	-22,93881	115,99944	-24,24953
24680	115,34407	-26,21563	115,99945	-27,52635
24700	114,68871	-28,83707	115,34408	-29,49241
24720	114,68871	-28,18167	114,03337	-27,52628
24740	114,03336	-27,52627	114,68874	-29,49233
24760	112,06729	-34,73526	107,47976	-45,87652
24780	102,23676	-49,80872	102,23676	-50,46406
24800	101,5814	-53,0855	101,58144	-54,39621
24820	100,27072	-55,05157	100,27076	-55,05155
24840	98,96003	-54,39619	99,61542	-53,7408
24860	98,30468	-53,08544	98,3047	-53,08542
24880	96,99397	-53,08543	96,99398	-53,08541
24900	95,02788	-53,0854	95,68326	-53,74076
24920	94,37251	-53,74077	94,37253	-53,74076
24940	92,40643	-54,39613	91,0957	-55,05149
24960	81,92052	-55,70686	75,36677	-55,70686
24980	71,43454	-55,0515	71,4371	-54,39611
25000	68,81309	-53,74074	68,15774	-53,74072
25020	65,53628	-54,39608	64,88094	-54,39607
25040	62,91484	-55,05143	62,2595	-55,70677
25060	60,2934	-56,36214	60,29341	-57,01749
25080	59,63803	-57,67286	59,63806	-57,67284
25100	58,32732	-57,67283	58,32735	-57,01746
25120	57,67198	-57,01745	57,672	-57,01743
25140	55,05051	-57,01744	-58,98229	-57,67282
25160	38,0108	-57,67282	34,07857	-57,01743
25180	33,42321	-55,70668	34,07861	-54,39593
25200	32,76788	-54,39592	33,42327	-53,74054
25220	31,45718	-53,74052	32,11257	-53,74049
25240	30,14649	-53,0851	30,14651	-52,42972
25260	28,18043	-52,4297	28,18046	-51,7743
25280	26,86972	-51,11892	26,21438	-50,46353
25300	24,90365	-49,80815	24,90366	-49,15277
25320	22,93756	-48,49739	22,93757	-48,49737
25340	21,62683	-48,49736	21,62684	-49,80807
25360	19,66073	-52,42953	20,3161	-57,67243
25380	20,31609	-68,15829	21,62681	-83,88705
25400	22,28216	-100,27118	29,4912	-116,6553
25420	43,90929	-129,7626	53,08449	-134,35011
25440	55,706	-131,72865	57,67216	-125,17498
25460	55,05073	-115,3445	54,39541	-104,85864
25480	51,77396	-96,99427	51,11862	-91,09597
25500	49,15251	-87,16379	49,80789	-83,88697
25520	48,49714	-80,61015	48,49715	-77,33332
25540	47,18641	-74,71186	48,49714	-72,09038
25560	47,18639	-69,46893	47,1864	-68,81355
25580	46,53103	-66,84746	47,1864	-65,53672
25600	45,87566	-64,88136	46,53104	-64,22598
25620	45,87567	-63,57062	46,53105	-63,57061
25640	45,87568	-62,91526	46,53107	-62,25989
25660	45,8757	-61,60454	46,53108	-61,60452
25680	45,22035	-61,60453	45,87573	-60,94915
25700	45,87572	-60,29379	45,87574	-59,63841
25720	45,22036	-58,98305	45,22038	-58,32767
25740	44,565	-57,01695	44,56502	-56,36157
25760	43,90964	-56,36156	44,56502	-55,70619
25780	43,25428	-55,05083	43,2543	-55,05082
25800	43,25428	-55,05082	43,2543	-53,74009
25820	42,59892	-53,74009	43,2543	-53,74009
25840	42,59893	-53,74009	43,25431	-53,74008
25860	42,59894	-54,39545	43,25431	-54,39543
25880	42,59894	-54,39543	43,25432	-54,39543
25900	41,94358	-54,39543	42,59895	-55,05078
25920	41,94358	-55,70615	41,94359	-57,67224
25940	41,28821	-60,94908	41,94359	-66,84735
25960	41,2882	-76,02247	43,90966	-88,47439
25980	44,565	-101,5817	45,87572	55,04926
26000	46,53106	-114,68902	47,18643	-110,75684
26020	45,22034	-106,1693	44,56498	-96,99418
26040	41,94351	-87,16371	41,28817	-79,29933
26060	39,32207	-74,05642	39,32208	-71,43494
26080	38,6667	-69,46886	38,66671	-68,81349
26100	38,01133	-68,15813	38,01134	-67,50277
26120	37,35595	-67,50278	38,66669	-67,50278
26140	38,01131	-68,15816	39,32205	-68,15815
26160	38,66667	-68,15817	39,97741	-68,15816
26180	36,70057	-58,32763	32,11301	-37,3558
26200	27,52538	-19,00545	26,21464	-3,93196
26220	24,90388	5,24317	24,90388	13,10756
26240	23,59313	18,35048	23,59315	20,97196
26260	22,93777	22,93804	23,59315	23,59342
26280	21,62706	24,90413	22,28244	24,90415
26300	21,62706	25,5595	22,28243	25,55951
26320	21,62705	25,5595	22,28242	26,21487
26340	21,62705	26,21486	22,28242	26,87024
26360	20,97168	27,52559	21,62705	28,18097
26380	20,97166	28,83632	22,28238	28,83633
26400	22,9377	27,52558	25,55914	26,8702
26420	26,86981	26,87016	30,14661	26,21477
26440	32,768	26,87008	36,04479	26,87005
26460	38,01084	27,52537	40,63228	26,21463
26480	42,59833	26,21459	45,21977	26,21458
26500	45,21974	26,21456	47,18583	26,21457
26520	46,53045	26,86992	43,90893	27,5253
26540	30,14606	28,83603	9,82973	28,18071
26560	-11,14181	29,49145	-13,10787	31,45756
26580	-13,76325	33,42364	-12,45251	34,079
26600	-12,45253	33,42361	-11,14179	33,42361
26620	-11,14181	32,76822	-9,83107	32,11283
26640	-9,83109	32,1128	-7,86499	31,45744
26660	-8,52037	31,45742	-7,20963	31,45741
26680	-7,20965	30,80202	-6,55427	29,49128
26700	-5,89893	28,83588	-4,58819	27,52514
26720	-4,58821	26,21439	-2,62211	24,90365
26740	-1,96677	23,59289	-0,0006699999999995	22,28215
26760	-0,65605	21,62676	1,31005	20,97139
26780	0,65467	20,31602	1,96541	19,66066
26800	1,96539	18,34994	3,27613	18,34995
26820	2,62075	17,69458	3,93149	17,69459
26840	2,62075	17,6946	3,27613	18,34998
26860	2,62075	19,00535	3,27613	19,00538
26880	1,31003	19,66076	1,96541	19,66078
26900	0,65467	20,31614	1,31005	20,31617
26920	0,65467	20,97153	1,31005	20,97154
26940	-0,00068999999999875	20,97154	0,65469	20,97157
26960	-0,65605	21,62693	-0,0006699999999995	21,62695
26980	-1,31141	22,28232	-1,31139	22,28234
27000	-2,62213	22,93771	-1,96675	22,93773
27020	-3,27749	23,5931	-3,27747	23,59313
27040	-3,93285	24,24849	-3,93283	24,24851
27060	-5,24357	24,24852	-4,58819	23,59317
27080	-6,55429	22,93781	-6,55427	22,28247
27100	-7,20965	21,62713	-7,86499	20,9718
27120	-9,17573	20,31645	-9,17571	19,00575
27140	-11,14181	15,72894	-10,48643	8,51995
27160	-11,14181	-3,93199	-10,48643	-22,28223
27180	-9,17573	-43,25396	5,24221	-72,09014
27200	21,62626	-98,96023	32,76756	-115,34443
27220	34,07835	-116,65521	34,73377	-115,34448
27240	32,76771	-112,72304	30,80165	-110,10155
27260	28,83556	-108,13544	28,83559	-107,48006
27280	26,86949	-106,16933	26,8695	-104,85858
27300	25,55876	-101,58177	26,21414	-99,61566
27320	24,9034	-96,99419	24,90342	-93,06198
27340	22,93732	-88,47443	22,93733	-86,50831
27360	21,62659	-84,54222	20,97125	-82,57612
27380	20,31586	-81,2654	19,66051	-79,95466
27400	10,48537	-64,22583	-6,55416	-38,66637
27420	-26,87045	-14,41768	-25,55971	13,10778
27440	-34,07941	36,04566	-35,39011	51,77441
27460	-38,01157	58,98336	-38,66691	58,98337
27480	-40,63301	58,98336	-41,28835	58,98337
27500	-42,59909	58,98336	-41,94371	58,98337
27520	-41,28837	45,2208	-36,70083	0,65611
27540	-23,59365	-77,9877	-0,65603	-154,66565
27560	23,59232	-185,46841	41,94245	-194,6439
27580	50,46208	-193,98864	49,80669	-190,05624
27600	48,49595	-186,77917	48,49597	-185,46827
27620	46,52987	-182,84675	47,18525	-176,94854
27640	45,87451	-171,70581	41,28701	-172,36139
27660	29,49051	-169,7402	14,41725	-165,80808
27680	4,58683	-161,87581	-4,58819	-150,73455
27700	-13,76325	-131,07349	-19,66147	-110,10164
27720	-24,24901	-87,81907	-27,52579	-66,84714
27740	-31,45797	-45,21989	-32,76867	-24,90344
27760	-34,73477	-8,51923	-34,07939	0,00057000000000329
27780	-33,42405	4,58813	-28,83651	5,89884
27800	-20,31685	1,96653	-4,58819	-19,66077
27820	13,76187	-66,84752	40,63165	-132,38477
27840	67,50139	-186,78039	90,43901	-212,33919
27860	101,58011	-220,2029	106,16765	-222,82363
27880	104,20155	-222,16769	99,61405	-221,51187
27900	93,71579	-222,16693	88,47293	-228,06499
27920	79,29787	-235,27381	73,39965	-239,86119
27940	69,46747	-239,20571	68,81213	-230,68599
27960	68,81211	-218,23425	68,81213	-205,12723
27980	66,19067	-189,39881	65,53533	-176,2918
28000	63,56923	-165,8062	62,91389	-157,28666
28020	60,94779	-149,42243	60,94781	-142,86887
28040	58,98171	-138,28142	59,63709	-136,31536
28060	58,32635	-132,38325	58,98173	-128,4511
28080	57,67099	-125,17432	58,32637	-121,24217
28100	57,01563	-115,34397	55,70493	-109,44571
28120	51,77275	-102,23672	47,84061	-91,09552
28140	39,32091	-79,95431	31,45661	-71,43457
28160	23,59227	-64,88093	18,34941	-62,25945
28180	13,10651	-60,29336	10,48509	-58,32727
28200	8,51899	-57,67194	7,86365	-56,36121
28220	5,89755	-55,0505	5,89757	-53,08442
28240	5,24219	-52,42908	5,24221	-52,42908
28260	3,93147	-52,4291	4,58685	-51,77374
28280	3,27611	-51,77374	3,93149	-51,11838
28300	2,62075	-51,77376	3,93149	-51,77376
28320	2,62075	-51,11841	3,27613	-51,11841
28340	1,96539	-51,11842	1,96541	-51,11841
28360	1,31003	-50,46306	1,31005	-49,80769
28380	-2,62213	-47,18624	-14,41859	-41,28792
28400	-28,18117	-36,04498	-32,76867	-30,14669
28420	-32,76869	-27,52524	-32,76867	-24,90377
28440	-34,07941	-23,59305	-34,07939	-22,28232
28460	-34,73477	-20,9716	-34,07939	-22,28232
28480	-34,07941	-22,28235	-33,42403	-22,28235
28500	-34,07941	-22,93773	-33,42403	-23,59311
28520	-34,73477	-24,90386	-33,42403	-26,21458
28540	-34,07941	-37,35573	-30,14723	-79,95426
28560	-13,76325	-157,28705	8,51901	-223,47883
28580	33,42267	-243,14	49,80669	-243,79549
28600	52,42811	-234,6204	55,04957	-226,10037
28620	51,77275	-221,51245	49,80669	-219,54617
28640	47,84059	-215,61401	49,15133	-210,37127
28660	48,49595	-212,33768	41,28701	-216,92558
28680	30,80123	-211,68296	21,62621	-208,4062
28700	14,41723	-204,474	9,17437	-195,29887
28720	2,62075	-181,53622	-1,96675	-164,49665
28740	-7,20965	-146,80178	-9,17571	-128,45151
28760	-12,45253	-112,06734	-14,41859	-97,64928
28780	-16,38469	-83,88661	-17,04003	-70,77931
28800	-19,00613	-59,63813	-19,00611	-49,80768
28820	-20,97221	-40,6326	-20,97219	-34,73433
28840	-22,93829	-28,83608	-22,93827	-24,9039
28860	-23,59365	-21,62711	-23,59363	-20,31638
28880	-24,24901	-18,3503	-24,24899	-16,38421
28900	-24,90437	-14,41812	-24,90435	-13,76275
28920	-25,55973	-11,79667	-24,90435	-11,14129
28940	-26,87045	-6,55373	-26,87043	5,24289
28960	-25,55973	17,69483	-24,24899	26,21458
28980	-25,55973	30,14676	-23,59363	32,11285
29000	-23,59365	32,76821	-22,28291	31,45748
29020	-22,28293	30,8021	-20,97219	30,14673
29040	-21,62757	29,49135	-20,97219	28,83598
29060	-21,62757	27,52524	-20,97219	27,52524
29080	-21,62757	27,52522	-20,97219	26,86985
29100	-22,28293	27,5252	-22,28291	26,86984
29120	-22,93829	26,86984	-22,28291	26,86983
29140	-23,59365	26,21447	-23,59363	26,86983
29160	-24,90437	26,86983	-24,90435	26,21447
29180	-26,21509	24,90373	-25,55971	24,24837
29200	-26,87045	22,28228	-26,21507	21,62691
29220	-26,87045	20,31617	-26,87043	20,31618
29240	-27,52581	20,31617	-27,52579	19,66082
29260	-28,83653	20,31617	-28,18115	19,66082
29280	-28,83653	19,00545	-28,18115	19,00546
29300	-28,83653	18,35009	-28,83651	18,3501
29320	-28,83653	17,69474	-28,18115	17,69475
29340	-28,83653	17,69476	-28,18115	17,69478
29360	-28,83653	17,69478	-28,18115	17,69479
29380	-28,83653	17,03942	-28,18115	17,03943
29400	-28,83653	16,38405	-28,83651	17,03942
29420	-29,49189	16,38404	-28,18115	16,38404
29440	-29,49189	15,72866	-28,83651	15,72867
29460	-29,49189	15,72866	-28,83651	15,0733
29480	-29,49189	15,07329	-28,83651	15,0733
29500	-29,49189	15,72865	-29,49187	15,72866
29520	-30,14725	15,07329	-29,49187	15,07331
29540	-30,80261	15,0733	-30,14723	15,72867
29560	-30,80261	15,07329	-30,14723	15,0733
29580	-30,80261	15,07329	-30,14723	14,41794
29600	-31,45797	14,41793	-30,14723	14,41793
29620	-30,80261	15,07329	-29,49187	15,0733
29640	-28,83653	15,0733	-27,52579	14,41796
29660	-28,18117	14,41797	-27,52579	14,418
29680	-28,18111	15,07336	-26,21493	15,72874
29700	-26,21485	15,07337	-24,90405	15,07337
29720	-24,90401	14,41799	-23,59321	14,41798
29740	-22,28246	13,7626	-19,66095	12,45186
29760	-20,31629	9,8304	-16,38408	7,86431
29780	-17,69478	6,55355	-15,72865	3,9321
29800	-14,41793	0,65526999999999	-13,10717	-3,27691
29820	-13,10718	-6,55374	-12,45179	-9,17519
29840	-11,14108	-11,79666	-9,83034	-15,07347
29860	-9,83035	-17,03957	-8,5196	-19,66103
29880	-8,51961	-23,59322	-7,86423	-26,21466
29900	-8,51963	-29,49149	-7,86427	-32,76829
29920	-7,86433	-36,04512	-7,86435	-39,97729
29940	-8,51978	-43,90947	-7,20909	-47,18628
29960	-3,27689	-50,46308	17,6949	-53,08452
29980	32,76845	-54,39524	45,87591	-55,05056
