T	LX	LY	RX	RY
0	0	0	0	0
20	0	0	0	0
40	9,9999999960687E-6	0,65537	0,65537	0,65537
60	9,9999999960687E-6	0	1,31073	0,65535999999999
80	0,65536999999999	0	1,31073	0,65535999999999
100	0,65536999999999	0	1,96609	0
120	1,96609	-0,65537	2,62144	0
140	1,96608	-0,65537	3,2768	0
160	2,62143	-0,65537	3,27679	0
180	2,62143	-0,65536	3,27679	9,9999999960687E-6
200	2,62142	0	3,27678	9,9999999960687E-6
220	2,62142	-0,65536	3,93214	0
240	3,27678	-0,65535	3,27678	9,9999999960687E-6
260	2,62142	-0,65536	3,27678	9,9999999960687E-6
280	2,62142	-0,65536	3,27678	0
300	3,27678	-0,65536	3,27678	-0,65536
320	3,27678	-0,65536	3,27677	0
340	3,27677	-0,65535	3,93213	9,9999999960687E-6
360	3,27677	-0,65536	3,93212	0
380	3,27676	-0,65536	4,58748	0
400	3,93212	-0,65536	4,58748	-0,65535000000001
420	3,93212	-0,65536	4,58748	0
440	4,58748	-0,65536	5,24283	9,9999999960687E-6
460	4,58748	-0,65535	5,24283	9,9999999960687E-6
480	4,58747	9,9999999960687E-6	5,24283	9,9999999960687E-6
500	5,24283	9,9999999960687E-6	5,24282	9,9999999960687E-6
520	5,24282	9,9999999960687E-6	5,89818	0,65537
540	5,24282	9,9999999960687E-6	5,24282	0,65537
560	4,58746	9,9999999960687E-6	5,24282	0,65537
580	5,24282	0,65537	5,24282	0,65538
600	4,58746	9,9999999960687E-6	5,24282	0,65538
620	4,58747	0,65538	7,86429	1,96609
640	16,38412	4,58754	19,66101	5,89826
660	17,69492	5,2429	19,00562	5,24291
680	19,00562	5,2429	19,66098	5,2429
700	19,00562	5,2429	20,31634	5,2429
720	19,66098	4,58754	20,31634	4,58754
740	19,00562	4,58753	19,66098	4,58754
760	19,66098	3,93218	19,66098	3,93302
780	19,00563	3,27681	19,66099	3,93218
800	18,35282	3,27681	19,00563	3,27682
820	18,35028	3,27681	19,00563	3,27682
840	18,35028	3,27681	19,00563	3,27681
860	18,35027	2,62145	19,00563	2,62145
880	19,00563	2,62144	19,661	3,2768
900	19,00564	2,62144	19,661	2,62145
920	19,00564	2,62144	19,00564	3,2768
940	19,00564	2,62144	19,00564	2,62144
960	19,66101	2,62143	29,49153	6,5536
980	38,66673	8,51968	40,63289	9,17504
1000	39,32215	7,86432	40,63285	8,51969
1020	41,2882	7,86431	41,94356	7,20895
1040	41,2882	7,20895	41,94355	7,20895
1060	41,28819	6,55358	41,94355	6,55358
1080	41,94355	5,89823	42,59891	6,55358
1100	41,94355	5,89822	42,5989	5,89822
1120	42,5989	5,24285	43,25427	5,89821
1140	41,94354	5,89821	41,28819	5,89822
1160	39,97746	5,89821	41,28818	6,55358
1180	41,28817	5,89821	41,28817	5,89822
1200	40,63281	5,24285	41,28817	5,89822
1220	40,6328	5,24285	41,28817	5,89822
1240	40,6328	5,24285	41,28817	5,24285
1260	49,80796	8,51965	64,88149	13,76255
1280	67,50304	13,76255	66,84766	12,45182
1300	66,84763	11,79647	69,46906	11,79647
1320	68,8137	11,1411	68,81369	10,48574
1340	68,15834	9,83037	68,81369	10,48573
1360	68,81369	9,83037	69,46905	9,83037
1380	68,81368	9,17501	69,46904	9,83037
1400	68,81368	9,17501	69,46904	9,83037
1420	68,81368	9,17501	68,81368	9,17501
1440	68,15831	8,51965	70,77977	9,83036
1460	81,2657	13,10717	91,75163	17,69471
1480	92,40705	17,69472	92,40703	17,03936
1500	93,06237	16,384	94,37309	16,384
1520	95,02843	15,72863	95,68379	15,72863
1540	95,68378	15,07326	96,9945	15,07326
1560	96,33913	14,4179	97,64985	14,4179
1580	96,33912	13,76254	97,64984	14,4179
1600	96,99447	13,76254	97,64983	13,76254
1620	97,64983	13,76253	98,30518	13,76254
1640	97,64982	13,10717	98,96054	13,76254
1660	97,64982	13,10717	99,61591	13,76253
1680	102,89277	14,41789	102,89278	15,07326
1700	101,58203	14,41789	102,89274	15,07326
1720	102,89274	14,41789	103,5481	14,41789
1740	102,89274	13,76253	103,54809	14,41789
1760	102,89273	13,76253	103,54809	13,76253
1780	102,89273	13,76252	103,54809	13,76253
1800	103,54808	13,76252	104,20344	14,41789
1820	103,54809	13,76252	104,20345	13,76253
1840	103,54808	13,10716	104,20344	13,76253
1860	103,54808	13,76253	104,20344	13,76253
1880	102,89272	13,10716	104,20344	13,76253
1900	103,54807	13,76253	104,20344	14,4179
1920	102,89272	13,76253	103,54808	14,41789
1940	102,89272	13,76253	103,54809	14,41789
1960	104,85885	15,07326	104,85886	15,72863
1980	104,20348	15,07327	104,85883	16,38486
2000	104,85884	15,72863	104,85884	15,72863
2020	103,54812	15,72863	104,85883	15,72863
2040	104,20347	15,72863	104,20347	15,72863
2060	104,20347	15,07327	104,85883	15,72863
2080	104,20347	15,07327	104,85883	15,72864
2100	104,20347	15,72863	104,85883	16,384
2120	104,20347	15,07327	93,71765	14,41794
2140	61,60483	11,79655	28,18124	11,14125
2160	1,31131	9,17517	-9,82991	10,48591
2180	-9,1746	11,14126	-5,24245	11,79661
2200	-4,58712	11,14124	-2,62108	10,48587
2220	-2,62109	9,8305	-0,65503	9,83049
2240	-0,65504	9,17512	0,65566	8,51976
2260	1,31101	7,86438	1,96635	8,51974
2280	1,96634	7,20901	2,62169	7,86437
2300	0,65559999999999	5,89829	-5,24267	5,8983
2320	-6,55339	5,8983	-3,93196	7,20902
2340	-3,93196	5,89829	-3,27662	5,89829
2360	-3,93199	5,24292	-3,27663	5,89828
2380	-3,27664	5,24292	-2,62128	5,89828
2400	-3,27665	4,58755	-2,62129	5,24291
2420	-3,27665	4,58754	-2,6213	4,58755
2440	-3,27666	4,58754	-2,62129	4,58754
2460	-2,6213	3,93218	-2,6213	4,58755
2480	-3,27666	3,93217	-2,6213	3,93218
2500	-3,27666	3,93217	-1,96594	3,93217
2520	-2,6213	3,27681	-2,6213	3,93217
2540	-2,62131	3,2768	-2,62131	3,27681
2560	-2,62131	3,2768	-1,96595	3,93217
2580	-5,89813	3,27682	-6,55351	4,58755
2600	-5,89813	4,58755	-3,93205	5,24291
2620	-5,24278	4,58755	-3,93207	4,58755
2640	-5,24278	4,58754	-4,58742	4,58755
2660	-5,24278	3,93218	-4,58742	3,93219
2680	-5,24278	3,93218	-4,58742	3,93219
2700	-5,24278	3,27682	-4,58742	3,93218
2720	-5,24278	3,93218	-4,58742	3,27683
2740	-5,24278	3,27682	-4,58742	3,27683
2760	-5,24278	3,27682	-5,24277	3,27682
2780	-5,89814	2,62146	-4,58742	3,27682
2800	-5,89813	2,62146	-5,24277	3,27683
2820	-5,89813	2,62146	-5,24277	3,27682
2840	0,65554999999999	4,58753	15,72906	9,17506
2860	23,59355	10,48578	26,21505	10,48578
2880	26,21504	8,5197	26,87039	7,86433
2900	27,52573	7,20897	28,83644	7,20897
2920	28,83644	6,5536	29,49179	6,5536
2940	29,49178	5,89823	30,80505	5,89823
2960	30,14712	5,24286	31,45784	5,24286
2980	30,80248	4,5875	32,1132	5,24286
3000	31,45784	4,5875	32,1132	4,5875
3020	31,45783	3,93213	32,1132	3,93214
3040	32,11319	3,93214	32,76855	3,93214
3060	31,45782	3,27677	32,11319	3,27677
3080	24,9042	1,96607	9,83083	2,62146
3100	3,27718	2,62147	5,89864	3,93218
3120	7,20936	3,27682	7,20933	3,93218
3140	7,20932	3,27681	7,86468	3,27681
3160	7,86468	2,62144	8,52003	2,62144
3180	7,86467	1,96608	9,17538	1,96608
3200	8,52002	1,96607	9,17538	1,96608
3220	8,52001	1,31071	9,17537	1,96608
3240	8,52001	1,31071	9,83072	1,96607
3260	9,17536	0,65535	9,83072	1,31071
3280	9,17536	0,65535	9,83072	1,31071
3300	9,17536	0,65535	9,83071	1,31071
3320	9,83072	0,65534	9,83072	0,65535
3340	9,17536	-1,9999999999243E-5	9,83072	0,65534
3360	9,17536	-1,9999999999243E-5	9,83071	-1,9999999999243E-5
3380	9,83072	-1,9999999999243E-5	9,83072	-1,9999999999243E-5
3400	9,17535	-0,65538	9,8307	-1,9999999999243E-5
3420	9,17535	-0,65537	9,83071	-0,65538
3440	9,83072	-0,65539	20,97196	2,62142
3460	30,80253	5,24287	32,76868	6,5536
3480	30,80258	4,58751	32,11327	4,58752
3500	32,76863	3,93215	34,07934	3,93215
3520	33,42398	2,62142	34,73469	3,27678
3540	34,73468	2,62141	36,0454	2,62141
3560	35,39003	1,96605	36,70074	1,96605
3580	36,04538	1,96604	36,70074	1,31068
3600	36,04538	1,31068	37,35609	1,31068
3620	36,70073	1,31067	37,35609	1,31068
3640	36,70072	0,65532	37,35609	1,31068
3660	36,70073	0,65531	37,35609	0,65531
3680	36,70073	-5,000000000166E-5	35,39	-5,000000000166E-5
3700	31,45782	-0,65541	33,42391	0,65532
3720	34,07927	0,65531	34,73462	0,65532
3740	34,07925	0,65531	34,73462	0,65532
3760	34,07926	-5,000000000166E-5	35,38998	0,65531
3780	34,73462	-5,000000000166E-5	35,38997	-5,000000000166E-5
3800	34,73461	-0,65542	35,38997	-0,65542
3820	34,7346	-0,65542	36,04532	-5,000000000166E-5
3840	41,94364	1,96603	53,08494	5,8982
3860	55,70646	6,55356	54,39572	5,89821
3880	54,39568	5,24285	56,36175	5,89821
3900	56,36175	4,58748	56,36174	4,58748
3920	54,39566	3,27675	55,70638	2,62139
3940	55,05103	1,31066	55,05103	1,31066
3960	54,39567	0,6553	55,05103	0,6553
3980	54,39567	0,65529	55,05102	0,6553
4000	54,39566	0,65529	55,05102	0,6553
4020	54,39566	0,65529	55,05102	0,6553
4040	54,39566	-7,0000000000903E-5	57,67248	1,96694
4060	70,12453	6,55355	77,33365	9,17501
4080	76,02294	7,86428	76,0229	7,20892
4100	77,98897	7,20892	79,29968	7,20892
4120	77,98895	6,55356	79,29967	5,89819
4140	79,29966	5,89819	80,61037	5,89819
4160	80,61037	5,24282	81,92108	5,89819
4180	81,92108	5,24282	82,57643	5,24282
4200	81,92106	5,24282	83,23178	5,24282
4220	82,57641	5,24282	83,23177	5,24282
4240	79,29959	4,58746	78,64421	5,8982
4260	78,64421	5,24283	79,95493	5,89819
4280	79,29956	5,24283	79,95492	5,89819
4300	79,29956	5,24282	79,95492	5,24283
4320	79,29955	5,24282	79,95492	5,24282
4340	78,64419	5,24282	79,29956	5,24283
4360	79,29956	5,24282	79,29956	5,89819
4380	78,64419	5,24283	79,29955	5,89819
4400	78,64419	5,24283	79,29955	5,89818
4420	78,64419	5,24283	79,29955	5,89819
4440	78,64419	5,24282	79,29955	5,89819
4460	78,6442	5,24282	79,29955	5,89819
4480	79,29955	5,24282	86,50862	8,51963
4500	93,71771	11,14109	95,02847	12,45182
4520	93,06236	11,1411	95,02841	11,1411
4540	95,68377	11,1411	96,33912	11,1411
4560	95,0284	9,83037	96,33911	10,48575
4580	95,68372	9,8304	96,33907	9,83042
4600	95,6837	9,17506	96,33905	9,17507
4620	95,02834	8,51971	95,02834	8,5197
4640	86,50862	7,20899	79,95498	7,20899
4660	77,98889	7,20898	77,33351	8,51971
4680	76,67814	7,86434	77,98886	8,51969
4700	77,98886	7,86433	77,98886	8,51968
4720	77,3335	7,20895	77,98886	7,86431
4740	77,3335	7,20895	77,98886	7,20895
4760	77,33351	6,55359	77,98887	7,20895
4780	77,33351	6,55358	78,64422	6,55358
4800	78,64422	6,55358	84,54252	8,51966
4820	91,75163	10,48575	93,06238	11,14112
4840	91,75164	9,83039	93,7177	10,48576
4860	94,37306	9,8304	95,02842	9,8304
4880	93,71769	9,17503	95,02841	9,17504
4900	95,02841	9,17503	95,68376	9,17503
4920	95,0284	9,17503	96,33912	9,17503
4940	95,68376	9,17503	95,68375	9,17503
4960	95,68375	8,51967	96,33911	8,51967
4980	95,68375	8,51967	95,68374	8,51967
5000	95,02838	8,51966	96,3391	8,51967
5020	95,02838	8,51967	95,68374	8,51967
5040	95,02838	7,8643	95,68374	8,51966
5060	95,02838	7,86431	95,68374	8,51967
5080	95,02838	7,8643	95,68374	8,51967
5100	95,02838	7,8643	95,68374	8,51967
5120	95,02838	7,8643	95,6816	7,8643
5140	95,02839	7,86431	95,68374	7,86431
5160	95,02839	7,20894	95,02839	7,8643
5180	94,37303	7,20894	95,0284	7,20895
5200	93,06232	6,55359	83,23186	5,89824
5220	76,02286	5,24288	75,36749	6,5536
5240	76,67821	5,89823	77,98891	5,89824
5260	77,33355	5,24287	77,98891	5,24288
5280	77,33355	4,58751	77,33355	5,24286
5300	76,6782	3,93213	60,94948	1,96611
5320	22,28306	-1,31065	-9,17442	-1,31062
5340	-26,21391	-0,65522	-27,52468	0,65551
5360	-25,55864	0,65549	-22,93721	0,65549
5380	-22,93725	0,00012000000000256	-21,62655	0,00010999999999939
5400	-20,97121	-0,65527	-19,66051	-0,65526000000001
5420	-19,66053	-1,31063	-18,34982	-1,966
5440	-18,34983	-1,96601	-17,03912	-1,96601
5460	-15,7284	-1,96601	-9,83012	1,3108
5480	-8,51936	1,31079	-8,51939	1,31078
5500	-7,86405	5,9999999997729E-5	-6,55334	0,65542
5520	-7,2087	5,000000000166E-5	-6,55334	4,9999999994554E-5
5540	-6,55334	-0,65532	-5,89799	-0,65532
5560	-6,55335	-1,31068	-5,89799	-1,31068
5580	-5,89799	-1,31069	-5,24263	-1,31068
5600	-5,89799	-1,96605	-5,24264	-1,96605
5620	-5,898	-1,96605	-5,24264	-1,96605
5640	-5,89799	-2,62142	-5,89799	-1,96606
5660	-5,89799	-2,62142	-5,24263	-2,62142
5680	-6,55335	-3,27678	-5,24263	-2,62142
5700	-5,89798	-3,27678	-5,89798	-2,62142
5720	-5,89799	-3,27678	-5,24263	-2,62142
5740	-5,89799	-3,27679	-5,24263	-3,27678
5760	-5,89799	-3,93215	-5,24263	-3,27678
5780	-6,55334	-3,93215	-1,9658	-2,62143
5800	9,17552	0,65537	17,69535	2,62145
5820	17,69539	1,96609	18,35073	1,31073
5840	18,35071	0,65537	20,97214	0
5860	20,31678	0	20,97214	0
5880	20,31677	-1,31072	20,97213	-1,31072
5900	20,97212	-1,96609	21,62748	-1,31073
5920	21,62747	-1,96609	22,28283	-1,96609
5940	21,62747	-2,62145	16,38456	-2,62144
5960	7,86483	-2,62143	6,55408	-1,96606
5980	7,20944	-2,62143	9,17551	-1,96607
6000	8,52013	-2,62143	9,17549	-1,96607
6020	8,52013	-2,62144	8,52013	-2,62144
6040	8,52012	-3,2768	9,17548	-2,62144
6060	8,52011	-3,27681	9,17548	-3,2768
6080	8,52012	-3,93217	9,17547	-3,27681
6100	9,17546	-3,93217	9,83083	-3,93217
6120	13,10765	-3,27682	22,93818	-0,65538
6140	26,21506	-1,0000000003174E-5	25,5597	-0,65538
6160	24,90431	-1,96611	26,21503	-1,9661
6180	26,21504	-3,27683	25,55968	-3,27683
6200	25,55967	-3,9322	26,21503	-3,93219
6220	24,24894	-5,24291	13,76312	-4,58752
6240	5,24336	-4,58751	5,89872	-3,27678
6260	7,20944	-3,93215	8,52014	-3,93215
6280	7,86476	-4,58752	8,52013	-4,58752
6300	7,2094	-5,24288	1,31112	-5,24286
6320	0,00039999999999907	-4,58751	3,27723	-3,93215
6340	3,27723	-4,58752	3,93512	-4,58751
6360	3,2772	-5,24289	3,93256	-5,24288
6380	3,2772	-5,89825	3,93256	-5,89825
6400	3,27719	-6,55361	3,93255	-5,89825
6420	3,27718	-6,55361	3,93254	-5,89825
6440	3,93254	-6,55361	4,58789	-5,24289
6460	3,93253	-5,89825	4,58789	-5,89825
6480	14,41842	-2,62146	31,45808	2,62143
6500	41,94402	4,58751	44,56555	3,93216
6520	45,22088	2,62143	45,87621	1,96607
6540	46,53154	0,65535	47,1869	0,65534
6560	47,18689	-0,65539	47,84224	-0,65539
6580	47,84224	-1,31076	48,49759	-1,31076
6600	48,49758	-1,96612	49,15294	-1,96612
6620	48,49758	-2,62149	49,15293	-1,96613
6640	49,15293	-2,62149	49,15293	-2,62149
6660	49,15292	-2,62149	49,80828	-1,96613
6680	49,80828	-2,6215	50,46364	-2,62149
6700	49,80828	-3,27685	49,80828	-2,62149
6720	49,15292	-3,27685	49,80828	-3,27685
6740	49,15293	-3,27686	49,80829	-2,6215
6760	49,80829	-3,27685	49,80829	-3,27686
6780	49,80829	-3,93223	58,98344	-0,65542
6800	70,78012	3,93212	79,9553	6,55358
6820	79,95532	5,24286	80,61065	4,5875
6840	81,26599	3,27677	82,5767	3,93213
6860	82,5767	3,27676	83,23205	3,27677
6880	82,57668	2,6214	83,23204	3,27676
6900	82,57668	2,6214	83,23203	2,6214
6920	83,23203	2,6214	83,88739	2,62139
6940	83,23203	1,96603	83,23202	2,62139
6960	83,23202	1,96603	83,88738	1,96603
6980	83,23202	1,96603	83,88738	1,96604
7000	83,88737	1,96603	83,88737	2,62139
7020	82,57665	1,96603	83,88737	2,62139
7040	83,23201	1,96603	83,88736	1,96603
7060	83,232	1,96603	83,88736	2,62139
7080	83,232	0,65531	78,64447	0,65531
7100	76,67839	-5,9999999997729E-5	77,33375	1,31067
7120	77,9891	0,65531	77,9891	0,65531
7140	77,33373	-5,9999999997729E-5	78,64445	0,65531
7160	77,98909	-5,9999999997729E-5	78,64445	0,65531
7180	77,98909	-5,000000000166E-5	78,64445	0,65531
7200	77,98909	0,6553	78,64445	0,65531
7220	77,98909	-5,9999999997729E-5	78,64445	0,65531
7240	77,98909	0,6553	78,64446	0,65531
7260	77,9891	-5,9999999997729E-5	77,9891	0,65531
7280	77,98909	-5,000000000166E-5	78,64445	0,65531
7300	77,9891	-5,9999999997729E-5	82,57665	1,96603
7320	89,78574	4,58748	95,02871	7,20894
7340	93,718	7,20895	95,02869	7,20895
7360	96,33939	6,55359	97,6501	6,55359
7380	97,65009	5,89822	98,30545	6,55358
7400	98,30545	5,89822	98,96079	5,89822
7420	98,30544	5,89822	98,30543	5,89822
7440	77,3338	3,27682	41,28877	1,31081
7460	7,2098	-0,65524	-13,76189	0,00014999999999787
7480	-20,31557	0,00014000000000181	-16,38346	1,31085
7500	-13,76203	0,65548	-11,79599	0,65546
7520	-11,79602	9,0000000000146E-5	-9,82996	-0,65528
7540	-9,82998	-0,65529	-8,51927	-1,31066
7560	-8,51929	-1,96603	-7,20858	-1,96604
7580	-7,20859	-2,6214	-5,89788	-2,62141
7600	-6,55325	-3,27677	-5,24254	-3,27678
7620	-5,8979	-3,27679	-5,24255	-3,27678
7640	-5,89792	-4,58751	-5,24256	-3,93215
7660	-5,24256	-4,58752	-4,5872	-4,58752
7680	-5,24257	-4,58752	-4,5872	-4,58753
7700	-5,24256	-5,24289	-4,5872	-4,58753
7720	-5,24256	-5,24289	-4,5872	-4,58753
7740	-5,24256	-5,89825	-5,24256	-5,24289
7760	-5,24256	-5,89825	-5,24255	-5,89826
7780	-8,51936	-7,20897	-10,48545	-6,55362
7800	-11,14081	-7,20898	-9,83009	-6,55362
7820	-10,48546	-7,20897	-9,8301	-6,55361
7840	-10,48546	-7,20898	-9,8301	-6,55361
7860	-10,48546	-7,20898	-9,8301	-6,55362
7880	-10,48546	-7,20898	-10,48546	-6,55361
7900	-10,48546	-6,55362	-10,48545	-6,55362
7920	-10,48545	-7,20898	-10,48546	-6,55361
7940	-10,48545	-7,20898	-9,83009	-6,55362
7960	-11,14082	-7,20898	-10,48546	-6,55362
7980	-11,14081	-7,20898	-10,48545	-7,20898
8000	-11,14081	-7,86434	-10,48544	-7,20898
8020	-11,14081	-7,86434	-10,48545	-7,20898
8040	-11,14081	-7,20898	-11,1408	-7,20898
8060	-11,1408	-7,20898	-11,1408	-7,20898
8080	-11,79616	-7,20898	-11,1408	-7,20898
8100	-11,79616	-7,86434	-11,1408	-7,20897
8120	-7,86396	-6,55363	1,96661	-3,27682
8140	4,58815	-1,96609	3,93277	-2,62145
8160	3,93274	-3,93218	6,55417	-3,27681
8180	7,20952	-3,93218	7,86487	-3,27682
8200	7,2095	-4,58755	7,86486	-3,93218
8220	7,86485	-4,58755	8,5202	-3,93218
8240	8,5202	-4,58755	9,17555	-3,93219
8260	8,52019	-4,58755	9,17554	-4,58755
8280	8,52018	-5,24291	9,17554	-4,58755
8300	9,17554	-5,24292	15,72923	-2,62148
8320	20,97224	-2,62149	20,97226	-1,96612
8340	19,66151	-3,27684	21,62757	-3,27684
8360	22,28293	-3,27685	22,93828	-3,27684
8380	22,28291	-3,27685	23,59362	-2,62149
8400	22,93825	-3,27685	24,24896	-2,62149
8420	23,5936	-3,27685	24,90432	-2,6215
8440	24,24895	-3,27686	24,90431	-3,27686
8460	24,24895	-3,27686	24,90431	-3,27686
8480	24,9043	-3,27686	24,9043	-3,27686
8500	24,9043	-3,27686	25,55966	-3,27686
8520	24,90429	-3,93222	25,55966	-3,27686
8540	24,9043	-3,93223	25,55966	-3,27686
8560	24,24893	-3,93223	32,11333	-1,31078
8580	39,97782	-7,0000000000903E-5	43,25469	1,31066
8600	41,28861	-7,0000000000903E-5	42,5993	-0,65542
8620	43,25465	-0,65543	43,91001	-0,65543
8640	42,59928	-1,31079	43,25464	-1,31079
8660	42,59928	-2,62152	43,25465	-1,96616
8680	42,59928	-2,62152	43,25464	-2,62152
8700	43,25464	-2,62152	43,91	-2,62152
8720	43,25464	-3,27689	43,25464	-2,62153
8740	43,25464	-3,93225	43,25464	-3,27689
8760	43,25463	-3,93225	43,90999	-3,93225
8780	42,59927	-3,93225	43,25464	-3,93225
8800	42,59927	-4,58761	43,25463	-3,93225
8820	43,25463	-4,58761	43,25463	-3,93225
8840	42,59927	-4,58761	43,25463	-4,58761
8860	42,59927	-4,58761	43,25463	-4,58761
8880	42,59926	-5,24298	43,90999	-4,58762
8900	45,87609	-4,58762	53,74054	-1,96617
8920	55,70668	-1,96617	55,70668	-1,31081
8940	55,0513	-2,62153	57,01737	-1,96617
8960	57,01737	-2,62153	57,01737	-2,62153
8980	57,01737	-3,27689	57,67273	-2,62153
9000	57,67273	-3,27689	57,67273	-3,93225
9020	57,01737	-4,58761	45,87619	-4,58758
9040	35,39033	-4,58757	34,07959	-3,9322
9060	35,39031	-4,58758	36,70102	-4,58758
9080	36,04563	-5,24294	36,70099	-5,24294
9100	36,70099	-5,89831	37,35635	-5,8983
9120	36,70099	-6,55368	37,35636	-6,55368
9140	37,35635	-7,20905	37,35636	-7,20905
9160	37,35636	-7,86441	38,01172	-7,20905
9180	37,35636	-7,86441	38,66709	-7,20905
9200	51,77451	-2,62153	69,46954	2,62137
9220	77,33402	4,58746	77,33405	3,93211
9240	76,67865	1,96603	78,64472	1,31066
9260	79,95543	0,65529	81,26614	1,31065
9280	80,61078	-8,0000000004077E-5	81,92149	-8,0000000004077E-5
9300	81,9215	-1,31081	81,9215	-1,31081
9320	81,92149	-1,31081	83,23221	-1,31082
9340	82,57684	-1,96618	83,23219	-1,31082
9360	82,57682	-2,62155	82,57682	-2,62155
9380	82,57681	-2,62155	83,23216	-2,62155
9400	82,5768	-3,27691	83,23215	-2,62155
9420	81,92143	-3,27691	83,23215	-3,27691
9440	81,92143	-3,93228	83,23215	-3,93228
9460	81,92143	-4,58764	83,23215	-3,93228
9480	82,57679	-4,58764	83,23215	-4,58764
9500	82,57678	-4,58764	83,23214	-3,93227
9520	82,57677	-3,93228	83,23213	-3,93227
9540	82,57677	-3,93227	83,23212	-3,93226
9560	82,57676	-3,93227	76,67849	-3,93225
9580	54,39614	-5,24293	34,07983	-4,58752
9600	21,6279	-3,93215	22,28326	-2,62144
9620	24,24934	-3,27681	25,56003	-3,27681
9640	26,21537	-3,93217	27,52607	-3,27682
9660	27,52606	-4,58755	28,83677	-3,93219
9680	28,83675	-4,58755	30,14746	-3,9322
9700	30,14746	-5,24293	30,80281	-4,58757
9720	30,14745	-4,58757	30,80281	-4,58756
9740	30,8028	-5,24293	31,45816	-4,58757
9760	30,80279	-5,24294	31,45815	-4,58758
9780	30,8028	-5,24294	31,45816	-5,24294
9800	30,8028	-5,8983	31,45816	-5,24294
9820	30,8028	-5,89831	31,45816	-5,8983
9840	30,8028	-6,55367	31,45816	-5,89831
9860	30,8028	-5,89831	31,45816	-5,89831
9880	30,8028	-5,89831	31,45816	-5,89831
9900	30,8028	-6,55368	31,45816	-5,89831
9920	30,8028	-6,55368	32,11352	-5,89831
9940	31,45816	-6,55368	31,45816	-5,89832
9960	30,8028	-6,55368	32,11352	-6,55368
9980	31,45815	-7,20904	31,45816	-7,20904
10000	32,7689	-7,20905	47,84239	-1,96615
10020	67,50354	3,93211	79,95562	7,8643
10040	80,61103	6,55358	79,95559	5,24288
10060	81,26628	3,93215	83,88771	3,93214
10080	84,54306	3,27677	85,85376	3,27677
10100	85,85375	1,96604	87,16446	1,96604
10120	87,81982	1,31067	88,47517	1,31067
10140	89,13053	-7,0000000000903E-5	89,78589	-7,0000000000903E-5
10160	89,13053	-0,65543	89,78588	-1,31079
10180	89,78588	-1,96616	89,78588	-1,96616
10200	89,13052	-2,62153	93,71806	-0,65544000000001
10220	98,96106	0,65528	98,96109	2,62138
10240	98,3057	1,96601	100,27176	1,96602
10260	101,58248	1,96601	102,23784	1,96601
10280	101,58247	1,96601	102,89319	1,96601
10300	102,89318	1,31064	103,54854	1,966
10320	103,54853	1,31064	104,20389	1,31064
10340	104,20388	1,31064	104,85923	1,966
10360	104,85923	0,65527	105,51459	1,31063
10380	105,51458	0,65527	106,16994	1,31063
10400	105,51458	1,31063	106,16994	1,31063
10420	103,54849	0,65527	81,92149	-3,0000000002417E-5
10440	47,84255	-1,96605	19,0065	-3,27673
10460	-3,93129	-3,93208	-15,07253	-4,58742
10480	-15,72793	-5,2428	-12,45113	-4,58746
10500	-11,79579	-5,24283	-10,4851	-5,8982
10520	-10,48512	-6,55357	-9,82977	-7,20894
10540	-9,82977	-8,51967	-9,17442	-8,51968
10560	-9,82978	-9,83041	-8,51907	-9,17506
10580	-8,51908	-9,83042	-7,20837	-9,83043
10600	-7,20838	-10,48579	-6,55302	-10,48579
10620	-6,55303	-10,4858	-10,48522	-10,48578
10640	-15,72813	-11,14114	-15,07278	-10,48578
10660	-15,07279	-10,48579	-13,10672	-10,48579
10680	-13,76209	-11,14116	-13,10672	-10,4858
10700	-13,10673	-11,14117	-12,45137	-11,14117
10720	-13,10673	-11,79653	-12,45138	-11,79653
10740	-13,10674	-11,79654	-12,45138	-11,79654
10760	-12,45138	-12,45191	-12,45139	-11,79654
10780	-12,45139	-12,45191	-11,79604	-11,79654
10800	-12,4514	-12,45191	-12,4514	-12,45191
10820	-13,76212	-12,45191	-13,10676	-12,45191
10840	-13,76212	-12,45191	-13,10676	-12,45191
10860	-14,41748	-13,10727	-13,10676	-12,45191
10880	-14,41748	-13,10728	-13,76212	-12,45191
10900	-14,41748	-13,10728	-14,41748	-13,10727
10920	-15,07284	-13,76263	-15,07284	-13,10727
10940	-15,72819	-13,10728	-15,7282	-13,10727
10960	-16,38356	-13,76264	-15,7282	-13,10728
10980	-16,38357	-13,76264	-15,7282	-13,10728
11000	-15,72821	-13,10728	-15,07285	-13,10728
11020	-16,38357	-13,76265	-12,4514	-11,79657
11040	-4,58691	-9,83049	0,65606	-7,8644
11060	-1,31001	-8,51977	-0,65468	-9,17513
11080	0,0006699999999995	-9,83049	0,65603	-9,17512
11100	0,65603	-9,83049	0,65602	-10,48585
11120	0,65600999999999	-10,48585	1,31137	-10,48585
11140	1,31137	-11,14121	1,96673	-10,48585
11160	1,96672	-11,14121	1,96672	-11,14121
11180	1,31135	-11,79658	2,62208	-11,14122
11200	1,96671	-11,79658	2,62207	-11,79658
11220	1,96671	-12,45194	2,62207	-11,79658
11240	1,96671	-12,45195	3,27743	-12,45195
11260	2,62207	-12,45196	3,27743	-12,45195
11280	3,27743	-13,10732	3,27743	-13,10732
11300	4,58816	-12,45196	15,72944	-8,5198
11320	25,56002	-5,89836	28,83691	-5,89836
11340	26,87082	-7,20909	28,18151	-7,86444
11360	28,83686	-8,51981	30,14757	-8,5198
11380	28,83684	-9,17517	30,14756	-9,17517
11400	28,83684	-9,83054	30,14755	-9,83053
11420	29,4922	-10,4859	30,14756	-10,4859
11440	30,14755	-10,4859	30,14755	-10,4859
11460	30,14755	-11,14127	30,14754	-10,48591
11480	30,14754	-11,14127	30,80291	-11,14127
11500	30,14755	-11,14127	30,8029	-11,14127
11520	30,14754	-11,79663	30,14754	-11,14127
11540	29,49217	-11,79663	30,14753	-11,14126
11560	29,49217	-11,79663	30,14753	-11,14127
11580	29,49217	-11,79663	30,80289	-11,14127
11600	30,14753	-12,45199	30,80289	-11,79663
11620	30,14753	-12,45199	30,80289	-11,79663
11640	29,49217	-12,45199	30,14753	-11,79663
11660	30,14752	-12,45199	30,80288	-11,79663
11680	30,14752	-12,45199	31,45824	-12,45199
11700	30,80287	-13,10736	32,11358	-12,452
11720	31,45822	-13,10736	32,11358	-12,45199
11740	31,45822	-13,10736	32,11358	-12,45199
11760	31,45821	-13,10735	32,11357	-12,45199
11780	32,11357	-13,10735	32,76893	-12,45199
11800	32,11356	-13,10735	36,70112	-11,14128
11820	49,15319	-6,55374	57,01768	-3,27692
11840	57,01772	-4,58765	57,01769	-5,24301
11860	57,67303	-6,55373	59,6391	-6,55373
11880	58,98373	-7,2091	59,63908	-6,55374
11900	58,98372	-7,86447	59,63908	-7,86446
11920	59,63907	-8,51983	59,63906	-7,86446
11940	59,63905	-9,1752	60,29441	-8,51983
11960	59,63905	-9,1752	60,29441	-8,51984
11980	59,63904	-9,1752	60,2944	-9,1752
12000	59,63904	-9,1752	60,2944	-9,1752
12020	59,63904	-9,83056	53,74077	-9,83054
12040	48,49785	-10,4859	47,18711	-9,83054
12060	47,18711	-9,83055	49,15319	-9,83055
12080	49,15318	-9,83055	49,15318	-9,83055
12100	49,15318	-10,48591	49,80854	-9,83055
12120	49,80854	-10,48592	50,4639	-9,83056
12140	49,80854	-10,48592	50,46389	-9,83056
12160	49,80854	-10,48592	49,80854	-10,48592
12180	49,80854	-10,48592	50,46391	-10,48592
12200	49,80855	-11,14128	50,46391	-10,48592
12220	51,11929	-10,48592	58,32835	-7,20911
12240	64,2267	-5,24302	65,53749	-5,24302
12260	63,57138	-5,89838	65,53745	-5,89838
12280	66,1928	-6,55374	66,84816	-6,55374
12300	66,19279	-7,20911	66,84815	-6,55374
12320	66,84815	-7,86447	66,84814	-7,20911
12340	66,84814	-8,51984	68,15885	-7,86448
12360	67,50348	-8,51984	68,81421	-7,20912
12380	68,15884	-8,51984	66,84811	-8,51983
12400	41,28894	-10,48585	2,62246	-11,14114
12420	-24,90287	-11,79647	-34,07801	-9,83036
12440	-32,76731	-9,83038	-29,49052	-9,83039
12460	-28,83518	-10,48576	-27,52449	-10,48577
12480	-27,5245	-11,79651	-25,55844	-11,14115
12500	-26,21381	-12,45189	-24,9031	-12,45189
12520	-24,90311	-13,10726	-24,90312	-13,10726
12540	-24,90312	-14,41799	-25,55848	-15,07335
12560	-26,21385	-15,72872	-26,21386	-15,72872
12580	-27,52458	-16,38409	-27,52458	-16,38409
12600	-28,17994	-17,03945	-28,17995	-17,03945
12620	-28,83532	-17,69481	-28,83533	-18,35017
12640	-28,83533	-19,00553	-28,17998	-18,35017
12660	-28,83535	-19,00554	-27,52463	-18,35017
12680	-27,52463	-19,00554	-26,21392	-18,35017
12700	-26,86928	-18,35018	-25,55856	-17,69482
12720	-26,21391	-18,35018	-25,55855	-17,69482
12740	-25,55856	-18,35018	-24,90319	-17,69482
12760	-25,55855	-18,35018	-24,9032	-18,35018
12780	-25,55855	-18,35018	-24,90319	-17,69482
12800	-25,55855	-18,35018	-24,90319	-17,69482
12820	-26,21391	-18,35018	-25,55855	-18,35018
12840	-26,21391	-18,35018	-25,55855	-18,35018
12860	-26,2139	-18,35018	-25,55854	-17,69482
12880	-26,21391	-18,35018	-26,2139	-18,35018
12900	-26,86926	-18,35018	-26,2139	-18,35018
12920	-26,86926	-19,00554	-26,2139	-18,35018
12940	-26,86926	-18,35018	-24,2478	-17,03946
12960	-15,07258	-14,41803	-10,48495	-13,1073
12980	-12,45103	-14,41802	-12,45106	-14,41802
13000	-11,14035	-15,07338	-9,82964	-15,07338
13020	-10,485	-15,72875	-9,82964	-15,72875
13040	-10,48501	-16,38412	-9,1743	-16,38411
13060	-9,17431	-17,03948	-7,86359	-17,03948
13080	-8,51896	-17,03949	-7,8636	-17,03948
13100	-7,8636	-17,69484	-7,20825	-17,03949
13120	-7,20825	-17,69485	-6,55289	-17,69484
13140	-7,20825	-17,69485	-6,5529	-17,69485
13160	-7,20826	-18,35021	-6,5529	-17,69485
13180	-6,5529	-18,35021	-6,55291	-17,69486
13200	-7,20827	-19,00558	-17,03873	-19,00553
13220	-28,83529	-18,35014	-30,14604	-17,03941
13240	-28,17994	-17,03943	-26,86923	-17,03943
13260	-26,86925	-17,6948	-26,2139	-17,69479
13280	-26,2139	-18,35016	-26,21391	-18,35016
13300	-26,21391	-19,00553	-24,9032	-18,35017
13320	-25,55856	-19,00553	-24,90321	-19,00553
13340	-24,9032	-19,66089	-24,90322	-19,66089
13360	-24,90322	-19,66089	-24,24786	-19,00554
13380	-24,90322	-19,6609	-24,24786	-19,6609
13400	-24,90322	-20,31626	-23,5925	-19,6609
13420	-24,24787	-20,31626	-23,59251	-20,31626
13440	-24,24786	-20,97162	-23,59251	-20,97162
13460	-24,90323	-20,97163	-24,24786	-20,97162
13480	-24,24787	-21,62699	-24,24786	-20,97162
13500	-24,90323	-21,62699	-24,24787	-21,62699
13520	-25,55859	-22,28235	-22,28177	-20,97163
13540	-13,10656	-18,35021	-6,55283	-15,72875
13560	-7,20813	-16,38412	-7,20815	-17,03948
13580	-5,89745	-18,35021	-4,58674	-18,3502
13600	-4,58674	-19,00557	-4,58674	-19,00557
13620	-4,58675	-19,66094	-3,93139	-19,66094
13640	-3,93139	-20,3163	-3,27603	-19,66094
13660	-3,9314	-20,97166	-3,27604	-20,3163
13680	-3,27604	-20,97166	-3,27604	-20,3163
13700	-3,27604	-20,97167	-2,62069	-20,3163
13720	-3,27605	-20,97167	-2,62068	-20,97166
13740	-3,27604	-21,62703	-2,62069	-20,97166
13760	-3,27604	-21,62702	-2,62068	-20,97166
13780	-3,27604	-21,62703	-2,62068	-21,62703
13800	-3,27604	-21,62703	-2,62068	-20,97167
13820	-3,27604	-21,62703	-2,62068	-21,62703
13840	-3,27604	-22,28239	-2,62068	-21,62702
13860	-3,27604	-22,28239	-2,62068	-21,62702
13880	-3,27605	-22,28238	-3,27604	-21,62702
13900	-3,9314	-21,62702	-2,62068	-20,97166
13920	4,5884	-19,0056	14,41897	-15,72878
13940	18,35124	-15,07341	18,35124	-15,07342
13960	18,35122	-17,0395	21,62799	-16,38414
13980	22,28334	-17,03951	23,59405	-17,03951
14000	22,93869	-17,03952	24,24939	-17,03951
14020	24,24939	-17,69488	24,90474	-17,03952
14040	24,90474	-17,69488	25,5601	-17,03952
14060	24,90474	-17,69488	26,21545	-17,69488
14080	25,56009	-17,69489	26,87081	-17,69488
14100	26,21545	-18,35025	26,87081	-18,35025
14120	26,21545	-18,35025	26,8708	-18,35025
14140	26,21544	-19,00561	26,8708	-18,35025
14160	26,87079	-19,00562	27,52616	-19,00562
14180	26,87079	-19,66098	27,52616	-18,35026
14200	34,73523	-16,38419	42,59969	-13,10737
14220	42,59973	-13,76273	41,94435	-14,41809
14240	43,25505	-15,07346	44,56577	-15,72881
14260	43,91041	-16,38418	43,91042	-15,72882
14280	43,25506	-16,38418	43,91042	-17,03954
14300	43,25505	-17,03954	43,91042	-17,03954
14320	43,25505	-17,6949	43,91041	-17,03954
14340	43,25505	-17,6949	43,91041	-17,03954
14360	42,59969	-17,6949	43,91041	-17,03954
14380	43,25505	-17,6949	43,91041	-17,6949
14400	36,04606	-19,0056	26,21557	-18,35022
14420	22,93875	-18,35022	24,24947	-17,69486
14440	24,24947	-18,35023	25,56018	-18,35023
14460	24,90481	-19,0056	24,90481	-18,35024
14480	24,90481	-19,0056	25,56017	-18,35024
14500	24,24945	-19,0056	25,56016	-18,35023
14520	24,90481	-19,0056	25,56017	-19,0056
14540	24,90481	-19,0056	24,90481	-19,00559
14560	24,9048	-19,0056	25,56016	-19,0056
14580	24,24944	-19,0056	32,76922	-15,7288
14600	41,28909	-12,45199	43,9106	-11,79662
14620	42,59988	-13,10735	43,91058	-13,10734
14640	44,56593	-14,41807	45,87664	-14,41807
14660	45,22127	-15,07344	45,87663	-14,41807
14680	45,87662	-15,7288	46,53198	-15,72881
14700	46,53197	-15,72881	47,84269	-15,72881
14720	47,18732	-16,38417	47,84268	-15,72881
14740	47,84268	-16,38418	48,49804	-15,72881
14760	47,84268	-16,38418	48,49804	-15,72881
14780	48,49803	-15,72882	49,15339	-15,72881
14800	48,49803	-16,38418	49,15339	-15,72882
14820	48,49803	-16,38418	49,15338	-16,38417
14840	48,49802	-17,03954	49,15338	-17,03954
14860	48,49802	-17,6949	49,15338	-17,03954
14880	48,49801	-17,69491	48,49801	-17,03954
14900	47,84265	-17,69491	48,49801	-17,69491
14920	50,46413	-17,03955	52,43027	-16,38418
14940	51,77491	-16,38419	52,43026	-16,38419
14960	52,43026	-17,03955	53,08562	-16,38419
14980	52,43025	-17,69491	52,43025	-17,03955
15000	51,77489	-17,69491	52,43025	-17,69491
15020	51,77489	-17,69491	52,43025	-17,69491
15040	52,43025	-17,69491	52,43025	-17,69491
15060	-63,56848	-17,69491	53,0856	-17,03955
15080	52,43024	-17,69491	52,43023	-17,03955
15100	52,43023	-17,69491	53,08559	-17,03955
15120	51,77486	-17,69491	52,43022	-17,03955
15140	51,77486	-17,03955	52,43022	-17,03955
15160	51,77486	-17,03955	52,43022	-17,03955
15180	51,77486	-17,03955	52,43022	-17,03954
15200	51,12205	-17,69491	51,77487	-17,03955
15220	51,11951	-17,69491	51,77487	-17,03955
15240	51,11951	-17,69491	51,77487	-17,03955
15260	51,11951	-17,69491	51,11951	-17,03955
15280	50,46415	-17,03955	51,11951	-16,38419
15300	49,80878	-17,03955	50,46414	-17,03954
15320	49,80879	-17,69491	50,46415	-17,03954
15340	49,80879	-17,03955	50,46415	-17,03954
15360	49,15343	-17,03955	51,77489	-15,72882
15380	60,29472	-13,10738	66,19308	-9,83055
15400	65,53775	-9,83054	66,19309	-9,83054
15420	66,84844	-10,48591	69,46986	-10,48591
15440	69,46986	-11,14127	69,46985	-11,14127
15460	70,12521	-11,79664	70,78056	-11,14128
15480	70,12519	-12,45201	71,43591	-11,79665
15500	70,78054	-12,45201	72,09126	-12,45201
15520	71,4359	-12,45201	72,09126	-12,45201
15540	71,4359	-12,45201	72,09126	-12,45201
15560	71,4359	-13,10738	72,09125	-13,10737
15580	71,43589	-13,10738	72,09125	-12,45202
15600	72,09125	-13,76274	72,74661	-13,10738
15620	72,09125	-13,76274	72,09124	-13,10738
15640	72,09124	-14,41811	72,7466	-13,76275
15660	72,09124	-13,76275	72,7466	-13,76275
15680	72,09124	-14,41811	72,7466	-13,76275
15700	72,09124	-14,41811	73,40196	-13,76275
15720	72,09124	-14,41812	73,40196	-14,41811
15740	74,05733	-13,76276	82,57715	-10,48594
15760	89,13088	-8,51985	89,78625	-7,86448
15780	88,4755	-9,1752	90,44157	-9,1752
15800	91,09693	-9,83057	91,75228	-9,83057
15820	91,09692	-10,48594	92,40764	-9,83057
15840	92,40764	-10,48594	93,06299	-10,48594
15860	92,40763	-11,1413	93,06298	-10,48593
15880	93,06298	-11,1413	94,3737	-11,1413
15900	93,71834	-11,1413	93,71833	-11,1413
15920	93,71833	-11,79667	93,71833	-11,1413
15940	93,71833	-11,79666	94,37369	-11,1413
15960	93,71833	-11,14131	94,37369	-11,79666
15980	93,71833	-11,79667	95,02905	-11,79667
16000	89,78615	-13,10738	73,40206	-13,76269
16020	61,6055	-14,41805	61,60549	-12,45197
16040	62,91621	-13,10733	64,88228	-13,10734
16060	64,88226	-13,10735	66,19298	-13,10734
16080	65,53761	-13,76271	66,19298	-13,76271
16100	66,19297	-14,41808	66,84833	-13,76272
16120	66,84833	-14,41809	66,84832	-13,76272
16140	66,84832	-14,41809	67,50368	-13,76272
16160	66,84832	-15,07345	67,50368	-14,41808
16180	66,84832	-14,41809	67,50368	-14,41809
16200	66,84833	-15,07345	67,50369	-14,41809
16220	66,84833	-15,07345	67,50369	-14,41809
16240	66,84833	-15,07345	68,15905	-15,07345
16260	67,50368	-15,07346	68,8144	-15,07345
16280	68,15904	-15,72882	68,15904	-15,07345
16300	55,70712	-16,38414	42,59983	-15,72874
16320	24,90498	-17,03944	4,58868	-17,03939
16340	-15,72765	-18,35007	-28,83499	-17,69469
16360	-31,45648	-17,03935	-27,52433	-16,384
16380	-26,86899	-17,69473	-24,90293	-17,69474
16400	-24,90295	-18,35011	-23,59224	-18,35012
16420	-23,59226	-19,66085	-22,28155	-19,00549
16440	-22,28156	-19,66087	-21,62621	-19,66086
16460	-21,62622	-20,97159	-20,31551	-20,31623
16480	-20,97087	-20,9716	-19,66016	-20,9716
16500	-20,31552	-20,97161	-19,0048	-20,97161
16520	-23,59234	-22,28232	-26,86915	-22,28233
16540	-26,86914	-22,28233	-24,90306	-21,62697
16560	-24,2477	-22,28234	-23,59235	-22,28234
16580	-24,24771	-22,28235	-23,59235	-22,28234
16600	-23,59235	-22,93771	-22,93699	-22,9377
16620	-23,59235	-22,93771	-22,93699	-22,93771
16640	-23,59236	-22,93771	-22,28164	-22,93771
16660	-22,937	-23,59308	-22,28164	-23,59307
16680	-22,937	-23,59308	-22,28164	-23,59307
16700	-22,28164	-23,59308	-21,62628	-23,59308
16720	-22,28163	-23,59308	-21,62627	-22,93772
16740	-22,93699	-23,59308	-22,28162	-23,59308
16760	-22,93698	-24,24844	-19,66015	-22,28236
16780	-13,10642	-20,97165	-7,86344	-19,66093
16800	-8,51878	-20,3163	-7,86343	-20,97166
16820	-7,20808	-21,62702	-6,55272	-20,97166
16840	-7,20808	-22,28239	-6,55271	-21,62703
16860	-7,20808	-22,28239	-6,55272	-22,28239
16880	-7,20808	-22,93775	-6,55272	-22,93775
16900	-7,20808	-23,59311	-6,55272	-23,59311
16920	-7,86344	-23,59311	-9,17417	-23,59309
16940	-19,00464	-24,90379	-22,93685	-23,59306
16960	-22,28149	-24,24843	-20,31541	-23,59307
16980	-20,97078	-24,24843	-20,31542	-24,24843
17000	-20,97079	-24,9038	-19,66007	-24,24844
17020	-19,66007	-24,90381	-19,00472	-24,9038
17040	-18,34936	-25,55917	-17,694	-24,90381
17060	-18,34937	-25,55918	-17,03866	-25,55917
17080	-17,69401	-26,21454	-17,03866	-25,55918
17100	-17,03866	-26,21454	-16,3833	-25,55918
17120	-17,03867	-26,21454	-16,38331	-26,21454
17140	-17,03867	-26,86991	-16,38331	-26,21454
17160	-17,03867	-26,86991	-16,38331	-26,86991
17180	-17,03867	-27,52527	-16,38331	-26,86991
17200	-17,03868	-27,52527	-16,38331	-27,52527
17220	-17,03867	-27,52528	-16,38331	-27,52527
17240	-14,41722	-27,52528	-6,55275	-25,55921
17260	-4,58658	-24,90385	-5,24194	-24,90385
17280	-5,24197	-26,21457	-3,27589	-25,55921
17300	-3,27589	-26,21457	-2,62054	-26,21457
17320	-3,2759	-26,86993	-2,62054	-26,86993
17340	-3,2759	-27,5253	-2,62055	-26,86993
17360	-3,2759	-28,18065	-3,2759	-27,52529
17380	-3,27591	-28,18066	-3,27591	-27,52529
17400	-3,27591	-28,18066	-2,62055	-27,52529
17420	-3,27591	-28,18065	-2,62055	-28,18065
17440	-3,93127	-28,83602	-3,27591	-28,18066
17460	0,65629	-26,86995	17,04054	-21,62706
17480	26,21578	-19,66096	26,21581	-20,31632
17500	24,90506	-21,62705	27,52648	-22,28241
17520	28,18184	-22,93778	28,83719	-22,93778
17540	28,18182	-23,59315	28,83718	-24,24851
17560	28,18182	-24,90387	29,49253	-24,24851
17580	28,83717	-25,55924	29,49252	-24,90387
17600	29,49252	-25,55924	29,49251	-25,55924
17620	28,83715	-26,21461	29,49251	-25,55924
17640	28,83715	-26,21461	29,49251	-25,55924
17660	28,83715	-26,21461	29,4925	-25,55924
17680	28,83714	-26,21461	29,4925	-25,55924
17700	28,83714	-26,86997	29,4925	-26,2146
17720	28,83714	-26,21461	29,4925	-26,21461
17740	28,83714	-26,21462	30,14785	-26,21461
17760	29,49249	-26,86998	30,80321	-26,21462
17780	30,8032	-26,86998	31,45856	-26,21462
17800	30,8032	-26,86998	31,45855	-26,21462
17820	30,80319	-26,86998	34,08001	-25,55926
17840	45,22133	-21,62709	49,80896	-19,00563
17860	48,49825	-20,31635	49,15358	-20,97171
17880	50,46429	-21,62708	52,43036	-20,97172
17900	51,11963	-22,28245	52,43035	-22,28244
17920	51,77498	-22,93781	52,43035	-22,28245
17940	51,77498	-23,59317	53,0857	-22,93781
17960	53,08569	-22,93782	53,0857	-22,93782
17980	53,08569	-23,59318	53,74105	-23,59318
18000	53,08569	-24,24854	-62,91303	-22,93782
18020	53,08569	-23,59319	53,74105	-23,59318
18040	53,08569	-24,24855	53,74105	-23,59318
18060	53,08569	-24,24855	53,74105	-23,59319
18080	53,08568	-24,24855	53,74104	-23,59319
18100	53,74104	-24,24855	53,74104	-23,59318
18120	53,08568	-24,24855	53,74104	-24,24854
18140	53,08568	-24,24855	54,3964	-23,59319
18160	53,08568	-24,24855	53,74104	-24,24855
18180	53,08568	-24,24855	54,3964	-24,24855
18200	53,08568	-24,24856	58,3286	-22,28247
18220	70,12528	-17,69493	80,61123	-13,10738
18240	83,23272	-13,10738	83,23269	-13,10738
18260	83,88802	-14,41811	86,50945	-14,41811
18280	87,1648	-15,72884	87,1648	-15,72884
18300	87,16479	-16,38421	88,47551	-16,38421
18320	87,82015	-17,03957	89,13086	-17,03958
18340	88,4755	-17,69494	89,78622	-17,03958
18360	89,13085	-17,69494	89,78621	-17,69494
18380	89,78621	-18,35031	90,44157	-17,69494
18400	89,7862	-18,35031	90,44156	-17,69495
18420	89,7862	-19,00567	90,44156	-18,35031
18440	86,50938	-19,66101	59,63948	-20,97166
18460	22,93906	-22,93767	-7,8631	-23,59298
18480	-33,42235	-25,55902	-47,18508	-25,55899
18500	-47,8405	-25,55902	-43,25298	-24,90367
18520	-41,94228	-25,55905	-40,6316	-26,21442
18540	-39,97626	-26,8698	-38,01019	-26,86981
18560	-38,0102	-28,18054	-36,6995	-28,18054
18580	-36,6995	-28,83591	-36,04416	-28,83592
18600	-36,04417	-30,14664	-34,73345	-30,14665
18620	-34,73346	-30,80201	-34,0781	-30,14665
18640	-34,07811	-30,80202	-33,42275	-30,80202
18660	-34,07812	-32,11275	-32,7674	-31,45739
18680	-32,76741	-32,11275	-32,76741	-31,45739
18700	-33,42278	-32,11276	-32,11206	-32,76812
18720	-32,76743	-32,76813	-32,11206	-32,76812
18740	-33,42277	-34,07885	-34,07811	-33,42349
18760	-34,07811	-34,07885	-32,7674	-34,07885
18780	-33,42277	-34,07886	-32,76741	-34,07886
18800	-33,42277	-34,07886	-32,76741	-34,07886
18820	-33,42278	-34,73422	-32,76742	-34,07886
18840	-33,42278	-34,73423	-32,76742	-34,73422
18860	-33,42278	-35,38958	-32,76742	-34,73422
18880	-33,42278	-34,73423	-32,76742	-34,73423
18900	-23,59225	-31,45744	-12,45094	-28,18063
18920	-8,51869	-27,52528	-7,86332	-28,18064
18940	-8,51871	-30,14673	-6,55264	-29,49137
18960	-6,55266	-30,14674	-5,8973	-30,14674
18980	-6,55267	-30,8021	-5,89731	-30,14675
19000	-6,55268	-30,80211	-5,89732	-30,14675
19020	-6,55268	-30,80211	-5,89732	-30,80211
19040	-5,89732	-31,45747	-5,24197	-30,80211
19060	-5,89733	-31,45748	-5,89733	-31,45748
19080	-5,89734	-32,11284	-5,89734	-31,45748
19100	-7,86343	-32,7682	-12,45099	-32,76818
19120	-13,10635	-33,42355	-11,14027	-32,76819
19140	-11,79563	-33,42356	-11,14029	-32,76819
19160	-11,14029	-33,42356	-10,48492	-33,42356
19180	-10,48493	-33,42357	-9,82956	-33,42356
19200	-9,82955	-34,07893	-9,17419	-33,42356
19220	-9,17419	-34,07893	-8,51882	-33,42357
19240	-9,17418	-33,42357	-8,51882	-33,42357
19260	-8,51881	-33,42357	-7,2081	-33,42357
19280	-7,86346	-34,07893	-7,2081	-33,42357
19300	-7,2081	-34,07893	-6,55275	-33,42356
19320	-7,20811	-34,07893	-7,20811	-34,07893
19340	-7,86347	-34,07893	-6,55276	-33,42357
19360	-7,20812	-34,07893	-7,20812	-33,42357
19380	-7,86347	-33,42357	-7,20811	-33,42357
19400	-7,86347	-34,07893	-3,27591	-31,45749
19420	7,21005	-28,18069	12,45305	-26,2146
19440	11,14234	-27,52532	11,14231	-28,18069
19460	12,45301	-28,83605	13,76373	-28,83605
19480	12,453	-29,49141	13,10836	-29,49142
19500	12,453	-30,14678	13,10835	-30,14677
19520	12,45299	-30,14678	13,10835	-30,14678
19540	12,45299	-30,14678	13,7637	-30,14678
19560	13,10834	-30,80215	13,76371	-30,80215
19580	13,10834	-31,45751	14,41906	-30,80214
19600	13,7637	-31,45751	14,41906	-30,80215
19620	13,7637	-32,11287	14,41906	-31,45751
19640	11,79762	-32,11286	-1,96504	-32,11281
19660	-15,07233	-32,76815	-17,6938	-31,45742
19680	-16,38308	-32,11279	-14,41701	-32,1128
19700	-14,41702	-32,76817	-13,76167	-32,76817
19720	-14,41703	-33,42354	-13,10632	-33,42354
19740	-13,76168	-34,07891	-13,10632	-34,0789
19760	-13,76169	-34,73427	-13,76169	-34,07891
19780	-13,76169	-34,73427	-13,10633	-34,73427
19800	-13,7617	-34,73428	-13,10634	-34,73427
19820	-14,41706	-35,38964	-13,7617	-34,73427
19840	-14,41706	-35,38964	-13,7617	-35,38964
19860	-14,41707	-35,38964	-13,76171	-35,38964
19880	-14,41707	-36,045	-13,76171	-35,38964
19900	-15,07242	-36,045	-14,41707	-36,045
19920	-15,07242	-36,70036	-14,41706	-36,045
19940	-15,07243	-36,70036	-14,41708	-36,045
19960	-14,41707	-36,70036	-13,76172	-36,70036
19980	-14,41708	-36,70037	-13,10636	-36,70036
20000	-13,76172	-36,70037	-13,10636	-36,70037
20020	-13,76172	-37,35573	-13,10636	-37,35573
20040	-13,76172	-37,35573	-13,10636	-37,35572
20060	-13,76172	-38,01109	-13,10636	-37,35573
20080	-13,10636	-38,01109	-13,10636	-38,01108
20100	-9,82953	-36,70037	1,31179	-32,7682
20120	6,5548	-31,45748	7,21018	-31,45748
20140	6,55479	-33,42357	7,86549	-33,42356
20160	7,86549	-34,07893	8,52084	-34,07893
20180	7,86548	-34,7343	9,1762	-34,7343
20200	8,52083	-35,38966	9,17618	-35,38966
20220	8,52083	-36,04502	9,17618	-35,38966
20240	9,17618	-36,04503	9,83154	-36,04502
20260	9,17618	-36,70039	9,83153	-36,04503
20280	9,83153	-36,70039	9,83153	-36,70039
20300	9,17617	-37,35575	-1,30966	-36,70034
20320	-15,72769	-37,35568	-20,31526	-36,7003
20340	-20,31527	-36,70031	-18,34919	-36,70031
20360	-19,00457	-38,01104	-18,34922	-37,35569
20380	-18,34922	-38,01105	-17,0385	-37,35569
20400	-17,69387	-38,01106	-17,03851	-38,01106
20420	-17,03851	-38,66642	-16,38315	-38,66642
20440	-17,03597	-38,66642	-17,03852	-38,66642
20460	-17,03852	-38,66643	-16,38316	-38,01107
20480	-17,03852	-38,66643	-15,7278	-38,01107
20500	-17,03852	-39,32179	-16,38316	-38,01107
20520	-17,03852	-39,32179	-16,38316	-38,66643
20540	-17,03852	-39,32179	-15,7278	-38,66643
20560	-17,03852	-39,32179	-16,38316	-39,32179
20580	-17,03852	-39,32179	-16,38316	-39,32179
20600	-15,07242	-38,66644	-2,6204	-34,07891
20620	4,58875	-31,45745	4,58878	-31,45746
20640	3,27803	-34,0789	5,89944	-34,07891
20660	6,55479	-34,73427	7,21014	-34,73427
20680	7,21014	-35,38965	7,86549	-35,38964
20700	7,86549	-36,04501	8,52084	-35,38965
20720	8,52083	-36,70037	9,17618	-36,04501
20740	8,52082	-36,70038	9,17618	-36,70038
20760	9,17618	-36,70038	9,83153	-36,70037
20780	9,17617	-37,35575	9,83153	-36,70038
20800	9,83152	-37,35575	10,48688	-36,70038
20820	9,83152	-37,35575	10,48688	-36,70038
20840	9,83151	-38,01111	10,48687	-38,01111
20860	10,48687	-38,01111	10,48687	-37,35575
20880	10,48687	-38,01111	11,14223	-38,01111
20900	10,48687	-38,01111	10,48687	-38,01111
20920	10,48687	-38,01112	11,14223	-38,01111
20940	10,48687	-38,01112	11,14223	-38,01111
20960	10,48687	-38,66648	11,79759	-38,01112
20980	19,66202	-36,04503	29,49261	-32,76822
21000	30,14802	-32,11285	28,83728	-33,42358
21020	28,83725	-34,7343	31,45869	-34,07894
21040	30,80332	-35,38967	31,45868	-34,73431
21060	30,80331	-36,04503	32,11403	-35,38967
21080	32,11403	-36,04504	32,11402	-35,38968
21100	32,11402	-36,7004	32,76938	-36,04504
21120	32,11402	-36,70041	32,76937	-36,7004
21140	32,11401	-37,35577	33,42473	-36,04505
21160	33,42472	-36,70042	34,08008	-36,04506
21180	33,42472	-36,04506	34,73544	-36,04506
21200	34,08008	-36,70043	34,08008	-36,04507
21220	29,49254	-36,04505	18,3513	-32,76818
21240	7,21006	-30,80206	0,0009900000000016	-28,18059
21260	-2,62051	-26,86987	-0,65445	-26,86989
21280	0,65626	-27,52527	1,96696	-27,52526
21300	1,31159	-28,18063	1,96695	-28,18064
21320	1,31158	-28,83601	2,6223	-28,83601
21340	1,96693	-29,49137	1,96693	-29,49137
21360	1,96693	-30,14674	2,62229	-30,14674
21380	1,96693	-30,14674	2,62229	-30,14674
21400	1,96693	-30,80211	2,62228	-30,8021
21420	1,96692	-30,80211	2,62229	-30,8021
21440	-1,30989	-30,80209	-5,24211	-29,49134
21460	-7,20821	-28,18061	-5,89749	-28,18062
21480	-5,8975	-28,83599	-4,58678	-28,18062
21500	-5,24214	-28,83599	-5,24214	-28,83599
21520	-5,24214	-29,49135	-4,58678	-28,83599
21540	-5,24214	-29,49136	-3,93143	-29,49136
21560	-4,58679	-30,14672	-3,27776	-29,49136
21580	-3,93144	-30,14673	-2,62073	-30,14673
21600	-3,2761	-30,80209	-1,96538	-30,14673
21620	-2,62074	-31,45745	-2,62074	-30,80209
21640	-2,62075	-31,45746	-2,62075	-31,45746
21660	-3,27611	-32,11282	-2,62074	-32,76818
21680	-3,93146	-34,0789	-3,2761	-34,0789
21700	-3,93146	-34,73426	-3,93146	-34,73425
21720	-5,24217	-36,70034	-5,24217	-38,01104
21740	-7,20823	-40,63246	-8,51892	-41,94314
21760	-9,82962	-43,25384	-5,89742	-40,63236
21780	-1,3099	-36,04479	3,27758	-30,14653
21800	7,86506	-24,24828	14,41863	-17,69466
21820	17,04005	-17,03934	17,69538	-19,00544
21840	16,38465	-20,97153	16,38465	-23,59297
21860	13,76323	-26,86977	17,04001	-30,14654
21880	11,79729	-34,73401	13,76346	-39,3214
21900	9,17615	-41,28732	13,10841	-38,0103
21920	13,76387	-37,35473	13,76401	-37,35466
21940	12,45335	-37,35465	10,48741	-36,04394
21960	5,9	-34,07785	4,58936	-30,1457
21980	0,65727	-27,52425	-2,61933	-22,28138
22000	-4,58531	-19,65993	-5,2407	-18,34922
22020	-1,30864	-21,62601	1,31274	-24,90282
22040	1,96791	-30,14569	5,2445	-34,07786
22060	4,58896	-36,69929	6,55491	-37,35466
22080	7,21021	-38,01006	10,48698	-36,69956
22100	13,10837	-35,38902	15,72974	-32,76772
22120	17,04038	-32,11246	19,66174	-30,14645
22140	20,31704	-28,83578	22,28308	-27,52509
22160	23,59376	-26,86976	24,90445	-25,55906
22180	25,55979	-24,90372	27,52586	-22,93765
22200	27,52584	-22,93766	29,49191	-21,62695
22220	29,4919	-20,9716	30,8026	-19,66087
22240	30,14724	-19,66088	31,45795	-19,00552
22260	30,80258	-19,00553	31,45794	-18,35017
22280	30,80257	-19,00553	31,45792	-17,69481
22300	30,80256	-18,35017	31,45792	-18,35017
22320	30,14721	-18,35017	30,80256	-17,69481
22340	34,73477	-16,38409	43,90997	-13,10729
22360	45,87609	-11,79657	46,53144	-11,79657
22380	47,18677	-11,79657	49,15284	-11,14121
22400	49,15284	-11,79657	49,15284	-11,79657
22420	48,49748	-12,45194	-62,91372	-12,45193
22440	47,84212	-13,10729	48,49749	-13,10729
22460	46,53142	-15,07337	46,53143	-14,418
22480	45,22071	-15,07336	45,22072	-15,07336
22500	44,56536	-15,07335	45,22071	-14,41799
22520	44,56535	-15,07335	45,22072	-13,76262
22540	44,56536	-14,41799	45,87608	-13,76262
22560	45,22072	-14,41799	41,28852	-12,45186
22580	38,66702	-9,17502	39,32235	-6,55357
22600	40,63306	-5,89823	41,94377	-5,24286
22620	41,94376	-5,89823	41,94376	-5,89823
22640	41,2884	-6,5536	41,2884	-7,20896
22660	40,63304	-8,51969	40,63304	-8,51968
22680	39,97768	-9,83041	40,63304	-9,17504
22700	39,97767	-9,83041	40,63302	-9,17504
22720	40,63302	-9,17504	41,28838	-9,17503
22740	40,63301	-9,17504	41,28836	-8,51967
22760	40,63301	-9,17504	41,28837	-8,51967
22780	38,66692	-9,17502	21,62745	-9,17496
22800	4,58795	-8,51957	-0,65499	-7,20883
22820	-1,31038	-6,55348	0,00032999999999817	-5,89812
22840	0,00029999999999575	-6,55349	1,31101	-5,89813
22860	0,65563999999999	-6,55351	1,311	-6,5535
22880	1,31099	-7,20887	1,96635	-7,20887
22900	1,31099	-7,20888	1,96635	-6,55352
22920	1,31098	-7,20888	2,6217	-6,55352
22940	2,6217	-7,20888	3,27706	-7,20888
22960	2,62169	-7,20889	3,27705	-6,55352
22980	3,27705	-7,20889	3,93241	-6,55352
23000	3,27704	-7,20889	3,9324	-7,20889
23020	3,27704	-7,20889	3,27704	-7,20889
23040	3,27704	-7,20889	3,9324	-6,55353
23060	3,27704	-7,20889	3,9324	-7,20889
23080	3,27704	-7,20889	3,9324	-6,55353
23100	3,27704	-7,20889	3,9324	-6,55353
23120	3,27704	-7,20888	3,9324	-6,55352
23140	2,62168	-6,55353	3,27705	-5,89816
23160	3,27705	-6,55353	14,4183	-2,62138
23180	32,7687	1,96614	48,49761	5,8983
23200	54,39598	5,8983	55,05132	4,58758
23220	55,05129	3,27686	57,67271	3,27686
23240	57,6727	2,62149	58,32804	2,62149
23260	57,67268	1,96612	58,98339	1,96612
23280	58,32802	0,6554	58,98337	1,31076
23300	58,98337	0,65539	59,63873	0,65539
23320	58,98336	1,9999999999243E-5	59,63871	2,9999999995312E-5
23340	58,98335	-0,65534	60,29406	1,9999999999243E-5
23360	59,6387	-1,3107	60,94942	9,9999999960687E-6
23380	68,1585	1,96609	74,71223	3,93217
23400	73,40152	3,93218	73,40148	3,27682
23420	74,05683	2,62145	76,02291	3,27682
23440	75,36754	1,96609	76,0229	2,62145
23460	75,36754	1,96608	76,67826	1,96608
23480	76,02289	1,31072	76,67825	1,31072
23500	76,02289	1,31072	76,67825	1,31072
23520	76,02289	0,65535	76,67825	1,31072
23540	76,02289	0,65535	76,67825	1,31072
23560	75,36753	0,65535	76,67825	1,31071
23580	83,23194	3,93215	93,06253	7,86433
23600	96,99732	9,83043	96,99476	10,4858
23620	96,99473	9,17508	98,96081	9,83044
23640	98,9608	8,51971	98,9608	7,86435
23660	97,65009	7,20899	98,30545	6,55362
23680	97,65008	5,2429	98,96079	6,55362
23700	98,96078	5,89826	99,61613	6,55363
23720	98,96077	6,55363	99,61613	6,55363
23740	89,78568	4,58758	55,70679	1,31083
23760	20,31709	0,65551	1,31148	1,3109
23780	-0,65465	1,31089	3,93286	1,96624
23800	5,24355	1,96622	6,55425	1,96622
23820	6,55423	1,31084	7,86494	1,31084
23840	7,86492	0,65547	9,17563	1,31083
23860	8,52025	0,00010999999999939	9,83096	0,65546
23880	9,17559	9,0000000000146E-5	9,83094	9,9999999996214E-5
23900	9,83093	-0,65527	10,48628	9,0000000000146E-5
23920	9,83091	-0,65528	10,48627	7,9999999996971E-5
23940	9,8309	-1,31064	10,48626	-0,65528
23960	9,8309	-1,31065	10,48625	-0,65528
23980	10,48624	-1,31065	11,1416	-0,65529
24000	11,1416	-1,31066	11,79695	-0,6553
24020	11,14159	-1,31066	11,79694	-0,6553
24040	11,14157	-1,31066	11,79693	-1,31066
24060	15,72913	0,65542	32,76875	5,8983
24080	42,59935	8,51976	43,91012	8,51975
24100	42,59936	6,55367	43,91005	6,55368
24120	43,91003	5,89832	41,94393	5,24296
24140	38,66711	4,5876	36,701	4,58761
24160	34,07953	3,93225	32,11341	3,93225
24180	28,18122	3,2769	24,90438	2,62155
24200	20,31683	1,31083	15,72927	0,65548
24220	10,48636	-1,96595	6,55418	-3,93203
24240	1,96663	-9,83025	-1,31022	-17,6945
24260	0,00063999999999709	-21,62656	9,1759	-22,28175
24280	11,14208	-20,97083	11,79751	-18,34922
24300	15,72974	-17,03849	21,62802	-13,10634
24320	20,97275	-8,51881	20,97277	-4,58666
24340	17,69597	-1,96521	11,79773	1,31158
24360	10,48703	4,58839	10,48714	7,20982
24380	7,86575	9,17591	11,79794	11,79734
24400	12,45335	13,10807	13,10877	15,07414
24420	13,76668	15,07415	16,38555	14,41878
24440	19,00691	12,45271	24,24964	11,79734
24460	30,80316	12,45271	39,32284	15,7295
24480	41,2889	16,38487	47,18704	19,66166
24500	49,15296	21,6277	54,39567	25,55977
24520	58,32769	30,80258	61,60438	36,04541
24540	62,25965	39,97754	62,91492	45,87579
24560	60,9488	50,46334	60,2934	55,0509
24580	57,67193	58,32773	58,32727	60,29387
24600	55,05047	59,63863	47,84152	60,29398
24620	43,25405	59,63863	43,25405	60,29398
24640	43,25403	59,63863	43,25402	60,29398
24660	41,94329	59,63863	42,59864	60,29398
24680	41,2879	59,63863	42,59862	60,29398
24700	42,5986	59,63863	43,9093	60,29398
24720	43,9093	59,63863	44,56464	60,29398
24740	44,56464	59,63863	45,87535	60,29398
24760	45,87533	59,63863	46,53069	60,29398
24780	46,53069	59,63863	47,18604	60,29398
24800	47,18604	59,63863	47,84139	60,29398
24820	47,18602	59,63863	47,84138	60,29398
24840	46,53065	59,63863	47,84136	60,29398
24860	47,186	59,63863	47,186	60,29398
24880	47,18599	59,63863	47,18599	60,29398
24900	45,2199	59,63863	24,90358	60,29398
24920	-20,31656	59,63863	-50,4634	60,29398
24940	-63,57083	59,63863	-62,91552	60,29398
24960	-63,57088	59,63863	-62,91552	60,29398
24980	-63,57088	59,63863	-62,91552	60,29398
25000	-63,57088	59,63863	-62,91552	60,29398
25020	-63,57088	59,63863	-62,91552	60,29398
25040	-37,35619	46,53143	-30,80205	17,69558
25060	-30,80163	5,24375	-26,86933	1,96694
25080	-26,86931	1,96695	-30,14615	5,24374
25100	-31,45701	9,83127	-32,11251	19,66166
25120	-34,73153	27,52599	-38,66654	38,01174
25140	-32,7686	47,18679	-32,1134	58,98326
25160	-38,01174	59,63863	-45,87613	60,29398
25180	-53,08512	59,63863	-58,98336	60,29398
25200	-62,91552	59,63863	-62,91552	60,29398
25220	-63,57088	59,63863	-62,91552	60,29398
25240	-63,57088	59,63863	-62,91552	60,29398
25260	-63,57088	59,63863	-62,91552	60,29398
25280	-63,57088	59,63863	-62,91552	60,29398
25300	-63,57088	59,63863	-62,91552	60,29398
25320	-63,57088	59,63863	-62,91552	60,29398
25340	-63,57088	59,63863	-62,91552	60,29398
25360	-63,57088	59,63863	-62,91552	60,29398
25380	-63,57088	59,63863	-62,91552	60,29398
25400	-63,57088	59,63863	-62,91552	60,29398
25420	-63,57088	59,63863	-62,91552	60,29398
25440	-63,57088	59,63863	-62,91552	60,29398
25460	-63,57088	59,63863	-62,91552	60,29398
25480	-63,57088	59,63863	-62,91552	60,29398
25500	-63,57088	59,63863	-62,91552	60,29398
25520	-63,57088	59,63863	-62,91552	60,29398
25540	-63,57088	59,63863	-57,01728	60,29398
25560	-40,63328	59,63862	-24,24925	42,59919
25580	-24,24901	19,00625	-20,3165	3,27766
25600	-20,3161	-4,58665	-12,4516	-2,62058
25620	-2,62106	0,65623	5,24338	4,58838
25640	13,10785	8,52055	18,35087	15,7295
25660	25,55974	22,28311	32,11306	30,80272
25680	39,3218	39,32235	47,18604	49,15273
25700	48,49667	57,67243	46,53054	60,29392
25720	43,90906	59,63861	40,63223	60,29398
25740	38,66612	59,63863	37,35539	60,29398
25760	36,04467	59,63863	35,38931	60,29398
25780	34,07859	59,63863	34,07859	60,29398
25800	32,76787	59,63863	32,76787	60,29398
25820	31,45714	59,63863	31,45714	60,29398
25840	30,80178	59,63863	30,80178	60,29398
25860	28,18032	59,63863	7,20864	60,29398
25880	-40,63289	59,63863	-62,91532	60,29398
25900	-63,57083	59,63863	-62,91552	60,29398
25920	-63,57088	59,63863	-62,91552	60,29398
25940	-63,57088	59,63863	-62,91552	60,29398
25960	-63,57088	59,63863	-62,91552	60,29398
25980	-63,57088	59,63863	-62,91552	60,29398
26000	-63,57088	59,63863	-62,91552	60,29398
26020	-63,57088	59,63863	-62,91552	60,29398
26040	-63,57088	59,63863	-62,91552	60,29398
26060	-63,57088	59,63863	-62,91552	60,29398
26080	-63,57088	59,63863	-62,91552	60,29398
26100	-63,57088	59,63863	-62,91552	60,29398
26120	-63,57088	59,63863	-62,91552	60,29398
26140	-63,57088	59,63863	-62,91552	60,29398
26160	-63,57088	59,63863	-62,91552	60,29398
26180	-63,57088	59,63863	-62,91552	60,29398
26200	-63,57088	59,63863	-62,91552	60,29398
26220	-63,57088	59,63863	-62,91552	60,29398
26240	-63,57088	59,63863	-62,91552	60,29398
26260	-63,57088	59,63863	-62,91552	60,29398
26280	-63,57088	59,63863	-62,91552	60,29398
26300	-63,57088	59,63863	-62,91552	60,29398
26320	-63,57088	59,63863	-62,91552	60,29398
26340	-63,57088	59,63863	-62,91552	60,29398
26360	-63,57088	59,63863	-62,91552	60,29398
26380	-63,57088	59,63863	-62,91552	60,29398
26400	-63,57088	59,63863	-62,91552	60,29398
26420	-63,57088	59,63863	-62,91552	60,29398
26440	-63,57088	59,63863	-62,91552	60,29398
26460	-63,57088	59,63863	-62,91552	60,29398
26480	-63,57088	59,63863	-62,91552	60,29398
26500	-63,57088	59,63863	-62,91552	60,29398
26520	-41,2884	59,63863	28,18043	60,29398
26540	72,09019	59,63863	110,1016	60,29398
26560	134,3503	59,63863	144,18087	60,29398
26580	144,18086	59,63863	144,83619	60,29398
26600	144,8362	59,63863	146,14692	60,29398
26620	146,14691	59,63863	146,80225	60,29398
26640	146,14689	59,63863	148,11296	60,29398
26660	147,45759	59,63863	148,76831	60,29398
26680	148,7683	59,63863	149,42366	60,29398
26700	148,7683	59,63863	150,07901	60,29398
26720	157,94346	59,63863	167,11877	60,29398
26740	169,7403	59,63863	169,08493	60,29398
26760	168,42955	59,63863	169,08491	60,29398
26780	169,74027	59,63863	170,39563	60,29398
26800	170,39562	59,63863	171,05099	60,29398
26820	170,39562	59,63863	171,05098	60,29398
26840	170,39562	59,63863	171,05098	60,29398
26860	171,05098	59,63863	171,05099	60,29398
26880	171,05098	59,63863	171,05098	60,29398
26900	171,05098	59,63863	171,05098	60,29398
26920	171,05098	59,63863	171,70634	60,29398
26940	171,05098	59,63863	171,05098	60,29398
26960	171,05098	59,63863	171,05098	60,29398
26980	171,05098	59,63863	171,05098	60,29398
27000	170,39561	59,63863	171,05098	60,29398
27020	170,39561	59,63863	171,05097	60,29398
27040	170,39561	59,63863	170,39561	60,29398
27060	169,74025	59,63863	170,39561	60,29398
27080	169,74026	59,63863	170,39562	60,29398
27100	169,74026	59,63863	169,74026	60,29398
27120	170,39562	59,63863	175,6386	60,29398
27140	177,60483	59,63863	176,29412	60,29398
27160	173,67256	59,63863	175,63857	60,29398
27180	176,94928	59,63863	178,25999	60,29398
27200	178,25998	59,63863	179,57069	60,29398
27220	178,91532	59,63863	180,22603	60,29398
27240	180,22603	59,63863	180,88138	60,29398
27260	180,22601	59,63863	181,53673	60,29398
27280	181,53672	59,63863	182,19208	60,29398
27300	181,53672	59,63863	182,19208	60,29398
27320	181,53671	59,63863	182,19207	60,29398
27340	182,19207	59,63863	182,84742	60,29398
27360	182,19206	59,63863	182,84742	60,29398
27380	182,19206	59,63863	182,84742	60,29398
27400	182,84741	59,63863	183,50277	60,29398
27420	182,84741	59,63863	183,50276	60,29398
27440	182,8474	59,63863	183,50277	60,29398
27460	182,8474	59,63863	183,50276	60,29398
27480	182,8474	59,63863	183,50276	60,29398
27500	181,53665	59,63863	160,56489	60,29398
27520	114,03389	59,63863	59,63846	60,29398
27540	8,51992	59,63863	-33,42353	60,29398
27560	-63,57039	59,63863	-62,91517	60,29398
27580	-63,57056	59,63863	-62,91521	60,29398
27600	-63,57061	59,63863	-62,91528	60,29398
27620	-63,57066	59,63863	-62,91532	60,29398
27640	-63,57071	59,63863	-62,91536	60,29398
27660	-63,57074	59,63863	-62,9154	60,29398
27680	-63,57077	59,63863	-62,91543	60,29398
27700	-63,5708	59,63863	-62,91545	60,29398
27720	-63,57082	59,63863	-62,91546	60,29398
27740	-63,57083	59,63863	-62,91548	60,29398
27760	-63,57084	59,63863	-62,91549	60,29398
27780	-63,57085	59,63863	-62,91549	60,29398
27800	-63,57085	59,63863	-62,9155	60,29398
27820	-63,57086	59,63863	-62,9155	60,29398
27840	-63,57087	59,63863	-62,91551	60,29398
27860	-63,57087	59,63863	-62,91551	60,29398
27880	-63,57087	59,63863	-62,91551	60,29398
27900	-63,57087	59,63863	-62,91551	60,29398
27920	-63,57087	59,63863	-62,91551	60,29398
27940	-63,57087	59,63863	-62,91551	60,29398
27960	-63,57087	59,63863	-62,91551	60,29398
27980	-63,57084	59,63863	-62,91547	60,29398
28000	-63,57084	59,63863	-62,91549	60,29398
28020	-63,57087	59,63863	-62,91551	60,29398
28040	-63,57087	59,63863	-62,91552	60,29398
28060	-63,57088	59,63863	-62,91552	60,29398
28080	-63,57088	59,63863	-62,91552	60,29398
28100	-63,57088	59,63863	-62,91552	60,29398
28120	-63,57088	59,63863	-62,91552	60,29398
28140	-63,57088	59,63863	-62,91552	60,29398
28160	-63,57088	59,63863	-62,91552	60,29398
28180	-63,57088	59,63863	-62,91552	60,29398
28200	-63,57088	59,63863	-62,91552	60,29398
28220	-63,57088	59,63863	-62,91552	60,29398
28240	-63,57088	59,63863	-62,91552	60,29398
28260	-63,57088	59,63863	-62,91552	60,29398
28280	-63,57088	59,63863	-62,91552	60,29398
28300	-63,57088	59,63863	-62,91552	60,29398
28320	-63,57088	59,63863	-62,91552	60,29398
28340	-63,57088	59,63863	-62,91552	60,29398
28360	-63,57088	59,63863	-62,91552	60,29398
28380	-63,57088	59,63863	-62,91552	60,29398
28400	-63,57088	59,63863	-62,91552	60,29398
28420	-63,57088	59,63863	-62,91297	60,29398
28440	-63,57088	59,63863	-62,91552	60,29398
28460	-63,57088	59,63863	-62,91552	60,29398
28480	-63,57088	59,63863	-62,91552	60,29398
28500	-63,57085	59,63863	-62,91549	60,29398
28520	-63,57086	59,63863	-62,91551	60,29398
28540	-63,57087	59,63863	-62,91551	60,29398
28560	-63,57086	59,63863	-62,9155	60,29398
28580	-63,57086	59,63863	-62,9155	60,29398
28600	-63,57086	59,63863	-62,91549	60,29398
28620	-63,57085	59,63863	-62,91548	60,29398
28640	-63,57084	59,63863	-62,91548	60,29398
28660	-63,57084	59,63863	-62,91549	60,29398
28680	-63,57085	59,63863	-62,91549	60,29398
28700	-63,57085	59,63863	-62,91549	60,29398
28720	-63,57086	59,63863	-62,91549	60,29398
28740	-63,57086	59,63863	-62,91549	60,29398
28760	-63,57086	59,63863	-62,9155	60,29398
28780	-63,57086	59,63863	-62,91551	60,29398
28800	-63,57087	59,63863	-62,91551	60,29398
28820	-63,57087	59,63863	-62,91552	60,29398
28840	-63,57086	59,63863	-62,91296	60,29398
28860	-63,57078	59,63856	-46,53124	44,56512
28880	-40,6326	15,07393	-32,11237	-2,62058
28900	-32,76737	-11,79561	-36,04411	-12,45098
28920	-34,07791	-11,14025	-32,76712	-9,82954
28940	-34,73325	-9,17417	-36,04411	-5,89738
28960	-39,97642	-1,30985	-40,6319	4,58838
28980	-47,84099	9,17591	-50,46266	15,7295
29000	-50,4629	21,62775	-45,87557	28,8367
29020	-44,56492	35,39025	-45,8757	41,28847
29040	-49,15258	47,18671	-51,11873	52,4296
29060	-55,05093	56,36177	-58,32777	60,29397
29080	-62,91533	59,63862	-62,91536	60,29398
29100	-63,57075	59,63863	-62,91541	60,29398
29120	-63,57078	59,63863	-62,91544	60,29398
29140	-63,57081	59,63863	-62,91545	60,29398
29160	-63,57082	59,63863	-62,91546	60,29398
29180	-63,57083	59,63863	-62,91545	60,29398
29200	-63,57075	59,63863	-62,9154	60,29398
29220	-63,57077	59,63863	-62,91542	60,29398
29240	-63,57078	59,63863	-62,91543	60,29398
29260	-63,57079	59,63863	-62,91543	60,29398
29280	-63,5708	59,63863	-62,91545	60,29398
29300	-63,57082	59,63863	-62,91546	60,29398
29320	-63,57083	59,63863	-62,91547	60,29398
29340	-63,57084	59,63863	-62,91549	60,29398
29360	-63,57085	59,63863	-62,91549	60,29398
29380	-63,57085	59,63863	-62,91548	60,29398
29400	-63,57083	59,63863	-62,91546	60,29398
29420	-59,63863	59,63858	-42,59914	43,25446
29440	-36,04534	18,35074	-30,80207	0,0008099999999942
29460	-27,52479	-8,51881	-28,83534	-11,14026
29480	-26,21375	-10,48489	-25,55823	-7,86346
29500	-25,55812	-5,24201	-23,59197	-2,62058
29520	-24,24733	-1,96521	-24,24743	-1,30986
29540	-26,21371	-1,96521	-29,49071	1,31158
29560	-34,73374	3,93303	-37,35529	8,52054
29580	-42,59832	13,76343	-42,59854	19,66166
29600	-41,28802	26,21527	-38,01134	33,42419
29620	-39,32212	39,97775	-41,28826	47,18672
29640	-44,56513	52,4296	-47,84199	57,67251
29660	-53,08491	59,6386	-56,36176	60,29398
29680	-60,29396	59,63863	-62,91542	60,29398
29700	-63,5708	59,63863	-62,91546	60,29398
29720	-63,57084	59,63863	-62,91548	60,29398
29740	-63,57086	59,63863	-62,9155	60,29398
29760	-63,57087	59,63863	-62,91551	60,29398
29780	-63,57088	59,63863	-62,91552	60,29398
29800	-63,57088	59,63863	-62,91552	60,29398
29820	-63,57085	59,63863	-62,91545	60,29398
29840	-63,57082	59,63863	-62,91547	60,29398
29860	-63,57084	59,63863	-62,91548	60,29398
29880	-63,57084	59,63863	-62,91549	60,29398
29900	-63,57085	59,63863	-62,91549	60,29398
29920	-63,57086	59,63863	-62,9155	60,29398
29940	-63,57086	59,63863	-62,9155	60,29398
29960	-63,57086	59,63863	-62,9155	60,29398
29980	-63,57087	59,63863	-62,91552	60,29398
