T	LX	LY	RX	RY
0	0	0	0	0
20	0	0,65536	-0,65536	0
40	1,0000000003174E-5	0,65536	-0,65535	0
60	1,0000000003174E-5	0,65536	1,9999999999243E-5	1,0000000003174E-5
80	1,0000000003174E-5	0,65536	1,9999999999243E-5	0,65537
100	1,0000000003174E-5	0,65536	1,9999999999243E-5	0,65536
120	1,0000000003174E-5	1,31072	-0,65535	1,31073
140	-0,65535	1,96609	-1,31071	1,31073
160	-0,65536	1,96609	-1,31071	1,31073
180	-1,31072	2,62145	-1,96608	1,9661
200	-1,96608	2,62146	-1,96607	1,9661
220	-1,31072	2,62146	-1,96608	2,62146
240	-1,31072	2,62146	-1,96607	2,62145
260	-1,31071	3,27682	-1,31071	2,62146
280	-1,31071	3,27682	-1,96607	3,27682
300	-1,96607	3,93218	-2,62143	3,27682
320	-1,96607	3,93218	-2,62143	3,93218
340	-1,96607	3,93218	-2,62142	3,93219
360	-2,62143	4,58754	-2,62142	3,9322
380	-2,62142	4,58755	-2,62141	3,9322
400	-2,62141	4,58755	-3,27677	4,58755
420	-3,27676	5,24291	-3,27676	4,58755
440	-3,27677	4,58755	-3,27677	4,58755
460	-3,27678	4,58755	-2,62143	3,93219
480	-2,62144	3,93218	-2,62144	3,27682
500	0,65538	5,89827	0,6554	5,24292
520	0,65539	5,24291	0,65539	5,24291
540	0,65539	5,89828	0,65539	5,24292
560	0,65539	5,89828	0,65539	5,24292
580	1,31075	5,89828	0,65539	5,89828
600	0,65538	5,89828	0,65539	5,24292
620	1,31074	5,89828	1,31074	5,24292
640	1,31074	5,24292	1,31074	4,58756
660	1,31074	5,24292	1,31074	4,58756
680	1,31073	5,24291	1,31074	3,93219
700	5,8983	5,89827	20,31641	7,20899
720	24,90404	6,55361	24,90405	6,55361
740	24,90404	7,20898	24,90405	6,55362
760	25,5594	7,20898	24,90404	6,55362
780	25,55939	7,20898	25,55939	6,55362
800	25,55938	7,20897	25,55938	6,55362
820	25,55938	6,55362	25,55938	5,8989
840	25,55937	6,55362	25,55938	5,89826
860	25,55937	6,55362	24,90401	6,55362
880	25,55936	6,55362	25,55936	5,89826
900	25,55936	6,55362	24,904	5,89827
920	24,90399	6,55362	24,24863	6,55363
940	24,24862	6,55363	24,24862	5,89827
960	22,93789	5,89828	20,31641	3,93219
980	20,31642	3,93218	20,31642	3,93218
1000	20,31641	3,93219	19,66106	3,93219
1020	-42,59816	4,58756	19,00569	3,9322
1040	19,00569	5,24292	19,00569	3,9322
1060	19,00569	4,58756	19,00568	4,58756
1080	18,35032	4,58756	18,35032	3,9322
1100	19,00567	3,9322	20,3164	3,93219
1120	31,45767	7,86432	39,97754	9,17505
1140	39,97757	9,17505	38,66683	9,83042
1160	38,66683	10,48579	38,66682	10,48579
1180	38,66682	11,14115	38,66682	9,83043
1200	38,66682	11,14115	38,66681	10,4858
1220	39,32217	11,14115	38,6668	10,48579
1240	38,6668	11,14115	38,6668	10,4858
1260	39,32215	11,14115	38,6668	11,14116
1280	38,6668	11,14115	38,6668	10,48579
1300	39,32215	11,14115	39,32215	10,4858
1320	39,32215	11,14115	38,66679	9,83043
1340	41,94361	11,79651	54,39565	13,7626
1360	60,94941	13,10724	59,63868	13,76262
1380	58,32794	14,41798	57,67259	13,76262
1400	58,32794	14,41798	57,67258	14,41799
1420	57,67257	15,07335	57,01721	15,07335
1440	57,01721	15,07336	57,01721	14,418
1460	57,0172	15,07336	56,36184	14,418
1480	56,36184	15,07337	56,36184	14,41801
1500	55,70648	15,07336	55,70648	14,41801
1520	56,36184	15,07336	56,36183	15,07337
1540	56,36182	14,418	56,36181	14,418
1560	57,01715	14,41799	56,36179	13,76264
1580	57,01713	14,41799	57,01712	14,41799
1600	57,01712	15,07335	57,01712	15,07335
1620	57,01711	15,07335	57,01711	15,07336
1640	57,67246	15,7293	57,0171	15,07336
1660	57,0171	15,72871	57,67246	15,72872
1680	68,15836	20,97163	76,0229	22,93776
1700	75,36757	24,24849	74,05684	28,18067
1720	73,40148	32,11286	72,74611	34,73431
1740	72,09074	37,35576	71,43538	38,6665
1760	70,78001	40,63259	70,78001	40,6326
1780	70,78001	41,94332	70,12464	42,59869
1800	70,78	43,25406	70,12464	42,5987
1820	70,12464	43,25406	70,12464	42,5987
1840	70,77999	43,25406	70,12463	42,5987
1860	70,77999	43,25406	70,12462	42,59871
1880	70,77997	43,25406	70,77998	42,5987
1900	76,02293	43,25406	77,98906	42,59869
1920	77,98906	43,25405	77,33369	42,5987
1940	77,33369	43,25406	77,3337	42,5987
1960	77,98905	43,25406	77,98906	42,59869
1980	77,33369	43,25406	77,33369	42,5987
2000	77,98905	43,25406	77,3337	42,5987
2020	77,98906	43,25406	77,33369	42,5987
2040	77,33369	43,25406	77,33369	42,59871
2060	77,98905	43,25406	77,98906	42,5987
2080	71,43536	39,32189	45,87586	26,21467
2100	9,83049	17,03962	-24,24864	13,10749
2120	-29,49156	17,03966	-28,83613	19,66112
2140	-28,18076	20,97183	-28,83612	20,31648
2160	-28,83611	21,6272	-28,18074	21,6272
2180	-28,18075	21,6272	-28,18074	21,6272
2200	-28,18074	22,28256	-28,18074	22,28256
2220	-28,18074	22,93792	-28,8361	22,28256
2240	-28,18074	22,93792	-28,8361	22,93792
2260	-28,8361	22,93826	-28,18074	22,28256
2280	-28,18074	22,93791	-28,18073	22,28255
2300	-28,18074	22,28255	-28,18072	22,28255
2320	-28,8361	22,28255	-29,49147	21,62718
2340	-28,8361	21,62718	-29,49145	21,62718
2360	-29,49146	21,62718	-29,49144	20,97182
2380	-29,49144	21,62718	-29,49144	20,97183
2400	-29,49144	20,97182	-29,49145	20,31646
2420	-29,49145	20,31646	-30,14681	19,6611
2440	-30,14682	19,66111	-30,80219	19,00575
2460	-30,14684	18,35039	-30,14686	17,69503
2480	-30,14688	17,69503	-30,80226	17,03967
2500	-30,14693	17,03966	-30,14694	16,3843
2520	-29,49159	16,3843	-30,14696	15,72894
2540	-29,49161	16,3843	-29,49161	15,72894
2560	-28,83626	15,72894	-29,49161	15,72894
2580	-28,83625	15,72893	-28,83624	15,07357
2600	-28,83625	15,07357	-28,83624	15,07357
2620	-28,18089	15,72892	-22,28254	19,00571
2640	-9,83048	20,97178	-8,51972	19,66105
2660	-9,1751	20,97178	-9,83046	21,62715
2680	-9,17511	22,2825	-9,83047	21,62714
2700	-9,83048	22,28251	-9,83048	21,62715
2720	-9,83048	22,2825	-9,82794	21,62715
2740	-9,83049	22,2825	-9,8305	20,97178
2760	-9,17514	21,62713	-9,8305	20,97178
2780	-9,17516	20,97177	-9,83052	20,97178
2800	-9,83054	20,97177	-3,27689	22,28248
2820	5,89828	23,5932	7,20903	22,93783
2840	6,55365	23,59319	6,55366	22,93784
2860	6,55365	24,24855	6,55365	23,59319
2880	7,20902	24,24855	7,20902	23,59319
2900	7,20902	24,24854	7,86438	24,24854
2920	8,51974	24,24854	7,86439	24,24854
2940	8,51975	24,24854	8,51975	24,24854
2960	8,51975	24,90389	8,51975	24,24853
2980	9,17511	24,24853	8,51975	24,24854
3000	8,51975	24,24853	8,51975	24,24853
3020	8,51975	24,24853	7,86439	23,59317
3040	8,51975	23,59317	8,51975	22,93781
3060	8,51974	22,93781	8,51975	22,9378
3080	8,51975	23,59316	8,51975	22,9378
3100	8,51975	23,59316	8,51975	22,93781
3120	8,51975	22,9378	8,51975	22,9378
3140	7,86439	22,9378	8,51976	22,9378
3160	8,51975	22,93779	8,51976	22,28244
3180	8,51975	22,28243	8,51976	21,62707
3200	10,48584	22,28242	28,18076	24,90385
3220	40,63284	26,21456	41,94364	24,90384
3240	39,97755	26,86992	39,97756	26,86993
3260	39,97755	26,86992	39,97756	26,21456
3280	40,63292	26,86992	40,63292	25,5592
3300	41,28828	26,21455	41,94364	25,55919
3320	41,94362	24,90383	42,59898	24,90382
3340	43,25432	24,90382	43,25432	24,24846
3360	43,90967	24,90382	43,90967	24,24846
3380	43,90966	24,24845	43,9122	23,59309
3400	43,90964	23,59308	43,90964	22,93773
3420	43,25427	22,93773	43,25427	22,28237
3440	43,90963	22,93772	44,56499	22,93772
3460	55,70628	26,21452	61,60465	25,55916
3480	62,26004	25,55916	61,60467	24,90381
3500	61,60466	25,55916	61,60466	24,9038
3520	61,60465	24,9038	61,60465	24,24844
3540	61,60464	24,9038	60,94929	24,24844
3560	61,60464	24,24844	60,94928	22,93771
3580	61,60464	23,59307	61,60464	22,28235
3600	61,60464	22,28235	61,60464	22,28235
3620	61,60464	22,28235	61,60465	22,28235
3640	62,26001	22,28234	62,26002	22,28235
3660	62,91539	22,28235	62,9154	22,28235
3680	63,57077	22,28234	66,19224	22,9377
3700	76,67819	26,86987	81,26584	24,24843
3720	80,61047	24,90379	79,95511	24,9038
3740	79,95511	24,9038	79,95512	24,24844
3760	79,29974	24,24843	79,29975	24,24844
3780	79,29974	24,24843	78,64438	23,59308
3800	78,64436	23,59308	77,98901	22,93772
3820	78,64436	23,59307	77,989	23,59308
3840	77,989	23,59307	77,98899	22,93771
3860	77,989	23,59307	77,98899	22,93772
3880	77,98899	22,93771	77,98899	22,93772
3900	77,33363	23,59307	77,33362	22,93772
3920	77,33363	22,93771	77,33363	22,28236
3940	77,33362	22,28235	77,33363	21,62698
3960	76,67826	19,6609	60,294	11,14121
3980	30,14691	1,31079	-3,27687	-4,58742
4000	-20,97178	-4,58743	-21,62711	-2,62134
4020	-19,66102	-2,62135	-20,31639	-3,27672
4040	-19,66105	-4,58745	-19,0057	-7,20891
4060	-19,00571	-7,86428	-19,00572	-10,48573
4080	-42,59868	-14,41792	-17,03964	-19,66083
4100	-17,03964	-20,97156	-17,03963	-24,24837
4120	-17,03963	-26,21447	-17,03962	-27,52519
4140	-16,38426	-27,5252	-17,03962	-28,83592
4160	-16,38425	-28,83593	-16,38424	-29,49128
4180	-19,00571	-30,14664	-24,24868	-32,76809
4200	-24,90405	-32,11274	-24,24868	-32,11272
4220	-24,24869	-30,802	-24,24869	-32,11272
4240	-24,24868	-31,45736	-24,90405	-30,802
4260	-24,24869	-30,14664	-24,90404	-30,80199
4280	-24,90405	-29,49128	-24,24869	-30,14664
4300	-24,24869	-29,49128	-24,24869	-29,49127
4320	-24,2487	-28,83591	-24,2487	-29,49127
4340	-24,2487	-28,18056	-24,2487	-28,83591
4360	-23,59335	-28,18055	-24,2487	-28,18055
4380	-24,24871	-28,18055	-24,2487	-28,18054
4400	-24,24872	-26,86983	-24,2487	-27,52518
4420	-24,24871	-26,86981	-24,2487	-26,86981
4440	-24,24871	-26,21445	-24,2487	-26,21445
4460	-24,24871	-25,55909	-24,2487	-25,55908
4480	-24,2487	-24,90373	-24,2487	-25,55909
4500	-16,38428	-21,62693	-7,20906	-19,66085
4520	-4,58756	-19,66086	-5,89829	-19,66085
4540	-5,89829	-17,69476	-5,89829	-17,69476
4560	-5,89831	-16,38403	-5,89831	-15,72866
4580	-5,89831	-14,41794	-5,89831	-14,41794
4600	-5,89832	-13,76257	-42,59848	-13,76257
4620	-6,55368	-12,45185	-6,55367	-11,79649
4640	-6,55368	-11,79649	-7,20904	-12,45185
4660	-7,20904	-12,45186	3,27681	-9,83042
4680	20,31642	-8,51971	22,28258	-9,83043
4700	20,97184	-7,86435	20,31647	-7,20897
4720	20,97183	-6,55362	21,62718	-7,20898
4740	21,62717	-6,55363	22,28252	-6,55362
4760	21,62715	-6,55363	22,2825	-7,20899
4780	22,93785	-6,55363	22,93785	-6,55363
4800	23,5932	-5,89827	22,93784	-6,55363
4820	23,59319	-6,55363	23,59319	-6,55363
4840	23,59319	-5,89828	23,59319	-6,55363
4860	24,24855	-6,55364	24,24855	-7,86436
4880	24,24855	-7,209	24,24854	-7,86436
4900	24,24854	-7,209	24,24854	-7,86436
4920	24,24854	-7,209	24,24854	-8,51972
4940	24,24852	-7,86436	24,24853	-8,51972
4960	34,73439	-5,8983	49,80796	-3,27686
4980	53,08487	-3,93222	51,77414	-3,27686
5000	51,77413	-3,27685	51,77412	-3,27685
5020	52,42947	-2,6215	51,77411	-2,6215
5040	52,42946	-1,96613	51,77409	-1,96613
5060	52,42944	-1,31078	51,77408	-1,96613
5080	51,77407	-1,96614	51,77407	-1,96613
5100	51,77406	-1,31077	51,77406	-1,96613
5120	51,77406	-1,31077	51,77406	-1,96613
5140	52,42942	-1,31077	52,42942	-1,31077
5160	52,42941	-1,31077	52,42942	-1,31077
5180	53,08477	-1,31077	53,08478	-1,31077
5200	53,08477	-1,31077	53,08477	-1,31077
5220	53,08477	-1,31077	53,08477	-1,31077
5240	52,42941	-1,31077	53,08477	-1,31076
5260	53,08477	-0,6554	53,08477	42,59836
5280	53,08477	-0,6554	53,08477	-1,31076
5300	53,08477	-0,6554	53,08477	-1,31076
5320	53,08477	-0,6554	53,08478	-1,31076
5340	53,08477	-0,6554	53,08477	-1,31076
5360	61,60456	3,27676	72,74594	4,5875
5380	76,67821	3,93213	75,36748	3,93214
5400	75,36747	4,58751	74,71212	4,5875
5420	75,36748	5,24287	74,71211	5,24287
5440	74,71212	5,24288	74,71211	4,58751
5460	74,71211	5,24287	74,71211	5,24288
5480	74,71211	5,24288	74,05675	4,58752
5500	74,71211	5,24288	74,7121	4,58751
5520	74,71209	5,24287	74,71209	4,58751
5540	75,36743	5,24287	74,71207	4,58751
5560	75,36742	5,24287	75,36741	4,58751
5580	75,3674	5,24287	74,71205	5,24287
5600	75,36741	5,89823	75,3674	5,24288
5620	75,3674	5,89824	75,3674	5,24288
5640	75,3674	5,89824	75,36741	5,89824
5660	75,36741	6,5536	75,36741	5,89824
5680	75,36741	6,5536	75,36741	6,5536
5700	75,3674	6,5536	74,71204	5,89824
5720	74,71204	6,5536	74,71204	6,5536
5740	74,71204	6,5536	74,71205	5,89824
5760	74,71204	6,5536	74,71205	6,55361
5780	74,71204	6,55361	74,71204	5,89824
5800	74,71204	6,5536	74,05668	5,24288
5820	74,71204	5,89824	74,71204	5,24288
5840	74,71204	5,89824	74,71204	5,24287
5860	74,71458	5,24287	74,71204	4,58751
5880	74,71204	4,5875	72,09057	1,96608
5900	51,1187	-3,27679	19,66091	-11,1411
5920	-11,79674	-15,72861	-19,6611	-14,41789
5940	-17,03962	-11,14108	-16,38424	-10,48572
5960	-16,38426	-9,83036	-17,03962	-9,83036
5980	-16,38426	-9,17501	-16,38426	-9,83036
6000	-17,03962	-9,175	-16,38425	-9,83037
6020	-16,38425	-9,17501	-16,38425	-9,83038
6040	-16,38426	-9,83038	-16,38425	-10,48574
6060	-16,38426	-9,83038	-16,38425	-10,48575
6080	-16,38426	-9,83039	-19,00571	-11,14111
6100	-24,24866	-12,45184	-24,90403	-12,45184
6120	-24,24866	-11,79648	-24,24866	-11,79647
6140	-24,24866	-11,14111	-24,24866	-11,79647
6160	-24,24866	-11,14111	-24,24865	-11,14111
6180	-24,24866	-11,14111	-24,24865	-11,14111
6200	-24,24866	-11,14112	-24,24865	-11,79647
6220	-24,24866	-11,14111	-24,24865	-11,79648
6240	-24,24866	-11,79648	-24,24866	-12,45184
6260	-23,59331	-12,45184	-23,59332	-13,1072
6280	-23,59333	-12,45185	-23,59333	-13,10721
6300	-22,93798	-13,10721	-22,28262	-13,10721
6320	-22,28262	-12,45185	-22,28261	-13,10721
6340	-21,62726	-13,10722	-21,62725	-13,10722
6360	-21,62726	-13,10722	-21,62725	-13,76258
6380	-20,97189	-13,10722	-20,97189	-13,76258
6400	-20,97189	-13,76258	-20,96934	-13,76258
6420	-20,9719	-14,41794	-20,9719	-15,0733
6440	-20,9719	-14,41795	-19,00581	-14,41795
6460	-5,24308	-12,45189	4,58746	-14,41799
6480	4,58747	-13,76263	3,93211	-13,76261
6500	4,58746	-13,10726	4,58746	-13,76262
6520	4,58745	-13,10726	3,9321	-13,76261
6540	4,58745	-13,76262	3,93209	-14,41798
6560	4,58744	-13,76262	3,93208	-13,76262
6580	4,58744	-14,41798	4,58744	-15,07334
6600	4,58743	-14,41798	3,93207	-15,07334
6620	3,93207	-14,41799	3,93207	-15,07334
6640	3,93206	-14,41799	3,27671	-15,07335
6660	7,21143	-14,418	21,62698	-13,10729
6680	27,52534	-13,1073	27,52534	-13,76265
6700	26,86997	-13,10729	26,86998	-13,76265
6720	26,86997	-13,10729	26,21461	-13,76264
6740	26,86997	-13,10728	26,2146	-13,10729
6760	26,86996	-13,10729	26,21461	-13,76264
6780	26,86996	-13,76265	26,2146	-13,76265
6800	26,2146	-13,10729	26,2146	-13,76265
6820	26,2146	-13,76265	26,21461	-14,418
6840	25,55924	-14,418	25,55925	-14,41801
6860	26,2146	-14,41801	25,55924	-14,418
6880	25,55924	-14,41801	27,52534	-15,07338
6900	38,01126	-12,45194	43,25426	-13,76267
6920	42,5989	-13,10731	41,28817	-13,1073
6940	41,94353	-13,1073	41,94353	-13,76266
6960	41,94353	-13,1073	41,28817	-13,76266
6980	41,28817	-13,1073	41,28817	-13,76266
7000	41,28816	-13,10731	41,28817	-13,1073
7020	41,28817	-13,1073	41,28816	-14,41802
7040	41,28816	-13,1073	41,28816	-13,76265
7060	41,28816	-13,76266	40,6328	-13,76265
7080	40,63278	-13,76265	40,63277	-15,07337
7100	41,28812	-14,41802	49,80791	-12,45195
7120	60,29386	-11,14123	62,26	-11,79659
7140	61,60461	-11,14122	60,94925	-11,14121
7160	61,60461	-9,8305	60,94924	-9,83049
7180	61,60459	-9,17513	60,94924	-9,83049
7200	60,94923	-9,17513	61,60459	-9,17512
7220	61,60459	-7,86441	61,6046	-8,51976
7240	62,25995	-7,86441	62,25996	-8,51976
7260	62,25995	-7,86441	62,25996	-7,8644
7280	62,25995	-7,86441	62,25996	-7,20904
7300	62,25995	-7,20904	62,25995	-7,20904
7320	62,91531	-7,20904	62,25995	-6,55368
7340	62,25995	-6,55368	62,25995	-7,20904
7360	62,25995	-7,20905	64,22604	-7,20905
7380	76,67808	-3,27689	83,88725	-3,93223
7400	83,23189	-3,93224	81,26579	-3,27687
7420	81,26578	-2,62151	81,26578	-3,27687
7440	81,26577	-3,27687	81,26577	-3,93224
7460	81,26576	-3,93224	81,26576	-3,93224
7480	81,26575	-4,58761	80,61039	-4,5876
7500	81,26574	-4,5876	81,26574	-5,24297
7520	81,26574	-5,24297	81,26574	-5,89833
7540	81,26574	-5,24297	81,26574	-5,89833
7560	81,26574	-5,24297	81,26574	-5,89833
7580	81,26574	-5,24297	81,26575	-5,89833
7600	81,9211	-5,89834	81,9211	-5,89834
7620	81,9211	-5,89834	81,26575	-7,20906
7640	86,50869	-3,93226	98,96076	-2,62153
7660	100,92693	-3,2769	98,96338	-3,27689
7680	98,30546	-2,62152	98,30545	-3,27688
7700	98,30545	-2,62153	98,30545	-3,27688
7720	98,30544	-2,62153	98,30545	-3,27689
7740	98,30544	-3,27689	97,65008	-3,93224
7760	97,65007	-3,27689	97,65007	-3,93225
7780	97,65007	-3,93225	97,65006	-4,58761
7800	97,65006	-3,93224	97,65006	-4,58761
7820	96,99469	-4,58762	96,9947	-5,24297
7840	97,65005	-5,24298	95,02857	-8,51978
7860	76,02279	-16,38412	45,22029	-26,21453
7880	19,66084	-30,80204	9,17501	-28,83595
7900	9,17504	-25,55914	9,8304	-24,90378
7920	9,17502	-24,24842	9,17501	-24,24842
7940	9,175	-23,59306	9,175	-24,24842
7960	9,17498	-23,59306	8,51962	-24,24842
7980	8,51961	-23,59306	8,51961	-24,24843
8000	8,5196	-24,24843	7,86425	-24,90379
8020	7,20887	-24,90379	-9,83063	-29,4913
8040	-19,0058	-30,80204	-19,66116	-30,14667
8060	-18,35043	-28,83595	-18,35043	-28,83594
8080	-18,35044	-28,18058	-19,0058	-28,18058
8100	-18,35044	-27,52523	-18,35044	-28,18059
8120	-18,35045	-28,18059	-18,35045	-28,18059
8140	-18,35046	-27,52523	-18,35046	-28,1806
8160	-17,6951	-27,52524	-18,35046	-28,1806
8180	-17,6951	-28,18059	-17,6951	-28,1806
8200	-17,6951	-28,18059	-17,6951	-28,1806
8220	-17,69509	-27,52524	-17,69509	-28,18059
8240	-17,03973	-27,52524	-17,69509	-28,1806
8260	-17,03973	-28,1806	-17,03972	-28,83595
8280	-17,03972	-28,1806	-17,03972	-28,83595
8300	-17,03972	-28,18059	-17,03972	-28,18059
8320	-17,03972	-27,52523	-17,03971	-28,18059
8340	-16,38435	-28,18059	-16,38434	-28,18059
8360	-16,38435	-28,18059	-16,38434	-28,83595
8380	-16,38434	-27,52523	-16,38434	-28,18058
8400	-16,38434	-27,52522	-16,38433	-28,83594
8420	-16,38434	-28,18058	-16,38433	-29,49131
8440	-5,24312	-26,21452	8,51964	-24,24843
8460	15,07334	-24,24845	13,76262	-24,9038
8480	13,76261	-23,59307	13,76261	-24,24843
8500	13,7626	-23,59307	13,76261	-24,24843
8520	13,76261	-23,59308	13,76261	-24,24843
8540	13,7626	-23,59307	13,7626	-24,24843
8560	13,7626	-24,24843	13,10724	-24,90379
8580	13,7626	-24,90379	13,7626	-24,90379
8600	13,7626	-24,9038	-42,59837	-24,90379
8620	13,76258	-25,55916	13,76258	-25,55915
8640	14,41792	-25,55916	14,41792	-26,21452
8660	15,07326	-25,55917	14,4179	-26,21453
8680	15,07325	-26,21453	15,07325	-26,86989
8700	15,07324	-26,86989	14,41788	-27,52525
8720	15,7286	-26,8699	28,18059	-24,24848
8740	41,28806	-24,24849	43,90959	-26,21459
8760	42,59884	-24,90386	41,94348	-24,24849
8780	42,59883	-24,90386	42,59883	-24,90386
8800	42,59882	-24,90386	42,59882	-25,55922
8820	42,59881	-25,55922	42,59881	-26,21459
8840	42,59881	-25,55923	42,59881	-25,55923
8860	43,25416	-25,55923	42,59881	-26,21459
8880	42,59881	-25,55924	43,25417	-25,55923
8900	43,25416	-25,55923	43,25416	-26,21459
8920	43,90952	-25,55923	43,25416	-26,21459
8940	43,90951	-24,90386	43,25416	-25,55922
8960	43,25415	-24,90387	43,25415	-24,90386
8980	43,90951	-24,24851	43,25415	-24,90386
9000	43,90951	-24,90386	43,90952	-24,90386
9020	43,90951	-23,59314	43,90952	-24,24849
9040	43,90952	-23,59314	43,90952	-24,24849
9060	43,90951	-24,2485	44,56489	-24,2485
9080	54,39545	-20,9717	60,29382	-21,62706
9100	60,29383	-21,62706	58,98311	-20,97169
9120	59,63847	-20,31633	59,63847	-20,97169
9140	59,63847	-20,31633	58,98311	-20,97168
9160	59,63847	-20,31633	58,98311	-20,31633
9180	58,98311	-19,66096	58,98311	-20,31632
9200	59,63847	-19,66096	59,63848	-20,31632
9220	59,63848	-19,66095	59,63848	-19,66095
9240	58,98312	-19,66095	58,98312	-19,66095
9260	59,63848	-19,00559	58,98312	-19,66094
9280	58,98312	-19,00558	58,98313	-19,66095
9300	58,98313	-19,66095	58,98314	-20,31631
9320	55,7063	-20,3163	48,49722	-21,627
9340	45,22038	-20,97165	45,22038	-20,97164
9360	45,87575	-19,66092	45,22039	-20,31627
9380	45,22038	-19,66092	45,22039	-20,31627
9400	45,22039	-19,66092	45,22039	-20,31627
9420	44,56503	-19,66092	44,56502	-20,31628
9440	45,22037	-19,66092	45,22037	-20,31628
9460	45,22036	-20,31628	45,22035	-20,31629
9480	45,87571	-19,66093	45,87571	-19,66093
9500	45,87571	-19,66093	45,87571	-19,66093
9520	45,8757	-19,66093	45,87571	-19,66092
9540	45,87571	-19,00557	45,87571	-19,00556
9560	45,87571	-19,00557	45,87571	-19,00556
9580	45,87571	-19,00557	45,22035	-19,66092
9600	45,8757	-18,3502	45,22034	-19,00557
9620	45,22033	-19,00557	45,22033	-19,00556
9640	45,87569	-18,35021	45,87569	-19,00557
9660	45,22033	-18,35021	45,22033	-19,00557
9680	45,22033	-19,00557	45,22033	-19,66093
9700	51,11865	-17,0395	59,63851	-16,38414
9720	60,94928	-16,38415	59,63855	-15,72877
9740	59,63854	-14,41805	59,63854	-15,07341
9760	59,63853	-14,41804	58,98317	-15,07341
9780	58,98316	-15,07341	58,98316	-15,07341
9800	58,98316	-15,07341	58,98316	-15,72877
9820	58,98316	-15,72877	58,98316	-16,38413
9840	58,98316	-16,38413	58,98316	-16,38413
9860	59,63851	-16,38414	58,98316	-16,38414
9880	58,98315	-16,38414	58,98316	-17,0395
9900	58,98315	-16,38414	58,98316	-17,0395
9920	58,98315	-16,38414	58,98315	-17,0395
9940	58,98315	-17,0395	62,26	-16,38334
9960	73,40132	-12,45199	78,64434	-15,07342
9980	77,33361	-13,76271	76,67825	-13,7627
10000	76,02289	-13,10734	76,67825	-13,7627
10020	76,67824	-13,10734	76,02289	-13,7627
10040	76,67824	-13,10734	76,02289	-13,76269
10060	76,67824	-13,10733	76,02288	-13,10733
10080	76,67824	-13,10733	76,02289	-13,10733
10100	76,02288	-13,10733	76,02289	-13,76269
10120	76,02288	-13,10733	76,02288	-13,10733
10140	76,02288	-13,10733	75,36752	-13,10733
10160	76,02287	-13,10733	76,02287	-13,10733
10180	76,02286	-13,10734	76,02286	-13,10733
10200	76,6782	-13,10734	76,6782	-13,10734
10220	76,6782	-13,10734	76,6782	-13,7627
10240	76,02283	-13,10735	77,33357	-13,76271
10260	80,61043	-13,76271	80,61045	-15,07344
10280	80,61043	-13,7627	79,95508	-13,7627
10300	79,95507	-13,76271	79,95508	-15,07344
10320	79,95508	-14,41808	78,64434	-16,38417
10340	66,84766	-21,62704	39,32202	-30,14672
10360	6,5535	-37,35566	-14,41821	-37,35566
10380	-15,07352	-32,76812	-13,76277	-32,11276
10400	-13,76279	-30,80204	-13,76278	-30,80204
10420	-14,41815	-30,14667	-14,41815	-29,49131
10440	-15,07351	-28,83595	-15,07352	-28,83595
10460	-15,07352	-28,18059	-15,72889	-28,18059
10480	-15,07354	-28,18059	-15,07353	-28,18059
10500	-15,7289	-27,52523	-15,7289	-28,18059
10520	-15,72891	-26,86987	-15,7289	-27,52524
10540	-15,7289	-26,86988	-15,7289	-26,86987
10560	-15,07355	-26,86987	-15,07354	-26,86987
10580	-15,07355	-26,21451	-15,07354	-26,21451
10600	-15,07355	-26,21451	-15,07354	-26,21451
10620	-15,07354	-26,21451	-15,07354	-26,86987
10640	-7,86453	-25,55916	10,48576	-22,93773
10660	17,69486	-23,59309	17,0395	-24,90382
10680	17,03949	-23,59309	17,03949	-24,24845
10700	17,03949	-23,59309	17,03949	-24,24845
10720	17,03949	-23,59309	17,0395	-24,24845
10740	17,69486	-24,24845	17,69486	-24,9038
10760	17,69486	-24,90381	18,35022	-25,55917
10780	18,35022	-24,90381	18,35023	-25,55916
10800	18,35022	-24,90381	18,35022	-25,55917
10820	18,35023	-25,55917	18,35023	-26,21453
10840	18,35023	-25,55917	18,35023	-26,21453
10860	18,35023	-25,55917	18,35023	-26,21453
10880	17,69486	-26,21453	18,35023	-26,21453
10900	18,35023	-26,21453	17,69487	-26,86989
10920	17,69486	-26,21453	17,69487	-26,86989
10940	17,69486	-26,86989	17,69487	-26,86988
10960	17,69487	-26,86988	17,03951	-27,52524
10980	11,79658	-28,83596	-14,41808	-32,11274
11000	-24,90396	-32,11274	-22,93783	-30,80126
11020	-21,62709	-29,49129	-22,28245	-29,49129
11040	-22,28246	-29,49129	-22,28245	-29,49128
11060	-21,62709	-29,49129	-21,6271	-30,14665
11080	-21,62711	-29,4913	-20,97176	-30,14666
11100	-20,97178	-30,14666	-20,97178	-30,80202
11120	-20,31643	-30,80203	-20,31644	-31,45739
11140	-19,66108	-30,80204	-20,31645	-31,45739
11160	-19,66109	-30,80204	-19,66108	-31,45739
11180	-19,66108	-31,4574	-19,66107	-31,4574
11200	-19,00572	-31,4574	-19,00571	-32,11276
11220	-18,35035	-32,11276	-18,35034	-32,76812
11240	-11,79669	-31,45741	-9,83055	-32,76813
11260	-9,1752	-32,11278	-9,1752	-32,76814
11280	-8,51984	-32,11278	-8,51984	-32,76814
11300	-7,86448	-32,76814	-7,86447	-32,11278
11320	-7,86448	-32,76814	-7,86447	-32,76814
11340	-7,20911	-32,76814	-7,20911	-33,4235
11360	-7,20911	-32,76815	-7,20911	-33,42351
11380	-7,20912	-33,42352	-7,20912	-34,07887
11400	-7,20913	-34,07888	-5,89841	-34,73424
11420	14,41791	-31,45746	28,18074	-30,80211
11440	31,45765	-30,14676	29,49158	-30,14675
11460	29,49156	-28,83601	29,49156	-28,83602
11480	29,49156	-28,83602	29,49156	-28,83602
11500	30,14691	-28,18066	30,14692	-28,18066
11520	30,14691	-28,18065	29,49155	-28,18065
11540	30,1469	-27,5253	30,1469	-28,83602
11560	30,1469	-28,18066	30,1469	-28,83602
11580	30,14689	-28,18066	30,14689	-28,83602
11600	30,14688	-28,18067	30,14689	-29,49138
11620	30,14688	-29,49139	30,80224	-29,49139
11640	41,28817	-25,55924	49,80807	-26,86994
11660	49,80809	-26,86994	47,84199	-26,86991
11680	47,84199	-26,21454	47,84199	-26,21453
11700	47,84199	-25,55916	47,84198	-26,21452
11720	47,84199	-25,55917	48,49735	-26,21453
11740	48,49736	-26,21453	48,49736	-26,21453
11760	48,49736	-26,21454	49,15273	-26,8699
11780	49,15272	-26,21455	49,15273	-26,8699
11800	49,80808	-26,86991	49,15272	-27,52527
11820	49,15272	-27,52528	49,15272	-27,52528
11840	49,15272	-27,52528	49,15271	-28,18064
11860	49,15271	-28,18065	49,1527	-28,18065
11880	49,80804	-28,18065	49,80804	-28,83601
11900	49,80803	-28,18065	49,80803	-28,83601
11920	49,80802	-28,83601	49,80801	-28,83601
11940	49,80801	-28,83602	49,80802	-28,83602
11960	49,80801	-28,83602	49,15265	-29,49137
11980	49,15265	-28,83601	49,15265	-29,49054
12000	49,15264	-29,49137	49,15264	-29,49137
12020	49,80799	-29,49137	49,15263	-30,14673
12040	49,15262	-30,14673	49,15262	-30,80209
12060	49,15262	-30,14673	49,15262	-30,80209
12080	49,15262	-30,80209	48,49725	-31,45745
12100	49,15261	-30,80209	48,49725	-31,45745
12120	48,49724	-31,45746	47,84189	-31,45745
12140	48,49724	-31,45746	48,49724	-32,11281
12160	48,49723	-31,45746	48,49723	-32,11282
12180	48,49722	-31,45746	48,49723	-32,11282
12200	48,49722	-31,45746	47,84186	-32,11281
12220	47,84186	-31,45746	47,84187	-32,11281
12240	47,84186	-31,45745	47,84186	-32,11281
12260	48,49722	-32,11282	47,84186	-32,11282
12280	47,84186	-32,11282	47,84186	-32,76818
12300	41,94355	-33,42352	27,52539	-36,04495
12320	22,9378	-36,04496	23,59319	-35,38959
12340	24,24855	-34,07886	23,59318	-34,73422
12360	24,24855	-34,07886	23,59319	-34,07887
12380	23,59319	-34,07886	23,59319	-34,73422
12400	23,59319	-34,07886	23,59319	-34,73422
12420	23,59319	-34,07887	23,59319	-34,07887
12440	24,24855	-34,07887	23,59319	-34,73423
12460	24,24855	-34,07887	23,5932	-34,73423
12480	23,59319	-34,73423	23,5932	-34,73423
12500	24,24856	-34,73424	23,59321	-35,3896
12520	23,59321	-34,73423	23,59321	-35,38959
12540	24,24857	-34,73424	24,24858	-35,3896
12560	23,59322	-35,3896	24,24858	-35,3896
12580	24,24858	-35,3896	24,24858	-36,04496
12600	24,24858	-36,04496	24,24858	-36,70032
12620	32,76837	-32,76818	45,22048	-30,80209
12640	49,80808	-32,11283	48,49735	-32,11283
12660	48,49734	-31,45747	49,15269	-31,45747
12680	49,15269	-31,45747	49,15269	-31,45746
12700	49,15268	-31,45746	49,15268	-31,45747
12720	49,15268	-31,45746	49,15268	-31,45746
12740	49,80804	-30,80211	49,15268	-31,45746
12760	49,80804	-30,8021	49,80804	-31,45746
12780	49,15267	-30,80211	49,80804	-30,8021
12800	49,80804	-30,14674	49,80804	-30,8021
12820	49,80804	-30,8021	50,46341	-31,45747
12840	50,4634	-31,45745	50,46342	-31,45746
12860	51,11879	-30,80211	51,77416	-30,80211
12880	53,74026	-30,14676	64,22619	-26,86996
12900	72,74608	-25,55924	72,74612	-26,86997
12920	73,40147	-25,55925	73,40149	-25,55924
12940	74,71221	-25,55926	74,71221	-25,55926
12960	74,71221	-24,9039	74,05685	-26,21462
12980	74,7122	-25,55925	74,05683	-26,21461
13000	74,05683	-26,21461	74,05682	-26,86997
13020	74,05681	-26,86998	72,74609	-27,52533
13040	72,74607	-27,52534	72,09071	-28,18069
13060	72,74606	-27,52533	72,0907	-28,18069
13080	72,74605	-28,18069	72,0907	-28,18069
13100	72,09069	-28,1807	72,74606	-28,1807
13120	72,74606	-28,1807	72,74606	-28,83605
13140	72,74606	-28,1807	72,74606	-28,83605
13160	72,74606	-28,1807	72,74606	-28,83605
13180	72,09069	-28,18069	73,40143	-28,1807
13200	84,54274	-22,9378	92,40724	-24,24851
13220	93,06264	-24,24852	91,75192	-23,59314
13240	91,75191	-22,93778	91,75192	-23,59314
13260	92,40727	-22,93778	91,75191	-23,59313
13280	91,75191	-22,93777	91,75191	-23,59313
13300	91,75191	-22,93777	91,75191	-23,59312
13320	91,75191	-22,93777	91,09655	-23,59313
13340	91,75191	-22,93776	91,75191	-23,59312
13360	91,09654	-22,93775	91,09654	-23,59312
13380	91,09654	-22,28239	91,09654	-22,93775
13400	91,09653	-21,62703	91,09654	-20,97166
13420	90,44117	-19,66094	90,44117	-17,69485
13440	89,78581	-14,41803	89,13045	-11,79658
13460	89,78581	-9,17514	100,27175	-3,93224
13480	110,75775	-1,31077	111,41317	-0,6554
13500	109,44706	2,62141	108,79169	4,5875
13520	108,79168	6,55359	108,13632	6,5536
13540	108,79167	7,86431	108,79167	7,86433
13560	108,79166	7,86432	108,1363	7,86432
13580	109,447	7,86432	109,44699	7,86432
13600	109,44698	7,86432	110,10233	7,20895
13620	110,10232	7,20895	110,75768	7,20895
13640	110,75767	7,20895	110,75767	6,55359
13660	110,75766	7,20895	110,75766	7,20895
13680	110,75766	7,20895	110,75766	6,55359
13700	110,75766	6,55358	110,75767	5,24287
13720	111,41302	5,89822	112,0684	6,55359
13740	113,37915	7,86432	113,37915	6,5536
13760	113,37914	6,5536	113,37914	6,55359
13780	113,37914	6,55359	112,72378	6,55359
13800	113,37913	7,20895	113,37914	7,20895
13820	113,37914	6,55359	112,72378	5,89823
13840	113,37914	6,55359	113,37914	5,89823
13860	113,37914	5,24286	103,54858	-3,27683
13880	79,29977	-16,38407	51,11876	-25,55912
13900	33,42371	-26,21447	29,49154	-22,93767
13920	30,80229	-20,97158	31,45765	-20,97158
13940	31,45764	-19,66086	31,45764	-19,66086
13960	31,45764	-19,0055	31,45765	-19,66086
13980	31,45764	-19,00551	31,45765	-19,66087
14000	31,45764	-19,00551	31,45764	-19,66087
14020	32,113	-19,00551	31,45764	-19,66087
14040	31,45764	-19,66087	19,00562	-21,62692
14060	7,20895	-22,28228	3,93213	-22,28228
14080	5,24286	-20,31619	5,24286	-20,97155
14100	5,24286	-20,3162	5,24287	-20,97156
14120	5,89822	-20,3162	5,24287	-20,3162
14140	5,89823	-19,66084	5,89823	-20,3162
14160	5,89822	-19,66084	5,89823	-20,3162
14180	5,89823	-19,66084	5,89824	-20,3162
14200	5,89823	-19,66084	6,5536	-20,3162
14220	5,89823	-20,3162	5,89824	-20,31619
14240	6,5536	-20,3162	6,5536	-20,31619
14260	6,55361	-20,97155	6,55361	-21,62692
14280	7,20896	-20,97156	7,20897	-21,62692
14300	7,20897	-21,62692	6,55361	-22,28228
14320	7,20897	-22,28228	7,20897	-22,93764
14340	7,20897	-22,93764	7,20897	-23,593
14360	7,20896	-23,5923	15,07334	-22,93766
14380	29,49152	-20,31623	35,38989	-22,28233
14400	34,73452	-21,62697	34,07915	-22,28233
14420	34,73451	-22,28233	34,7345	-23,59305
14440	34,73449	-22,9377	34,7345	-23,59305
14460	34,73449	-22,9377	34,73448	-24,24842
14480	34,73448	-24,24842	34,73448	-24,90378
14500	34,73447	-24,90378	34,73447	-26,2145
14520	34,73446	-26,2145	34,0791	-26,86986
14540	34,07909	-26,86987	33,42628	-27,52523
14560	33,42372	-27,52523	34,07908	-28,18059
14580	34,07907	-28,1806	33,42372	-29,49132
14600	33,42371	-29,49132	-42,59796	-26,86989
14620	49,15264	-26,8699	50,46341	-28,836
14640	49,80803	-28,18063	49,15268	-28,83599
14660	50,46338	-28,836	49,80802	-29,49136
14680	49,80802	-29,49136	49,80801	-29,49137
14700	50,46336	-30,14673	50,46336	-30,80209
14720	49,80798	-30,80209	49,80797	-32,11281
14740	49,80796	-32,11281	48,49722	-33,42354
14760	48,49721	-33,42353	47,84183	-34,73425
14780	47,84181	-34,0789	47,18645	-35,38961
14800	46,53107	-35,38961	45,87571	-35,38961
14820	45,8757	-36,04498	46,53106	-36,70034
14840	46,53105	-36,04498	45,8757	-36,04498
14860	46,53106	-36,70035	46,53107	-36,70034
14880	46,53106	-36,70035	51,11865	-36,045
14900	64,22609	-30,80211	70,77988	-31,45746
14920	70,77991	-31,45747	69,46918	-31,45746
14940	69,46918	-31,45746	69,46918	-31,45747
14960	69,46917	-32,11282	68,81381	-32,11283
14980	69,46917	-32,7682	68,81381	-33,42355
15000	69,46917	-32,76819	68,81381	-33,42355
15020	69,46917	-33,42356	69,46918	-34,07892
15040	69,46918	-34,07892	69,46919	-34,73428
15060	69,46918	-34,07892	69,46919	-34,73428
15080	69,46919	-34,73429	69,46919	-35,38965
15100	69,46919	-35,38965	69,46919	-36,04501
15120	70,77991	-35,38966	76,6808	-33,42356
15140	79,29975	-34,73429	78,64437	-34,7343
15160	78,64436	-34,07894	79,29972	-34,7343
15180	79,29971	-34,7343	79,29971	-34,7343
15200	79,2997	-34,07894	79,29971	-34,7343
15220	79,2997	-34,07894	79,29971	-34,73429
15240	79,95507	-34,07894	79,95507	-34,73429
15260	79,2997	-34,07893	79,29971	-34,73429
15280	79,2997	-34,07894	83,23191	-32,76821
15300	97,65009	-26,86996	106,16999	-27,5253
15320	105,51464	-26,86994	103,54855	-26,21457
15340	104,20391	-25,55921	104,20391	-25,55921
15360	104,20391	-24,90385	104,20391	-24,90384
15380	104,2039	-24,24848	104,2039	-24,24849
15400	104,85926	-24,24849	104,85925	-24,90385
15420	104,85924	-24,24849	104,85924	-24,90385
15440	104,85924	-24,24849	104,85924	-24,24849
15460	104,85923	-24,24849	104,85923	-24,24849
15480	104,85923	-23,59313	104,85923	-24,24849
15500	104,85923	-23,59313	104,85923	-24,24849
15520	104,85922	-23,59313	104,85923	-24,24849
15540	108,13609	-22,28241	108,79148	-23,59312
15560	108,1361	-22,93777	108,1361	-22,93776
15580	108,1361	-22,2824	107,48075	-22,93776
15600	108,1361	-22,2824	107,48075	-22,28239
15620	108,13611	-21,62704	107,48075	-21,62704
15640	108,13611	-21,62703	107,48076	-22,28239
15660	107,48076	-21,62703	107,48076	-21,62703
15680	108,13612	-21,62703	107,48076	-22,28239
15700	107,48077	-21,62703	107,48077	-22,28239
15720	108,13613	-21,62703	107,48077	-22,28239
15740	108,13613	-22,2824	107,48078	-22,2824
15760	108,13614	-22,2824	104,20394	-26,86992
15780	82,57665	-37,3557	49,80803	-48,49683
15800	20,31631	-56,36113	1,96598	-55,0504
15820	0,65529	-51,7736	2,62142	-51,11823
15840	2,62141	-49,80752	1,96604	-49,80752
15860	1,96604	-48,4968	2,6214	-49,15216
15880	2,62139	-48,49681	3,27675	-48,49681
15900	3,93209	-48,49681	3,93208	-49,15218
15920	4,58743	-48,49682	4,58742	-49,15218
15940	5,24278	-48,49683	5,24277	-49,15219
15960	5,24276	-48,49683	5,24276	-49,1522
15980	5,89812	-48,49684	5,24276	-49,1522
16000	5,89812	-49,1522	5,89813	-49,1522
16020	5,89812	-49,15221	5,89813	-49,15221
16040	5,89812	-49,15221	5,89812	-49,80757
16060	5,89812	-49,15221	5,89812	-49,80757
16080	5,89811	-49,15222	5,89811	-49,80758
16100	6,55347	-49,15222	5,89811	-49,80758
16120	6,55346	-49,80759	16,38397	-45,22006
16140	24,90386	-41,94325	26,87001	-43,90933
16160	26,21462	-43,25398	26,21462	-43,25397
16180	26,21461	-43,25398	26,2146	-43,90933
16200	26,21459	-43,25397	26,2146	-43,90933
16220	26,21459	-43,90933	26,21459	-44,5647
16240	26,86995	-43,90933	26,86995	-44,5647
16260	26,86994	-43,90934	26,86994	-44,56469
16280	26,86995	-43,90934	26,86995	-44,56469
16300	27,52531	-43,90933	27,52532	-44,5647
16320	27,52531	-43,90934	27,52532	-44,5647
16340	28,18068	-44,5647	27,52533	-44,5647
16360	28,18068	-44,5647	28,18069	-44,5647
16380	28,18069	-44,5647	28,1807	-44,5647
16400	28,83606	-44,56471	28,83607	-44,56471
16420	28,83607	-44,56472	28,83608	-44,56472
16440	36,70052	-40,63257	46,53116	-39,97721
16460	47,84193	-40,63257	47,18656	-40,63257
16480	46,5312	-39,97721	46,5312	42,59816
16500	46,5312	-39,9772	46,5312	-39,97719
16520	46,5312	-39,32182	46,5312	-39,97718
16540	46,5312	-39,32183	46,5312	-39,97718
16560	46,53119	-39,97718	45,87584	-40,63254
16580	46,53119	-39,97718	46,5312	-40,63254
16600	45,87584	-40,63254	45,87583	-41,2879
16620	45,87583	-40,63254	47,84193	-40,63255
16640	60,94935	-36,7004	67,50314	-39,32184
16660	68,1585	-38,66649	66,84776	-39,32184
16680	67,50311	-38,66648	67,50309	-39,32184
16700	67,50308	-39,32185	66,84772	-39,97721
16720	67,50307	-39,32185	67,50307	-39,97721
16740	67,50307	-39,97721	67,50307	-40,63257
16760	67,50306	-39,97721	67,50306	-40,63257
16780	67,50306	-39,97722	66,8477	-41,28794
16800	66,84769	-40,63257	66,84769	-41,28794
16820	66,84768	-40,63258	66,84768	-41,28794
16840	66,84768	-40,63258	66,84767	-41,28794
16860	66,19231	-41,28794	66,84768	-41,9433
16880	66,84767	-41,28794	66,84768	-41,9433
16900	66,84768	-41,28794	66,84768	-41,9433
16920	66,84767	-41,94331	66,84767	-41,9433
16940	66,84767	-41,28794	66,84767	-41,9433
16960	66,84766	-41,94331	66,19231	-41,9433
16980	66,84766	-41,9433	66,1923	-41,9433
17000	66,84766	-41,9433	66,1923	-42,59866
17020	66,1923	-42,59867	66,1923	-42,59866
17040	66,1923	-42,59867	66,19231	-42,59866
17060	66,1923	-42,59866	66,1923	-42,59866
17080	66,1923	-42,59867	65,53694	-43,25402
17100	66,1923	-42,59867	65,53695	-42,59866
17120	65,53695	-42,59867	65,53695	-43,25402
17140	65,53694	-43,25403	65,53695	-43,25402
17160	65,53695	-43,25403	64,8816	-43,90939
17180	65,53696	-43,90939	65,53696	-43,90939
17200	64,8816	-43,25403	64,88161	-44,56475
17220	64,8816	-44,56476	64,88161	-45,22012
17240	64,88161	-44,56476	64,88161	-45,22012
17260	64,88161	-44,56475	64,88161	-44,56475
17280	64,88162	-44,56475	64,22626	-44,56475
17300	64,22626	-43,90939	64,22626	-44,56474
17320	64,22626	-43,90938	64,22626	-44,56474
17340	64,22626	-43,90938	64,22627	-44,56475
17360	64,22627	-45,22011	64,88164	-49,15229
17380	71,43536	-68,8132	79,29986	-104,20284
17400	84,54284	-132,38347	85,85361	-144,83536
17420	85,19833	-143,52459	-42,59683	-143,52456
17440	85,19838	-144,83528	85,1984	-145,49064
17460	85,1984	-145,49063	85,19842	-146,14599
17480	85,19842	-145,49063	85,19843	-146,80135
17500	85,85379	-147,45672	85,19844	-148,11207
17520	85,19844	-148,11207	85,19844	-148,76744
17540	85,8538	-148,76744	85,19844	-150,07816
17560	85,19845	-150,73352	85,19845	-151,38888
17580	85,19845	-152,04425	85,85382	-153,35497
17600	85,19846	-153,35497	85,85383	-155,32105
17620	85,85384	-155,97641	85,19848	-157,28713
17640	85,19849	-157,94249	85,1985	-159,25322
17660	85,1985	-159,25322	83,88777	-157,94248
17680	83,23241	-155,32102	82,57706	-156,63174
17700	83,23241	-156,63174	83,23241	-156,63173
17720	83,23241	-156,63174	83,23242	-157,28709
17740	83,23241	-157,28709	83,23242	-157,28709
17760	82,57706	-156,63173	82,57706	-157,28709
17780	82,57706	-157,28709	82,57707	-157,28708
17800	82,57707	-157,28708	82,57707	-157,94244
17820	83,23244	-157,28708	-42,59668	-157,94243
17840	82,57709	-157,94243	85,19858	-156,63171
17860	86,50935	-155,32098	85,854	-155,97634
17880	85,854	-155,32098	85,85403	-156,63169
17900	85,85404	-155,97633	85,85406	-157,28705
17920	85,85408	-157,28706	86,50946	-157,94241
17940	86,50948	-157,28705	87,16487	-159,25313
17960	87,82025	-160,56386	88,47564	-163,84066
17980	89,13104	-167,77284	89,13113	-176,29252
18000	88,4759	-190,0551	86,50994	-204,47296
18020	79,30105	-201,19592	66,84931	-190,05444
18040	52,43152	-187,43269	39,32442	-192,67533
18060	32,11554	-202,50558	27,5282	-212,99134
18080	20,97464	-218,23422	18,3531	-214,95742
18100	22,28518	-205,78238	27,528	-199,88414
18120	32,11547	-195,29672	34,73685	-193,33076
18140	37,35818	-191,36477	39,97953	-191,36487
18160	42,60091	-191,36495	44,56695	-192,02039
18180	47,84371	-191,36509	49,80975	-192,67586
18200	52,43115	-192,02055	54,39719	-192,67594
18220	56,36323	-192,02061	-42,59617	-192,02063
18240	59,63995	-188,74385	60,95061	-187,43314
18260	62,26128	-184,15635	64,2273	-180,87956
18280	65,53796	-178,25812	66,19328	-176,94741
18300	58,32883	-174,32592	39,32308	-170,39369
18320	34,73547	-167,77227	36,70154	-165,8062
18340	37,35685	-163,18477	36,70144	-161,2187
18360	37,35676	-158,59727	37,35673	-157,94192
18380	37,35669	-155,97586	37,35667	-155,32051
18400	38,01201	-154,00979	38,012	-154,0098
18420	38,66734	-153,35445	38,01199	-154,00982
18440	38,66733	-154,00982	39,3227	-154,66519
18460	39,97804	-154,00983	40,6334	-154,6652
18480	41,28876	-154,00984	41,28877	-154,00985
18500	41,94412	-153,35449	42,5995	-154,00986
18520	42,59949	-153,3545	43,25485	-154,00986
18540	50,46391	-150,73307	61,60524	-148,11162
18560	63,57137	-148,76699	62,26063	-148,767
18580	62,26061	-147,45628	62,2606	-147,45628
18600	62,26058	-146,14556	62,26057	-146,14556
18620	62,26055	-144,83485	62,26054	-144,83485
18640	61,60517	-143,52413	61,60516	-144,17949
18660	61,60515	-142,86877	61,60514	-142,86878
18680	61,60512	-142,21342	64,2266	-140,9027
18700	76,67865	-137,6259	79,3002	-138,93662
18720	77,98945	-138,28126	77,98944	-138,28126
18740	77,98943	-137,6259	77,98941	-138,28127
18760	77,9894	-137,62591	77,9894	-137,62591
18780	77,98939	-136,31519	77,98939	-136,97055
18800	77,98936	-136,31519	77,98936	-136,31519
18820	77,98935	-136,3152	77,33399	-136,3152
18840	77,98934	-135,65984	77,33398	-135,65984
18860	77,33397	-135,65985	77,33397	-136,3152
18880	85,19839	-133,69377	87,81992	-135,65985
18900	87,16454	-135,0045	86,50917	-135,00449
18920	85,85379	-134,34913	85,85378	-134,34913
18940	85,85377	-133,69377	85,1984	-134,34913
18960	85,19838	-133,69377	84,54302	-133,69378
18980	83,88764	-133,69378	83,23228	-134,34913
19000	83,23228	-134,34914	82,57691	-135,0045
19020	82,5769	-133,69377	81,92154	-134,34913
19040	81,26617	-133,69377	81,26617	-134,34913
19060	81,92152	-133,69377	90,44134	-130,41697
19080	95,02898	-131,07233	95,02896	-131,72769
19100	95,02894	-129,76161	94,37357	-131,07233
19120	95,02892	-130,41697	95,0289	-129,76161
19140	95,0289	-129,10625	95,02888	-129,10625
19160	95,02888	-128,45089	95,02888	-127,79553
19180	95,02888	-127,14017	95,02888	-127,14016
19200	95,02886	-125,82945	95,02886	-125,17408
19220	95,02885	-125,17409	95,02885	-125,17408
19240	95,02884	-123,86336	94,37347	-124,51872
19260	95,02882	-123,86337	94,37346	-123,86336
19280	94,37345	-123,20801	94,37344	-122,55265
19300	94,37343	-122,55265	93,71807	-121,89729
19320	93,71806	-121,89729	93,71806	-122,55264
19340	93,71806	-121,89729	93,71805	-121,89729
19360	93,71805	-121,24193	93,71804	-121,89729
19380	93,71804	-121,24194	93,71804	-121,8973
19400	93,71803	-121,8973	93,71803	-123,20802
19420	93,71803	-125,17411	93,71804	-127,79556
19440	93,71807	-131,07237	93,06272	-133,03845
19460	93,06273	-131,07236	92,40738	-131,07236
19480	92,40736	-129,10627	92,40736	-129,10627
19500	92,40735	-127,79454	92,40735	-127,14019
19520	92,40735	-125,82947	92,40734	-124,51875
19540	92,40734	-123,20802	92,40735	-123,86338
19560	93,0627	-122,55266	93,06271	-122,55266
19580	93,71807	-122,55266	93,06271	-124,51874
19600	93,06272	-124,51874	93,06272	-125,1741
19620	93,06273	-124,51874	92,40737	-124,51874
19640	92,40736	-123,86338	92,40737	-123,86337
19660	92,40737	-122,55265	92,40737	-122,55265
19680	92,40736	-121,89729	92,40736	-121,24192
19700	92,40738	-121,24192	93,06274	-121,24192
19720	93,06274	-121,24192	93,06274	-121,89728
19740	93,06274	-121,24192	93,06274	-121,24192
19760	93,06274	-120,58656	92,40739	-121,24191
19780	92,40739	-119,9312	92,40739	-119,93119
19800	91,75203	-119,93119	91,75204	-120,58655
19820	92,4074	-119,93119	91,75204	-119,93118
19840	91,75204	-119,93118	91,75204	-119,93118
19860	91,75205	-119,27582	91,0967	-119,93118
19880	91,09669	-119,27582	91,0967	-119,93118
19900	91,0967	-119,93118	91,09671	-121,2419
19920	90,44135	-120,58654	90,44135	-120,58654
19940	89,78599	-120,58654	89,78599	-121,2419
19960	89,78599	-121,2419	89,78598	-121,2419
19980	90,44132	-120,58655	89,78595	-121,89726
20000	90,44131	-121,24191	89,78594	-121,2419
20020	89,78592	-120,58654	89,13057	-120,58654
20040	89,13055	-119,93118	88,47519	-119,93118
20060	87,81983	-119,27581	87,16447	-119,93117
20080	86,5091	-118,62045	86,5091	-119,27581
20100	85,85372	-118,62045	84,543	-119,93117
20120	84,54298	-119,27581	83,23224	-119,2758
20140	81,92149	-118,62044	80,61074	-118,62044
20160	79,29998	-118,62044	77,98923	-119,2758
20180	76,67847	-118,62044	74,71237	-118,62042
20200	73,40161	-117,96506	71,43551	-117,96505
20220	70,12476	-117,96505	68,81402	-117,96505
20240	67,50327	-118,62041	65,53719	-120,5865
20260	64,22645	-120,5865	62,91572	-121,89722
20280	61,60498	-123,20796	60,9496	-123,86332
20300	61,60494	-123,20797	60,94955	-123,20798
20320	61,60489	-122,55262	60,94951	-122,55262
20340	60,94949	-121,89726	60,94947	-121,89726
20360	60,94945	-121,89726	60,94944	-123,20798
20380	60,29407	-124,51871	60,29407	-126,48479
20400	59,6387	-125,82943	59,6387	-125,82943
20420	59,6387	-124,51871	58,98334	-125,17406
20440	58,98334	-124,5187	47,18667	-119,93108
20460	19,66109	-109,44517	-20,97163	-102,89144
20480	-33,42367	-96,99316	-32,11295	-95,02709
20500	-30,80222	-91,09493	-31,45759	-90,43958
20520	-30,80222	-89,78423	-30,80222	-88,47351
20540	-30,14686	-87,1628	-30,8022	-86,50744
20560	-30,14685	-85,19673	-30,14684	-85,19673
20580	-30,14683	-83,88602	-30,14682	-83,23065
20600	-29,49146	-82,5753	-29,49144	-81,91995
20620	-29,49144	-81,26459	-29,49144	-81,91995
20640	-30,14678	-82,57532	-29,4914	-85,85214
20660	-28,18064	-96,99331	0,65559	-131,72757
20680	33,42431	-174,9815	53,08588	-211,68171
20700	57,01862	-238,55145	54,3974	-245,76037
20720	53,0867	-241,17281	53,74207	-242,48352
20740	53,74206	-243,13889	54,39741	-243,1389
20760	55,05275	-243,13891	55,05273	-243,13892
20780	55,70806	-243,13893	56,36341	-243,13894
20800	57,01875	-242,48359	57,01874	-242,48359
20820	57,67408	-241,82825	57,67408	-241,82825
20840	58,32943	-240,51754	58,98478	-240,51754
20860	59,64013	-239,20683	58,98477	-239,86219
20880	59,64012	-238,55148	58,98476	-238,55148
20900	59,6401	-237,89612	59,6401	-237,24076
20920	59,64009	-235,93005	59,64008	-235,93005
20940	60,29543	-234,61933	60,29543	-233,96397
20960	60,29542	-233,30862	60,29542	-233,30862
20980	60,95077	-231,9979	56,36323	-235,27468
21000	49,15417	-239,20684	48,49881	-239,20685
21020	49,80953	-237,24076	49,15416	-236,5854
21040	49,8095	-235,27469	49,8095	-234,61933
21060	50,46485	-233,30861	50,46485	-232,65325
21080	50,46484	-231,34254	50,46482	-231,34253
21100	51,12018	-230,03182	51,77553	-230,03182
21120	51,77552	-228,72111	51,77552	-228,72111
21140	52,43087	-228,06575	52,43087	-228,06575
21160	53,08622	-226,75504	53,08623	-226,75503
21180	53,08622	-225,44431	53,08622	-224,78896
21200	53,74158	-222,82288	53,74157	-222,82288
21220	54,39693	-221,51217	54,39694	-220,8568
21240	55,05229	-219,54609	55,05229	-219,54609
21260	55,70764	-218,23537	55,70764	-217,58001
21280	55,70764	-216,26929	55,70764	-215,61393
21300	56,36299	-214,30321	56,36299	-213,64785
21320	56,36299	-212,33713	56,36298	-212,33713
21340	57,01834	-211,02641	57,01835	-209,71569
21360	57,01834	-209,06032	57,01834	-209,06033
21380	57,01834	-207,74961	57,01835	-207,09426
21400	57,6737	-206,43889	57,6737	-205,78353
21420	57,6737	-205,12817	57,6737	-205,12817
21440	57,6737	-204,47282	57,67371	-204,47281
21460	57,67372	-203,81746	57,01836	-203,81746
21480	57,67372	-203,1621	57,01837	-203,81746
21500	60,2952	-201,19602	77,99024	-193,33168
21520	98,96218	-186,12268	104,86063	-186,77803
21540	104,20525	-186,12268	103,54987	-185,46731
21560	104,20522	-184,81196	104,20521	-185,46733
21580	104,86055	-184,81198	105,5159	-185,46734
21600	105,51588	-184,81199	106,17122	-185,46736
21620	106,17121	-184,812	106,82656	-185,46737
21640	107,4819	-185,46738	107,4819	-186,12274
21660	106,82653	-186,12275	106,82652	-187,43347
21680	107,48188	-186,12276	107,48187	-186,77811
21700	108,13722	-185,4674	108,79258	-186,12276
21720	108,13721	-186,77812	108,79257	-188,08885
21740	108,79256	-188,74422	108,79257	-190,71029
21760	109,44791	-190,71031	108,79255	-192,02103
21780	108,79254	-193,33176	108,13718	-195,29783
21800	108,13717	-195,29784	108,13716	-191,36566
21820	106,82643	-188,08884	106,82643	-190,71029
21840	106,82642	-191,36566	106,82642	-192,67638
21860	106,82642	-193,98711	106,82642	-195,95319
21880	106,82642	-195,9532	107,48179	-196,60857
21900	107,48179	-196,60858	108,13717	-196,60858
21920	108,79253	-196,60858	108,79254	-197,26394
21940	108,79254	-196,60859	108,79255	-196,60858
21960	108,79254	-196,60859	108,79256	-197,26394
21980	108,79257	-196,6086	108,79258	-197,26395
22000	108,13722	-195,95323	108,13723	-195,95323
22020	108,79259	-195,29787	108,7926	-195,29787
22040	109,44797	-195,29787	109,44799	-195,95323
22060	109,44801	-196,60859	109,44804	-198,57467
22080	110,75878	-197,91931	111,41416	-197,26394
22100	113,38026	-196,60858	114,03564	-197,26394
22120	115,34638	-195,95321	116,65712	-196,60858
22140	117,31251	-197,26394	117,96791	-199,23002
22160	118,6233	-199,88538	119,93405	-201,19609
22180	119,93408	-201,85145	121,24483	-205,12825
22200	120,58952	-211,02648	118,62353	-222,82293
22220	114,69152	-235,93003	107,48279	-250,3478
22240	98,96327	-261,48877	89,13307	-272,62956
22260	79,95814	-278,52745	68,16166	-281,80414
22280	59,64198	-280,49342	50,46694	-277,21662
22300	43,91334	-273,28446	36,70438	-269,3523
22320	33,42758	-262,7987	28,84006	-257,55582
22340	26,87398	-251,65758	26,21862	-248,38078
22360	26,21862	-245,75934	27,52934	-247,72542
22380	32,77222	-252,31294	40,63654	-258,86654
22400	53,74374	-264,76478	65,54022	-268,04158
22420	75,37062	-270,66302	81,26886	-267,38622
22440	87,82246	-258,86654	93,7207	-252,31294
22460	98,96358	-242,48268	102,24033	-235,27392
22480	104,20629	-227,40972	106,17227	-221,51154
22500	108,7936	-216,9241	110,75959	-212,99201
22520	112,0702	-208,40456	112,72547	-205,12782
22540	114,03609	-201,19571	114,036	-198,57432
22560	114,69127	-195,29756	114,69121	-195,29759
22580	114,03582	-197,26369	114,0358	-197,91907
22600	114,03574	-195,29764	114,0357	-194,6423
22620	114,69101	-192,67624	114,03561	-193,33161
22640	114,69094	-192,0209	114,6909	-190,71019
22660	115,34622	-189,39949	115,34619	-189,39949
22680	116,00152	-187,43342	115,34614	-189,39951
22700	115,34613	-190,05488	115,34612	-192,67632
22720	115,34614	-195,95313	113,38009	-202,50674
22740	112,72478	-209,71569	110,1034	-220,85676
22760	105,51604	-233,96381	96,34128	-251,00297
22780	87,16662	-270,66338	76,02579	-287,70238
22800	60,9526	-290,97918	52,43302	-288,35774
22820	45,87942	-285,7363	41,94726	-285,7363
22840	46,53478	-285,08094	60,29734	-282,4595
22860	76,68134	-283,11486	87,1671	-276,56126
22880	94,376	-266,0755	98,96344	-253,62368
22900	101,58476	-245,1043	103,55071	-237,89553
22920	106,17202	-230,68668	108,13798	-226,75459
22940	109,44856	-221,5118	110,75917	-216,92435
22960	112,06978	-212,33689	112,06968	-209,7155
22980	112,72495	-207,0941	113,38024	-204,4727
23000	112,7248	-201,85129	113,3801	-200,5406
23020	113,38003	-198,57454	113,37999	-197,9192
23040	113,37996	-198,57457	112,72457	-199,22994
23060	112,72456	-200,54067	112,72457	-202,50675
23080	112,72456	-202,50675	112,72456	-202,50675
23100	112,72454	-201,8514	112,72451	-200,54068
23120	114,0352	-199,22996	114,69053	-198,5746
23140	117,312	-201,85141	119,93358	-212,99256
23160	120,58893	-214,3033	121,24426	-211,02649
23180	120,58889	-209,71577	121,24423	-208,40506
23200	120,58885	-207,09434	120,58884	-207,7497
23220	120,58882	-206,43899	119,93345	-206,43898
23240	119,93342	-205,78363	119,27805	-205,12827
23260	119,27803	-204,47291	118,62266	-205,12828
23280	118,62265	-204,47292	117,31191	-204,47292
23300	117,3119	-203,81757	116,65652	-203,81756
23320	116,00115	-203,16221	115,34578	-202,50685
23340	115,34576	-201,85149	114,6904	-201,85149
23360	115,34574	-201,19613	114,69038	-199,88542
23380	114,69037	-200,54078	114,035	-199,88542
23400	114,69035	-199,23007	113,37962	-199,23007
23420	114,03497	-198,57471	113,37961	-198,57471
23440	113,3796	-197,91935	112,72424	-197,91935
23460	112,72422	-197,26399	112,72422	-197,91936
23480	112,72421	-196,60864	112,06885	-197,264
23500	111,41348	-196,60864	111,41348	-197,264
23520	111,41347	-196,60865	110,7581	-197,26401
23540	110,75809	-195,95329	110,10273	-196,60865
23560	110,10272	-195,95329	109,44736	-195,95329
23580	109,44735	-195,29793	109,44735	-195,29794
23600	108,79198	-194,64258	108,79197	-194,64258
23620	108,79197	-193,98722	108,1366	-193,98722
23640	108,13659	-192,6765	107,48123	-193,33185
23660	107,48122	-192,02114	106,82586	-192,02113
23680	106,82586	-191,36578	106,17049	-191,36578
23700	106,82584	-190,05506	106,82584	-190,05506
23720	106,17047	-189,3997	106,17047	-189,3997
23740	106,17046	-188,74434	105,5151	-188,74434
23760	105,51508	-188,74434	105,51508	-188,74434
23780	106,17042	-188,08899	106,17041	-188,08898
23800	105,51503	-187,43363	106,17038	-187,43362
23820	105,515	-186,77826	106,17035	-186,77827
23840	105,51498	-186,77827	104,85961	-186,77827
23860	105,51496	-186,12291	105,51496	-186,12292
23880	104,85959	-185,46756	104,85959	-185,46756
23900	104,20423	-185,46756	104,20423	-186,12292
23920	104,20423	-186,12292	103,54887	-186,12292
23940	104,20423	-185,46756	104,20426	-189,39972
23960	104,20429	-192,02118	104,85963	-190,71045
23980	105,51499	-188,74436	105,51498	-187,43365
24000	106,17034	-186,77829	106,17034	-186,77829
24020	106,8257	-185,46757	106,8257	-185,46757
24040	106,8257	-185,46757	107,48106	-185,46757
24060	106,82569	-184,81221	106,82568	-185,46757
24080	106,82568	-184,81222	106,17032	-186,12293
24100	106,17032	-188,08902	105,515	-192,02117
24120	104,20432	-198,57477	101,58297	-208,40511
24140	87,82034	-203,162	64,22728	-182,8454
24160	37,35725	-152,04312	15,73	-121,24098
24180	9,83133	-87,81758	2,62194	-64,22462
24200	-2,62122	-46,52992	-3,27684	-32,76747
24220	-4,58775	-17,03887	-6,55396	-4,58704
24240	-8,52015	6,55408	-9,83094	15,07378
24260	-11,14171	22,93812	-11,79709	28,83639
24280	-12,45247	34,73466	-13,7632	38,66684
24300	-14,41857	42,59903	-42,59905	42,59905
24320	-15,72929	43,25442	-16,38464	42,59906
24340	-17,04	43,25442	-17,69536	42,59906
24360	-17,69536	43,25442	-18,3507	42,59906
24380	-18,3507	43,25442	-18,35069	42,59906
24400	-24,90435	43,25442	-36,70104	42,59906
24420	-42,59928	43,25442	-42,59928	42,59906
24440	-42,59928	43,25442	-42,59928	42,59906
24460	-42,59928	43,25442	-42,59928	42,59906
24480	-42,59928	43,25442	-42,59928	42,59906
24500	-42,59928	43,25442	-42,59928	42,59906
24520	-42,59928	43,25442	-42,59928	42,59906
24540	-42,59928	43,25442	-42,59928	42,59906
24560	-42,59928	43,25442	-42,59928	42,59906
24580	-42,59928	43,25442	-42,59928	28,83635
24600	5,24257	-23,5929	60,29356	-80,60962
24620	88,47475	-131,0726	95,02878	-159,90852
24640	93,71818	-161,87457	93,06285	-161,87452
24660	93,71821	-163,18526	93,71821	-164,49598
24680	94,37356	-165,15135	94,37355	-165,80672
24700	94,37354	-166,46209	94,37354	-167,77282
24720	95,0289	-167,77283	95,0289	-169,73891
24740	95,0289	-170,39429	95,02889	-171,70501
24760	95,68425	-171,70502	95,68425	-173,6711
24780	95,68425	-174,32647	95,68426	-175,63719
24800	95,68425	-176,29256	95,68425	-177,60328
24820	96,33961	-178,25865	95,68426	-178,91401
24840	95,68425	-178,91401	100,27185	-180,22474
24860	108,13634	-181,53546	108,13637	-183,50154
24880	107,48099	-182,19082	107,481	-182,84618
24900	107,481	-182,84618	107,481	-183,50154
24920	107,481	-182,84618	107,48101	-183,50154
24940	107,48101	-182,19082	106,82565	-182,84617
24960	107,48101	-182,84617	107,48101	-183,50154
24980	108,13637	-182,84618	107,48102	-183,50154
25000	107,48102	-183,50154	107,48102	-183,50153
25020	106,82566	-183,50153	106,82566	-183,50153
25040	106,82566	-182,84617	106,82567	-183,50153
25060	106,82567	-182,84617	106,82567	-183,50153
25080	106,82567	-182,84617	106,82567	-182,84617
25100	106,82567	-182,84617	106,17031	-182,84617
25120	106,17031	-182,19081	106,17032	-182,84617
25140	106,17032	-182,19081	106,17033	-182,1908
25160	106,17033	-181,53545	105,51497	-181,53544
25180	106,17032	-180,88009	105,51497	-180,88009
25200	105,51497	-180,88009	104,8596	-181,53545
25220	105,51495	-180,88009	105,51495	-182,19081
25240	105,51494	-181,53545	105,51494	-181,53545
25260	106,17029	-180,8801	106,17029	-180,22473
25280	106,17029	-180,22474	106,17029	-180,88009
25300	106,17028	-180,22474	105,51492	-180,22474
25320	105,51492	-179,56938	105,51492	-179,56938
25340	105,51491	-178,25866	104,85955	-178,91402
25360	105,51491	-178,25866	104,20419	-178,91402
25380	104,85954	-178,25866	104,20417	-178,25866
25400	104,20417	-178,25866	103,54881	-178,91402
25420	100,27197	-177,60328	79,30011	-176,29246
25440	52,42994	-173,01558	32,11348	-173,01554
25460	29,49201	-171,04947	31,45811	-171,04948
25480	31,45809	-170,39413	31,45808	-170,39414
25500	31,45806	-169,73878	31,45806	-170,39415
25520	31,45804	-169,08344	31,45804	-169,7388
25540	31,45803	-169,08345	31,45803	-169,08345
25560	32,11338	-168,4281	31,45801	-169,08346
25580	31,45799	-168,4281	31,458	-168,4281
25600	32,11335	-167,77275	32,11335	-168,42811
25620	32,11335	-167,77275	31,45799	-167,77275
25640	31,45799	-167,77275	31,45798	-167,77275
25660	31,45798	-167,11739	31,45798	-167,11739
25680	31,45798	-166,46203	31,45798	-167,11739
25700	33,42407	-165,15132	53,7406	-161,87452
25720	83,88775	-159,2531	99,61677	-161,21916
25740	99,61682	-161,21918	96,33998	-160,56381
25760	96,99533	-159,90845	96,99533	-161,21918
25780	96,99531	-160,56382	96,99531	-161,21918
25800	96,9953	-160,56382	96,9953	-160,56382
25820	96,9975	-159,90846	96,9953	-160,56383
25840	96,99529	-159,90847	96,99529	-160,56383
25860	96,99529	-159,90847	96,99529	-160,56383
25880	96,99529	-159,90848	96,99529	-160,56384
25900	96,99528	-159,90848	96,33993	-160,56383
25920	96,99529	-159,90848	96,33993	-160,56384
25940	96,33993	-159,90848	96,33993	-160,56384
25960	96,33992	-159,90848	95,68456	-160,56384
25980	96,33991	-160,56385	95,68454	-161,2192
26000	96,33989	-160,56385	96,33989	-161,21921
26020	96,99524	-160,56385	96,99523	-161,21921
26040	97,65059	-161,21921	96,99523	-160,56385
26060	96,99523	-161,21922	97,65059	-161,87458
26080	97,65059	-161,21922	97,65059	-161,87458
26100	97,65059	-161,87458	97,65059	-162,52994
26120	97,65059	-162,52995	97,65059	-163,18531
26140	97,65058	-163,18531	97,65058	-163,84067
26160	98,30594	3,27612	98,30594	-164,49604
26180	98,30593	-164,49605	98,30593	-165,15141
26200	98,96129	-165,80677	98,9613	-167,77286
26220	98,9613	-167,77286	99,61666	-169,08358
26240	98,9613	-171,70504	98,96131	-172,36039
26260	99,61667	-173,01576	99,61667	-174,98184
26280	99,61667	-175,6372	99,61668	-177,60329
26300	100,27203	-178,25865	100,27205	-180,22473
26320	100,92742	-180,88009	101,58279	-183,50154
26340	102,23817	-184,1569	102,89354	-185,46762
26360	103,54892	-186,12298	103,54894	-187,4337
26380	104,20432	-187,4337	104,8597	-189,39979
26400	105,51508	-190,71051	106,17046	-192,02124
26420	106,82584	-193,33196	106,82586	-193,98732
26440	108,1366	-194,64268	108,79199	-195,9534
26460	109,44736	-197,26412	110,10275	-197,91948
26480	110,75812	-199,2302	111,41351	-200,54093
26500	111,41352	-201,19628	112,0689	-203,16236
26520	112,06892	-205,12845	112,06896	-207,09453
26540	112,06901	-210,37133	110,103	-214,95884
26560	108,13702	-219,54636	104,86037	-226,09995
26580	-42,5955	-231,99813	94,37502	-244,4498
26600	85,85575	-256,24602	67,50593	-254,93484
26620	47,84528	-246,4147	28,18459	-237,89502
26640	17,6989	-228,71998	4,59174	-223,4771
26660	-9,17082	-216,9235	-19,00122	-214,30206
26680	-20,9673	-220,2003	-11,1369	-231,34142
26700	7,86854	-239,8611	24,25254	-250,34686
26720	33,42758	-257,55582	36,04902	-259,5219
26740	39,98118	-256,90046	45,22406	-255,58974
26760	51,1223	-254,93447	57,02051	-254,27931
26780	62,2633	-251,00269	65,54	-247,72603
26800	68,8167	-243,79398	70,12732	-243,13867
26820	72,09331	-239,8619	73,40397	-237,89584
26840	74,71461	-235,27445	74,71454	-233,3084
26860	75,36982	-230,68699	76,0251	-229,3763
26880	76,6804	-228,06561	76,68032	-227,41027
26900	76,68027	-226,09957	76,68023	-226,09958
26920	76,68019	-225,44424	75,36943	-225,44425
26940	75,3694	-224,7889	75,36938	-224,78891
26960	75,36934	-224,78891	74,71396	-225,44428
26980	74,71393	-224,78893	73,40319	-224,78892
27000	68,16019	-219,54601	64,88333	-216,26918
27020	66,19401	-214,95849	66,19397	-214,9585
27040	66,19393	-214,30315	66,19391	-214,95852
27060	66,19387	-214,95854	66,84921	-215,61391
27080	66,84919	-215,61391	66,84917	-216,26927
27100	67,5045	-215,61392	66,84913	-216,26928
27120	66,84911	-214,95857	66,84909	-215,61393
27140	66,84908	-214,95858	66,84906	-214,30322
27160	66,84903	-213,64786	66,84902	-212,99251
27180	66,849	-211,6818	66,84898	-211,02643
27200	66,1936	-210,37108	66,84895	-209,71572
27220	66,84893	-208,40501	66,19356	-209,06036
27240	65,53818	-207,74964	77,33484	-202,50675
27260	97,65141	-198,57456	105,51595	-199,88526
27280	104,86058	-199,88527	103,54983	-199,88526
27300	103,54981	-198,57455	103,54979	-198,57455
27320	103,54976	-197,26384	103,54974	-197,26384
27340	103,54972	-195,29776	103,54971	-195,29776
27360	103,54968	-193,98705	103,54967	-193,33169
27380	103,54965	-192,02098	103,54964	-192,02098
27400	103,54961	-190,0549	103,54959	-190,0549
27420	103,54957	-189,39955	106,8264	-189,39955
27440	111,414	-189,39955	111,41398	-189,39955
27460	111,41394	-188,08883	111,41392	-187,43347
27480	111,4139	-186,77812	111,41389	-186,12275
27500	110,75851	-184,81203	111,41385	-184,15667
27520	111,41384	-182,84596	111,41382	-182,84596
27540	110,75845	-182,1906	111,4138	-182,1906
27560	110,75843	-181,53525	110,75842	-180,87989
27580	110,10304	-180,22454	110,75839	-180,22453
27600	110,75838	-179,56918	110,103	-179,56918
27620	110,75835	-178,25846	110,10299	-178,25846
27640	110,10297	-176,94774	110,10297	-177,6031
27660	110,10295	-175,63703	110,10295	-176,29239
27680	110,10294	-174,98168	110,10293	-174,98168
27700	110,75828	-173,67096	110,75827	-173,67096
27720	110,75826	-172,36025	110,75825	-172,36025
27740	111,4136	-171,04953	111,4136	-171,04953
27760	110,75822	-170,39417	110,75822	-170,39417
27780	110,75822	-169,73882	110,75821	-170,39418
27800	120,58875	-165,15128	139,59457	-160,56371
27820	147,45913	-160,56369	147,45917	-160,56369
27840	146,14843	-159,25297	145,49306	-159,25297
27860	146,80376	-158,59762	145,49304	-159,25298
27880	145,49302	-158,59762	145,49301	-158,59763
27900	146,80372	-157,94227	146,14836	-157,94227
27920	146,14835	-156,63156	146,14834	-156,63156
27940	145,49297	-155,9762	146,14832	-155,9762
27960	146,14832	-154,66549	145,49294	-154,66549
27980	146,1483	-154,01013	144,83757	-154,01013
28000	145,49292	-152,69941	145,49292	-152,69941
28020	145,4929	-152,04406	145,4929	-152,04406
28040	145,4929	-150,73334	145,49289	-151,3887
28060	144,83752	-150,73334	144,83753	-150,73334
28080	144,83752	-150,07798	144,83752	-150,07798
28100	144,83751	-149,42262	144,18214	-149,42262
28120	144,18214	-148,1119	144,18213	-149,42262
28140	146,8036	-146,80118	152,04661	-144,1797
28160	151,39126	-144,1797	152,04659	-144,17971
28180	152,04658	-143,52435	152,70193	-143,52436
28200	152,70191	-142,869	152,70191	-143,52435
28220	152,7019	-143,52437	152,7019	-143,52436
28240	152,70189	-143,52437	152,70189	-143,52437
28260	152,70189	-143,52437	152,70189	-143,52438
28280	152,7031	-142,86901	152,70188	-143,52438
28300	152,70188	-143,52438	152,04652	-144,17974
28320	152,70187	-143,52439	152,04651	-144,17975
28340	152,0465	-144,17974	152,04649	-144,17975
28360	152,04649	-144,17975	151,39114	-144,83512
28380	151,39113	-144,17976	151,39113	-145,49048
28400	151,39113	-144,83512	151,39113	-146,14584
28420	144,83743	-147,45654	124,52088	-152,04406
28440	109,44735	-152,04406	108,13664	-152,04406
28460	109,44738	-151,38871	109,44736	-152,04407
28480	109,44736	-151,38872	109,44735	-152,04408
28500	110,1027	-151,38872	110,1027	-152,04408
28520	109,44733	-152,04409	109,44733	-152,0441
28540	109,44732	-151,38874	109,44732	-152,0441
28560	109,44731	-150,73338	109,44731	-151,38874
28580	109,44731	-151,38875	109,4473	-152,04411
28600	109,4473	-151,38876	109,4473	-151,38876
28620	106,82584	-152,0441	89,78614	-136,97068
28640	56,36221	-110,75604	17,04005	-85,85213
28660	-20,97141	-61,60366	-41,28799	-39,97666
28680	-41,28813	-28,1802	-40,63283	-19,00517
28700	-40,63288	-10,48549	-41,28827	-4,58724
28720	-42,59902	0,65566	-42,59903	3,93247
28740	-42,59904	7,86464	-42,59904	8,52
28760	-42,59905	10,48608	-42,59905	11,7968
28780	-42,59905	13,76288	-42,59904	13,10751
28800	-41,94368	13,1075	-41,94368	11,14141
28820	-41,28831	10,48603	-40,63295	8,51994
28840	-39,97759	4,58775	-39,32222	-0,65516
28860	-38,66684	-7,20879	-36,04537	-21,62679
28880	-30,80241	-40,63235	16,38413	-79,95416
28900	66,19252	-125,1742	96,9954	-159,25298
28920	105,5156	-177,6031	103,54957	-176,29236
28940	103,54956	-174,32625	104,20491	-175,63698
28960	104,86024	-175,637	105,51559	-176,94774
28980	106,82629	-176,29239	106,82628	-176,29241
29000	108,13697	-175,63706	108,13696	-177,60316
29020	109,44766	-177,60318	109,44766	-178,25854
29040	109,44764	-178,25856	110,103	-179,56929
29060	110,75835	-178,91394	110,75834	-179,56931
29080	110,75833	-178,91396	110,75832	-178,91396
29100	110,75831	-179,56933	110,75831	-180,88006
29120	111,41366	-180,88006	110,75829	-181,53543
29140	112,069	-182,19079	112,069	-182,19079
29160	112,06899	-182,1908	112,06898	-182,84616
29180	112,72434	-183,50152	112,72433	-184,15688
29200	113,37969	-184,15689	113,37968	-184,81224
29220	113,37968	-184,81225	114,03504	-185,4676
29240	114,03504	-185,46761	114,03504	-186,12296
29260	114,69039	-186,12296	114,69039	-186,77832
29280	115,34576	-181,53542	114,6904	-173,67105
29300	113,37966	-171,0496	114,035	-171,70497
29320	114,03498	-170,39426	114,03497	-169,7389
29340	114,03496	-169,08354	114,03496	-168,42818
29360	113,37959	-167,77282	112,72422	-167,77282
29380	113,37958	-167,11746	112,72422	-167,11746
29400	112,72421	-165,80674	112,06885	-165,80674
29420	112,06885	-164,49601	112,06884	-163,18529
29440	112,06884	-162,52993	112,06884	-163,18529
29460	112,06884	-161,87457	112,7242	-161,87457
29480	112,06883	-161,21921	112,7242	-161,21921
29500	112,7242	-161,2192	108,792	-163,84063
29520	87,82017	-169,08347	64,8822	-171,70487
29540	58,32851	-170,39415	59,63927	-169,08343
29560	60,29462	-168,42808	60,2946	-168,42808
29580	60,2946	-167,77273	60,94995	-167,77273
29600	60,94994	-167,11738	60,94993	-167,77274
29620	61,60527	-166,46203	61,60526	-167,77276
29640	62,2606	-166,46204	61,60522	-167,77276
29660	62,26056	-167,11741	61,6052	-167,11741
29680	62,26054	-166,46205	61,60518	-166,46205
29700	61,60516	-166,46206	62,26052	-165,8067
29720	62,26051	-165,8067	61,60515	-165,80671
29740	62,2605	-165,15135	62,2605	-165,15135
29760	62,91585	-164,496	62,91585	-165,15136
29780	62,91584	-164,496	60,94972	-158,59774
29800	57,01749	-149,42263	55,70676	-148,76727
29820	57,01745	-147,45657	57,01744	-146,8012
29840	57,01997	-146,14585	57,01742	-146,80122
29860	57,01741	-145,4905	57,01741	-146,14587
29880	57,67275	-145,49051	58,32811	-145,49051
29900	57,67274	-145,49051	58,3281	-145,49051
29920	58,32809	-144,83516	58,3281	-144,83516
29940	58,98345	-144,1798	58,98345	-144,83517
29960	59,6388	-144,17981	58,98344	-143,52445
29980	59,6388	-143,52445	59,6388	-143,52445
