T	LX	LY	RX	RY
0	0	0	0	0
20	-0,65536	0	0,65536	-0,65537
40	-0,65536	-0,65536	0	-0,65536
60	-0,65536	0	0	-0,65537
80	-0,65536	-0,65536	-0,65535	-0,65537
100	-1,96607	-0,65536	-1,96607	-0,65537
120	-2,62143	-0,65536	-2,62142	0
140	-3,93214	0	-3,93213	0
160	-5,24284	0,65537	-4,58747	0
180	-5,89819	0,65537	-5,8982	0,65535999999999
200	-10,48575	0,65537	-11,14112	9,9999999960687E-6
220	-11,79647	0,65537	-11,14111	0,65537
240	-11,79647	0,65537	-11,14111	0,65537
260	-11,79647	0,65537	-11,14111	9,9999999960687E-6
280	-11,14111	9,9999999960687E-6	-9,8304	-0,65536
300	-10,48576	-0,65536	-9,17505	-0,65536
320	-9,17506	-1,31072	-8,5197	-1,96609
340	-8,51971	-1,96608	-7,86435	-1,96609
360	-8,51971	-1,96609	-7,86435	-2,62145
380	-7,86435	-2,62145	-7,20899	-2,62146
400	-7,86436	-2,62146	-2,62144	-2,62147
420	4,58761	-1,31076	8,51982	-0,65541
440	7,86445	-0,6554	8,51981	-0,65541
460	7,2091	-1,31076	8,51981	-1,31076
480	7,2091	-1,31077	7,86446	-1,96613
500	6,55374	-1,96613	7,2091	-2,62149
520	6,55375	-1,96612	5,89839	-1,96613
540	5,24303	-1,96613	5,8984	-2,62148
560	4,58769	-2,62148	5,24305	-3,27685
580	2,6216	-3,27684	-13,10725	-7,86437
600	-40,63271	-12,45189	-59,63837	-13,7626
620	-60,29371	-12,45186	-59,63832	-11,7965
640	-60,29367	-11,79649	-59,63831	-12,45185
660	-60,29366	-11,79649	-59,6383	-11,79648
680	-60,29367	-11,79648	-59,6383	-11,79648
700	-60,29367	-11,79648	-59,63831	-12,45185
720	-60,29367	-12,45185	-59,63831	-13,10721
740	-60,29367	-13,10721	-59,63831	-13,76257
760	-60,29367	-13,76256	-59,63831	-13,76257
780	-60,29367	-14,41793	-59,63832	-14,41793
800	-60,29368	-15,0733	-59,63833	-15,07331
820	-60,2937	-15,07331	-59,63834	-15,07331
840	-60,2937	-15,07331	-59,63834	-15,07332
860	-60,2937	-15,07331	-59,63833	-15,07332
880	-60,29368	-15,07331	-59,63831	-15,07331
900	-60,29366	-14,41795	-59,63829	-15,07331
920	-60,29364	-15,07331	-59,63827	-15,07331
940	-60,29362	-14,41794	-59,63826	-15,0733
960	-60,29358	-14,41794	-59,6381	-15,07331
980	-57,67195	-15,07332	-57,67194	-15,07332
1000	-60,29338	-15,07331	-59,638	-15,72867
1020	-60,29335	-16,38403	-59,63798	-17,69475
1040	-60,29332	-18,3501	-59,63795	-19,00546
1060	-60,29329	-19,00546	-59,63792	-19,66081
1080	-60,29327	-19,66081	-59,63791	-20,31617
1100	-60,29327	-20,97153	-59,63792	-21,6269
1120	-60,29328	-22,28226	-59,63793	-22,93763
1140	-60,2933	-22,93763	-59,63795	-23,59299
1160	-60,29331	-24,24836	-59,63796	-24,90372
1180	-60,29332	-24,24835	-59,63796	-24,90371
1200	-60,29331	-24,24835	-59,63784	-22,93764
1220	-57,67167	-23,59301	-56,36094	-23,59301
1240	-58,98239	-22,93764	-58,98239	-23,59301
1260	-60,29311	-22,93764	-59,63775	-22,93764
1280	-60,29311	-22,28228	-59,63774	-22,93764
1300	-60,2931	-22,28229	-59,63774	-22,28228
1320	-60,29309	-22,28228	-59,63773	-22,28228
1340	-60,29308	-22,28228	-59,63771	-22,28228
1360	-60,29307	-22,28228	-59,63771	-22,93764
1380	-60,29307	-22,93764	-59,63771	-23,59301
1400	-60,29307	-22,93765	-59,63771	-23,59301
1420	-60,29308	-23,593	-59,63772	-24,24837
1440	-60,29308	-24,24837	-59,63772	-24,24837
1460	-60,29309	-24,24837	-59,63774	-24,90373
1480	-60,2931	-24,24837	-59,63774	-24,24837
1500	-60,29308	-23,59301	-57,67153	-22,28231
1520	-51,11781	-21,62695	-51,1178	-21,62695
1540	-53,0839	-20,97159	-52,42854	-21,62695
1560	-54,39461	-21,62694	-53,73926	-21,62694
1580	-55,70533	-21,62694	-55,04998	-21,62694
1600	-56,36069	-21,62693	-55,70534	-21,62693
1620	-57,01605	-21,62693	-57,01605	-21,62693
1640	-57,67141	-20,97157	-57,01605	-21,62693
1660	-57,6714	-20,97157	-56,36068	-20,97157
1680	-57,01603	-20,31621	-56,36067	-20,97157
1700	-56,36066	-20,97157	-55,70529	-20,97157
1720	-55,70528	-20,31621	-55,04992	-20,31621
1740	-56,36064	-20,31621	-57,016	-20,31621
1760	-60,29284	-20,97158	-59,63748	-21,62694
1780	-60,29284	-20,31621	-59,63747	-20,31621
1800	-60,29283	-20,3162	-59,63747	-20,31621
1820	-60,29283	-20,31621	-59,63748	-20,31621
1840	-60,29284	-20,31621	-59,63748	-20,31622
1860	-60,29285	-19,66085	-59,63748	-19,66086
1880	-60,29284	-19,66086	-59,63748	-20,31622
1900	-60,29284	-20,31622	-59,63748	-20,31621
1920	-60,29283	-19,66085	-59,63748	-20,31622
1940	-60,29284	-19,66086	-59,63748	-20,31622
1960	-60,29284	-20,31622	-59,63754	-20,97158
1980	-60,29297	-20,97159	-59,63762	-21,62695
2000	-60,29297	-20,97158	-59,6376	-20,31622
2020	-60,29297	-20,31622	-59,63761	-20,97159
2040	-60,29296	-20,31622	-59,6376	-20,31622
2060	-60,29296	-20,31622	-59,6376	-20,31622
2080	-60,29296	-20,31621	-59,63761	-20,97158
2100	-60,29295	-20,31621	-59,6375	-20,31622
2120	-60,2928	-19,66086	-59,63744	-19,66085
2140	-60,29281	-19,00549	-59,63744	-19,00549
2160	-60,2928	-19,00549	-59,63744	-19,00549
2180	-60,29279	-19,00549	-59,63743	-19,66085
2200	-60,29279	-19,00549	-59,63743	-19,00549
2220	-60,29278	-19,00549	-59,63742	-19,0055
2240	-60,29278	-19,00549	-59,63742	-19,00549
2260	-60,29278	-19,00549	-59,63742	-19,66085
2280	-60,29278	-19,00548	-59,63742	-19,00549
2300	-60,29278	-19,00548	-59,63739	-19,00549
2320	-53,08365	-17,69478	-46,52993	-17,03943
2340	-49,15138	-16,38406	-49,80676	-16,38406
2360	-50,46211	-15,72869	-50,46211	-15,7287
2380	-51,11747	-15,72869	-51,11747	-16,38405
2400	-51,77283	-16,38405	-51,77283	-16,38405
2420	-52,42819	-16,38405	-51,77283	-17,03941
2440	-53,08355	-17,03941	-52,42819	-17,03941
2460	-53,08355	-16,38405	-53,08355	-17,03941
2480	-53,73892	-17,69477	-53,73891	-17,69477
2500	-54,39428	-17,69477	-54,39428	-17,69477
2520	-53,73892	-17,69477	-53,73892	-17,69477
2540	-53,73893	-17,69477	-53,08358	-17,69478
2560	-53,73894	-17,69478	-53,08358	-18,35014
2580	-53,73894	-17,69478	-53,08358	-17,69478
2600	-53,73894	-17,69478	-55,04967	-18,35014
2620	-57,67113	-18,35014	-57,01576	-18,35014
2640	-57,01576	-17,69478	-57,01576	-17,69477
2660	-57,67112	-17,03941	-56,3604	-17,69478
2680	-57,01575	-17,03941	-56,3604	-17,69478
2700	-57,01575	-17,03941	-56,36039	-17,03942
2720	-56,36039	-17,03942	-56,36039	-17,03941
2740	-57,01575	-17,03941	-56,36038	-17,03941
2760	-56,36039	-16,38405	-55,70503	-17,03941
2780	-48,49598	-15,07333	-39,9762	-14,41798
2800	-38,01007	-13,76262	-37,35471	-13,76261
2820	-38,66544	-13,10725	-37,35471	-13,10725
2840	-38,66543	-11,79652	-59,63695	-12,45189
2860	-38,66543	-11,79652	-38,66543	-11,79652
2880	-39,32078	-11,79652	-38,66542	-11,79651
2900	-39,32078	-11,14115	-38,66542	-11,14116
2920	-39,32078	-11,14115	-38,66542	-11,14116
2940	-39,97614	-10,48579	-38,66542	-11,14115
2960	-39,97614	-11,14115	-39,32078	-11,14115
2980	-39,97615	-10,48578	-39,32078	-9,83042
3000	-39,97614	-9,83042	-39,32078	-9,83042
3020	-39,97614	-9,17505	-39,97614	-9,17505
3040	-40,6315	-8,51969	-39,97614	-8,51969
3060	-40,6315	-8,51968	-39,97614	-7,86432
3080	-41,28686	-7,20894	-40,6315	-7,20895
3100	-41,94222	-7,20894	-41,28687	-7,86431
3120	-49,15128	-11,79647	-59,63736	-17,03937
3140	-60,2931	-21,62688	-59,63797	-23,59295
3160	-60,29333	-20,97149	-59,63794	-18,35003
3180	-60,29329	-17,03928	-59,63793	-16,38391
3200	-60,29328	-15,07317	-59,63791	-13,76243
3220	-60,29327	-13,10706	-59,6379	-12,45117
3240	-60,29326	-11,79633	-59,6379	-12,45169
3260	-60,29327	-12,45168	-59,63791	-13,10704
3280	-60,29327	-12,45169	-59,63791	-13,10705
3300	-60,29327	-13,10705	-59,63792	-13,76241
3320	-60,29329	-14,41778	-59,63797	-14,41778
3340	-60,29339	-14,41778	-59,63803	-13,76242
3360	-60,29339	-13,10705	-59,63804	-13,76242
3380	-60,2934	-13,76242	-59,63804	-14,41779
3400	-60,29339	-14,41779	-59,63803	-15,07315
3420	-60,29339	-14,41779	-59,63802	-15,07315
3440	-60,29338	-15,07315	-59,63801	-15,07316
3460	-60,29337	-15,07316	-59,638	-15,72852
3480	-60,29336	-15,07316	-59,63799	-15,72853
3500	-60,29335	-16,38389	-59,63798	-16,3839
3520	-60,29334	-15,72854	-59,63796	-15,72855
3540	-60,29331	-15,72854	-59,63794	-15,72855
3560	-60,29329	-15,07318	-59,63792	-15,72855
3580	-60,29327	-15,07319	-59,6379	-15,0732
3600	-60,29326	-15,07319	-59,63789	-15,07319
3620	-60,29324	-15,0732	-59,63788	-14,41784
3640	-60,29323	-15,0732	-59,63787	-15,07321
3660	-60,29323	-15,0732	-59,63787	-15,0732
3680	-60,29323	-15,0732	-59,63783	-15,0732
3700	-60,29309	-13,76249	-59,6377	-13,76249
3720	-60,29308	-13,76249	-59,63771	-13,76249
3740	-60,29307	-13,76248	-59,63772	-13,76248
3760	-60,29307	-13,76248	-59,63771	-14,41784
3780	-60,29308	-14,41784	-59,63772	-14,41784
3800	-60,29309	-13,76248	-59,63772	-14,41785
3820	-60,29308	-14,41785	-59,63773	-15,07321
3840	-60,29308	-15,0732	-59,63773	-15,07321
3860	-60,29309	-15,0732	-59,63772	-15,07321
3880	-60,29308	-15,07321	-59,63772	-15,07321
3900	-60,29308	-15,07321	-59,63772	-15,72857
3920	-60,29307	-15,07321	-59,63771	-15,07321
3940	-60,29307	-15,07321	-59,63771	-15,72857
3960	-60,29306	-15,07321	-59,6377	-15,07321
3980	-60,29306	-15,07321	-59,6377	-15,07321
4000	-60,29305	-15,07321	-59,6377	-15,72857
4020	-60,29306	-15,07321	-59,6377	-15,72857
4040	-60,29306	-15,72857	-59,63775	-17,0393
4060	-60,29315	-17,69467	-59,6378	-17,69467
4080	-60,29315	-17,69466	-59,63779	-17,69467
4100	-60,29316	-17,0393	-59,6378	-17,69467
4120	-60,29317	-17,03931	-59,63781	-17,69467
4140	-60,29318	-17,03932	-59,63782	-17,03932
4160	-60,29318	-17,03931	-59,63782	-16,38396
4180	-60,29318	-16,38396	-59,63782	-16,38395
4200	-60,29318	-16,38395	-59,63782	-16,38395
4220	-60,2931	-15,07323	-59,63765	-15,07324
4240	-60,29298	-14,41788	-59,63763	-14,41788
4260	-60,293	-13,76251	-59,63763	-14,41787
4280	-60,29299	-14,41787	-59,63763	-14,41788
4300	-60,29299	-14,41788	-59,63763	-14,41788
4320	-60,29299	-15,07324	-59,63763	-14,41788
4340	-60,29298	-15,07324	-59,63763	-15,07324
4360	-60,29298	-15,07324	-59,63762	-15,07324
4380	-60,29298	-15,07325	-59,63763	-15,7286
4400	-60,29299	-15,07325	-59,63763	-15,07325
4420	-60,29295	-15,07325	-59,63751	-15,72863
4440	-60,29282	-15,07327	-59,63747	-15,07327
4460	-60,29284	-15,07327	-59,63747	-15,72863
4480	-60,29283	-15,07327	-59,63747	-15,07327
4500	-60,29283	-15,07326	-59,63747	-15,72863
4520	-60,29283	-15,72863	-59,63747	-15,72863
4540	-60,29283	-15,72863	-59,63747	-15,72863
4560	-60,29283	-15,72863	-59,63748	-15,72863
4580	-60,29283	-15,72863	-59,63748	-16,38399
4600	-60,29284	-15,72863	-59,63748	-16,38399
4620	-60,29284	-16,38399	-59,63748	-16,38399
4640	-60,29284	-17,03935	-59,63748	-17,03935
4660	-60,29284	-17,03935	-59,63748	-17,03935
4680	-60,29284	-17,03936	-59,63748	-17,03936
4700	-60,29284	-17,03935	-59,63748	-17,69472
4720	-60,29284	-17,69471	-59,63748	-17,69472
4740	-60,29285	-18,35008	-59,63752	-19,00545
4760	-60,29289	-19,00545	-59,63752	-19,66081
4780	-60,29288	-19,66081	-59,63752	-19,66081
4800	-60,29288	-19,66081	-59,63752	-19,66081
4820	-60,29288	-19,66081	-59,63752	-19,66081
4840	-60,29288	-20,31617	-59,63752	-20,31617
4860	-60,29288	-20,31617	-59,63752	-20,31617
4880	-60,29288	-20,97153	-59,63752	-20,97153
4900	-60,29288	-20,97153	-59,63752	-20,97153
4920	-60,29288	-20,97153	-59,63752	-21,6269
4940	-60,29288	-21,62689	-59,63752	-21,6269
4960	-60,2929	-21,6269	-59,63754	-21,62691
4980	-60,29291	-21,62691	-59,63756	-21,62691
5000	-60,29292	-20,97155	-59,63757	-21,62692
5020	-60,29293	-21,62692	-59,63757	-21,62692
5040	-60,29293	-21,62692	-59,63757	-22,28228
5060	-60,29288	-20,3162	-59,63744	-19,66085
5080	-60,29276	-19,66085	-59,63741	-19,66085
5100	-60,29277	-19,66085	-59,63741	-19,66085
5120	-60,29277	-19,66085	-59,63741	-19,66086
5140	-60,29277	-19,66085	-59,63741	-19,66086
5160	-60,29277	-20,31622	-59,63742	-20,31622
5180	-60,29277	-19,66086	-59,63741	-20,31622
5200	-60,29277	-19,66085	-59,63741	-20,31622
5220	-60,29277	-20,31622	-59,63741	-20,31622
5240	-60,29277	-20,31621	-59,63742	-20,97158
5260	-60,29277	-20,31622	-59,63742	-20,97158
5280	-60,29282	-21,62694	-59,63753	-22,93767
5300	-60,29292	-22,93767	-59,63755	-22,93766
5320	-60,2929	-22,2823	-59,63755	-22,93766
5340	-60,29291	-22,93765	-59,63755	-22,93766
5360	-60,29291	-22,93766	-59,63755	-23,59302
5380	-60,2929	-23,59302	-59,63755	-24,24838
5400	-60,29291	-24,24838	-59,63755	-24,24839
5420	-60,2929	-24,24838	-59,63754	-24,24838
5440	-60,29291	-24,24838	-59,63754	-24,90374
5460	-60,2929	-24,90374	-59,63754	-24,90375
5480	-60,2929	-24,90375	-59,63754	-24,90374
5500	-60,2929	-24,90374	-59,63754	-25,55911
5520	-60,2929	-25,55911	-59,63754	-25,55911
5540	-60,2929	-25,55911	-59,63754	-26,21447
5560	-60,2929	-26,21447	-59,63754	-26,86983
5580	-60,2929	-26,21447	-59,63754	-26,86983
5600	-60,2929	-26,86983	-59,63754	-26,86983
5620	-60,29035	-26,86983	-59,63754	-26,86983
5640	-60,2929	-26,86983	-59,63754	-27,52519
5660	-60,29289	-26,86983	-59,63754	-27,52519
5680	-60,29283	-25,55911	-59,63736	-24,90376
5700	-60,29268	-24,90377	-59,63734	-24,90376
5720	-60,29271	-24,90376	-59,63734	-24,90376
5740	-60,2927	-24,90375	-59,63734	-25,55911
5760	-60,2927	-24,90375	-59,63734	-25,55912
5780	-60,2927	-24,90375	-59,63734	-25,55911
5800	-60,2927	-24,90375	-59,63734	-25,55911
5820	-60,2927	-25,55911	-59,63734	-25,55911
5840	-60,2927	-25,55911	-59,63734	-25,55911
5860	-60,2927	-26,21447	-59,63734	-26,21447
5880	-60,2927	-25,55911	-59,63734	-26,21447
5900	-60,2927	-26,21446	-59,63734	-26,21446
5920	-60,29269	-25,55911	-59,63723	-25,55912
5940	-60,29252	-24,90377	-59,63717	-24,90377
5960	-60,29255	-24,24841	-59,63719	-24,24841
5980	-60,29255	-24,24841	-59,6372	-24,24842
6000	-60,29256	-24,90378	-59,6372	-24,90378
6020	-60,29257	-24,90378	-59,63721	-25,55914
6040	-60,29257	-24,90378	-59,6372	-25,55914
6060	-60,29256	-25,55915	-58,98184	-26,21451
6080	-53,73891	-25,55915	-47,18521	-25,55916
6100	-46,52982	-25,55916	-45,87447	-25,55915
6120	-46,52984	-24,90379	-45,87447	-24,90379
6140	-45,87448	-24,24843	-45,21912	-24,90379
6160	-45,87448	-24,90379	-45,21912	-25,55915
6180	-45,87448	-24,90379	-45,21911	-24,90379
6200	-45,87447	-24,90379	-45,21911	-24,90379
6220	-45,87446	-24,90379	-45,21911	-24,90379
6240	-45,87447	-24,90379	-45,21911	-24,90379
6260	-45,87447	-24,90379	-45,21912	-24,90379
6280	-45,87448	-24,24843	-42,59766	-24,24843
6300	-38,01006	-23,59307	-34,73321	-23,59307
6320	-35,38856	-22,93771	-34,73321	-22,9377
6340	-35,38857	-22,28234	-34,73321	-22,28234
6360	-35,38857	-22,28234	-34,73321	-22,28234
6380	-35,38857	-22,28234	-35,38857	-22,28234
6400	-36,04393	-22,28233	-34,73321	-22,28233
6420	-35,38857	-22,28233	-34,73321	-22,28233
6440	-35,38857	-21,62697	-34,73321	-22,28233
6460	-35,38856	-22,28233	-34,73321	-22,28233
6480	-35,38857	-22,28233	-34,7332	-22,93769
6500	-34,7332	-22,93769	-39,97615	-24,90377
6520	-60,29257	-28,83594	-59,63756	-34,07881
6540	-60,29312	-36,04489	-59,63775	-34,73417
6560	-60,29309	-34,0788	-59,63773	-33,42343
6580	-60,29309	-33,42343	-59,63773	-33,42343
6600	-60,29308	-33,42343	-59,63772	-33,42343
6620	-60,29308	-32,76807	-59,63772	-32,76807
6640	-60,29309	-32,76807	-59,63773	-32,76806
6660	-60,29308	-32,76806	-59,63772	-33,42343
6680	-60,29308	-33,42343	-59,63772	-33,42343
6700	-60,29311	-34,73415	-59,63783	-37,35561
6720	-60,29323	-38,01097	-59,63787	-37,35561
6740	-60,29322	-37,3556	-59,63786	-37,35561
6760	-60,29322	-37,3556	-59,63786	-38,01097
6780	-60,29322	-37,3556	-59,63786	-38,01097
6800	-60,29321	-37,3556	-59,63786	-38,01097
6820	-60,29321	-38,01096	-59,63785	-38,66633
6840	-60,29321	-38,01097	-59,63785	-38,66634
6860	-60,29324	-38,66634	-59,63794	-39,97706
6880	-60,2933	-39,3217	-59,63793	-39,3217
6900	-60,2933	-38,66635	-59,63794	-39,3217
6920	-60,2933	-38,66634	-59,63794	-39,3217
6940	-60,2933	-39,3217	-59,63794	-39,3217
6960	-60,2933	-38,66634	-59,63794	-39,3217
6980	-60,2933	-39,3217	-59,63793	-39,3217
7000	-60,2933	-39,32169	-59,63794	-39,3217
7020	-60,2933	-39,32169	-59,63794	-39,3217
7040	-60,2933	-39,3217	-59,63794	-39,3217
7060	-60,29331	-39,3217	-59,63794	-39,3217
7080	-60,2933	-39,97706	-59,63794	-39,97706
7100	-60,2933	-39,97706	-59,63794	-39,97706
7120	-60,2933	-39,97706	-59,63794	-39,97706
7140	-60,29322	-38,66634	-59,63776	-38,66635
7160	-60,2931	-38,01099	-59,63775	-38,01099
7180	-60,29311	-37,35562	-59,63775	-37,35562
7200	-60,29311	-37,35562	-59,63775	-37,35563
7220	-60,29311	-37,35563	-59,63775	-37,35563
7240	-60,29311	-37,35563	-59,63775	-38,01099
7260	-60,29311	-38,01099	-59,63775	-38,01099
7280	-60,2931	-38,01098	-59,63775	-38,01099
7300	-60,2931	-38,01099	-59,63774	-38,01098
7320	-60,2931	-38,01098	-59,63774	-38,01099
7340	-60,293	-38,01099	-59,63749	-37,35565
7360	-60,29279	-36,70029	-59,63746	-36,70029
7380	-60,29282	-36,70028	-59,63745	-36,70029
7400	-60,29281	-36,04493	-59,63745	-36,70028
7420	-60,29281	-36,70029	-59,63745	-36,70028
7440	-60,29282	-36,70028	-59,63745	-36,70029
7460	-60,29281	-36,70028	-59,63745	-36,70029
7480	-60,29281	-36,70028	-59,63745	-37,35565
7500	-60,29282	-37,35564	-59,63746	-38,011
7520	-60,29282	-38,011	-59,63751	-38,011
7540	-60,29287	-38,011	-59,6375	-38,66636
7560	-60,29287	-38,011	-59,6375	-38,66636
7580	-60,29287	-38,011	-59,6375	-38,66636
7600	-60,29286	-38,66636	-59,63751	-38,66636
7620	-60,29286	-38,66636	-59,63751	-38,66636
7640	-60,29287	-38,66636	-59,63752	-38,66637
7660	-60,29289	-38,01101	-59,63753	-38,66637
7680	-60,2929	-38,66637	-59,63754	-38,01101
7700	-60,2929	-38,01101	-59,63754	-38,011
7720	-60,29287	-36,70029	-59,63737	-34,73421
7740	-60,2926	-33,42349	-59,63723	-32,76813
7760	-60,2926	-32,76812	-59,63724	-32,11276
7780	-60,2926	-32,11276	-59,63724	-32,11276
7800	-60,2926	-31,4574	-59,63724	-32,11276
7820	-60,2926	-32,11276	-59,63724	-32,11277
7840	-60,2926	-31,4574	-59,63724	-32,11276
7860	-60,29261	-31,4574	-59,63724	-32,11276
7880	-60,2926	-32,11276	-59,63724	-32,11276
7900	-60,2926	-32,11276	-59,63724	-32,11276
7920	-60,29261	-32,11276	-59,63725	-32,76812
7940	-60,29262	-32,76812	-59,63726	-32,76812
7960	-60,29262	-32,76812	-59,63726	-32,76812
7980	-60,29263	-32,76812	-59,6372	-32,11277
8000	-57,67106	-31,45741	-57,67105	-31,45741
8020	-58,32643	-31,45741	-58,32643	-32,11277
8040	-58,98179	-31,45741	-58,32643	-32,11277
8060	-59,63715	-31,4574	-58,98179	-32,11276
8080	-60,29251	-32,11276	-59,63715	-32,76813
8100	-60,29252	-32,11277	-59,63715	-32,76813
8120	-60,29251	-32,76813	-59,63715	-32,76813
8140	-60,29251	-32,76813	-59,63715	-33,42348
8160	-60,29251	-32,76813	-54,39422	-32,76813
8180	-48,49589	-32,11277	-47,18514	-31,45741
8200	-47,18515	-30,80205	-46,52979	-30,80204
8220	-47,18514	-30,80205	-46,52978	-30,80205
8240	-47,18514	-30,80205	-45,87442	-31,45741
8260	-47,18514	-30,80205	-46,52978	-31,45741
8280	-47,18514	-31,45741	-46,52978	-31,45741
8300	-47,18514	-31,45741	-46,52978	-31,45741
8320	-47,18514	-31,45741	-46,52978	-32,11277
8340	-47,18513	-31,4574	-47,18514	-31,45741
8360	-47,18514	-31,45741	-47,18514	-32,11277
8380	-47,18514	-32,11277	-45,87443	-32,11277
8400	-46,52979	-32,11278	-45,21908	-31,45742
8420	-39,97614	-30,1467	-32,76709	-29,49134
8440	-31,45633	-28,83599	-30,80098	-28,18062
8460	-31,45634	-28,18062	-31,45634	-28,18062
8480	-31,45634	-28,18062	-30,80098	-28,18062
8500	-31,45634	-28,18062	-30,80098	-28,18062
8520	-31,45634	-28,18062	-30,80099	-28,18062
8540	-31,45634	-28,18062	-30,80098	-28,18062
8560	-30,80099	-28,18062	-30,14563	-28,18062
8580	-30,80099	-28,18062	-30,14563	-28,18063
8600	-30,80099	-27,52526	-30,14563	-27,52526
8620	-30,80098	-27,52526	-29,49026	-27,52526
8640	-30,14562	-27,52526	-29,49026	-27,52526
8660	-30,14562	-27,52526	-28,8349	-27,52526
8680	-29,49026	-27,52526	-26,21343	-28,18062
8700	-24,90268	-27,52527	-24,90269	-27,52527
8720	-25,55805	-26,8699	-25,55805	-26,8699
8740	-26,21341	-26,8699	-25,55805	-26,21454
8760	-26,21341	-26,21454	-25,55805	-26,86989
8780	-26,21341	-26,21453	-26,21341	-26,21453
8800	-26,21341	-26,21453	-31,45636	-28,83598
8820	-55,70497	-34,07888	-59,63751	-39,32176
8840	-60,29313	-42,59856	-59,63785	-42,59856
8860	-60,29318	-41,28783	-59,63782	-41,28782
8880	-60,29318	-40,63245	-59,63781	-40,63245
8900	-60,29316	-40,63245	-59,63781	-40,63245
8920	-60,29316	-39,97709	-59,6378	-39,97709
8940	-60,29316	-39,97709	-59,6378	-39,97709
8960	-60,29317	-39,97709	-59,6378	-40,63245
8980	-60,29318	-39,32173	-59,63785	-38,66636
9000	-60,29322	-38,66635	-59,63785	-38,66635
9020	-60,29321	-38,01099	-59,63785	-38,01099
9040	-60,2932	-38,66635	-59,63785	-38,66635
9060	-60,2932	-38,66635	-59,63785	-38,66635
9080	-60,2932	-38,66635	-59,63784	-38,66635
9100	-60,2932	-38,66634	-59,63785	-38,66635
9120	-60,29321	-38,66634	-59,63784	-38,66634
9140	-60,29321	-38,66634	-59,63785	-39,3217
9160	-60,29321	-39,32171	-59,63786	-39,32171
9180	-60,29323	-38,66635	-59,63788	-38,66635
9200	-60,29324	-38,66635	-59,63789	-38,66635
9220	-60,29325	-38,66635	-59,63789	-38,66635
9240	-60,29326	-38,01099	-59,6379	-38,66635
9260	-60,29325	-38,01099	-59,63789	-38,01099
9280	-60,29325	-38,01099	-59,63789	-38,01099
9300	-60,29325	-37,35562	-59,63789	-37,35563
9320	-60,29326	-37,35563	-59,63789	-37,35563
9340	-60,29325	-37,35563	-59,63789	-37,35563
9360	-60,29325	-36,70026	-59,63789	-37,35563
9380	-60,29325	-37,35562	-59,63789	-37,35562
9400	-60,29326	-37,35562	-59,63788	-36,70026
9420	-60,29315	-36,70026	-59,63769	-37,35564
9440	-60,29304	-36,04492	-59,63769	-36,04492
9460	-60,29406	-36,04491	-59,63769	-36,04491
9480	-60,29305	-36,04491	-59,63769	-36,70028
9500	-60,29306	-36,04492	-59,6377	-36,04491
9520	-60,29306	-36,04491	-59,6377	-36,04491
9540	-60,29306	-36,70027	-59,6377	-36,70027
9560	-60,29306	-36,04491	-59,6377	-36,04491
9580	-60,29307	-36,04491	-59,6377	-36,04491
9600	-60,29306	-36,04491	-59,6377	-36,04491
9620	-60,29306	-36,04491	-59,6377	-36,70027
9640	-60,29306	-36,04491	-59,6377	-36,70027
9660	-60,29304	-36,70027	-59,63758	-36,04492
9680	-60,29288	-36,04493	-59,63752	-35,38957
9700	-60,29288	-35,38956	-59,63753	-36,04493
9720	-60,29288	-36,04493	-59,63752	-36,70029
9740	-60,29288	-36,70029	-59,63752	-37,35565
9760	-60,29288	-37,35565	-59,63753	-38,01101
9780	-60,29289	-37,35565	-59,63753	-38,01102
9800	-60,29289	-38,01102	-59,63754	-38,66639
9820	-60,2929	-38,66638	-59,63754	-38,66638
9840	-60,2929	-38,66638	-59,63754	-38,66638
9860	-60,2929	-38,66638	-59,63754	-39,32174
9880	-60,2929	-39,32174	-59,63755	-38,66638
9900	-60,29291	-39,32173	-59,63755	-39,32174
9920	-60,29291	-39,97711	-59,63746	-39,32175
9940	-60,29273	-38,6664	-59,63736	-38,6664
9960	-60,29273	-38,66639	-59,63737	-38,6664
9980	-60,29273	-38,01103	-59,63737	-38,01103
10000	-60,29273	-38,01103	-59,63738	-38,66639
10020	-60,29274	-38,66639	-59,63739	-38,6664
10040	-60,29276	-38,6664	-59,6374	-38,6664
10060	-60,29276	-38,01104	-59,6374	-38,01105
10080	-60,29276	-38,01104	-59,6374	-38,6664
10100	-60,29276	-38,6664	-59,63739	-38,6664
10120	-60,29276	-38,01105	-59,63739	-38,66641
10140	-60,29272	-38,01105	-59,63724	-37,3557
10160	-58,32647	-37,35571	-58,98186	-37,35571
10180	-59,63722	-36,70034	-59,63721	-36,04498
10200	-60,29003	-36,04498	-59,63722	-36,70035
10220	-60,29257	-36,70034	-59,63722	-36,70034
10240	-59,63721	-36,70034	-59,63721	-36,70034
10260	-60,29257	-36,70034	-59,63721	-36,70034
10280	-60,29258	-36,70034	-59,63722	-36,70034
10300	-60,29257	-36,70033	-59,63722	-36,70034
10320	-60,29258	-36,04498	-59,63722	-36,70034
10340	-60,29258	-36,04497	-59,63721	-36,70034
10360	-60,29257	-36,70034	-59,63721	-36,70034
10380	-60,29257	-36,70033	-59,63721	-36,70034
10400	-60,29256	-36,70034	-59,63721	-37,3557
10420	-60,29257	-36,70033	-59,63721	-37,3557
10440	-60,29257	-36,70034	-54,39426	-36,04497
10460	-51,77277	-35,38961	-50,46205	-35,38962
10480	-51,11741	-34,73425	-50,46204	-34,73425
10500	-50,46204	-34,73425	-50,46203	-35,38961
10520	-50,46203	-35,3896	-49,80667	-35,38961
10540	-50,46203	-35,38961	-49,80667	-35,38961
10560	-50,46203	-35,38961	-49,80667	-36,04497
10580	-49,80667	-36,04497	-49,15131	-35,38961
10600	-50,46202	-35,38961	-49,80667	-36,04497
10620	-49,80666	-35,3896	-49,80667	-35,38961
10640	-50,46203	-35,38961	-49,15131	-36,04497
10660	-43,25299	-35,3896	-35,38857	-35,38962
10680	-33,42243	-34,73425	-34,07781	-34,07889
10700	-34,73318	-34,07889	-34,07781	-34,07889
10720	-34,73317	-33,42352	-34,07781	-34,07888
10740	-34,73317	-33,42352	-34,07781	-34,07888
10760	-34,73317	-34,07888	-34,07781	-34,07888
10780	-34,07781	-34,07888	-33,42246	-34,07888
10800	-34,07782	-34,07888	-33,42247	-34,07889
10820	-33,42248	-33,42353	-32,76712	-34,07889
10840	-33,42248	-33,42353	-32,76712	-34,07889
10860	-33,42248	-33,42353	-32,76712	-33,42353
10880	-33,42248	-33,42353	-33,42248	-33,42353
10900	-33,42248	-32,76816	-32,76711	-33,42352
10920	-34,07783	-32,76816	-32,76712	-32,76816
10940	-33,42247	-32,76816	-32,76712	-32,76817
10960	-32,76711	-32,76816	-32,11176	-32,76817
10980	-32,76711	-32,76817	-32,11175	-33,42353
11000	-31,45638	-32,76816	-26,8688	-31,45744
11020	-24,90266	-31,45744	-23,59193	-31,45744
11040	-24,90267	-30,80208	-24,24731	-31,45743
11060	-24,90267	-30,80208	-24,24731	-31,45744
11080	-24,90267	-30,80207	-24,24731	-30,80208
11100	-25,55549	-30,80208	-24,24731	-31,45744
11120	-25,55803	-30,80208	-24,24732	-30,80208
11140	-25,55803	-30,80207	-24,90267	-30,80208
11160	-25,55803	-30,80207	-24,90267	-30,14671
11180	-26,21339	-30,14671	-25,55804	-30,14671
11200	-26,86876	-30,14671	-39,97614	-34,73424
11220	-60,29265	-40,63249	-59,63765	-45,22001
11240	-60,29323	-46,53071	-59,63791	-45,87534
11260	-60,29324	-42,59852	-59,63787	-41,28779
11280	-60,29323	-39,3217	-59,63786	-38,66632
11300	-60,29322	-37,35559	-59,63785	-36,04486
11320	-60,29321	-35,38949	-59,63785	-34,73413
11340	-60,2932	-34,73413	-59,63784	-34,73413
11360	-60,29319	-34,73412	-59,63783	-34,07876
11380	-60,29318	-33,4234	-59,63782	-34,07876
11400	-60,29318	-34,07876	-59,63782	-34,07876
11420	-60,29318	-34,73412	-59,63782	-34,73412
11440	-60,29318	-34,07876	-59,63527	-34,73412
11460	-60,29318	-34,73412	-59,63782	-34,73411
11480	-60,29318	-34,73412	-59,63781	-34,73412
11500	-60,29317	-34,73411	-59,63781	-34,73412
11520	-60,29316	-35,38948	-59,6378	-35,38948
11540	-60,29316	-34,73412	-59,6378	-35,38948
11560	-60,29316	-35,38948	-59,6378	-35,38948
11580	-60,29316	-35,38948	-59,6378	-36,04484
11600	-60,29316	-35,38948	-59,6378	-36,04484
11620	-60,29317	-36,04484	-59,63781	-36,70021
11640	-60,29318	-36,04485	-59,63782	-36,70022
11660	-60,29319	-36,04486	-59,63783	-36,70022
11680	-60,29319	-36,04486	-59,63784	-36,70023
11700	-60,2932	-36,04486	-59,63784	-36,70023
11720	-60,2932	-36,70023	-59,63784	-37,35559
11740	-60,2932	-36,70022	-59,63784	-37,35559
11760	-60,2932	-36,70022	-59,63785	-37,35559
11780	-60,2932	-36,70023	-59,63777	-36,04487
11800	-60,29301	-36,04488	-59,63759	-36,70025
11820	-60,29297	-36,04489	-59,63762	-36,04489
11840	-60,29297	-36,04489	-59,63761	-36,70025
11860	-60,29297	-36,04489	-59,63761	-36,04489
11880	-60,29296	-36,04489	-59,63761	-36,04489
11900	-60,29297	-36,70025	-59,63761	-36,04489
11920	-60,29298	-36,04489	-59,63762	-36,70025
11940	-60,29298	-36,70025	-59,63762	-36,70025
11960	-60,29298	-36,70025	-59,63762	-36,70025
11980	-60,29298	-36,70025	-59,63762	-36,70025
12000	-60,29298	-36,70025	-59,63762	-37,35562
12020	-60,29297	-37,35561	-59,63761	-37,35562
12040	-60,29298	-37,35561	-59,63762	-38,01097
12060	-60,29295	-36,70026	-59,63754	-36,70026
12080	-60,29289	-36,04489	-59,63753	-36,04489
12100	-60,2929	-36,04489	-59,63753	-36,70025
12120	-60,29288	-37,35561	-59,63752	-37,35562
12140	-60,29288	-36,70025	-59,63752	-37,35562
12160	-60,29288	-37,35561	-59,63752	-38,01098
12180	-60,29288	-37,35562	-59,63752	-38,01098
12200	-60,29288	-38,01098	-59,63752	-38,01098
12220	-60,29288	-38,01098	-59,63752	-38,01098
12240	-60,29288	-37,35562	-59,63752	-37,35561
12260	-60,29288	-37,35562	-59,63752	-37,35562
12280	-60,29288	-37,35562	-59,63752	-37,35561
12300	-60,29288	-36,70025	-59,63751	-36,70025
12320	-60,29284	-36,04489	-59,63737	-36,0449
12340	-60,29268	-35,38955	-59,63732	-35,38954
12360	-60,29269	-35,38954	-59,63732	-36,0449
12380	-60,29269	-35,38954	-59,63732	-35,38954
12400	-60,29269	-35,38954	-59,63733	-36,0449
12420	-60,29269	-36,0449	-59,63733	-36,0449
12440	-60,29269	-36,0449	-59,63733	-36,0449
12460	-60,29269	-36,0449	-59,63732	-36,0449
12480	-60,29268	-36,0449	-59,63732	-36,70026
12500	-60,29268	-36,70025	-59,63732	-36,70026
12520	-60,29269	-36,70026	-59,63732	-36,70026
12540	-60,29268	-36,70026	-59,63732	-37,35563
12560	-60,29268	-37,35562	-59,63733	-37,35563
12580	-60,29269	-37,35564	-59,63734	-38,011
12600	-60,29271	-37,35564	-59,63735	-38,01101
12620	-60,29271	-37,35564	-59,63735	-37,35565
12640	-60,29271	-37,35564	-59,63735	-37,35565
12660	-60,29271	-37,35564	-59,63735	-38,01101
12680	-60,29271	-38,011	-59,63736	-38,01101
12700	-60,29267	-36,70029	-59,63722	-36,04493
12720	-60,29253	-35,38958	-59,63717	-35,38958
12740	-60,29254	-35,38957	-59,63718	-35,38958
12760	-60,29254	-35,38958	-59,63718	-35,38958
12780	-60,29254	-35,38958	-59,63718	-36,04494
12800	-60,29254	-36,04494	-59,63718	-36,04494
12820	-60,29254	-36,04494	-59,63718	-36,04494
12840	-60,29254	-36,04493	-59,63718	-36,04494
12860	-60,29254	-36,04493	-59,63718	-36,04494
12880	-60,29254	-36,04494	-59,63718	-36,7003
12900	-60,29254	-36,7003	-59,63718	-36,7003
12920	-60,29254	-36,7003	-59,63718	-36,70031
12940	-60,29248	-37,35567	-58,32636	-38,01104
12960	-59,63709	-37,35568	-59,6371	-37,35567
12980	-59,63709	-37,35568	-58,98173	-37,35568
13000	-59,63709	-37,35567	-58,98173	-38,01104
13020	-59,63709	-38,01104	-58,98173	-38,01104
13040	-60,29245	-38,01103	-58,98172	-38,6664
13060	-59,63708	-38,6664	-58,98172	-38,6664
13080	-59,63708	-38,01104	-58,98172	-38,6664
13100	-56,36024	-37,35568	-50,46193	-36,70032
13120	-49,15117	-36,04495	-49,15118	-36,04495
13140	-49,80654	-36,04495	-49,15118	-36,04495
13160	-49,80654	-36,04495	-49,80654	-36,04495
13180	-49,80654	-36,04494	-49,15118	-36,04495
13200	-49,80654	-36,04495	-49,15118	-36,04495
13220	-49,80654	-36,04495	-49,80654	-36,04495
13240	-50,4619	-36,04495	-49,80654	-36,70031
13260	-50,4619	-36,04494	-49,15118	-36,04495
13280	-50,4619	-36,04494	-49,80654	-36,04495
13300	-49,80654	-36,04494	-49,15118	-36,04494
13320	-50,4619	-36,04494	-49,80654	-36,04495
13340	-50,4619	-35,38958	-49,80654	-36,04494
13360	-50,4619	-35,38958	-49,80655	-36,04494
13380	-50,4619	-36,04494	-49,80654	-36,04494
13400	-60,29242	-38,01101	-59,63733	-42,59853
13420	-60,29294	-46,53069	-59,63764	-47,18606
13440	-60,29297	-45,87533	-59,63761	-45,87533
13460	-60,29297	-45,21997	-59,63761	-45,87532
13480	-60,29297	-45,87532	-59,63761	-45,87533
13500	-60,29298	-46,53068	-59,63761	-46,53068
13520	-60,29297	-46,53068	-59,63762	-46,53069
13540	-60,29298	-46,53068	-59,63762	-47,18605
13560	-60,29297	-47,18604	-59,63762	-47,84141
13580	-60,29299	-48,49677	-59,63773	-51,11823
13600	-60,29319	-53,73968	-59,63784	-53,73969
13620	-60,2932	-53,08433	-59,63785	-53,08433
13640	-60,29322	-53,73969	-59,63786	-54,39506
13660	-60,29067	-54,39506	-59,63787	-55,70579
13680	-60,29323	-55,70579	-59,63786	-55,70579
13700	-60,29323	-56,36115	-59,63786	-57,01651
13720	-60,29322	-57,01651	-59,63786	-57,01651
13740	-60,29322	-56,36115	-59,63786	-57,01651
13760	-60,29322	-56,36115	-59,63786	-57,01651
13780	-60,29322	-56,36115	-59,63786	-57,01651
13800	-60,29322	-56,36116	-59,63786	-57,01652
13820	-60,29322	-56,36116	-59,63785	-56,36115
13840	-60,29321	-56,36115	-59,63785	-57,01651
13860	-60,29321	-56,36115	-59,63785	-56,36115
13880	-60,29321	-56,36115	-59,63785	-56,36115
13900	-60,29321	-55,70579	-59,63786	-56,36116
13920	-60,29322	-56,36116	-59,63786	-56,36116
13940	-60,29322	-56,36116	-59,63786	-56,36115
13960	-60,29322	-56,36115	-59,63786	-57,01651
13980	-60,29322	-57,01652	-59,63787	-57,01652
14000	-60,29323	-57,01651	-59,63787	-57,01652
14020	-60,29323	-57,01652	-59,63783	-55,70579
14040	-60,29317	-54,39507	-59,6378	-54,39507
14060	-60,29315	-54,39506	-59,6378	-54,39507
14080	-60,29316	-54,39507	-59,63779	-55,05042
14100	-60,29315	-55,05042	-59,63779	-55,05043
14120	-60,29315	-55,05043	-59,63779	-55,70579
14140	-60,29315	-55,70579	-59,63779	-55,70579
14160	-60,29314	-55,70578	-59,63778	-55,70579
14180	-60,29315	-55,70579	-59,63778	-56,36115
14200	-60,29314	-55,70578	-59,63778	-55,70579
14220	-60,29314	-55,70578	-59,63778	-55,70579
14240	-60,29313	-55,70578	-59,63775	-55,05043
14260	-60,293	-54,39507	-59,63758	-54,39508
14280	-60,29295	-54,39508	-59,6376	-53,73972
14300	-60,29296	-53,73972	-59,6376	-54,39508
14320	-60,29295	-54,39507	-59,6376	-54,39508
14340	-60,29296	-54,39507	-59,6376	-54,39507
14360	-60,29295	-55,05044	-59,6376	-55,05044
14380	-60,29296	-55,05044	-59,6376	-55,05044
14400	-60,29295	-55,05044	-59,6376	-55,05044
14420	-60,29296	-55,05043	-59,6376	-55,05044
14440	-60,29296	-55,05043	-59,6376	-55,7058
14460	-60,29296	-55,7058	-59,63761	-55,7058
14480	-60,29298	-55,7058	-59,63762	-56,36117
14500	-60,29299	-55,70581	-59,63763	-56,36117
14520	-60,29299	-55,70581	-59,63764	-55,70582
14540	-60,293	-55,70581	-59,63763	-56,36118
14560	-60,29299	-55,70581	-59,63763	-55,70581
14580	-60,29299	-55,70581	-59,63763	-55,70581
14600	-60,29299	-56,36117	-59,63761	-55,70582
14620	-60,29288	-55,70583	-59,63746	-55,70584
14640	-60,2928	-55,05047	-59,63746	-55,05047
14660	-60,29281	-54,39511	-59,63745	-55,05048
14680	-60,29281	-54,39511	-59,63745	-55,05047
14700	-60,2928	-55,05047	-59,63745	-55,05047
14720	-60,2928	-55,05046	-59,63744	-55,70583
14740	-60,29281	-55,70583	-59,63745	-55,70583
14760	-60,29281	-55,70583	-59,63746	-55,70584
14780	-60,29282	-55,70583	-59,63746	-55,70584
14800	-60,29282	-55,70583	-59,63746	-56,36119
14820	-60,29282	-55,70583	-59,63747	-56,36119
14840	-60,29283	-56,36119	-59,63747	-56,36119
14860	-60,29285	-56,36119	-59,63754	-56,3612
14880	-60,2929	-56,36119	-59,63754	-56,36119
14900	-60,2929	-56,36119	-59,63754	-56,36119
14920	-60,2929	-56,36118	-59,63754	-56,36118
14940	-60,2929	-56,36118	-59,63754	-56,36119
14960	-60,2929	-56,36119	-59,63754	-57,01655
14980	-60,2929	-57,01655	-59,63754	-57,01654
15000	-60,2929	-56,36118	-59,63754	-57,01654
15020	-60,2929	-57,01654	-59,63754	-57,01654
15040	-60,2929	-57,01655	-59,63754	-57,6719
15060	-60,2929	-57,6719	-59,63754	-57,67191
15080	-60,2929	-57,6719	-59,63754	-58,32727
15100	-60,2929	-57,01654	-59,63754	-57,6719
15120	-60,2929	-57,01654	-59,63753	-57,6719
15140	-60,29289	-57,01654	-59,63754	-57,6719
15160	-60,29289	-57,6719	-59,63753	-57,6719
15180	-60,29289	-57,01653	-59,63753	-57,01654
15200	-60,29288	-57,01653	-59,6375	-55,70581
15220	-60,29266	-51,77365	-56,36026	-49,80758
15240	-44,56357	-47,8415	-43,90816	-47,8415
15260	-46,52962	-46,53077	-45,87426	-47,18613
15280	-45,87425	-46,53077	-45,87426	-46,53077
15300	-46,52962	-46,53077	-45,87426	-46,53077
15320	-46,52962	-46,53076	-45,21891	-46,53077
15340	-45,87427	-46,53077	-44,56356	-46,53077
15360	-45,21893	-47,18614	-44,56357	-46,53078
15380	-44,56358	-46,53078	-43,90822	-47,18614
15400	-44,56359	-46,53079	-43,90823	-46,53079
15420	-44,56358	-46,53078	-43,90822	-41,28791
15440	-44,56358	-45,87542	-43,90822	-46,53079
15460	-44,56358	-45,87542	-43,90823	-45,87542
15480	-47,18504	-45,22005	-49,15115	-44,56469
15500	-49,8065	-44,56468	-48,49579	-43,90933
15520	-49,80651	-43,90932	-49,15115	-43,90933
15540	-49,80651	-43,90933	-49,15116	-43,90933
15560	-49,80651	-43,90932	-48,49579	-44,56469
15580	-49,80652	-43,90933	-49,15115	-43,90933
15600	-49,80651	-43,90933	-49,15116	-43,90933
15620	-49,80652	-43,90932	-49,15116	-44,56468
15640	-49,80652	-44,56469	-49,15116	-44,56469
15660	-49,80652	-43,90933	-49,15116	-43,90933
15680	-49,80652	-43,90933	-49,15116	-43,90933
15700	-49,80652	-43,90932	-53,08335	-44,56469
15720	-55,04945	-44,56469	-53,73872	-44,56468
15740	-53,73872	-43,90932	-53,73872	-44,56468
15760	-54,39408	-43,90932	-53,73872	-43,90932
15780	-54,39408	-43,90932	-53,73872	-44,56468
15800	-53,73872	-44,56468	-53,73872	-44,56468
15820	-54,39407	-43,90932	-53,73872	-44,56468
15840	-53,73871	-44,56467	-53,08335	-44,56467
15860	-53,73871	-44,56468	-53,08335	-44,56468
15880	-53,73871	-43,90931	-53,08335	-44,56468
15900	-53,7387	-44,56467	-53,08335	-44,56468
15920	-53,7387	-44,56467	-53,08334	-44,56468
15940	-53,7387	-44,56468	-53,08334	-44,56467
15960	-53,7387	-44,56467	-53,08334	-44,56467
15980	-53,7387	-44,56467	-53,08334	-44,56467
16000	-53,7387	-44,56467	-53,08334	-45,22004
16020	-54,39407	-44,56467	-53,7387	-44,56467
16040	-53,7387	-44,56467	-53,08334	-44,56467
16060	-53,7387	-43,9093	-53,08334	-44,56466
16080	-53,7387	-44,56467	-53,08333	-44,56466
16100	-53,7387	-44,56466	-53,08334	-44,56467
16120	-53,7387	-43,9093	-53,08334	-44,56466
16140	-53,08332	-44,56467	-52,42796	-45,22003
16160	-52,42795	-44,56467	-51,77259	-44,56467
16180	-52,42795	-43,9093	-51,77259	-43,90931
16200	-52,42795	-43,9093	-51,77259	-44,56466
16220	-52,42795	-43,9093	-51,77259	-44,56466
16240	-52,42795	-43,9093	-51,77259	-43,9093
16260	-52,42795	-43,9093	-51,77259	-44,56466
16280	-52,42795	-44,56466	-51,11724	-44,56466
16300	-51,7726	-44,56467	-50,46189	-45,87539
16320	-60,29241	-49,80757	-59,63732	-55,70583
16340	-60,29295	-60,29335	-59,63767	-61,60409
16360	-60,29299	-59,63799	-59,63762	-58,32727
16380	-60,29299	-57,67189	-59,63763	-57,01653
16400	-60,29299	-56,36117	-59,63763	-57,01652
16420	-60,29299	-56,36116	-59,63763	-56,36116
16440	-60,29302	-55,70579	-59,63775	-54,39505
16460	-60,29313	-52,42896	-59,63775	-51,77359
16480	-60,29311	-51,77359	-59,63776	-51,77359
16500	-60,29312	-51,77359	-59,63776	-52,42896
16520	-60,29313	-52,42895	-59,63777	-52,42896
16540	-60,29312	-53,08432	-59,63776	-53,08432
16560	-60,29312	-53,08432	-59,63776	-53,73968
16580	-60,29312	-53,73968	-59,63777	-54,39505
16600	-60,29313	-54,39505	-59,63782	-54,39505
16620	-60,29322	-54,39505	-59,63786	-54,39505
16640	-60,29321	-54,39504	-59,63785	-54,39504
16660	-60,29321	-53,73968	-59,63785	-54,39504
16680	-60,29321	-54,39504	-59,63785	-54,39504
16700	-60,2932	-54,39504	-59,63784	-54,39505
16720	-60,2932	-54,39504	-59,63785	-54,39504
16740	-60,2932	-54,39504	-59,63784	-54,39504
16760	-60,2932	-54,39504	-59,63784	-55,0504
16780	-60,2932	-55,0504	-59,63784	-55,0504
16800	-60,2932	-54,39504	-59,63784	-55,0504
16820	-60,2932	-55,0504	-59,63784	-55,0504
16840	-60,2932	-55,0504	-59,63784	-55,05041
16860	-60,2932	-55,0504	-59,63529	-55,70577
16880	-60,29319	-55,0504	-59,63783	-55,0504
16900	-60,29319	-55,04957	-59,63783	-55,70577
16920	-60,29319	-55,0504	-59,63783	-55,70577
16940	-60,29319	-55,0504	-59,63783	-55,70577
16960	-60,29319	-55,70576	-59,63783	-55,70577
16980	-60,29318	-55,0504	-59,63782	-55,70577
17000	-60,29318	-55,70576	-59,63782	-55,70577
17020	-60,29318	-55,70576	-59,63782	-55,70577
17040	-60,29318	-56,36112	-59,63782	-56,36112
17060	-60,29318	-56,36112	-59,63781	-56,36112
17080	-60,29317	-55,70576	-59,63781	-55,70576
17100	-60,29317	-55,70576	-59,63782	-56,36112
17120	-60,29318	-55,70577	-59,63783	-56,36113
17140	-60,29319	-55,70578	-59,63784	-56,36114
17160	-60,2932	-55,70578	-59,63784	-56,36114
17180	-60,2932	-56,36114	-59,63784	-56,36114
17200	-60,29311	-55,70579	-59,63763	-55,70581
17220	-60,29296	-55,05045	-59,63761	-55,05045
17240	-60,29297	-54,39508	-59,63761	-54,39508
17260	-60,29297	-54,39508	-59,63761	-54,39508
17280	-60,29298	-54,39508	-59,63762	-54,39508
17300	-60,29298	-55,05044	-59,63762	-55,05044
17320	-60,29298	-55,05044	-59,63762	-55,05044
17340	-60,29298	-55,05044	-59,63762	-55,05044
17360	-60,29298	-55,05043	-59,63762	-55,05044
17380	-60,29298	-55,05044	-59,63762	-55,7058
17400	-60,29298	-55,7058	-59,63763	-55,70581
17420	-60,29299	-55,05045	-59,63763	-55,70581
17440	-60,29299	-56,36117	-59,63764	-56,36117
17460	-60,293	-55,70581	-59,63763	-56,36117
17480	-60,29299	-55,70581	-59,63757	-55,70581
17500	-60,29278	-55,05047	-59,63736	-54,39511
17520	-60,29273	-54,3951	-59,63738	-54,3951
17540	-60,29273	-53,73974	-59,63738	-54,3951
17560	-60,29274	-53,73974	-59,63738	-54,39511
17580	-60,29274	-54,3951	-59,63737	-54,3951
17600	-60,29274	-54,3951	-59,63737	-54,3951
17620	-60,29273	-54,3951	-59,63738	-54,3951
17640	-60,29273	-54,3951	-59,63738	-54,3951
17660	-60,29274	-54,3951	-59,63738	-54,3951
17680	-60,29274	-54,3951	-59,63738	-54,3951
17700	-60,29274	-54,3951	-59,63738	-54,3951
17720	-60,29274	-54,3951	-59,63737	-55,05046
17740	-60,29265	-55,05047	-59,63727	-55,05048
17760	-60,29264	-54,39511	-59,63729	-55,05047
17780	-60,29265	-55,05047	-59,63728	-55,05047
17800	-60,29264	-55,05047	-59,63728	-55,05047
17820	-60,29264	-55,05047	-59,63728	-55,05046
17840	-60,29265	-55,70582	-59,63729	-55,70582
17860	-60,29265	-55,70583	-59,6373	-55,70583
17880	-60,29266	-55,70584	-59,63731	-56,3612
17900	-60,29267	-55,70584	-59,63732	-55,70585
17920	-60,29268	-55,70585	-59,63732	-55,70585
17940	-60,29268	-55,05049	-59,63732	-55,70585
17960	-60,29268	-55,70585	-59,63732	-55,70584
17980	-60,29268	-55,70584	-59,63732	-55,70585
18000	-60,29266	-55,70585	-59,63725	-55,05049
18020	-60,2926	-55,05049	-59,63726	-55,05049
18040	-60,29262	-54,39513	-59,63725	-55,05048
18060	-60,29261	-54,39513	-59,63726	-54,39513
18080	-60,29262	-54,39513	-59,63725	-54,39513
18100	-60,29261	-54,39513	-59,63725	-54,39513
18120	-60,29261	-54,39513	-59,63725	-54,39513
18140	-60,29261	-53,73976	-59,63725	-54,39513
18160	-60,29262	-53,73976	-59,63726	-53,73977
18180	-60,29262	-53,73976	-59,63726	-53,0844
18200	-60,29262	-53,0844	-59,63726	-53,0844
18220	-60,29262	-53,0844	-59,63726	-52,42904
18240	-60,29262	-52,42903	-59,63726	-52,42904
18260	-60,29262	-53,08439	-59,63725	-53,08439
18280	-60,29262	-52,42903	-59,63726	-52,42903
18300	-60,29261	-52,42903	-59,63726	-52,42903
18320	-60,29262	-51,77367	-59,63726	-52,42903
18340	-60,29261	-51,77367	-59,63726	-52,42903
18360	-60,29262	-51,77367	-59,63729	-51,77367
18380	-60,29266	-51,1183	-59,6373	-51,1183
18400	-60,29266	-51,1183	-59,6373	-51,1183
18420	-60,29266	-50,46294	-59,6373	-51,11829
18440	-60,29266	-51,11829	-59,6373	-51,1183
18460	-60,29266	-51,1183	-59,6373	-51,77366
18480	-60,29266	-51,1183	-59,6373	-51,1183
18500	-60,29265	-51,1183	-59,63729	-51,77366
18520	-60,29265	-51,1183	-59,6373	-51,1183
18540	-60,29265	-51,11829	-59,63729	-51,1183
18560	-60,29266	-51,1183	-59,6373	-51,77366
18580	-60,29266	-51,1183	-59,63729	-51,77366
18600	-60,29261	-51,1183	-59,63709	-49,80759
18620	-57,01552	-49,15225	-56,36014	-49,15225
18640	-57,67088	-48,49688	-57,67088	-48,49688
18660	-57,67088	-48,49687	-57,67088	-48,49688
18680	-57,67089	-48,49688	-56,36018	-48,49689
18700	-57,01554	-48,49689	-56,36019	-48,49689
18720	-57,01555	-47,84152	-55,70483	-48,49689
18740	-57,01555	-47,84153	-56,3602	-47,84153
18760	-57,01555	-47,84153	-55,70484	-47,84153
18780	-57,01556	-47,84152	-56,3602	-47,84153
18800	-57,01556	-47,84152	-56,3602	-47,84152
18820	-59,63703	-48,49688	-59,63708	-49,15225
18840	-60,29244	-48,49689	-59,63707	-48,49688
18860	-60,29244	-47,84152	-59,63708	-47,84152
18880	-60,29244	-47,84152	-59,63708	-47,84153
18900	-60,29243	-47,84152	-59,63708	-48,49688
18920	-60,29243	-47,84152	-59,63707	-48,49688
18940	-60,29243	-47,84152	-59,63707	-48,49688
18960	-60,29243	-48,49688	-59,63707	-48,49689
18980	-60,29243	-47,84152	-59,63707	-48,49688
19000	-60,29243	-47,84153	-59,63707	-47,84152
19020	-60,29243	-47,84153	-59,63706	-47,84153
19040	-60,29242	-47,84153	-59,63706	-48,49689
19060	-60,29242	-47,84152	-59,63706	-48,49689
19080	-60,29242	-47,84152	-59,63706	-48,49688
19100	-60,29241	-47,84153	-59,63705	-47,84153
19120	-60,29241	-47,84153	-59,63704	-47,84153
19140	-60,2924	-47,84153	-59,63704	-48,49689
19160	-60,2924	-48,49689	-59,63704	-47,84153
19180	-60,2924	-47,84152	-56,36019	-47,18616
19200	-51,77259	-45,22008	-47,18501	-45,22008
19220	-46,52964	-43,90936	-46,52964	-44,56472
19240	-47,185	-44,56471	-46,52964	-44,56472
19260	-47,18501	-43,90935	-47,18501	-43,25399
19280	-47,84036	-43,25398	-47,18501	-43,25399
19300	-47,84036	-43,25398	-47,185	-43,25398
19320	-47,84037	-43,25398	-47,18501	-43,25399
19340	-47,84037	-42,59862	-47,185	-42,59862
19360	-48,49572	-42,59862	-47,18501	-42,59863
19380	-48,49572	-42,59862	-47,84037	-42,59862
19400	-47,84036	-42,59862	-44,56353	-41,94326
19420	-40,6313	-41,2879	-39,32056	-41,2879
19440	-40,6313	-40,63254	-39,97593	-41,28789
19460	-40,63129	-41,28789	-39,97592	-41,94325
19480	-40,63128	-41,28789	-39,97592	-41,28789
19500	-40,63128	-41,2879	-39,97592	-41,2879
19520	-40,63128	-41,28789	-39,97592	-41,2879
19540	-40,63128	-41,94326	-39,97592	-41,94326
19560	-39,97592	-41,94326	-33,42226	-41,2879
19580	-26,2132	-39,97719	-24,24709	-39,32183
19600	-25,55784	-38,66647	-24,90249	-38,66647
19620	-24,90248	-38,01111	-24,24712	-38,01111
19640	-24,90248	-38,01111	-24,24712	-38,01111
19660	-24,90248	-37,35574	-24,24712	-37,35575
19680	-25,55783	-37,35574	-24,24711	-37,35574
19700	-24,90247	-36,70038	-24,24712	-36,70038
19720	-24,90247	-36,70038	-24,24712	-36,70038
19740	-24,90247	-36,70037	-24,24711	-36,04502
19760	-24,24711	-36,04502	-24,24711	-36,04502
19780	-24,90247	-35,38966	-24,24711	-36,04502
19800	-24,90247	-35,38965	-24,90246	-35,38965
19820	-24,90246	-35,38965	-20,3149	-34,73429
19840	-19,00414	-34,73429	-17,69342	-34,07893
19860	-19,00415	-33,42357	-17,69343	-33,42357
19880	-18,34879	-32,76821	-17,69343	-33,42357
19900	-18,34879	-33,42357	-17,69343	-34,07893
19920	-22,28098	-35,38965	-44,56352	-40,63255
19940	-60,29257	-45,87543	-59,63759	-50,46295
19960	-60,29312	-51,77365	-59,63774	-50,46293
19980	-60,29308	-49,1522	-59,63772	-49,15219
20000	-60,29307	-47,84146	-59,63771	-47,84146
20020	-60,29307	-47,18609	-59,63771	-47,1861
20040	-60,29306	-47,1861	-59,6377	-47,18609
20060	-60,29305	-47,18609	-59,63769	-47,1861
20080	-60,29306	-47,1861	-59,63769	-47,84146
20100	-60,29306	-47,84145	-59,6377	-47,84146
20120	-60,29306	-47,84146	-59,6377	-48,49682
20140	-60,29306	-47,84146	-59,6377	-48,49682
20160	-60,29305	-48,49682	-59,6377	-48,49682
20180	-60,29305	-48,49682	-59,63769	-48,49682
20200	-60,29305	-49,15218	-59,63769	-48,49683
20220	-60,29303	-49,15219	-59,63761	-49,15219
20240	-60,29294	-49,15219	-59,63758	-49,15219
20260	-60,29295	-48,49683	-59,63758	-49,15219
20280	-60,29294	-49,15219	-59,63758	-49,80755
20300	-60,29294	-49,80756	-59,63758	-49,80756
20320	-60,29294	-50,46292	-59,63759	-51,11828
20340	-60,29295	-51,11829	-59,63759	-51,77365
20360	-60,29296	-51,77365	-59,63761	-51,77366
20380	-60,29297	-51,77366	-59,63761	-52,42902
20400	-60,29297	-52,42903	-59,6376	-52,42903
20420	-60,29287	-52,42904	-59,63743	-51,77369
20440	-60,29278	-51,11832	-59,63743	-51,77369
20460	-60,29279	-51,77368	-59,63744	-51,77369
20480	-60,29279	-51,77368	-59,63743	-52,42905
20500	-60,2928	-52,42905	-59,63744	-52,42905
20520	-60,2928	-52,42905	-59,63744	-52,42905
20540	-60,2928	-52,42905	-59,63744	-53,08441
20560	-60,2928	-52,42905	-59,63744	-53,08441
20580	-60,2928	-53,08441	-59,63743	-53,08441
20600	-60,2928	-53,08441	-59,63744	-53,08441
20620	-60,2928	-53,08441	-59,63745	-53,73977
20640	-60,29281	-53,73977	-59,63745	-53,08441
20660	-60,29281	-53,73977	-59,63745	-53,73977
20680	-60,29283	-54,39514	-59,63746	-54,39514
20700	-60,29283	-54,39514	-59,63747	-54,39514
20720	-60,29283	-54,39513	-59,63747	-54,39513
20740	-60,29283	-54,39513	-59,63746	-54,39513
20760	-60,29283	-54,39514	-59,63746	-54,39514
20780	-60,29282	-54,39513	-59,63746	-54,39513
20800	-60,29282	-54,39513	-59,63747	-54,39513
20820	-60,29281	-54,39513	-59,63735	-53,08442
20840	-60,29262	-53,08443	-59,63723	-53,08443
20860	-60,2926	-52,42906	-59,63724	-53,08442
20880	-60,2926	-52,42906	-59,63724	-53,08442
20900	-60,2926	-53,08442	-59,63724	-53,08442
20920	-60,29261	-53,08442	-59,63724	-53,08441
20940	-60,29261	-53,08441	-59,63725	-53,08442
20960	-60,29261	-53,08441	-59,63726	-53,73978
20980	-60,29261	-53,08441	-59,63725	-53,08442
21000	-60,29261	-53,08442	-59,63726	-53,08442
21020	-60,29261	-53,08441	-59,63725	-53,08441
21040	-60,29262	-53,08441	-59,63726	-53,08441
21060	-60,29261	-53,08441	-59,63725	-53,73977
21080	-60,29261	-53,73977	-59,63725	-53,73977
21100	-60,29261	-53,73977	-59,63725	-53,73978
21120	-60,29261	-53,73977	-59,63725	-53,73978
21140	-60,29262	-53,73978	-59,63726	-54,39514
21160	-60,29263	-54,39514	-59,63728	-54,39515
21180	-60,29264	-53,08443	-59,63719	-53,08444
21200	-60,29241	-52,42909	-58,98162	-52,4291
21220	-60,29236	-51,77373	-59,637	-51,77372
21240	-60,29236	-51,77372	-59,637	-51,77373
21260	-60,29236	-51,77372	-59,637	-51,77372
21280	-60,29236	-51,77372	-59,63701	-51,77372
21300	-60,29237	-51,77372	-59,63701	-51,77372
21320	-60,29238	-51,77372	-59,63702	-51,11836
21340	-60,29238	-51,11836	-59,63702	-51,11836
21360	-60,29238	-51,11836	-59,63702	-51,11836
21380	-60,29238	-51,11836	-59,63702	-51,11836
21400	-60,29238	-51,11836	-59,63702	-51,11836
21420	-60,29238	-51,11836	-59,63702	-51,11836
21440	-60,29239	-51,11836	-59,63702	-51,11836
21460	-58,32627	-49,80764	-53,08332	-49,15227
21480	-52,42794	-48,49691	-52,42794	-48,49691
21500	-52,42795	-47,84155	-51,77259	-48,49691
21520	-52,42795	-48,49691	-52,42795	-48,49691
21540	-52,42795	-48,49691	-52,42794	-49,15227
21560	-52,42795	-48,49691	-52,42795	-49,15227
21580	-53,08331	-48,49691	-52,42795	-48,49691
21600	-53,08331	-49,15227	-52,42795	-48,49691
21620	-53,73867	-48,49691	-53,08331	-49,15227
21640	-53,0833	-49,15227	-52,42795	-49,15227
21660	-53,73867	-49,15227	-53,08331	-49,15227
21680	-45,87428	-47,84155	-32,76692	-45,22011
21700	-27,52392	-44,56475	-27,52392	-43,90939
21720	-28,83466	-43,90938	-28,17929	-43,90937
21740	-28,83465	-43,25401	-28,17929	-43,25401
21760	-28,83465	-43,25401	-28,17929	-43,90937
21780	-28,83465	-43,90937	-28,17929	-43,90937
21800	-28,17929	-43,25401	-27,52393	-43,90937
21820	-28,17929	-43,90937	-27,52393	-43,90937
21840	-28,17929	-43,90937	-27,52393	-43,90937
21860	-28,17929	-43,25401	-27,52393	-43,90937
21880	-28,17928	-43,90936	-27,52393	-43,25401
21900	-28,17928	-43,90936	-27,52392	-43,25401
21920	-28,17928	-43,90936	-27,52392	-43,254
21940	-28,83464	-43,254	-28,17928	-43,254
21960	-28,83463	-42,59864	-28,83464	-43,90936
21980	-44,56346	-48,49689	-59,6371	-53,73978
22000	-60,29282	-58,32731	-59,63763	-58,98266
22020	-60,29299	-57,01657	-59,63761	-56,3612
22040	-60,29298	-55,05047	-59,63762	-54,39511
22060	-60,29298	-53,73975	-59,63762	-53,73975
22080	-60,29299	-53,08439	-59,63762	-53,08438
22100	-60,29299	-53,08438	-59,63763	-53,08438
22120	-60,29298	-52,42902	-59,63762	-53,08438
22140	-60,29299	-53,08438	-59,63762	-53,08438
22160	-60,29299	-53,08439	-59,63763	-53,73975
22180	-60,29306	-55,70584	-59,63776	-57,01657
22200	-60,29313	-56,3612	-59,63776	-56,3612
22220	-60,29312	-56,3612	-59,63776	-56,3612
22240	-60,29312	-56,3612	-59,63776	-56,3612
22260	-60,29312	-56,36119	-59,63776	-57,01656
22280	-60,29311	-57,01656	-59,63776	-57,01657
22300	-60,29312	-57,01656	-59,63776	-57,01657
22320	-60,29311	-57,01656	-59,63775	-57,01656
22340	-60,29311	-56,3612	-59,63775	-56,36121
22360	-60,29311	-56,3612	-59,63775	-56,36121
22380	-60,29311	-56,3612	-59,63775	-57,01656
22400	-60,29311	-56,3612	-59,63774	-56,3612
22420	-60,2931	-56,3612	-59,63774	-57,01656
22440	-60,29311	-56,3612	-59,63774	-56,3612
22460	-60,2931	-56,3612	-59,63774	-56,3612
22480	-60,2931	-56,3612	-59,63774	-57,01656
22500	-60,2931	-56,3612	-59,63773	-56,3612
22520	-60,29299	-55,70583	-59,63752	-55,05049
22540	-60,29285	-54,39512	-59,6375	-54,39513
22560	-60,29286	-54,39512	-59,63749	-54,39513
22580	-60,29285	-54,39512	-59,6375	-55,05048
22600	-60,29286	-55,05048	-59,63749	-55,05049
22620	-60,29286	-55,05048	-59,6375	-55,05048
22640	-60,29286	-55,05048	-59,6375	-55,70584
22660	-60,29286	-55,05048	-59,6375	-55,70584
22680	-60,29286	-55,70584	-59,63749	-55,70584
22700	-60,29286	-55,05048	-59,6375	-55,70584
22720	-60,29285	-55,70584	-59,63749	-55,70584
22740	-60,29285	-55,70584	-59,63749	-55,05048
22760	-60,29284	-55,05048	-59,63748	-55,70585
22780	-60,29284	-55,70584	-59,63749	-55,70585
22800	-60,29285	-55,70585	-59,63749	-55,0505
22820	-60,29286	-55,70586	-59,6375	-55,70585
22840	-60,29286	-55,05049	-59,6375	-55,70586
22860	-60,29284	-55,70585	-59,63737	-55,05051
22880	-60,29261	-55,05052	-59,63725	-55,05052
22900	-60,29262	-54,39515	-59,63726	-55,05051
22920	-60,29262	-54,39515	-59,63727	-54,39515
22940	-60,29263	-54,39515	-59,63727	-55,05051
22960	-60,29263	-54,39515	-59,63728	-55,05052
22980	-60,29264	-55,05051	-59,63728	-55,05052
23000	-60,29263	-55,05051	-59,63727	-55,05051
23020	-60,29264	-55,05051	-59,63728	-55,05051
23040	-60,29264	-55,05051	-59,63728	-55,70587
23060	-60,29264	-55,70587	-59,63729	-55,70588
23080	-60,29265	-55,70588	-59,63729	-55,70588
23100	-60,29264	-55,70587	-59,63729	-56,36124
23120	-60,29265	-56,36123	-59,63728	-56,36124
23140	-60,29265	-56,36123	-59,63729	-56,36124
23160	-60,29265	-57,0166	-59,63727	-56,36124
23180	-60,29252	-55,05052	-59,63705	-55,05053
23200	-60,29238	-54,39517	-59,63704	-54,39517
23220	-60,2924	-54,39516	-59,63704	-54,39516
23240	-60,29239	-54,39516	-59,63704	-54,39516
23260	-60,2924	-54,39516	-59,63704	-55,05052
23280	-60,29239	-54,39516	-59,63703	-55,05052
23300	-60,29239	-55,05052	-59,63703	-55,70588
23320	-60,29239	-55,05052	-59,63703	-55,05052
23340	-60,2924	-55,05052	-59,63703	-55,70589
23360	-60,29239	-55,05052	-59,63703	-55,70589
23380	-60,29239	-55,70588	-59,63703	-55,70589
23400	-60,29238	-55,70588	-59,63697	-55,70589
23420	-60,29232	-55,70589	-59,63698	-55,70589
23440	-60,29233	-55,70589	-59,63698	-55,70589
23460	-60,29233	-55,70589	-59,63697	-55,70589
23480	-60,29233	-55,70589	-59,63698	-56,36125
23500	-60,29234	-56,36125	-59,63698	-56,36125
23520	-60,29234	-56,36125	-59,63698	-57,01661
23540	-60,29235	-56,36125	-59,63699	-57,01661
23560	-60,29236	-57,01661	-59,63701	-56,36126
23580	-60,29237	-56,36126	-59,63701	-56,36127
23600	-60,29238	-56,36127	-59,63702	-56,36127
23620	-60,29238	-56,36127	-59,63702	-56,36127
23640	-60,29238	-56,36126	-59,63702	-56,36126
23660	-60,29238	-56,36126	-59,63702	-56,36126
23680	-60,29239	-56,36126	-59,63702	-56,36126
23700	-60,29238	-56,36125	-59,63704	-55,7059
23720	-60,29239	-55,7059	-59,63703	-55,7059
23740	-60,29239	-55,05054	-59,63703	-55,7059
23760	-60,29239	-55,7059	-59,63703	-55,05054
23780	-60,29239	-55,05054	-59,63703	-55,05054
23800	-60,29238	-55,05054	-59,63702	-55,7059
23820	-60,29239	-55,05054	-59,63702	-55,7059
23840	-60,29239	-55,05054	-59,63703	-55,7059
23860	-60,29239	-55,70589	-59,63703	-55,7059
23880	-60,29239	-55,05054	-59,63703	-55,05054
23900	-60,29239	-55,05054	-59,63703	-55,05054
23920	-60,29238	-55,05054	-59,63702	-55,05054
23940	-60,29238	-54,39517	-59,63702	-55,05054
23960	-60,29238	-55,05054	-59,63702	-55,7059
23980	-60,29237	-55,7059	-59,63701	-55,70591
24000	-60,29237	-55,70591	-59,63701	-57,01663
24020	-60,29237	-57,01663	-59,63701	-57,672
24040	-60,29237	-58,32736	-59,63701	-58,98272
24060	-60,29237	-59,63808	-59,637	-61,60417
24080	-60,29236	-66,19172	-59,63445	-75,3668
24100	-60,29235	-85,85259	-58,98161	-96,3384
24120	-58,32623	-104,8581	-57,01546	-110,75636
24140	-51,77246	-117,30997	-51,77238	-124,51894
24160	-54,39377	-129,10647	-53,08299	-132,38328
24180	-53,08292	-134,34937	-54,39362	-133,03865
24200	-55,70436	-125,82965	-53,08295	-120,58675
24220	-52,42761	-114,68849	-49,80619	-108,79024
24240	-49,8062	-103,54734	-48,4955	-98,95981
24260	-48,49552	-94,37227	-47,84017	-91,09546
24280	-47,84019	-88,474	-47,18484	-85,19719
24300	-47,84021	-81,92038	-47,84022	-79,29893
24320	-48,49559	-76,67747	-48,4956	-74,05602
24340	-49,15097	-71,43457	-49,15097	-70,77921
24360	-49,80634	-70,12385	-49,15098	-70,12385
24380	-49,80634	-70,77921	-48,49562	-71,43458
24400	-49,15098	-72,74531	-47,1849	-74,7114
24420	-47,18491	-76,02213	-45,21884	-77,33286
24440	-44,56348	-77,33286	-42,5974	-77,33286
24460	-42,59741	-77,33285	-41,28669	-76,67749
24480	-41,28669	-76,02213	-39,32062	-75,36676
24500	-39,97598	-74,05604	-39,32062	-73,40067
24520	-39,32062	-72,74531	-38,66527	-72,08994
24540	-39,32064	-71,43458	-38,66529	-70,77921
24560	-39,32065	-70,12385	-38,00993	-69,46849
24580	-38,6653	-68,81312	-38,00994	-68,81312
24600	-38,66531	-68,15776	-38,00995	-67,5024
24620	-38,66531	-66,84704	-38,00995	-66,84704
24640	-38,66531	-65,53631	-38,66531	-64,88095
24660	-39,32067	-64,88095	-38,66532	-64,88095
24680	-39,32068	-64,22559	-38,66532	-64,22559
24700	-40,63141	-57,01659	-41,94211	-49,80758
24720	-43,90818	-41,94321	-43,90816	-36,7003
24740	-45,87422	-34,07884	-45,87422	-32,11275
24760	-47,18495	-30,80202	-46,52959	-30,14666
24780	-47,18495	-29,49129	-46,52959	-28,83593
24800	-47,84032	-28,18057	-47,18495	-27,52521
24820	-47,84031	-26,86984	-47,18496	-26,21448
24840	-48,49568	-26,21448	-47,84031	-25,55911
24860	-47,84031	-24,90375	-48,49567	-24,24839
24880	-48,49566	-24,24838	-48,49567	-24,24838
24900	-49,15103	-23,59302	-48,49567	-22,93765
24920	-49,15103	-22,93766	-49,15104	-22,28229
24940	-49,80639	-22,28229	-49,8064	-22,28228
24960	-50,46175	-22,28229	-49,80639	-21,62693
24980	-50,46175	-21,62692	-49,80639	-21,62693
25000	-50,46175	-21,62692	-49,80639	-21,62692
25020	-50,46174	-20,97156	-49,80638	-20,97156
25040	-50,46174	-20,3162	-50,46174	-20,97156
25060	-50,45919	-20,31619	-50,46174	-20,3162
25080	-51,1171	-19,66083	-51,1171	-19,66083
25100	-51,77246	-19,00547	-51,1171	-19,66083
25120	-51,77246	-19,66082	-51,1171	-19,66082
25140	-52,42782	-19,00546	-51,77245	-19,00546
25160	-52,42781	-19,00546	-51,77245	-19,00546
25180	-52,42781	-19,00546	-52,42781	-19,00546
25200	-52,42781	-18,3501	-51,77245	-19,00546
25220	-51,77246	-19,00547	-50,46174	-19,00547
25240	-51,11711	-19,00548	-50,46175	-19,00548
25260	-51,11712	-18,35011	-50,46176	-18,35012
25280	-51,11712	-18,35012	-49,8064	-19,00548
25300	-50,46176	-18,35012	-50,46176	-18,35012
25320	-50,46176	-18,35011	-49,8064	-18,35012
25340	-51,11712	-17,69476	-49,8064	-18,35012
25360	-51,11712	-18,35011	-49,8064	-17,69476
25380	-50,46176	-17,69476	-49,8064	-18,35012
25400	-51,11712	-17,69476	-49,80641	-17,69476
25420	-50,46177	-17,69476	-49,80641	-17,69476
25440	-50,46176	-17,69476	-49,8064	-18,35012
25460	-50,46176	-17,69476	-49,15103	-18,35013
25480	-49,8064	-18,35012	-49,15103	-18,35012
25500	-50,46176	-18,35012	-49,15104	-18,35012
25520	-49,8064	-18,35012	-49,15104	-18,35013
25540	-49,8064	-19,00549	-50,46179	-24,90376
25560	-55,70472	-38,66642	-54,39404	-47,84155
25580	-53,08334	-47,84155	-52,42799	-45,87546
25600	-53,08334	-45,87545	-52,42798	-45,87546
25620	-53,08334	-45,87545	-51,77263	-45,87546
25640	-53,08335	-45,87545	-52,42799	-45,87546
25660	-53,08335	-45,87545	-52,42798	-46,53081
25680	-53,08335	-46,53081	-52,42798	-46,53081
25700	-53,08335	-45,87545	-52,42799	-46,53081
25720	-53,7387	-46,53081	-52,42798	-46,53081
25740	-53,08334	-45,87545	-52,42798	-46,53081
25760	-53,08334	-45,87545	-52,42798	-46,53081
25780	-53,08334	-45,87545	-52,42798	-46,53081
25800	-53,08334	-46,53081	-52,42798	-46,53081
25820	-53,7387	-46,53081	-53,08334	-46,53081
25840	-53,08334	-46,53081	-53,08335	-46,53081
25860	-53,73871	-46,53081	-53,08334	-46,53082
25880	-53,7387	-46,53081	-52,42798	-46,53081
25900	-49,80649	-45,22008	-45,87428	-44,56472
25920	-46,52963	-43,90936	-46,52965	-43,90936
25940	-47,185	-43,90935	-46,52964	-43,90935
25960	-47,185	-43,90936	-46,52964	-44,56472
25980	-47,185	-43,90935	-46,52965	-44,56472
26000	-47,185	-44,56471	-46,52965	-44,56472
26020	-46,52965	42,59816	-45,87429	-44,56472
26040	-45,8743	-44,56472	-45,21895	-43,90937
26060	-45,87432	-43,90936	-45,21896	-43,90937
26080	-45,87432	-43,90937	-45,21896	-44,56473
26100	-45,87432	-43,90936	-45,21895	-43,90937
26120	-45,87431	-43,90936	-44,56359	-44,56472
26140	-45,21895	-43,90936	-44,56358	-43,90935
26160	-44,56358	-43,90935	-43,90822	-43,90936
26180	-44,56358	-43,90935	-43,90822	-43,90935
26200	-43,90822	-43,90936	-43,25287	-44,56472
26220	-43,90822	-43,90936	-42,5975	-44,56472
26240	-43,25286	-43,90936	-42,5975	-44,56472
26260	-43,25285	-44,56471	-41,94213	-44,56471
26280	-43,25285	-44,56471	-42,5975	-45,22007
26300	-43,25286	-45,22008	-42,59751	-45,87544
26320	-43,25287	-45,87544	-42,59751	-45,87544
26340	-43,25287	-45,87544	-42,59752	-45,87544
26360	-43,90824	-45,87543	-42,59752	-45,22007
26380	-43,25287	-45,22007	-42,59751	-45,22008
26400	-43,25287	-45,22007	-42,59751	-45,22007
26420	-43,25287	-44,56471	-42,59751	-45,22007
26440	-43,90824	-44,56471	-47,84044	-44,56471
26460	-49,15116	-43,90934	-47,84044	-43,90934
26480	-48,4958	-43,25397	-48,4958	-43,25398
26500	-49,15116	-43,25397	-48,4958	-43,90933
26520	-49,15116	-43,90933	-48,49581	-43,90934
26540	-49,15116	-43,90933	-48,4958	-43,90933
26560	-49,15116	-43,90933	-47,84044	-43,90934
26580	-49,15116	-43,90934	-48,4958	-43,90933
26600	-48,4958	-43,90933	-47,84044	-43,90933
26620	-48,4958	-43,90933	-47,84044	-44,5647
26640	-47,84044	-45,22007	-47,84044	-45,87543
26660	-48,4958	-45,22006	-47,84045	-45,22006
26680	-48,4958	-45,22006	-47,84044	-45,22006
26700	-48,4958	-45,22006	-47,84045	-45,87542
26720	-49,15116	-45,87542	-48,4958	-45,87542
26740	-49,15116	-45,22006	-47,84045	-45,22006
26760	-48,49582	-45,22006	-47,84046	-45,22006
26780	-47,84046	-44,56471	-47,1851	-44,56471
26800	-47,84047	-44,5647	-47,18511	-44,56471
26820	-47,84047	-44,56471	-47,18511	-44,56471
26840	-47,84047	-44,56471	-47,18511	-44,56471
26860	-47,84047	-44,5647	-47,18511	-45,22006
26880	-47,84047	-44,5647	-47,18511	-45,22007
26900	-47,84047	-46,53079	-46,52975	-48,49689
26920	-47,18512	-51,77371	-45,8744	-58,98271
26940	-45,8744	-70,12387	-43,90832	-83,23113
26960	-43,25293	-95,02763	-42,59753	-105,51342
26980	-44,56356	-117,30991	-50,46181	-127,79567
27000	-60,29225	-135,00464	-59,63697	-142,86893
27020	-60,29231	-146,14569	-59,63685	-148,76709
27040	-60,29217	-150,07778	-59,63677	-146,14561
27060	-60,29209	-140,90274	-59,63674	-134,34917
27080	-60,29213	-127,14024	-59,63681	-120,58664
27100	-55,7047	-112,06693	-51,11722	-104,85796
27120	-49,80653	-97,64899	-47,84048	-92,40609
27140	-47,18515	-87,1632	-46,52982	-83,23102
27160	-47,18519	-79,95421	-45,87448	-76,67741
27180	-47,18521	-73,4006	-46,52985	-72,08988
27200	-47,84057	-70,12379	-46,52985	-68,1577
27220	-47,84057	-66,19161	-47,18521	-65,53625
27240	-51,1174	-66,19161	-59,6373	-74,05595
27260	-60,29298	-82,57567	-59,63779	-88,47394
27280	-60,29315	-85,85249	-59,63779	-84,54176
27300	-60,29315	-83,23104	-59,63779	-83,23104
27320	-60,29316	-81,92031	-59,63779	-81,92032
27340	-60,29315	-81,92032	-59,63779	-81,26495
27360	-60,29316	-80,60959	-59,63779	-80,60959
27380	-60,29316	-79,95423	-59,63779	-79,95423
27400	-60,29315	-79,95423	-59,63779	-81,26496
27420	-60,29316	-81,26495	-59,6378	-81,92032
27440	-60,29316	-81,92031	-59,63781	-81,92032
27460	-60,29317	-81,92032	-59,63765	-81,92033
27480	-60,29264	-79,2989	-26,21352	-77,98819
27500	-1,3095	-75,36675	7,86571	-76,02212
27520	4,58892	-74,71139	5,24426	-74,05603
27540	4,5889	-73,40067	5,24425	-72,74531
27560	4,58889	-71,43458	5,24424	-71,43458
27580	4,58888	-70,12386	5,24423	-69,4685
27600	4,58886	-68,15777	5,24423	-68,15777
27620	4,58885	-66,84705	5,24421	-66,84705
27640	4,58885	-66,19169	5,24421	-65,53633
27660	4,58885	-64,88097	4,58884	-64,2256
27680	3,27812	-63,57024	3,27812	-62,91488
27700	3,27812	-62,25951	3,27812	-61,60415
27720	2,62276	-60,94878	2,62276	-60,94879
27740	1,31204	-59,63806	1,9674	-59,63806
27760	1,31205	-59,63805	-5,24162	-60,29342
27780	-20,97045	-59,63805	-34,0778	-58,98268
27800	-36,69925	-57,67195	-35,38852	-57,01659
27820	-36,0439	-56,36122	-36,0439	-56,36123
27840	-36,69926	-56,36122	-36,0439	-55,70586
27860	-36,69926	-55,70586	-36,0439	-55,70587
27880	-36,69927	-55,0505	-36,04391	-55,0505
27900	-36,69926	-54,39514	-36,04391	-55,0505
27920	-37,35463	-54,39513	-36,69927	-54,39513
27940	-37,35463	-54,39513	-36,69927	-54,39514
27960	-37,35463	-54,39513	-36,69927	-54,39514
27980	-36,69927	-53,73977	-36,69927	-53,73978
28000	-37,35463	-53,73977	-36,69927	-53,73977
28020	-38,00999	-53,73977	-36,69926	-53,73977
28040	-38,00998	-53,73977	-36,69926	-53,73977
28060	-38,00998	-53,73977	-37,35462	-53,73977
28080	-38,00998	-53,08441	-37,35462	-53,08441
28100	-38,00998	-53,08441	-37,35462	-53,73977
28120	-38,00998	-53,08441	-38,00998	-53,73977
28140	-38,66534	-53,08441	-37,35462	-53,08441
28160	-38,66534	-53,08441	-42,59755	-54,39512
28180	-52,42804	-54,39513	-54,39415	-54,39512
28200	-54,39413	-53,73975	-54,39414	-53,73976
28220	-60,29238	-53,73975	-54,39414	-53,73976
28240	-55,0495	-53,73975	-54,39414	-53,73976
28260	-55,0495	-53,73976	-54,39414	-54,39512
28280	-55,0495	-54,39511	-54,39414	-54,39512
28300	-54,39415	-54,39512	-53,73879	-54,39513
28320	-54,39416	-54,39512	-53,08344	-54,39513
28340	-53,7388	-54,39513	-52,42808	-54,39513
28360	-53,08344	-53,73977	-52,42809	-54,39513
28380	-53,08345	-53,73977	-52,42809	-53,73977
28400	-53,08344	-53,73977	-52,42808	-53,73977
28420	-53,08344	-53,73977	-52,42809	-53,08441
28440	-53,08345	-53,0844	-52,42808	-53,73977
28460	-52,42809	-53,73977	-51,77273	-53,73977
28480	-52,42809	-53,08441	-51,77273	-53,73977
28500	-51,77273	-53,73978	-51,11737	-53,73978
28520	-51,77273	-53,08442	-51,11737	-53,08442
28540	-51,77273	-53,08442	-51,11737	-53,73977
28560	-51,77272	-53,08441	-51,11737	-53,73977
28580	-51,77272	-53,08441	-50,462	-53,08441
28600	-51,11736	-53,08442	-50,462	-53,08442
28620	-51,11736	-53,08441	-50,462	-53,08442
28640	-50,462	-53,08441	-49,80663	-53,08442
28660	-50,46199	-53,08442	-49,80663	-52,42905
28680	-50,46198	-52,42813	-49,80662	-53,08442
28700	-50,46198	-53,08442	-49,80662	-53,08442
28720	-50,46197	-53,08441	-49,15125	-52,42906
28740	-49,80661	-52,42906	-49,15125	-52,42906
28760	-49,8066	-51,7737	-49,15124	-52,42906
28780	-49,8066	-51,7737	-49,15124	-51,7737
28800	-49,80659	-51,11834	-49,15123	-51,77369
28820	-49,80659	-51,7737	-49,15123	-51,7737
28840	-49,80658	-51,11833	-49,15122	-51,7737
28860	-49,80658	-51,11833	-49,15122	-51,11833
28880	-49,80658	-51,11833	-49,15122	-51,11834
28900	-49,80657	-50,46297	-49,15122	-50,46297
28920	-49,80658	-50,46297	-49,15122	-51,11833
28940	-49,80657	-50,46297	-49,15121	-50,46297
28960	-49,80657	-50,46297	-49,15121	-50,46297
28980	-49,80657	-50,46297	-49,15122	-50,46298
29000	-49,80657	-50,46297	-49,15122	-49,80761
29020	-49,80657	-49,80761	-49,15122	-49,80761
29040	-49,80657	-49,15225	-49,15122	-49,15225
29060	-49,80657	-49,15225	-49,80658	-49,15225
29080	-50,46194	-49,15225	-49,15122	-49,15225
29100	-50,46194	-49,15225	-49,80658	-49,15225
29120	-49,80658	-48,49689	-49,80658	-48,49689
29140	-50,46194	-48,49688	-49,15122	-49,15225
29160	-49,80659	-48,49689	-48,49588	-48,49689
29180	-49,15124	-48,4969	-47,84053	-47,84154
29200	-49,15126	-47,84153	-47,84054	-47,84154
29220	-48,4959	-47,18618	-48,4959	-47,18618
29240	-49,15126	-47,18618	-48,4959	-47,18618
29260	-49,15126	-47,18617	-48,4959	-47,18617
29280	-49,15125	-47,18617	-48,49589	-47,18617
29300	-49,15125	-47,18617	-47,84054	-47,18618
29320	-48,4959	-47,18617	-47,84054	-47,18617
29340	-48,4959	-47,18618	-47,18518	-47,84154
29360	-47,84054	-48,4969	-47,18518	-49,15227
29380	-47,84054	-49,80763	-47,18517	-50,463
29400	-47,84053	-50,463	-47,18516	-51,11835
29420	-47,18514	-51,77372	-46,52976	-51,77371
29440	-47,18511	-51,77371	-46,52974	-51,77371
29460	-47,18508	-51,11834	-45,87434	-50,46298
29480	-46,52968	-50,46299	-45,21895	-50,46298
29500	-45,8743	-49,80762	-45,21893	-50,46298
29520	-46,52965	-50,46298	-45,87429	-50,46299
29540	-46,52964	-51,11835	-45,87428	-51,77372
29560	-45,87428	-52,42908	-44,56356	-52,42908
29580	-45,21891	-51,77372	-43,90819	-52,42908
29600	-43,25283	-51,77372	-41,9421	-51,77372
29620	-47,8404	-49,80762	-59,637	-44,56471
29640	-60,29241	-36,70034	-59,63707	-30,14669
29660	-60,29244	-23,59305	-59,63707	-19,66085
29680	-60,29242	-18,35012	-59,63706	-17,03939
29700	-60,29242	-15,72865	-59,63707	-15,72865
29720	-60,29242	-15,07329	-59,63707	-15,07328
29740	-60,29243	-14,41791	-59,63707	-14,41791
29760	-60,29243	-13,76254	-59,63707	-13,76254
29780	-60,29243	-13,76254	-59,63707	-13,76254
29800	-60,29242	-13,76254	-59,63706	-13,76254
29820	-60,29242	-14,4179	-59,63705	-15,07327
29840	-60,29241	-15,07327	-59,63705	-15,72864
29860	-60,2924	-15,72864	-59,63703	-16,38401
29880	-60,29238	-16,38401	-59,63702	-17,03937
29900	-60,29238	-17,03937	-59,63702	-17,69474
29920	-60,29237	-17,69475	-59,63702	-17,69475
29940	-60,29238	-17,69476	-59,63703	-18,35012
29960	-60,29239	-18,35012	-59,63703	-19,00548
29980	-60,29239	-19,00547	-59,63703	-18,35011
30000	-60,29239	-18,35011	-59,63703	-18,3501
30020	-60,29239	-18,35009	-59,63704	-19,00546
30040	-60,2924	-19,66081	-59,63705	-21,6269
30060	-60,29253	-34,73417	-59,63738	-57,67194
30080	-60,29287	-76,67752	-59,63758	-84,54192
30100	-60,29295	-83,2312	-59,63762	-83,23119
30120	-60,29298	-82,57583	-59,63763	-82,57584
30140	-60,29301	-81,92049	-59,63766	-82,57587
30160	-60,29303	-83,23123	-59,63767	-83,8866
30180	-60,29304	-84,54197	-59,63768	-85,19734
30200	-60,29305	-85,19735	-59,63769	-85,85271
30220	-60,29306	-87,16344	-59,6377	-87,16345
30240	-60,29306	-87,81881	-59,63771	-87,81881
30260	-60,29307	-87,16345	-59,63771	-87,81881
30280	-60,29307	-87,16344	-59,63772	-87,16343
30300	-60,29308	-86,50807	-59,63772	-85,8527
30320	-60,2931	-87,16341	-59,63774	-87,81877
30340	-60,2931	-87,16341	-59,63775	-87,16341
30360	-60,29311	-87,1634	-59,63776	-87,1634
30380	-60,29312	-87,1634	-59,63776	-87,1634
30400	-60,29312	-87,16339	-59,63777	-87,81876
30420	-60,29312	-87,81875	-59,63776	-88,47411
30440	-60,29311	-88,47411	-59,63775	-89,12947
30460	-60,2931	-89,12947	-59,63774	-89,12947
30480	-60,29308	-88,47411	-59,63771	-88,47411
30500	-60,29306	-87,81875	-59,63769	-87,81875
30520	-60,29303	-87,16339	-59,63766	-87,1634
30540	-60,29299	-84,54195	-55,04992	-74,71152
30560	-39,32102	-61,60426	-24,24751	-47,18627
30580	-14,41689	-32,1129	-6,55241	-19,0056
30600	-4,58624	-7,20902	-3,2755	1,96609
30620	-4,58623	7,20898	-3,27554	10,48578
30640	-1,96484	12,45186	0,0012199999999964	13,76258
30660	0,65656	13,76257	2,62262	13,1072
30680	3,27797	13,10719	5,24403	12,45181
30700	6,55475	11,14109	8,52082	8,51962
30720	8,52081	6,55353	11,14224	3,2767
30740	11,79759	-0,65548	15,07439	-3,93232
30760	14,41904	-3,27695	9,17614	1,96596
30780	0,0010499999999993	5,89816	-4,5865	5,89819
30800	-5,24186	-5,000000000166E-5	-4,58654	-15,07339
30820	-5,89739	-35,38964	-8,51895	-51,77371
30840	-10,48505	-64,22555	-19,6601	-77,33276
30860	-31,45658	-80,60953	-33,42273	-72,74519
30880	-30,80137	-59,63797	-30,14606	-51,77365
30900	-32,76748	-45,8754	-33,42285	-40,6325
30920	-35,38893	-35,3896	-36,69965	-33,42351
30940	-39,3211	-31,45743	-41,28718	-31,45743
30960	-43,25326	-32,76815	-45,21934	-36,04496
30980	-48,49614	-39,32179	-50,46222	-43,90933
31000	-53,08367	42,59818	-55,04975	-48,49687
31020	-57,67119	-51,11833	-59,63726	-53,73978
31040	-60,29261	-55,70586	-59,63722	-55,70587
31060	-60,2925	-48,49685	-59,63705	-38,6664
31080	-60,29232	-31,45739	-59,6369	-26,21448
31100	-60,2922	-22,93765	-59,63681	-22,28229
31120	-60,29218	-21,62694	-59,63683	-24,2484
31140	-60,2922	-26,2145	-59,63686	-27,52523
31160	-60,29221	-29,49133	-59,63685	-31,45742
31180	-60,29221	-33,42351	-59,63684	-35,3896
31200	-60,2922	-38,01106	-59,63683	-39,97715
31220	-60,29217	-41,94323	-59,6368	-43,90932
31240	-60,29214	-46,53077	-59,63677	-49,15222
31260	-60,29211	-52,42903	-59,63419	-56,36121
31280	-60,29208	-59,63801	-59,6367	-61,6041
31300	-60,29204	-62,91481	-59,63665	-64,22552
31320	-60,29199	-64,22551	-59,6366	-64,22549
31340	-60,29194	-64,22548	-59,63657	-64,22547
31360	-60,29192	-63,5701	-59,63654	-62,91472
31380	-60,29189	-62,25936	-59,63654	-62,25936
31400	-60,2919	-63,57008	-59,63654	-64,22545
31420	-60,2919	-64,22544	-59,63654	-64,22544
31440	-60,29189	-62,91472	-59,63652	-62,25935
31460	-60,29187	-60,94863	-59,6365	-60,29326
31480	-60,29184	-58,32717	-59,63647	-57,67181
31500	-60,29181	-57,01645	-59,63643	-57,01646
31520	-60,29178	-56,36111	-59,6364	-56,36111
31540	-60,29176	-55,05039	-59,63639	-55,05039
31560	-60,29174	-54,39504	-59,63639	-54,39504
31580	-60,29175	-53,08432	-59,63639	-53,73967
31600	-60,29175	-53,73967	-59,63639	-54,39503
31620	-60,29176	-54,39502	-59,63639	-55,05037
31640	-60,29175	-54,39501	-59,63638	-55,70573
31660	-60,29174	-55,70572	-59,63638	-56,36109
31680	-60,29174	-56,36109	-59,63637	-56,36109
31700	-60,29173	-57,01645	-59,63636	-57,67181
31720	-60,29172	-57,01644	-59,63636	-56,36108
31740	-60,29172	-55,05035	-59,63635	-53,73962
31760	-60,29171	-52,42889	-59,63634	-52,42888
31780	-60,2917	-50,46279	-59,6364	-46,5306
31800	-60,29184	-39,97696	-59,63651	-36,04477
31820	-60,29187	-34,07867	-59,63651	-34,07867
31840	-60,29188	-34,73403	-59,63654	-36,04476
31860	-60,2919	-37,35549	-59,63655	-38,66622
31880	-60,29192	-39,97695	-59,63657	-41,28767
31900	-60,29193	-41,28768	-59,63657	-42,59841
31920	-60,29193	-42,59841	-59,63657	-43,25377
31940	-60,29193	-42,59841	-59,63657	-43,25377
31960	-60,29192	-42,5984	-59,63656	-41,94304
31980	-60,29192	-41,28768	-59,63655	-40,63231
32000	-60,2919	-39,97695	-59,63654	-39,97695
32020	-60,29189	-39,32158	-59,63653	-39,97694
32040	-60,29188	-39,97694	-59,63651	-39,32158
32060	-60,29187	-38,66621	-59,6365	-38,66621
32080	-60,29186	-38,66621	-59,6365	-38,66621
32100	-60,29186	-38,66621	-59,6365	-38,66622
32120	-60,29187	-39,32158	-59,63651	-39,32158
32140	-60,29188	-39,32159	-59,63653	-39,97695
32160	-60,29188	-40,63232	-59,63652	-41,28769
32180	-60,29188	-41,94305	-59,63652	-42,59841
32200	-60,29187	-42,59842	-59,6365	-42,59842
32220	-60,29186	-42,59842	-59,63649	-43,25379
32240	-60,29184	-43,25379	-59,63648	-43,90916
32260	-60,29184	-44,56452	-59,63648	-45,2199
32280	-60,29184	-45,87526	-59,63648	-46,53063
32300	-60,29184	-47,84135	-59,63648	-48,49672
32320	-60,29183	-49,15208	-59,63647	-50,46281
32340	-60,29182	-51,11818	-59,63646	-51,77355
32360	-60,29182	-53,08427	-59,63645	-55,70573
32380	-60,29181	-59,63791	-59,63657	-62,25937
32400	-60,29219	-64,88082	-59,63708	-66,19153
32420	-60,29258	-66,19152	-59,6372	-63,57007
32440	-60,29254	-61,60396	-59,63717	-60,29323
32460	-60,29251	-58,32712	-59,63714	-57,01638
32480	-60,29247	-54,39493	-59,6371	-53,73955
32500	-60,29244	-52,42882	-59,63706	-51,77346
32520	-60,29239	-50,46273	-59,637	-49,80737
32540	-60,29232	-47,84127	-59,63693	-47,18591
32560	-60,29228	-46,53054	-59,6371	-49,80735
32580	-60,29256	-51,11809	-59,63716	-49,15201
32600	-60,29246	-47,18591	-59,63705	-45,87519
32620	-60,29236	-45,21983	-59,63695	-45,21983
32640	-60,29226	-45,21983	-59,63686	-45,21984
32660	-60,29218	-45,87521	-59,63678	-46,53058
32680	-60,2921	-47,18594	-59,6367	-47,84131
32700	-60,29202	-47,84131	-59,63662	-49,15203
32720	-60,29194	-49,8074	-59,63655	-50,46276
32740	-60,29188	-51,11812	-59,63649	-51,77349
32760	-60,29184	-51,77349	-59,63647	-53,08422
32780	-60,29182	-53,08423	-59,63646	-53,08423
32800	-60,29182	-53,08424	-59,63646	-53,7396
32820	-60,29182	-53,7396	-59,63646	-53,73961
32840	-60,29183	-53,08424	-59,63647	-53,08424
32860	-60,29184	-52,42887	-59,63648	-52,42887
32880	-60,29184	-51,11814	-59,63643	-51,77349
32900	-60,29148	-49,80742	-41,94099	-47,84133
32920	-9,17252	-45,21985	16,38681	-41,94294
32940	28,83887	-39,97678	22,94063	-38,66606
32960	-60,29022	-36,69999	7,86714	-36,70004
32980	1,96885	-36,70007	-5,24019	-36,70011
33000	-13,75996	-36,70011	-20,96895	-37,35548
33020	-28,83333	-38,01083	-36,04241	-38,6662
33040	-44,56221	-39,32155	-50,46056	-39,97691
33060	-57,6696	-39,32154	-59,63575	-39,9769
33080	-60,29117	-39,32153	-59,63586	-39,32153
33100	-60,29128	-39,32153	-59,63596	-39,97689
33120	-60,29137	-39,97689	-59,63605	-40,63226
33140	-60,29145	-41,28763	-59,63612	-41,943
33160	-60,2915	-42,59836	-59,63616	-43,25373
33180	-60,29154	-43,25374	-59,6362	-43,90911
33200	-60,29158	-44,56447	-59,63623	-45,21984
33220	-60,2916	-45,87521	-59,63625	-46,53057
33240	-60,29162	-47,8413	-59,63626	-49,15203
33260	-60,29164	-50,46275	-59,63628	-51,77349
33280	-60,29166	-53,73957	-59,63631	-55,05031
33300	-60,29167	-55,70567	-59,63633	-57,67176
33320	-60,29169	-58,98248	-59,63636	-61,60394
33340	-60,2918	-66,84684	-59,63644	-68,15758
33360	-60,29179	-67,50221	-59,63643	-67,5022
33380	-60,29179	-67,5022	-59,63642	-67,5022
33400	-60,29178	-67,5022	-59,63642	-67,5022
33420	-60,29177	-68,15756	-59,63641	-68,15756
33440	-60,29176	-68,15756	-59,63641	-68,81292
33460	-60,29177	-68,81292	-59,6364	-69,46829
33480	-60,29176	-69,46829	-59,63641	-70,12365
33500	-60,29178	-70,77901	-59,63643	-71,43438
33520	-60,2918	-71,43439	-59,63645	-71,43439
33540	-60,29181	-71,43439	-59,63645	-71,4344
33560	-60,29181	-71,4344	-59,63646	-71,43439
33580	-60,29182	-71,43439	-59,63647	-71,43439
33600	-60,29183	-70,77903	-59,63647	-70,77903
33620	-60,29183	-70,77903	-59,63647	-70,12366
33640	-60,29184	-70,12366	-59,63648	-70,12366
33660	-60,29185	-70,12366	-59,63649	-70,12366
33680	-60,29185	-70,12366	-59,6365	-70,12366
33700	-60,29185	-70,12366	-59,6365	-70,12367
33720	-60,29186	-69,4683	-59,63649	-69,4683
33740	-60,29185	-68,81294	-59,63648	-69,4683
33760	-60,29184	-68,81294	-59,63648	-68,81294
33780	-60,29183	-68,81294	-59,63647	-68,81294
33800	-60,29181	-68,81294	-59,63644	-68,81294
33820	-60,29178	-68,81295	-59,6364	-68,81295
33840	-60,29174	-69,46831	-59,63641	-70,77903
33860	-60,29203	-72,08974	-59,63447	-72,08973
33880	-60,29269	-70,77898	-59,63758	-69,46823
33900	-60,29311	-66,19141	-59,63772	-63,56996
33920	-60,29301	-61,60385	-59,63759	-60,9485
33940	-60,29289	-60,29314	-59,63747	-58,98241
33960	-60,29276	-57,67169	-59,63734	-57,01633
33980	-60,29264	-55,70561	-59,63721	-55,05025
34000	-60,2925	-53,08417	-59,63708	-52,42881
34020	-60,29238	-51,77346	-59,63695	-51,1181
34040	-60,29225	-49,80738	-59,63683	-49,15202
34060	-60,29213	-49,15202	-59,63672	-48,49667
34080	-60,29203	-47,8413	-59,63662	-47,18595
34100	-60,29194	-47,84131	-59,63653	-47,84131
34120	-60,29186	-47,84131	-59,63647	-47,84132
34140	-60,2918	-47,84132	-59,63641	-49,15205
34160	-60,29175	-48,49668	-59,63637	-49,15205
34180	-60,29171	-49,15204	-59,63633	-49,80741
34200	-60,29167	-49,80741	-59,63629	-50,46278
34220	-60,2917	-53,73959	-59,63649	-60,29324
34240	-60,29186	-61,60399	-59,63647	-60,94861
34260	-60,29183	-60,29325	-59,63647	-60,94861
34280	-60,29183	-60,94861	-59,63648	-60,94861
34300	-60,29185	-60,9486	-59,63652	-60,94861
34320	-60,29192	-60,9486	-59,6366	-61,60396
34340	-60,29203	-62,25931	-59,63674	-64,22539
34360	-60,29218	-64,88074	-59,6369	-66,84681
34380	-60,29234	-68,15753	-59,63704	-69,46824
34400	-60,29247	-69,46823	-59,63715	-70,12359
34420	-60,29255	-71,4343	-59,63721	-72,08966
34440	-60,29258	-72,08966	-59,63721	-72,74503
34460	-60,29254	-72,74503	-59,63716	-74,05577
34480	-60,29248	-74,71114	-59,63709	-76,02188
34500	-60,29241	-76,67727	-59,63701	-77,33264
34520	-60,29232	-76,67729	-59,63676	-75,36657
34540	-60,29174	-72,74515	-59,63606	-70,77907
34560	-60,29126	-69,46834	-59,63589	-68,81298
34580	-60,29126	-68,15761	-59,63591	-68,81298
34600	-60,29128	-68,81298	-59,63594	-70,1237
34620	-60,29133	-70,77906	-59,636	-71,43442
34640	-60,2914	-72,08978	-59,63608	-72,74515
34660	-60,29148	-74,05586	-59,63616	-74,71122
34680	-60,29156	-75,36658	-59,63625	-76,67731
34700	-60,29165	-76,6773	-59,63634	-77,33266
34720	-60,29175	-78,64339	-59,63643	-79,95411
34740	-60,29183	-80,60947	-59,63653	-81,9202
34760	-60,29195	-83,23092	-59,63665	-85,19701
34780	-60,29207	-85,85237	-59,63655	-83,88629
34800	-60,29156	-77,98802	-58,3252	-75,36657
34820	-59,63583	-75,36657	-59,63594	-76,02193
34840	-60,29139	-76,67728	-59,6361	-77,98801
34860	-60,29154	-79,29873	-59,63625	-79,95409
34880	-60,29168	-80,60944	-59,63639	-80,60944
34900	-60,2918	-81,26479	-59,6365	-81,26479
34920	-60,29189	-80,60943	-59,63656	-80,60942
34940	-60,29194	-79,95406	-59,6366	-79,95406
34960	-60,29197	-79,2987	-59,63661	-79,29869
34980	-60,29197	-77,98797	-59,6366	-77,98798
35000	-60,29195	-77,33262	-59,63659	-79,29871
35020	-60,29203	-88,4738	-59,6367	-94,37209
35040	-60,29206	-93,71673	-59,63669	-93,06137
35060	-60,29206	-92,40601	-59,63669	-93,06137
35080	-60,29205	-93,06137	-59,63669	-93,06137
35100	-60,29205	-93,06136	-59,63669	-92,406
35120	-60,29204	-92,406	-59,63668	-92,406
35140	-60,29204	-91,75063	-59,63667	-91,09527
35160	-60,29202	-91,09526	-59,63666	-90,4399
35180	-60,29201	-90,43989	-59,63665	-90,43991
35200	-60,292	-90,43991	-59,63663	-90,43992
35220	-60,29198	-89,78455	-59,63661	-89,78455
35240	-60,29195	-89,1292	-59,63657	-89,1292
35260	-60,29192	-88,47384	-59,63654	-87,81848
35280	-60,29188	-87,16312	-59,6365	-87,16312
35300	-60,29184	-85,8524	-59,63647	-85,8524
35320	-60,29181	-85,8524	-59,63644	-85,19703
35340	-60,29179	-85,19703	-59,63641	-84,54168
35360	-60,29176	-84,54167	-59,63639	-85,19703
35380	-60,28918	-84,54168	-59,63636	-85,19704
35400	-60,2917	-85,85241	-59,63632	-87,16313
35420	-60,29166	-87,16313	-59,63639	-87,16312
35440	-60,29209	-83,88628	-59,63715	-79,29873
35460	-60,29287	-75,36653	-59,6377	-70,12361
35480	-60,29312	-64,22535	-59,63772	-62,91461
35500	-60,29303	-63,56997	-59,63764	-64,8807
35520	-60,29295	-64,8807	-59,63754	-65,53607
35540	-60,29284	-64,8807	-59,63487	-64,22535
35560	-60,29271	-64,22535	-59,63729	-64,22536
35580	-60,29258	-64,88072	-59,63714	-64,88073
35600	-60,29243	-64,88074	-59,637	-65,53611
35620	-60,29228	-65,53612	-59,63685	-66,19149
35640	-60,29214	-66,84685	-59,63671	-67,50222
35660	-60,29201	-68,15758	-59,63663	-70,77904
35680	-60,29211	-75,36659	-59,63677	-77,33271
35700	-60,29205	-76,67735	-59,63662	-77,33271
35720	-60,29193	-77,33272	-59,63652	-78,64345
35740	-60,29183	-78,64345	-59,63644	-78,64345
35760	-60,29176	-77,98808	-59,63636	-77,33272
35780	-60,2917	-77,33271	-59,63632	-77,33271
35800	-60,29165	-76,67734	-59,63626	-76,67734
35820	-60,2916	-75,36661	-59,63622	-75,36661
35840	-60,29155	-74,71124	-59,63616	-74,05587
35860	-60,2915	-72,74514	-59,63611	-72,08978
35880	-60,29145	-71,4344	-59,63606	-70,77904
35900	-60,2914	-69,46831	-59,63602	-68,81295
35920	-60,29136	-68,15758	-59,63599	-67,50222
35940	-60,29135	-66,19149	-59,63598	-65,53613
35960	-60,29135	-64,2254	-59,63599	-64,22539
35980	-60,29135	-62,91467	-59,63599	-62,25929
36000	-60,29136	-60,94856	-59,63601	-60,29319
36020	-60,29138	-59,63782	-59,63603	-59,63782
36040	-60,2914	-59,63781	-59,63606	-59,63781
36060	-60,29144	-58,98244	-59,6361	-59,6378
36080	-60,29148	-59,63779	-59,63614	-60,94852
36100	-60,29152	-60,94852	-59,63618	-60,94852
36120	-60,29156	-61,60387	-59,63622	-61,60387
36140	-60,29158	-61,60387	-59,63623	-68,81287
36160	-60,2916	-78,64335	-59,63628	-83,88629
36180	-60,29167	-83,8863	-59,63632	-83,23093
36200	-60,29168	-83,88629	-59,63632	-83,8863
36220	-60,29168	-83,88629	-59,63633	-85,19703
36240	-60,29169	-85,19703	-59,63632	-86,50776
36260	-60,29168	-87,16313	-59,63631	-88,47385
36280	-60,29165	-88,47386	-59,63629	-89,78458
36300	-60,29164	-90,43994	-59,63626	-89,78459
36320	-60,29162	-87,16313	-59,63623	-85,8524
36340	-60,29155	-83,88631	-59,63618	-83,8863
36360	-60,29154	-83,23094	-59,63617	-83,8863
36380	-60,29152	-83,8863	-59,63616	-83,8863
36400	-60,29152	-83,8863	-59,63616	-83,8863
36420	-60,29152	-83,88629	-59,63617	-84,54165
36440	-60,29153	-83,88629	-59,63617	-84,54165
36460	-60,29154	-85,19701	-59,63618	-85,19701
36480	-60,29154	-85,197	-59,63617	-85,19701
36500	-60,29153	-84,54164	-59,63616	-84,54164
36520	-60,29152	-84,54164	-59,63616	-83,88628
36540	-60,29151	-83,88628	-59,63615	-83,88627
36560	-60,29151	-83,88627	-59,63615	-83,88627
36580	-60,29151	-83,23091	-59,63616	-83,88627
36600	-60,29152	-83,88627	-59,63616	-84,54163
36620	-60,29153	-83,88626	-59,63618	-84,54162
36640	-60,29154	-84,54163	-59,63619	-84,54163
36660	-60,29156	-83,88627	-59,63621	-84,54163
36680	-60,29158	-83,23091	-59,63622	-83,88627
36700	-60,29159	-83,23091	-59,63623	-83,23092
36720	-60,29159	-83,23092	-59,63623	-83,88628
36740	-60,29159	-83,88628	-59,63623	-83,88629
36760	-60,29159	-84,54165	-59,63628	-86,50774
36780	-60,29168	-87,16312	-59,63631	-87,16311
36800	-60,29167	-87,16311	-59,63632	-87,16312
36820	-60,29168	-87,16312	-59,63633	-87,81848
36840	-60,29169	-88,47384	-59,63634	-89,12921
36860	-60,29171	-89,78457	-59,63635	-90,43993
36880	-60,29172	-90,43993	-59,63636	-91,0953
36900	-60,29172	-91,09529	-59,63637	-91,75066
36920	-60,29174	-91,75066	-59,63638	-92,40602
36940	-60,29174	-92,40602	-59,63639	-93,06139
36960	-60,29174	-93,06139	-59,63639	-93,06139
36980	-60,29174	-92,40603	-59,63638	-93,06139
37000	-60,29174	-93,06139	-59,63637	-93,06139
37020	-60,29173	-93,06139	-59,63636	-93,71675
37040	-60,29172	-93,71675	-59,63635	-93,71675
37060	-60,29171	-93,71676	-59,63635	-94,37212
37080	-60,2917	-94,37212	-59,63634	-95,02748
37100	-60,2917	-95,02748	-59,63634	-95,68284
37120	-60,2917	-95,68284	-59,63634	-96,3382
37140	-60,29169	-96,3382	-59,63624	-90,43993
37160	-60,29145	-83,88629	-59,63599	-81,26483
37180	-60,29132	-80,60946	-59,63599	-81,26483
37200	-60,29136	-81,92019	-59,636	-83,23092
37220	-60,28896	-83,88628	-59,63601	-85,19701
37240	-60,29138	-85,19701	-59,63603	-86,50773
37260	-60,29139	-87,16309	-59,63604	-87,81846
37280	-60,2914	-88,47382	-59,63605	-89,12919
37300	-60,2914	-89,78454	-59,63605	-90,43991
37320	-60,29141	-91,09527	-59,63605	-91,75064
37340	-60,29142	-93,06136	-59,63606	-94,3721
37360	-60,29143	-95,02746	-59,63608	-96,33819
37380	-60,29144	-97,64892	-59,63608	-100,27037
37400	-60,29145	-102,23647	-59,63609	-104,20257
37420	-60,29146	-104,85793	-59,6361	-106,16866
37440	-60,29147	-106,82403	-59,63612	-108,13476
37460	-60,29147	-108,79012	-59,63612	-109,44549
37480	-60,29147	-110,10084	-59,63612	-111,41157
37500	-60,29147	-111,41158	-59,63611	-112,7223
37520	-60,29147	-112,7223	-59,63611	-113,37767
37540	-60,29158	-115,99911	-59,63632	-118,62057
37560	-60,29169	-117,96521	-59,63632	-117,96521
37580	-60,29167	-118,62057	-59,63631	-118,62058
37600	-60,29166	-117,96521	-59,6363	-118,62057
37620	-60,29165	-117,96521	-59,63629	-118,62057
37640	-60,29164	-117,96521	-59,63628	-117,30985
37660	-60,29163	-116,65449	-59,63626	-116,65448
37680	-60,29161	-115,34375	-59,63624	-114,68838
37700	-60,29159	-113,37766	-59,63622	-112,7223
37720	-60,29158	-112,06693	-59,6362	-110,7562
37740	-60,29154	42,59804	-59,63617	-108,79011
37760	-60,29151	-108,13475	-59,63614	-107,47938
37780	-60,29148	-106,16866	-59,63611	-105,51329
37800	-60,29146	-104,20257	-59,63609	-103,54721
37820	-60,29143	-102,89184	-59,63606	-102,23648
37840	-60,2914	-100,92575	-59,63604	-100,27038
37860	-60,29139	-98,95966	-59,63601	-98,30429
37880	-60,29136	-97,64892	-59,636	-96,3382
37900	-60,29135	-95,68283	-59,63598	-95,02747
37920	-60,29133	-93,71674	-59,63596	-93,71674
37940	-60,29131	-93,06137	-59,63594	-92,40601
37960	-60,29129	-92,406	-59,63594	-95,68281
37980	-60,2914	-104,85789	-59,63608	-112,72227
38000	-60,29143	-112,06691	-59,63607	-110,75517
38020	-60,29143	-110,75618	-59,63607	-111,41154
38040	-60,29142	-111,41154	-59,63606	-112,0669
38060	-60,29142	-112,0669	-59,63606	-113,37763
38080	-60,29141	-112,72226	-59,63605	-113,37763
38100	-60,29141	-113,37762	-59,63605	-114,03299
38120	-60,29141	-113,37763	-59,63605	-113,37763
38140	-60,29141	-112,06691	-59,63605	-112,72227
38160	-60,2914	-112,0669	-59,63603	-112,06691
38180	-60,29138	-112,06691	-59,63602	-111,41154
38200	-60,29137	-111,41154	-59,636	-111,41154
38220	-60,29135	-111,41154	-59,63598	-112,0669
38240	-60,29134	-111,41153	-59,63597	-110,75617
38260	-60,29133	-110,10081	-59,63597	-110,1008
38280	-60,29132	-109,44544	-59,63596	-109,44543
38300	-60,29127	-106,16861	-59,63585	-101,58107
38320	-60,29118	-98,95961	-59,63583	-96,99353
38340	-60,2912	-95,68279	-59,63584	-93,7167
38360	-60,29119	-92,40597	-59,63583	-91,09525
38380	-60,29119	-88,47379	-59,63583	-87,16307
38400	-59,63582	-85,19697	-57,66973	-82,57553
38420	-57,66972	-79,95407	-55,70363	-77,33261
38440	-55,70361	-74,71116	-53,73751	-72,08971
38460	-53,08214	-69,46825	-51,77141	-66,84681
38480	-51,7714	-64,22535	-50,46067	-61,6039
38500	-51,11602	-59,63781	-50,46066	-57,01636
38520	-51,11602	-54,39491	-51,11602	-51,77346
38540	-52,42675	-50,46273	-52,42675	-48,49664
38560	-53,73747	-46,53055	-53,73748	-45,87518
38580	-55,70356	-44,56445	-54,39284	-44,56444
38600	-56,35892	-43,25371	-55,70356	-42,59835
38620	-56,35892	-41,28762	-55,70355	-40,63225
38640	-56,3589	-39,97689	-55,70353	-39,32152
38660	-55,70352	-37,35543	-54,39279	-37,35543
38680	-54,39277	-36,0447	-53,08204	-35,38934
38700	-53,08203	-34,73397	-51,11594	-34,73397
38720	-50,46056	-33,42325	-49,14982	-33,42325
38740	-49,14981	-32,76789	-47,18372	-33,42325
38760	-47,18371	-32,76789	-45,87299	-32,76789
38780	-45,87298	-33,42325	-45,21762	-33,42326
38800	-45,87298	-33,42326	-44,56227	-33,42326
38820	-45,873	-32,7679	-45,87301	-33,42325
38840	-47,18374	-33,42326	-47,18375	-33,42326
38860	-48,49449	-33,42326	-48,49452	-33,42327
38880	-49,80526	-32,76791	-49,80529	-32,76792
38900	-51,77139	-32,11257	-52,42677	-32,11257
38920	-53,73752	-31,45721	-54,3929	-30,80185
38940	-56,35899	-30,80185	-56,35901	-30,80186
38960	-58,3251	-30,1465	-58,32511	-30,1465
38980	-59,63584	-29,49114	-59,63584	-30,1465
39000	-60,29121	-30,1465	-59,63586	-30,80187
39020	-60,29123	-30,80187	-59,63587	-32,1126
39040	-60,29124	-32,1126	-59,63589	-32,76797
39060	-60,29125	-33,42334	-59,6359	-35,38943
39080	-60,29127	-36,04479	-59,63593	-37,35553
39100	-60,29134	-39,97697	-59,63601	-41,94307
39120	-60,29137	-41,94307	-59,63602	-43,90916
39140	-60,29139	-45,21989	-59,63604	-47,18598
39160	-60,29141	-49,15207	-59,63607	-50,4628
39180	-60,29144	-51,77353	-59,6361	-53,73962
39200	-60,29148	-55,05034	-59,63614	-57,01643
39220	-60,29152	-58,98252	-59,63619	-60,29325
39240	-60,29156	-62,25933	-59,63622	-64,22542
39260	-60,2916	-66,19151	-59,63626	-67,50224
39280	-60,29164	-68,81296	-59,63629	-70,77905
39300	-60,29167	-72,74514	-59,63632	-74,71123
39320	-60,29169	-75,36659	-59,63634	-77,98804
39340	-60,2917	-79,29877	-59,63635	-80,60949
39360	-60,29171	-81,92022	-59,63635	-83,23095
39380	-60,29172	-84,54167	-59,63636	-85,8524
39400	-60,29171	-87,16312	-59,63634	-87,81849
39420	-60,2917	-88,47385	-59,63633	-89,12922
39440	-60,29168	-89,12922	-59,63631	-90,43994
39460	-60,29166	-90,43994	-59,63629	-90,43994
39480	-60,29164	-90,43994	-59,63627	-91,0953
39500	-60,29161	-91,0953	-59,63624	-91,09531
39520	-60,29159	-91,0953	-59,63622	-91,75067
39540	-60,29156	-91,75066	-59,63619	-92,40602
39560	-60,29154	-92,40602	-59,63617	-92,40603
39580	-60,29152	-92,40602	-59,63615	-92,40602
39600	-60,29151	-92,40602	-59,6362	-95,02747
39620	-60,29158	-95,02748	-59,63622	-95,68284
39640	-60,29158	-95,68284	-59,63622	-95,68284
39660	-60,29158	-95,68285	-59,63623	-95,68285
39680	-60,29158	-95,68285	-59,63622	-96,33821
39700	-60,29158	-96,99357	-59,63621	-96,99358
39720	-60,29157	-96,99358	-59,6362	-97,64894
39740	-60,29155	-98,95966	-59,63617	-99,61503
39760	-60,29152	-100,27038	-59,63615	-101,58111
39780	-60,2915	-102,23647	-59,63612	-103,5472
39800	-60,29147	-103,5472	-59,6361	-104,20256
39820	-60,29145	-103,5472	-59,63609	-104,85792
39840	-60,29143	-105,51329	-59,63606	-106,82401
39860	-60,29141	-106,82401	-59,63604	-107,47937
39880	-60,2914	-108,13473	-59,63603	-108,13473
39900	-60,29136	-107,47936	-59,63592	-103,54719
39920	-60,29124	-101,58109	-59,63589	-100,27037
39940	-60,29126	-100,27037	-59,6359	-100,27037
39960	-60,29126	-100,92574	-59,63591	-101,58111
39980	-60,29127	-102,23647	-59,63591	-102,89183
