T	LX	LY	RX	RY
0	0	0	0	0
20	-9,9999999960687E-6	0	-0,65536	0
40	-9,9999999960687E-6	-9,9999999960687E-6	-0,65537	-0,65536
60	-0,65537	-9,9999999960687E-6	-1,0000000003174E-5	0
80	-0,65537	0,65536	-0,65536	0
100	-9,9999999960687E-6	1,31072	-0,65536	0,65536
120	-0,65537	1,31073	-0,65536	0,65537
140	-0,65537	1,31072	-1,31073	1,31073
160	-1,31073	1,96609	-1,31072	1,31073
180	-1,31073	1,96609	-1,96609	1,31074
200	-1,31073	1,9661	-1,31073	1,31074
220	-1,31074	1,96609	-1,31073	1,31073
240	-0,65537	1,96609	-0,65536	1,9661
260	-9,9999999960687E-6	1,96609	0	1,31073
280	-9,9999999960687E-6	1,96609	-1,0000000003174E-5	1,31073
300	-9,9999999960687E-6	1,96609	0	1,96609
320	-1,9999999999243E-5	2,62145	0	1,96609
340	-9,9999999960687E-6	2,62145	0,65535999999999	1,96609
360	0,65536	2,62145	0,65535999999999	1,96609
380	0,65535	1,96609	1,31073	1,96609
400	0,65535	2,62145	-2,62147	2,62146
420	-7,86443	3,93219	-8,5198	3,93219
440	-7,86443	5,24291	-7,86443	4,58755
460	-8,51979	3,93219	-8,51978	3,27682
480	-7,86444	3,27682	-7,86442	3,27681
500	-7,86443	3,27681	-7,86443	3,27681
520	-7,86443	3,27681	-7,86442	2,62145
540	-7,86443	3,27681	-8,51978	2,62145
560	-7,86444	3,27681	-7,86442	2,62146
580	-7,86443	3,27681	-7,86442	2,62145
600	-7,86443	3,2768	-7,86441	2,62145
620	-7,86443	3,27681	-7,86441	3,2768
640	-7,86442	3,2768	-7,86442	2,62144
660	-7,86443	3,27679	-7,86442	2,62143
680	-7,86443	2,62143	-7,86443	2,62143
700	-8,51979	3,27679	-8,51978	1,96607
720	-8,5198	2,62142	-8,51979	2,62143
740	-8,5198	3,27746	-8,51979	2,62143
760	-9,17516	3,27678	-9,17515	2,62142
780	-9,17516	3,27679	-9,17515	1,96606
800	-9,17516	2,62142	-9,17515	1,96606
820	-9,17516	2,62142	-9,83051	1,96606
840	-9,83052	2,62142	-9,83051	1,96606
860	-10,48588	1,96606	-9,83051	1,96606
880	-5,24293	3,2768	-1,96607	3,27682
900	-2,62143	3,93218	-2,62143	3,27683
920	-3,2768	3,93218	-3,27679	3,93218
940	-3,2768	3,27682	-3,27679	2,62146
960	-3,27681	3,27682	-2,62144	2,62146
980	-2,62144	3,27682	-2,62144	2,62146
1000	-1,96609	2,62145	-1,96608	1,96609
1020	-1,96609	2,62145	-1,96608	2,62146
1040	-1,96608	3,27682	-1,96608	2,62146
1060	-1,96608	3,27682	-1,31072	2,62146
1080	-1,96609	3,27682	-1,31072	2,62146
1100	-1,31072	3,27682	-1,31072	3,27683
1120	-1,31072	3,93219	-1,31071	3,27684
1140	-1,31073	3,9322	-1,31072	3,27683
1160	-1,31073	3,9322	-1,31072	4,58756
1180	-1,31073	4,58756	-1,31073	4,58756
1200	-1,31074	5,24292	-1,31073	4,58757
1220	-1,31074	5,24293	-1,31073	4,58757
1240	-1,31074	4,58757	-1,31073	4,58757
1260	-1,31074	5,24293	-1,31073	4,58757
1280	-1,31074	4,58757	-1,31073	4,58757
1300	-1,31074	4,58758	-1,31073	3,93222
1320	-1,31074	3,93221	-1,31073	3,93221
1340	4,58757	4,58758	9,83056	4,58759
1360	10,48594	5,24296	9,83058	5,24297
1380	9,83057	5,24296	9,83058	5,24296
1400	9,83057	5,24296	9,17522	5,24297
1420	9,83057	5,89833	9,17522	5,24297
1440	9,17521	5,24297	9,17522	5,24297
1460	8,51985	5,89833	8,51986	5,89834
1480	8,51985	6,5537	7,8645	5,89834
1500	7,86449	6,5537	7,8645	5,89834
1520	7,86449	6,5537	7,8645	6,55371
1540	7,86449	7,20907	7,20914	6,55372
1560	7,20914	7,20907	7,20915	6,55372
1580	7,20914	7,20908	7,20915	7,20908
1600	7,20914	7,20908	6,55379	7,86445
1620	6,55378	8,51981	6,55379	7,86446
1640	5,89842	8,51982	5,89843	8,51982
1660	5,24306	9,17518	6,55379	9,17518
1680	11,14138	9,83054	14,41826	9,83055
1700	13,7629	11,14128	13,7629	10,48592
1720	13,76289	11,14128	13,76289	9,83056
1740	13,76288	10,48591	13,7629	10,48592
1760	14,41825	10,48592	15,07362	10,48592
1780	15,07362	10,48591	15,72898	10,48592
1800	15,72898	11,14128	15,729	11,14128
1820	16,38435	11,79664	16,38436	11,14128
1840	15,729	11,79664	16,38437	10,48591
1860	17,69509	11,14127	22,28271	11,14128
1880	24,24882	11,14129	24,24882	11,79666
1900	24,24881	11,79666	24,24882	11,1413
1920	24,24881	11,79666	24,24882	11,1413
1940	24,90417	11,1413	24,90417	11,1413
1960	24,90417	11,1413	24,90417	11,1413
1980	24,90417	11,1413	24,90418	10,48594
2000	24,90418	10,48593	25,55955	9,83057
2020	25,55954	9,83057	24,90418	9,17521
2040	24,90417	8,51984	24,90417	7,20912
2060	24,24879	7,20911	23,59343	6,55376
2080	22,93805	6,55375	22,28269	5,89839
2100	22,93803	5,89839	22,93804	5,24303
2120	22,28267	6,55375	22,93804	5,89839
2140	23,5934	6,55375	22,93805	5,89839
2160	23,5934	6,55374	23,59341	6,55375
2180	22,93804	6,55374	22,93805	6,55375
2200	22,28267	7,2091	22,28268	7,2091
2220	22,28267	7,2091	22,28267	6,55374
2240	21,6273	6,55374	21,62731	6,55374
2260	21,62729	6,55373	21,6273	5,89837
2280	21,62729	5,89836	21,6273	4,58763
2300	20,97193	4,58762	20,97192	3,93226
2320	20,97192	3,93226	20,97192	3,2769
2340	20,31654	3,93226	20,31655	3,27691
2360	19,66118	3,93226	20,31656	3,2769
2380	20,31654	3,93226	19,6612	3,27691
2400	20,31655	3,2769	19,6612	3,2769
2420	19,66119	3,2769	20,31656	2,62154
2440	20,31655	2,62153	20,97192	1,31081
2460	20,97192	1,96616	21,62728	0,65544
2480	21,62727	1,3108	21,62728	0,65543
2500	22,28263	0,65543	22,28264	7,9999999996971E-5
2520	22,28263	0,65543	22,28264	7,9999999996971E-5
2540	22,28263	0,65544	22,28264	7,9999999996971E-5
2560	22,28263	8,0000000004077E-5	22,28265	7,9999999996971E-5
2580	22,93799	0,65544	22,93801	7,9999999996971E-5
2600	23,59336	7,0000000000903E-5	31,45781	1,9662
2620	42,59907	4,58768	49,80818	5,24309
2640	49,8082	5,89846	49,15283	5,2431
2660	49,80818	5,89845	49,80819	5,2431
2680	49,15282	5,89845	49,80819	5,24309
2700	49,80818	5,89846	49,15283	5,2431
2720	49,80818	5,89846	49,80819	5,89846
2740	49,80818	6,55382	49,80819	6,55382
2760	49,80818	6,55382	49,8082	6,55382
2780	49,80819	7,20918	49,80819	6,55383
2800	49,80819	7,20919	48,49747	7,20919
2820	41,94376	7,86455	38,66691	7,86453
2840	39,32227	8,5199	39,32229	8,51991
2860	39,32228	9,17527	38,66692	9,17528
2880	39,32228	9,83064	38,66693	9,17528
2900	38,66692	10,486	38,66693	10,48601
2920	38,66692	11,14137	38,01156	11,14137
2940	38,01155	11,79673	38,01156	11,79674
2960	38,01155	11,79673	37,3562	11,14137
2980	38,01155	12,45209	39,97766	12,45211
3000	49,80826	14,41824	55,70664	13,7629
3020	55,70665	15,07363	55,70664	14,41828
3040	55,05128	15,07364	55,0513	15,07365
3060	55,05128	15,07364	55,0513	14,41829
3080	55,05129	15,07365	55,05129	14,41829
3100	55,05129	15,07364	55,0513	15,07365
3120	55,05129	15,07364	55,0513	15,07365
3140	54,39593	15,72901	54,39593	15,07365
3160	54,39592	15,72901	54,39593	15,07365
3180	55,05128	15,07365	55,05128	15,07364
3200	55,70663	15,07364	55,70664	13,76292
3220	56,36199	14,41827	56,362	13,76291
3240	57,01735	13,76291	57,01736	13,10755
3260	57,01735	13,76291	57,67272	13,10755
3280	57,67272	13,7629	57,67272	13,10754
3300	57,67271	13,10754	57,67273	11,79682
3320	57,67272	12,45217	58,32809	11,79681
3340	58,32808	12,45217	58,32808	11,79681
3360	57,67271	12,45216	58,32808	12,45216
3380	58,32807	12,45216	58,32808	12,45216
3400	58,32806	13,10751	58,32807	12,45215
3420	58,32806	12,45214	58,32806	11,79677
3440	58,98342	11,79676	58,98342	11,1414
3460	58,98341	11,79676	58,98343	11,1414
3480	58,98341	11,79676	58,98342	11,79675
3500	58,98341	12,45211	58,98341	11,79675
3520	58,9834	12,4521	60,94951	11,79675
3540	70,12461	13,10749	80,61045	12,45216
3560	85,198	12,45218	84,54265	12,45219
3580	85,19799	12,45219	85,198	12,4522
3600	85,19799	12,45219	85,198	11,79683
3620	85,19799	12,45219	85,198	12,4522
3640	85,19799	13,10756	85,198	13,10757
3660	85,19799	13,10757	85,19799	13,10758
3680	85,19798	13,76294	84,54263	13,76295
3700	84,54262	14,41831	84,54263	14,41831
3720	84,54261	14,41831	84,54262	13,76295
3740	84,54261	14,41831	84,54262	14,4183
3760	83,88724	14,4183	84,54261	13,76293
3780	84,5426	13,76293	84,54261	12,45219
3800	83,88723	12,45218	79,95506	10,48606
3820	55,05124	6,55381	22,93813	2,62159
3840	0,00017000000000422	0,65545	-5,24278	0,65544
3860	-3,27668	2,62153	-2,62131	1,96617
3880	-1,96596	3,27688	-1,96596	2,62152
3900	-1,3106	3,27688	-1,31059	2,62151
3920	-0,65525	2,6215	0,00011999999999546	1,96614
3940	0,00010999999999939	1,96613	0,65548	1,31077
3960	1,31083	0,6554	1,31084	3,9999999998486E-5
3980	1,96618	0,65539	1,96619	-0,65533
4000	2,62154	1,9999999999243E-5	-2,62138	-1,3107
4020	-15,07338	-1,31071	-22,28243	-1,96608
4040	-20,97171	-0,65535	-20,31633	-1,3107
4060	-20,31633	-0,65535	-20,31632	-0,65534
4080	-19,66095	1,0000000003174E-5	-19,00558	-0,65535
4100	-18,35022	1,0000000003174E-5	-18,35022	-0,65536
4120	-18,35022	-0,65536	-18,35021	-1,31072
4140	-18,35022	-0,65537	-17,69486	-1,96609
4160	-18,35023	-1,31073	-18,35022	-1,9661
4180	-17,69488	-1,9661	-18,35023	-2,62146
4200	-17,69488	-2,62146	-17,03951	-3,27682
4220	-17,69488	-2,62146	-17,69487	-2,62146
4240	-17,03952	-2,62146	-17,03951	-2,62146
4260	-17,03952	-1,9661	-17,03952	-1,9661
4280	-17,03952	-1,31074	-17,03951	-1,31073
4300	-17,03952	-0,65537	-16,38415	-1,31073
4320	-16,38416	-0,65537	-17,03951	-1,31072
4340	-17,03952	-0,65537	-17,03951	-1,31073
4360	-17,03953	-0,65537	-17,03952	-1,31073
4380	-17,03952	-1,31073	-17,03952	-1,31073
4400	-10,48584	-0,65536	-3,27674	-0,65535
4420	-1,31062	-0,65534	-1,31063	-1,3107
4440	-1,96599	-0,65534	-1,31062	-1,3107
4460	-1,96599	-0,65534	-1,31062	-1,31071
4480	-1,96599	-0,65535	-1,96598	-1,3107
4500	-1,96599	-0,65535	-1,96598	-1,31071
4520	-1,96599	-1,31071	-1,96598	-1,96607
4540	-1,96598	-1,31071	-1,96597	-1,31071
4560	-2,62134	-1,31071	-2,62133	-1,96607
4580	-2,62134	-1,31071	-2,62132	-1,96607
4600	-2,62133	-1,31071	-2,62132	-1,31071
4620	-3,27668	-0,65535	-3,27668	-0,65534
4640	-1,31059	1,9999999999243E-5	11,79683	2,6215
4660	28,83647	4,58762	35,39021	4,58766
4680	35,39021	5,24304	35,39019	5,24305
4700	35,39019	5,89841	36,04556	5,89841
4720	36,7009	5,89842	36,70091	5,89841
4740	36,7009	6,55377	37,35627	7,20914
4760	37,35627	7,8645	37,35627	7,20915
4780	38,01163	8,51987	38,01164	7,86452
4800	38,01163	8,51988	38,01164	8,51988
4820	38,01164	9,17524	38,66701	8,51988
4840	38,667	8,51988	38,66701	8,51988
4860	38,667	9,17524	38,66701	8,51988
4880	38,667	8,51988	39,32492	8,51988
4900	39,32236	9,17523	38,66701	8,51988
4920	39,32236	9,17523	39,32236	8,51987
4940	39,32236	8,51986	38,66699	6,55376
4960	29,49185	3,93227	20,3167	0,65542
4980	19,66129	-0,65534	20,97204	-1,3107
5000	20,97203	-1,31072	20,97204	-1,96608
5020	20,97203	-1,31072	20,97204	-1,31071
5040	21,62739	-0,65535	21,62739	-1,31071
5060	21,62738	-1,31072	21,6274	-1,96607
5080	22,28275	-1,96608	22,28276	-3,2768
5100	22,28275	-2,62144	22,28277	-3,93216
5120	22,28276	-4,58752	22,93813	-5,24289
5140	22,93811	-4,58753	22,28277	-5,24288
5160	22,93812	-3,93216	22,28276	-3,93216
5180	22,28275	-3,2768	22,28276	-3,93216
5200	22,28274	-3,93216	22,28275	-4,58752
5220	22,9381	-3,93217	23,59348	-4,58752
5240	34,07935	-1,96605	51,77439	-1,966
5260	66,84787	-0,65524	70,12471	-1,31056
5280	70,12468	-0,6552	70,12468	-0,6552
5300	70,78003	-0,6552	70,78004	-1,31056
5320	70,78002	-0,6552	70,78003	-1,31056
5340	70,78002	-0,65521	70,78003	-1,31056
5360	70,78001	-0,6552	70,78002	-1,31056
5380	70,78001	-0,6552	70,78002	-1,96593
5400	70,12464	-1,96594	60,9496	-2,62131
5420	56,36201	-1,96598	57,67274	-2,62133
5440	57,67274	-1,3106	58,3281	-1,96596
5460	58,32809	-1,96596	58,98346	-2,62133
5480	58,98345	-1,31061	59,63882	-1,96596
5500	59,63882	-1,3106	59,63882	-1,96596
5520	60,29417	-1,31061	60,29418	-1,96596
5540	60,29417	-1,31061	60,94954	-1,96597
5560	60,94954	-1,3106	60,94954	-1,3106
5580	61,60489	-1,31061	61,6049	-1,96597
5600	61,60489	-1,31062	62,26025	-1,31062
5620	62,26025	-1,31062	62,26025	-1,96598
5640	62,26024	-1,96599	61,60489	-3,27671
5660	62,26024	-2,62136	62,91562	-3,27672
5680	62,91561	-3,27672	63,57098	-3,27673
5700	63,57097	-2,62136	63,57098	-3,93209
5720	64,22633	-3,27673	64,22634	-3,9321
5740	64,22632	-3,9321	64,22633	-4,58746
5760	64,22632	-4,58747	64,22633	-5,24283
5780	64,88168	-4,58747	64,22633	-5,8982
5800	57,01726	-7,86432	43,25451	-10,48581
5820	39,32224	-10,48584	39,97763	-10,48582
5840	40,63298	-9,83046	39,32227	-10,48583
5860	39,97762	-10,48584	39,97763	-11,1412
5880	39,97762	-11,1412	39,97762	-11,14121
5900	39,97762	-11,14121	39,97762	-12,45194
5920	39,97761	-11,79658	39,97762	-12,45194
5940	39,32225	-12,45195	39,97762	-13,10731
5960	39,9776	-12,45194	39,97762	-13,10731
5980	39,97761	-12,45195	39,97762	-13,10731
6000	39,32224	-13,10732	39,32226	-13,76268
6020	39,32225	-12,45196	39,32226	-13,76268
6040	39,32225	-13,76269	39,32225	-14,41805
6060	39,32224	-14,41806	39,97761	-15,07342
6080	40,63296	-14,41806	41,28834	-15,72879
6100	47,18665	-11,79659	57,67264	-7,86434
6120	65,5371	-6,55357	65,53711	-7,20891
6140	66,19244	-6,55355	65,53709	-6,55354
6160	66,19245	-5,89818	66,19245	-5,89816
6180	66,84781	-5,2428	66,19245	-5,2428
6200	66,84781	-4,58743	66,19246	-5,24279
6220	66,84781	-4,58743	66,84782	-4,58743
6240	66,84781	-4,58743	66,84782	-4,58742
6260	66,84781	-3,93206	66,84781	-4,58742
6280	66,8478	-3,93206	66,84781	-4,58742
6300	66,8478	-3,93206	66,8478	-4,58742
6320	66,84779	-3,93206	66,8478	-4,58741
6340	66,84779	-3,93206	66,8478	-3,93205
6360	66,84779	-3,27669	66,84779	-3,93205
6380	67,50315	-3,2767	66,84779	-3,93205
6400	66,84778	-3,2767	66,84779	-3,93206
6420	66,84778	-4,58743	51,11897	-10,48577
6440	22,28272	-16,3841	0,0001399999999947	-20,31631
6460	-7,20893	-19,0056	-5,24281	-19,00559
6480	-3,93211	-18,35023	-4,58746	-18,35024
6500	-4,58746	-17,69488	-4,58746	-18,35024
6520	-4,58747	-17,03953	-4,58746	-17,69489
6540	-4,58747	-17,03953	-4,58747	-17,03953
6560	-4,58748	-16,38418	-4,58747	-17,03954
6580	-4,58748	-17,03955	-3,93211	-17,69491
6600	-3,93212	-17,03956	-3,93211	-17,69492
6620	-3,93212	-17,69492	-3,93211	-18,35028
6640	-3,93212	-17,69493	-3,93211	-18,35028
6660	-3,93212	-18,3503	-3,93211	-18,3503
6680	-3,27675	-15,72884	-3,93209	-15,07344
6700	-3,93209	-14,41809	-3,27672	-15,07345
6720	-3,27673	-15,07346	-3,27672	-16,38419
6740	-3,27673	-15,72798	-3,27672	-17,03955
6760	-3,27673	-17,03956	-2,62136	-17,69492
6780	-2,62137	-17,69493	-1,96601	-18,35029
6800	-1,31066	-17,69494	-1,31065	-19,00566
6820	-0,6553	-18,3503	-0,65529	-19,00566
6840	7,0000000000903E-5	-18,3503	7,0000000000903E-5	-19,00566
6860	6,0000000004834E-5	-18,3503	7,9999999996971E-5	-19,00566
6880	6,0000000004834E-5	-18,3503	0,65544	-19,00566
6900	0,65542	-19,00566	0,65543	-19,66102
6920	0,65543	-19,66103	0,65543	-20,31638
6940	0,65542	-19,66102	0,65543	-20,3164
6960	-7,20899	-20,31639	-15,72878	-20,97175
6980	-18,35027	-19,66103	-17,03953	-19,66102
7000	-17,6949	-19,00566	-17,03953	-19,00564
7020	-17,6949	-17,69492	-17,03953	-18,35028
7040	-17,03953	-17,69492	-17,03952	-18,35028
7060	-17,03953	-17,69492	-17,03953	-18,35028
7080	-16,38417	-17,69492	-16,38417	-18,35028
7100	-16,38417	-18,35028	-16,38417	-18,35028
7120	-16,38418	-18,35028	-16,38417	-18,35028
7140	-16,38417	-17,69492	-15,7288	-18,35028
7160	-16,38417	-17,69492	-16,38416	-18,35028
7180	-16,38417	-18,35028	-16,38417	-18,35028
7200	-16,38417	-17,69492	-15,72879	-17,69491
7220	-11,79658	-16,38418	-10,48582	-15,7288
7240	-11,1412	-14,41807	-11,1412	-15,07342
7260	-11,1412	-14,41806	-11,1412	-14,41806
7280	-11,14121	-13,7627	-11,1412	-13,7627
7300	-11,14121	-13,7627	-11,1412	-13,7627
7320	-11,79657	-13,7627	-11,1412	-13,7627
7340	-11,14121	-13,10733	-11,79656	-13,10733
7360	-11,79658	-12,45197	-11,79656	-13,10733
7380	-11,79658	-12,45196	-11,79657	-13,10732
7400	-11,79658	-12,45197	-11,79657	-13,76269
7420	-5,2429	-12,45197	4,5877	-11,79658
7440	9,1753	-11,79657	8,51994	-11,79656
7460	8,51992	-11,1412	8,51993	-11,79656
7480	8,51992	-11,79656	8,51993	-12,45193
7500	8,51992	-11,14121	9,17529	-12,45193
7520	9,17528	-11,79657	9,17528	-13,10729
7540	9,83063	-12,45194	10,486	-13,1073
7560	10,48599	-13,1073	10,486	-13,76267
7580	11,14135	-13,76267	11,14135	-13,76267
7600	11,14135	-13,76267	11,79671	-14,41803
7620	11,79671	-13,76268	11,79671	-14,41804
7640	11,79671	-13,76268	11,79673	-14,41804
7660	11,79672	-13,76268	11,79928	-15,0734
7680	11,79671	-14,41804	11,79672	-15,07341
7700	11,79671	-15,07342	11,79672	-15,72877
7720	11,79671	-15,07342	12,45207	-15,72878
7740	17,69502	-13,76269	26,21487	-14,41803
7760	28,83637	-13,76266	28,83637	-14,41802
7780	28,83636	-14,41802	28,83637	-15,07338
7800	29,49172	-15,07338	29,49173	-15,72874
7820	28,83636	-15,07338	28,83637	-15,72875
7840	28,83636	-15,72875	28,83637	-16,38411
7860	28,83636	-15,72875	28,83637	-16,38412
7880	28,83636	-15,72875	28,83637	-17,03948
7900	28,83636	-17,03948	29,49173	-17,03948
7920	28,83636	-17,03949	28,83637	-17,69484
7940	28,83637	-17,03948	28,83637	-17,69485
7960	28,83637	-17,69485	28,83638	-17,69484
7980	28,83637	-17,03949	28,83638	-17,69485
8000	28,83637	-17,03949	28,83638	-17,03948
8020	28,83637	-17,03948	28,83638	-17,69485
8040	28,18101	-17,03949	28,18102	-17,69484
8060	28,18101	-17,03949	27,52565	-17,69485
8080	28,181	-17,03948	27,52565	-17,69484
8100	27,52564	-17,03949	27,52565	-17,69485
8120	27,52564	-17,03948	27,52566	-17,69485
8140	-57,67115	-17,03949	26,8703	-17,69484
8160	27,52565	-17,03948	27,52566	-17,69484
8180	27,52566	-17,03948	27,52567	-17,03947
8200	26,8703	-16,38412	26,87031	-17,69484
8220	26,87029	-16,38411	26,21494	-17,03948
8240	26,8703	-16,38411	26,21495	-17,03947
8260	26,8703	-16,38411	26,21495	-17,03947
8280	26,21494	-16,38411	26,21495	-17,03947
8300	26,21494	-17,03947	26,87031	-17,03947
8320	27,52566	-17,03948	27,52568	-18,3502
8340	28,18102	-18,35021	32,76861	-17,03948
8360	43,2545	-15,72872	48,49751	-15,72869
8380	49,15287	-15,07332	48,49751	-15,07332
8400	49,15286	-14,41796	49,15287	-15,07332
8420	49,15287	-15,07332	49,15288	-15,07332
8440	49,15287	-15,07333	49,15288	-15,72868
8460	49,15288	-15,07332	49,15288	-15,72868
8480	49,80823	-15,07333	49,15288	-15,72868
8500	49,15287	-15,07333	49,15288	-15,72869
8520	49,80822	-15,07333	49,15287	-15,72869
8540	49,15286	-15,72869	49,15287	-15,72869
8560	49,80822	-15,07333	49,80822	-15,72868
8580	49,80822	-15,07333	49,80823	-15,72868
8600	49,80821	-15,07332	49,80823	-15,07332
8620	49,80821	-14,41796	49,80822	-15,07332
8640	49,80822	-14,41796	49,80823	-14,41796
8660	50,46357	-13,76259	50,46359	-14,41795
8680	49,80822	-13,76259	49,80823	-13,76258
8700	49,80822	-13,76259	50,4636	-13,76258
8720	49,80823	-13,10723	49,80824	-14,41795
8740	49,80822	-13,76259	49,80824	-15,07331
8760	57,01729	-13,76258	72,09078	-12,4518
8780	83,232	-10,48567	84,54274	-10,48564
8800	83,88734	-9,83027	83,88735	-9,83026
8820	83,88734	-9,1749	83,88734	-9,17489
8840	83,88734	-8,51953	83,88734	-8,51952
8860	83,88733	-7,20879	83,88734	-7,86415
8880	83,88734	-7,20879	83,88734	-6,55341
8900	83,23198	-5,89805	83,23198	-6,5534
8920	83,23197	-5,24268	83,23198	-4,58731
8940	83,23197	-3,93194	82,57662	-3,93193
8960	82,57661	-3,27657	82,57661	-3,27657
8980	82,57661	-2,62121	82,57661	-2,62121
9000	82,5766	-2,62121	82,57661	-2,6212
9020	82,5766	-1,96584	82,57661	-2,6212
9040	82,5766	-1,96584	83,23197	-2,6212
9060	83,88731	-1,96584	83,88732	-2,6212
9080	84,54267	-1,96584	84,54268	-2,6212
9100	84,54267	-2,62121	85,19803	-2,6212
9120	85,19802	-2,62122	85,19803	-3,93194
9140	85,85338	-3,93196	76,6783	-8,51954
9160	45,87612	-13,10718	16,38448	-19,00548
9180	-1,96586	-20,9716	-3,93197	-20,97161
9200	-1,31052	-19,66088	-0,65515	-20,31624
9220	-0,65516	-20,31625	-0,65515	-20,97161
9240	0,00019999999999953	-20,31626	-0,65517000000001	-20,97163
9260	0,00018000000000029	-20,31627	0,00018999999999636	-20,97164
9280	0,00018000000000029	-20,97164	0,00018000000000029	-21,62701
9300	0,00017000000000422	-21,62702	0,65553999999999	-22,28238
9320	0,65552	-21,62703	1,3109	-22,28239
9340	1,31088	-22,28241	-5,24277	-23,59313
9360	-19,00552	-24,2485	-28,83604	-24,2485
9380	-29,49143	-22,93778	-28,83605	-23,59314
9400	-28,83607	-23,59314	-28,1807	-24,2485
9420	-28,1807	-23,59315	-28,18069	-24,24851
9440	-27,52534	-23,59316	-27,52533	-24,24852
9460	-27,52534	-23,59316	-27,52533	-24,24852
9480	-27,52534	-24,24852	-26,86997	-24,24853
9500	-26,86998	-24,24853	-26,86997	-24,24853
9520	-20,97167	-22,28243	-17,6948	-22,28242
9540	-17,69482	-22,28242	-18,35018	-23,59313
9560	-17,69483	-22,93778	-17,69483	-24,24851
9580	-17,03948	-23,59315	-17,69483	-24,24851
9600	-17,03948	-24,24852	-17,03947	-25,55924
9620	-17,03948	-24,90388	-17,03948	-26,2146
9640	-16,38412	-25,55925	-16,38412	-26,21461
9660	-16,38413	-26,21461	-16,38413	-26,86997
9680	-16,38414	-26,21461	-16,38413	-26,86998
9700	-17,0395	-27,52534	-17,0395	-27,52534
9720	-16,38415	-27,52534	-17,0395	-27,52534
9740	-17,03951	-27,52534	-17,03951	-28,1807
9760	-17,03952	-27,52535	-17,03951	-28,1807
9780	-16,38416	-27,52534	-17,03951	-28,1807
9800	-16,38416	-28,18071	-15,7288	-28,83607
9820	-15,7288	-28,18072	-15,7288	-28,83608
9840	-15,07345	-28,83609	-14,41808	-29,49145
9860	-14,41809	-29,49145	-14,41809	-30,80218
9880	-13,76273	-30,80218	-13,76272	-31,45754
9900	-13,10736	-30,80218	-2,62145	-30,14681
9920	15,07354	-29,49143	24,90416	-29,4914
9940	26,2149	-29,49139	25,55953	-30,80211
9960	25,55951	-30,80211	26,21489	-30,80212
9980	26,21487	-30,80212	26,87024	-31,45749
10000	26,87022	-30,80213	26,87023	-31,45749
10020	26,87022	-30,80214	27,52558	-30,80214
10040	27,52557	-30,80214	27,52558	-31,4575
10060	28,18093	-30,80215	28,18093	-31,45751
10080	28,18092	-31,45751	28,18093	-32,11288
10100	28,83628	-31,45752	28,83629	-32,76824
10120	28,83628	-32,11289	28,83628	-32,76825
10140	29,49163	-32,1129	29,49164	-32,76825
10160	29,49163	-32,1129	29,49164	-32,76826
10180	30,14699	-32,76826	30,147	-32,76827
10200	30,14699	-32,76827	30,147	-32,76827
10220	30,14699	-32,76828	30,147	-34,079
10240	30,14699	-33,42365	35,38992	-33,42364
10260	49,15266	-32,11289	59,63868	-31,45749
10280	62,91552	-30,80211	62,26016	-30,8021
10300	62,26014	-30,14674	62,26015	-30,14674
10320	62,26015	-30,14674	62,26016	-30,14673
10340	62,91551	-30,14674	62,26015	-30,14673
10360	62,26015	-29,49137	62,26016	-30,14673
10380	62,9155	-28,836	62,91552	-29,49136
10400	62,91551	-28,83599	62,91552	-29,49136
10420	63,57087	-28,836	63,57088	-29,49136
10440	63,57088	-28,83601	63,57089	-30,14673
10460	62,91552	-29,49137	58,98331	-30,80211
10480	36,04538	-32,11285	11,14136	-32,7682
10500	-1,31065	-30,80211	-1,31063	-30,14674
10520	0,00010000000000332	-29,49138	-1,31062	-30,14674
10540	-0,65526	-29,49138	-0,65525	-29,49138
10560	-0,65526	-28,83603	0,00010999999999939	-28,83603
10580	0,00010000000000332	-28,18067	0,00010999999999939	-28,18067
10600	0,00010000000000332	-27,52531	9,9999999996214E-5	-27,52532
10620	9,0000000000146E-5	-26,86996	9,0000000000146E-5	-27,52532
10640	9,0000000000146E-5	-27,52532	9,0000000000146E-5	-27,52533
10660	8,0000000004077E-5	-26,86996	7,9999999996971E-5	-27,52533
10680	7,0000000000903E-5	-26,86997	0,65544	-28,1807
10700	1,31079	-27,52534	1,96616	-28,18071
10720	1,96615	-28,18071	2,62152	-28,18071
10740	2,62151	-27,52535	2,62152	-28,18071
10760	2,62151	-28,18071	2,62152	-28,83607
10780	2,62151	-27,52535	3,27688	-28,18072
10800	3,27688	-28,18072	3,27688	-28,83608
10820	3,27688	-28,18072	3,27689	-28,83608
10840	3,93224	-28,18073	3,27688	-28,83609
10860	3,27687	-28,8361	3,93224	-28,8361
10880	7,86445	-27,52537	17,03965	-26,21462
10900	22,28262	-25,55925	20,97191	-25,55923
10920	20,97188	-24,90387	20,9719	-25,55922
10940	21,62725	-25,55923	21,62726	-26,21459
10960	21,62725	-25,55924	21,62726	-26,2146
10980	21,62725	-26,2146	21,62726	-26,86997
11000	21,62725	-26,21462	22,28262	-27,52535
11020	22,28261	-27,52535	21,62726	-27,52536
11040	22,28261	-27,52537	22,28262	-28,18072
11060	22,28261	-28,18073	22,28262	-28,83608
11080	22,28261	-28,18073	22,28262	-28,83609
11100	22,28261	-28,18074	21,62726	-28,8361
11120	22,2826	-28,8361	22,28261	-28,8361
11140	21,62725	-28,18074	21,62725	-28,8361
11160	22,2826	-28,18074	21,62724	-28,8361
11180	21,62723	-28,18074	21,62724	-28,18073
11200	21,62723	-27,52538	21,62724	-28,18074
11220	21,62723	-26,87002	21,62724	-26,87001
11240	20,97186	-26,87001	20,97188	-26,87001
11260	21,62722	-26,87001	21,62724	-26,87001
11280	21,62722	-26,21465	21,62724	-26,87
11300	21,62722	-26,87	21,62723	-27,52536
11320	21,62723	-26,87	20,97187	-26,87
11340	21,62722	-26,87	21,62723	-26,87
11360	21,62723	-26,87	21,62723	-27,52535
11380	22,28259	-26,21463	22,2826	-26,86998
11400	22,28259	-26,86998	22,2826	-26,86998
11420	22,2826	-26,21462	22,93797	-26,86998
11440	22,2826	-26,21462	22,28261	-26,21461
11460	20,97187	-26,21461	17,69503	-25,55924
11480	17,69502	-24,24851	17,69504	-24,90385
11500	17,69502	-23,59314	17,03968	-24,24849
11520	17,69503	-23,59314	17,69504	-24,24849
11540	17,03967	-23,59313	17,03968	-23,59313
11560	17,03967	-23,59314	17,69504	-24,24849
11580	17,69758	-23,59313	18,3504	-23,59314
11600	18,35039	-23,59314	18,3504	-23,59313
11620	18,35039	-22,93777	19,00576	-22,93777
11640	19,00575	-21,62705	19,00831	-21,62704
11660	19,00574	-20,97168	19,00575	-20,97168
11680	19,00574	-20,97168	19,00575	-20,97168
11700	22,93796	-20,31632	31,45777	-20,31629
11720	34,73462	-19,00556	34,07926	-19,00555
11740	33,42388	-18,35019	34,07926	-19,00555
11760	34,07924	-18,35019	34,07925	-18,35018
11780	34,07924	-17,69482	34,07925	-18,35018
11800	33,42389	-18,35018	34,07925	-18,35018
11820	34,07924	-18,35018	34,07925	-18,35019
11840	34,07924	-17,69482	34,07925	-18,35019
11860	34,07925	-18,35018	34,07925	-18,35018
11880	34,07924	-17,69482	34,07925	-18,35018
11900	34,07924	-17,69482	34,07925	-17,69482
11920	34,07924	-17,03946	34,07926	-17,69482
11940	34,07924	-17,03946	34,07925	-17,69482
11960	34,07925	-17,03947	34,07926	-17,69482
11980	34,07925	-17,03946	34,07925	-17,03945
12000	34,07924	-16,3841	34,07925	-16,38409
12020	34,07925	-16,3841	33,42389	-17,03946
12040	34,07924	-17,03946	33,42389	-19,00556
12060	33,42388	-19,66095	33,42389	-20,97169
12080	34,07924	-21,62706	34,07925	-24,24853
12100	34,07924	-30,14686	35,39006	-43,25432
12120	35,3902	-61,60483	36,04582	-84,54285
12140	36,70137	-104,85918	39,32318	-119,93251
12160	44,56618	-127,79686	51,11973	-130,41832
12180	57,67315	-126,48613	60,94976	-121,89853
12200	62,26033	-114,0342	63,57098	-105,51444
12220	64,22627	-97,64999	63,57084	-91,75165
12240	63,5708	-86,5087	62,91543	-83,23184
12260	62,91542	-79,29962	62,91542	-76,67814
12280	61,60469	-72,74592	60,94932	-69,46907
12300	60,29393	-66,84759	60,29394	-65,53683
12320	60,29393	-62,91535	60,9493	-61,60462
12340	60,94929	-59,63851	61,60465	-58,32776
12360	60,94928	-56,36166	60,94929	-55,05091
12380	61,60464	-53,08481	61,60465	-52,42942
12400	60,94928	-50,46333	60,94929	-49,80795
12420	60,94929	-48,49721	60,29394	-47,18647
12440	60,29393	-45,22036	60,29394	-45,22034
12460	60,29393	-43,90961	60,29394	-43,25424
12480	60,29393	-41,94352	60,29394	-42,59887
12500	60,29393	-41,28815	62,91543	-39,32203
12520	66,84763	-37,35592	66,19228	-36,70054
12540	66,19226	-35,3898	66,19227	-35,38979
12560	66,19226	-34,73443	66,19226	-35,38979
12580	66,19226	-34,07907	66,19226	-34,07906
12600	66,19226	-32,76833	66,19227	-33,42369
12620	66,19226	-32,11296	66,84763	-32,11295
12640	66,19226	-30,80223	66,19226	-31,45758
12660	66,19226	-30,80222	66,19226	-30,80222
12680	65,53689	-30,80222	65,53689	-30,80221
12700	66,19225	-30,80221	65,5369	-30,80221
12720	65,53688	-30,80222	65,53689	-30,80221
12740	65,53689	-30,14685	65,53689	-30,80221
12760	65,53688	-29,49149	65,53689	-30,14685
12780	65,53687	-29,49148	65,53688	-29,49148
12800	65,53687	-28,18075	65,53688	-28,18074
12820	64,8815	-27,52538	64,88151	-27,52537
12840	65,53686	-26,87001	64,88151	-26,87
12860	64,8815	-26,21464	65,53687	-26,21464
12880	65,53686	-25,55928	65,53686	-26,21464
12900	73,40127	-24,24852	83,23175	-22,28237
12920	89,13005	-20,31626	89,13262	-19,66086
12940	89,13005	-17,69476	89,13005	-17,69475
12960	88,47469	-17,03939	88,47469	-16,38401
12980	88,47469	-15,72864	88,4747	-15,07327
13000	88,47468	-14,4179	88,47469	-14,41789
13020	88,47469	-13,10716	88,47469	-13,76252
13040	88,47469	-13,10715	88,47469	-13,10714
13060	89,13004	-13,10715	89,13005	-13,7625
13080	89,13004	-12,45178	89,78541	-13,10713
13100	89,7854	-11,79641	89,78541	-12,45177
13120	89,7854	-11,79641	89,7854	-11,7964
13140	89,78539	-11,14104	90,44076	-11,14104
13160	90,44075	-11,14104	90,44075	-11,14103
13180	90,44075	-11,14103	90,44075	-11,14103
13200	90,44075	-11,14103	90,44075	-11,79639
13220	89,78538	-11,14103	90,44074	-11,14103
13240	91,09609	-10,48566	91,0961	-10,48566
13260	91,0961	-10,48567	91,0961	-11,79639
13280	91,09609	-11,14103	91,0961	-11,79639
13300	91,75145	-11,14103	91,0961	-11,79639
13320	91,09609	-11,14103	91,0961	-11,79639
13340	91,75145	-11,14103	91,75147	-11,79639
13360	91,09609	-11,14103	91,0961	-11,79639
13380	91,75145	-11,14103	91,0961	-11,79639
13400	91,75145	-11,14102	91,75146	-11,14102
13420	91,75146	-10,48566	91,75147	-11,14102
13440	91,75146	-10,48566	92,40683	-11,14103
13460	91,75147	-10,48567	91,75147	-11,14103
13480	91,75147	-10,48567	91,75147	-11,14103
13500	91,75147	-11,14104	91,75148	-11,14103
13520	91,75147	-11,14104	94,37294	-11,79639
13540	102,23731	-10,48564	106,16955	-9,83022
13560	106,8249	-9,17486	105,51418	-9,83022
13580	106,16953	-9,17486	106,16955	-9,83022
13600	105,51418	-9,17487	105,51419	-9,83023
13620	105,51418	-9,17487	105,51419	-9,83024
13640	105,51418	-9,83025	105,51419	-11,14097
13660	105,51419	-10,48561	105,51419	-11,14097
13680	104,85882	-10,48563	105,51419	-11,79636
13700	101,58198	-13,7625	81,2657	-20,31624
13720	44,56515	-26,86997	15,7289	-32,11292
13740	-3,27678	-33,42368	-5,24287	-32,76833
13760	-1,96604	-31,45761	-1,31068	-32,11298
13780	-0,65533	-32,11298	4,9999999994554E-5	-32,11298
13800	0,6554	-31,45762	1,31077	-32,11198
13820	1,96612	-32,113	2,62149	-32,76836
13840	2,62148	-32,76837	3,27685	-34,07909
13860	3,27684	-34,0791	3,93221	-34,73446
13880	3,93221	-34,73447	4,58758	-36,0452
13900	4,58757	-35,38984	5,24294	-36,0452
13920	5,24294	-36,04521	5,24295	-36,70057
13940	4,58757	-36,70058	-4,58757	-38,01131
13960	-10,48592	-38,01132	-9,83055	-38,01131
13980	-9,17519	-36,70058	-9,17519	-36,70059
14000	-9,1752	-36,7006	-9,83055	-36,7006
14020	-9,17521	-36,7006	-9,1752	-37,35595
14040	-9,17521	-36,04524	-8,51984	-36,04523
14060	-8,51985	-35,38988	-8,51984	-36,04524
14080	-8,51985	-35,38989	-8,51984	-36,70061
14100	-8,51985	-36,04525	-8,51984	-36,04525
14120	-8,51985	-36,04526	-7,86448	-36,70061
14140	-7,86449	-36,04526	-7,86447	-36,70062
14160	-8,51984	-36,04526	-7,20911	-36,70063
14180	-3,27689	-36,04527	1,31071	-36,04526
14200	1,31071	-36,04526	0,65535	-36,70061
14220	1,31071	-36,0451	0,65535999999999	-36,70062
14240	0,65535	-36,04526	0,65535	-36,70062
14260	0,65534	-36,04526	0,65535	-36,04526
14280	0,65534	-36,04526	0,65535	-35,3899
14300	0,65534	-35,3899	0,65535	-35,3899
14320	0,65534	-34,73454	0,65535	-35,3899
14340	0,65534	-34,73455	-1,0000000003174E-5	-35,38991
14360	0,65534	-35,38991	0,65535	-36,04527
14380	-1,9999999999243E-5	-36,04528	-1,0000000003174E-5	-36,04527
14400	-1,9999999999243E-5	-35,38991	-1,0000000003174E-5	-36,04528
14420	-1,9999999999243E-5	-36,04528	-0,65537	-36,04528
14440	-0,65538	-35,38992	-1,31073	-36,04528
14460	-0,65538	-36,04528	-0,65537	-36,04528
14480	-0,65538	-36,04528	-0,65537	-36,70064
14500	-0,65538	-36,70065	-1,0000000003174E-5	-37,35601
14520	-1,9999999999243E-5	-37,35602	-1,0000000003174E-5	-38,01138
14540	0,65534	-38,01139	0,65534	-38,66675
14560	0,65532	-38,01139	1,31069	-38,66675
14580	1,31068	-38,01139	1,31069	-38,66675
14600	1,31068	-38,0114	1,31069	-38,66676
14620	1,31068	-38,66676	1,3107	-39,32212
14640	2,62142	-38,66677	9,83049	-37,35603
14660	19,00569	-36,04529	20,97183	-36,70063
14680	20,31644	-36,04527	20,31645	-36,04526
14700	20,31644	-35,38991	20,31644	-36,04526
14720	20,31643	-35,3899	20,31644	-36,04526
14740	20,31643	-35,3899	20,9718	-36,70062
14760	20,31642	-36,04527	20,97179	-36,70063
14780	20,97178	-36,04527	20,97179	-37,35599
14800	20,97178	-37,356	20,97179	-37,356
14820	20,97178	-37,356	20,97179	-38,01135
14840	20,97178	-37,356	20,97179	-38,01136
14860	20,97178	-37,356	20,97179	-38,01136
14880	20,97178	-38,01136	20,97179	-38,66673
14900	20,97178	-38,01137	28,18085	-36,70062
14920	38,66679	-34,7345	43,25441	-34,73448
14940	43,2544	-34,73447	43,25439	-35,38983
14960	42,59902	-34,73447	42,59903	-35,38983
14980	42,59902	-35,38983	42,59902	-35,38982
15000	41,94365	-34,73447	42,59902	-35,38983
15020	41,94365	-34,73447	41,94366	-35,38983
15040	41,94365	-34,73448	41,94366	-35,38983
15060	41,28829	-34,73448	41,94366	-35,38984
15080	41,94364	-34,73448	41,28829	-35,38984
15100	41,28828	-34,73448	41,28829	-34,73448
15120	41,28829	-34,73448	40,63293	-35,38984
15140	41,28828	-34,73448	40,63293	-35,38984
15160	40,63292	-35,38985	40,63293	-36,04521
15180	40,63292	-36,04521	40,63293	-36,04521
15200	40,63292	-36,04522	40,63293	-36,70057
15220	40,63292	-36,70058	40,63292	-37,35595
15240	41,28828	-37,35595	41,28829	-38,01131
15260	41,94364	-37,35596	41,94365	-38,01132
15280	42,59899	-38,01133	42,599	-38,66669
15300	42,59899	-38,01134	43,25436	-38,6667
15320	49,80804	-37,35596	55,70642	-38,01131
15340	56,36181	-37,35594	56,3618	-38,0113
15360	57,01716	-38,0113	56,36182	-38,66666
15380	57,01717	-38,01131	57,01718	-39,32202
15400	57,01717	-38,66666	57,01718	-38,66666
15420	57,01717	-38,66667	57,01718	-39,32202
15440	57,67252	-38,66666	57,67253	-39,32203
15460	57,01716	-38,66667	57,67253	-39,32203
15480	57,01716	-38,66667	57,01717	-39,32204
15500	57,01716	-38,66668	57,67253	-39,32203
15520	57,67252	-38,66668	57,67253	-39,9774
15540	57,67252	-39,32204	57,67253	-39,9774
15560	58,32788	-39,9774	57,67253	-39,9774
15580	57,67252	-39,97741	58,32789	-39,97741
15600	58,32788	-39,97741	57,67253	-40,63277
15620	57,67252	-40,63277	58,32789	-41,28813
15640	58,32789	-41,28814	58,3279	-41,28814
15660	58,32789	-40,63278	58,3279	-41,28813
15680	58,32789	-40,63278	58,3279	-41,9435
15700	58,32789	-41,28815	58,32789	-41,94351
15720	51,11882	-43,25425	40,63291	-43,25425
15740	38,01141	-41,94353	38,66679	-41,94352
15760	39,32215	-41,94353	38,66679	-42,59889
15780	39,32214	-41,94353	39,32215	-41,94353
15800	39,32214	-41,94353	38,66679	-42,59889
15820	39,32214	-41,94353	38,66679	-41,94353
15840	38,66678	-41,94353	38,66679	-42,59889
15860	39,32214	-42,59889	38,66679	-42,5989
15880	38,66678	-42,5989	38,66678	-43,90962
15900	39,32213	-43,25427	38,66678	-44,56499
15920	39,32213	-44,565	39,9775	-45,22037
15940	40,63285	-45,22038	40,63285	-46,5311
15960	40,63284	-46,53111	41,2882	-46,53111
15980	41,94355	-46,53112	42,59892	-47,18648
16000	52,42944	-45,22037	66,84766	-44,56496
16020	76,0254	-43,90958	76,67823	-44,56492
16040	76,02284	-43,90956	76,67821	-44,56492
16060	77,33356	-44,56493	77,33357	-44,56493
16080	77,33356	-44,56493	77,33356	-45,22029
16100	77,33355	-44,56493	77,98892	-44,56493
16120	77,98891	-45,22031	77,98891	-45,87567
16140	77,98891	-45,22031	77,98891	-45,2203
16160	78,64427	-44,56494	77,98891	-45,22031
16180	78,64426	-45,22032	77,98891	-46,53106
16200	61,60471	-50,46328	32,11304	-55,70623
16220	7,86436	-57,01698	-1,31079	-56,36161
16240	-5,000000000166E-5	-53,74018	0,65532	-54,39553
16260	-5,9999999997729E-5	-53,0848	0,65532	-52,42943
16280	1,31067	-51,11871	1,31067	-51,1187
16300	0,6553	-50,46334	0,65531	-50,46334
16320	1,31067	-49,15262	0,65531	-49,80797
16340	1,31066	-48,49725	1,31067	-48,49724
16360	1,31066	-47,84189	1,31067	-47,84188
16380	0,6553	-47,18653	1,31067	-47,18652
16400	1,31066	-46,53117	1,31067	-46,53117
16420	1,31065	-45,87581	0,6553	-46,53117
16440	1,31065	-46,53118	0,6553	-47,18654
16460	1,31064	-47,18655	0,65529	-47,84191
16480	0,65528	-47,18655	0,65529	-47,84192
16500	1,31064	-47,18656	0,65529	-47,84192
16520	0,65529	-47,84192	1,31065	-48,49728
16540	1,31065	-47,84192	0,6553	-47,84192
16560	1,31065	-47,84192	0,6553	-48,49727
16580	0,65529	-47,84192	0,65529	-48,49728
16600	-7,9999999996971E-5	-47,18656	-7,0000000000903E-5	-47,84192
16620	-7,9999999996971E-5	-47,84192	-7,0000000000903E-5	-48,49729
16640	0,65528	-48,49729	0,65529	-49,15265
16660	1,31064	-49,15267	1,31064	-50,46339
16680	1,31063	-49,80804	1,966	-50,4634
16700	2,62135	-50,46341	3,93209	-51,11877
16720	13,76263	-49,80804	22,28248	-49,80802
16740	23,59323	-49,80801	22,93786	-51,11873
16760	22,93785	-50,46337	23,59323	-51,11873
16780	23,59322	-51,11874	23,59323	-51,77409
16800	23,59322	-51,11874	23,59323	-51,77409
16820	23,59322	-51,11874	23,59323	-51,11873
16840	24,24858	-51,11874	24,24858	-51,11873
16860	24,24857	-51,11874	24,24858	-51,11874
16880	24,24857	-50,46338	24,24858	-51,11874
16900	24,90393	-50,46338	24,24858	-51,11874
16920	24,24857	-51,11874	24,90394	-51,7741
16940	24,24858	-51,11875	24,24859	-51,7741
16960	24,90394	-51,11874	24,90395	-51,7741
16980	24,90394	-51,11875	24,90395	-51,77411
17000	24,90394	-51,11875	24,90394	-51,77411
17020	24,90394	-51,11875	24,90394	-51,77411
17040	24,90393	-51,11875	24,90394	-51,77411
17060	24,90393	-51,11875	24,24858	-52,42947
17080	28,83615	-50,46339	39,97745	-49,808
17100	47,18652	-49,15262	47,18655	-49,80797
17120	46,53116	-47,84188	46,53117	-48,49724
17140	46,53116	-47,84188	46,53116	-48,49724
17160	46,53115	-47,84188	46,53116	-48,49723
17180	46,53115	-47,84188	45,8758	-47,84187
17200	45,87578	-47,18652	45,87579	-47,84187
17220	45,87578	-47,18651	45,87579	-47,84187
17240	45,87578	-47,84187	45,87579	-47,84188
17260	45,87578	-47,18651	45,22042	-48,49723
17280	45,87577	-47,84188	45,22042	-48,49723
17300	45,22041	-47,84187	45,22043	-49,15259
17320	45,22042	-48,49724	45,22042	-49,15259
17340	45,22041	-48,49723	45,22042	-49,80796
17360	45,22041	-49,1526	44,56506	-49,80796
17380	41,94358	-50,46333	34,73455	-52,42944
17400	34,73452	-51,77409	35,3899	-51,77408
17420	34,73452	-51,77408	34,73453	-51,77408
17440	34,73452	-51,77409	34,73453	-52,42945
17460	34,07916	-51,77409	34,07917	-52,42945
17480	34,73452	-51,7741	34,73453	-53,08481
17500	34,73451	-53,08483	35,38989	-53,74019
17520	36,04524	-54,39556	36,70061	-55,05092
17540	36,7006	-55,05092	37,35597	-55,70628
17560	36,7006	-55,70629	37,35597	-55,70629
17580	37,35596	-55,7063	38,01134	-56,36166
17600	38,01132	-56,36166	38,01133	-57,67239
17620	38,01133	-57,6724	38,66669	-58,32776
17640	38,01133	-57,01704	38,01134	-57,6724
17660	38,66669	-57,6724	38,01134	-58,32776
17680	38,66669	-57,6724	38,6667	-58,32776
17700	38,66668	-57,6724	38,66669	-57,6724
17720	38,01132	-57,6724	38,66669	-57,6724
17740	38,66668	-57,01704	38,66669	-57,6724
17760	39,32204	-57,6724	39,32205	-57,6724
17780	39,32205	-57,6724	39,32461	-58,32776
17800	39,32205	-57,6724	38,6667	-58,32776
17820	39,32205	-57,6724	39,32206	-57,6724
17840	39,32205	-57,01703	38,6667	-57,6724
17860	38,66669	-57,6724	38,6667	-57,67239
17880	38,66669	-57,67239	39,32207	-57,67239
17900	47,18648	-55,05092	55,05096	-53,74015
17920	56,36172	-53,08477	55,70635	-53,08476
17940	55,70634	-51,77403	55,05099	-52,4294
17960	55,70634	-51,77404	55,70635	-52,4294
17980	55,05099	-51,77404	55,051	-52,42939
18000	55,05099	-51,77403	55,051	-51,77403
18020	55,05099	-51,77403	55,051	-51,77403
18040	55,05099	-51,77403	54,39564	-52,42939
18060	54,39563	-51,11867	54,39564	-51,77403
18080	53,74027	-51,11867	54,39564	-51,77403
18100	53,74027	-51,11866	53,74028	-51,77402
18120	54,39563	-51,11866	58,98325	-50,46328
18140	68,81379	-49,15253	73,40142	-49,1525
18160	72,74604	-47,84178	72,09068	-48,49713
18180	72,09068	-48,49713	72,09069	-49,15249
18200	72,09068	-48,49714	72,74605	-48,49713
18220	72,09067	-48,49713	72,09068	-48,49712
18240	72,09068	-47,84177	72,09068	-48,49713
18260	72,09067	-47,84177	72,09068	-47,84176
18280	72,09067	-46,53104	71,43533	-46,53104
18300	72,09068	-45,87567	71,43533	-45,22031
18320	71,43531	-44,56494	70,77996	-44,56494
18340	71,43531	-43,90959	70,77995	-44,56495
18360	70,77993	-43,90959	70,77993	-44,56495
18380	70,77992	-43,90959	70,77993	-44,56496
18400	71,43528	-43,9096	71,43529	-44,56496
18420	71,43528	-43,9096	71,43528	-44,56496
18440	72,09064	-43,9096	72,09064	-43,90959
18460	72,09063	-43,25423	72,09064	-43,90959
18480	72,09063	-43,25423	72,09064	-43,90958
18500	72,09063	-43,25422	72,746	-43,90958
18520	72,09063	-43,90959	73,40136	-44,56495
18540	81,92106	-41,94346	94,37298	-40,63267
18560	102,23737	-39,97727	102,89275	-39,97725
18580	102,23735	-39,32189	102,89273	-39,97724
18600	102,89272	-39,32188	102,89273	-39,97724
18620	102,89271	-39,32189	102,89272	-40,6326
18640	102,89271	-39,97724	103,54809	-40,6326
18660	103,54808	-40,6326	103,54809	-40,6326
18680	103,54808	-40,6326	103,54809	-41,28796
18700	103,54808	-40,6326	104,20344	-41,94332
18720	104,20344	-40,6326	104,20345	-41,28796
18740	104,20344	-41,28796	104,20345	-41,28795
18760	104,20344	-41,28796	103,54809	-41,94331
18780	104,20344	-41,28795	102,89273	-41,94332
18800	95,6837	-42,59869	85,85324	-43,90944
18820	85,19786	-42,59873	85,85326	-43,25408
18840	85,19788	-42,59872	85,85325	-43,90944
18860	85,85324	-43,25408	85,19789	-43,90944
18880	85,19788	-43,25408	85,19789	-43,90944
18900	85,85324	-43,25409	85,19789	-43,90945
18920	85,85324	-43,90945	85,19789	-43,90945
18940	85,85324	-43,90945	85,19789	-44,56481
18960	85,19788	-44,56482	85,19789	-45,21918
18980	85,19788	-45,2202	85,19788	-46,53093
19000	85,19787	-48,49705	70,77999	-54,39537
19020	38,01152	-58,98299	7,86452	-60,94908
19040	-7,20896	-59,63836	-7,20895	-58,32764
19060	-5,24286	-57,67229	-5,24285	-58,32765
19080	-5,24286	-57,6723	-5,24286	-57,67231
19100	-4,5875	-57,67231	-4,5875	-58,32768
19120	-3,93215	-58,32768	-3,93214	-58,98305
19140	-3,27679	-58,98307	-2,62143	-59,63843
19160	-2,62144	-59,63844	-1,31071	-60,29381
19180	-1,31073	-59,63846	-0,65536	-60,29383
19200	-0,65537	-59,63847	0	-60,29384
19220	-9,9999999960687E-6	-60,29384	0	-60,9492
19240	0,65535	-60,29385	0,65537	-60,94922
19260	1,31072	-60,94922	1,31073	-61,60459
19280	1,31072	-60,94923	1,31073	-60,94923
19300	1,31072	-60,29388	1,96608	-61,6046
19320	1,96607	-60,94925	1,96607	-61,60461
19340	2,62143	-61,60462	1,96608	-62,25998
19360	2,62143	-62,25999	2,62144	-63,57071
19380	2,62143	-63,57072	3,27681	-64,22609
19400	3,2768	-64,22609	3,2768	-64,22609
19420	4,58752	-64,88147	16,38417	-64,2261
19440	34,07915	-62,91536	41,28827	-64,22606
19460	40,63289	-64,22606	40,63288	-64,88142
19480	40,63166	-64,88142	41,28825	-66,19214
19500	41,28824	-65,53678	41,28825	-66,19214
19520	41,28824	-66,19216	41,94361	-66,19215
19540	41,9436	-66,19216	41,9436	-66,19216
19560	41,9436	-66,19216	41,9436	-66,84753
19580	41,94359	-65,5368	41,9436	-66,19216
19600	41,94359	-66,19217	41,9436	-66,19217
19620	41,94358	-65,5368	41,94359	-66,19216
19640	41,94358	-65,5368	39,97749	-66,19217
19660	24,24867	-66,19216	10,48591	-66,84752
19680	7,86441	-64,22609	9,17516	-64,88144
19700	9,17515	-64,22608	8,5198	-64,88145
19720	9,17515	-64,88145	9,17517	-65,53681
19740	9,17516	-66,19218	9,17517	-66,19218
19760	9,17517	-65,53682	9,17517	-65,53682
19780	9,17516	-64,88146	8,51981	-64,88146
19800	9,17515	-64,22611	8,5198	-64,88146
19820	9,17515	-64,2261	9,17516	-64,88146
19840	9,17516	-64,88146	9,17517	-64,88146
19860	9,17516	-64,88146	9,83053	-65,53682
19880	10,48588	-65,53683	10,48589	-65,53684
19900	10,48588	-65,53684	10,48588	-65,53684
19920	11,14122	-65,53684	11,14123	-65,53685
19940	11,14121	-64,88149	11,79658	-64,88149
19960	11,79657	-64,22613	11,79659	-64,88149
19980	12,45194	-64,8815	12,45195	-65,53686
20000	12,45195	-65,53687	17,69491	-65,53686
20020	23,59324	-64,88149	24,24863	-64,88148
20040	24,2486	-64,88148	23,59325	-65,53683
20060	23,59324	-64,88148	24,24861	-65,53684
20080	24,2486	-65,53684	24,24861	-66,1922
20100	24,90396	-65,53685	24,90398	-66,1922
20120	24,2486	-65,53685	24,24861	-66,19221
20140	24,2486	-65,53685	24,90397	-66,19221
20160	24,90396	-66,19222	24,90396	-66,19221
20180	24,90395	-66,19222	24,90396	-66,19221
20200	24,90395	-65,53686	24,90396	-66,84757
20220	24,90395	-66,19222	24,90396	-66,84758
20240	24,90395	-66,84758	24,90396	-66,84758
20260	25,5593	-66,84758	24,90395	-66,84758
20280	25,5593	-66,19222	25,55931	-67,50294
20300	24,90393	-66,84758	24,90395	-68,1583
20320	24,90393	-67,50294	24,90394	-68,1583
20340	24,90393	-68,1583	24,90395	-68,1583
20360	24,90394	-68,1583	24,90394	-68,15831
20380	24,90393	-67,50295	24,90394	-67,50294
20400	24,90392	-66,84759	24,24857	-66,84758
20420	24,90392	-66,84759	24,90393	-67,50294
20440	24,90392	-67,50295	24,90392	-68,15832
20460	26,87001	-67,50296	40,63276	-65,53684
20480	58,3278	-61,6046	68,81379	-59,63845
20500	68,15844	-58,98307	67,50306	-59,63842
20520	67,50305	-58,3277	67,50306	-58,98305
20540	68,15841	-57,67233	68,15842	-58,32768
20560	68,15841	-57,67232	68,15842	-57,67232
20580	68,15841	-57,67232	67,50306	-58,32768
20600	66,84769	-58,32768	66,8477	-58,98304
20620	66,84768	-58,32768	66,84769	-58,98303
20640	67,50303	-58,32769	67,50303	-59,63841
20660	68,15838	-58,98305	68,15839	-59,63841
20680	68,81374	-59,63842	68,81375	-59,63842
20700	69,4691	-59,63842	69,4691	-60,29379
20720	70,12446	-60,29379	70,12446	-60,29379
20740	70,12446	-59,63843	70,12446	-60,29379
20760	73,4013	-58,98306	80,61031	-58,98303
20780	83,23175	-58,32767	82,57639	-58,98302
20800	82,57638	-58,32766	82,5764	-58,98302
20820	82,57638	-58,32766	83,23175	-58,98302
20840	82,57638	-57,6723	83,23175	-58,32765
20860	82,57638	-58,32766	83,23175	-58,32766
20880	82,57638	-58,32766	83,23175	-58,32766
20900	82,57637	-57,6723	82,57639	-58,32766
20920	83,23174	-58,32766	82,57639	-58,98303
20940	82,57638	-58,32767	83,23175	-59,6384
20960	89,78535	-57,67231	102,89267	-57,01688
20980	109,44636	-56,3615	110,75712	-57,01684
21000	110,10172	-56,36148	110,75708	-56,36148
21020	110,75708	-55,70612	110,10172	-57,01683
21040	110,10172	-57,01683	110,75708	-57,01684
21060	110,75707	-57,01684	110,75708	-57,01683
21080	111,41242	-57,01683	111,41243	-57,01683
21100	110,75706	-56,36147	110,75707	-56,36147
21120	111,41242	-55,05074	110,75706	-55,7061
21140	110,75705	-55,05074	110,75705	-55,05074
21160	110,10169	-54,39538	110,75705	-54,39537
21180	110,10168	-53,74	109,44633	-53,73999
21200	110,75704	-53,74	110,10169	-53,74
21220	110,10168	-53,08464	110,10169	-53,73999
21240	110,10168	-53,08463	110,10169	-53,73999
21260	110,10168	-53,08463	110,10169	-53,73999
21280	110,10169	-53,08463	109,44634	-53,73999
21300	110,10168	-53,08463	110,1017	-53,73999
21320	109,44633	-53,08463	109,44634	-53,74
21340	109,44633	-53,74	109,44634	-53,74
21360	110,10169	-53,74	108,79097	-54,39536
21380	109,44633	-53,74	109,44634	-53,74
21400	110,10169	-53,08464	109,44634	-53,74
21420	109,44633	-53,08464	108,79098	-53,74
21440	109,44633	-53,08464	109,44634	-53,73999
21460	109,44633	-53,74001	110,1017	-55,70611
21480	106,16948	-57,67224	85,19784	-63,57058
21500	57,01717	-68,81355	32,76846	-71,43503
21520	18,35034	-71,43505	19,00571	-70,77969
21540	20,31644	-70,12434	20,97181	-70,12434
21560	21,62717	-69,46898	22,28254	-69,46898
21580	22,28253	-68,15827	22,28254	-69,46898
21600	22,28253	-68,15827	22,28254	-68,81362
21620	22,28253	-68,15826	22,9379	-68,81362
21640	22,93789	-68,15826	23,59326	-68,81362
21660	23,59325	-68,15827	23,59326	-68,15827
21680	23,59325	-67,50292	24,24862	-67,50292
21700	22,93787	-67,50292	7,86443	-69,46901
21720	-11,14128	-71,4351	-19,00572	-70,12438
21740	-17,69499	-68,81367	-17,03961	-68,81366
21760	-17,03962	-68,15831	-16,38425	-68,15831
21780	-15,72889	-68,15832	-15,07352	-68,15832
21800	-14,41817	-67,50296	-14,41816	-68,15833
21820	-14,41817	-66,8476	-14,41816	-67,50296
21840	-13,76281	-66,84761	-13,7628	-66,84761
21860	-13,76282	-66,84762	-13,7628	-67,50298
21880	-13,10745	-66,84762	-13,10743	-67,50298
21900	-9,83058	-66,84762	-5,89835	-66,8476
21920	-5,89835	-66,19224	-5,89835	-66,19223
21940	-5,89835	-66,19224	-5,89835	-66,19223
21960	-5,243	-65,53688	-5,89835	-65,53687
21980	-5,89836	-66,19224	-5,89835	-65,53687
22000	-5,89836	-64,88151	-5,89835	-65,53686
22020	-5,89836	-64,8815	-5,89835	-64,8815
22040	-5,89836	-64,22614	-5,89835	-64,22613
22060	-5,89836	-63,57078	-5,89835	-63,57077
22080	-5,89836	-63,57078	-5,89835	-64,22613
22100	-3,93226	-62,91542	4,58758	-61,60467
22120	10,48592	-60,94929	10,48595	-62,26
22140	10,48593	-61,60464	10,48595	-62,25999
22160	10,48593	-61,60464	10,48591	-62,91536
22180	10,48593	-62,26	10,48594	-62,91536
22200	10,48593	-62,26	10,48593	-62,26
22220	10,48592	-62,26	10,48593	-62,26
22240	10,48592	-62,26	10,48593	-62,91535
22260	11,14129	-62,91536	11,14129	-63,57072
22280	11,79664	-63,57073	11,79665	-64,22609
22300	12,452	-63,57074	12,45201	-64,88146
22320	12,452	-64,2261	13,10737	-64,88147
22340	13,10735	-64,22611	12,452	-65,53682
22360	13,10736	-65,53683	12,452	-65,53683
22380	13,10736	-65,53684	13,76273	-66,1922
22400	13,76273	-65,53685	13,76273	-66,84757
22420	13,76272	-66,19221	13,76273	-66,19221
22440	13,76272	-66,19222	13,76273	-66,84758
22460	14,41808	-66,84758	14,41808	-67,50294
22480	14,41808	-67,50295	14,41808	-68,81368
22500	15,07344	-68,81369	7,86442	-70,77978
22520	-3,93223	-72,09051	-10,48593	-72,09053
22540	-9,83058	-70,7798	-9,17521	-71,43516
22560	-8,51986	-71,43517	-9,17521	-71,43517
22580	-8,51986	-71,43517	-8,51985	-72,09053
22600	-7,8645	-71,43518	-7,86449	-72,09053
22620	-7,8645	-72,09054	-7,86449	-72,7459
22640	-7,8645	-72,74591	-7,86449	-72,74591
22660	-7,8645	-72,74591	-7,86449	-72,74591
22680	-7,86449	-72,74591	-7,20912	-72,74591
22700	-7,20913	-72,74592	-7,20912	-73,40128
22720	-7,20913	-72,74592	-7,20912	-73,40128
22740	-7,20912	-73,40128	-7,20912	-73,40128
22760	-7,20913	-72,74593	-7,20912	-73,40129
22780	-7,20913	-74,05666	-7,20912	-74,71202
22800	-7,20913	-74,05665	-7,20912	-74,71201
22820	-7,20913	-74,71202	-7,20912	-74,71202
22840	-7,20913	-74,71203	-7,20912	-74,71203
22860	-7,20913	-74,71203	-7,20912	-75,36739
22880	-7,86449	-74,71204	-7,86448	-74,71204
22900	-7,20913	-75,36741	-5,24302	-75,3674
22920	3,27678	-72,74594	11,79662	-72,09055
22940	14,41811	-72,09054	13,76274	-73,40126
22960	14,41809	-73,40127	15,07347	-74,712
22980	15,07345	-74,71201	16,38418	-75,36737
23000	16,38417	-75,36738	16,38418	-76,02274
23020	16,38417	-76,02275	17,03953	-76,02275
23040	17,03952	-76,02276	17,69489	-76,67812
23060	17,69488	-76,67812	17,69489	-76,67812
23080	17,69488	-76,67813	18,35025	-77,33349
23100	18,35023	-76,67814	18,35025	-77,98886
23120	19,00559	-77,3335	18,35024	-77,98886
23140	19,00559	-77,3335	19,0056	-77,98887
23160	19,00559	-77,98887	19,66096	-78,64423
23180	19,66095	-77,33352	19,66095	-78,64424
23200	26,21463	-77,33352	38,01131	-76,67813
23220	43,90965	-76,67812	43,25429	-77,33347
23240	43,25427	-77,98884	43,90965	-77,98883
23260	44,565	-77,98883	44,56501	-77,98883
23280	44,565	-77,33348	44,56501	-77,98883
23300	44,565	-77,33348	44,565	-77,33347
23320	44,56499	-76,02276	44,565	-76,67811
23340	44,56499	-76,67811	44,565	-76,6781
23360	45,22035	-76,02274	45,22036	-77,33346
23380	44,56499	-76,6781	44,56501	-76,67809
23400	44,565	-76,6781	44,56501	-77,33346
23420	44,565	-76,02274	44,56501	-76,02274
23440	44,565	-76,02274	43,90964	-76,02274
23460	44,56499	-76,6781	44,565	-76,6781
23480	44,56499	-76,67811	44,565	-76,67811
23500	43,90964	-76,67811	44,56501	-77,33348
23520	44,565	-77,33348	43,90966	-77,98884
23540	44,565	-77,98884	44,56501	-77,98884
23560	44,565	-77,98884	44,56501	-78,64421
23580	44,56499	-77,98885	44,565	-78,6442
23600	44,56499	-78,64421	44,56501	-79,29957
23620	44,565	-79,29958	44,56501	-79,95494
23640	44,565	-79,95495	41,94355	-80,6103
23660	38,66669	-79,29957	38,6667	-80,61029
23680	39,32205	-79,95494	39,32206	-81,26566
23700	39,32205	-81,26566	39,97742	-81,92102
23720	39,9774	-81,26566	39,97741	-82,57638
23740	40,63276	-81,92103	-57,67123	-82,57638
23760	40,63277	-81,92103	40,63278	-82,57639
23780	41,28813	-81,92103	41,28814	-82,57639
23800	41,28813	-81,92103	41,28813	-82,57639
23820	41,28813	-81,92103	43,25422	-82,57639
23840	54,3955	-80,61028	66,19227	-80,61025
23860	69,46915	-79,95487	68,81378	-80,61022
23880	68,81376	-79,95486	69,46914	-80,61022
23900	69,46912	-80,61022	69,46913	-80,61022
23920	69,46911	-79,95486	69,46912	-81,26558
23940	69,46911	-80,61022	69,46912	-80,61022
23960	69,46911	-80,61022	70,12448	-80,61022
23980	69,46911	-80,61021	69,46912	-80,61021
24000	69,46911	-79,95486	69,46912	-80,61022
24020	69,46911	-79,95485	69,46911	-80,61021
24040	70,12446	-79,95485	69,46911	-79,95485
24060	69,4691	-79,29949	70,12448	-79,95485
24080	70,12447	-79,95486	70,12448	-79,95486
24100	68,15838	-80,61022	55,70636	-81,26558
24120	43,25429	-81,26559	42,59891	-81,2656
24140	43,90964	-79,29951	43,25429	-79,95487
24160	43,25427	-79,95489	43,90964	-79,95488
24180	43,90963	-79,29953	43,25428	-79,95489
24200	43,25426	-79,29953	43,25427	-79,95489
24220	43,25426	-79,29954	43,25428	-79,9549
24240	43,25426	-79,9549	43,90964	-79,9549
24260	43,25427	-79,95491	43,90964	-79,95491
24280	43,90963	-79,29956	43,25428	-79,29955
24300	43,90963	-78,6442	43,25428	-79,29956
24320	43,25427	-78,64419	43,25427	-79,29956
24340	43,90962	-78,6442	43,90963	-79,29956
24360	43,90962	-79,29957	45,87572	-79,29957
24380	55,70628	-77,98884	64,22619	-77,98881
24400	66,8477	-78,64417	66,19232	-78,64416
24420	66,84766	-78,64417	66,84767	-79,29953
24440	67,50303	-79,29953	67,50304	-79,9549
24460	67,50304	-79,9549	68,1584	-80,61026
24480	68,81376	-80,61027	68,81377	-81,26562
24500	68,81376	-80,61027	68,81377	-81,26563
24520	69,46912	-80,61027	69,46912	-81,26563
24540	68,81375	-80,61027	68,81376	-81,26563
24560	69,46911	-80,61027	69,46912	-81,26563
24580	69,46911	-80,61028	70,12448	-81,26563
24600	70,12447	-80,61028	70,12448	-81,26564
24620	70,12447	-80,61028	70,12447	-81,26564
24640	70,12446	-80,61028	70,12447	-81,26564
24660	70,12446	-81,26564	69,46911	-81,921
24680	70,12445	-81,92101	70,12446	-81,921
24700	70,77981	-81,26564	70,77982	-81,921
24720	70,77981	-81,26564	70,77982	-81,921
24740	70,77981	-80,61029	71,43518	-81,921
24760	70,77981	-81,92101	70,77982	-81,26564
24780	71,43517	-81,26564	71,43518	-81,92101
24800	71,43517	-81,26565	71,43517	-81,92101
24820	71,43517	-81,26565	71,43517	-81,92101
24840	71,43516	-81,26565	71,43518	-81,92102
24860	71,43517	-81,92102	71,43518	-81,92102
24880	72,09053	-81,26566	71,43518	-81,26566
24900	71,43517	-81,26566	71,43518	-81,26566
24920	70,77981	-79,95493	71,43517	-80,6103
24940	71,43516	-80,6103	70,77981	-80,6103
24960	70,77979	-80,6103	71,43516	-80,6103
24980	70,77979	-79,95494	70,77981	-80,61029
25000	70,77979	-80,6103	70,77981	-81,26566
25020	70,7798	-80,6103	70,77981	-81,26566
25040	71,43516	-80,61031	70,77981	-81,26567
25060	68,15832	-80,61031	56,36165	-80,6103
25080	44,56495	-79,95493	41,94348	-79,95493
25100	43,90958	-77,98885	43,25423	-78,64421
25120	43,25422	-78,64421	43,25422	-79,29957
25140	-57,67122	-78,64421	43,25423	-79,29957
25160	43,25422	-78,64422	43,25422	-78,64422
25180	43,25422	-77,98885	43,25422	-78,64421
25200	43,25421	-77,98886	43,25422	-79,29958
25220	43,90957	-79,29958	44,56494	-79,29958
25240	44,56493	-79,29959	45,2203	-79,95495
25260	45,87565	-79,29959	45,87566	-79,29959
25280	45,87565	-78,64423	46,53101	-78,64422
25300	46,53101	-77,98887	46,53102	-78,64422
25320	46,531	-77,98886	47,18638	-77,98886
25340	47,18637	-77,98886	46,53102	-77,98886
25360	47,18637	-77,3335	47,18638	-77,98886
25380	47,18637	-77,3335	47,18638	-77,98886
25400	47,18636	-77,3335	47,18637	-77,98885
25420	47,18636	-77,33349	47,18637	-77,33349
25440	47,18635	-76,67813	47,18637	-76,67812
25460	47,84171	-76,67812	47,84172	-76,67811
25480	47,84172	-76,02276	48,49709	-76,67811
25500	47,84171	-76,02276	47,84172	-76,02275
25520	49,15245	-75,3674	58,98299	-76,02273
25540	70,12436	-76,02272	73,40126	-77,33182
25560	72,74587	-76,67806	72,0905	-76,67805
25580	72,0905	-76,67806	72,09051	-76,67805
25600	72,0905	-76,02269	72,09051	-76,02268
25620	72,0905	-75,36732	71,43514	-75,3673
25640	71,43513	-74,71194	71,43514	-74,71193
25660	71,43513	-73,4012	70,77977	-73,40119
25680	70,1244	-72,74583	70,77977	-73,40119
25700	69,46904	-72,09047	58,32778	-60,29382
25720	32,76842	-37,35586	11,14131	-18,35009
25740	3,9323	-5,89805	3,27696	2,62175
25760	1,96624	10,48617	0,65553999999999	15,72913
25780	0,00018000000000029	20,31669	-1,31053	22,93817
25800	-1,31053	25,55964	-1,96587	27,52574
25820	-2,62124	29,49184	-3,27659	29,49185
25840	-3,2766	31,45793	-3,27659	31,45794
25860	-3,93196	32,76866	-3,93195	33,42402
25880	-3,93196	34,07938	-3,93194	34,07938
25900	-7,86414	36,04546	-20,31607	36,70082
25920	-24,90367	39,97762	-23,59292	40,63298
25940	-24,24828	41,28834	-24,24828	40,63298
25960	-24,24829	40,63298	-24,24828	39,32226
25980	-23,59293	39,32226	-23,59292	38,6669
26000	-23,59293	38,6669	-23,59293	38,01154
26020	-22,93758	38,6669	-22,93757	38,01154
26040	-22,93759	38,6669	-22,93758	38,6669
26060	-22,28223	38,6669	-22,28222	38,01154
26080	-22,28223	38,6669	-22,28222	38,01154
26100	-22,28222	37,35618	-22,28222	36,70082
26120	-21,62686	36,70082	-22,28222	36,04546
26140	-21,62687	36,70082	-21,62686	36,70082
26160	-20,97151	36,70082	-20,97151	36,04546
26180	-20,97153	36,04546	-21,62688	35,3901
26200	-20,97153	35,3901	-20,97152	34,73474
26220	-20,97153	34,73473	-20,31615	34,07937
26240	-20,31616	34,73472	-20,31615	34,07936
26260	-20,31617	34,07935	-13,10712	34,07936
26280	2,6217	35,3901	12,4523	34,73474
26300	13,10768	35,3901	13,10766	35,3901
26320	13,10765	35,3901	13,10766	35,3901
26340	13,10765	35,3901	13,76302	34,07938
26360	13,76301	34,73474	13,76302	34,07938
26380	13,76301	34,07938	13,76301	32,76866
26400	13,763	33,42402	14,41837	32,76866
26420	14,41836	33,42401	14,41837	32,11329
26440	14,41835	32,76865	14,41837	32,76865
26460	14,41836	32,76864	14,41837	32,11328
26480	15,07371	32,76863	14,41837	32,11327
26500	15,07372	32,11326	14,41837	31,4579
26520	14,41835	31,45789	5,24323	30,14716
26540	-8,51951	28,83642	-13,76246	27,52568
26560	-13,1071	28,8364	-13,10708	28,18104
26580	-13,1071	28,18103	-13,10709	27,52567
26600	-13,10709	28,18102	-13,10708	27,52566
26620	-13,10709	27,52565	-13,10708	26,87029
26640	-13,10709	26,87028	-13,10709	26,21492
26660	-12,45174	26,21491	-12,45173	25,55955
26680	-11,79638	25,55954	-11,79638	25,55954
26700	-11,14103	25,55954	-11,14102	24,90417
26720	-10,48567	24,90416	-10,48567	24,2488
26740	-9,83032	24,90415	-3,93202	24,24879
26760	13,76294	26,2149	29,49186	25,55958
26780	31,458	26,21495	30,80262	25,5596
26800	30,80261	26,21496	31,45799	25,5596
26820	31,45798	25,55959	31,45798	24,90423
26840	31,45797	24,90423	31,45798	24,90423
26860	32,11333	24,90422	31,45797	24,24886
26880	32,11332	24,24886	32,11332	24,24886
26900	32,11331	24,90421	32,11332	24,24885
26920	32,1133	24,24885	32,11332	23,59349
26940	32,11331	24,24884	32,76867	23,59348
26960	32,76867	24,24884	32,76868	22,93811
26980	33,42402	23,59347	33,42403	22,28275
27000	33,42402	22,9381	33,42403	22,28274
27020	32,76865	22,28273	33,42402	22,28273
27040	33,42402	22,28273	33,42403	21,62737
27060	33,42402	21,62737	33,42403	20,97201
27080	33,42402	21,62736	33,42402	20,972
27100	32,76865	21,62736	36,04549	20,972
27120	46,53143	22,28274	52,42986	21,6274
27140	52,42985	22,28277	51,77449	21,62741
27160	52,42984	22,28277	52,42985	21,62741
27180	51,77448	22,28277	51,77449	21,62741
27200	51,77448	22,28277	52,42985	21,62741
27220	51,77448	22,28276	51,77449	21,62741
27240	52,42984	21,62741	51,77449	21,62741
27260	51,77448	22,28277	51,77449	21,62741
27280	52,42984	22,28277	51,77449	22,28278
27300	51,77448	22,93813	51,77449	22,93813
27320	51,77448	22,93814	51,77448	22,28278
27340	51,77447	22,93813	51,77449	22,28277
27360	51,11911	22,28277	38,66708	20,31667
27380	22,28283	19,66128	17,03986	19,66128
27400	18,3506	20,972	19,00598	19,66127
27420	19,66132	20,31663	19,66133	19,66126
27440	20,31668	19,66126	20,31669	19,66126
27460	20,97204	20,31662	20,97205	19,66126
27480	21,6274	20,31661	21,62741	19,00589
27500	21,6274	19,66125	21,62741	19,00589
27520	22,28277	19,66124	22,28278	18,35052
27540	22,28276	19,00588	22,28277	18,35052
27560	22,93812	19,00587	22,93813	18,35051
27580	22,93812	19,00586	23,59349	18,35051
27600	23,59348	19,00586	23,59349	18,3505
27620	23,59348	18,3505	23,59349	17,69513
27640	23,59347	18,35049	23,59348	17,03976
27660	25,55957	17,69512	38,01156	18,35051
27680	52,4298	19,66127	56,36212	19,00593
27700	55,70674	19,66129	55,05136	18,35057
27720	55,70673	17,69519	56,36209	16,38445
27740	55,70672	16,38444	55,05137	13,76298
27760	53,74064	12,45222	52,42993	11,14148
27780	51,1192	11,14147	49,80849	10,48611
27800	49,15312	10,4861	47,18705	10,48611
27820	46,53168	11,14147	46,53169	11,14147
27840	45,87632	11,79684	46,53169	11,79684
27860	46,53168	12,4522	46,53169	13,10758
27880	46,53167	13,76293	46,53167	13,10758
27900	46,53166	13,76294	46,53167	13,76295
27920	47,18702	14,41831	46,53167	13,76295
27940	46,53165	15,07368	46,53167	14,41832
27960	46,53166	15,07368	46,53167	14,41832
27980	47,18701	15,07369	47,18702	14,41833
28000	47,84237	15,07369	47,84238	14,41834
28020	49,15309	15,0737	49,1531	14,41834
28040	49,15309	15,0737	49,1531	14,41834
28060	49,80845	15,0737	49,80847	14,41835
28080	50,46381	15,07371	50,46383	15,07371
28100	50,46382	15,07371	51,11918	14,41835
28120	51,11917	15,07371	51,11918	15,07372
28140	51,77452	15,07371	51,11917	15,07372
28160	51,11915	15,72907	51,77452	15,07372
28180	51,77451	15,72907	52,42988	15,07372
28200	53,08523	15,72907	53,08524	15,07394
28220	53,74059	16,38443	53,7406	15,72907
28240	45,87617	15,72906	31,45797	15,07369
28260	24,90426	15,72905	26,21501	15,72906
28280	26,87036	16,38441	27,52573	15,72905
28300	26,87036	15,72904	27,52573	15,07367
28320	28,18108	15,07367	28,18109	14,41831
28340	28,18108	15,07366	28,83645	14,4183
28360	28,83643	13,76293	28,83644	13,10757
28380	28,83643	13,76292	28,83644	13,10756
28400	29,49178	14,41828	30,14715	13,76292
28420	30,14714	14,41828	30,14715	14,41828
28440	30,8025	15,07364	31,45787	14,41828
28460	31,45786	15,07363	36,70079	13,76291
28480	56,36194	14,41828	76,02296	15,0737
28500	81,92124	15,07374	81,26587	14,41839
28520	80,61047	14,41838	81,26585	13,76303
28540	81,26583	13,76302	81,26583	13,10765
28560	81,92119	13,76302	81,9212	13,10766
28580	81,92118	13,76302	81,92119	14,41839
28600	81,92118	14,41839	81,92119	14,41839
28620	81,92118	15,72912	81,92119	15,07376
28640	81,26581	15,72911	81,26582	15,07376
28660	81,26581	15,72911	68,15862	11,79689
28680	31,45796	7,86465	0,0002099999999956	3,93242
28700	-19,00544	3,93241	-20,97152	5,89851
28720	-19,00542	7,8646	-18,35005	7,20925
28740	-18,35006	8,51997	-18,35004	8,51997
28760	-18,35005	9,83069	-18,35005	9,17533
28780	-18,35006	9,83068	-18,35005	9,17532
28800	-18,35006	9,83068	-18,35005	9,17531
28820	-18,35007	9,1753	-18,35006	8,51994
28840	-17,69472	8,51993	-17,69471	7,86456
28860	-17,69472	7,86455	-20,97155	5,2431
28880	-32,11281	4,58772	-36,04504	4,58772
28900	-34,73431	5,89844	-34,7343	5,89845
28920	-34,73432	6,55381	-34,73431	6,55381
28940	-34,73432	6,55381	-34,7343	6,55381
28960	-34,73432	7,20916	-34,7343	6,5538
28980	-34,73431	7,86453	-34,7343	7,20916
29000	-34,73431	7,86452	-34,07895	7,20916
29020	-34,07896	7,20916	-33,42358	6,55379
29040	-33,4236	5,89842	-31,4575	5,89842
29060	-22,93772	7,86452	-18,35011	7,86454
29080	-18,35012	7,86454	-18,35013	7,20918
29100	-18,35013	7,86454	-18,35012	7,20918
29120	-17,69477	7,86453	-17,69476	7,20918
29140	-17,69477	7,20918	-17,69476	6,55381
29160	-17,03941	7,20917	-17,0394	6,55381
29180	-17,03941	7,20917	-17,0394	6,55381
29200	-17,69477	7,20917	-17,69476	6,55381
29220	-17,03941	7,20916	-17,03941	6,55381
29240	-17,03942	6,5538	-16,38405	5,89844
29260	-17,03942	6,5538	-16,38406	5,24308
29280	-9,17504	6,55379	9,83067	7,20919
29300	24,24886	7,20922	25,55965	5,89852
29320	24,24889	6,55389	24,90426	5,89852
29340	24,90426	5,8989	25,55962	5,24315
29360	25,55961	5,24315	26,21497	4,58779
29380	26,87033	4,58779	26,21497	3,93242
29400	26,87033	3,93242	26,21498	3,93242
29420	26,87033	3,93242	26,87034	3,27705
29440	26,87033	3,93241	27,5257	3,27705
29460	27,52569	3,27705	27,5257	2,62168
29480	27,52569	3,27704	27,5257	2,62168
29500	27,52568	3,27704	27,52569	2,62168
29520	27,52568	2,62167	27,52569	1,96631
29540	22,28275	2,62167	7,86465	1,31094
29560	0,65555	1,31092	1,31093	1,96629
29580	1,96629	1,96629	1,31093	1,31093
29600	1,96628	1,96628	1,31093	1,31092
29620	1,31093	2,62164	1,31094	1,31092
29640	1,96629	2,62163	1,9663	1,31091
29660	1,9663	1,96627	1,96631	1,31092
29680	1,96629	1,96627	1,9663	1,31091
29700	1,96629	1,96627	1,9663	1,3109
29720	1,96629	1,3109	1,9663	0,65554
29740	1,96629	1,3109	1,96629	1,3109
29760	1,96628	1,3109	1,96629	0,65553
29780	2,62164	1,31089	1,96629	0,00016999999999712
29800	2,62164	0,65552	3,277	0,00016000000000105
29820	3,93236	0,00014999999999787	3,93236	-0,65522
29840	9,17529	0,00014000000000181	23,59343	0,00018000000000029
29860	36,04548	0,65556	38,667	0,00021999999999878
29880	38,0116	0,00021000000000271	38,0116	-0,65515
29900	38,66696	0,00021999999999878	38,66697	-1,31051
29920	38,66696	-1,31051	39,32233	-1,31051
29940	38,66696	-0,65515	39,32233	-1,96587
29960	39,32232	-1,31051	39,97769	-1,96588
29980	39,97768	-1,96588	39,97768	-1,96588
30000	39,97767	-1,31052	39,97768	-1,96588
30020	39,97767	-1,31052	40,63304	-1,96589
30040	40,63558	-1,96589	40,63303	-1,96589
30060	40,63302	-1,31053	40,63303	-1,96589
30080	40,63302	-1,31054	40,63302	-1,9659
30100	40,63301	-1,31054	40,63302	-1,9659
30120	40,633	-1,31055	40,63301	-1,96591
30140	41,28836	-1,96591	41,28836	-2,62127
30160	40,63299	-1,31055	41,28836	-2,62128
30180	45,87593	-1,31055	57,01731	0,00021999999999878
30200	64,88178	0,6556	64,88179	0,65561
30220	64,88177	1,31097	64,88178	0,00025999999999726
30240	64,88177	0,65562	64,88178	0,00025999999999726
30260	65,53713	0,65563	64,88178	0,65564
30280	64,88177	1,311	64,88178	1,31101
30300	64,88178	1,31101	65,53714	0,65565
30320	64,88178	1,31101	65,53715	0,65566
30340	64,88178	1,31101	58,32815	-0,65508
30360	51,77442	0,00027000000000044	52,42978	0,00027000000000044
30380	52,42978	0,65564	52,42978	0,00027999999999651
30400	51,77442	0,65564	51,77443	0,65565
30420	51,77441	1,31101	51,77442	0,65566
30440	51,77441	1,31102	51,77442	1,31102
30460	51,7744	1,31102	51,11906	1,31102
30480	51,77441	1,96638	51,77441	1,96638
30500	51,7744	2,62174	51,7744	1,96638
30520	52,42976	1,96638	52,42976	1,31101
30540	53,08511	1,311	53,08512	-0,65508
30560	53,74047	0,00027000000000044	55,0512	-0,6551
30580	62,91561	0,65565	75,36756	0,6557
30600	81,92118	1,31108	82,57654	1,3111
30620	82,57652	1,96645	82,57654	0,65574
30640	83,23189	0,65573	82,57654	0,65573
30660	83,23189	0,65573	82,57654	0,00036999999999665
30680	83,23189	0,00037000000000376	83,88725	0,00036999999999665
30700	83,23189	0,00037000000000376	83,88725	0,00036000000000058
30720	83,88724	0,65572	83,88725	0,65573
30740	84,54259	1,31109	84,54261	0,00034999999999741
30760	84,54259	0,65571	77,98901	-2,62113
30780	45,87601	-8,51948	13,76287	-12,4517
30800	-8,51964	-13,10709	-15,72867	-11,79636
30820	-13,76257	-10,48564	-13,1072	-9,83027
30840	-13,76257	-8,51955	-13,1072	-8,51954
30860	-12,45185	-7,86418	-12,45184	-7,20883
30880	-11,79649	-6,55347	-11,79648	-7,20882
30900	-11,79649	-6,55347	-11,79648	-7,20883
30920	-11,79649	-6,55348	-11,14112	-7,20885
30940	-11,14114	-6,55349	-11,14113	-7,20886
30960	-11,14113	-7,20886	-11,14112	-7,20886
30980	-10,48577	-7,20887	-11,14112	-7,86423
31000	-11,14113	-7,20887	-11,14112	-7,86423
31020	-10,48578	-7,20888	-11,14113	-7,20887
31040	-10,48578	-7,20888	-10,48577	-7,20887
31060	-11,14114	-6,55351	-11,14113	-7,20887
31080	-10,48578	-7,20888	-11,14113	-7,86424
31100	-10,48578	-7,20888	-10,48577	-7,20888
31120	-10,48578	-7,20889	-10,48577	-7,20888
31140	-10,48578	-6,55352	-10,48577	-6,55352
31160	-10,48578	-5,89816	-10,48578	-7,20888
31180	-11,14115	-6,55353	-11,14113	-7,86425
31200	-13,10726	-7,20889	-24,90387	-7,86425
31220	-30,14685	-7,20889	-28,83611	-6,55351
31240	-28,18075	-6,55352	-28,18074	-7,20888
31260	-28,18075	-7,20889	-27,52538	-7,20889
31280	-26,87003	-6,55353	-26,87002	-7,20889
31300	-26,21467	-6,55353	-26,21467	-7,20889
31320	-25,55931	-6,55353	-25,5593	-7,20889
31340	-25,55931	-5,89817	-25,5593	-7,20889
31360	-24,90395	-5,89817	-24,90394	-6,55353
31380	-24,90395	-5,89817	-24,90393	-7,20889
31400	-24,24859	-6,55354	-24,90393	-6,55353
31420	-24,24859	-5,89817	-24,24858	-6,55353
31440	-24,24859	-5,89817	-24,24858	-6,55354
31460	-24,24859	-5,89818	-24,24858	-5,89818
31480	-24,24859	-5,24282	-23,59322	-6,55354
31500	-23,59324	-5,24282	-23,59323	-5,89818
31520	-23,59323	-5,89819	-23,59322	-6,55355
31540	-22,93787	-5,89819	-22,93786	-6,55355
31560	-22,93787	-6,55356	-22,93786	-7,20891
31580	-15,72882	-4,58747	-1,31067	-3,27672
31600	8,5199	-2,62134	10,48603	-3,93204
31620	9,17527	-3,27668	9,83064	-3,93204
31640	10,486	-2,62133	10,486	-3,93205
31660	10,48599	-3,27669	10,486	-3,93205
31680	10,48599	-3,2767	10,48599	-3,93206
31700	10,48598	-3,2767	10,48599	-3,93206
31720	10,48598	-3,27671	10,48599	-3,93207
31740	10,48597	-3,27671	10,48598	-3,93207
31760	10,48597	-3,27672	10,48598	-4,58744
31780	10,48597	-3,93209	10,48598	-4,58745
31800	10,48597	-3,93209	10,48598	-4,58745
31820	10,48597	-4,58746	10,48598	-5,24282
31840	10,48597	-4,58746	9,83061	-5,24282
31860	9,8306	-4,58748	12,45208	-5,89819
31880	19,00578	-5,24282	20,97194	-5,24282
31900	20,31655	-4,58745	20,31655	-5,24281
31920	20,31655	-5,24282	19,6612	-5,89817
31940	20,31654	-5,24282	19,66119	-5,89818
31960	19,66118	-6,55355	19,66119	-7,20891
31980	19,66118	-7,20892	20,31655	-8,51965
32000	20,31654	-7,86429	20,97191	-9,17501
32020	20,9719	-8,51966	20,9719	-9,83039
32040	21,62725	-9,83039	22,28263	-10,48576
32060	22,28261	-10,48576	22,28262	-11,14113
32080	22,93797	-10,48577	22,28262	-11,14113
32100	22,93798	-11,14113	23,59334	-11,7965
32120	23,59334	-11,7965	23,59334	-12,45186
32140	23,59334	-12,45187	23,59335	-13,10723
32160	30,14702	-11,79649	41,28833	-10,48572
32180	48,49743	-9,83034	48,49744	-10,48568
32200	47,84205	-9,83032	48,49743	-9,83033
32220	48,49742	-10,48569	48,49743	-11,14106
32240	48,49742	-11,14106	48,49743	-11,79643
32260	48,49742	-11,14106	48,49743	-11,79642
32280	48,49742	-11,14106	48,49743	-11,79642
32300	49,15278	-11,14106	49,15279	-11,79642
32320	48,49742	-11,14107	48,49743	-11,79642
32340	49,15278	-11,14106	48,49743	-11,79641
32360	48,49743	-11,14105	49,1528	-11,14106
32380	48,49743	-11,14105	48,49744	-11,79641
32400	48,49743	-11,14105	48,49745	-11,14105
32420	48,49743	-11,14105	48,49744	-11,14104
32440	47,84207	-10,48568	47,84209	-11,14104
32460	47,84208	-11,14105	47,18673	-11,7964
32480	47,18672	-10,48568	47,18673	-11,14104
32500	46,53136	-10,48568	47,18672	-11,14104
32520	47,18672	-11,14104	47,18672	-11,7964
32540	46,53135	-10,48568	46,53137	-11,14104
32560	46,53135	-10,48568	46,53137	-11,7964
32580	46,53136	-11,14104	46,53137	-12,45177
32600	46,53136	-11,79641	45,87601	-12,45177
32620	45,876	-11,79642	47,18674	-12,45178
32640	57,01733	-10,48566	65,53719	-10,48563
32660	66,19258	-9,83025	65,53721	-9,83024
32680	65,5372	-9,17488	65,53721	-9,17488
32700	65,5372	-8,51951	66,19257	-8,51951
32720	65,5372	-7,20878	65,53721	-7,86414
32740	65,5372	-7,86414	65,53721	-8,5195
32760	66,19256	-7,86415	66,19256	-9,17487
32780	66,19256	-8,51952	67,50328	-9,17488
32800	66,84791	-8,51952	67,50328	-9,17487
32820	68,15863	-9,17488	68,15864	-9,17488
32840	68,81399	-8,51952	68,15864	-8,51952
32860	68,81398	-8,51952	68,814	-9,17488
32880	69,46934	-8,51951	69,46936	-8,51951
32900	69,46935	-8,51951	69,46935	-8,5195
32920	69,46934	-7,86414	69,46935	-8,51951
32940	70,1247	-7,86414	70,12471	-7,86414
32960	70,1247	-7,20879	70,1247	-7,86414
32980	70,12469	-7,20879	70,78006	-7,86415
33000	70,12469	-7,20879	70,78005	-7,86414
33020	70,78005	-7,20879	70,78006	-7,86415
33040	70,78005	-7,86416	70,78006	-9,17489
33060	71,43541	-9,83028	60,94953	-14,41786
33080	31,45786	-19,00548	3,93234	-22,93768
33100	-10,48575	-22,28233	-9,175	-20,9716
33120	-7,86427	-20,31624	-8,51963	-20,9716
33140	-7,86427	-19,66088	-7,86426	-19,66088
33160	-7,20891	-19,00553	-7,20889	-19,66089
33180	-6,55354	-19,00552	-6,55353	-19,00552
33200	-6,55354	-19,00553	-6,55353	-19,00552
33220	-6,55354	-18,35017	-6,55354	-19,00553
33240	-5,89818	-18,35018	-5,89817	-19,00554
33260	-6,55354	-18,35018	-5,89818	-19,00553
33280	-5,89818	-18,35018	-5,89817	-19,00554
33300	-5,89818	-18,35019	-5,89817	-19,00555
33320	-5,89818	-19,00555	-5,89817	-19,66091
33340	-5,89818	-19,00556	-5,89817	-19,00556
33360	-5,89818	-19,00556	-5,89817	-20,31628
33380	-57,67162	-19,00557	-5,89818	-19,66092
33400	-5,89818	-19,66093	-5,89817	-19,66093
33420	-5,89819	-19,66093	-5,89818	-19,66094
33440	-5,24282	-19,66094	-5,89817	-20,3163
33460	-5,89818	-20,3163	-5,89817	-20,97166
33480	-5,24282	-20,31631	-5,24282	-21,62703
33500	-5,24283	-20,97168	-4,58746	-21,62704
33520	-4,58747	-22,28241	-3,9321	-22,28242
33540	-3,27676	-22,28242	-3,27675	-22,28242
33560	-2,6214	-22,93778	-2,62139	-22,93779
33580	-1,96604	-22,28243	-2,62139	-22,93779
33600	-1,96603	-22,9378	-1,96603	-23,59316
33620	-1,31067	-23,59316	-1,96602	-24,90388
33640	3,93226	-23,59316	20,97184	-22,93777
33660	38,66689	-20,97166	46,53138	-20,31624
33680	45,87602	-19,66086	44,56528	-19,66086
33700	45,876	-19,66087	45,87601	-20,97158
33720	46,53135	-20,31623	46,53136	-20,97159
33740	46,53135	-20,97159	47,18671	-21,62695
33760	46,53135	-21,62696	47,18672	-21,62696
33780	47,18671	-20,9716	47,18672	-22,28232
33800	47,84207	-20,9716	47,84207	-21,62696
33820	47,84206	-20,9716	48,49743	-21,62696
33840	48,49742	-21,62696	47,84207	-21,62696
33860	48,49742	-21,62697	48,49743	-22,28233
33880	47,84205	-22,28233	38,01156	-24,24843
33900	24,90416	-24,90381	20,97192	-24,24845
33920	21,62729	-23,59309	22,28266	-23,59308
33940	21,62729	-22,93772	21,6273	-23,59308
33960	21,62729	-23,59308	21,6273	-23,59308
33980	21,62729	-23,59308	21,6273	-23,59308
34000	21,62729	-23,59309	21,6273	-23,59309
34020	21,62729	-23,59309	21,6273	-23,59309
34040	21,62728	-23,59309	22,93804	-24,24846
34060	27,52563	-24,24847	28,83638	-24,90383
34080	28,83636	-24,24846	28,18101	-24,90382
34100	28,181	-24,24847	28,18101	-24,90383
34120	28,181	-24,24847	27,52565	-24,90383
34140	28,181	-24,90383	28,18101	-24,90383
34160	28,181	-24,90384	28,18101	-24,90384
34180	28,18099	-24,90384	28,83637	-26,21456
34200	28,83636	-26,21457	29,49173	-26,86994
34220	29,49171	-26,21458	30,14708	-27,52529
34240	30,14707	-26,86995	30,14708	-27,52531
34260	30,80243	-26,86995	30,80244	-27,52531
34280	30,80243	-26,86996	31,4578	-27,52532
34300	31,45778	-26,86996	31,45779	-27,52532
34320	32,11315	-27,52532	32,11316	-28,18068
34340	32,11314	-27,52533	32,11315	-28,18069
34360	32,7685	-28,18069	32,76851	-28,83605
34380	32,7685	-28,18069	33,42387	-28,83605
34400	32,7685	-28,1807	33,42386	-28,83606
34420	33,42386	-28,83607	32,76849	-29,49143
34440	33,42384	-28,83607	37,35606	-28,83606
34460	56,36172	-25,55919	79,29977	-22,93767
34480	91,75168	-21,62689	93,71781	-22,28222
34500	93,06241	-21,62684	93,71777	-22,28221
34520	93,71777	-21,62684	93,71776	-22,93757
34540	94,37312	-22,93759	94,37312	-24,24831
34560	94,37311	-25,55906	93,71775	-28,18054
34580	92,40702	-29,49128	91,75167	-30,80201
34600	89,78559	-30,80201	89,13024	-32,76811
34620	88,47487	-33,4235	87,81952	-33,4235
34640	85,19806	-33,42351	74,05692	-34,73426
34660	70,12474	-33,42354	71,43548	-32,76817
34680	71,43548	-31,45745	71,43548	-31,45743
34700	72,09083	-30,1467	72,7462	-30,1467
34720	72,74619	-29,49134	72,7462	-30,1467
34740	72,74619	-28,83597	72,7462	-28,83596
34760	73,40155	-28,1806	73,40156	-28,1806
34780	73,40155	-27,52523	73,40155	-27,52522
34800	74,05691	-26,2145	74,05691	-26,86985
34820	74,0569	-25,55913	74,71227	-25,55912
34840	75,36762	-24,90376	75,36763	-24,90376
34860	76,02298	-24,2484	76,67835	-24,24839
34880	76,67834	-24,2484	77,3337	-24,2484
34900	77,3337	-24,24841	77,3337	-24,90378
34920	77,33369	-25,55914	77,98906	-26,86988
34940	78,64441	-26,86989	79,29977	-28,836
34960	64,88175	-35,3897	34,07932	-46,531
34980	9,83056	-57,01696	2,9999999995312E-5	-60,29382
35000	1,96613	-58,98309	3,27687	-58,32774
35020	3,27686	-58,32773	3,93223	-58,32774
35040	3,93222	-57,67238	4,58759	-57,67238
35060	4,58758	-57,01702	4,58759	-57,01701
35080	5,24294	-56,36165	5,24296	-56,36165
35100	5,24295	-55,70629	5,89832	-55,70629
35120	6,55366	-55,05093	6,55367	-55,70628
35140	7,20902	-55,05092	7,86439	-55,05092
35160	7,86438	-54,39557	-0,65538	-55,0509
35180	-12,45203	-53,08481	-15,07352	-53,0848
35200	-13,76279	-51,77408	-13,10741	-51,77407
35220	-13,76278	-51,11871	-13,10741	-51,77406
35240	-13,10741	-51,11871	-13,10741	-51,11869
35260	-12,45205	-50,46334	-13,1074	-49,80796
35280	-12,45206	-49,1526	-12,45203	-49,80795
35300	-12,45205	-49,15259	-12,45203	-49,15259
35320	-11,79669	-48,49723	-11,79667	-48,49722
35340	-11,79668	-47,84186	-12,45203	-48,49723
35360	-11,79668	-47,1865	-12,45203	-47,1865
35380	-12,45204	-47,84186	-12,45203	-47,84185
35400	-12,45204	-47,1865	-12,45203	-47,84185
35420	-12,45204	-46,53113	-12,45203	-47,18649
35440	-12,45203	-46,53113	-12,45203	-46,53112
35460	-13,1074	-45,87577	-13,10738	-46,53112
35480	-13,1074	-45,87576	-13,10739	-45,87576
35500	-12,45203	-45,87577	-8,51979	-44,56503
35520	-3,93221	-42,59893	-3,93218	-43,90964
35540	-3,9322	-43,25429	-3,93219	-43,90964
35560	-3,9322	-43,90965	-3,93218	-44,56501
35580	-3,27684	-43,90965	-3,93219	-44,56501
35600	-3,9322	-43,90965	-3,93218	-44,56501
35620	-3,9322	-43,90966	-3,93219	-44,56502
35640	-4,58756	-44,56502	-4,58755	-44,56501
35660	-4,58756	-43,90966	-4,58755	-44,56501
35680	-4,58757	-43,90965	-4,58756	-44,56502
35700	-4,58757	-45,22038	2,62148	-43,90965
35720	13,76277	-42,59891	19,00575	-43,25426
35740	19,00573	-43,90962	19,00573	-44,56498
35760	19,66108	-44,56498	19,66108	-45,22034
35780	19,66107	-45,22034	19,66108	-45,8757
35800	19,66107	-44,56498	19,66108	-45,8757
35820	19,66107	-45,22034	20,31644	-45,8757
35840	20,31643	-45,22034	20,31644	-45,22034
35860	19,66107	-45,22033	20,31644	-45,22033
35880	19,66107	-44,56497	20,31643	-45,22033
35900	20,31643	-44,56498	20,31643	-45,22033
35920	20,31642	-44,56497	20,31643	-44,56497
35940	20,31642	-44,56498	21,62716	-45,22034
35960	29,4916	-43,9096	37,35608	-44,56494
35980	38,01146	-43,90958	37,35609	-43,90957
36000	38,01144	-43,90957	38,01146	-44,56492
36020	38,01145	-43,90957	38,01146	-43,90956
36040	38,01145	-43,2542	38,01145	-43,2542
36060	37,35609	-42,59884	37,3561	-43,2542
36080	37,35608	-41,94347	37,35609	-41,94348
36100	37,35608	-41,28812	36,70073	-41,94347
36120	36,70071	-41,28812	36,70073	-41,28812
36140	36,70071	-41,28812	36,70071	-41,94347
36160	36,7007	-40,63275	36,70071	-41,28812
36180	36,04534	-40,63276	36,70072	-41,28812
36200	36,70071	-40,63276	36,70071	-41,28812
36220	36,04535	-40,63276	36,04535	-41,28811
36240	36,04535	-40,63275	36,04535	-41,28811
36260	36,70071	-40,63276	36,70072	-41,94348
36280	36,04535	-41,28812	36,04536	-41,94348
36300	36,70071	-41,28812	36,04536	-42,59884
36320	35,38999	-42,59884	36,70073	-43,25421
36340	36,04536	-42,59885	35,39001	-43,25421
36360	36,04536	-42,59885	36,04537	-43,2542
36380	36,04536	-41,94349	36,04537	-42,59884
36400	36,04536	-41,94349	35,39001	-42,59884
36420	35,39	-41,94348	35,39	-42,59885
36440	34,73463	-41,28813	34,73464	-41,94349
36460	34,73463	-41,94348	34,73464	-41,94348
36480	35,38999	-42,59886	41,9437	-41,94349
36500	49,80813	-40,63274	52,42964	-40,63272
36520	51,77427	-39,97736	51,11891	-40,63272
36540	52,42963	-40,63272	51,77428	-40,63272
36560	52,42963	-39,97735	52,42964	-40,63271
36580	52,42963	-40,63271	52,42965	-41,28807
36600	52,42964	-41,28807	52,42965	-41,94343
36620	52,42964	-41,94343	52,42964	-41,94343
36640	52,42963	-41,94343	52,42963	-42,59879
36660	52,42963	-41,94343	52,42963	-41,94343
36680	52,42962	-42,5988	53,08498	-43,25416
36700	53,08497	-42,5988	53,08498	-43,25416
36720	53,08496	-42,5988	53,74033	-43,25417
36740	53,74033	-43,25417	53,08498	-43,90954
36760	53,74033	-43,25418	53,74034	-43,90954
36780	54,39569	-43,90954	54,3957	-44,5649
36800	54,39569	-43,90954	54,3957	-44,56382
36820	54,39569	-43,90955	54,39569	-43,90954
36840	54,39568	-43,90955	55,05106	-44,56491
36860	55,05105	-44,56492	55,05106	-45,87565
36880	55,05105	-46,53104	41,94368	-52,42934
36900	14,41812	-57,01694	-9,17517	-60,29377
36920	-14,41811	-58,32769	-12,45199	-57,67233
36940	-11,79664	-57,67234	-11,79663	-58,3277
36960	-11,14128	-57,67235	-11,14126	-58,32771
36980	-11,14127	-57,67235	-10,4859	-57,67234
37000	-10,48591	-57,67235	-10,48589	-57,67235
37020	-9,83054	-57,67235	-9,83053	-57,67235
37040	-9,83054	-57,67236	-9,83053	-57,67234
37060	-9,83054	-56,36163	-9,83053	-56,36162
37080	-9,83054	-55,70626	-9,17517	-55,70626
37100	-9,17518	-55,0509	-9,17517	-55,70626
37120	-9,17518	-55,0509	-9,17516	-55,70626
37140	-9,17517	-55,05091	-9,17516	-55,70626
37160	-9,17518	-55,70627	-9,17517	-55,70627
37180	-8,51982	-55,70627	-8,51981	-55,70627
37200	-7,86445	-55,70628	-7,20909	-56,36164
37220	-7,2091	-55,70629	-7,2091	-56,36165
37240	-6,55375	-55,7063	-6,55374	-56,3603
37260	-6,55375	-55,7063	-5,89839	-56,36167
37280	-5,8984	-55,70631	-5,89838	-57,01703
37300	-5,24303	-57,01704	-5,24302	-57,6724
37320	-5,24303	-57,01704	-5,24302	-58,32777
37340	-5,24303	-57,67241	-5,24302	-58,98313
37360	-4,58767	-58,32778	-4,58766	-58,98314
37380	-4,58768	-58,32779	-4,58767	-58,98315
37400	-3,93232	-58,98316	-3,93231	-59,63852
37420	-3,93232	-59,63853	-3,93231	-60,29389
37440	-3,27696	-59,63854	-3,27695	-60,2939
37460	-3,27696	-60,2939	-3,27695	-60,94926
37480	-3,27696	-60,29391	-3,27695	-60,94926
37500	-2,6216	-60,94928	-2,62159	-61,60463
37520	-2,6216	-60,94927	-2,62159	-61,60464
37540	-2,6216	-60,94928	-2,62159	-61,60464
37560	-1,96624	-60,94928	-1,96623	-61,60464
37580	-2,62159	-60,94928	-1,96623	-62,26001
37600	-2,62159	-61,60465	-1,96622	-61,60464
37620	-2,62158	-61,60464	-2,62158	-61,60464
37640	-2,62158	-61,60464	-2,62157	-62,26
37660	-2,62158	-61,60464	-2,62158	-61,60464
37680	-2,62159	-61,60465	-3,27694	-62,26
37700	-3,27695	-61,60464	-2,62158	-62,26
37720	-3,27695	-61,60464	-3,27694	-62,26
37740	-3,27695	-61,60465	-3,27694	-62,26
37760	-3,27694	-62,26001	0,65528	-61,60463
37780	10,48582	-58,98317	15,72881	-60,29388
37800	15,07344	-59,63852	14,41808	-60,29387
37820	15,07343	-59,63851	14,41808	-59,63851
37840	14,41807	-58,98315	14,41808	-59,63851
37860	14,41807	-59,63851	13,76272	-59,6385
37880	14,41807	-58,98314	13,76272	-60,29386
37900	14,41807	-59,6385	14,41808	-60,29387
37920	15,07343	-60,29387	14,41808	-60,94923
37940	15,07343	-60,94923	15,7288	-61,6046
37960	15,72879	-60,94924	15,7288	-61,6046
37980	15,72879	-60,94924	15,7288	-61,60459
38000	16,38416	-60,94924	16,38417	-61,60459
38020	16,38415	-60,94923	16,38416	-61,60459
38040	16,38415	-61,6046	16,38417	-62,25996
38060	21,62709	-60,94923	34,7345	-59,63848
38080	43,90972	-59,63845	43,90976	-59,63844
38100	43,25436	-59,63843	43,90973	-60,29379
38120	43,25437	-59,63843	43,25437	-60,29379
38140	43,25436	-59,63843	43,25437	-60,94915
38160	43,25436	-60,29379	43,90974	-60,94915
38180	43,90973	-60,29379	43,90974	-60,94915
38200	43,90973	-60,29379	43,90974	-60,29379
38220	43,90972	-60,29379	43,90973	-60,29378
38240	43,90972	-60,29379	43,90973	-60,94915
38260	43,90972	-59,63843	43,90972	-60,94915
38280	44,56507	-60,29379	44,56509	-60,94915
38300	44,56508	-60,29379	44,56509	-60,94915
38320	44,56508	-60,2938	45,22045	-60,94916
38340	44,56509	-60,94916	44,5651	-60,94916
38360	44,5651	-60,94916	44,5651	-60,94916
38380	44,5651	-60,94916	44,5651	-61,60452
38400	45,87583	-60,94917	56,36175	-58,98305
38420	70,77997	-57,01692	76,67835	-57,01688
38440	76,023	-56,36151	76,02298	-57,67223
38460	76,02298	-57,01687	76,02299	-57,67223
38480	76,02298	-57,67224	76,02298	-57,67224
38500	76,02297	-57,67224	76,02298	-57,67223
38520	76,02297	-57,01688	76,02298	-57,67224
38540	76,02297	-57,01688	76,02298	-58,3276
38560	76,02297	-57,67224	75,36761	-58,3276
38580	76,02296	-57,67224	76,02297	-58,3276
38600	76,02296	-57,67224	75,36761	-58,98296
38620	75,3676	-58,3276	76,02297	-58,98296
38640	75,3676	-58,3276	75,36761	-58,98297
38660	76,02296	-59,63833	76,02297	-59,63833
38680	76,67831	-59,63833	77,33368	-60,29369
38700	77,33368	-59,63834	77,33369	-60,2937
38720	77,33368	-60,2937	77,98904	-60,94906
38740	77,98903	-60,2937	77,98904	-60,2937
38760	78,64439	-60,2937	78,6444	-60,94906
38780	85,19798	-58,32759	91,09624	-58,98292
38800	92,40696	-58,32755	91,7516	-58,9829
38820	91,75159	-58,32754	91,7516	-58,9829
38840	91,75159	-58,32754	91,75159	-58,98291
38860	91,75158	-58,9829	91,75159	-59,63826
38880	91,75158	-58,98291	92,40695	-59,63827
38900	91,75159	-58,98291	91,75159	-59,63827
38920	91,75158	-58,98291	91,75159	-59,63827
38940	91,75158	-59,63828	91,75159	-59,63828
38960	91,75159	-59,63828	91,7516	-60,29364
38980	91,75158	-58,98292	91,75159	-59,63827
39000	92,40694	-58,98292	91,75159	-58,98291
39020	92,40694	-58,98291	92,40695	-58,98291
39040	92,40694	-58,32755	91,75159	-58,9829
39060	92,40694	-57,67218	91,75159	-58,32754
39080	91,75158	-58,32755	91,75159	-58,32755
39100	91,75158	-58,32755	91,75159	-58,98292
39120	91,75158	-58,98293	92,40695	-60,29366
39140	91,75158	-59,63831	92,40694	-60,94903
39160	92,40693	-60,29368	92,40694	-60,94904
39180	92,40693	-60,29368	91,75158	-60,94904
39200	92,40693	-60,94904	92,40694	-61,6044
39220	91,75156	-61,60441	94,37302	-61,6044
39240	103,54812	-59,63827	112,72328	-59,63822
39260	115,34482	-58,98284	114,68946	-59,63819
39280	114,68943	-58,32746	114,03409	-58,98282
39300	114,03408	-58,32746	114,03409	-58,32745
39320	114,03408	-58,32745	114,03409	-58,32744
39340	114,03407	-57,67208	114,03409	-58,32743
39360	113,37871	-57,67208	113,37872	-57,01671
39380	114,03407	-57,01671	113,37872	-57,0167
39400	112,72335	-56,36134	113,37872	-57,0167
39420	113,37871	-56,36134	113,37871	-57,67206
39440	114,03407	-57,0167	114,03407	-57,0167
39460	114,68943	-57,0167	114,68944	-57,67205
39480	115,3448	-57,01669	115,34481	-57,01668
39500	115,3448	-57,01668	115,34481	-56,36131
39520	116,00016	-55,70594	115,34482	-55,70594
39540	116,00017	-55,05057	115,34482	-55,05057
39560	116,00018	-54,39521	115,34483	-55,05055
39580	116,00018	-54,3952	115,34483	-54,39519
39600	116,00019	-53,73982	115,34484	-53,73982
39620	111,41262	-51,77373	108,13577	-50,463
39640	108,13576	-49,80764	108,79114	-50,46299
39660	108,79113	-49,80764	108,79114	-51,11836
39680	108,79112	-50,46301	108,79113	-51,11836
39700	108,79113	-50,46301	108,79113	-51,11837
39720	109,44649	-50,46301	109,4465	-51,11836
39740	108,79113	-50,46301	109,4465	-51,77373
39760	109,44648	-51,11837	109,44649	-51,11837
39780	109,44648	-51,11837	109,44649	-51,11837
39800	108,79112	-50,46301	109,4465	-51,11837
39820	109,44648	-50,46301	108,79113	-51,11837
39840	108,79112	-50,46301	108,79113	-50,463
39860	108,79112	-50,463	108,79113	-50,463
39880	108,79112	-49,80764	108,13577	-49,80763
39900	108,79112	-49,15228	108,79112	-49,80763
39920	108,13576	-48,49692	108,79112	-49,80764
39940	108,13575	-49,15228	108,13576	-49,15228
39960	108,13575	-48,49692	107,4804	-49,15228
39980	108,13575	-48,49692	108,13576	-49,15228
