T	LX	LY	RX	RY
0	0	0	0	0
20	0,65535999999999	-0,65537	-0,65535999999999	-1,0000000003174E-5
40	0	-0,65538	0	-1,0000000003174E-5
60	0,65535	-0,65538	0	-0,65538
80	0,65535999999999	-1,31074	-9,9999999960687E-6	-1,0000000003174E-5
100	0,65535	-0,65538	-0,65537	-1,9999999999243E-5
120	-1,0000000003174E-5	-0,65538	0	-1,9999999999243E-5
140	0,65535999999999	-1,31075	0	-0,65539
160	1,31072	-1,31075	-9,9999999960687E-6	-1,9999999999243E-5
180	0,65535	-1,31076	0,65536	-0,65539
200	1,31072	-1,96613	1,31071	-1,96612
220	1,31072	-2,62148	1,31072	-1,31075
240	1,96608	-1,96612	1,31072	-1,96612
260	1,96608	-1,96612	1,31073	-1,31075
280	1,31073	-1,96612	0,65537	-0,65539
300	1,31074	-1,31075	0,65538	-1,9999999999243E-5
320	1,31074	-1,31074	0,65538	-1,0000000003174E-5
340	0,65537999999999	-0,65537	1,9999999999243E-5	0,65535
360	0,65537999999999	-1,9999999999243E-5	3,0000000002417E-5	-1,0000000003174E-5
380	0,65539	-0,65537	0,65539	0,65536
400	0,6554	-9,9999999960687E-6	4,0000000005591E-5	0,65536
420	0,6554	0	4,0000000005591E-5	1,31073
440	0,6554	0	4,0000000005591E-5	1,31073
460	0,65541	0,65536	4,0000000005591E-5	1,31073
480	0,6554	0,65536	4,0000000005591E-5	1,31073
500	4,9999999994554E-5	1,0000000003174E-5	1,31082	1,31075
520	5,24308	0,65538	2,62162	1,96612
540	1,31089	3,27687	0,65554	4,5876
560	1,3109	3,93223	1,3109	3,93224
580	1,96626	3,27687	1,3109	3,93223
600	1,3109	3,27687	1,3109	3,93223
620	1,96627	2,6215	1,31091	3,93223
640	1,96626	2,6215	1,3109	3,93224
660	1,96627	3,27687	1,3109	3,93223
680	1,3109	3,27687	0,00017000000000422	5,24298
700	-1,31056	6,55371	-1,96591	7,86444
720	-1,31054	7,20908	-2,62127	7,86446
740	-1,31055	7,20908	-1,96591	7,20908
760	-1,31055	6,55371	-1,96592	6,55372
780	-0,6552	5,89834	-1,31056	6,55372
800	-1,31056	6,55371	-1,96593	6,55372
820	7,20925	3,93223	18,35051	4,58758
840	18,35054	5,24296	15,07372	6,5537
860	15,72909	5,89834	15,72908	7,20906
880	16,38444	5,89833	16,38443	6,55369
900	17,03979	5,89832	16,38443	6,55369
920	17,03979	5,89832	16,38443	6,55369
940	17,03979	5,89832	16,38443	7,20904
960	17,69514	5,89831	16,38442	6,55368
980	17,69515	5,89831	17,03978	6,55368
1000	17,03978	5,89831	16,38442	6,55368
1020	17,03978	5,89832	16,38442	6,55369
1040	17,03979	5,89832	16,38443	7,20905
1060	17,03979	6,55368	16,38443	7,20906
1080	17,03979	6,55369	17,03978	7,20905
1100	30,80244	7,20906	51,11878	9,17517
1120	58,32782	8,5198	54,39566	10,48592
1140	54,39566	10,48592	54,39566	11,1413
1160	54,39566	9,83056	54,39566	10,48592
1180	54,39566	9,83055	53,74029	10,48591
1200	54,39565	9,83055	54,39564	10,48591
1220	54,39565	9,17518	54,39565	9,83054
1240	55,05101	9,17517	54,39565	9,83054
1260	55,05101	9,17517	54,39565	9,83053
1280	55,05101	8,5198	54,39564	9,17517
1300	55,051	8,51981	53,74028	9,17518
1320	54,39564	9,17518	53,08491	9,83055
1340	53,08492	9,17519	52,42955	9,83055
1360	60,9493	9,17519	77,9889	11,1413
1380	87,16409	11,79668	84,54265	12,45206
1400	83,23192	11,7967	83,88729	13,10743
1420	84,54264	12,45206	83,88727	13,10742
1440	84,54262	11,79669	83,88726	12,45205
1460	83,88725	12,45205	83,23188	12,45205
1480	84,5426	11,79668	83,23188	12,45204
1500	83,88724	11,79667	83,88723	12,45203
1520	85,19794	11,1413	83,88722	11,1413
1540	85,19794	10,48593	84,54258	11,14129
1560	85,19794	9,83056	85,19794	10,48593
1580	85,19794	9,83056	85,19794	10,48593
1600	85,19794	10,48593	84,54258	11,79666
1620	85,19794	11,14129	84,54258	12,45203
1640	85,19794	11,79666	83,88722	12,45203
1660	88,47478	11,14129	98,96069	11,79666
1680	106,82513	11,1413	105,51441	12,45204
1700	104,20368	11,79668	104,20368	12,45204
1720	105,5144	11,79667	104,20368	12,45204
1740	105,51439	11,1413	104,85902	11,1413
1760	105,51438	10,48592	104,85902	11,14129
1780	104,85902	9,83056	104,85901	11,14128
1800	105,51437	10,48591	104,85901	11,14128
1820	105,51438	10,48592	104,85901	11,14128
1840	105,51437	11,14127	105,51437	11,14127
1860	106,16974	10,4859	105,51437	11,79663
1880	106,16973	11,14126	105,51437	11,79663
1900	106,82509	10,4859	105,51437	11,14126
1920	106,82509	10,48589	106,16973	10,4859
1940	106,82509	9,83052	106,16973	10,4859
1960	106,82509	9,83052	107,48047	11,14126
1980	110,75733	10,4859	109,4466	11,79664
2000	108,79124	11,79664	108,79124	13,10738
2020	108,79125	12,45201	108,13588	13,10738
2040	108,79125	12,452	107,48052	13,10737
2060	108,79124	11,79663	108,13588	12,45199
2080	109,4466	11,14126	108,79124	11,79663
2100	109,44659	10,4859	108,79123	11,79663
2120	108,79123	11,14126	108,13586	12,452
2140	108,79123	11,79663	107,4805	12,45201
2160	107,48051	12,45199	107,4805	13,10736
2180	108,13587	11,79663	107,4805	12,45199
2200	108,13587	11,14126	108,13587	11,14127
2220	107,48051	9,83053	107,4805	10,4859
2240	114,03416	9,17517	133,69521	9,83054
2260	142,87043	9,83051	138,93826	12,45201
2280	137,62753	12,45202	137,62753	13,76275
2300	138,93825	13,10737	137,62752	13,76273
2320	138,93824	13,10736	138,28287	13,10735
2340	138,93822	12,45198	138,93822	12,45198
2360	139,59358	11,14125	139,59358	11,7966
2380	140,24894	11,14124	139,59358	12,45197
2400	140,24893	11,14123	139,59357	12,45196
2420	139,59357	11,7966	138,93821	12,45196
2440	139,59357	11,79659	138,93821	12,45195
2460	140,24893	15,07343	139,59361	16,38418
2480	140,24897	15,7288	140,24896	16,38417
2500	140,90432	15,07344	140,24896	15,7288
2520	140,90432	14,41806	140,90431	14,41806
2540	141,55967	13,76268	140,9043	13,76268
2560	142,21503	12,45195	141,55966	13,76267
2580	142,21502	12,45194	140,90429	12,45194
2600	142,21501	11,79656	141,55964	11,79657
2620	123,86473	5,24292	81,26582	0,65537
2640	32,76867	-2,62144	-5,89781	0,65544
2660	-7,20853	2,62154	-4,58706	5,24299
2680	-3,27636	5,24299	-3,93174	6,5537
2700	-2,62103	6,55369	-3,27639	8,51978
2720	-2,62104	9,17514	-3,2764	11,79659
2740	-2,62104	12,45195	-3,93177	14,41803
2760	-3,27641	15,0734	-3,93178	17,03949
2780	-3,27642	16,38413	-3,93178	18,35022
2800	-4,58714	19,00558	-8,51933	20,31634
2820	-9,1747	20,31634	-10,48542	23,59317
2840	-9,83006	24,90392	-11,79614	26,21466
2860	-11,79614	26,21466	-11,79614	26,87002
2880	-11,14078	26,21465	-11,79614	26,87002
2900	-10,48542	25,55928	-11,14078	26,21465
2920	-10,48541	25,55928	-6,55321	25,55929
2940	9,17561	24,90392	15,07392	25,55928
2960	13,10782	24,90392	12,45246	25,5593
2980	13,76318	24,90393	13,10781	26,21465
3000	13,10781	25,55928	12,45244	25,55928
3020	13,1078	24,24855	12,45243	24,9039
3040	13,10779	23,59317	13,10779	23,59317
3060	13,76315	22,9378	13,10778	23,59317
3080	13,76315	22,9378	13,10778	22,9378
3100	13,76315	22,28244	2,62196	22,28246
3120	-11,79617	20,97175	-17,69451	22,28249
3140	-15,72836	23,59323	-15,07297	24,90397
3160	-14,41763	24,90397	-15,073	25,55933
3180	-13,76228	24,2486	-13,76228	24,24859
3200	-13,10692	23,59322	-13,10692	23,59323
3220	-11,7962	22,93785	-12,45157	22,93785
3240	-11,14086	22,28247	-11,79622	22,28248
3260	-10,4855	20,97174	-11,14086	21,62711
3280	-10,4855	21,6271	-11,14087	21,6271
3300	-10,48551	20,97173	-10,48551	21,6271
3320	-10,48551	20,31637	-10,48552	20,97173
3340	-9,83015	20,31636	-10,48552	21,62709
3360	-9,83016	20,31636	-10,48552	20,97173
3380	-9,83016	20,31636	-10,48552	20,31705
3400	-9,83016	19,00563	-9,1748	19,00563
3420	-7,20869	17,69491	28,18107	20,97179
3440	85,85339	20,3164	122,55414	17,69484
3460	132,3848	24,24854	123,86511	30,8023
3480	121,89899	31,45766	123,86506	31,45766
3500	125,17576	30,80227	125,17574	30,1469
3520	126,48644	28,83615	126,48642	28,18078
3540	127,79713	26,87004	127,79712	26,87003
3560	129,10782	26,21466	129,10781	26,21466
3580	129,76316	24,90392	129,76316	24,90392
3600	131,07387	24,24854	130,4185	24,24853
3620	131,07386	22,9378	131,07385	23,59316
3640	132,38457	22,28243	131,7292	22,28243
3660	132,38456	21,62707	132,38456	21,62707
3680	133,03992	20,9717	132,38456	21,62707
3700	133,03991	22,28244	132,38455	22,93782
3720	130,41845	22,28247	104,20378	20,97177
3740	60,94951	17,69496	8,52028	20,97183
3760	-17,03895	28,83626	-19,66035	36,70069
3780	-17,03889	39,32215	-17,69428	40,63289
3800	-16,38359	39,97751	-15,72825	39,32215
3820	-15,07289	38,66677	-14,41756	38,66677
3840	-13,7622	38,0114	-13,76222	38,0114
3860	-13,10687	37,35603	-13,76223	38,01139
3880	-13,10688	37,35602	-13,10689	38,66675
3900	-12,45153	36,70066	-13,1069	37,35602
3920	-11,79618	36,04529	-12,45154	36,70065
3940	-11,14082	35,38992	-11,79618	36,04528
3960	-11,14083	34,73454	-11,14083	35,38991
3980	-10,48547	34,73455	-11,14084	34,73455
4000	-10,48548	34,73455	-14,4177	37,35604
4020	-16,38381	37,35606	-16,38378	38,66679
4040	-15,72842	38,6668	-16,38379	38,66681
4060	-15,72843	38,01144	-15,72843	38,01144
4080	-15,07307	36,7007	-15,72844	36,70071
4100	-14,41772	35,38997	-15,07308	36,04533
4120	-14,41772	34,7346	-15,07308	35,38997
4140	-13,76236	34,7346	-15,07309	34,73461
4160	-13,76236	34,07923	-14,41773	34,07924
4180	-13,76237	33,42387	-9,83011	32,11314
4200	11,14164	31,45776	15,07386	32,7685
4220	10,48632	32,76852	9,83096	33,42389
4240	11,79704	32,76852	11,14167	32,76853
4260	11,79702	32,11315	11,79701	32,11314
4280	13,10773	30,8024	12,45237	30,80241
4300	13,10773	30,14703	13,10772	30,14703
4320	13,76307	29,49167	13,1077	29,49167
4340	14,41841	28,18094	13,76305	29,49167
4360	13,76304	28,8363	13,76304	28,83631
4380	36,04542	26,87021	55,05106	26,87019
4400	59,63865	28,18094	55,05112	30,14704
4420	55,70648	29,49168	56,36184	29,49168
4440	57,01719	28,8363	56,36182	29,49166
4460	58,3279	27,52556	57,67254	27,52557
4480	58,3279	26,21483	57,67253	26,8702
4500	58,32789	25,55947	57,67252	26,8702
4520	58,32788	25,55947	57,01715	26,21484
4540	57,67252	25,55946	57,01715	26,21483
4560	58,32787	24,9041	57,01715	25,55947
4580	58,32787	24,90409	57,6725	25,55946
4600	66,19228	25,55948	74,71211	27,52558
4620	75,36749	26,21486	72,74602	26,87023
4640	73,40138	27,52559	73,40138	27,5256
4660	73,40138	26,87022	72,74601	27,52559
4680	73,40137	26,87022	72,746	27,52559
4700	73,40137	27,52559	73,40136	27,52559
4720	74,05672	26,87022	74,05672	26,87023
4740	74,71208	26,21485	74,71208	26,87022
4760	75,36744	26,21485	74,05672	26,21485
4780	75,36743	26,21484	74,71207	26,87021
4800	75,36743	25,55948	75,36743	26,21485
4820	76,02534	24,90411	75,36743	24,90412
4840	76,02278	24,24875	75,36742	24,24876
4860	76,02278	23,59338	75,36742	24,90411
4880	76,67814	23,59338	76,02278	24,24875
4900	77,3335	23,59337	76,02278	23,59337
4920	77,3335	22,938	76,67813	23,59336
4940	77,3335	22,938	76,67814	23,59336
4960	76,67813	22,28263	76,67812	22,28263
4980	88,47473	21,62727	104,85897	21,62727
5000	110,75732	22,938	106,82516	25,55948
5020	106,1698	25,55948	106,82516	26,21485
5040	107,4805	24,9041	106,82514	25,55946
5060	107,4805	24,24872	108,13585	24,90408
5080	108,79121	23,59334	108,79121	23,59334
5100	108,7912	22,2826	108,7912	22,93797
5120	110,10191	21,62723	110,10191	22,28259
5140	110,1019	21,62722	109,44654	22,28259
5160	110,1019	22,28258	109,44653	22,28259
5180	110,10189	20,97185	117,31093	19,66111
5200	131,72904	19,00573	134,35055	20,31648
5220	132,38446	19,66112	131,72909	20,31648
5240	133,69517	19,00574	133,0398	19,00574
5260	133,69516	17,695	132,38443	17,695
5280	133,69514	17,03962	133,69514	17,69498
5300	134,3505	17,0396	133,03977	17,69497
5320	133,69513	17,0396	133,03976	17,69495
5340	134,35048	16,38422	133,69512	17,03958
5360	133,69513	15,72885	133,03976	16,38421
5380	134,35048	15,07348	133,69512	15,72883
5400	134,35047	15,07347	133,69511	15,07347
5420	133,69511	14,41809	133,03974	14,41809
5440	133,6951	13,10735	133,03974	13,76272
5460	133,03974	13,10734	133,03973	13,10733
5480	134,35046	12,45196	133,6951	11,7966
5500	134,35046	10,48585	127,14144	8,51976
5520	115,34481	5,24291	112,06797	7,20903
5540	114,68946	7,20904	114,0341	7,86441
5560	114,68945	7,20903	114,68944	7,86439
5580	115,3448	7,20902	114,68943	7,20902
5600	115,3448	6,55364	114,68943	7,209
5620	114,68943	5,89827	114,68943	6,55363
5640	116,00015	5,89825	115,34479	6,55363
5660	116,00015	5,89825	115,34479	6,55362
5680	116,00015	5,89824	116,00015	5,89825
5700	116,65551	5,89824	116,00015	5,89823
5720	116,00015	4,5875	120,58771	4,5875
5740	134,35046	3,93213	138,28271	6,55362
5760	135,00589	6,55363	134,35052	7,20899
5780	135,66125	5,89825	135,66124	6,55361
5800	136,3166	5,89824	135,66123	6,55359
5820	136,97195	5,89822	136,31659	5,89821
5840	136,31659	5,24284	136,97195	5,8982
5860	137,6273	4,58747	136,97193	4,58747
5880	123,20924	-0,65544	87,164	-8,51983
5900	46,53122	-12,45202	15,07372	-8,51978
5920	9,83083	-3,27682	11,14157	1,9999999999243E-5
5940	12,45483	0,65538	11,7969	2,62147
5960	13,76298	1,9661	13,10761	2,62145
5980	15,07368	1,96607	14,41832	2,62144
6000	15,72904	1,3107	16,38439	1,96606
6020	17,69511	1,31069	14,41829	3,93215
6040	7,86467	7,8644	1,96642	9,8305
6060	3,27714	9,83049	3,27713	11,14124
6080	3,9325	10,48586	3,27713	10,48586
6100	3,93248	9,17512	-60,94816	9,83048
6120	3,93248	9,1751	3,27712	9,83047
6140	3,93248	8,51973	3,27712	9,83046
6160	3,93247	8,51973	3,27711	9,83046
6180	1,96639	8,51973	-6,55337	9,1751
6200	-8,51948	9,1751	-8,51946	10,48584
6220	-7,20874	10,48584	-8,51947	10,48584
6240	-7,20875	10,48583	-7,86412	10,48583
6260	-7,20876	9,17509	-7,20876	9,83045
6280	-6,5534	8,51972	-7,20876	9,17508
6300	-5,89804	7,86435	-6,5534	8,51971
6320	-5,24268	8,51969	-5,89804	8,5197
6340	-5,24268	7,86433	-5,24268	8,51969
6360	-4,58732	7,20896	-5,24269	7,86433
6380	3,93243	6,55359	47,18654	5,89821
6400	71,4352	6,55352	73,40138	9,17503
6420	69,4692	9,8304	68,81382	11,14114
6440	70,77991	11,14112	70,12453	11,79649
6460	70,77988	11,1411	69,46915	11,79647
6480	70,77987	11,14109	70,1245	11,14109
6500	70,77986	11,14108	70,1245	12,45181
6520	70,77985	11,14108	69,46913	11,79644
6540	70,12449	11,14107	69,46912	11,79643
6560	70,12448	11,79642	69,46911	11,79643
6580	69,46912	11,14106	64,88156	13,10717
6600	61,60472	12,45182	60,94936	13,10718
6620	61,60473	12,45183	60,94937	13,1072
6640	61,60473	12,45181	61,60473	12,45181
6660	62,26009	11,14108	61,60473	10,48571
6680	62,26009	9,83034	62,26009	9,83034
6700	62,91545	9,17497	62,26009	9,17497
6720	62,91544	8,5196	62,26009	9,17497
6740	62,91545	8,5196	63,57081	8,51961
6760	76,02281	7,86425	90,44096	9,17498
6780	93,06246	9,17497	89,13027	9,83035
6800	90,44099	9,17499	90,44099	9,83035
6820	91,09635	9,17497	90,44098	9,83034
6840	91,7517	7,86425	90,44097	8,51961
6860	91,09634	7,86424	90,44097	8,51961
6880	91,09633	8,5196	89,7856	9,17496
6900	90,44097	8,51959	90,44096	9,17495
6920	91,09632	8,51958	89,78561	8,51959
6940	91,09633	7,86421	91,09633	8,51958
6960	91,7517	7,86421	91,09634	7,20885
6980	93,71781	3,932	93,71782	5,8981
7000	93,71781	6,55348	93,06245	7,20885
7020	93,71782	5,89812	93,06246	6,55347
7040	94,37318	5,24274	93,71782	5,24274
7060	94,37318	4,58736	93,71782	4,58736
7080	94,37317	3,93199	94,37318	3,93198
7100	95,02854	3,27661	94,37318	3,27661
7120	97,65	1,3105	114,0342	2,62122
7140	131,72916	3,93197	135,66143	5,89807
7160	133,69534	3,93198	133,03997	4,58736
7180	134,35069	3,93198	133,69532	4,58734
7200	134,35067	3,2766	134,35066	3,93196
7220	135,00603	2,62121	134,35066	2,62122
7240	135,00602	1,96584	134,35066	1,96584
7260	135,00602	0,65509	135,006	0,65508
7280	136,31672	-0,00028999999999968	135,66135	0,65508
7300	135,66136	-0,00028999999999968	134,35062	1,31045
7320	135,66135	0,65508000000001	135,00599	1,96582
7340	135,66135	1,31045	135,66134	1,96581
7360	135,00599	0,65508000000001	135,66135	1,31045
7380	136,31671	-0,00028999999999968	136,97208	0,65508
7400	142,87042	0,65508000000001	144,18117	1,31046
7420	144,18116	0,65511	143,52579	1,96583
7440	144,18116	1,31046	143,52579	1,31045
7460	144,18115	0,65508000000001	144,18114	1,31045
7480	144,83649	0,65507	143,52577	1,31044
7500	144,18113	1,31043	144,18116	1,31043
7520	144,83649	0,65506	144,18112	0,65506
7540	145,49184	-0,00030999999999892	143,52574	-0,65567
7560	125,17545	-5,89858	85,85338	-10,48612
7580	43,91241	-13,76289	1,96653	-13,10751
7600	-8,51929	-11,79677	-5,24246	-9,17531
7620	-3,2764	-9,17531	-3,93178	-7,8646
7640	-1,96572	-8,51998	-1,96573	-7,86461
7660	-1,31037	-8,51999	-1,31038	-8,52
7680	0,00032999999999817	-9,17538	-0,65504	-7,86465
7700	0,00031999999999499	-8,52003	0,00030999999999892	-7,86467
7720	1,31103	-8,52004	0,65566	-7,2093
7740	-0,65505	-3,93245	-2,62112	-1,96635
7760	-1,96576	-2,62172	-1,96698	-1,31098
7780	-1,96577	-1,31098	-1,96577	-0,65562
7800	-1,31041	-2,62172	-1,96578	-1,96636
7820	-0,65506000000001	-2,62174	-1,31042	-2,62173
7840	-0,65506000000001	-3,2771	-0,65506999999999	-2,62174
7860	0,00029999999999575	-3,27712	-0,65506	-2,62175
7880	0,00029999999999575	-3,93249	-0,65506	-3,27712
7900	0,00029999999999575	-3,27713	-0,65506999999999	-2,62176
7920	0,00029999999999575	-3,27713	0,00030000000000285	-3,27713
7940	-1,31043	-3,9325	-4,58726	-4,58786
7960	-3,27653	-4,58787	-3,27652	-3,27712
7980	-3,27653	-4,58786	-3,27653	-3,93249
8000	-2,62117	-4,58787	-3,27654	-4,58786
8020	-2,62117	-5,24324	-3,27654	-5,24325
8040	-1,96582	-6,55398	-2,62118	-5,89862
8060	-1,96582	-6,55399	-1,96583	-6,55399
8080	-1,31047	-7,86473	-1,96584	-7,20936
8100	-1,31049	-7,86473	-1,96585	-7,20936
8120	-1,31049	-7,86473	-1,96586	-7,86473
8140	-1,3105	-8,5201	-1,96586	-8,52009
8160	-1,3105	-9,17547	-1,31051	-8,52011
8180	-0,65515000000001	-9,83084	-1,31051	-9,83084
8200	-0,65515000000001	-11,14158	-0,65515	-11,79694
8220	12,45214	-13,10768	39,9775	-13,76306
8240	50,46339	-13,10771	46,53121	-11,79696
8260	45,87584	-11,79696	45,87583	-11,79696
8280	47,18655	-12,45233	45,87582	-11,79697
8300	46,53118	-12,45235	46,53117	-12,45235
8320	47,18653	-13,10772	46,53117	-13,10772
8340	47,18653	-13,76309	47,18653	-13,76309
8360	47,84188	-15,07383	47,84188	-14,41847
8380	48,49724	-15,7292	48,49724	-15,07384
8400	49,15261	-16,38456	47,84188	-15,7292
8420	48,49724	-15,72921	51,77406	-15,07384
8440	63,57069	-14,41848	68,81366	-13,76311
8460	68,1583	-14,41847	66,84757	-13,7631
8480	68,1583	-14,41848	67,50293	-15,07383
8500	68,81365	-15,72921	68,15828	-15,72921
8520	68,81365	-17,03995	68,15829	-16,38458
8540	68,81364	-17,03996	68,15828	-16,38459
8560	68,81364	-17,03996	68,15828	-16,38459
8580	70,12437	-17,03996	81,26564	-16,38461
8600	90,44082	-18,35072	87,81938	-16,38462
8620	87,16401	-17,03997	87,16402	-15,72923
8640	87,81938	-17,03997	87,81937	-16,38461
8660	88,47474	-17,69534	87,81938	-16,38461
8680	89,1301	-17,69534	88,47474	-17,69534
8700	89,13009	-18,35072	89,1301	-17,69535
8720	89,1301	-18,35072	93,71767	-18,35072
8740	104,85893	-17,69536	107,48044	-17,03999
8760	106,16972	-18,35071	105,51435	-17,69533
8780	106,82508	-18,35071	105,51435	-17,69534
8800	106,82507	-19,00608	106,16971	-18,35071
8820	106,16971	-19,00609	105,51435	-18,35072
8840	106,82506	-18,35073	105,51434	-18,35073
8860	106,1697	-19,66146	105,51434	-19,0061
8880	105,51434	-19,66147	105,51434	-19,00611
8900	106,1697	-19,66147	104,85897	-19,00611
8920	105,51433	-19,66146	104,2036	-18,35074
8940	112,06801	-19,00611	125,17541	-16,38463
8960	131,72914	-15,72926	129,1077	-15,07388
8980	128,45233	-15,72924	129,10769	-15,07387
9000	129,76305	-16,38461	129,10769	-16,38461
9020	129,76305	-17,69535	129,76304	-17,69536
9040	130,4184	-19,00609	129,76304	-18,35073
9060	131,07376	-19,0061	130,4184	-18,35073
9080	130,4184	-20,97222	131,07374	-22,28298
9100	131,72911	-22,93835	131,07374	-22,28298
9120	131,72911	-22,93835	130,41839	-22,28298
9140	131,07375	-22,93834	131,07375	-22,28298
9160	131,72911	-22,93836	131,72911	-22,28299
9180	131,07375	-22,93836	131,07375	-22,28298
9200	131,07375	-23,59371	131,07374	-22,28298
9220	131,7291	-23,59371	130,41838	-22,93834
9240	140,90426	-24,24908	148,76872	-22,283
9260	150,07947	-21,62761	146,80266	-19,66151
9280	147,45802	-20,31688	146,80265	-19,00615
9300	147,45801	-19,66152	146,80264	-19,00616
9320	147,458	-19,66154	147,45799	-19,66154
9340	148,11335	-20,31691	147,45799	-20,31691
9360	148,11335	-21,62764	148,11335	-20,97228
9380	149,42406	-22,28302	148,7687	-21,62765
9400	149,42406	-22,28302	148,7687	-21,62766
9420	149,42406	-22,28303	148,7687	-20,9723
9440	149,42406	-22,28304	148,76869	-21,62767
9460	149,42405	-22,93841	150,73479	-20,9723
9480	152,70092	-20,31692	151,3902	-19,00618
9500	151,39019	-19,0062	150,73482	-17,69546
9520	151,39018	-19,00619	151,39018	-19,0062
9540	152,04554	-19,66158	151,39018	-19,00622
9560	152,04554	-20,31695	151,39016	-19,00622
9580	152,04552	-19,6616	142,87038	-22,93842
9600	112,72344	-30,80279	68,15841	-32,11344
9620	26,21498	-33,42412	-2,62104	-30,80263
9640	-2,62102	-28,83654	0,00043000000000148	-25,55971
9660	0,65578	-25,55972	0,00039999999999907	-24,24899
9680	1,31111	-24,249	0,65574	-23,59364
9700	1,96645	-24,24901	1,31108	-22,93829
9720	1,96644	-24,24903	1,31107	-23,59367
9740	2,62178	-24,24904	1,96641	-23,59368
9760	2,62177	-24,24905	1,9664	-23,59369
9780	2,62176	-23,5937	1,96639	-22,93833
9800	3,27711	-23,5937	2,62175	-22,93834
9820	2,62175	-22,93834	1,96638	-22,28297
9840	2,62174	-22,93835	2,62174	-22,93834
9860	3,27711	-22,93835	2,62174	-22,28298
9880	3,2771	-22,93836	2,62174	-22,28299
9900	3,2771	-23,59372	2,62173	-22,28299
9920	2,62174	-22,28299	1,31101	-21,62762
9940	1,96638	-22,28299	1,31101	-21,62762
9960	1,96638	-22,28299	1,31102	-20,97226
9980	1,96638	-22,28299	1,31102	-21,62762
10000	1,96638	-22,28299	9,83074	-21,62762
10020	37,35608	-20,97227	48,49736	-20,9723
10040	47,18664	-20,97228	44,56518	-20,31689
10060	45,8759	-21,62763	46,53125	-21,62763
10080	47,18661	-22,93838	46,53124	-22,93839
10100	47,1866	-24,24912	46,53124	-24,24913
10120	47,18659	-24,90451	46,53123	-24,24914
10140	47,84194	-25,55988	47,84194	-24,90452
10160	48,4973	-26,21526	48,49985	-26,21526
10180	49,15266	-27,52599	48,49729	-26,87063
10200	49,15265	-28,18137	48,49728	-27,526
10220	49,808	-28,18137	49,15264	-28,18137
10240	49,80799	-29,49211	49,15263	-29,49211
10260	50,46335	-30,14749	49,15262	-30,14749
10280	49,80798	-30,80287	49,15261	-30,80287
10300	49,80797	-31,45824	49,1526	-31,45824
10320	49,15259	-32,11362	48,49723	-31,45826
10340	49,15258	-32,11363	48,49722	-31,45826
10360	49,80794	-32,11364	62,25991	-31,45827
10380	77,33342	-32,11367	80,61029	-30,80293
10400	77,98883	-30,14755	76,6781	-29,49217
10420	77,98882	-30,14755	77,33345	-30,14755
10440	77,9888	-31,4583	77,33344	-31,45829
10460	78,64416	-32,76904	78,64415	-32,11368
10480	78,64415	-33,42441	78,64414	-32,76905
10500	78,64414	-32,76905	77,98878	-32,11368
10520	78,64413	-32,76906	77,98877	-32,11369
10540	79,2995	-32,76906	78,64413	-32,76905
10560	79,29949	-32,76906	78,64413	-32,76905
10580	79,29949	-32,76906	78,64412	-32,11369
10600	79,29949	-33,42442	79,29949	-33,42442
10620	79,95486	-34,0798	76,67803	-34,73514
10640	66,19214	-36,04584	58,32774	-35,39046
10660	58,32776	-33,42435	57,67241	-32,11362
10680	58,32776	-32,76898	57,67238	-32,76898
10700	58,9831	-33,42436	58,32774	-32,76899
10720	58,9831	-33,42437	58,32774	-33,42436
10740	59,63846	-34,07973	58,9831	-33,42437
10760	59,63846	-34,07974	59,63845	-33,42437
10780	60,29382	-34,07974	56,36164	-33,42436
10800	48,49723	-34,0797	45,87578	-33,42432
10820	48,49725	-32,76896	47,84188	-32,11358
10840	48,49724	-32,76895	47,84188	-32,11358
10860	48,49724	-32,76895	47,84187	-32,76895
10880	49,1526	-33,42432	48,49723	-32,76896
10900	49,1526	-34,07969	49,1526	-33,42433
10920	49,80796	-34,07969	49,1526	-32,76896
10940	49,80796	-33,42433	49,1526	-32,1136
10960	49,80796	-33,42433	49,80796	-33,42432
10980	49,80796	-34,07971	55,70626	-34,07972
11000	70,12437	-33,42436	76,67811	-31,45827
11020	76,02275	-32,11363	74,05666	-30,80288
11040	75,36739	-30,80288	75,36738	-30,14752
11060	76,02273	-31,45826	75,36736	-30,80289
11080	76,02272	-31,45826	75,36736	-31,45826
11100	76,02271	-31,45826	75,36734	-30,80289
11120	76,0227	-31,45826	75,36734	-30,80289
11140	76,0227	-31,45826	75,36734	-30,8029
11160	76,0227	-32,11363	75,36734	-31,45828
11180	76,0227	-32,76901	76,02269	-32,76902
11200	76,67806	-34,07975	76,67805	-34,73512
11220	77,33341	-35,39049	76,67804	-36,04585
11240	78,64412	-38,01195	91,09612	-38,66734
11260	104,20352	-38,01199	102,89282	-35,39049
11280	100,92673	-35,39049	100,27136	-34,73513
11300	101,58209	-34,73512	100,92671	-34,73513
11320	101,58207	-35,3905	100,9267	-35,39051
11340	102,23742	-36,70125	102,23742	-36,04589
11360	102,89278	-37,35662	102,23742	-36,70126
11380	102,89277	-38,01198	102,89277	-36,70126
11400	102,89277	-37,35663	102,2374	-36,70126
11420	102,89276	-37,35662	102,2374	-36,70126
11440	94,373	-38,01198	81,26564	-38,01194
11460	78,64418	-37,35657	79,29959	-36,04584
11480	80,6103	-36,7012	79,95492	-36,04584
11500	81,26563	-36,70122	80,61027	-36,04585
11520	81,26563	-36,70122	80,61026	-36,70122
11540	81,26563	-37,35659	80,61026	-36,70123
11560	80,61027	-37,35659	80,61025	-36,04586
11580	81,26562	-36,70123	79,9549	-35,39051
11600	80,61026	-36,04587	81,26562	-35,3905
11620	93,71763	-35,3905	104,20357	-33,42441
11640	104,20361	-32,76903	100,92679	-30,80292
11660	102,23751	-31,45828	102,23751	-30,80293
11680	102,89287	-31,4583	102,89286	-31,45831
11700	103,54822	-32,76904	103,54822	-32,11369
11720	104,20358	-33,42442	103,54821	-32,76906
11740	104,20357	-33,42442	102,89284	-33,42442
11760	104,20354	-34,0798	107,4804	-34,07979
11780	121,89851	-34,0798	125,17539	-33,42443
11800	123,2093	-33,42441	121,89856	-32,11368
11820	123,20928	-32,1137	122,55391	-32,1137
11840	123,20927	-33,42444	122,5539	-32,76908
11860	123,20925	-34,73518	123,20924	-34,73519
11880	120,58777	-37,35663	97,64987	-39,97806
11900	62,91535	-43,91016	28,18094	-43,9101
11920	7,20932	-43,25473	7,86471	-39,32254
11940	10,48615	-38,66718	9,1754	-37,35645
11960	10,48611	-36,7011	9,17538	-35,39037
11980	9,83074	-35,39038	9,17536	-34,07966
12000	9,83072	-34,07966	9,83072	-32,11356
12020	9,83072	-31,4582	9,83071	-30,14748
12040	10,48607	-29,49212	8,51998	-28,18138
12060	9,17535	-28,83675	5,24318	-27,52601
12080	0,00026999999999333	-27,52601	-0,65509	-26,21526
12100	0,65564999999999	-24,90452	-1,31044	-23,59378
12120	-1,31044	-24,24915	-1,9658	-23,59379
12140	-1,31044	-23,5938	-1,9658	-22,93842
12160	-1,31044	-24,24915	-1,9658	-22,93843
12180	-1,31044	-24,24916	-1,31045	-22,93843
12200	-1,31044	-23,5938	-1,31044	-23,59379
12220	-0,65508000000001	-24,24916	-1,31044	-23,59379
12240	-1,31044	-24,24916	-1,31044	-22,93842
12260	-0,65508000000001	-23,59379	-0,65508	-22,93842
12280	-0,65508000000001	-23,5938	-0,65508	-23,59378
12300	19,66119	-23,59381	45,22047	-22,93846
12320	55,7064	-24,24922	53,74032	-23,59382
12340	52,42958	-24,90454	53,08494	-24,24918
12360	54,39565	-25,55992	53,74028	-26,21529
12380	55,051	-27,52603	54,39563	-27,52604
12400	55,70635	-28,83678	55,05098	-28,18142
12420	55,70634	-29,49216	55,05097	-29,49216
12440	56,36168	-30,14754	55,70632	-29,49217
12460	56,36168	-30,80291	55,70631	-30,14754
12480	56,36167	-30,80291	55,05094	-30,8029
12500	63,5707	-31,4564	79,29958	-30,14756
12520	85,19794	-31,45831	81,92111	-30,80292
12540	81,9211	-31,45829	81,9211	-30,80293
12560	82,57646	-32,11367	82,57644	-32,11367
12580	83,2318	-32,76905	82,57643	-32,76905
12600	83,23178	-33,42442	82,57642	-32,76905
12620	83,23178	-32,76906	82,57642	-32,1137
12640	83,23178	-32,76907	83,23177	-32,1137
12660	83,88714	-32,76907	83,23178	-32,11371
12680	83,88714	-32,76908	83,88714	-32,76907
12700	84,5425	-33,42445	84,5425	-33,42444
12720	85,19786	-34,07981	84,5425	-34,07981
12740	85,19787	-34,73517	85,19786	-34,0798
12760	85,19787	-34,07981	84,5425	-34,07981
12780	85,19786	-34,73518	84,5425	-34,07981
12800	85,19786	-34,73518	84,5425	-34,07982
12820	85,19786	-35,39055	84,5425	-34,73519
12840	85,85322	-35,39056	85,19786	-35,39055
12860	85,85322	-36,04592	85,19786	-35,39055
12880	84,5425	-36,70128	74,71199	-36,70126
12900	67,50294	-38,01199	66,19222	-36,04588
12920	68,15832	-36,04588	66,84758	-35,39052
12940	68,1583	-36,70126	67,50293	-36,04589
12960	68,15829	-37,35663	68,15828	-36,70127
12980	68,81364	-38,012	68,15828	-37,35664
13000	68,81364	-38,01202	68,15827	-37,35665
13020	69,469	-38,66738	68,81363	-38,01202
13040	70,12435	-39,32276	69,46899	-39,32276
13060	70,77972	-40,63349	67,5029	-39,97812
13080	60,94922	-40,63346	58,32775	-39,32273
13100	59,63849	-39,97809	58,98312	-39,32273
13120	60,29384	-40,63346	60,29384	-40,63346
13140	60,9492	-41,28884	60,94919	-41,28884
13160	60,94919	-41,94421	60,29382	-41,28885
13180	61,60454	-41,94422	60,94917	-41,28885
13200	60,94917	-41,94422	60,94917	-41,94421
13220	61,60453	-42,59958	60,29381	-41,94421
13240	60,94917	-42,59958	60,2938	-42,59957
13260	60,94916	-43,25495	60,94917	-43,25495
13280	74,05651	-41,94423	87,81931	-40,6335
13300	91,09619	-41,28886	87,81935	-40,63348
13320	88,47471	-41,28886	88,4747	-39,97813
13340	89,78542	-41,94423	89,13005	-41,28886
13360	90,44077	-42,59961	89,7854	-41,94424
13380	89,78539	-42,59962	89,78539	-42,59962
13400	91,09611	-43,25498	90,44075	-42,59963
13420	91,09611	-43,91036	91,09611	-43,255
13440	91,75147	-44,56573	91,09611	-43,91036
13460	92,40683	-44,56574	92,40684	-44,56573
13480	106,16955	-45,87647	120,58772	-44,56575
13500	123,8646	-44,56575	117,96633	-41,94426
13520	119,27706	-41,94426	118,62169	-40,63352
13540	119,93241	-41,28889	119,93239	-40,63353
13560	120,58776	-41,2889	119,93239	-40,63353
13580	120,58775	-41,28891	119,93238	-41,28891
13600	121,2431	-41,94429	120,58773	-41,28892
13620	121,89845	-41,9443	121,24308	-41,9443
13640	121,89844	-42,59967	121,24308	-41,9443
13660	121,89844	-43,25504	120,58771	-42,59968
13680	121,24307	-42,59969	120,5877	-42,59969
13700	121,89842	-43,25506	120,5877	-42,5997
13720	121,24306	-43,91043	121,24305	-43,25507
13740	121,89841	-43,91044	121,24305	-43,25507
13760	121,89841	-43,91045	122,55378	-42,59972
13780	134,35042	-42,59972	147,45785	-40,63362
13800	152,04547	-40,6336	149,42401	-40,63359
13820	150,73473	-41,94431	151,39009	-41,28895
13840	152,04545	-43,25505	152,04544	-43,25505
13860	153,35616	-44,56578	152,7008	-44,56578
13880	154,01152	-45,87651	153,35616	-45,8765
13900	154,66687	-46,53188	154,01151	-45,87651
13920	154,66687	-46,53188	154,01151	-45,87651
13940	153,35615	-46,53188	152,70078	-45,87651
13960	155,32223	-46,53189	165,15278	-45,22115
13980	173,01726	-43,25505	171,70654	-42,59967
14000	169,74043	-43,25503	169,74042	-41,9443
14020	169,74041	-42,59966	168,42968	-41,94431
14040	169,08503	-42,59968	168,42967	-42,59967
14060	169,08503	-43,25505	168,42966	-42,59968
14080	169,08502	-43,91041	168,42965	-42,59969
14100	168,42965	-43,25505	167,77429	-42,59969
14120	168,42964	-43,91042	167,77428	-42,59968
14140	168,42964	-43,25504	167,11892	-41,94431
14160	168,42963	-41,94432	167,77427	-41,94431
14180	168,42963	-41,94431	167,77427	-41,28895
14200	169,08499	-42,59969	172,36186	-41,94432
14220	174,32797	-43,25505	173,67259	-42,59968
14240	174,32795	-43,25504	174,32796	-43,25505
14260	175,63868	-45,22114	174,98331	-44,56578
14280	175,63867	-45,22116	174,9833	-45,22115
14300	175,63866	-45,87652	174,9833	-45,22116
14320	175,63866	-45,87652	174,32793	-44,5658
14340	174,98329	-44,56581	174,32793	-43,91045
14360	174,98329	-45,22117	174,32793	-44,56581
14380	174,98329	-45,87654	173,67256	-45,22117
14400	170,3978	-47,18725	169,085	-46,53189
14420	170,39574	-47,18725	169,74037	-45,87651
14440	170,39574	-46,53187	169,74037	-45,87651
14460	170,39573	-46,53188	169,74037	-45,87652
14480	170,39573	-46,53189	169,74036	-45,87652
14500	170,39573	-46,5319	169,74036	-46,53189
14520	170,39572	-47,18727	170,39572	-46,53189
14540	170,39572	-47,18726	170,39572	-47,18726
14560	171,70645	-47,84263	169,74037	-47,18726
14580	167,11889	-47,84261	165,1528	-46,53188
14600	166,46354	-46,53187	165,80817	-45,87649
14620	166,46353	-45,87649	165,80818	-44,56576
14640	166,46354	-45,22112	165,80818	-44,56576
14660	166,46354	-45,22113	165,80817	-44,56576
14680	166,46353	-44,56577	166,46353	-43,9104
14700	166,46352	-44,56576	165,80816	-43,91039
14720	166,46352	-43,9104	165,80816	-43,25503
14740	166,46352	-43,91039	165,1528	-42,59967
14760	165,1528	-44,56576	165,80816	-43,25503
14780	172,36186	-43,25502	175,63874	-43,25501
14800	175,63873	-43,255	173,67264	-41,94427
14820	174,98336	-43,255	174,98336	-42,59963
14840	174,98336	-43,25501	173,67263	-42,59964
14860	175,63871	-43,25501	174,32799	-43,25501
14880	175,6387	-43,91038	174,32799	-42,59965
14900	175,63871	-43,91039	174,32798	-43,25502
14920	175,6387	-43,91038	174,98334	-43,25502
14940	175,63871	-43,25502	174,98335	-42,59965
14960	175,63871	-43,25502	174,98334	-42,59965
14980	175,63871	-42,59966	173,01725	-43,255
15000	155,97764	-47,8404	119,27698	-58,32829
15020	80,61019	-73,40173	52,42924	-87,81987
15040	41,9432	-102,23816	39,97708	-110,75813
15060	41,28782	-112,72427	40,63249	-109,4474
15080	41,94322	-106,82593	42,59857	-102,89371
15100	43,25392	-100,92758	42,59855	-97,6507
15120	43,2539	-95,68456	41,94317	-93,71844
15140	41,94317	-92,40768	40,63245	-90,44155
15160	40,63245	-89,78616	39,97709	-87,82003
15180	39,97709	-87,16466	39,32172	-85,85392
15200	39,97709	-85,85392	39,32172	-85,19854
15220	39,32172	-85,19854	38,66636	-84,54317
15240	38,66636	-85,19854	38,66635	-84,54316
15260	39,32172	-86,50926	43,25389	-85,8539
15280	68,81317	-81,26632	104,85851	-74,7127
15300	139,59318	-74,71278	164,49735	-77,98974
15320	171,70652	-78,64514	165,80824	-74,71287
15340	164,49747	-72,74676	164,49746	-70,78063
15360	165,1528	-70,78064	165,15492	-69,4699
15380	165,80813	-68,81454	165,80812	-67,5038
15400	166,46347	-66,84844	165,8081	-64,88234
15420	167,11882	-65,53771	167,11881	-64,22697
15440	167,77417	-64,88234	167,77417	-64,88234
15460	169,08488	-65,53771	169,08488	-65,5377
15480	169,74024	-66,19307	168,42951	-65,53769
15500	156,63289	-66,19299	144,83627	-64,88221
15520	142,87018	-64,22684	143,52556	-62,26074
15540	144,83628	-62,9161	144,18091	-61,60537
15560	144,83627	-62,91611	144,83627	-62,26074
15580	144,83627	-62,91611	144,83627	-62,26074
15600	145,49163	-62,91611	144,83627	-62,26073
15620	145,49163	-62,9161	144,83627	-62,26074
15640	145,49163	-62,9161	144,83627	-60,95
15660	144,83627	-61,60537	144,83626	-60,94999
15680	144,83627	-60,95	144,18091	-59,63926
15700	144,83627	-60,29462	144,18091	-58,98389
15720	144,83627	-58,9839	144,83627	-58,32852
15740	145,49163	-58,32853	144,83627	-57,0178
15760	145,49163	-58,32852	144,83627	-57,67315
15780	145,49163	-58,32852	144,83626	-58,32852
15800	145,49163	-60,29461	145,49162	-60,29463
15820	146,14698	-62,91609	143,5255	-63,57144
15840	122,55372	-68,81428	83,88702	-72,09101
15860	58,32769	-73,40169	52,42942	-68,81411
15880	57,017	-66,1926	57,01699	-63,57115
15900	57,67232	-64,88188	58,32766	-64,22654
15920	59,63837	-66,19265	59,63835	-66,19265
15940	60,94906	-68,15877	60,94904	-68,81415
15960	62,91511	-70,78026	62,9151	-70,78027
15980	64,22581	-72,091	64,88116	-72,09102
16000	65,53651	-72,7464	65,53651	-72,09103
16020	58,32748	-74,0571	43,90944	-72,74632
16040	38,66652	-72,74632	39,97726	-70,78023
16060	41,94334	-71,43559	40,63261	-70,78023
16080	41,94333	-71,43561	41,94332	-71,43561
16100	43,25404	-72,09099	42,59868	-71,43562
16120	43,25404	-72,74637	42,59868	-71,43564
16140	43,25404	-72,09101	43,25404	-71,43565
16160	44,56476	-72,09102	43,25404	-70,78029
16180	43,9094	-71,43566	43,25404	-70,7803
16200	44,56476	-71,43567	43,9094	-70,7803
16220	49,80766	-71,43568	68,15796	-69,46961
16240	80,61002	-68,1589	79,29933	-67,50352
16260	77,98858	-68,15888	77,98858	-67,50351
16280	79,95466	-68,81424	79,29928	-68,15888
16300	79,29927	-68,81425	78,64391	-68,15889
16320	78,64391	-68,81426	78,6439	-68,1589
16340	79,29926	-69,46963	77,98854	-68,15891
16360	79,29926	-69,46964	78,6439	-68,81427
16380	79,95462	-70,78037	74,7117	-70,12499
16400	74,71169	-70,78035	74,7117	-69,46961
16420	76,02242	-70,78034	74,7117	-69,46961
16440	76,02242	-70,12499	74,71168	-69,46961
16460	76,02241	-70,12499	75,36705	-69,46962
16480	76,02241	-70,78036	75,36705	-70,12499
16500	76,02241	-70,78036	75,36704	-70,125
16520	76,67777	-71,43573	76,02241	-70,78036
16540	77,33313	-72,09109	83,88682	-71,43576
16560	98,96033	-71,4358	104,20332	-70,12506
16580	102,23723	-71,43577	100,92649	-70,7804
16600	102,23721	-71,43577	101,58185	-70,12504
16620	102,2372	-71,43578	101,58183	-71,43579
16640	102,2372	-72,09116	102,23719	-71,4358
16660	102,89255	-72,09118	102,23719	-71,43581
16680	102,89255	-71,43582	102,23718	-70,78045
16700	102,89255	-71,43582	102,23718	-70,78046
16720	104,85863	-72,0912	117,96604	-70,12514
16740	133,03958	-68,15907	135,00574	-66,19295
16760	132,38428	-66,84829	132,38427	-66,19293
16780	133,69499	-67,50367	133,69498	-66,84831
16800	133,69497	-68,15904	134,35032	-67,50369
16820	135,00568	-68,15905	134,35032	-67,5037
16840	135,00567	-67,50371	134,35031	-66,84834
16860	135,00566	-67,50372	134,3503	-67,50371
16880	135,00566	-68,15908	134,35029	-66,84836
16900	135,00566	-67,50373	134,35029	-66,84836
16920	135,00565	-67,50372	135,00565	-66,84836
16940	135,00565	-68,15909	134,35028	-67,50373
16960	135,00564	-68,1591	134,35028	-67,50373
16980	142,21469	-66,84838	159,90968	-62,91621
17000	169,74028	-62,26084	167,11884	-61,60545
17020	165,80809	-62,26081	166,46344	-60,95008
17040	167,11879	-62,26082	165,80806	-61,60546
17060	167,11878	-62,26084	166,46341	-61,60548
17080	167,11877	-62,26084	166,46341	-62,26084
17100	167,11877	-62,91622	167,11876	-62,26085
17120	167,77412	-63,57158	167,11876	-62,26085
17140	168,42948	-63,57158	167,77411	-62,26086
17160	168,42947	-62,91623	167,7741	-61,60549
17180	167,77411	-62,26086	167,7741	-62,26086
17200	167,7741	-62,26086	167,11873	-60,95013
17220	167,77409	-61,60549	167,11873	-60,95012
17240	168,42945	-62,26086	167,11872	-62,9162
17260	152,04525	-68,81445	120,58755	-72,0912
17280	85,85303	-72,74641	53,74002	-70,12482
17300	34,73443	-70,78017	33,42372	-68,15873
17320	36,70053	-67,50337	36,04514	-66,19264
17340	36,04512	-67,5034	36,04511	-66,19268
17360	36,70046	-66,84807	37,35581	-67,50343
17380	39,32189	-68,15881	39,32188	-66,84809
17400	39,97724	-67,50346	39,32187	-66,19274
17420	40,63259	-66,84811	40,63258	-65,53738
17440	36,04505	-68,8142	24,90385	-70,78029
17460	24,90385	-70,78031	25,55922	-69,46956
17480	26,21458	-69,46957	24,90384	-68,8142
17500	25,5592	-70,12494	24,90383	-69,46958
17520	25,55919	-70,12495	24,90383	-70,12494
17540	25,55919	-70,78031	25,55918	-70,12495
17560	26,21454	-70,78033	25,55918	-70,12496
17580	25,55918	-70,12496	24,90382	-68,81423
17600	24,90382	-69,4696	24,24845	-68,81424
17620	39,97717	-70,78035	63,57038	-69,46966
17640	73,40093	-68,8143	70,77949	-68,15892
17660	69,46875	-68,81428	69,46875	-67,50356
17680	70,77947	-68,81429	70,1241	-68,8143
17700	70,77946	-69,46967	70,77944	-69,46967
17720	70,77944	-70,12504	70,12407	-69,46968
17740	71,43479	-70,12504	70,12406	-70,12503
17760	70,77942	-70,78041	70,12405	-70,12504
17780	70,77941	-70,12504	69,46869	-69,46968
17800	70,12405	-70,78042	70,12406	-70,12505
17820	70,77942	-71,43578	70,12405	-71,43578
17840	70,77941	-72,74652	70,77941	-72,74652
17860	71,43477	-74,05725	71,43476	-73,4019
17880	72,09012	-75,36799	71,43475	-74,71264
17900	80,60991	-73,40193	90,4405	-71,43583
17920	93,71737	-72,74657	91,0959	-72,09119
17940	91,0959	-72,09119	91,0959	-71,43582
17960	91,75125	-72,74656	91,75124	-73,40194
17980	92,4066	-74,71269	92,40659	-74,05733
18000	93,06195	-74,71269	92,40659	-74,05732
18020	93,06194	-74,05733	91,75122	-72,74659
18040	92,40659	-73,40195	91,75122	-71,43585
18060	92,40659	-72,09121	91,75122	-70,12511
18080	92,40659	-70,78048	92,40659	-70,12511
18100	93,71731	-70,78048	92,40659	-70,78048
18120	93,71731	-72,09121	93,71731	-71,43584
18140	94,37267	-72,09121	93,71731	-71,43584
18160	94,37267	-72,09121	93,71731	-72,09121
18180	94,37267	-72,74658	93,06194	-71,43586
18200	93,7173	-72,09122	93,06194	-71,43586
18220	93,7173	-71,43586	93,06193	-70,7805
18240	93,7173	-71,43586	93,06194	-70,7805
18260	93,71731	-70,7805	93,06195	-70,78049
18280	94,37267	-71,43587	93,71731	-70,78049
18300	94,37268	-71,43587	94,37267	-71,43586
18320	95,02804	-72,09123	94,37267	-72,09122
18340	95,02804	-72,74659	94,37268	-72,09122
18360	95,02804	-72,74659	93,71731	-72,74658
18380	100,27098	-73,40197	114,03376	-72,74664
18400	122,55359	-71,4359	120,58751	-69,46978
18420	119,93215	-70,12515	119,93214	-68,81442
18440	120,58749	-70,12515	119,93212	-70,12515
18460	121,24283	-70,78053	120,58746	-70,12517
18480	121,24281	-70,78054	119,93208	-70,12517
18500	120,58743	-70,78053	119,93207	-70,12517
18520	120,58743	-70,78054	119,93207	-69,46981
18540	120,58743	-70,12518	119,93207	-70,12517
18560	120,58744	-70,78054	119,93207	-70,78054
18580	120,58743	-71,43591	119,93208	-70,12518
18600	121,24279	-71,43591	120,58744	-70,78054
18620	121,89816	-72,09128	121,24279	-71,43591
18640	121,89816	-72,09127	121,24279	-71,4359
18660	121,89815	-71,43591	120,58743	-70,12518
18680	121,24279	-71,43591	121,24279	-71,43591
18700	121,89815	-72,74665	121,24279	-72,74666
18720	122,55351	-73,40201	121,89814	-73,40203
18740	122,5535	-75,36814	121,89813	-76,02351
18760	123,20885	-77,33427	121,89812	-76,02354
18780	122,55348	-76,6789	121,89812	-75,36817
18800	121,89812	-76,02354	121,24276	-75,36816
18820	121,89812	-76,6789	121,24276	-76,02354
18840	121,89812	-76,6789	121,89812	-76,6789
18860	123,20884	-77,98963	122,55348	-77,33427
18880	123,86421	-78,645	123,20884	-78,64501
18900	124,51956	-79,95575	123,8642	-78,64501
18920	124,51956	-79,30038	124,51956	-79,30038
18940	125,83028	-79,95575	125,83028	-80,61111
18960	127,14099	-82,57721	126,48563	-82,57721
18980	127,79635	-84,54332	128,4517	-85,85405
19000	129,76242	-87,1648	129,76241	-87,82017
19020	131,07313	-89,1309	130,41776	-89,13091
19040	131,07312	-89,7863	130,41775	-89,7863
19060	131,07311	-91,09703	130,41774	-91,75241
19080	131,0731	-93,06316	130,41773	-92,40781
19100	129,76237	-91,75244	129,10701	-90,44172
19120	129,10701	-91,09709	127,79628	-92,40783
19140	127,79628	-93,71857	127,14091	-93,71857
19160	127,14091	-93,71857	125,83018	-93,06319
19180	127,1409	-93,71856	126,48554	-93,06319
19200	127,14091	-94,37392	127,1409	-94,37391
19220	128,45162	-96,99538	120,58722	-102,89365
19240	93,71711	-117,31174	56,36113	-133,04057
19260	16,38386	-140,90497	-5,8986	-139,59418
19280	-5,89864	-140,24956	-1,96645	-138,93884
19300	1,31034	-138,93885	1,31033	-138,2835
19320	2,62104	-139,59426	3,2764	-138,9389
19340	4,58711	-140,90501	4,5871	-140,90501
19360	5,24246	-141,56038	4,58708	-139,5943
19380	5,24242	-140,24966	4,58705	-138,93893
19400	4,58704	-139,5943	3,27631	-137,62821
19420	3,2763	-137,62822	2,62093	-135,66213
19440	2,62093	-136,3175	1,96557	-136,97286
19460	2,62092	-138,93896	1,96556	-139,59432
19480	2,62093	-142,87116	1,96557	-144,83727
19500	3,93166	-148,11412	2,62095	-150,08023
19520	3,93168	-154,66782	3,93168	-157,94473
19540	5,24244	-165,80925	2,62124	-174,98443
19560	-12,45155	-186,12553	-45,21891	-188,74657
19580	-60,29154	-179,57078	-60,94653	-162,53052
19600	-60,29086	-147,4563	-60,9459	-131,72676
19620	-51,77072	-126,4836	-32,10987	-132,38195
19640	-3,27413	-140,24696	18,35242	-140,24783
19660	43,91109	-128,45213	56,36249	-108,13645
19680	60,94953	-89,78658	61,60457	-74,05796
19700	49,80788	-60,95055	34,73446	-47,8431
19720	26,87002	-36,70177	21,62711	-26,21578
19740	17,69496	-18,3513	14,41818	-10,48683
19760	12,45213	-5,89919	11,79679	-0,65621
19780	11,79682	2,62068	10,48613	6,55292
19800	9,8308	8,51907	8,52009	11,79594
19820	7,20939	13,76209	5,89869	16,3836
19840	5,24334	17,69437	3,93263	19,66051
19860	3,93264	20,97126	1,96657	23,59276
19880	1,96658	24,24815	1,31124	25,5589
19900	1,96661	25,55892	1,31126	26,86967
19920	1,96663	26,86969	1,31128	27,52507
19940	2,62201	26,21435	1,96665	26,86973
19960	3,27738	26,21437	3,27738	24,90366
19980	4,58811	23,59293	4,58811	19,66074
20000	-1,31029	-1,31108	-27,52493	-24,90439
20020	-35,38933	-51,77462	-19,00531	-79,30016
20040	-1,96604	-98,3059	1,31067	-97,65056
20060	2,62136	-98,96131	3,27668	-99,6167
20080	4,58738	-100,27208	3,93199	-99,61673
20100	5,89806	-101,58284	5,89804	-102,23822
20120	7,20875	-103,54897	7,20873	-103,54897
20140	7,86408	-104,20435	7,86407	-102,89363
20160	2,62118	-108,13658	-8,52002	-112,06884
20180	-9,83078	-112,7242	-9,17541	-109,44735
20200	-60,2935	-110,10272	-9,83078	-109,44734
20220	-9,17543	-110,10272	-9,17544	-109,44737
20240	-8,52008	-110,7581	-8,52008	-110,10273
20260	-7,86473	-110,10275	-9,17545	-109,44737
20280	-9,17546	-109,44738	-9,83082	-108,13665
20300	-9,83082	-108,13665	-10,48618	-106,82591
20320	-10,48618	-106,82591	-11,7969	-104,85981
20340	-11,7969	-104,85981	-13,10762	-103,54907
20360	-11,7969	-104,20444	-13,10762	-103,54906
20380	-11,79689	-105,51514	1,96574	-100,27217
20400	39,97695	-77,33419	80,60994	-39,97811
20420	114,68952	-0,00051999999999452	146,80295	42,59863
20440	169,74128	43,25464	179,57228	43,91001
20460	177,60648	43,25464	174,32973	43,91001
20480	175,64048	43,25464	176,29587	43,91001
20500	177,60659	43,25464	178,26194	43,91001
20520	180,22801	43,25464	180,228	43,91001
20540	181,53872	43,25464	181,53872	43,91001
20560	183,50479	43,25464	184,16013	43,91001
20580	185,47084	43,25464	189,40312	43,91001
20600	195,30148	43,25464	194,64612	43,91001
20620	195,30148	43,25464	195,30148	43,91001
20640	196,6122	43,25464	195,95684	43,91001
20660	197,26756	43,25464	196,6122	43,91001
20680	197,92291	43,25464	197,26752	43,91001
20700	197,26752	43,25464	195,9568	43,91001
20720	196,61215	43,25464	195,95679	43,91001
20740	196,61214	43,25464	195,95677	43,91001
20760	196,61214	43,25464	196,61215	43,91001
20780	196,61216	43,25464	197,26752	43,91001
20800	197,92288	43,25464	197,26752	43,91001
20820	197,92288	43,25464	197,92287	43,91001
20840	198,57824	43,25464	197,26751	43,91001
20860	198,57824	43,25464	198,57823	43,91001
20880	199,2336	43,25464	198,57824	43,91001
20900	199,2336	43,25464	196,61209	43,91001
20920	195,30132	43,25464	194,64598	43,91001
20940	195,30136	43,25464	194,64599	43,91001
20960	195,9567	43,25464	195,30133	43,91001
20980	195,95668	43,25464	195,95667	43,91001
21000	196,61203	43,25464	195,95665	43,91001
21020	197,26736	43,25464	196,61199	43,91001
21040	197,26735	43,25464	197,26734	43,91001
21060	198,57803	43,25464	199,88869	43,91001
21080	202,5101	43,25464	205,13144	43,91001
21100	212,34022	43,25456	217,58286	23,59334
21120	202,50927	-3,93224	172,36222	-37,35624
21140	144,83669	-62,91571	125,17554	-78,64456
21160	121,89854	-88,47518	124,51991	-89,78598
21180	125,83058	-89,1306	125,17517	-87,81989
21200	125,17513	-87,16452	123,86437	-85,85381
21220	123,86433	-89,13066	123,20892	-93,06292
21240	123,86422	-100,27208	123,86416	-111,41352
21260	121,24275	-129,76404	103,54831	-150,08066
21280	70,78102	-170,3967	22,28528	-163,18683
21300	13,1105	-136,31561	-1,3071	-115,34281
21320	14,42161	-119,93007	51,12173	-133,69326
21340	70,12686	-148,11224	88,4766	-154,66674
21360	114,0353	-152,04593	129,10815	-141,56049
21380	136,31678	-131,07488	138,93803	-121,24446
21400	140,90397	-114,03541	140,24848	-106,17097
21420	139,59304	-100,27259	137,62689	-93,71886
21440	136,31612	-89,13121	134,35	-84,54356
21460	134,34997	-81,26666	133,03923	-77,33442
21480	133,03922	-74,71292	131,7285	-70,12532
21500	131,07314	-67,50382	129,76242	-64,88235
21520	130,41778	-64,88233	129,10707	-62,26086
21540	129,76244	-61,60548	127,79636	-59,63936
21560	128,45172	-58,32862	127,14101	-55,70713
21580	127,79639	-55,05175	126,48566	-53,74101
21600	127,79639	-53,741	126,48568	-52,43025
21620	127,14104	-52,43025	126,48568	-51,11951
21640	126,48569	-51,1195	125,83034	-49,80876
21660	126,4857	-50,46412	125,17498	-48,49801
21680	125,83035	-49,15337	125,175	-47,84265
21700	125,83037	-48,498	125,17501	-47,18726
21720	125,83038	-47,84264	124,51966	-46,5319
21740	125,17503	-46,5319	124,51968	-45,87652
21760	124,51969	-45,22116	123,86432	-44,56579
21780	124,51969	-45,22116	123,86433	-43,25507
21800	123,86434	-44,5658	123,20898	-43,25505
21820	123,86435	-43,91042	123,20898	-43,91042
21840	123,86434	-43,91043	123,20898	-43,25506
21860	123,86435	-44,56578	123,20899	-43,25506
21880	123,86435	-44,56578	123,209	-43,91041
21900	123,86435	-44,56579	123,20899	-43,91042
21920	123,86434	-44,56579	123,20898	-43,25506
21940	123,86434	-44,56579	123,20898	-43,25506
21960	123,86434	-43,91043	123,20898	-43,91043
21980	123,86434	-44,5658	123,20897	-43,91041
22000	123,20897	-44,56579	123,20896	-43,91041
22020	123,20896	-44,56578	119,27678	-41,28893
22040	103,54797	-30,14755	79,95483	-13,76316
22060	45,876	6,55339	6,55435	26,86992
22080	-3,93139	38,01124	-6,55278	43,90958
22100	-5,24204	43,25426	-5,8974	43,90965
22120	-5,24203	43,2543	-5,8974	43,90969
22140	-4,58667	43,25433	-4,58667	43,90972
22160	-3,93131	43,25436	-5,24203	43,90973
22180	-4,58667	43,25439	-4,58667	43,90977
22200	-4,58666	43,25441	-5,24202	43,9098
22220	-3,93129	43,25444	-5,89738	43,90983
22240	-9,82973	43,25455	-43,9088	43,91001
22260	-60,29309	43,25464	-60,94854	43,91001
22280	-60,29313	43,25464	-60,94848	43,91001
22300	-60,29311	43,25464	-60,94848	43,91001
22320	-60,29312	43,25464	-60,94848	43,91001
22340	-60,29312	43,25464	-60,94849	43,91001
22360	-60,29312	43,25464	-60,94849	43,91001
22380	-60,29312	43,25464	-60,94848	43,91001
22400	-60,29311	43,25464	-60,94848	43,91001
22420	-60,29312	43,25464	-60,94848	43,91001
22440	-60,29312	43,25464	-60,94848	43,91001
22460	-60,29312	43,25464	-60,94848	43,91001
22480	-60,29312	43,25464	-60,94848	43,91001
22500	-60,29312	43,25464	-60,94848	43,91001
22520	-60,29312	43,25464	-60,94848	43,91001
22540	-60,29312	43,25464	-60,94848	43,91001
22560	-60,29312	43,25464	-60,94847	43,91001
22580	-60,29311	43,25464	-60,94847	43,91001
22600	-60,29311	43,25464	-60,94848	43,91001
22620	-60,29312	43,25464	-60,94852	43,91001
22640	-60,29325	43,25464	-60,94874	43,91001
22660	-60,29352	30,80268	-55,70617	13,76291
22680	-49,15269	2,62153	-46,53129	3,27692
22700	-45,87593	5,24308	-46,53129	4,58776
22720	-45,22059	5,24314	-47,18665	9,83078
22740	-48,49734	13,76304	-51,11875	17,03991
22760	-50,46338	17,03993	-51,77409	18,35069
22780	-50,46338	14,41845	-48,49735	5,89861
22800	-37,35625	-6,55359	-17,69533	-36,0456
22820	-1,9662	-78,64485	-3,27617	-97,65034
22840	-4,58639	-102,23771	5,24371	-91,75186
22860	20,97162	-77,98923	24,24792	-60,94957
22880	16,38335	-36,70065	-0,6562	-14,41784
22900	-11,79727	1,96658	-21,62757	19,00629
22920	-30,14713	33,42424	-37,35598	43,91001
22940	-42,59876	43,25464	-49,15229	43,91001
22960	-53,08438	43,25464	-57,01648	43,91001
22980	-59,63788	43,25464	-60,94856	43,91001
23000	-60,29318	43,25464	-60,94853	43,91001
23020	-60,29314	43,25464	-60,9485	43,91001
23040	-60,29312	43,25464	-60,94846	43,91001
23060	-60,2931	43,25464	-60,94844	43,91001
23080	-60,29308	43,25464	-60,94843	43,91001
23100	-60,29307	43,25464	-60,94842	43,91001
23120	-60,29306	43,25464	-60,94842	43,91001
23140	-60,29305	43,25464	-60,94841	43,91001
23160	-60,29304	43,25464	-60,9484	43,91001
23180	-60,29304	43,25464	-60,9484	43,91001
23200	-60,29303	43,25464	-60,94839	43,91001
23220	-60,29299	43,25464	-60,94833	43,91001
23240	-60,29297	43,25464	-60,94833	43,91001
23260	-60,29296	43,25464	-60,94832	43,91001
23280	-60,29296	43,25464	-60,94832	43,91001
23300	-60,29296	43,25464	-60,94832	43,91001
23320	-60,29295	43,25464	-60,94831	43,91001
23340	-60,29295	43,25464	-60,94833	43,91001
23360	-60,29298	43,25464	-60,94838	43,91001
23380	-60,29308	43,25464	-34,07909	-15,07338
23400	9,17498	-81,26636	26,2158	-103,54843
23420	41,29025	-96,33857	58,33012	-86,50767
23440	91,09847	-85,85262	128,45407	-82,57644
23460	176,2951	-69,46962	206,44141	-45,87654
23480	220,20397	-20,3169	207,09661	5,89817
23500	199,2323	26,21478	197,26636	43,25454
23520	197,26651	43,25464	195,95592	43,91001
23540	195,95603	43,25464	194,6454	43,91001
23560	194,64551	43,25464	193,33487	43,91001
23580	193,33494	43,25464	25,56282	43,91001
23600	192,68004	43,25464	191,369	43,91001
23620	191,36903	43,25464	191,36906	43,91001
23640	191,36909	43,25464	191,36912	43,91001
23660	192,0245	43,25464	191,36915	43,91001
23680	192,02454	43,25464	191,36918	43,91001
23700	192,02456	43,25464	191,36921	43,91001
23720	191,36923	43,25464	191,36924	43,91001
23740	192,02461	43,25464	191,36926	43,91001
23760	195,95684	43,25464	197,26756	43,91001
23780	197,26756	43,25464	195,95684	43,91001
23800	197,26756	43,25464	196,6122	43,91001
23820	197,26756	43,25464	196,6122	43,91001
23840	196,6122	43,25464	195,95684	43,91001
23860	196,6122	43,25464	195,30148	43,91001
23880	196,6122	43,25464	195,95684	43,91001
23900	196,6122	43,25464	195,95684	43,91001
23920	197,26756	43,25464	196,6122	43,91001
23940	196,6122	43,25464	184,16035	43,91001
23960	162,53308	43,25464	146,14891	43,91001
23980	142,87216	43,25464	143,52755	43,91001
24000	144,18291	43,25464	143,52755	43,91001
24020	144,83828	43,25464	144,18292	43,91001
24040	145,49364	43,25464	145,49365	43,91001
24060	146,80438	43,25464	146,14902	43,91001
24080	147,45974	43,25464	147,45974	43,91001
24100	148,11509	43,25464	146,80437	43,91001
24120	147,45972	43,25464	146,80436	43,91001
24140	146,80436	43,25464	145,49364	43,91001
24160	146,149	43,25464	145,49364	43,91001
24180	146,80437	43,25464	146,14901	43,91001
24200	146,80438	43,25464	146,14901	43,91001
24220	142,87217	43,25464	141,56144	43,91001
24240	143,52753	43,25464	142,87217	43,91001
24260	144,18289	43,25464	143,52753	43,91001
24280	144,1829	43,25464	143,52754	43,91001
24300	144,1829	43,25464	143,52754	43,91001
24320	144,1829	43,25464	143,52754	43,91001
24340	144,83826	43,25464	144,1829	43,91001
24360	144,83826	43,25464	144,1829	43,91001
24380	153,35804	43,25464	176,9514	43,91001
24400	193,99076	43,25464	195,30148	43,91001
24420	193,3354	43,25464	192,68004	43,91001
24440	194,64612	43,25464	193,99076	43,91001
24460	194,64612	43,25464	194,64612	43,91001
24480	195,95684	43,25464	195,30148	43,91001
24500	195,95684	43,25464	195,30148	43,91001
24520	196,6122	43,25464	195,95684	43,91001
24540	196,6122	43,25464	195,95684	43,91001
24560	196,6122	43,25464	195,95684	43,91001
24580	197,26756	43,25464	197,26756	43,91001
24600	197,92292	43,25464	197,26756	43,91001
24620	197,92292	43,25464	197,26756	43,91001
24640	198,57828	43,25464	197,92292	43,91001
24660	198,57828	43,25464	198,57828	43,91001
24680	199,23364	43,25464	201,85508	43,91001
24700	204,47652	43,25464	203,82116	43,91001
24720	207,75328	43,25464	210,37468	43,91001
24740	211,68537	43,25464	211,68536	43,91001
24760	212,99606	43,25464	213,6514	43,91001
24780	214,96211	43,25464	214,96208	43,91001
24800	216,27279	43,25464	216,27277	43,91001
24820	216,92812	43,25464	216,92811	43,91001
24840	217,58346	43,25464	217,58344	43,91001
24860	218,89416	43,25464	218,23879	43,91001
24880	219,54951	43,25464	218,89414	43,91001
24900	220,20485	43,25464	219,54949	43,91001
24920	220,20484	43,25464	220,20483	43,91001
24940	221,51555	43,25464	221,51553	43,91001
24960	224,13695	43,25464	225,44761	43,90992
24980	230,03502	33,42378	233,96697	5,24265
25000	226,75773	-39,32282	215,61642	-94,37408
25020	191,36866	-131,0748	135,66372	-138,28318
25040	119,93508	-119,27632	98,3082	-93,71578
25060	77,99204	-77,98696	79,30276	-72,74407
25080	97,65284	-76,02088	125,17796	-88,47271
25100	157,94596	-110,10024	174,98532	-129,76197
25120	187,43716	-146,80212	210,37476	-155,3224
25140	230,03556	-157,28892	239,86596	-154,01237
25160	247,73007	-149,42506	251,66202	-142,21619
25180	255,59404	-135,66262	257,55998	-127,79829
25200	258,87058	-123,21076	258,21512	-116,65709
25220	258,87042	-113,38027	258,21501	-109,44807
25240	258,87033	-106,17122	257,55958	-102,23901
25260	258,2149	-99,61752	256,24879	-95,68529
25280	256,24878	-93,71917	254,93803	-91,09768
25300	255,59338	-89,13157	254,938	-86,51008
25320	255,59336	-85,8547	254,28264	-83,23321
25340	254,93799	-81,92246	254,93798	-79,95635
25360	255,59334	-79,30098	254,93797	-76,02412
25380	254,93797	-74,71335	254,93796	-72,74724
25400	256,24869	-72,09186	255,59333	-70,12575
25420	256,2487	-70,12572	255,59334	-68,1596
25440	256,24871	-68,15956	256,90407	-67,50418
25460	256,90407	-66,84879	256,24872	-64,2273
25480	256,90408	-63,5719	256,24873	-61,60578
25500	257,55946	-62,26113	256,24874	-60,29501
25520	256,90411	-58,98426	254,93803	-57,01815
25540	255,5934	-57,01812	254,93804	-55,70737
25560	255,59341	-55,70736	254,93805	-54,39661
25580	255,59341	-54,39661	254,28269	-53,08585
25600	254,93806	-53,74121	254,28269	-52,43047
25620	254,93806	-45,87677	252,97212	-26,21559
25640	252,31695	-7,20985	246,41886	20,31577
25660	239,21011	43,25398	230,03532	43,90996
25680	226,1033	43,25464	226,10336	43,91001
25700	226,75876	43,25464	226,75876	43,91001
25720	228,06948	43,25464	228,06948	43,91001
25740	229,3802	43,25464	229,3802	43,91001
25760	230,69092	43,25464	230,03556	43,91001
25780	230,69092	43,25464	230,03556	43,91001
25800	231,34628	43,25464	230,69092	43,91001
25820	231,34628	43,25464	231,34628	43,91001
25840	232,00164	43,25464	231,34628	43,91001
25860	232,657	43,25464	231,34628	43,91001
25880	232,00164	43,25464	232,657	43,91001
25900	232,657	43,25464	232,657	43,91001
25920	233,31236	43,25464	232,657	43,91001
25940	233,96772	43,25464	232,657	43,91001
25960	232,00164	43,25464	224,79268	43,91001
25980	218,89444	43,25464	214,96228	43,91001
26000	213,65156	43,25464	212,9962	43,91001
26020	214,96228	43,25464	214,30692	43,91001
26040	215,61764	43,25464	215,61764	43,91001
26060	216,273	43,25464	215,61764	43,91001
26080	216,273	43,25464	215,61764	43,91001
26100	216,92836	43,25464	216,273	43,91001
26120	217,58372	43,25464	216,92836	43,91001
26140	217,58372	43,25464	216,92836	43,91001
26160	214,30692	43,25464	201,85508	43,91001
26180	195,30148	43,25464	194,64612	43,91001
26200	196,6122	43,25464	196,6122	43,91001
26220	196,6122	43,25464	196,6122	43,91001
26240	197,26756	43,25464	197,26756	43,91001
26260	197,92292	43,25464	197,26756	43,91001
26280	197,92292	43,25464	197,26756	43,91001
26300	198,57828	43,25464	197,92292	43,91001
26320	198,57828	43,25464	197,92292	43,91001
26340	197,92292	43,25464	197,26756	43,91001
26360	198,57828	43,25464	197,92292	43,91001
26380	197,92292	43,25464	197,26756	43,91001
26400	186,12644	43,25464	177,60676	43,91001
26420	180,2282	43,25464	181,53892	43,91001
26440	180,88356	43,25464	181,53892	43,91001
26460	182,19428	43,25464	181,53892	43,91001
26480	182,84964	43,25464	181,53892	43,91001
26500	183,505	43,25464	182,19428	43,91001
26520	182,84964	43,25464	182,84964	43,91001
26540	183,505	43,25464	182,84964	43,91001
26560	184,16036	43,25464	184,16036	43,91001
26580	184,81572	43,25464	184,81572	43,91001
26600	185,47108	43,25464	184,81572	43,91001
26620	185,47108	43,25464	184,81572	43,91001
26640	185,47108	43,25464	185,47108	43,91001
26660	186,12644	43,25464	185,47108	43,91001
26680	186,12644	43,25464	185,47108	43,91001
26700	186,12644	43,25464	185,47108	43,91001
26720	184,81572	43,25464	172,36384	43,91001
26740	157,29031	43,25464	148,11519	43,91001
26760	146,80447	43,25464	146,80448	43,91001
26780	148,1152	43,25464	148,11519	43,91001
26800	148,77056	43,25464	148,1152	43,91001
26820	149,42592	43,25464	148,77056	43,91001
26840	149,42593	43,25464	148,11521	43,91001
26860	149,42593	43,25464	149,42594	43,91001
26880	150,0813	43,25464	150,08131	43,91001
26900	150,08132	43,25464	149,42596	43,91001
26920	150,73668	43,25464	150,08133	43,91001
26940	150,73669	43,25464	144,83838	43,91001
26960	142,87225	43,25464	143,52763	43,91001
26980	144,83836	43,25464	143,52764	43,91001
27000	144,183	43,25464	143,52764	43,91001
27020	144,183	43,25464	144,18298	43,91001
27040	145,49367	43,25464	144,83822	43,91001
27060	146,8041	43,25464	148,11436	43,90967
27080	151,39067	-23,59386	146,14786	-74,71292
27100	102,89444	-102,23783	64,22854	-109,44585
27120	41,29078	-108,78958	22,94045	-108,78922
27140	14,42036	-117,96462	6,55544	-123,20819
27160	-1,30955	-119,27672	0,00059000000000253	-107,48067
27180	5,89842	-92,40746	2,62137	-73,40175
27200	-13,10745	-57,6728	-26,87011	-40,63314
27220	-36,04517	-27,52567	-47,84165	-15,0736
27240	-55,70594	-5,89838	-60,9488	2,62147
27260	-60,29341	10,48591	-60,94874	18,35036
27280	-60,29335	22,93798	-60,94869	28,18094
27300	-60,29332	31,45779	-60,94866	35,39002
27320	-60,29328	37,35615	-60,94863	39,97763
27340	-60,29326	41,94375	-60,94862	43,90988
27360	-60,29324	43,25455	-60,9486	43,90994
27380	-60,29323	43,2546	-60,94859	43,90999
27400	-60,29322	43,25464	-60,94858	43,91001
27420	-60,29321	43,25464	-60,94856	43,91001
27440	-60,29319	43,25464	-60,94855	43,91001
27460	-60,29318	43,25464	-60,94853	43,91001
27480	-60,29316	43,25464	-60,94851	43,91001
27500	-60,29314	43,25464	-60,94849	43,91001
27520	-60,29311	43,25464	-60,94847	43,91001
27540	-60,2931	43,25464	-60,94846	43,91001
27560	-60,29309	43,25464	-60,94841	43,91001
27580	-60,29302	43,25464	-60,94838	43,91001
27600	-60,29302	43,25464	-60,94837	43,91001
27620	-60,29302	43,25464	-60,94838	43,91001
27640	-60,29302	43,25464	-60,94838	43,91001
27660	-60,29302	43,25464	-60,94838	43,91001
27680	-60,29302	43,25464	-60,94837	43,91001
27700	-60,293	43,25464	-60,94836	43,91001
27720	-60,293	43,25464	-60,94835	43,91001
27740	-60,293	43,25464	-60,94836	43,91001
27760	-60,293	43,25464	-60,94836	43,91001
27780	-60,29301	43,25464	-60,94837	43,91001
27800	-60,293	43,25464	-60,94837	43,91001
27820	-60,29301	43,25464	-60,94837	43,91001
27840	-60,29301	43,25464	-60,94836	43,91001
27860	-60,293	43,25464	-60,94835	43,91001
27880	-60,29293	43,25464	-60,94826	43,91001
27900	-60,29287	43,25464	-60,94822	43,91001
27920	-60,29287	43,25464	-60,94823	43,91001
27940	-60,29287	43,25464	-60,94824	43,91001
27960	-60,29288	43,25464	-60,94824	43,91001
27980	-60,29288	43,25464	-60,94824	43,91001
28000	-60,29287	43,25464	-60,94823	43,91001
28020	-60,29286	43,25464	-60,94823	43,91001
28040	-60,29287	43,25464	-60,94823	43,91001
28060	-60,29287	43,25464	-60,94821	43,91001
28080	-60,29283	43,25464	-60,94819	43,91001
28100	-60,29283	43,25464	-60,94819	43,91001
28120	-60,29283	43,25464	-60,94819	43,91001
28140	-60,29283	43,25464	-60,94819	43,91001
28160	-60,29283	43,25464	-60,94819	43,91001
28180	-60,29283	43,25464	-60,94819	43,91001
28200	-60,29283	43,25464	-60,94819	43,91001
28220	-60,29284	43,25464	-60,9482	43,91001
28240	-60,29284	43,25464	-60,94821	43,91001
28260	-60,29284	43,25464	-60,94821	43,91001
28280	-60,29284	43,25464	-60,9482	43,91001
28300	-60,29284	43,25464	-60,94821	43,91001
28320	-60,29284	43,25464	-60,94817	43,91001
28340	-60,29278	43,25464	-60,94813	43,91001
28360	-60,29277	43,25464	-60,94814	43,91001
28380	-60,29277	43,25464	-60,94814	43,91001
28400	-60,29278	43,25464	-60,94814	43,91001
28420	-60,29278	43,25464	-60,94814	43,91001
28440	-60,29277	43,25464	-60,94813	43,91001
28460	-60,29277	43,25464	-60,94813	43,91001
28480	-60,29276	43,25464	-60,94812	43,91001
28500	-60,29276	43,25464	-60,94812	43,91001
28520	-60,29276	43,25464	-60,94812	43,91001
28540	-60,29276	43,25464	-60,94812	43,91001
28560	-60,29276	43,25464	-60,94812	43,91001
28580	-60,29276	43,25464	-60,94811	43,91001
28600	-60,29275	43,25464	-60,9481	43,91001
28620	-60,29274	43,25464	-60,9481	43,91001
28640	-60,29275	43,25464	-60,94811	43,91001
28660	-60,29275	43,25464	-60,94811	43,91001
28680	-60,29275	43,25464	-60,94812	43,91001
28700	-60,29276	43,25464	-60,94813	43,91001
28720	-60,29277	43,25464	-60,94814	43,91001
28740	-60,29282	43,25464	-60,94825	43,91001
28760	-60,293	43,25464	-43,90926	13,76295
28780	-11,79688	-46,53154	17,69482	-89,13081
28800	34,73535	-106,82542	53,74196	-102,89283
28820	89,1319	-91,75165	129,76412	-75,36781
28840	165,8087	-51,77476	178,91583	-22,28297
28860	161,22091	8,5197	150,07985	34,07935
28880	149,42465	43,25464	146,80336	43,91001
28900	145,49277	43,25464	142,87145	43,91001
28920	142,87155	43,25464	140,90555	43,91001
28940	140,90562	43,25464	139,59496	43,91001
28960	139,595	43,25464	138,28432	43,91001
28980	138,93972	43,25464	138,28438	43,91001
29000	138,93977	43,25464	137,62906	43,91001
29020	137,62908	43,25464	138,28445	43,91001
29040	138,28446	43,25464	138,28447	43,91001
29060	138,28448	43,25464	138,28448	43,91001
29080	138,93984	43,25464	138,28449	43,91001
29100	138,93987	43,25464	138,28451	43,91001
29120	138,93987	43,25464	138,28452	43,91001
29140	144,83822	43,25464	150,08126	43,91001
29160	149,4259	43,25464	147,45981	43,91001
29180	148,77054	43,25464	148,77054	43,91001
29200	148,77054	43,25464	148,11518	43,91001
29220	148,77054	43,25464	148,11517	43,91001
29240	148,77053	43,25464	148,77053	43,91001
29260	148,77053	43,25464	148,77053	43,91001
29280	149,4259	43,25464	148,11518	43,91001
29300	149,4259	43,25464	148,77054	43,91001
29320	149,4259	43,25464	148,77054	43,91001
29340	149,4259	43,25464	148,77054	43,91001
29360	149,4259	43,25464	148,77053	43,91001
29380	148,77054	43,25464	148,77054	43,91001
29400	149,4259	43,25464	148,77054	43,91001
29420	150,08126	43,25464	149,42589	43,91001
29440	150,08125	43,25464	149,42589	43,91001
29460	150,08126	43,25464	149,42589	43,91001
29480	150,73661	43,25464	149,42589	43,91001
29500	150,73659	43,25464	150,08122	43,91001
29520	151,39194	43,25464	150,0812	43,91001
29540	151,3919	43,25464	152,04724	43,91001
29560	153,35793	43,25464	154,01324	43,91001
29580	157,28995	43,25464	161,87726	43,91001
29600	168,43046	27,52599	173,67284	-21,6272
29620	190,05656	-67,50344	181,53698	-95,02913
29640	159,91063	-104,20405	154,6685	-96,99447
29660	155,32424	-89,78468	148,77083	-81,91962
29680	139,59588	-77,98696	128,45476	-72,74407
29700	119,27972	-70,778	111,4154	-66,19047
29720	106,17252	-64,2244	102,24036	-60,94759
29740	100,92964	-60,29224	96,99748	-58,32615
29760	93,06532	-57,6708	89,13316	-55,04935
29780	86,51172	-54,394	82,57956	-51,77255
29800	77,99204	-51,1172	72,74916	-49,80647
29820	68,16164	-48,49576	62,2634	-46,52967
29840	58,33124	-45,87432	53,08836	-44,56359
29860	50,46692	-43,90824	45,22404	-42,59751
29880	45,22404	-43,90824	43,91332	-44,56359
29900	44,56868	-48,49576	45,8794	-51,77255
29920	50,46692	-55,04936	49,15618	-55,04935
29940	43,25789	-54,394	29,4953	-49,15111
29960	15,73279	-43,90824	0,0041500000000028	-38,00999
29980	-12,44776	-36,04392	-19,00144	-34,73319
