T	LX	LY	RX	RY
0	0	0	0	0
20	0	-0,65537	-0,65536	-0,65537
40	-0,65536	-1,31075	-0,65536	-1,31076
60	-0,65536	-1,96613	-0,65536	-2,6215
80	-1,31071	-3,27687	-1,31071	-3,27688
100	-1,3107	-3,93225	-1,31069	-3,93226
120	-1,31069	-4,58763	-1,96605	-3,93227
140	-1,31068	-5,243	-1,31068	-5,243
160	-1,31067	-5,24302	-1,31068	-5,89838
180	-3,93214	-7,20912	-3,27678	-6,55375
200	-2,6214	-6,55374	-3,27676	-6,55374
220	-3,27676	-6,55375	-3,27676	-5,89838
240	-3,27676	-6,55375	-3,93212	-6,55375
260	-3,93213	-6,55375	-3,93213	-6,55375
280	-3,93213	-7,20911	-3,93213	-6,55375
300	-3,93212	-7,20911	-3,93212	-7,20911
320	-4,58748	-7,20911	-4,58748	-7,20911
340	-5,24284	-7,86448	-4,58748	-7,20912
360	-4,58748	-7,86448	-4,58748	-7,86448
380	-5,24284	-7,86448	-5,24284	-7,86448
400	-5,24284	-7,86448	-5,8982	-7,20912
420	-5,8982	-7,20912	-5,24284	-7,20911
440	-5,8982	-7,20911	-5,8982	-7,20911
460	-6,55356	-6,55375	-6,55356	-6,55375
480	-6,55356	-6,55375	-6,55356	-6,55375
500	-7,20892	-6,55375	-6,55357	-6,55375
520	-5,24284	-7,20912	-3,27673	-6,55375
540	-2,62137	-6,55375	-2,62139	-5,89838
560	-2,62138	-5,24302	-1,96603	-5,24301
580	-2,62139	-5,24301	-1,96603	-3,93229
600	-1,96602	-4,58765	-1,31067	-3,93228
620	-1,31067	-3,93229	-1,31067	-3,93228
640	-1,31067	-3,93229	-1,31067	-3,93229
660	-1,31067	-3,93229	-1,31067	-3,93229
680	-1,31067	-3,93229	-1,31067	-3,93229
700	-1,31067	-3,93229	-1,31068	-3,27694
720	-1,96604	-3,9323	-1,96604	-3,9323
740	-1,96604	-3,9323	-1,96604	-3,93229
760	-1,96604	-3,9323	-1,96605	-3,93229
780	-1,96604	-3,27694	-1,96605	-3,27694
800	-1,96604	-3,27693	-1,96605	-3,27693
820	-1,31069	-3,27693	-1,96605	-2,62157
840	-1,3107	-3,27693	-1,96605	-2,62156
860	-1,31069	-3,27692	-1,3107	-2,62156
880	-1,3107	-2,62156	-1,3107	-2,62156
900	-0,65535	-3,27692	-0,65535	-3,27692
920	-0,65535	-3,93228	1,0000000003174E-5	-3,27692
940	0,65536	-4,58765	1,96608	-4,58765
960	1,96607	-5,24301	2,62143	-5,24301
980	3,27678	-6,55376	3,93213	-6,55376
1000	3,93213	-7,20914	3,93212	-7,8645
1020	3,27676	-8,51988	3,93212	-9,17525
1040	11,14116	-7,86456	20,3163	-7,86455
1060	17,03948	-7,86456	14,41801	-7,86454
1080	14,41801	-7,86455	14,41801	-7,86455
1100	13,76265	-8,51992	13,76264	-8,51992
1120	13,10729	-8,51992	13,76264	-8,51992
1140	13,76265	-8,51992	13,10729	-8,51993
1160	13,10728	-8,51993	13,10728	-9,17529
1180	13,10728	-8,51994	13,10728	-9,17529
1200	13,76264	-8,51993	13,76263	-8,51993
1220	13,76263	-8,51993	13,76263	-8,51993
1240	13,76262	-8,51993	13,76261	-8,51992
1260	14,41798	-9,17529	14,41798	-8,51992
1280	14,41798	-8,51992	14,41797	-8,51992
1300	15,07334	-8,51992	15,07334	-7,86456
1320	15,07334	-8,51992	15,07334	-7,2092
1340	17,69482	-7,2092	19,00556	-6,55384
1360	18,35019	-5,89847	17,69483	-4,58774
1380	17,03948	-4,58775	17,03948	-3,93238
1400	16,38412	-3,93239	15,72876	-3,27702
1420	15,72877	-3,27702	15,0734	-2,62165
1440	15,07341	-3,27701	14,41805	-1,96628
1460	14,41805	-2,62164	15,07342	-1,31092
1480	17,03962	3,27659	26,87016	3,93197
1500	24,24872	4,58734	21,62726	5,89807
1520	20,97191	6,55344	20,31654	7,20881
1540	19,66119	7,20882	19,66118	7,20962
1560	19,66118	7,20882	19,66118	7,20883
1580	19,00582	7,20883	19,00581	7,20883
1600	19,00582	7,20882	19,66117	7,20882
1620	19,00581	7,20882	19,00581	7,86418
1640	18,35046	7,20882	16,38436	5,89811
1660	14,41824	5,24275	14,41825	6,55349
1680	15,07362	6,55349	15,07362	7,20886
1700	15,07362	7,20886	15,07362	8,51959
1720	15,07362	7,86423	15,07362	8,51959
1740	15,07363	7,86423	15,07363	9,17496
1760	14,41827	9,17496	14,41827	9,17497
1780	13,76292	9,17497	13,10756	9,83034
1800	13,10756	9,83034	12,4522	9,83034
1820	11,79685	9,83034	13,76294	11,14106
1840	32,76853	13,76251	42,59902	14,41789
1860	39,97759	15,07326	38,66685	15,07326
1880	39,97757	14,41789	40,63293	13,76254
1900	42,599	12,45182	43,25436	12,45182
1920	43,90971	11,79645	43,90971	10,48574
1940	45,22042	9,83037	45,22042	9,83037
1960	43,9097	9,83038	43,25433	10,48574
1980	43,25434	10,48574	43,25433	10,48574
2000	43,25433	10,48574	42,59898	11,1411
2020	42,59897	11,1411	43,25434	11,1411
2040	42,59898	11,14109	42,59897	11,79646
2060	51,77406	12,45182	63,57064	14,41792
2080	64,88139	15,07329	63,57065	15,07329
2100	62,91529	15,07329	62,91529	15,0733
2120	62,25993	15,0733	62,91528	15,07329
2140	62,25992	13,76256	62,91528	13,76256
2160	62,91528	13,10719	63,57063	12,45183
2180	63,57063	11,1411	63,57063	11,1411
2200	63,57061	9,83036	63,57061	8,51964
2220	62,2599	7,86428	62,91525	7,86428
2240	62,25989	7,20892	61,60454	7,20892
2260	65,53677	8,51964	65,53679	8,51965
2280	63,57071	9,17501	62,91534	9,83039
2300	62,91534	10,48575	62,91534	11,79648
2320	62,25998	12,45183	61,60462	13,76256
2340	60,94926	13,76256	60,94927	15,07329
2360	60,29391	15,07329	60,29391	15,72865
2380	58,98319	15,72865	58,32783	15,72865
2400	57,67248	16,384	56,36176	17,03937
2420	56,36176	17,03937	55,7064	17,03937
2440	55,70641	17,03937	55,70641	17,69474
2460	55,05105	17,69473	55,05106	18,3501
2480	55,05106	17,69474	55,05106	17,69474
2500	55,05106	17,69474	55,05106	18,3501
2520	55,70642	17,69474	55,70641	19,00546
2540	55,70641	18,3501	56,36177	19,00547
2560	55,7064	18,3501	55,70639	19,00547
2580	56,36176	19,00546	55,7064	19,00546
2600	55,05103	19,00546	55,05104	20,31618
2620	55,05103	20,31618	53,74032	20,31618
2640	53,74032	20,31618	53,74033	20,31617
2660	53,74038	20,97152	53,74038	21,6269
2680	53,08502	22,28226	52,42966	22,93763
2700	51,7743	22,93762	51,77429	23,59299
2720	51,77429	22,93762	51,7743	23,59298
2740	51,7743	22,93762	51,77429	23,59298
2760	51,11893	22,93762	51,11893	22,93762
2780	51,7743	22,93762	51,77429	22,93762
2800	51,77429	22,28225	52,42965	22,28226
2820	51,77429	22,28225	51,77429	22,28225
2840	51,77429	21,62689	51,11893	21,62689
2860	51,11893	20,97153	51,11892	20,97153
2880	51,11892	20,31616	50,46356	20,31616
2900	50,46355	19,6608	50,46355	19,6608
2920	51,11891	19,6608	51,11891	19,66079
2940	51,11892	18,35007	51,77428	19,00543
2960	51,77428	19,00542	52,42964	18,35006
2980	52,42965	18,35005	52,42965	18,35006
3000	53,08503	19,0054	51,11909	22,93756
3020	55,70676	23,59293	54,39605	24,2483
3040	51,77459	24,90366	51,11923	25,55902
3060	51,11923	24,90366	50,46387	25,55902
3080	49,80852	25,55902	49,80851	25,55902
3100	49,80852	24,90366	49,80851	25,55902
3120	49,15316	25,55902	49,15315	25,55901
3140	47,84244	25,5597	48,4978	26,21437
3160	48,4978	25,559	47,18708	26,21437
3180	47,18709	26,21437	46,53172	25,55901
3200	45,22099	24,24829	45,221	25,55901
3220	45,22101	26,21438	45,221	26,86974
3240	44,56565	26,21438	44,56565	26,21438
3260	44,56564	26,21437	44,56564	26,21438
3280	44,56564	26,21438	44,56564	26,86974
3300	44,56564	26,86975	44,56564	26,86975
3320	43,91028	26,86975	43,91027	28,18047
3340	43,25492	27,52511	43,25492	28,18047
3360	42,59956	28,18047	43,25493	28,18047
3380	43,91029	28,18047	43,91028	28,83584
3400	43,25492	28,83584	43,25492	28,83584
3420	43,25493	28,83583	42,59956	29,4912
3440	43,25493	28,83584	43,25492	28,83584
3460	43,25493	28,83584	43,25493	29,4912
3480	43,25493	29,49119	43,25492	29,4912
3500	42,59956	29,4912	43,25492	29,4912
3520	43,25492	29,49119	43,25492	29,4912
3540	43,91011	20,31615	39,32218	9,17501
3560	3,9324	0,65532	7,20908	-4,58757
3580	8,51983	-3,93221	10,48593	-2,62148
3600	10,48593	-2,62148	9,83057	-1,31075
3620	9,17521	-1,31076	9,17521	-1,31075
3640	9,17522	-1,31076	9,17522	-1,31077
3660	9,17523	-1,31077	9,17523	-0,6554
3680	9,17524	-0,6554	9,17524	-4,0000000005591E-5
3700	7,86448	-2,62149	2,62147	-5,8983
3720	1,31074	-5,8983	2,62149	-5,24293
3740	2,62149	-5,24293	2,62149	-4,58757
3760	2,62149	-5,24294	1,96613	-4,58758
3780	1,96612	-4,58759	1,96612	-4,58759
3800	1,31076	-5,24296	1,31076	-5,24296
3820	1,31076	-5,89833	1,31077	-5,24297
3840	0,65541	-5,24298	1,31077	-5,89834
3860	-1,96607	-7,86442	-2,62145	-7,20907
3880	-2,62143	-7,20906	-1,96607	-6,5537
3900	-2,62143	-7,20906	-2,62143	-6,5537
3920	-2,62143	-7,20907	-2,62143	-6,55371
3940	-3,27679	-7,20907	-3,27679	-7,20908
3960	-3,27679	-7,20908	-3,93215	-7,20909
3980	-3,93215	-7,86445	-3,93215	-7,86446
4000	-3,2768	-8,51982	-2,62144	-8,51982
4020	-2,62144	-8,51983	-1,96609	-8,51983
4040	-1,31073	-8,51983	-1,31073	-7,86447
4060	-1,31073	-7,86447	-1,31073	-7,86447
4080	-1,31073	-7,86447	2,62147	-5,8984
4100	9,83056	-4,58769	11,14132	-3,93233
4120	9,17523	-3,27697	9,17522	-2,62159
4140	8,51986	-2,6216	8,51986	-2,6216
4160	7,8645	-2,62161	7,8645	-2,6216
4180	7,86449	-2,62161	7,86449	-2,62161
4200	7,86449	-2,62161	7,86449	-2,62161
4220	8,51986	-2,62161	9,17521	-1,96625
4240	9,17522	-1,96624	9,83058	-1,31006
4260	9,83058	-1,31087	10,48594	-0,65551
4280	10,48594	-1,31088	10,48594	-0,65551
4300	10,48594	-0,65552	11,1413	-0,65551
4320	10,48593	-1,31088	9,1753	1,96589
4340	17,03975	3,93198	19,00587	4,58735
4360	17,03978	4,58735	16,38441	5,24271
4380	16,38442	4,58735	15,72906	5,24271
4400	15,72906	4,58734	15,72906	5,2427
4420	15,72906	4,58734	15,72905	4,58733
4440	15,07369	4,58732	14,41833	4,58732
4460	14,41833	3,93195	14,41833	3,93196
4480	13,76297	3,27659	13,76296	3,27659
4500	13,76296	3,27658	13,76296	3,27658
4520	13,1076	2,62122	13,10759	2,62121
4540	13,1076	2,6212	12,45223	1,96584
4560	12,45223	1,31047	12,45223	1,96583
4580	12,45223	0,6551	13,10759	1,96582
4600	30,80241	3,9319	45,22043	4,58728
4620	43,90972	4,58727	41,94363	4,58728
4640	41,94363	4,58728	41,28827	4,58728
4660	40,63291	4,58728	40,63291	5,24264
4680	40,63291	4,58727	41,28827	5,24264
4700	40,63291	4,58728	40,63291	5,24263
4720	40,63292	4,58727	40,63292	4,58728
4740	40,63292	4,58727	40,63292	4,58727
4760	41,28827	4,58726	41,28827	5,24262
4780	41,28827	4,58725	41,94362	5,24262
4800	41,94362	4,58726	42,59898	4,58726
4820	42,59897	4,58725	41,94361	4,58726
4840	41,94361	4,58725	42,59897	4,58725
4860	43,25433	4,58725	43,25432	5,24261
4880	43,25433	4,58725	43,90969	5,2426
4900	55,70628	5,89796	62,91537	5,89796
4920	60,94929	6,55331	59,63856	7,20868
4940	58,9832	7,86404	58,9832	7,20868
4960	57,67248	7,20867	57,67247	7,20868
4980	57,01711	7,20867	57,01711	7,20867
5000	57,01711	6,55331	57,01711	7,20867
5020	56,36175	6,55331	56,36175	7,20867
5040	57,01711	6,55331	57,01718	7,86403
5060	57,01721	7,86404	56,36185	8,5194
5080	55,70648	8,5194	55,05112	8,5194
5100	55,05112	8,5194	55,05112	8,5194
5120	54,39576	7,86403	54,39576	8,51939
5140	53,7404	7,20866	53,08504	7,20865
5160	53,08503	5,89791	52,42966	5,24253
5180	51,77429	3,93178	51,77429	3,27639
5200	51,11892	2,62101	50,46357	1,96564
5220	50,46356	1,31027	49,8082	0,65490999999999
5240	49,80822	0,65492	49,80824	0,65492
5260	49,1529	-0,00044000000000466	49,15292	0,65490999999999
5280	48,49757	0,65488999999999	45,22088	4,58703
5300	49,15313	4,58702	47,84241	5,89775
5320	45,8763	6,55311	45,8763	7,20847
5340	45,87629	7,86383	45,22092	8,5192
5360	45,22092	8,5192	44,56555	8,51921
5380	44,56554	9,17457	43,91018	9,17458
5400	43,25481	9,17458	43,25481	9,82996
5420	42,59945	9,82996	42,59943	9,82997
5440	41,94408	9,82997	41,94407	10,48534
5460	41,28871	9,82998	41,94407	10,48536
5480	41,94408	10,48536	41,28871	11,14073
5500	41,28871	11,14073	41,28871	11,7961
5520	41,28871	11,79611	41,28872	11,79612
5540	41,28872	12,45148	41,28872	12,45148
5560	41,28873	12,45148	41,28872	13,10685
5580	41,94408	12,45148	41,28872	13,10685
5600	41,28872	13,10684	41,94409	13,76221
5620	44,56556	14,41759	44,56557	15,07296
5640	44,56556	15,07296	44,56556	15,72833
5660	44,56557	15,72832	44,56556	16,38369
5680	44,56556	16,38369	44,56556	16,38369
5700	44,56556	16,38368	44,56556	16,38368
5720	45,22092	16,38367	45,22091	16,38367
5740	45,87628	16,38365	46,53164	16,38364
5760	47,187	15,72827	47,187	15,72827
5780	43,91011	8,5193	53,74017	-4,58794
5800	11,14139	-16,38446	9,17515	-20,97198
5820	12,45199	-19,00588	14,41811	-17,03977
5840	14,41811	-16,3844	13,76274	-15,07367
5860	13,76275	-14,4183	13,10739	-13,76292
5880	13,10739	-13,76292	12,45203	-12,45219
5900	12,45203	-12,45218	12,45203	-11,79681
5920	11,79667	-11,7968	11,79668	-10,48607
5940	11,14132	-10,48606	11,79668	-9,17533
5960	11,14132	-9,17533	11,14132	-9,17533
5980	12,45201	-12,45213	10,48581	-13,76285
6000	9,17509	-13,10747	10,48583	-12,45209
6020	11,1412	-12,45208	10,48583	-11,79671
6040	10,48584	-11,79671	10,48583	-11,14134
6060	9,17511	-11,7967	9,17511	-11,14134
6080	9,17511	-11,14134	8,51975	-11,14134
6100	8,51975	-11,14135	8,51975	-11,14134
6120	7,86439	-11,79671	8,51974	-11,79671
6140	7,86438	-11,79672	8,51974	-11,79671
6160	6,55363	-14,41816	1,96603	-15,72888
6180	1,96603	-15,72887	3,27676	-15,0735
6200	3,27676	-15,0735	3,27675	-15,0735
6220	3,27676	-15,0735	3,27675	-15,0735
6240	3,27675	-15,0735	3,27675	-15,0735
6260	3,27675	-15,0735	3,9321	-15,0735
6280	3,93211	-15,07351	3,27674	-15,0735
6300	3,9321	-15,72888	3,9321	-15,07351
6320	3,27674	-15,72887	3,27673	-15,07352
6340	3,93209	-15,72889	3,27673	-15,72888
6360	3,27674	-15,72889	3,27673	-15,72889
6380	2,62137	-15,72889	2,62136	-15,72889
6400	8,51965	-15,07356	19,00556	-13,76283
6420	20,31633	-13,10748	18,35022	-12,45211
6440	17,69486	-12,45212	17,69486	-11,14139
6460	17,69487	-11,1414	17,69486	-11,1414
6480	17,69486	-11,14141	17,69485	-11,14141
6500	17,69485	-11,14142	18,3502	-11,14143
6520	18,35019	-11,79681	18,35018	-11,79681
6540	18,35018	-12,45218	17,69481	-11,79683
6560	17,69481	-12,4522	17,6948	-12,4522
6580	17,6948	-13,10756	17,69479	-13,10757
6600	17,6948	-12,45223	16,38423	-8,52008
6620	20,97185	-9,17545	16,38431	-8,52009
6640	13,76285	-7,86472	13,76286	-7,86472
6660	13,1075	-8,52008	12,45213	-7,86473
6680	11,79678	-8,52009	11,79677	-7,86472
6700	10,48606	-7,86473	10,48606	-7,20936
6720	9,17534	-7,20936	9,17534	-7,20936
6740	9,17534	-7,20936	8,51999	-7,20935
6760	8,51999	-7,20935	7,86463	-7,20935
6780	7,86463	-7,20935	7,86463	-6,55399
6800	7,20927	-7,20936	6,55391	-7,20936
6820	6,55391	-7,20936	6,55391	-6,554
6840	5,89855	-7,20936	5,89855	-7,20936
6860	5,89855	-7,86473	20,31654	-4,58793
6880	51,11865	-1,96647	54,39551	-1,31109
6900	51,11869	-1,31109	50,46332	-0,65572
6920	51,11868	-0,65573000000001	51,11868	-0,65573000000001
6940	50,46332	-0,65573000000001	50,46331	-0,00037000000000376
6960	50,46331	-0,00037000000000376	50,4633	-0,00037000000000376
6980	50,46331	-0,00037000000000376	49,80794	-0,00036000000000058
7000	50,4633	-0,00037000000000376	50,4633	-0,00037000000000376
7020	50,4633	-0,00037000000000376	50,4633	-0,00037000000000376
7040	50,4633	-0,65573000000001	50,4633	-0,00037000000000376
7060	50,4633	-0,00037000000000376	49,80793	-0,00037000000000376
7080	50,46329	-0,65573000000001	49,80793	-0,00037000000000376
7100	49,80793	-0,65573000000001	49,80793	-0,00037000000000376
7120	52,42943	0,65497999999999	53,7402	1,31034
7140	52,42948	1,31035	51,77411	1,96571
7160	51,77411	1,96571	51,11875	1,96572
7180	51,11875	1,96571	51,11875	1,96571
7200	50,46339	1,96571	50,46339	1,9657
7220	50,46339	1,31034	50,46339	1,31035
7240	50,46339	1,31034	50,46339	1,9657
7260	49,80803	1,31034	49,80803	1,31034
7280	49,80804	1,31033	49,80804	1,31033
7300	49,80804	0,65496	47,84202	1,96566
7320	53,74046	5,89781	57,67271	6,55317
7340	55,05127	7,20853	53,08518	7,20854
7360	52,42982	7,86389	51,77446	8,51925
7380	51,1191	7,86389	51,1191	7,86389
7400	50,46374	7,86388	49,80838	8,51924
7420	49,80839	7,86387	49,15302	7,86388
7440	49,15302	7,86387	48,49766	8,51923
7460	48,49766	7,2085	47,8423	7,2085
7480	47,8423	7,20849	47,18694	7,20849
7500	47,18694	6,55312	54,39594	5,24237
7520	66,1925	5,24237	66,19251	5,89774
7540	65,53714	5,89774	64,88177	6,55311
7560	64,22642	6,5531	63,57105	6,55311
7580	62,91569	6,55309	62,91569	6,5531
7600	62,26032	5,89773	62,26032	5,89774
7620	61,60497	5,89773	60,9496	5,24236
7640	60,9496	5,24236	60,94959	4,587
7660	45,87623	1,3102	39,32247	-2,62194
7680	38,66707	-3,27728	40,63317	-2,62191
7700	41,28853	-2,62191	40,63317	-1,96654
7720	40,63316	-2,62191	41,28852	-1,96654
7740	41,28852	-1,96654	41,28852	-1,31118
7760	41,28852	-1,31118	41,94388	-1,31118
7780	41,94388	-1,31118	41,94388	-0,65582000000001
7800	41,94388	-1,31118	42,59923	-0,65582000000001
7820	42,59923	-0,65583	42,59923	-0,65583
7840	42,59923	-0,65583	46,53148	3,27633
7860	61,60492	3,27632	64,22639	4,58706
7880	61,60494	5,89779	60,94957	6,55316
7900	60,94957	6,55316	61,60494	7,20852
7920	60,94957	7,20852	60,94957	7,86388
7940	60,94957	7,86388	60,94957	8,51924
7960	60,94957	7,86388	60,94957	8,51924
7980	60,94957	8,51924	60,94956	8,51924
8000	60,94956	8,51924	60,94956	8,52034
8020	60,94956	8,51924	60,2942	7,86388
8040	49,80838	5,24244	42,5993	1,96565
8060	41,28856	1,96565	43,25467	2,62102
8080	43,91003	2,62102	43,25467	2,62102
8100	42,59931	2,62102	42,59931	2,62102
8120	42,59931	2,62102	42,59931	3,27638
8140	41,94395	2,62102	41,94395	2,62102
8160	41,94395	2,62102	41,28859	2,62102
8180	41,28859	2,62101	40,63323	2,62102
8200	41,2886	2,62101	40,63324	3,27638
8220	40,63324	3,27638	-48,49571	3,93174
8240	40,63326	3,93174	39,9779	4,5871
8260	40,63326	4,5871	39,97791	5,24247
8280	39,97791	5,24247	39,32256	5,89783
8300	39,32256	5,89782	39,32256	5,89783
8320	38,6672	5,24246	34,73495	-1,96653
8340	29,49192	-7,20946	30,14725	-6,55409
8360	32,11336	-5,89871	32,76872	-5,89871
8380	32,76871	-5,89872	32,7687	-5,89871
8400	33,42407	-5,89872	34,07942	-5,24336
8420	34,07942	-4,588	34,73478	-3,93263
8440	34,73478	-3,93264	34,73478	-3,93263
8460	34,73478	-3,93264	35,39014	-3,27727
8480	35,39015	-3,93263	35,39014	-3,27728
8500	36,0455	-3,27728	36,0455	-3,93265
8520	36,0455	-3,93265	36,04549	-3,93266
8540	38,66685	-9,83091	14,4183	-15,72916
8560	-3,93194	-20,31668	-3,27662	-20,31668
8580	-1,31052	-20,31667	-1,31051	-19,6613
8600	-1,96588	-19,66131	-1,96588	-19,00595
8620	-1,96587	-19,66131	-1,96588	-19,00595
8640	-1,96588	-19,00595	-1,96588	-19,00595
8660	-1,96588	-19,66131	-1,96588	-19,00595
8680	-1,96588	-19,66131	-1,96588	-19,66131
8700	-2,62124	-19,66132	-2,62124	-19,00596
8720	0,65553	-22,93813	7,20903	-25,55958
8740	7,86438	-26,21493	9,17511	-25,55956
8760	9,17512	-25,55956	9,17512	-24,9042
8780	9,17512	-24,9042	8,51976	-24,9042
8800	8,51976	-25,55956	8,51976	-24,9042
8820	7,8644	-25,55956	7,8644	-24,9042
8840	7,8644	-25,55957	7,8644	-24,9042
8860	7,8644	-25,55957	7,8644	-25,55957
8880	7,20904	-25,55957	7,20904	-25,55958
8900	7,20904	-26,21494	7,20904	-25,55958
8920	7,20905	-25,55958	7,20905	-25,55957
8940	7,20809	-25,55957	7,86441	-24,24884
8960	8,51978	-24,24884	9,17515	-23,59347
8980	9,83052	-22,9381	10,48588	-22,28273
9000	10,48588	-21,62736	11,14125	-20,97199
9020	11,79661	-20,97199	12,45197	-20,31662
9040	13,10733	-20,31662	13,76269	-20,31662
9060	13,76269	-20,31662	14,41805	-20,31662
9080	14,41805	-19,66126	15,07346	-17,69517
9100	16,3842	-18,35052	15,72883	-17,0398
9120	15,07347	-17,03979	15,07347	-17,03979
9140	16,38412	-20,97196	11,79646	-22,93804
9160	11,1411	-22,28268	13,10721	-22,28267
9180	13,10721	-22,28267	13,10721	-21,62732
9200	13,10721	-22,28268	12,45184	-22,28268
9220	12,45184	-22,93805	11,79647	-22,93805
9240	11,79647	-23,59342	11,79647	-23,59342
9260	11,1411	-24,24879	10,48574	-24,24878
9280	9,83038	-24,90415	9,17502	-24,90415
9300	9,17501	-25,55952	9,17501	-25,55953
9320	9,17501	-25,55953	9,17501	-25,55953
9340	9,17501	-25,55953	8,51965	-24,90418
9360	8,51966	-25,55954	8,51966	-24,90418
9380	8,51967	-24,90419	8,51967	-24,90419
9400	8,51968	-25,55956	7,86433	-25,55956
9420	7,86433	-25,55957	8,51971	-25,55957
9440	14,41806	-20,97206	16,38436	-17,0399
9460	16,38444	-17,69526	11,79689	-16,38453
9480	9,83082	-16,38453	8,52012	-15,72918
9500	6,55404	-16,38455	5,24332	-16,38455
9520	3,93259	-17,03992	2,62187	-17,69528
9540	1,96652	-17,69528	1,31115	-17,69529
9560	0,65579	-18,35066	0,00043000000000148	-17,6953
9580	0,00043000000000148	-18,35066	9,17553	-16,38458
9600	14,41848	-17,6953	12,45239	-16,38458
9620	10,4863	-16,38458	10,4863	-15,72922
9640	9,83093	-16,38458	9,83093	-16,38458
9660	9,17556	-16,3846	9,17556	-17,03996
9680	8,52019	-17,69533	8,52018	-17,03996
9700	7,86482	-17,69533	7,86481	-17,69533
9720	7,86481	-17,69533	7,8648	-17,69532
9740	7,8648	-17,69532	7,86479	-17,69531
9760	7,86479	-17,69531	7,86479	-17,69531
9780	7,86478	-17,6953	7,86478	-17,6953
9800	7,86478	-17,6953	8,52014	-17,6953
9820	8,52014	-17,6953	8,52013	-17,03994
9840	8,52013	-17,03994	8,52013	-16,38457
9860	9,17549	-17,03994	15,07374	-16,38458
9880	38,66685	-13,10777	40,63308	-12,4524
9900	38,01166	-11,79704	36,04556	-10,48631
9920	34,73484	-10,48631	34,73485	-9,17558
9940	33,42412	-9,83095	33,42411	-9,17558
9960	32,76876	-9,83094	32,11339	-9,83094
9980	32,11339	-9,83095	31,45802	-9,83095
10000	31,45803	-9,83095	30,80267	-9,83095
10020	30,80266	-10,48632	30,80266	-9,83096
10040	30,1473	-9,83096	29,49194	-10,48632
10060	30,14731	-11,14169	29,49196	-11,14169
10080	30,80271	-9,83099	49,80838	-4,58811
10100	56,36211	-5,89884	50,46387	-5,24348
10120	48,49778	-5,2435	47,84243	-4,58814
10140	47,18707	-4,58814	46,53171	-4,58815
10160	45,87635	-5,24352	45,87635	-5,24352
10180	45,221	-5,24352	44,56563	-5,24352
10200	44,56563	-5,24352	43,91027	-5,24352
10220	43,91027	-5,24352	43,91027	-5,24352
10240	43,91026	-5,89889	43,2549	-5,89889
10260	42,59953	-7,20962	42,59953	-7,86499
10280	42,59952	-8,52036	41,94415	-9,17573
10300	41,94415	-9,8311	41,28879	-10,48647
10320	41,28879	-11,14183	40,63342	-11,14184
10340	40,63342	-11,7972	40,63342	-11,7972
10360	40,63342	-11,79721	40,63342	-11,79721
10380	45,22094	-12,45258	64,88183	-12,45257
10400	68,81404	-12,45257	67,50331	-11,14183
10420	66,84794	-10,48647	66,84794	-9,83109
10440	66,84794	-9,17572	66,19257	-7,865
10460	66,19257	-7,86499	66,19257	-7,86499
10480	66,84793	-7,86499	66,84792	-7,20962
10500	66,84793	-7,20962	66,84792	-7,20962
10520	67,50328	-6,55425	68,81401	-6,55424
10540	77,33373	-6,55424	78,64447	-5,89886
10560	77,9891	-4,58814	77,33374	-3,93276
10580	77,33373	-3,27739	77,33374	-2,62202
10600	77,33373	-3,27738	77,33373	-3,27739
10620	76,67836	-2,62202	76,67837	-2,62202
10640	76,67837	-2,62202	76,67837	-1,96665
10660	77,33373	-1,96665	77,33373	-1,31128
10680	77,33373	-1,31128	77,33373	-0,65591000000001
10700	77,33373	-0,00054000000000087	77,33373	0,65483
10720	77,33373	1,3102	76,67837	1,96558
10740	76,67837	2,62095	76,02301	3,27632
10760	67,50328	0,65488	55,05132	-1,96658
10780	46,53154	-3,2773	44,56543	-1,96657
10800	45,22081	-1,3112	45,22081	-0,65582000000001
10820	45,22081	-0,65582000000001	44,56545	-0,0004600000000039
10840	44,56546	-0,00045000000000073	44,56545	0,65490999999999
10860	44,56546	0,65490999999999	43,9101	0,65490999999999
10880	43,9101	0,65490999999999	43,9101	0,65490999999999
10900	43,25474	1,31027	43,25474	0,65490999999999
10920	42,59937	0,65490999999999	42,59938	1,31027
10940	42,59938	0,6549	42,59938	1,31027
10960	42,59938	0,6549	41,94402	1,31026
10980	41,94402	1,31026	41,94402	1,31026
11000	41,94402	0,6549	41,28866	0,6549
11020	40,6333	0,6549	41,28866	1,31026
11040	40,6333	-0,65583	28,83672	-5,24334
11060	24,90454	-3,27722	26,87065	-1,96646
11080	26,87066	-1,31109	26,87065	-1,3111
11100	26,87065	-1,3111	27,52601	-0,65575
11120	27,52601	-1,31112	27,526	-1,31112
11140	27,526	-1,96648	28,18136	-1,31112
11160	27,526	-1,96649	27,52599	-1,31113
11180	27,52599	-1,31113	28,18135	-0,65577
11200	28,18136	-1,31113	27,52599	-1,96649
11220	20,97224	-13,10762	1,31111	-23,5934
11240	11,14129	-31,45772	8,51975	-33,42379
11260	7,86441	-32,11307	7,86442	-31,4577
11280	7,86441	-30,80234	7,86441	-30,14697
11300	7,20905	-30,14697	6,55369	-30,14698
11320	6,55369	-30,80235	6,55369	-30,14699
11340	6,55369	-30,14699	5,89832	-30,14699
11360	5,89832	-30,14699	5,89832	-30,14699
11380	5,89833	-30,147	6,55369	-30,147
11400	6,55369	-30,14701	5,89833	-30,147
11420	6,55369	-30,80237	5,89833	-30,14701
11440	5,89832	-30,80238	6,55369	-30,80238
11460	3,93223	-32,11311	3,9999999998486E-5	-33,42384
11480	0,65541	-34,0792	1,31077	-33,42383
11500	1,31077	-33,42384	0,6554	-33,42384
11520	1,31077	-34,07921	0,6554	-34,07921
11540	0,65541	-34,73458	0,65541	-34,73458
11560	0,65541	-35,38994	0,65541	-35,38995
11580	0,65541	-36,04531	0,65449	-35,38996
11600	5,000000000166E-5	-36,70068	0,65541	-36,70069
11620	5,000000000166E-5	-36,70069	0,65541	-36,7007
11640	0,65541	-36,7007	0,65541	-36,7007
11660	0,65541	-37,35607	0,65542	-37,35607
11680	0,65542	-37,35607	0,65542	-38,01144
11700	0,65542	-38,01144	1,96615	-37,35609
11720	16,38419	-32,76857	19,00582	-29,49175
11740	19,00585	-29,49174	15,72902	-28,83637
11760	15,07366	-28,83638	14,4183	-28,18101
11780	13,76294	-28,83637	13,10757	-28,18101
11800	12,45222	-28,83638	11,79685	-28,83639
11820	11,14149	-29,49175	10,48613	-28,83639
11840	10,48613	-29,49176	9,83077	-29,49176
11860	9,83076	-30,14713	9,83076	-30,14713
11880	10,48611	-30,14714	10,48611	-30,14714
11900	10,48611	-30,80251	10,4861	-30,14715
11920	11,14146	-30,80251	11,14146	-30,14715
11940	11,14146	-30,14715	10,48609	-30,14715
11960	10,48609	-30,80252	11,14145	-30,80253
11980	11,14144	-32,11326	12,45214	-32,76863
12000	12,45214	-33,42399	13,1075	-32,11326
12020	13,1075	-32,76863	12,45213	-32,76863
12040	12,45213	-32,76864	12,45213	-33,42399
12060	12,45213	-33,42401	12,45213	-33,424
12080	12,45213	-33,42401	11,79677	-33,424
12100	11,79677	-34,07937	11,79676	-34,07938
12120	11,79676	-34,73474	11,79676	-34,73473
12140	11,79676	-34,73474	11,1414	-34,73474
12160	11,1414	-34,73474	11,1414	-34,73475
12180	11,1414	-34,73475	10,48604	-34,73475
12200	8,52008	-32,76869	19,66135	-33,42404
12220	18,35067	-32,76868	15,07383	-31,45795
12240	13,76312	-31,45795	13,76312	-30,80259
12260	13,10776	-30,80259	12,45239	-30,80259
12280	12,45239	-30,8026	12,45239	-30,8026
12300	11,79703	-30,14724	11,79703	-30,14724
12320	11,79702	-30,80261	11,14166	-30,8026
12340	11,14166	-31,45797	11,14166	-31,45798
12360	10,48629	-32,11334	9,83094	-32,11335
12380	9,17557	-32,76871	9,17557	-33,42408
12400	8,52021	-34,07945	7,86485	-34,07945
12420	7,20949	-34,73481	6,55413	-34,07945
12440	6,55413	-34,73482	5,89877	-34,73482
12460	5,89877	-34,73482	5,89877	-34,73482
12480	5,89877	-34,73482	5,24341	-34,73482
12500	12,45242	-33,42411	17,04	-32,76873
12520	16,38466	-32,76873	15,07393	-32,11337
12540	14,41858	-31,458	-48,49599	-31,458
12560	14,41857	-32,11337	14,41857	-31,45801
12580	13,7632	-31,45801	13,7632	-31,45801
12600	13,7632	-31,45801	13,7632	-31,45801
12620	13,76319	-31,45802	13,76319	-31,45801
12640	13,76319	-31,45802	14,41856	-31,45802
12660	19,00613	-30,80266	22,28296	-30,1473
12680	21,6276	-29,49194	21,6276	-28,83657
12700	22,28296	-28,83658	22,28296	-28,18122
12720	21,6276	-28,83658	22,28295	-28,83658
12740	22,28295	-29,49195	22,28295	-28,83659
12760	22,28295	-29,49195	22,28295	-29,49196
12780	22,28295	-29,49196	22,28295	-29,49196
12800	21,62759	-30,14732	21,62758	-30,14733
12820	37,35629	-27,52446	61,60475	-26,21521
12840	62,26015	-26,87057	58,98333	-25,55984
12860	59,63869	-24,90449	60,29405	-24,90448
12880	59,63868	-24,24913	59,63868	-24,24913
12900	58,98333	-24,9045	58,98332	-24,24913
12920	58,98332	-24,24914	58,98332	-24,24914
12940	58,98333	-24,24915	58,98333	-24,24915
12960	58,32798	-24,24915	58,98334	-23,59379
12980	58,32798	-24,24916	58,32798	-24,24916
13000	58,32798	-24,90453	58,32798	-24,90453
13020	55,70653	-26,21525	39,32245	-30,80275
13040	26,87052	-33,42419	26,87052	-32,76882
13060	28,83661	-32,76882	28,83662	-32,76882
13080	28,83661	-32,76883	28,18125	-32,76884
13100	28,18125	-33,42421	27,52589	-33,4242
13120	27,52589	-34,07957	27,52588	-33,42421
13140	26,87053	-34,07957	26,87052	-34,07958
13160	26,21517	-34,07957	26,87052	-34,07957
13180	26,21516	-34,07958	26,21516	-33,42421
13200	25,5598	-33,42421	25,55979	-34,07958
13220	11,79714	-43,90998	-6,55314	-50,4636
13240	-0,655	-52,42971	6,55392	-51,77433
13260	7,86464	-51,77432	8,52001	-50,4636
13280	9,17536	-51,11896	9,83071	-50,4636
13300	9,83071	-50,4636	9,8307	-49,80824
13320	9,8307	-50,4636	9,8307	-50,46361
13340	10,48605	-50,46361	9,83069	-49,80824
13360	9,83069	-50,4636	10,48604	-49,80824
13380	10,48604	-50,4636	11,79667	-55,05111
13400	5,24294	-58,98327	2,62149	-57,67254
13420	5,24296	-57,67253	5,24295	-57,01716
13440	4,58759	-57,01717	3,93223	-57,01717
13460	3,93223	-57,01717	3,93222	-57,01717
13480	3,93223	-57,01718	3,27687	-57,01717
13500	3,27687	-57,01718	3,9999999998486E-5	-57,01717
13520	-14,41798	-58,98325	-15,07334	-58,32788
13540	-12,45187	-58,32788	-12,45188	-58,32788
13560	-11,79652	-58,32789	-11,79652	-58,32789
13580	-11,14116	-58,3279	-10,4858	-58,3279
13600	-10,4858	-58,98327	-10,48581	-58,98327
13620	-10,4858	-59,63864	-10,48581	-59,63864
13640	-9,83044	-59,63865	-9,83045	-59,63864
13660	-9,83045	-59,63865	-9,83044	-59,63865
13680	-10,4858	-59,63866	-9,83044	-59,63866
13700	-9,83044	-59,63866	-9,83045	-59,63866
13720	-10,4858	-59,63866	-9,17508	-59,63867
13740	10,48585	-55,70653	17,03959	-53,74044
13760	15,7289	-53,74044	13,10744	-52,42971
13780	12,45208	-52,42971	11,79672	-52,42971
13800	10,486	-52,42972	9,83063	-51,77436
13820	9,17528	-52,42972	8,51992	-51,77436
13840	7,86456	-52,42972	7,86455	-51,77436
13860	7,2092	-52,42972	6,55383	-52,42972
13880	6,55383	-52,42972	5,89847	-52,42972
13900	5,24311	-53,08508	5,24311	-52,42972
13920	4,58775	-53,08508	4,58775	-52,42972
13940	3,93239	-53,08508	3,93238	-52,42972
13960	3,27703	-52,42972	3,27703	-51,77436
13980	3,93239	-51,77436	3,93239	-51,11899
14000	4,58775	-51,119	5,24311	-51,11899
14020	5,24314	-51,11901	6,55389	-49,15291
14040	7,20925	-49,15289	6,55388	-47,84216
14060	6,55389	-47,84216	7,20924	-47,1868
14080	7,20925	-47,1868	2,62178	-45,87608
14100	13,10775	-43,90999	14,41855	-43,25462
14120	8,52028	-41,94389	7,8649	-40,63317
14140	7,20955	-40,63317	6,55419	-40,63317
14160	6,55418	-39,97781	5,89882	-39,97781
14180	5,24346	-40,63317	4,58809	-40,63318
14200	3,93273	-40,63318	3,93273	-40,63318
14220	3,27737	-40,63319	3,93272	-39,97782
14240	3,27737	-39,97783	3,27736	-39,97783
14260	3,27736	-39,97783	3,27736	-39,97783
14280	3,27736	-39,97784	2,622	-39,97784
14300	2,622	-40,63321	1,96664	-40,63321
14320	1,96663	-41,28858	1,96663	-41,28858
14340	1,96663	-41,28858	1,96663	-41,28859
14360	1,31127	-41,94395	1,96663	-41,28859
14380	1,31127	-41,94395	1,31127	-41,94396
14400	1,31127	-42,59932	1,31127	-42,59932
14420	0,65591	-42,59932	0,6559	-42,59932
14440	0,65591	-42,59933	0,00055000000000405	-42,59932
14460	0,00054000000000087	-43,25468	0,00055000000000405	-42,59932
14480	0,00054000000000087	-42,59932	0,00055000000000405	-43,25469
14500	0,00055000000000405	-42,59932	-1,96554	-43,91004
14520	-2,62091	-43,25467	-1,96555	-41,94393
14540	-1,96554	-41,28856	-1,96554	-39,97783
14560	-1,31018	-39,97783	-1,31018	-39,32247
14580	-1,31017	-39,32247	-1,31017	-38,01174
14600	-0,6548	-38,01174	-1,31016	-37,35638
14620	-0,65479	-37,35638	-1,31016	-36,70102
14640	-1,31015	-36,70102	-1,31015	-36,04566
14660	-1,31015	-36,04566	-1,96551	-36,04566
14680	-1,9655	-36,04566	-1,9655	-36,04565
14700	-1,9655	-36,70102	-2,62086	-37,35638
14720	-1,96551	-37,35638	-1,96551	-37,35638
14740	-1,96551	-37,35639	-1,31016	-37,35638
14760	-1,96552	-38,01175	-1,31017	-37,35638
14780	-1,31017	-38,01175	-0,65481	-37,35638
14800	-0,65481	-38,01174	-0,65481	-37,35638
14820	0,00055000000000405	-37,35638	0,65591	-37,35639
14840	0,00055000000000405	-37,35639	0,65591	-36,70103
14860	0,65591	-37,35639	1,31127	-36,70102
14880	0,65591	-36,70103	1,31127	-36,70103
14900	13,10782	-33,42424	20,97221	-32,76887
14920	18,35077	-32,76886	17,04003	-32,76886
14940	17,04004	-32,76886	17,04004	-32,76886
14960	16,38467	-32,76887	16,38467	-33,42423
14980	16,38467	-34,07959	15,72931	-34,0796
15000	9,17566	-39,3225	-10,48534	-46,53146
15020	-4,58725	-48,49755	-3,93187	-46,53145
15040	-1,31039	-45,87607	-1,31039	-45,22071
15060	-1,96576	-44,56534	-2,62112	-43,90998
15080	-2,62112	-43,90998	-3,27648	-43,90998
15100	-3,93184	-43,90999	-3,93184	-43,25462
15120	-4,5872	-43,25463	-4,5872	-43,91
15140	-5,24256	-43,91	-5,89792	-43,91
15160	-6,55328	-43,91	-6,55328	-43,91
15180	-6,55328	-43,91	-7,20864	-43,91
15200	-7,20864	-43,25464	-7,864	-43,25464
15220	-7,864	-43,91	-7,864	-43,25464
15240	-7,864	-43,91	-7,864	-43,25465
15260	-8,51936	-43,25464	-8,51936	-43,25465
15280	-8,51935	-42,59928	-9,17471	-42,59928
15300	-9,17471	-42,59928	-9,17471	-42,59928
15320	-9,17471	-42,59928	-9,17471	-41,94392
15340	-13,10683	-41,94392	3,93268	-38,01174
15360	5,24347	-38,6671	1,31129	-37,35637
15380	0,65593000000001	-37,35636	0,65593000000001	-36,701
15400	0,00057000000000329	-36,70101	0,00056000000000012	-36,70101
15420	-0,6548	-36,70102	-0,65481	-36,70102
15440	-0,65481	-36,70103	-0,65481	-36,70103
15460	-0,65481	-36,70104	-0,65482	-36,70104
15480	-0,65482	-36,70104	-0,65482	-36,70104
15500	-0,65482	-36,70104	-0,65482	-36,70105
15520	-0,65482	-36,70105	0,00054000000000087	-36,70105
15540	0,00054000000000087	-36,70105	0,00054000000000087	-36,04569
15560	0,00054000000000087	-36,70106	0,0005300000000048	-36,0457
15580	0,0005300000000048	-36,70106	0,0005300000000048	-36,70106
15600	0,0005300000000048	-37,35643	0,0005300000000048	-36,70107
15620	0,0005300000000048	-37,35643	0,0005300000000048	-36,70107
15640	-0,65483	-37,35643	0,0005300000000048	-37,35644
15660	-0,65483	-38,0118	0,00052000000000163	-37,35644
15680	-1,3102	-38,0118	-0,65484	-38,01181
15700	-1,3102	-38,66716	-1,3102	-38,01181
15720	-1,3102	-38,66717	-1,3102	-38,01182
15740	4,5881	-36,7011	5,89884	-36,04573
15760	4,58811	-36,04573	3,93275	-35,39037
15780	3,93275	-35,39037	3,93275	-35,39037
15800	3,93275	-35,39037	3,93275	-34,73501
15820	3,93275	-34,73502	3,93275	-34,73502
15840	3,27739	-34,73502	4,58811	-34,73502
15860	3,93276	-34,73502	3,93276	-34,73502
15880	3,93276	-34,73502	3,2774	-34,73502
15900	3,2774	-34,73502	9,17565	-32,11358
15920	48,49745	-25,55998	62,26018	-26,87069
15940	58,9834	-26,21533	55,70658	-24,90459
15960	55,70658	-24,24922	55,05122	-23,59386
15980	53,7405	-24,24923	52,42978	-23,59386
16000	51,77441	-23,59386	51,11905	-23,59386
16020	50,46369	-23,59387	49,80833	-24,24923
16040	49,80833	-24,90461	49,15297	-25,55997
16060	46,5315	-27,52606	46,53148	-26,8707
16080	47,18685	-26,21533	47,84221	-26,21533
16100	48,49756	-25,55997	48,49756	-25,55997
16120	48,49756	-26,21534	48,49755	-26,21533
16140	49,15291	-26,21534	49,15291	-26,21533
16160	49,15291	-26,21533	48,49754	-26,21533
16180	48,49754	-26,21534	49,15289	-26,21534
16200	48,49754	-26,21534	48,49753	-26,21534
16220	48,49753	-26,8707	48,49753	-26,21534
16240	48,49752	-26,21535	48,49753	-26,87071
16260	48,49753	-26,87072	47,84217	-26,87072
16280	48,49752	-26,87072	47,84216	-26,87072
16300	47,84216	-26,87072	47,84216	-26,87071
16320	47,1868	-27,52607	47,1868	-26,87071
16340	46,53144	-27,52607	47,84216	-28,18144
16360	51,11899	-28,8368	55,05118	-30,14752
16380	55,70655	-29,49216	55,70654	-28,83679
16400	55,05118	-28,83679	54,39582	-28,83679
16420	54,39582	-29,49216	54,39581	-29,49216
16440	54,39581	-29,49217	53,74045	-29,49217
16460	53,74045	-30,14753	53,74045	-30,14753
16480	53,08509	-30,8029	52,42972	-32,11362
16500	51,11898	-31,45826	51,11897	-31,45825
16520	51,11897	-31,45825	51,11897	-31,45825
16540	51,11897	-32,11361	50,46361	-31,45825
16560	50,46361	-32,11362	49,80825	-32,11362
16580	49,80825	-32,769	49,15289	-32,76899
16600	49,15289	-33,42436	49,15289	-32,769
16620	49,15289	-33,42436	48,49753	-33,42436
16640	48,49753	-33,42436	47,84217	-32,769
16660	47,84217	-33,42436	47,84217	-33,42436
16680	47,18681	-34,07973	55,70655	-33,42437
16700	67,50319	-32,11361	68,1586	-32,11358
16720	65,53714	-30,80287	64,22641	-30,14751
16740	64,88178	-30,80287	64,22641	-30,14751
16760	64,22641	-30,80288	64,2264	-30,80288
16780	64,2264	-30,80289	64,2264	-30,80289
16800	64,88175	-31,45826	64,22639	-30,8029
16820	64,88174	-30,80291	64,88174	-31,45826
16840	64,88174	-31,45826	64,22638	-30,80291
16860	64,88174	-31,45827	64,88174	-30,80291
16880	64,88174	-31,45828	64,88174	-31,45828
16900	64,88173	-32,11364	64,88173	-31,45828
16920	65,5371	-33,42437	77,98905	-34,07974
16940	85,19815	-34,73508	86,50891	-35,39043
16960	83,88746	-34,73507	83,23209	-33,42435
16980	82,57673	-33,42435	81,92136	-32,76898
17000	81,266	-32,76899	80,61064	-32,76898
17020	79,95528	-32,11362	79,95528	-31,45825
17040	79,95528	-30,8029	79,95528	-30,14753
17060	79,95529	-30,14753	79,29993	-28,8368
17080	79,95529	-28,18144	79,29993	-26,8707
17100	79,29994	-26,87069	79,29994	-24,9046
17120	78,64459	-24,24923	76,02309	-26,2153
17140	60,29415	-29,4921	22,9383	-38,66712
17160	-3,93163	-43,90998	-4,58699	-41,28852
17180	-2,62087	-39,32241	-2,62088	-38,66703
17200	-3,27624	-38,01166	-3,27624	-37,3563
17220	-3,93159	-36,70093	-3,93159	-35,39021
17240	-4,58694	-36,04557	-6,55304	-37,35629
17260	-7,20856	-43,90989	0,00026000000000437	-45,22062
17280	-1,31043	-43,90989	1,96641	-42,59914
17300	1,96641	-41,94378	1,31105	-41,28841
17320	0,65569	-40,63304	0,00032999999999817	-39,97768
17340	0,00034000000000134	-39,97768	0,00034000000000134	-39,32232
17360	-0,65502	-39,32232	-0,65501	-39,32231
17380	-0,65501	-39,32231	1,96633	-44,56518
17400	-2,6213	-48,49735	-2,62128	-47,18662
17420	0,00019000000000347	-47,18661	-0,65518	-46,53125
17440	-0,65519	-47,18662	-1,31055	-47,18663
17460	-1,31056	-47,842	0,00016000000000105	-48,49737
17480	0,00015000000000498	-48,49738	0,00014000000000181	-49,15274
17500	0,65549	-49,80812	0,65548	-49,80811
17520	0,65548	-50,46348	0,65547	-49,80813
17540	0,65547	-50,46349	1,31082	-50,4635
17560	1,31082	-51,11886	1,31081	-51,11887
17580	1,31081	-51,77424	1,31081	-51,77424
17600	1,31081	-52,42961	1,3108	-52,42962
17620	1,31081	-53,08499	1,3108	-53,08499
17640	1,3108	-53,085	1,96616	-53,74037
17660	8,51985	-48,49751	8,52005	-46,53143
17680	8,52011	-46,53143	5,89863	-45,87606
17700	4,58791	-45,22071	3,93255	-45,2207
17720	3,27718	-45,2207	1,96646	-45,2207
17740	1,3111	-45,22071	1,31109	-44,56535
17760	0,00037000000000376	-45,22072	-0,65499	-44,56535
17780	-0,65498	-44,56536	-1,31035	-44,56536
17800	-1,96571	-44,56536	-2,62107	-44,56536
17820	-2,62107	-45,22073	-3,27644	-45,22073
17840	-3,9318	-45,22073	-3,9318	-45,22073
17860	-4,58716	-45,87609	-4,58716	-45,22073
17880	-5,24252	-45,22074	-5,89788	-45,22074
17900	-6,55324	-45,22074	-6,55324	-45,8761
17920	-7,2086	-45,87611	-7,86396	-45,8761
17940	-7,86396	-45,87611	-8,51932	-45,87611
17960	-9,17468	-46,53148	-9,1746	-47,18686
17980	-0,6548	-46,5315	-0,65478	-45,87614
18000	-3,93159	-45,22077	-3,9316	-45,22077
18020	-5,24231	-45,22078	-5,89768	-45,22078
18040	-6,55304	-45,22079	-6,55304	-45,22079
18060	-7,2084	-45,87616	-7,2084	-45,87616
18080	-7,86376	-45,87616	-7,86377	-46,53153
18100	-8,51913	-46,53153	-8,51913	-46,53153
18120	-9,1745	-46,53154	-9,17449	-46,53154
18140	-9,82985	-46,53155	-10,48521	-47,18691
18160	-11,14057	-47,18691	-11,14057	-47,18691
18180	-11,79593	-47,18692	-12,4513	-47,18692
18200	-12,45129	-47,84228	2,62203	-44,56549
18220	50,4635	-39,3226	64,88156	-39,97795
18240	62,26012	-39,32259	61,60474	-38,66722
18260	62,2601	-38,01187	62,91546	-37,35651
18280	62,2601	-37,35651	62,26009	-37,35651
18300	62,26009	-37,35652	62,26008	-37,35652
18320	61,60472	-37,35652	62,26007	-37,35653
18340	61,60471	-37,35653	61,60472	-38,01189
18360	61,60471	-38,66726	61,60471	-38,66726
18380	61,60471	-39,32262	61,6047	-39,32263
18400	61,6047	-40,63336	61,6047	-40,63336
18420	62,26006	-41,94409	62,26005	-41,9441
18440	61,60469	-43,91018	62,26003	-43,91019
18460	62,26004	-44,56556	61,60467	-45,22092
18480	61,60468	-45,22092	61,60467	-44,56556
18500	60,94932	-44,56556	61,60468	-43,91019
18520	66,84762	-44,56556	74,05667	-43,91017
18540	74,05671	-43,2548	72,74597	-41,94408
18560	72,09061	-41,28871	72,09062	-41,2887
18580	71,43526	-41,94408	72,09068	-42,59945
18600	90,44098	-41,94407	90,44104	-43,91014
18620	85,19814	-42,59942	83,8874	-41,94406
18640	83,88741	-41,94405	83,23205	-41,28869
18660	82,57669	-41,28869	81,92132	-40,63333
18680	81,92132	-41,2887	81,92132	-41,28869
18700	81,26596	-41,2887	81,26596	-41,28871
18720	81,26597	-41,94407	80,6106	-41,94407
18740	80,6106	-41,94407	79,95524	-41,94407
18760	79,95524	-41,94408	79,95525	-41,94408
18780	79,29989	-41,94408	79,29989	-41,94407
18800	79,29989	-42,59944	78,64452	-41,94407
18820	79,29988	-42,59944	78,64453	-42,59943
18840	79,29989	-42,59943	79,29989	-41,94407
18860	78,64453	-42,59944	78,64453	-41,94408
18880	79,29989	-42,59944	79,29989	-41,94407
18900	78,64453	-41,94407	79,29989	-41,94407
18920	78,64453	-42,59943	79,2999	-41,94408
18940	79,2999	-43,2548	83,88744	-43,25479
18960	85,85353	-43,25477	84,54281	-42,59941
18980	84,54281	-41,94405	84,5428	-41,94405
19000	83,88744	-42,59942	82,5767	-43,25478
19020	66,19249	-49,80839	47,84202	-55,70665
19040	-9,17454	-62,91563	-17,03887	-61,60491
19060	-13,10667	-60,29418	-12,45132	-58,98346
19080	-13,10669	-58,98346	-13,10669	-58,3281
19100	-13,10669	-57,67274	-13,10669	-57,67274
19120	-17,03889	-61,60491	-2,62119	-68,15855
19140	0,00018000000000029	-69,4693	0,65557	-67,5032
19160	1,9663	-66,84783	1,31093	-66,19247
19180	1,31092	-66,19247	1,31093	-65,53711
19200	0,65556	-64,88175	0,65556	-64,88175
19220	0,65556	-64,88175	0,65556	-64,22638
19240	0,00019999999999953	-64,22638	0,65556	-62,91566
19260	-1,31056	-66,84782	-7,20892	-72,0907
19280	-7,86428	-71,43534	-6,55354	-70,77996
19300	-6,55354	-70,1246	-7,86427	-70,1246
19320	-7,20891	-70,12461	-7,20636	-70,12461
19340	-7,20891	-70,12461	-7,20891	-70,12461
19360	-7,86426	-70,77822	-7,86427	-70,12462
19380	-7,86426	-70,77999	-7,86426	-70,12463
19400	-9,17499	-71,43535	-18,35009	-72,0907
19420	-22,93764	-72,09069	-20,97155	-71,43533
19440	-20,31618	-71,43532	-20,97154	-70,77996
19460	-20,97154	-71,43533	-20,97154	-71,43533
19480	-21,6269	-72,09069	-22,28227	-71,43533
19500	-22,28227	-71,43534	-22,93763	-71,43533
19520	-23,59299	-72,09069	-23,59299	-71,43533
19540	-24,24835	-71,43534	-24,24835	-71,43533
19560	-24,24835	-71,43534	-24,90371	-71,43533
19580	-25,55907	-72,0907	-25,55907	-71,43534
19600	-26,21443	-71,43534	-20,31617	-71,43536
19620	0,00017000000000422	-64,88176	1,96637	-64,22639
19640	-1,96579	-62,91566	-3,93189	-62,26029
19660	-5,2426	-62,26029	-5,89796	-61,60493
19680	-6,55333	-62,26029	-6,55333	-61,60494
19700	-6,55334	-62,2603	-5,89798	-62,26031
19720	-5,89799	-62,26032	-5,89799	-61,60495
19740	-5,24263	-62,26032	-5,24264	-62,26032
19760	-5,24264	-62,26033	-5,24264	-61,60496
19780	-5,24264	-61,60497	-5,24264	-61,60497
19800	-5,24264	-61,60497	-4,58728	-60,94962
19820	-4,58728	-61,60498	-4,58728	-61,60499
19840	-4,58727	-60,94963	-11,14075	-58,32819
19860	-8,5192	-58,98352	-9,82991	-57,67279
19880	-12,45135	-57,01742	-13,10672	-57,01742
19900	-13,76208	-57,01743	-14,41745	-57,01743
19920	-15,72817	-57,01743	-16,38353	-57,01743
19940	-17,03889	-57,01744	-17,03889	-57,01744
19960	-17,03889	-57,6728	-17,0389	-57,01744
19980	-17,0389	-57,01745	-17,69426	-57,01745
20000	-17,69426	-57,01745	-18,34962	-57,01745
20020	-18,34962	-57,01746	-18,34962	-57,67282
20040	-19,00498	-57,01745	-19,00498	-57,01746
20060	-19,66034	-57,01746	-19,66034	-57,01745
20080	-19,66035	-57,67282	-20,31571	-57,01746
20100	-20,3157	-57,01746	-20,31571	-57,01746
20120	-20,97107	-57,67282	-20,97107	-57,67282
20140	-21,62643	-57,67282	-21,62643	-57,01746
20160	-21,62643	-57,01746	-22,28179	-57,67282
20180	-22,28179	-57,01747	-22,28179	-57,01747
20200	-22,93714	-57,67283	-22,28178	-57,01747
20220	-22,93714	-57,01747	-22,93714	-57,01747
20240	-22,93714	-57,67283	-22,93714	-57,01747
20260	-23,5925	-57,67284	-23,5925	-57,67283
20280	-24,24786	-57,67284	-24,24786	-57,67283
20300	-24,90322	-57,67284	-25,55858	-57,01747
20320	-25,55858	-57,67284	-26,21394	-57,67284
20340	-26,8693	-57,67284	-26,8693	-57,67284
20360	-27,52466	-58,3282	-21,6264	-56,36213
20380	29,49182	-51,7746	45,87594	-52,42994
20400	41,28841	-52,42995	39,32231	-51,11922
20420	41,28839	-51,11923	41,94375	-51,11923
20440	41,94374	-51,11924	42,59909	-51,11924
20460	42,59909	-51,11924	41,94373	-51,11924
20480	42,59909	-51,11924	43,25445	-51,11925
20500	43,25445	-51,11926	43,25444	-51,11926
20520	43,25445	-51,11926	43,25444	-51,11926
20540	43,25444	-51,11927	43,25444	-50,46391
20560	43,25444	-50,46391	43,25444	-50,46392
20580	43,25444	-51,11928	43,25444	-50,46392
20600	43,25443	-51,11928	43,25443	-51,77464
20620	42,59907	-51,11929	42,59907	-51,11929
20640	42,59907	-51,77465	41,9437	-51,11929
20660	41,94371	-51,77465	41,9437	-51,11929
20680	42,59907	-51,77466	42,59906	-52,43001
20700	42,59906	-53,08538	42,59906	-53,74075
20720	23,59355	-59,639	-25,55865	-69,46943
20740	-10,4856	-74,05697	-6,55349	-75,36769
20760	-5,24273	-74,05697	-4,58736	-73,4016
20780	-5,89809	-72,74624	-5,89809	-72,74623
20800	-6,55344	-72,74624	-6,55345	-72,09088
20820	-7,2088	-72,09088	-7,2088	-71,43551
20840	-7,2088	-71,43551	-7,86416	-70,78015
20860	-7,86416	-70,78015	-8,51952	-70,12478
20880	-8,51952	-70,12478	-9,17488	-69,46941
20900	-9,17488	-68,81406	-9,17488	-68,81405
20920	-9,83024	-68,15868	-9,83024	-68,15868
20940	-9,82769	-68,15868	-10,4856	-67,50332
20960	-11,14096	-67,50331	-11,14096	-66,84795
20980	-11,14096	-66,84795	-11,79632	-66,19258
21000	-11,79632	-66,19258	-11,79632	-65,53722
21020	-11,79631	-66,19258	-12,45168	-64,88185
21040	-12,45167	-65,5372	-15,07316	-67,50328
21060	-17,03926	-66,19256	-15,72853	-64,88182
21080	-15,72852	-64,22644	-15,72852	-63,57107
21100	-16,38388	-63,57107	-16,38388	-62,9157
21120	-16,38388	-62,26034	-15,72852	-61,60498
21140	-16,38388	-62,26034	-15,72852	-62,26034
21160	-14,41781	-62,26035	-13,76245	-61,60498
21180	-13,10709	-60,94963	-11,79638	-60,29426
21200	-11,14102	-60,29424	-11,14102	-59,63887
21220	-10,48567	-58,98351	-10,48566	-58,32814
21240	-10,48567	-58,32814	-9,83031	-57,67277
21260	-9,8303	-57,67277	-9,17495	-56,36204
21280	-9,17495	-56,36204	-8,51959	-55,70668
21300	-8,51959	-55,70668	-8,51959	-55,05132
21320	-8,51959	-55,05132	-8,51959	-54,39595
21340	-8,51959	-54,39596	-8,51959	-53,74059
21360	-8,5196	-54,39595	-8,5196	-53,74059
21380	-7,86424	-53,74059	-7,86424	-53,08523
21400	-8,5196	-53,08523	-8,5196	-53,08523
21420	-7,86425	-53,7406	-7,86425	-53,7406
21440	-6,55353	-54,39597	-5,2428	-54,39598
21460	-13,10697	-51,77456	8,52015	-47,8424
21480	15,07384	-46,53166	10,48629	-44,56556
21500	11,14165	-43,9102	13,10774	-42,59948
21520	13,7631	-42,59948	14,41846	-41,94412
21540	15,07382	-41,28875	14,41846	-41,28876
21560	14,41845	-41,94412	13,76309	-41,94412
21580	12,45237	-43,25485	11,797	-43,91022
21600	10,48627	-44,56559	9,17554	-44,56559
21620	7,86482	-44,5656	6,55409	-44,5656
21640	7,20945	-45,22096	28,83639	-42,59951
21660	43,2544	-41,94412	41,94369	-41,28876
21680	39,32224	-39,97803	-48,496	-38,6673
21700	39,32225	-38,66731	39,32225	-38,66731
21720	39,32226	-38,66731	38,6669	-38,66731
21740	38,01154	-38,66732	36,70081	-38,66731
21760	35,39009	-39,32266	33,42401	-38,6673
21780	31,45793	-39,32266	29,49184	-39,97802
21800	27,52576	-40,63338	25,55967	-41,28874
21820	23,59359	-41,9441	22,93822	-41,9441
21840	21,6275	-42,59947	20,97214	-43,25482
21860	20,97214	-43,25483	20,97214	-42,59947
21880	20,31679	-43,25483	20,31679	-43,25483
21900	21,62751	-43,25484	21,62751	-43,25484
21920	22,28288	-43,25484	23,5936	-43,25484
21940	24,90432	-43,25485	21,62751	-41,94408
21960	16,38461	-41,28868	13,76317	-39,97794
21980	14,41853	-39,97796	13,76316	-39,97794
22000	13,76316	-39,97794	12,45244	-40,63331
22020	11,79707	-41,28867	11,79707	-41,28867
22040	11,14171	-41,94404	11,14171	-41,94404
22060	11,1417	-42,59941	11,1417	-41,94404
22080	11,1417	-42,59941	11,1417	-41,94405
22100	10,48634	-42,59942	11,79706	-42,59942
22120	11,79706	-42,59943	12,45242	-41,94407
22140	13,10778	-42,59944	13,10778	-41,94407
22160	13,76314	-42,59944	13,76314	-42,59944
22180	13,10778	-42,59944	13,76314	-42,59943
22200	13,10778	-43,2548	1,96663	-45,87454
22220	-13,10674	-49,80837	-15,07284	-49,153
22240	-14,41747	-49,153	-14,41747	-48,49764
22260	-15,07284	-49,153	-15,7282	-49,153
22280	-15,7282	-49,15301	-15,7282	-49,80837
22300	-15,7282	-49,80837	-16,38356	-49,15301
22320	-16,38356	-49,15301	-17,03892	-49,15301
22340	-17,03892	-49,15302	-16,38356	-48,49765
22360	-17,03891	-48,49766	-16,38356	-47,84229
22380	-17,03891	-47,8423	-17,03891	-47,18694
22400	-17,03891	-47,8423	-17,03891	-47,8423
22420	-17,69437	-52,42982	0,65548	-60,29413
22440	-7,86435	-64,88164	-13,10724	-63,57092
22460	-11,79649	-63,57092	-12,45185	-63,57091
22480	-13,10721	-63,57091	-14,41793	-62,91555
22500	-15,72865	-63,57091	-17,03937	-64,22627
22520	-18,3501	-65,53701	-20,31619	-66,84775
22540	-22,93764	-68,15848	-24,24837	-68,81385
22560	-26,21445	-69,46922	-28,8359	-70,12459
22580	-30,14662	-70,12459	-31,45735	-69,46922
22600	-32,76807	-69,46922	-32,76807	-69,46922
22620	-33,42342	-69,46921	-33,42342	-68,81384
22640	-33,42342	-68,81385	-33,42342	-68,81385
22660	-33,42341	-68,81386	-32,76805	-68,81386
22680	-32,11269	-68,81386	-31,45733	-68,81386
22700	-30,14662	-68,81386	-29,49126	-68,81387
22720	-28,8359	-68,81387	-28,18054	-68,81386
22740	-28,18054	-68,81387	-28,83591	-68,81387
22760	-28,83591	-69,46924	-29,49127	-69,46924
22780	-29,49127	-70,77998	-29,49128	-70,12463
22800	-30,14665	-70,12464	-36,04494	-70,12461
22820	-39,97717	-68,81385	-42,59862	-67,50311
22840	-41,94325	-67,50311	-42,59862	-67,50311
22860	-42,59862	-67,50311	-42,59862	-66,19238
22880	-42,59862	-66,84775	-43,25398	-66,19239
22900	-43,25398	-66,19238	-43,25398	-66,19238
22920	-43,25398	-66,19238	-43,25398	-66,19238
22940	-43,25398	-66,19238	-43,25398	-66,19239
22960	-43,90934	-66,1924	-43,25398	-66,19239
22980	-43,25399	-66,1924	-43,25399	-65,53703
23000	-43,90935	-66,1924	-43,25399	-65,53704
23020	-43,90935	-66,19239	-43,90935	-65,53703
23040	-43,90935	-65,53702	-43,25399	-64,88166
23060	-43,25398	-64,88166	-42,59862	-64,22629
23080	-42,59861	-64,22628	-41,28789	-63,57092
23100	-39,97716	-62,91556	-38,66644	-62,2602
23120	-37,35571	-62,2602	-35,38962	-61,60484
23140	-30,80208	-62,26021	-1,96607	-59,63884
23160	-3,27648	-57,67286	17,69529	-57,67293
23180	28,18115	-58,98368	20,3168	-55,70684
23200	18,35071	-55,05147	17,03999	-55,05147
23220	15,72927	-55,05148	14,41854	-54,39612
23240	11,7971	-55,05149	10,48637	-55,05148
23260	9,17565	-55,70685	7,86493	-55,70685
23280	6,5542	-56,36222	5,89884	-56,36221
23300	4,58812	-56,36222	4,58812	-56,36221
23320	4,58812	-56,36222	3,93276	-57,01758
23340	3,93276	-57,01758	3,27739	-57,01758
23360	3,27739	-57,67295	3,93275	-57,67295
23380	14,41854	-56,36222	15,72927	-55,70684
23400	13,76318	-56,36221	12,45245	-56,3622
23420	10,48637	-56,36219	8,52028	-56,36219
23440	7,20955	-56,36219	5,89883	-56,36219
23460	5,24347	-56,36219	4,5881	-56,36219
23480	4,5881	-57,01756	4,58809	-57,01755
23500	5,24346	-57,01756	5,89881	-57,01756
23520	6,55417	-57,01757	7,8649	-57,01757
23540	8,52026	-57,67293	8,52026	-57,67293
23560	8,52026	-58,32829	9,17563	-58,32829
23580	-1,31015	-61,60509	-34,07835	-70,12475
23600	-18,34995	-79,29978	-25,55901	-81,26586
23620	-25,559	-81,26585	-24,90361	-81,26584
23640	-25,55899	-81,26585	-26,21435	-81,26585
23660	-25,55899	-80,6105	-25,55899	-80,61049
23680	-25,55899	-80,6105	-25,55899	-80,6105
23700	-25,55898	-80,6105	-25,55898	-80,6105
23720	-25,55898	-80,61051	-25,55898	-80,61051
23740	-25,55898	-79,95516	-25,55898	-79,29979
23760	-25,55897	-79,29979	-25,55898	-78,64442
23780	-25,55897	-78,64442	-32,11262	-81,92123
23800	-48,49675	-85,19804	-48,49678	-83,8873
23820	-48,49676	-83,23194	-48,49676	-83,23194
23840	-48,49676	-82,57658	-48,49676	-81,92122
23860	-48,49676	-82,57658	-48,49676	-81,92122
23880	-48,49676	-82,57658	-48,49677	-81,92122
23900	-48,49676	-81,92123	-48,49676	-81,26587
23920	-48,49676	-81,26588	-48,49676	-80,61052
23940	-48,49676	-80,61052	-48,49676	-79,95516
23960	-48,49675	-79,95516	-48,49675	-79,95516
23980	-48,49675	-79,95517	-48,49675	-79,95517
24000	-48,49676	-79,95518	-48,49676	-79,95518
24020	-38,66631	-79,29984	-5,24272	-70,1248
24040	-5,89793	-69,46944	-11,14081	-68,15871
24060	-13,10691	-67,50335	-14,41763	-67,50335
24080	-15,07298	-67,50335	-15,72835	-66,19263
24100	-17,03906	-66,19264	-17,03907	-66,19264
24120	-17,69443	-66,19265	-18,34979	-65,53729
24140	-19,00515	-66,19266	-19,66052	-66,19266
24160	-19,66052	-66,19266	-19,66052	-66,19266
24180	-20,31588	-66,19266	-20,31589	-66,19266
24200	-20,31589	-66,84802	-20,97125	-66,19266
24220	-20,97125	-66,19266	-20,97125	-66,19266
24240	-21,62661	-66,19266	-21,62661	-66,19266
24260	-22,28197	-65,5373	-22,28197	-65,5373
24280	-22,28197	-64,88194	-22,28197	-64,22658
24300	-22,28197	-64,22658	-22,28197	-63,57122
24320	-22,28197	-63,57121	-22,28197	-62,91586
24340	-26,21409	-62,91586	-14,41746	-59,63904
24360	-5,89771	-58,98368	-9,17451	-57,67294
24380	-10,48525	-57,01758	-11,14061	-57,01757
24400	-12,45132	-57,01757	-13,10668	-56,3622
24420	-13,10668	-57,01757	-13,76205	-56,36221
24440	-14,41741	-56,36222	-14,41741	-55,70686
24460	-14,41741	-56,36223	-13,76205	-55,70687
24480	-13,76204	-56,36223	-13,76204	-55,70687
24500	-7,86379	-55,70688	8,52027	-55,05154
24520	11,14172	-55,05153	11,14171	-54,39617
24540	11,79707	-53,7408	11,79708	-53,08543
24560	11,79708	-53,08543	11,14172	-53,7408
24580	11,14171	-53,7408	10,48636	-53,08544
24600	9,83099	-54,39616	9,17563	-53,7408
24620	9,17563	-53,74081	9,83099	-53,08544
24640	10,48635	-53,08544	11,1417	-53,08543
24660	12,45241	-52,43008	12,45241	-51,77471
24680	13,10777	-51,77471	13,76313	-51,11935
24700	13,76313	-51,11934	13,76313	-50,46398
24720	13,76313	-49,80861	14,41849	-48,49598
24740	14,41848	-48,49788	14,41848	-47,84251
24760	14,41849	-47,18714	15,07384	-46,53177
24780	15,72921	-45,22105	15,72921	-43,91031
24800	15,72921	-43,25494	15,72921	-42,59957
24820	15,72921	-41,94421	15,72921	-41,28883
24840	16,38457	-40,63347	16,38457	-39,9781
24860	15,72921	-39,32273	15,72921	-38,012
24880	15,07386	-38,01199	15,07386	-36,70126
24900	14,4185	-36,70125	14,4185	-36,04588
24920	14,41851	-36,04588	15,07386	-35,39051
24940	15,07387	-35,39051	15,07387	-34,73514
24960	15,07387	-34,73514	14,41851	-34,73514
24980	14,41852	-34,73515	14,41852	-35,39051
25000	15,07388	-36,04588	15,07388	-35,39052
25020	14,41852	-36,04588	14,41852	-35,39052
25040	41,28833	-30,1476	74,71201	-15,72954
25060	110,75725	0,65474	129,763	13,76221
25080	135,00609	22,28206	130,41861	29,49113
25100	127,79719	37,35555	125,17576	44,56463
25120	122,55435	49,15225	119,27756	49,15234
25140	116,65614	49,1524	114,03471	49,15245
25160	111,41327	49,15247	108,79183	49,15248
25180	106,17039	49,15247	104,2043	49,15246
25200	102,89357	49,15244	100,27212	49,15243
25220	100,27213	49,15243	116,65641	49,15256
25240	137,62809	49,15266	143,52632	49,15266
25260	141,56024	49,15266	138,28344	49,15266
25280	136,97272	49,15266	135,66201	49,15266
25300	134,35128	49,15266	133,69593	49,15266
25320	133,04057	49,15266	132,3852	49,15266
25340	131,72984	49,15266	131,07448	49,15266
25360	131,07447	49,15266	130,41911	49,15266
25380	130,41911	49,15266	130,41911	49,15266
25400	129,76375	49,15266	129,76375	49,15266
25420	130,41911	49,15266	129,76374	49,15266
25440	130,4191	49,15266	130,41909	49,15266
25460	131,07445	49,15266	130,41908	49,15266
25480	131,07444	49,15266	131,72979	49,15266
25500	131,07443	49,15266	131,72978	49,15266
25520	131,07442	49,15266	131,72977	49,15266
25540	131,72977	49,15266	132,38513	49,15266
25560	132,38512	49,15266	133,69584	49,15266
25580	134,35119	49,15266	135,00655	49,15266
25600	135,66191	49,15266	136,31727	49,15266
25620	136,31727	49,15266	136,97263	49,15266
25640	136,97263	49,15266	136,97263	49,15266
25660	124,52081	49,15266	109,44689	49,15242
25680	59,63903	45,22006	31,4582	29,49119
25700	22,93841	24,24822	25,55985	27,52507
25720	26,87058	28,83583	26,2152	30,80194
25740	25,55985	31,45732	26,21521	32,76807
25760	25,55985	33,42345	24,90449	34,07883
25780	24,24913	34,7342	24,24913	35,38958
25800	23,59377	34,73422	23,59376	35,38958
25820	22,9384	34,73422	22,28304	35,38958
25840	22,28304	34,07884	21,62767	32,76808
25860	21,62766	29,49121	22,28301	26,8697
25880	20,31691	18,34987	5,89896	-10,48644
25900	16,38473	-58,32849	38,667	-118,62234
25920	29,49199	-178,2607	22,93834	-216,27201
25940	31,45796	-230,69017	34,73475	-227,41335
25960	32,76869	-218,23818	30,80262	-205,78616
25980	27,52584	-193,33415	26,21512	-180,22678
26000	26,21513	-168,43015	26,21513	-157,94425
26020	26,21513	-148,76911	26,87049	-140,9047
26040	26,8705	-135,66175	27,52585	-129,76346
26060	27,52586	-125,83125	27,52586	-121,24368
26080	26,8705	-118,6222	26,8705	-115,34536
26100	26,8705	-112,06853	26,21515	-110,10242
26120	26,21515	-106,82559	26,21515	-104,85948
26140	25,5598	-102,89338	24,90444	-100,27191
26160	24,90444	-98,3058	24,24909	-96,33971
26180	23,59373	-95,02898	23,59374	-93,06287
26200	23,59374	-91,75214	22,93838	-89,13067
26220	22,28303	-88,4753	22,28304	-87,16456
26240	22,28304	-85,85382	22,28304	-85,19845
26260	22,28304	-84,54308	22,28305	-83,23234
26280	22,28305	-82,57698	22,28305	-81,9216
26300	22,28305	-81,26623	22,93841	-80,61086
26320	22,93841	-80,61085	22,28305	-79,30012
26340	22,93842	-79,30012	22,93842	-79,30011
26360	22,93842	-78,64474	22,28306	-77,98937
26380	22,28306	-77,33399	22,28307	-76,67862
26400	22,28307	-76,02325	22,28307	-74,71251
26420	22,28308	-74,7125	22,28309	-73,40177
26440	22,2831	-73,40177	22,2831	-72,09104
26460	22,2831	-72,09103	21,62775	-71,43566
26480	20,97239	-70,7803	20,97239	-70,12493
26500	20,9724	-69,46957	20,31705	-69,46956
26520	19,66169	-68,81421	19,00633	-68,15884
26540	19,00633	-68,15884	18,35097	-67,50347
26560	17,69562	-67,50347	17,04025	-67,50346
26580	17,04025	-67,50346	16,38489	-67,50346
26600	15,72953	-67,50346	15,72953	-68,15882
26620	15,07416	-68,15882	15,72951	-68,15882
26640	16,38487	-68,81418	17,04023	-68,81419
26660	17,69558	-68,81419	18,35094	-68,81418
26680	19,00629	-68,81418	19,00629	-68,81418
26700	19,66165	-68,81419	19,66165	-68,81419
26720	20,31701	-69,46956	20,317	-69,46956
26740	20,97236	-69,46957	20,97236	-70,12494
26760	20,97235	-70,12495	21,62771	-70,12495
26780	20,97235	-70,78032	20,97234	-70,78032
26800	21,6277	-71,4357	20,97233	-71,4357
26820	20,97233	-71,4357	21,62769	-71,4357
26840	20,97233	-70,78036	20,97233	-70,78035
26860	20,31697	-70,78035	20,31697	-70,12499
26880	20,31697	-70,125	20,31697	-69,46963
26900	20,97234	-70,125	20,97234	-68,81427
26920	21,6277	-68,81427	22,28307	-68,15891
26940	22,28307	-68,15891	22,28307	-67,50355
26960	22,28307	-68,15891	22,28307	-67,50355
26980	22,28307	-68,15892	22,28307	-68,15892
27000	21,62772	-68,15892	21,62771	-68,15892
27020	20,97235	-68,15892	20,97235	-68,15892
27040	20,31699	-68,15893	20,31699	-68,15892
27060	20,31699	-68,81429	20,31699	-68,81428
27080	20,317	-68,81429	20,317	-68,81429
27100	19,66164	-69,46966	19,66162	-66,8482
27120	24,24913	-61,60525	29,49202	-58,32838
27140	30,80275	-57,67302	30,14739	-57,67302
27160	29,49204	-58,32839	29,49204	-58,32839
27180	28,83668	-58,98375	28,83668	-58,98376
27200	28,83668	-59,63913	28,18131	-59,63913
27220	28,18131	-60,2945	27,52595	-60,2945
27240	28,1813	-60,94986	27,52594	-60,94986
27260	28,18129	-60,94986	28,83665	-61,60523
27280	30,14736	-62,26059	30,80272	-61,60523
27300	32,11344	-62,91596	33,42415	-62,26059
27320	34,07951	-62,2606	34,73487	-62,2606
27340	35,39023	-62,2606	35,39023	-62,2606
27360	36,04559	-62,2606	36,04559	-61,60524
27380	36,04559	-62,2606	36,04559	-61,60524
27400	36,70095	-62,2606	36,04559	-61,60524
27420	36,04559	-61,60525	36,70095	-61,60525
27440	36,70095	-62,26061	36,70095	-61,60525
27460	36,70095	-62,26062	36,04559	-62,26062
27480	37,35628	-61,60524	38,01158	-58,98377
27500	34,73474	-56,3623	32,76863	-55,70693
27520	32,11328	-55,70693	32,76863	-55,70693
27540	32,11327	-56,3623	32,11327	-56,36231
27560	32,11326	-57,01768	32,76863	-57,01768
27580	32,76862	-57,01768	33,42398	-57,01768
27600	33,42398	-57,01768	33,42398	-57,01768
27620	33,42398	-57,01768	33,42398	-56,36232
27640	33,42399	-57,01768	33,42399	-56,36232
27660	30,14718	-55,70695	24,24891	-53,08548
27680	23,59355	-52,4301	23,59356	-51,11937
27700	23,59356	-50,464	22,9382	-49,15326
27720	22,28284	-49,15326	22,28285	-48,4979
27740	21,62749	-49,15326	21,62748	-49,15326
27760	20,97213	-49,15326	20,97213	-47,84253
27780	20,31677	-48,49789	20,97213	-47,84252
27800	20,31677	-47,84253	20,31677	-47,18716
27820	20,31677	-47,18717	20,97214	-46,5318
27840	20,97214	-47,18717	21,6275	-46,5318
27860	21,6275	-46,5318	21,6275	-46,5318
27880	22,28287	-46,5318	22,28287	-46,5318
27900	22,28287	-45,87644	22,93823	-45,22107
27920	22,93823	-45,87644	22,93823	-45,87644
27940	22,93824	-45,87644	22,93824	-45,22108
27960	22,93824	-45,87644	22,93824	-45,22108
27980	22,93824	-45,87644	24,24895	-45,87644
28000	25,55967	-45,87644	28,18111	-45,87644
28020	29,49183	-45,87645	30,80254	-46,5318
28040	31,4579	-45,87646	31,4579	-45,87645
28060	32,11326	-46,53182	32,11326	-45,87646
28080	31,45789	-46,53182	32,76862	-45,87646
28100	32,76862	-46,53182	33,42398	-45,87646
28120	33,42398	-45,87646	33,42397	-45,2211
28140	33,42398	-45,87646	34,07933	-45,2211
28160	34,07933	-45,22111	34,07933	-45,22111
28180	34,07934	-45,22111	34,73469	-45,22111
28200	34,73469	-45,87647	34,7347	-45,22111
28220	34,73469	-45,87647	34,07933	-45,22111
28240	34,07933	-45,87647	34,07933	-45,2211
28260	34,07934	-45,22111	34,73469	-45,22111
28280	34,7347	-45,2211	34,07933	-44,56574
28300	34,7347	-45,22111	34,73469	-45,2211
28320	34,73469	-45,22111	34,73469	-45,22111
28340	34,73469	-45,22111	34,73469	-45,2211
28360	34,07933	-45,2211	34,07933	-45,2211
28380	34,07934	-45,2211	34,07933	-45,2211
28400	33,42397	-45,2211	33,42397	-44,56573
28420	32,76861	-45,2211	32,76861	-44,56572
28440	32,11325	-44,56572	31,45789	-44,56571
28460	30,80253	-44,56571	30,14717	-44,56571
28480	29,49181	-44,56571	28,83645	-44,56571
28500	28,18109	-44,56572	27,52573	-45,22108
28520	26,87037	-45,22108	26,215	-45,22108
28540	24,90429	-45,22108	24,24893	-45,22107
28560	22,93821	-45,22107	22,9382	-44,56571
28580	22,93821	-45,22106	22,93821	-43,91034
28600	23,59357	-43,91034	24,24894	-43,91033
28620	24,90431	-43,91033	25,55967	-42,59961
28640	26,21504	-42,5996	26,8704	-42,5996
28660	27,52577	-42,59961	28,18113	-42,59961
28680	28,18114	-42,59962	27,52578	-42,59961
28700	27,52578	-43,25498	26,87042	-43,25497
28720	26,21506	-43,91034	25,5597	-43,91034
28740	24,24898	-43,91034	24,24897	-44,56571
28760	23,59362	-45,22107	23,59361	-45,22107
28780	22,93825	-45,87644	24,24896	-46,5318
28800	26,21504	-46,53181	28,18111	-47,18717
28820	30,1472	-47,18718	31,45792	-47,84254
28840	32,11328	-47,84254	33,424	-47,18718
28860	34,07936	-47,84254	34,73472	-47,18718
28880	35,39009	-47,18718	36,04544	-47,18718
28900	35,39008	-47,84254	35,39008	-47,18718
28920	36,04545	-47,84254	36,04544	-47,84254
28940	36,04544	-47,84255	36,04544	-47,84254
28960	35,39008	-47,84255	35,39008	-47,84254
28980	35,39008	-47,84254	35,39008	-47,84254
29000	34,73472	-47,84254	34,73472	-47,18718
29020	34,07936	-47,18718	33,424	-47,18717
29040	33,424	-47,18717	33,424	-46,53181
29060	34,07936	-46,53181	34,73473	-46,53181
29080	35,39009	-46,53181	35,39009	-45,87645
29100	35,39009	-46,5318	35,39009	-45,87644
29120	35,39009	-45,87644	35,39009	-45,22107
29140	35,39009	-45,22107	35,39009	-45,22107
29160	35,3901	-45,22106	34,73474	-44,5657
29180	34,73474	-44,56569	34,73474	-43,91033
29200	34,07939	-43,91033	34,07939	-43,25496
29220	34,07939	-43,25496	34,07939	-42,59959
29240	33,42403	-42,59959	34,07939	-41,94422
29260	33,42404	-41,94422	33,42404	-41,94422
29280	32,76868	-41,94421	32,76868	-40,63348
29300	32,11332	-40,63348	31,45797	-39,97812
29320	31,45797	-39,97812	36,70086	-35,39054
29340	42,59917	-25,55838	39,32242	-17,69556
29360	36,04564	-13,76332	34,07956	-11,14184
29380	34,07957	-8,52036	33,42421	-7,20962
29400	32,76885	-5,8989	32,76885	-5,24352
29420	32,76886	-5,24352	32,76885	-4,58815
29440	32,11349	-4,58816	32,76885	-3,93279
29460	32,76885	-3,9328	32,76885	-3,27744
29480	32,76886	-4,58817	33,42421	-4,58816
29500	34,07957	-4,58817	34,73493	-3,93281
29520	34,07957	-3,93281	35,39028	-4,58817
29540	34,73492	-4,58817	35,39028	-4,58817
29560	42,59926	-11,7972	48,4977	-34,73508
29580	118,62156	-59,63909	145,49149	-80,6109
29600	144,18076	-82,57705	144,83606	-81,92169
29620	144,83606	-83,23006	144,1807	-84,54317
29640	143,52533	-85,19855	142,86996	-85,19856
29660	142,86995	-85,85393	141,55923	-85,85394
29680	142,21458	-85,85394	141,55922	-85,85395
29700	141,55922	-86,50931	141,55922	-86,50932
29720	140,90385	-87,16468	140,90385	-86,50933
29740	140,24848	-87,16469	140,24847	-86,50933
29760	140,90384	-87,1647	140,24847	-87,1647
29780	140,90383	-88,47542	140,24846	-96,3398
29800	138,28237	-100,27202	138,93773	-98,9613
29820	138,93772	-98,30593	138,93772	-98,30592
29840	138,93772	-98,96129	138,93771	-98,30592
29860	138,93771	-98,30594	138,93771	-98,96129
29880	138,9377	-98,96129	138,9377	-98,30593
29900	138,9377	-98,96129	138,9377	-98,96129
29920	138,28234	-98,96128	138,9377	-98,96129
29940	138,9377	-99,61666	138,93769	-100,92739
29960	138,93769	-105,51496	130,41805	-116,65626
29980	98,3056	-163,18734	63,57176	-249,04042
30000	17,04157	-285,08604	6,55606	-285,08604
30020	52,43103	-285,0857	66,84888	-285,08511
30040	87,165	-285,08497	133,6953	-285,08519
30060	161,87542	-285,08563	166,46283	-285,08591
30080	161,22	-285,08593	164,49676	-285,08574
30100	169,08424	-285,08564	171,05026	-285,08556
30120	171,70554	-273,28894	171,70548	-260,18158
30140	172,36082	-248,38498	172,3608	-238,55446
30160	169,73936	-230,69005	166,46257	-222,82563
30180	163,18578	-216,27194	159,90898	-209,71825
30200	157,28755	-202,5092	154,66611	-195,95551
30220	152,70003	-190,0572	150,73395	-183,50353
30240	148,76786	-178,26059	147,45714	-172,36228
30260	146,14642	-167,11935	145,49106	-161,8764
30280	144,18035	-157,28884	142,86963	-152,70126
30300	156,63224	-139,59395	192,02191	-114,68996
30320	224,79019	-89,78591	239,20834	-66,848
30340	237,89776	-51,11915	233,31024	-38,01182
30360	230,03343	-27,52595	228,06736	-19,00618
30380	226,10129	-14,41862	224,13521	-10,48641
30400	223,47986	-8,52031	222,8245	-5,89886
30420	221,51379	-4,58813	220,85843	-3,2774
30440	220,20307	-3,2774	219,54771	-1,96667
30460	219,54772	-1,31131	218,89236	-0,65594
30480	218,89236	-0,65594	218,89236	-0,00057999999999936
30500	218,89236	-0,00059000000000253	218,23701	-0,00059000000000253
30520	218,23701	-0,00059000000000253	218,237	0,65477
30540	217,58165	-0,00059000000000253	217,58164	0,65477
30560	217,58165	-0,00060000000000571	217,58164	0,65477
30580	216,92629	-0,00060000000000571	216,92629	0,65476
30600	216,92629	-0,00060000000000571	216,92629	-0,00061000000000178
30620	216,27093	-0,65598	216,27093	-0,65598
30640	216,27093	-1,31135	216,27093	-1,31135
30660	215,61557	-1,96672	214,96021	-2,62208
30680	220,20309	-11,14184	228,72279	-22,93845
30700	228,06741	-25,55996	228,06739	-22,93848
30720	228,06739	-22,28312	228,06739	-22,28312
30740	228,06739	-22,28313	227,41203	-22,93849
30760	227,41203	-23,59386	227,41202	-23,59386
30780	227,41202	-24,24924	227,41202	-24,24924
30800	227,41202	-24,90461	228,06738	-25,55998
30820	228,06738	-26,21535	228,72274	-26,87072
30840	229,37809	-27,52608	229,37809	-28,18146
30860	230,68881	-28,83683	230,6888	-28,83684
30880	230,6888	-30,14756	230,03344	-30,14757
30900	230,68879	-30,80293	230,03342	-30,80294
30920	230,03342	-31,4583	229,37806	-32,11367
30940	230,03341	-33,4244	230,03341	-33,42441
30960	230,0334	-34,07977	230,68876	-34,07978
30980	230,0334	-34,73515	230,68876	-34,73516
31000	230,68875	-36,04589	234,62093	-39,32271
31020	238,55313	-42,59955	237,24239	-41,28883
31040	237,89775	-41,28884	238,55311	-41,28884
31060	238,55311	-41,9442	238,55311	-41,94421
31080	238,55311	-42,59958	239,86383	-43,25494
31100	239,86383	-43,91031	239,86383	-44,56569
31120	240,51919	-45,22106	240,51919	-45,22105
31140	241,17455	-45,87643	241,17455	-45,87643
31160	241,17455	-46,5318	241,17455	-46,5318
31180	241,17455	-47,18717	241,82991	-47,18718
31200	241,82991	-47,84255	241,82991	-48,49791
31220	241,82991	-48,49791	242,48527	-49,15328
31240	241,82991	-49,80865	242,48527	-49,15329
31260	242,48526	-50,46401	242,48526	-50,46402
31280	242,48527	-51,11939	242,48526	-51,11939
31300	242,48527	-51,77476	242,48527	-51,77476
31320	242,48527	-53,08549	242,48527	-53,08549
31340	243,14063	-54,39622	243,14063	-54,39622
31360	243,14063	-54,39622	243,14063	-54,39623
31380	243,14063	-55,70695	243,79599	-55,0516
31400	243,796	-55,0516	243,796	-55,70696
31420	243,79601	-55,70697	243,79601	-55,70697
31440	243,79601	-57,0177	244,45137	-56,36233
31460	243,79601	-56,36234	244,45137	-57,0177
31480	243,79601	-57,67306	244,45137	-57,67306
31500	244,45137	-58,32843	244,45137	-57,67307
31520	245,10673	-58,32843	245,10673	-58,32844
31540	245,10673	-58,32844	245,10887	-58,9838
31560	246,41745	-58,9838	246,41745	-58,9838
31580	246,41745	-58,32844	247,07281	-58,32844
31600	247,72817	-58,32844	247,72818	-57,67307
31620	247,07282	-57,67308	247,72818	-57,01771
31640	247,72818	-57,67308	247,72818	-57,67307
31660	247,72818	-57,67307	247,72818	-57,67308
31680	247,72818	-57,67308	247,72818	-58,32844
31700	247,72818	-58,32845	247,72817	-58,32845
31720	247,07281	-58,98381	247,07281	-58,32845
31740	246,41745	-58,98382	246,41745	-58,98382
31760	246,41745	-59,63918	246,41745	-58,98382
31780	246,41745	-59,63919	246,41745	-59,63919
31800	246,41745	-59,63919	246,41744	-59,63919
31820	246,41745	-60,29457	246,41744	-60,29456
31840	246,41744	-60,29457	246,41744	-60,29457
31860	245,76208	-60,94993	245,76207	-60,94994
31880	245,10671	-61,6053	245,76207	-61,60531
31900	245,76207	-62,26067	245,1067	-62,26067
31920	245,1067	-62,91604	245,1067	-62,91604
31940	254,93716	-65,5375	268,69992	-65,53748
31960	270,01069	-65,53747	268,0446	-64,88211
31980	267,38924	-64,22674	267,38924	-64,22674
32000	267,38923	-64,88211	267,38923	-64,88211
32020	266,07851	-65,53748	266,07851	-65,53748
32040	266,07851	-65,53748	266,07851	-65,53748
32060	265,42315	-65,53749	265,42314	-65,53749
32080	264,76778	-66,19285	264,76778	-66,19285
32100	264,76778	-66,19286	264,76778	-66,84822
32120	264,76778	-67,50359	264,76778	-67,50359
32140	264,76778	-68,15895	264,11242	-68,15895
32160	264,76778	-68,81432	264,76778	-68,81432
32180	265,42314	-69,46969	264,76777	-68,81433
32200	266,07849	-69,4697	266,07848	-68,81434
32220	266,73384	-70,12507	267,3892	-69,4697
32240	266,73384	-70,12506	270,01065	-71,4358
32260	271,32139	-72,74653	270,01066	-70,78043
32280	270,01066	-70,78043	270,66602	-70,78043
32300	270,01066	-70,78043	270,01066	-70,78044
32320	270,01066	-71,4358	270,66601	-71,43581
32340	270,01065	-72,09117	270,01065	-71,43581
32360	270,01065	-72,09117	269,35529	-72,09118
32380	268,04457	-73,40191	252,97108	-76,02336
32400	210,37237	-76,67871	163,84153	-77,9894
32420	133,6948	-78,64474	108,13567	-77,334
32440	105,51425	-76,67865	107,48034	-76,02329
32460	107,48033	-76,67866	107,48033	-76,67868
32480	107,48033	-76,67869	107,48033	-77,33405
32500	106,82497	-77,33406	106,82498	-77,33406
32520	106,82498	-77,33408	106,82497	-77,33408
32540	106,82498	-77,98945	106,82498	-77,98945
32560	107,48033	-77,98947	107,48034	-78,64483
32580	108,1357	-78,64484	107,48033	-78,64483
32600	107,48034	-78,64484	107,48033	-78,64484
32620	107,48034	-79,30021	107,48033	-79,30021
32640	107,48034	-79,95558	107,48034	-79,30022
32660	108,1357	-79,95558	108,1357	-79,95558
32680	108,1357	-79,95559	108,13569	-79,95559
32700	108,79106	-79,95559	108,79106	-79,95559
32720	108,79106	-81,26632	90,44091	-81,92167
32740	66,84787	-82,57703	60,94961	-81,26629
32760	63,57106	-81,2663	64,88178	-81,26629
32780	63,57106	-80,61094	63,57106	-81,2663
32800	64,22642	-81,92166	64,22642	-81,92166
32820	64,22642	-81,92166	64,22642	-81,2663
32840	64,88178	-81,92167	64,88178	-81,92167
32860	65,53714	-81,92167	66,1925	-81,92167
32880	65,53713	-81,92168	66,19249	-81,26632
32900	66,19249	-81,92168	66,19249	-81,92168
32920	66,19249	-81,92168	66,84785	-81,92168
32940	66,84785	-81,92168	66,84784	-81,92168
32960	66,84784	-82,57704	67,50321	-82,57706
32980	68,15857	-82,57706	68,81393	-82,57706
33000	68,81393	-83,23243	68,15856	-83,23243
33020	68,81392	-84,54316	53,74057	-95,68436
33040	11,79727	-116,00071	-5,24233	-131,07419
33060	-12,45143	-139,59401	-12,45147	-138,28331
33080	-9,83002	-137,62795	-9,83003	-137,62795
33100	-11,14076	-137,62797	-10,48541	-137,62798
33120	-11,14076	-138,28336	-10,48541	-138,28336
33140	-10,48541	-138,28337	-11,14078	-138,93874
33160	-10,48542	-139,59411	-10,48542	-140,24948
33180	-10,48542	-140,90486	-10,48542	-140,2495
33200	-10,48543	-142,21559	-10,48543	-142,2156
33220	-9,83006	-142,21561	-9,83007	-142,87096
33240	-9,83007	-143,52634	-9,83007	-143,52634
33260	-9,83007	-144,83707	-5,89785	-144,18172
33280	5,24347	-142,21561	13,76324	-142,21559
33300	9,17571	-142,2156	8,52033	-142,2156
33320	9,1757	-142,2156	9,17569	-141,56025
33340	8,52033	-142,21562	8,52033	-142,87097
33360	8,52033	-143,52634	8,52033	-143,52634
33380	9,17569	-144,18172	9,17569	-144,18172
33400	9,17569	-144,83708	9,83104	-144,83709
33420	9,83105	-145,49245	10,48641	-145,49245
33440	9,83105	-146,14782	10,4864	-146,14782
33460	9,83105	-146,80319	9,83104	-146,80319
33480	9,83104	-146,80318	9,83104	-147,45854
33500	9,83104	-147,45854	9,83104	-146,8032
33520	9,83104	-147,45856	9,83104	-147,45856
33540	9,17567	-148,7693	1,96667	-148,7693
33560	2,62202	-148,11394	4,58811	-147,45857
33580	4,58811	-147,45857	4,5881	-146,8032
33600	3,93274	-146,8032	3,93273	-146,8032
33620	3,93273	-146,8032	3,93273	-146,14784
33640	3,93273	-146,80321	3,93273	-146,14784
33660	4,58809	-146,14784	5,24344	-146,14784
33680	4,58808	-146,14785	5,24344	-146,14785
33700	5,24344	-146,14785	4,58808	-146,14785
33720	5,24343	-146,14785	4,58807	-146,14785
33740	4,58807	-146,14785	5,24343	-144,83712
33760	4,58807	-146,14784	4,58807	-146,14783
33780	4,58807	-146,14785	4,58806	-146,80321
33800	4,58806	-148,76931	4,58805	-151,39078
33820	5,89877	-156,63372	7,86485	-165,15352
33840	7,8649	-181,53781	7,86502	-212,34024
33860	19,66171	-253,62848	18,35128	-285,08604
33880	6,55513	-285,08604	29,49257	-285,0859
33900	86,50894	-285,08526	112,72352	-285,0849
33920	114,6897	-285,08472	114,68977	-285,08461
33940	119,2773	-285,08461	123,86483	-285,08457
33960	123,86485	-285,08454	125,8309	-285,08453
33980	130,41835	-285,08455	135,00579	-285,08459
34000	144,1807	-285,08465	151,38952	-285,0847
34020	152,04476	-285,08472	149,42323	-285,08475
34040	148,76784	-285,08478	152,04461	-285,08481
34060	154,66601	-285,08486	155,97669	-285,0849
34080	159,90882	-285,08494	164,49633	-285,08496
34100	166,46241	-285,08498	163,18564	-285,08498
34120	152,69993	-285,08496	140,90348	-285,0849
34140	129,76228	-285,08486	119,27651	-285,0848
34160	109,44614	-285,08474	104,85864	-285,08469
34180	108,13546	-285,08467	118,62117	-285,08467
34200	131,07294	-285,08469	143,52471	-285,08472
34220	153,35505	-285,08475	159,25326	-285,08475
34240	167,11753	-285,08477	175,63713	-285,08479
34260	190,05491	-285,08483	201,19592	-285,08488
34280	207,74944	-285,08492	212,99226	-285,08495
34300	220,20113	-285,08498	230,03141	-285,08503
34320	233,96347	-285,08507	230,68658	-285,08511
34340	211,68099	-285,08512	160,56267	-285,08514
34360	118,61948	-285,08519	90,43897	-274,5994
34380	60,94765	-247,07411	34,73321	-221,51484
34400	15,07241	-199,23238	-2,62231	-180,88207
34420	-16,38487	-163,84249	-26,21527	-148,11369
34440	-34,07959	-133,6956	-40,63319	-121,89899
34460	-43,90999	-113,3792	-45,87607	-104,85943
34480	-47,84215	-99,61648	-48,49751	-96,33964
34500	-48,49751	-95,0289	-48,49751	-93,71815
34520	-48,49751	-92,40742	-48,49751	-90,44131
34540	-48,49751	-89,78593	-48,49751	-89,78594
34560	-48,49751	-90,4413	-48,49751	-91,75203
34580	-48,49751	-93,06278	-48,49751	-93,06278
34600	-48,49751	-94,37351	-48,49751	-93,71815
34620	-48,49751	-94,37352	-48,49751	-94,37352
34640	-48,49751	-95,02889	-48,49751	-95,02889
34660	-48,49751	-95,02889	-48,49751	-94,37353
34680	-48,49751	-94,37354	-48,49751	-94,37354
34700	-48,49751	-95,0289	-48,49751	-94,37354
34720	-48,49751	-94,37355	-48,49751	-93,71819
34740	-48,49751	-94,37355	-48,49751	-93,7182
34760	-48,49751	-94,37356	-48,49751	-94,37357
34780	-48,49751	-95,02894	-48,49751	-94,37359
34800	-48,49751	-94,3736	-48,49751	-95,02897
34820	-48,49751	-95,68435	-48,49751	-95,68436
34840	-48,49751	-95,68436	-48,49751	-96,33973
34860	-48,49751	-96,9951	-48,49751	-96,99511
34880	-48,49751	-97,65048	-48,49751	-98,30585
34900	-48,49751	-100,27194	-48,49751	-102,23803
34920	-48,49751	-104,20413	-48,49751	-108,13633
34940	-48,49751	-112,72395	-45,22049	-111,41326
34960	-20,31649	-112,06864	-6,55371	-114,69009
34980	-6,55365	-116,65619	-9,83047	-117,96692
35000	-11,14119	-117,96693	-11,14118	-117,96692
35020	-11,79653	-118,62228	-12,45191	-118,62228
35040	-12,45191	-119,93302	-12,45192	-118,6223
35060	-13,10728	-117,96692	-13,10729	-116,00083
35080	-13,76265	-114,6901	-13,76266	-113,37935
35100	-14,41802	-110,75789	-14,41803	-107,48105
35120	-15,72875	-104,20422	-17,03947	-100,27202
35140	-17,69484	-96,33982	-19,00556	-93,06297
35160	-19,66092	-89,78613	-20,97164	-86,50929
35180	-22,28236	-83,88781	-22,93772	-80,61098
35200	-23,59307	-79,30024	-19,0055	-73,40195
35220	-5,24267	-58,98389	24,90421	-45,87649
35240	36,70087	-36,70129	31,458	-30,14761
35260	27,52584	-24,90469	25,55976	-20,97248
35280	23,59369	-19,66175	21,62761	-18,35102
35300	20,97224	-17,69566	19,00616	-17,04031
35320	18,35081	-16,38496	17,69545	-16,38496
35340	16,38472	-15,72961	16,38473	-15,72961
35360	15,72937	-15,72962	15,07401	-15,07426
35380	14,41865	-15,07426	13,76329	-15,07427
35400	13,76329	-15,07428	13,76328	-15,07428
35420	13,10792	-15,07428	12,45256	-14,41892
35440	11,7972	-15,07429	11,7972	-14,41892
35460	11,7972	-14,41893	11,14184	-13,76357
35480	10,48648	-14,41894	10,48648	-13,76357
35500	9,83113	-14,41893	9,17576	-13,76357
35520	8,5204	-14,41893	8,5204	-14,41893
35540	7,86504	-15,0743	7,20968	-14,41893
35560	34,07955	-7,86528	68,15851	0,65452999999999
35580	81,92125	3,27604	80,61058	5,24215
35600	77,33377	6,55289	76,02304	7,20826
35620	75,36768	7,86362	74,71233	8,51898
35640	74,05697	8,51899	73,4016	9,17435
35660	72,09088	9,17435	70,78015	9,17435
35680	70,12479	9,17435	69,46941	9,82971
35700	68,81406	9,17435	68,15869	9,8297
35720	67,50334	9,17434	66,19262	9,82971
35740	65,53726	9,8297	65,53725	10,48506
35760	65,53725	9,8297	66,19261	10,48506
35780	65,53725	10,48506	66,19261	10,48507
35800	65,53724	10,48506	65,53724	11,14042
35820	65,53724	11,14043	65,53724	11,7958
35840	65,53724	11,79579	65,53724	12,45116
35860	65,53723	11,79579	66,19259	12,45115
35880	65,53723	12,45115	66,19258	12,45116
35900	66,19259	12,45115	66,19258	13,10651
35920	66,84794	12,45114	66,84794	12,45114
35940	66,19257	12,45114	66,84793	12,45114
35960	66,84794	11,79578	66,19257	8,51895
35980	51,11928	-14,41888	17,04047	-50,46412
36000	5,24383	-72,0913	3,93303	-75,3682
36020	8,52053	-75,3682	9,83124	-77,33431
36040	9,17587	-79,95578	9,83123	-81,26653
36060	10,48658	-83,23263	10,48658	-84,54336
36080	10,48658	-86,50947	10,48657	-87,8202
36100	10,48658	-89,7863	10,48657	-91,09704
36120	10,48657	-93,06314	10,48656	-94,37388
36140	11,14192	-96,33997	11,14192	-96,99536
36160	11,14192	-98,96146	11,79727	-102,89365
36180	13,76334	-114,69024	13,10796	-120,58858
36200	13,76331	-120,58858	13,7633	-121,24394
36220	13,7633	-122,55468	13,76329	-123,86541
36240	13,76329	-125,83152	14,41865	-127,14225
36260	15,07401	-128,45299	15,72936	-129,76373
36280	17,04008	-131,07446	17,69544	-132,38519
36300	18,3508	-133,69593	19,66152	-134,3513
36320	20,31688	-135,00667	20,97224	-135,66203
36340	4,5882	-140,24958	-13,76196	-144,83718
36360	-15,07269	-144,8372	-11,14053	-144,83719
36380	-11,14053	-144,8372	-11,7959	-146,14794
36400	-11,7959	-147,45866	-11,79591	-147,45866
36420	-11,79591	-147,45868	-11,79591	-148,11404
36440	-11,79591	-148,76941	-11,14056	-148,76941
36460	-11,14056	-150,08013	-10,48521	-150,73551
36480	-10,48521	-151,39088	-10,48522	-152,04625
36500	-10,48522	-152,04626	-10,48522	-152,70162
36520	-9,82986	-153,35699	-9,82987	-153,35698
36540	-9,17451	-154,01236	-8,51915	-154,01236
36560	-7,86379	-154,66773	-7,20843	-154,66774
36580	-6,55307	-155,97847	-6,55308	-157,28921
36600	-7,20844	-158,59994	-5,24236	-157,94457
36620	-4,587	-157,94458	-4,58701	-157,94458
36640	-4,58701	-159,25531	-3,93165	-159,25532
36660	-4,58701	-160,56604	-4,58701	-160,56605
36680	-4,58701	-161,22141	-4,58702	-161,22142
36700	-4,58702	-162,53214	-3,93166	-162,53214
36720	-3,93166	-162,53216	-3,2763	-163,18752
36740	-3,2763	-163,18753	-2,62094	-163,84289
36760	-2,61839	-164,49826	-1,96558	-164,49826
36780	-1,96558	-165,15363	-1,31022	-165,80899
36800	-0,65486	-166,46436	-0,65486	-166,46436
36820	0,00048999999999921	-167,7751	14,41845	-169,08584
36840	93,06187	-169,74122	140,90351	-169,7412
36860	152,0448	-171,70726	144,83583	-171,70726
36880	142,21437	-171,0519	142,86973	-171,05189
36900	142,86972	-171,70725	142,21436	-171,70726
36920	141,559	-171,70726	141,55899	-172,36262
36940	141,55899	-172,36263	140,24826	-171,70727
36960	140,90363	-172,36264	140,90363	-173,01801
36980	140,24827	-173,67338	140,24827	-173,67338
37000	139,59291	-173,67339	140,90363	-175,63948
37020	140,90364	-176,29486	140,90363	-178,26096
37040	141,55899	-181,5378	142,86971	-188,09146
37060	144,18043	-201,19882	144,18042	-229,37959
37080	142,21434	-273,94449	106,16957	-285,08604
37100	100,27155	-285,08604	142,21487	-285,08604
37120	100,27155	-285,08604	66,19282	-285,08583
37140	49,15352	-285,08562	39,97855	-285,08553
37160	29,49279	-285,08548	22,28379	-285,08546
37180	23,59452	-285,08546	24,24992	-285,08548
37200	19,00703	-285,0855	19,007	-285,08549
37220	19,00701	-285,08547	19,66238	-285,08546
37240	23,59453	-285,08546	26,87131	-285,08546
37260	27,52664	-285,08547	29,49272	-285,08546
37280	30,80345	-285,08546	32,76952	-285,08547
37300	32,11415	-285,08549	32,7695	-285,0855
37320	36,70166	-285,08551	41,28916	-285,08554
37340	47,18736	-285,08555	57,01773	-285,08556
37360	68,81419	-285,08557	82,57672	-285,08561
37380	91,09636	-285,08566	104,8589	-285,08567
37400	117,96608	-285,08568	124,51966	-285,0857
37420	134,35005	-285,0857	148,76796	-285,0857
37440	163,18587	-285,0857	176,94841	-285,08571
37460	187,43415	-285,08572	201,1967	-285,08316
37480	219,54675	-285,08572	230,68785	-285,08572
37500	238,55216	-285,08573	244,45039	-285,08573
37520	246,41647	-285,08573	249,03792	-285,08572
37540	251,00401	-285,08573	247,07184	-285,08574
37560	247,7272	-285,08573	251,65937	-285,08571
37580	258,86833	-285,0857	262,80048	-285,0857
37600	270,00943	-285,08569	277,21839	-285,08568
37620	278,52912	-285,08568	277,87377	-285,08566
37640	282,46129	-285,08564	285,7381	-285,08562
37660	285,7381	-285,08561	285,7381	-285,08559
37680	285,73811	-285,08558	285,73811	-285,08557
37700	285,73812	-285,08558	285,73812	-285,08556
37720	285,73813	-285,08556	285,73813	-285,08555
37740	285,73812	-285,08554	285,73811	-285,08554
37760	285,73811	-285,08553	285,7381	-285,08551
37780	285,7381	-285,0855	285,73807	-285,0855
37800	285,73804	-285,0855	285,73804	-285,0855
37820	285,73803	-285,0855	285,73803	-285,08549
37840	285,73804	-285,08548	285,73807	-285,08547
37860	285,73813	-285,08544	285,73822	-285,08537
37880	281,15081	-285,08528	245,10611	-285,08519
37900	200,54179	-285,08505	161,87572	-285,08491
37920	129,10787	-285,08474	96,99539	-285,08454
37940	66,19366	-285,08432	43,91157	-285,08411
37960	30,14908	-285,08396	26,21694	-285,0839
37980	28,83835	-285,08392	34,08119	-285,08394
38000	41,29191	-285,08394	40,63479	-285,08392
38020	37,35802	-285,08387	33,4259	-285,0838
38040	32,1152	-285,08378	30,14913	-285,08374
38060	25,56161	-285,08372	26,21697	-285,0837
38080	27,52769	-285,08369	32,11519	-285,08369
38100	39,97948	-285,08371	51,12055	-285,08372
38120	58,98484	-285,08372	66,84913	-285,08372
38140	76,67949	-285,08372	90,44197	-285,08374
38160	106,82592	-285,08376	121,89912	-285,08379
38180	142,21518	-285,08384	176,94913	-285,08393
38200	214,30447	-285,08408	242,48478	-285,08424
38220	262,14546	-285,08443	285,08296	-285,0847
38240	285,73809	-285,08514	245,76094	-285,08542
38260	182,1911	-285,08532	156,63207	-248,38487
38280	144,18016	-215,61657	127,1408	-188,74653
38300	104,85857	-167,11942	91,75138	-143,52625
38320	85,85314	-123,86526	81,26562	-106,82574
38340	78,64419	-93,06304	76,02275	-81,26644
38360	74,71205	-72,74668	73,40134	-66,193
38380	72,09063	-60,95006	70,77993	-57,01787
38400	70,12457	-55,70712	70,12457	-55,05175
38420	69,46923	-52,43027	69,46923	-51,11954
38440	68,81388	-51,11955	68,15852	-50,46418
38460	66,84781	-51,11955	66,19245	-50,46419
38480	65,5371	-50,46419	65,53711	-49,80884
38500	64,88175	-49,80883	64,22639	-49,15346
38520	64,2264	-48,4981	62,91568	-47,84273
38540	62,91569	-47,84273	62,91569	-47,18736
38560	61,60497	-47,18735	60,94961	-46,53198
38580	60,94962	-46,53198	60,94962	-45,22124
38600	60,29426	-45,22124	60,29426	-45,22123
38620	59,6389	-45,22122	59,63891	-44,56586
38640	58,98355	-45,87658	77,98902	-60,29464
38660	102,89284	-88,4755	112,06795	-109,44736
38680	112,72329	-114,03498	116,00005	-114,69033
38700	117,31076	-116,65643	117,96612	-118,62253
38720	118,62148	-120,58863	119,27684	-121,89936
38740	119,27683	-123,86546	119,93219	-125,83156
38760	119,27683	-127,79766	120,58755	-129,1084
38780	120,58754	-130,41914	121,2429	-132,38524
38800	121,89825	-133,69599	121,89825	-135,00672
38820	121,89825	-136,97282	122,5536	-138,28355
38840	123,20896	-140,24966	123,86432	-141,56039
38860	127,14113	-141,5604	133,69479	-138,93892
38880	133,6948	-138,9389	133,03944	-138,93891
38900	134,35016	-139,59428	135,00552	-140,24964
38920	135,00552	-140,90501	135,66088	-141,56038
38940	136,31625	-142,21574	136,97161	-143,52647
38960	136,31625	-143,52647	136,97161	-144,8372
38980	137,62697	-146,14793	137,62696	-146,80329
39000	137,62696	-147,45865	138,28232	-148,11402
39020	138,28231	-149,42475	137,62695	-150,08011
39040	138,28231	-150,08012	138,2823	-151,39084
39060	138,2823	-153,35694	138,2823	-154,01231
39080	138,93765	-155,97841	139,59301	-156,63379
39100	139,593	-158,59989	139,593	-159,25527
39120	140,90371	-161,22137	140,9037	-161,87674
39140	141,55905	-163,84284	142,86977	-163,84285
39160	142,21439	-163,84284	140,90365	-162,53208
39180	141,55901	-162,5321	141,559	-161,87673
39200	141,559	-161,22137	141,559	-162,53209
39220	142,21435	-162,53209	142,86971	-163,18746
39240	143,52507	-163,18747	144,18043	-163,18748
39260	144,18043	-163,18748	145,49114	-163,18748
39280	146,1465	-163,18749	145,49114	-163,18749
39300	146,80186	-163,84284	146,80186	-163,18749
39320	147,45722	-163,84285	147,45721	-163,18749
39340	146,80186	-163,84286	147,45721	-164,49822
39360	148,11257	-164,49822	148,11257	-164,49822
39380	148,11257	-165,15358	148,11257	-165,15358
39400	148,11257	-165,15359	148,76793	-164,49822
39420	149,4233	-165,15359	149,4233	-164,49823
39440	149,42331	-165,1536	150,07868	-165,15361
39460	137,62676	-169,08576	96,99417	-171,0518
39480	32,7686	-171,05177	1,96658	-169,74105
39500	1,31126	-167,77496	3,27737	-166,46422
39520	2,622	-165,15349	1,96665	-163,1874
39540	1,96665	-163,84276	1,31129	-163,1874
39560	1,96665	-162,53204	1,96665	-161,87667
39580	1,96666	-161,87668	1,96666	-161,22131
39600	1,96666	-161,87668	2,62201	-161,87668
39620	1,96665	-162,53205	1,96664	-161,87668
39640	1,96664	-163,18742	1,31127	-163,84278
39660	1,31127	-163,84278	1,31126	-163,84278
39680	1,31125	-164,49815	1,31124	-164,49815
39700	1,31124	-164,49816	0,65587	-165,15352
39720	0,65587	-165,15352	0,00050000000000239	-165,80888
39740	0,00050000000000239	-165,80888	0,00048999999999921	-165,80888
39760	0,00048999999999921	-166,46424	0,65584	-166,46425
39780	0,65584	-167,11962	1,3112	-167,11962
39800	1,31119	-167,11962	1,31119	-167,77498
39820	1,31119	-168,43035	10,48626	-168,43037
39840	91,75114	-164,4982	143,52491	-161,22138
39860	158,59837	-161,87672	153,3555	-161,8767
39880	149,42332	-161,22135	148,76796	-159,91063
39900	148,1126	-160,566	146,80188	-160,56601
39920	146,14653	-160,56602	145,49117	-160,56602
39940	144,18045	-160,56604	142,86973	-159,25532
39960	142,86974	-159,91069	142,86973	-159,25533
39980	141,55902	-159,25534	140,90366	-159,25534
