T	LX	LY	RX	RY
0	0	0	0	0
20	-1,31072	0	-0,65535	-0,65536
40	-1,96608	-1,31072	-1,31072	-1,96608
60	-2,62144	-1,96608	-1,31072	-2,62144
80	-2,62146	-2,62144	-1,31074	-2,62145
100	-2,62147	-3,27681	-1,31075	-3,93217
120	-2,62148	-3,93217	-1,96612	-4,58754
140	-2,62149	-4,58753	-1,96613	-4,58754
160	-2,6215	-4,58754	-1,96613	-5,2429
180	-2,6215	-4,58754	-1,96614	-5,2429
200	-2,6215	-5,2429	-1,96613	-5,24291
220	-2,62149	-4,58754	-1,96613	-4,58754
240	-2,62149	-4,58754	-1,96612	-4,58755
260	-2,62149	-4,58754	-2,62148	-4,58755
280	-3,27684	-4,58755	-1,96612	-4,58755
300	-3,27684	-4,58754	-2,62147	-4,58755
320	-3,27684	-4,58755	-1,96611	-4,58756
340	0,65535999999999	-4,58755	1,9661	-4,58755
360	9,9999999960687E-6	-3,93219	0,65537	-3,27683
380	9,9999999960687E-6	-3,27683	1,31073	-3,9322
400	0,65537	-3,9322	1,31073	-4,58756
420	0,65537	-4,58756	1,9661	-5,24292
440	0,65537	-5,24292	1,9661	-5,24293
460	0,65537	-5,89828	1,9661	-5,89829
480	1,31073	-5,24292	1,9661	-5,89828
500	1,31074	-5,89828	1,96611	-5,89829
520	1,31074	-5,89828	1,96611	-5,24293
540	1,31075	-5,24292	1,96611	-5,24292
560	1,31075	-5,24292	1,96612	-5,24293
580	1,31076	-5,24292	1,96613	-4,58756
600	0,6554	-4,58756	1,96613	-4,58756
620	0,6554	-3,9322	1,96613	-3,9322
640	0,65541	-3,9322	1,96613	-3,9322
660	0,65541	-3,27684	1,31078	-3,27684
680	5,9999999997729E-5	-2,62147	1,31078	-3,27683
700	0,65542	-2,62147	1,31078	-2,62147
720	0,65541	-3,27683	1,31078	-3,27683
740	0,65541	-3,93219	1,31076	-3,27683
760	0,6554	-3,93219	1,31076	-3,93219
780	0,65539	-4,58755	1,31076	-4,58755
800	2,9999999995312E-5	-4,58755	1,31075	-4,58755
820	1,9661	-3,93218	10,48588	-4,58755
840	11,14127	-3,93218	10,48589	-3,27682
860	9,17517	-2,62146	9,83053	-3,27682
880	8,51981	-2,62146	9,83053	-3,27683
900	8,5198	-2,62146	9,83052	-3,27683
920	9,17516	-3,27682	9,83051	-3,27683
940	9,17515	-3,27682	9,83052	-3,27683
960	9,17515	-3,93219	9,83052	-3,93219
980	9,17515	-4,58754	9,83052	-5,24291
1000	9,17515	-5,24291	9,83052	-5,89827
1020	9,17516	-5,89827	9,83052	-6,55363
1040	9,17516	-6,55363	9,83052	-7,20899
1060	11,79662	-7,20899	13,76273	-6,55362
1080	12,45201	-6,55362	12,45202	-5,89827
1100	10,48594	-5,2429	10,48595	-4,58755
1120	9,17523	-3,93218	9,83059	-3,93219
1140	8,51987	-3,27682	8,51988	-2,62147
1160	6,5538	-2,62146	7,20917	-1,9661
1180	5,89845	-1,9661	6,55382	-1,9661
1200	5,24309	-1,31074	5,2431	-1,31074
1220	4,58774	-1,31073	5,2431	-1,31073
1240	3,93238	-0,65537	4,58774	-0,65537
1260	2,62166	-1,0000000003174E-5	3,27702	0,65535
1280	1,9663	1,31072	1,9663	1,31072
1300	3,9324	1,31072	8,51997	1,31072
1320	7,86462	1,96609	7,20926	2,62145
1340	5,89854	2,62145	5,89855	3,27681
1360	5,24318	3,27681	6,55391	2,62145
1380	5,24318	2,62145	5,89855	1,31073
1400	4,58783	1,31074	5,89855	9,9999999960687E-6
1420	5,24319	-0,65535000000001	7,20928	-1,31071
1440	5,24319	-2,62142	6,55394	-5,24286
1460	5,89859	-11,79644	7,8647	-21,62684
1480	15,07374	-34,73401	23,59353	-48,49655
1500	24,24891	-61,60372	24,24901	-71,43406
1520	22,28297	-72,08939	22,93835	-68,15719
1540	21,62763	-64,88038	22,93834	-63,56966
1560	21,62759	-60,29286	22,93829	-58,98215
1580	22,28292	-59,63751	22,28294	-62,25894
1600	19,00615	-63,56966	18,3508	-64,88038
1620	16,38471	-67,50181	16,38473	-70,77861
1640	13,76318	-74,71081	15,07368	-90,43947
1660	7,20933	-114,03242	-3,27633	-136,96998
1680	-9,17446	-148,11101	-8,51893	-157,94136
1700	-13,76174	-163,83956	-10,48485	-162,52883
1720	-6,55265	-152,04306	5,24393	-136,96982
1740	13,1083	-124,518	22,93867	-112,72159
1760	28,83684	-99,61446	-49,15104	-87,16271
1780	35,39033	-76,67699	38,01172	-66,84663
1800	38,01164	-58,32699	39,32231	-51,77342
1820	38,01154	-45,8752	38,66687	-41,2877
1840	38,01148	-37,35555	38,66683	-34,73412
1860	38,01145	-31,45733	38,01144	-28,8359
1880	36,7007	-26,86982	37,35607	-27,52519
1900	36,7007	-26,21446	37,35607	-25,55911
1920	36,04534	-24,90375	37,35607	-24,24839
1940	36,04534	-24,2484	42,59899	-24,90375
1960	51,77416	-24,90372	55,70639	-24,24835
1980	54,39566	-22,28227	53,08493	-19,66084
2000	51,77421	-18,35011	51,11885	-16,38404
2020	48,4974	-14,41795	48,49741	-13,76259
2040	45,87596	-11,79651	45,87597	-11,14115
2060	45,2206	-10,48579	45,2206	-9,17506
2080	43,25452	-7,86434	43,25453	-6,55362
2100	41,9438	-5,89824	42,59917	-5,89824
2120	41,28844	-5,89824	41,94381	-5,24288
2140	41,28844	-4,58751	42,59916	-5,24287
2160	41,94379	-4,5875	43,25452	-5,24286
2180	42,59915	-5,89822	47,84208	-6,55358
2200	49,80819	-6,55356	50,46355	-5,89821
2220	49,15281	-3,93212	49,80817	-3,93212
2240	49,15281	-3,93212	49,80817	-3,27676
2260	48,49745	-2,6214	49,15281	-2,62139
2280	48,49745	-1,31067	49,1528	-1,31068
2300	47,84207	-0,65531	49,15279	4,9999999994554E-5
2320	47,1867	0,65542	47,84205	1,96614
2340	46,53132	3,93223	46,53132	5,89832
2360	45,87595	7,8644	45,22058	10,48585
2380	43,25449	13,1073	43,25449	15,07338
2400	41,2884	17,03947	40,63305	19,00556
2420	44,56525	19,00559	55,70653	18,35024
2440	54,39584	20,31633	53,74047	20,9717
2460	51,77438	22,28242	52,42975	22,28242
2480	51,11903	22,93778	51,77439	23,59314
2500	51,11903	22,93779	51,77439	22,28243
2520	51,11903	22,93779	51,7744	22,28243
2540	-49,80641	22,28244	51,7744	22,28243
2560	50,46367	23,59316	51,11904	23,59316
2580	50,46367	23,59316	51,11904	23,59316
2600	49,80831	24,24852	50,46367	24,24852
2620	51,11903	22,9378	55,70661	22,93781
2640	55,05125	23,59317	55,05125	24,24896
2660	54,39589	24,24853	55,05125	24,24853
2680	53,74053	24,90388	55,05125	24,24852
2700	54,39588	23,59316	55,05126	23,59316
2720	54,39589	23,59316	55,05125	23,59316
2740	54,39589	24,24852	55,05125	23,59316
2760	53,74052	24,24852	54,39589	23,59316
2780	53,74052	24,24852	55,05124	24,24852
2800	53,74052	24,24852	54,39589	23,59316
2820	53,74052	23,59316	51,77441	22,28245
2840	33,42411	19,66103	7,20944	15,07353
2860	-18,34988	10,48602	-29,49116	7,86456
2880	-26,86974	9,8306	-23,59294	10,48597
2900	-26,2144	11,79669	-25,55903	11,79668
2920	-26,21441	13,10739	-25,55904	13,76275
2940	-26,86979	14,4181	-25,55907	14,41809
2960	-26,21446	14,41808	-25,55912	15,07343
2980	-26,86985	15,72879	-25,55914	15,07342
3000	-26,86988	15,07342	-25,55917	15,07341
3020	-26,21455	15,0734	-25,5592	15,0734
3040	-26,21457	15,72875	-25,55921	15,72875
3060	-26,86994	15,72876	-25,55922	15,72875
3080	-26,21458	15,72876	-25,55922	15,72928
3100	-26,21459	15,72875	-25,55922	15,72875
3120	-23,59313	15,07339	-17,03944	15,07339
3140	-15,7287	15,07339	-15,7287	15,07338
3160	-17,03942	15,07339	-15,72869	15,07339
3180	-16,38406	15,07339	-15,7287	14,41802
3200	-16,38406	14,41803	-15,72869	14,41802
3220	-16,38405	14,41803	-15,07332	14,41802
3240	-15,72868	13,76266	-14,41796	13,76266
3260	-15,72868	13,76266	-14,41794	13,1073
3280	-17,03941	13,10731	-17,03942	13,10731
3300	-17,03941	13,10731	-16,38405	13,10731
3320	-17,69477	12,45195	-16,38404	12,45194
3340	-15,07331	11,79658	-0,65526	9,83051
3360	9,83067	9,83051	11,14144	9,17515
3380	9,17534	9,8305	9,83071	9,17514
3400	9,17535	9,17514	10,48608	9,17514
3420	9,83071	9,17514	10,48608	8,51977
3440	9,83072	8,51977	11,14144	7,8644
3460	10,48608	7,8644	11,14144	7,86439
3480	10,48607	8,51975	11,7968	7,86439
3500	10,48608	7,86439	11,79681	7,86439
3520	11,14145	7,86439	12,45217	7,20903
3540	11,14145	7,20903	12,45218	6,55367
3560	11,79682	6,55367	12,45219	6,55367
3580	11,79682	5,89832	13,10755	5,89831
3600	12,45219	5,89832	13,10756	5,89831
3620	12,4522	5,89831	13,10757	5,24295
3640	12,45221	5,24296	13,10758	4,58759
3660	12,45221	3,93223	13,10758	3,93222
3680	12,45222	4,58759	13,10759	4,58758
3700	12,45222	5,24295	15,07368	4,58759
3720	17,69515	4,58759	17,69516	4,58759
3740	17,03979	5,24295	17,69515	5,24294
3760	17,03978	4,58758	17,69514	4,58758
3780	17,03978	3,93222	17,69513	3,27685
3800	22,93806	3,27686	30,80248	3,93223
3820	30,14715	3,93223	30,14714	3,93223
3840	29,49177	4,58759	30,14714	3,93223
3860	29,49177	3,93222	30,14713	4,58758
3880	29,49176	4,58758	29,49176	4,58758
3900	28,83639	4,58758	29,49176	3,93221
3920	28,83639	3,93222	29,49175	3,93221
3940	28,18102	4,58758	28,83639	4,58757
3960	28,18102	4,58758	29,49175	3,93222
3980	28,18102	4,58758	30,80247	3,93222
4000	40,63298	3,27688	49,80815	2,62153
4020	49,15281	2,62153	48,49745	3,27688
4040	47,84208	3,27689	48,49745	3,93224
4060	47,84208	3,93224	48,49744	3,93224
4080	47,18671	5,24296	47,18672	4,5876
4100	47,18671	4,5876	47,84207	4,5876
4120	47,18671	4,5876	48,49743	4,5876
4140	47,1867	4,5876	47,84206	3,93223
4160	46,53132	3,93223	47,18668	3,27687
4180	45,87595	1,96615	45,87594	0,65543
4200	45,22057	-0,65529	45,87592	-2,62138
4220	44,56519	-3,93209	45,22054	-4,58746
4240	45,22052	-5,89817	53,74029	-7,86425
4260	55,05104	-7,86424	54,39567	-7,86424
4280	52,42957	-7,86424	53,08492	-7,20888
4300	51,77419	-6,55352	52,42955	-5,89816
4320	51,11882	-5,89816	51,77419	-5,89816
4340	50,46346	-5,24279	51,11883	-5,24279
4360	50,46346	-4,58743	51,11882	-5,2428
4380	49,8081	-4,58744	50,46347	-4,58744
4400	49,15274	-4,58744	50,46347	-5,2428
4420	49,8081	-5,2428	50,46347	-5,89816
4440	50,46347	-5,89816	54,39567	-7,20887
4460	54,39567	-6,5535	54,39567	-5,24278
4480	53,74029	-5,24278	55,05101	-5,89814
4500	54,39564	-6,5535	55,051	-6,55351
4520	54,39563	-6,5535	55,05099	-7,20886
4540	54,39562	-6,5535	55,05098	-7,86423
4560	47,18658	-9,83027	23,5934	-15,07308
4580	-7,20881	-20,97128	-27,5252	-25,55878
4600	-32,1128	-29,49098	-25,55916	-27,52494
4620	-26,21454	-26,21422	-26,21455	-24,90351
4640	-26,86992	-24,24816	-26,86993	-23,59281
4660	-27,5253	-22,93745	-26,86995	-22,93746
4680	-27,52532	-22,2821	-26,21461	-22,2821
4700	-26,86998	-22,2821	-26,21463	-22,93746
4720	-26,87	-22,93745	-26,21465	-23,5928
4740	-28,18075	-22,93743	-26,87004	-22,93741
4760	-25,55932	-22,9374	-18,35029	-23,59275
4780	-17,69492	-22,93737	-17,69493	-21,62664
4800	-19,00566	-21,62662	-18,35031	-21,62662
4820	-19,66104	-21,62662	-19,00567	-20,97126
4840	-20,3164	-20,97126	-19,00568	-20,3159
4860	-19,66105	-20,3159	-19,00569	-20,31591
4880	-19,66106	-19,66054	-19,00568	-20,3159
4900	-19,66105	-20,3159	-19,00569	-19,66054
4920	-19,66105	-19,66054	-19,00314	-19,66054
4940	-19,66106	-19,00518	-19,00569	-19,66054
4960	-17,0396	-19,66055	-10,48593	-19,66055
4980	-9,83054	-19,66055	-9,83054	-19,0052
5000	-10,4859	-19,0052	-9,83053	-19,00521
5020	-10,48589	-19,00522	-9,17517	-19,66059
5040	-9,83053	-19,66059	-8,5198	-19,6606
5060	-9,17516	-19,6606	-7,86443	-19,6606
5080	-8,51979	-19,66061	-7,86442	-19,66061
5100	-8,51979	-19,6606	-3,27685	-20,97133
5120	-0,65537	-20,97133	0	-20,31598
5140	-1,31073	-20,31597	-0,65535999999999	-20,31598
5160	-1,31073	-20,31598	-0,65535999999999	-20,31599
5180	-1,96609	-19,66063	-1,31072	-20,31599
5200	-1,96609	-19,66063	-1,96609	-20,31599
5220	-1,9661	-20,31599	-1,31074	-19,66063
5240	-2,62146	-19,66063	-1,31073	-20,31599
5260	-2,62145	-19,66063	-1,31072	-20,316
5280	-0,65537	-20,316	10,48587	-20,97136
5300	17,03958	-20,97136	20,31643	-21,62672
5320	18,35035	-20,316	19,00571	-20,316
5340	17,69498	-20,31601	19,0057	-20,97138
5360	17,69498	-20,97138	18,35034	-20,97138
5380	17,03961	-20,31602	17,69498	-20,31603
5400	17,03961	-20,31603	18,35034	-20,31604
5420	17,03961	-20,9714	17,69497	-20,97141
5440	17,03961	-20,9714	17,69498	-20,97142
5460	17,03961	-20,97141	17,69497	-20,97142
5480	17,0396	-20,97141	18,35032	-20,97142
5500	17,0396	-20,97141	18,35032	-20,97142
5520	17,03959	-21,62677	18,35031	-21,62678
5540	17,69495	-21,62678	18,35031	-21,62678
5560	17,69494	-21,62678	19,00567	-22,28215
5580	20,97177	-22,28215	23,59324	-22,28215
5600	22,28252	-22,28215	22,93789	-21,62679
5620	22,28253	-21,62679	22,9379	-21,6268
5640	22,28253	-21,6268	22,9379	-22,28217
5660	22,28254	-22,28216	22,93791	-22,28217
5680	22,93791	-22,28217	22,93792	-22,93753
5700	22,28255	-22,93753	23,59328	-23,5929
5720	22,28255	-22,93753	22,93792	-22,93754
5740	22,28255	-23,5929	23,59329	-23,5929
5760	20,97184	-24,24825	19,6611	-24,90361
5780	18,35037	-24,24825	19,66109	-24,24826
5800	19,00572	-24,24825	19,66108	-24,90362
5820	19,00571	-24,90362	19,66107	-25,55898
5840	19,0057	-26,21434	19,66107	-26,86971
5860	19,00569	-26,8697	20,31641	-26,8697
5880	19,66105	-27,52506	20,3164	-27,52507
5900	20,31641	-28,18043	31,45763	-28,83578
5920	39,32205	-28,83577	43,90962	-28,83576
5940	41,94354	-28,83577	41,94354	-28,83577
5960	41,28817	-28,18041	42,59889	-28,18042
5980	41,28816	-28,18042	41,94352	-27,52507
6000	40,63279	-27,52506	41,28816	-27,52507
6020	39,97742	-27,52507	40,63279	-27,52507
6040	39,32206	-26,86971	39,97742	-26,86972
6060	38,66669	-26,86971	39,97741	-26,86971
6080	39,32204	-26,86972	39,32204	-26,86972
6100	38,66667	-26,21436	39,32204	-26,21436
6120	38,01131	-26,21435	38,66667	-26,86972
6140	38,0113	-26,86972	39,97739	-28,18044
6160	47,84179	-28,83579	57,01696	-28,83577
6180	57,67236	-28,83576	57,017	-28,18041
6200	56,36163	-26,86969	57,017	-27,52506
6220	56,36163	-27,52506	57,017	-28,83578
6240	56,36164	-30,14651	57,67237	-31,45724
6260	57,017	-31,45724	57,67237	-32,1126
6280	57,017	-32,1126	57,67237	-32,76797
6300	56,36419	-32,76796	57,017	-32,76797
6320	55,70628	-32,1126	56,36163	-32,1126
6340	55,05091	-31,45724	55,70627	-30,80188
6360	54,39554	-30,80188	55,05091	-30,80188
6380	54,39554	-30,14652	55,70627	-30,80188
6400	54,39554	-30,14652	55,05091	-29,49116
6420	54,39554	-29,49116	55,05091	-30,80188
6440	58,32773	-31,45724	67,50289	-32,11257
6460	70,12439	-30,80183	70,12439	-30,14648
6480	68,81366	-29,49112	68,81366	-28,83576
6500	68,1583	-28,83576	69,46902	-28,1804
6520	68,1583	-28,1804	68,81366	-28,18041
6540	68,15829	-27,52505	68,81365	-27,52505
6560	68,15828	-26,86969	68,81364	-26,86969
6580	67,50291	-26,21433	68,81364	-26,21433
6600	67,50291	-26,21433	68,15827	-25,55898
6620	67,50291	-24,90361	68,15828	-25,55898
6640	67,50291	-24,90362	69,46899	-24,24826
6660	65,5368	-26,21433	47,84192	-32,11252
6680	17,03974	-38,66606	-7,20882	-43,25355
6700	-18,35007	-44,5643	-12,45182	-43,25363
6720	-11,79648	-41,9429	-11,79648	-41,94292
6740	-12,45185	-41,28757	-11,7965	-41,28758
6760	-13,10723	-40,63223	-11,79651	-40,63224
6780	-13,10725	-39,97687	-12,45189	-39,97688
6800	-13,10726	-39,32153	-12,4519	-39,32153
6820	-13,10727	-39,32153	-12,45191	-39,32154
6840	-13,10728	-39,32154	-11,79657	-39,32155
6860	-12,45193	-39,32155	-11,79657	-39,32156
6880	-11,79659	-38,6662	-11,14123	-38,6662
6900	-11,7966	-38,66621	-11,14125	-38,66621
6920	-12,45199	-39,32156	-12,452	-39,97692
6940	-13,10737	-39,97693	-12,452	-39,97693
6960	-13,10738	-39,97692	-12,45201	-39,97693
6980	-13,10738	-39,97693	-12,45202	-39,97694
7000	-13,76275	-39,97693	-12,45202	-39,97694
7020	-13,76275	-39,32157	-12,45202	-39,32158
7040	-13,76275	-39,32157	-12,45202	-39,32158
7060	-13,76275	-39,32157	-12,45202	-38,66622
7080	-13,76274	-38,66622	-12,45201	-38,66622
7100	-14,41811	-38,66621	-14,41811	-39,32158
7120	-14,41811	-38,66622	-13,10738	-38,66622
7140	-14,41811	-38,66622	-13,10738	-38,01086
7160	-14,41811	-38,01086	-13,10738	-38,01086
7180	-13,76275	-38,01087	-13,10738	-38,66623
7200	-13,76274	-38,01086	-12,45202	-38,66623
7220	-13,76274	-38,01086	-13,10737	-38,66623
7240	-13,76274	-38,01086	-13,10737	-38,66622
7260	-12,45201	-38,66623	-3,27688	-38,66623
7280	-1,0000000003174E-5	-38,66622	1,31072	-39,97694
7300	-1,0000000003174E-5	-39,32159	1,31072	-39,32159
7320	-2,0000000006348E-5	-38,66623	0,65534	-39,3216
7340	-3,0000000002417E-5	-38,66624	-1,9999999999243E-5	-38,66624
7360	-0,6554	-38,66624	-2,9999999995312E-5	-38,66625
7380	-0,6554	-38,66624	-3,9999999998486E-5	-38,66625
7400	-0,65541	-38,66625	-5,000000000166E-5	-39,32161
7420	-1,31077	-39,32161	-0,65541	-39,32162
7440	-1,31078	-39,32162	-0,65541	-39,97698
7460	-1,31078	-39,97698	-5,000000000166E-5	-40,63234
7480	7,86434	-40,63235	15,72877	-40,63234
7500	17,03952	-40,63233	16,38417	-40,63234
7520	15,07344	-39,97698	16,38416	-39,97698
7540	15,07343	-39,97698	16,38416	-40,63235
7560	15,07343	-39,97698	15,72879	-40,63235
7580	15,07342	-40,63234	15,72879	-40,63235
7600	14,41806	-40,63234	15,07342	-40,63234
7620	13,10734	-39,97697	14,41807	-39,32161
7640	13,10734	-39,3216	13,76271	-38,66624
7660	12,45198	-38,01087	13,10735	-38,66622
7680	12,45198	-38,66622	13,10735	-38,66621
7700	12,45198	-38,66621	13,10735	-39,32157
7720	11,79662	-38,6662	12,45199	-39,32156
7740	11,79662	-39,32155	12,45199	-39,97691
7760	17,69491	-39,9769	31,45763	-39,97689
7780	37,35597	-39,97687	38,66672	-39,97687
7800	36,70062	-39,32151	37,35598	-39,32152
7820	36,70061	-38,66616	37,35598	-39,32153
7840	36,04525	-39,32154	37,35597	-39,32154
7860	36,7006	-39,32154	37,35596	-39,32156
7880	36,7006	-39,32156	37,35596	-39,97693
7900	36,70059	-39,32157	37,35595	-39,32158
7920	36,70058	-39,32159	37,35594	-39,32159
7940	36,70057	-39,97695	37,35593	-39,97696
7960	36,70056	-39,3216	38,01128	-39,97696
7980	38,01127	-39,3216	39,32199	-39,32161
8000	38,66662	-38,66624	39,97735	-39,32161
8020	41,94344	-40,63233	47,18638	-41,94305
8040	46,53102	-41,28768	47,18638	-41,28768
8060	46,53102	-40,63232	47,18638	-41,28768
8080	46,53101	-40,63232	47,18638	-40,63232
8100	46,53101	-40,63232	47,18638	-39,97695
8120	45,87566	-39,32159	46,53102	-39,32158
8140	45,87566	-38,66621	46,53102	-38,01085
8160	45,2203	-38,01085	45,87566	-38,01085
8180	45,22029	-37,35547	45,87565	-37,35548
8200	41,28809	-39,32153	31,45762	-40,63223
8220	26,21468	-40,63223	28,18077	-40,63224
8240	28,18075	-39,97687	28,83611	-39,97688
8260	27,52538	-39,32152	28,83611	-39,32153
8280	27,52537	-38,66617	28,8361	-38,66617
8300	28,18074	-38,66617	29,49146	-38,66617
8320	28,18073	-39,32153	29,49146	-40,63225
8340	28,83609	-39,97689	29,49144	-40,63225
8360	32,11288	-41,28761	49,80776	-43,90903
8380	67,50272	-44,56434	79,95472	-46,53039
8400	79,95478	-45,87503	79,29939	-44,56432
8420	77,98866	-43,25361	78,64403	-43,25362
8440	77,33329	-42,59826	77,98866	-41,94291
8460	76,67793	-41,94291	77,3333	-41,28756
8480	76,02256	-40,63221	76,67793	-40,63222
8500	76,02256	-39,97685	76,68048	-39,97686
8520	76,02256	-39,97686	76,67792	-39,32151
8540	75,3672	-39,32151	76,02256	-39,32151
8560	75,3672	-39,32151	76,02256	-39,97688
8580	74,71183	-39,97688	75,3672	-40,63224
8600	74,71184	-41,2876	79,95476	-43,25368
8620	78,64404	-41,28759	77,98867	-39,97688
8640	77,33331	-39,97687	77,98868	-39,32152
8660	77,33331	-39,32152	77,98867	-39,32153
8680	76,67795	-38,66616	77,98867	-38,66616
8700	77,3333	-38,01081	76,67794	-38,66617
8720	76,67793	-38,66617	77,33329	-38,01081
8740	76,67793	-37,35545	77,33328	-38,01081
8760	76,67792	-37,35545	77,33329	-37,35545
8780	76,67792	-36,70009	77,33329	-37,35545
8800	76,67792	-38,01081	77,98866	-38,66617
8820	76,02257	-38,66617	76,67793	-38,01081
8840	75,36721	-37,35545	76,67793	-37,35546
8860	74,71184	-37,35545	76,02257	-37,35546
8880	75,36721	-37,35546	76,67793	-37,35546
8900	75,3672	-37,35546	76,02258	-37,35546
8920	75,36721	-37,35546	76,02258	-37,35547
8940	76,02257	-37,35547	75,36721	-38,66619
8960	59,63843	-43,909	28,1809	-52,42858
8980	-4,5874	-60,29285	-22,93766	-64,22502
9000	-22,28232	-64,88044	-16,38406	-64,2251
9020	-17,6948	-63,56975	-17,69481	-63,56976
9040	-18,35018	-62,25906	-17,03947	-61,60371
9060	-17,69485	-60,94836	-17,03949	-60,94837
9080	-17,69487	-60,94837	-16,38415	-60,29302
9100	-17,69487	-59,63766	-16,38416	-58,98231
9120	-17,03953	-58,98231	-16,38416	-58,32696
9140	-17,03953	-58,32696	-15,7288	-58,32697
9160	-17,03953	-58,32697	-15,72881	-57,67161
9180	-16,38418	-57,67161	-13,10736	-57,01626
9200	-9,17516	-55,70553	-7,86442	-55,70554
9220	-9,17515	-55,05018	-8,51979	-55,05018
9240	-9,17515	-54,39482	-8,51979	-55,05019
9260	-9,17515	-55,05018	-7,86443	-55,05019
9280	-9,17516	-55,05019	-7,86443	-55,0502
9300	-9,17515	-54,39483	-7,86444	-55,70556
9320	-8,5198	-55,0502	-7,86443	-55,0502
9340	-8,51979	-54,39483	-7,86443	-54,39483
9360	-9,17515	-54,39483	-7,86443	-54,39484
9380	-8,51979	-54,39483	-7,86442	-54,39483
9400	-8,51978	-54,39483	-7,86442	-55,05019
9420	-3,93223	-55,05019	6,55366	-55,05019
9440	9,17516	-54,39482	10,48591	-54,39482
9460	9,17517	-53,73946	9,83053	-53,73947
9480	9,17517	-53,73946	9,83053	-53,73947
9500	9,17517	-53,73947	9,83054	-53,08411
9520	9,17517	-53,0841	9,83054	-53,73947
9540	8,51981	-53,73947	9,83054	-53,08411
9560	9,17518	-52,42875	9,83054	-52,42875
9580	9,17518	-51,77339	9,83054	-52,42875
9600	9,17517	-52,42875	9,83053	-53,08411
9620	9,17516	-52,42875	9,83053	-53,0841
9640	8,5198	-53,0841	9,83052	-53,73947
9660	9,17515	-53,73947	13,10734	-53,73947
9680	14,41809	-53,73947	15,07345	-53,73947
9700	13,76272	-53,08411	15,07345	-53,08411
9720	13,76272	-53,73947	15,07345	-53,73947
9740	13,76273	-54,39483	15,07345	-53,73948
9760	14,41808	-54,39484	15,07345	-54,39484
9780	13,76272	-54,39484	15,07344	-54,39484
9800	13,76272	-55,0502	14,41808	-55,0502
9820	13,76271	-55,0502	14,41808	-55,0502
9840	13,76271	-55,70556	20,31636	-57,01628
9860	29,49153	-56,36091	34,73448	-57,01625
9880	32,7684	-57,01625	33,42376	-57,01626
9900	32,76839	-57,01626	33,42376	-56,36091
9920	32,76839	-57,01627	33,42375	-57,01628
9940	32,76838	-57,67164	33,42375	-58,327
9960	32,76838	-58,327	33,42375	-58,327
9980	32,76838	-58,327	33,42375	-58,327
10000	33,42374	-57,67164	34,07911	-58,327
10020	33,42374	-57,67164	33,42375	-58,32701
10040	33,42374	-58,327	34,07911	-58,98236
10060	33,42374	-58,327	34,07911	-58,98236
10080	33,42374	-58,98236	34,0791	-58,98236
10100	32,76838	-58,98236	34,0791	-58,98236
10120	33,42373	-59,63772	33,42374	-59,63772
10140	32,11301	-60,94844	23,59328	-62,91448
10160	15,07353	-62,91447	15,72888	-62,25912
10180	16,38425	-61,60376	17,0396	-61,60377
10200	16,38424	-61,60377	17,0396	-61,60377
10220	16,38423	-61,60377	17,0396	-61,60378
10240	16,38423	-61,60378	17,69496	-62,25914
10260	16,38423	-61,60378	17,69496	-62,25915
10280	17,03959	-62,25915	17,69495	-62,25915
10300	17,03959	-62,25914	17,69495	-62,25915
10320	16,38423	-62,25915	17,69496	-61,60379
10340	16,38423	-61,60378	17,0396	-60,94843
10360	15,72887	-59,6377	17,0396	-59,63771
10380	19,0057	-59,6377	29,49158	-60,29306
10400	32,76843	-59,63769	33,4238	-59,63769
10420	32,11306	-58,98234	32,76842	-58,98234
10440	31,45769	-58,98234	32,11305	-58,98234
10460	31,45767	-58,98234	32,11303	-58,98235
10480	31,45766	-58,98234	32,11302	-58,98235
10500	31,45766	-58,98234	32,11302	-58,98236
10520	31,45766	-58,98236	32,76838	-58,327
10540	31,45766	-58,98236	32,76838	-58,98236
10560	31,45765	-58,98236	32,76838	-58,98236
10580	31,45765	-58,98236	32,76838	-58,98236
10600	31,45765	-58,98236	32,76837	-59,63773
10620	31,45764	-58,98236	32,11301	-58,98236
10640	30,80229	-58,98236	32,11301	-59,63772
10660	36,0452	-60,29308	40,63279	-60,94845
10680	40,63279	-60,94844	41,28815	-60,29308
10700	39,97743	-59,63772	40,63279	-59,63772
10720	39,97742	-59,63772	39,97743	-58,98236
10740	39,32206	-59,63772	42,59888	-59,63772
10760	48,49719	-59,63771	49,80793	-58,98235
10780	47,84184	-58,32699	48,4972	-58,32699
10800	47,84184	-58,32699	49,15257	-58,327
10820	47,84184	-58,327	49,15257	-58,327
10840	48,49721	-58,327	49,15258	-58,98236
10860	47,84184	-58,327	48,49721	-58,327
10880	47,84185	-58,327	49,15257	-58,327
10900	47,84184	-58,327	48,49721	-58,327
10920	47,18648	-58,327	48,49721	-58,327
10940	47,84185	-58,327	48,49722	-58,327
10960	47,18649	-58,327	48,49722	-58,32701
10980	47,84185	-58,327	48,49722	-57,67165
11000	47,18649	-58,327	48,49722	-57,67165
11020	47,18649	-58,32701	47,84186	-57,67164
11040	47,18649	-58,32701	49,80795	-58,98237
11060	56,36163	-57,67164	63,57068	-57,01626
11080	64,22606	-57,01625	63,5707	-56,3609
11100	62,25997	-56,3609	63,5707	-56,36032
11120	62,25997	-55,70555	62,91534	-55,05019
11140	62,25997	-54,39483	62,91533	-54,39484
11160	62,25996	-53,73947	63,57068	-53,08411
11180	62,25994	-52,42876	62,91531	-52,42876
11200	62,25993	-51,77339	62,9153	-51,7734
11220	53,74017	-54,39478	29,49166	-60,29294
11240	0,65557	-63,56968	-14,41785	-65,53575
11260	-15,07325	-62,91436	-11,1411	-60,94831
11280	-12,45185	-58,32687	-12,45186	-57,01616
11300	-12,45188	-57,01617	-11,14117	-57,01619
11320	-11,79656	-57,01619	-9,83048	-58,98229
11340	-10,48586	-59,63765	-9,17516	-59,63764
11360	-9,83055	-58,32692	-9,17521	-57,0162
11380	-11,14132	-55,05011	-11,79669	-53,73939
11400	-13,10743	-52,42867	-13,10744	-51,11795
11420	-15,72891	-48,4965	-16,38427	-47,18579
11440	-19,00573	-45,87506	-19,00573	-44,56435
11460	-20,97182	-43,90899	-20,31646	-43,25364
11480	-20,97182	-43,25364	-13,76281	-43,25365
11500	-5,243	-42,59829	-1,96614	-42,5983
11520	-3,93223	-41,94293	-3,27686	-41,28758
11540	-4,58759	-40,63223	-3,93222	-40,63223
11560	-4,58759	-40,63224	-3,27685	-40,63224
11580	-3,93221	-41,2876	-1,96612	-41,94296
11600	-1,96612	-42,59832	-0,65539	-43,25369
11620	-1,31076	-43,90904	0,65533	-43,90905
11640	-3,0000000002417E-5	-44,56441	1,3107	-45,21977
11660	1,31069	-45,87513	3,27679	-45,87514
11680	3,27678	-46,5305	4,58751	-47,18586
11700	3,93215	-47,18586	5,24288	-48,49658
11720	5,24288	-48,49658	10,48581	-50,46267
11740	13,76265	-51,11803	14,41802	-51,77338
11760	13,10729	-51,11802	14,41802	-51,77339
11780	13,76266	-51,77338	14,41803	-51,77339
11800	13,10731	-51,77338	14,41805	-51,77339
11820	12,45197	-51,11802	11,79662	-50,46266
11840	9,17518	-49,15194	7,86448	-48,49658
11860	5,24304	-47,18585	3,93234	-45,87513
11880	1,3109	-44,5644	1,31091	-43,90904
11900	0,00018000000000029	-43,90904	0,00019000000000347	-43,25368
11920	-1,96588	-43,25368	-2,62124	-41,94296
11940	-3,93196	-41,94296	-3,27658	-43,25368
11960	-2,62123	-43,25368	-49,15178	-44,5644
11980	0,0002099999999956	-45,21976	4,58776	-46,53048
12000	15,07364	-47,84119	25,55951	-47,84117
12020	30,80247	-48,49652	31,45785	-48,49653
12040	30,14712	-47,84118	31,45785	-48,49654
12060	30,80248	-48,49654	31,45784	-48,49655
12080	30,80247	-48,49655	32,11319	-49,80728
12100	30,80246	-49,15192	32,11318	-49,80728
12120	31,4578	-49,80728	32,76853	-50,46265
12140	32,11316	-50,46264	33,42388	-50,46265
12160	32,76851	-51,11801	34,07924	-51,11802
12180	33,42387	-51,11802	34,73459	-51,11802
12200	34,07922	-51,11801	34,73458	-51,11802
12220	34,07921	-51,77337	35,38993	-51,77338
12240	35,38992	-51,77337	36,04528	-52,42874
12260	35,38991	-52,42874	36,04528	-52,42874
12280	36,04527	-52,42874	36,70063	-53,0841
12300	36,70063	-53,73946	37,35599	-53,0841
12320	37,35598	-53,73946	38,01135	-53,73946
12340	37,35598	-53,73946	38,6667	-53,73946
12360	38,01134	-53,73946	38,6667	-54,39483
12380	38,01133	-55,05018	39,32206	-55,05019
12400	38,01133	-55,05018	39,32205	-55,70555
12420	38,66669	-55,05018	39,32205	-55,70555
12440	38,66669	-55,05019	39,97742	-55,70555
12460	38,66669	-55,70555	39,97741	-55,70556
12480	39,97741	-56,36092	48,49717	-56,36091
12500	55,05085	-56,3609	58,98307	-57,01625
12520	57,01698	-56,36089	57,67234	-56,36089
12540	57,01697	-56,36089	57,67234	-57,01626
12560	56,36161	-56,3609	57,67234	-56,3609
12580	56,36161	-56,3609	57,01698	-56,36032
12600	56,36161	-56,3609	57,67234	-56,3609
12620	56,36161	-56,36091	57,01698	-56,36091
12640	57,01697	-56,36091	57,01698	-56,36091
12660	56,36161	-56,3609	57,01698	-56,3609
12680	56,36161	-56,3609	57,01698	-56,3609
12700	56,36161	-55,70554	57,67234	-56,3609
12720	56,36162	-56,3609	62,25991	-57,01626
12740	64,88139	-57,01625	66,19213	-56,36089
12760	64,8814	-55,70553	65,53677	-55,70554
12780	64,22604	-55,70553	65,53677	-56,3609
12800	64,8814	-55,70554	65,53677	-56,3609
12820	64,22604	-55,70554	64,8814	-55,70554
12840	64,22604	-55,70554	65,53676	-55,70554
12860	64,88139	-55,70554	64,8814	-55,70555
12880	64,8814	-56,3609	65,53677	-56,3609
12900	66,84749	-57,01626	73,40118	-57,01626
12920	77,33337	-56,36088	81,26557	-56,36087
12940	79,2995	-56,36087	79,95485	-56,36088
12960	79,29948	-56,36087	80,6102	-56,36088
12980	79,29947	-56,36088	79,95484	-57,01625
13000	79,95483	-57,01625	80,61019	-57,67161
13020	79,95482	-57,67161	81,26554	-58,32698
13040	79,95482	-57,67162	80,61018	-58,32698
13060	80,61018	-58,32698	81,26554	-58,32698
13080	79,95482	-57,67162	81,26554	-58,32699
13100	80,61019	-58,32699	81,26555	-58,32699
13120	79,95483	-58,32698	80,6102	-58,32699
13140	79,29947	-58,32698	79,95484	-58,32699
13160	78,64411	-57,67162	79,95484	-58,32698
13180	78,64411	-57,67104	79,29948	-57,67162
13200	77,98875	-57,67162	79,29948	-57,67162
13220	78,64411	-57,67162	81,26556	-58,32697
13240	89,12997	-58,9823	96,33902	-59,63764
13260	96,9944	-59,63763	96,99441	-58,98228
13280	96,33904	-59,63764	96,9944	-59,63764
13300	96,9944	-58,98228	96,9944	-58,98229
13320	96,99439	-58,98229	97,64975	-59,63765
13340	96,99438	-59,63764	97,64975	-59,63765
13360	96,99438	-58,98229	97,64975	-58,98229
13380	96,99439	-58,98229	97,64975	-58,98229
13400	96,33903	-58,32693	97,64976	-58,32694
13420	96,33903	-58,32694	96,99439	-57,67158
13440	95,68367	-57,67158	96,33903	-57,67158
13460	95,0283	-57,01622	97,64977	-56,36086
13480	98,96052	-56,36085	100,27125	-55,70549
13500	98,30515	-54,39477	98,30515	-53,73942
13520	98,30515	-54,39478	99,61587	-55,7055
13540	99,61586	-56,36087	100,27122	-57,01623
13560	99,61586	-57,01622	100,92658	-57,67158
13580	99,61585	-57,67158	100,92657	-57,67158
13600	100,92657	-58,32694	102,2373	-58,32694
13620	100,92656	-58,32693	89,12997	-62,25905
13640	59,63855	-66,84649	29,49175	-72,08932
13660	3,93248	-75,36609	-5,24265	-76,02149
13680	-1,31051	-74,71082	1,31092	-74,71082
13700	0,00018999999999636	-75,3662	1,3109	-74,71086
13720	1,31088	-74,71086	2,6216	-74,71088
13740	1,96623	-74,71088	3,93232	-74,71089
13760	3,93232	-74,71089	5,24305	-74,71091
13780	4,58769	-74,05555	6,55378	-73,40019
13800	5,89842	-72,74484	7,20914	-71,43412
13820	6,55378	-71,43413	7,8645	-70,77877
13840	6,55377	-70,12288	7,20914	-69,46805
13860	6,55377	-68,81269	7,20912	-68,15734
13880	6,55375	-68,15732	8,51983	-70,12341
13900	7,86447	-70,12341	7,86447	-69,46805
13920	6,55373	-68,81268	7,20909	-68,81268
13940	5,89835	-68,15732	6,55627	-68,81268
13960	5,24299	-68,15732	6,55372	-68,15733
13980	5,89835	-67,50197	7,20908	-66,84661
14000	6,55373	-66,19125	7,86446	-65,5359
14020	7,2091	-64,88054	8,51983	-64,22518
14040	7,86446	-64,22518	13,76275	-64,88055
14060	24,90401	-64,88052	30,80234	-65,53588
14080	30,14699	-66,19124	30,14698	-65,5359
14100	29,49161	-65,53589	30,80233	-65,5359
14120	29,4916	-66,19126	30,14696	-65,53591
14140	28,83623	-65,5359	30,14695	-65,53591
14160	28,83622	-64,88055	29,49158	-65,53591
14180	28,83621	-64,88055	29,49157	-64,88056
14200	28,83619	-64,88055	29,49156	-65,53592
14220	28,83619	-64,88056	30,14692	-64,88057
14240	28,83619	-64,2252	29,49156	-64,22521
14260	28,83619	-64,22521	29,49155	-64,22521
14280	28,83619	-63,56985	29,49155	-63,56986
14300	28,18082	-63,56985	29,49155	-63,56986
14320	28,83618	-63,56985	29,49155	-63,56985
14340	28,18082	-63,56985	29,49154	-64,22521
14360	28,83618	-64,22521	27,52545	-64,88056
14380	17,69498	-66,19125	10,48595	-66,84659
14400	7,86449	-66,84659	9,83058	-66,84661
14420	9,1752	-66,19125	9,83057	-66,19126
14440	9,1752	-66,84662	10,48592	-66,84663
14460	9,83055	-66,84662	10,48592	-66,84663
14480	10,48591	-66,84663	11,14128	-67,502
14500	10,48591	-66,84664	11,14127	-67,502
14520	10,48591	-67,502	11,14128	-67,50201
14540	10,48591	-67,502	11,14127	-67,502
14560	10,4859	-68,15736	11,14127	-68,15736
14580	9,83054	-67,502	13,76273	-68,81272
14600	27,52544	-70,12344	36,04525	-70,77879
14620	34,73455	-70,12342	34,07918	-69,46807
14640	32,76845	-69,46807	33,42381	-68,81272
14660	32,11308	-68,81272	32,11308	-68,81273
14680	31,45771	-69,46808	32,11306	-69,46809
14700	31,45769	-69,46809	32,11305	-69,4681
14720	31,45768	-69,4681	32,11304	-69,4681
14740	31,45767	-69,4681	32,11303	-69,46811
14760	31,45766	-69,4681	32,11303	-69,46811
14780	32,11302	-69,46811	38,66669	-69,46811
14800	43,25426	-69,4681	45,87573	-69,4681
14820	44,565	-69,4681	45,22036	-69,46811
14840	44,56499	-69,46811	45,22036	-69,46811
14860	44,56499	-70,12347	45,87571	-70,12347
14880	45,22034	-70,12347	45,87571	-70,77884
14900	45,22034	-70,77884	45,8757	-70,77884
14920	45,8757	-70,77884	46,53107	-70,77884
14940	45,8757	-70,77884	46,53106	-71,4342
14960	45,8757	-70,77884	47,18642	-71,4342
14980	46,53106	-72,08956	50,46324	-72,74493
15000	63,57058	-72,7449	72,74576	-72,08951
15020	74,05653	-72,0895	73,40116	-71,43415
15040	72,09042	-70,77879	72,74578	-70,7788
15060	71,43505	-70,7788	72,09042	-70,77881
15080	72,09041	-70,12346	72,74577	-70,77882
15100	72,0904	-70,77882	72,74577	-70,12347
15120	72,0904	-70,12347	72,74577	-70,12348
15140	72,0904	-70,12348	73,40112	-70,12348
15160	72,0904	-70,12347	72,74576	-69,46812
15180	71,43503	-69,46811	72,74576	-68,81275
15200	71,43504	-68,81275	71,43504	-68,81275
15220	70,77968	-68,1574	71,43504	-68,81275
15240	70,77968	-68,15739	71,43504	-68,81275
15260	70,12431	-68,15739	70,77968	-68,81276
15280	70,12431	-68,15739	76,0226	-70,12346
15300	89,12994	-71,43414	98,30511	-71,43411
15320	98,9605	-71,43409	97,64977	-70,77875
15340	96,33904	-69,46803	97,64976	-69,46804
15360	96,33903	-68,81268	96,99439	-68,81269
15380	95,68366	-68,15733	96,33902	-68,15734
15400	95,02829	-68,15733	95,68365	-67,50198
15420	95,02828	-67,50198	95,02828	-67,50198
15440	94,37291	-66,84662	95,02826	-66,19126
15460	94,37289	-66,19126	95,02825	-66,19126
15480	93,06216	-65,5359	94,37288	-64,88054
15500	93,06215	-64,22518	94,37287	-64,88054
15520	93,71751	-64,22518	94,37287	-64,22518
15540	93,71751	-64,22518	92,40678	-64,88053
15560	73,40118	-68,81261	43,2544	-74,71077
15580	13,76295	-78,64288	-1,31046	-80,60899
15600	1,31096	-79,29832	5,24311	-79,9537
15620	3,277	-79,29834	3,27699	-78,643
15640	3,27698	-78,64301	3,27697	-78,64302
15660	3,27695	-77,33231	3,93231	-77,33232
15680	2,62157	-76,67696	3,27693	-77,33233
15700	2,62156	-76,67698	3,27692	-76,67699
15720	2,62154	-76,67699	3,93226	-76,677
15740	2,62154	-76,02164	3,27689	-76,02164
15760	-1,96602	-76,67699	-0,6553	-76,677
15780	-1,31067	-76,02163	6,0000000004834E-5	-76,02165
15800	-1,31068	-76,02164	3,9999999998486E-5	-76,02165
15820	-1,31069	-76,02165	-0,65532	-76,67702
15840	-1,31069	-76,02166	-0,65533	-76,02166
15860	-1,31069	-76,02166	3,9999999998486E-5	-76,02167
15880	-0,65533000000001	-76,02166	3,9999999998486E-5	-76,02167
15900	-0,65533000000001	-75,36631	0,6554	-76,02167
15920	2,9999999995312E-5	-76,02167	3,0000000002417E-5	-76,02167
15940	-1,31069	-76,02167	3,9999999998486E-5	-76,02167
15960	-0,65533000000001	-76,02167	3,9999999998486E-5	-76,67703
15980	-1,31068	-76,67703	-0,65532	-76,67704
16000	5,89834	-77,98776	15,0735	-79,29848
16020	17,69498	-79,29848	18,35035	-79,29848
16040	17,69498	-79,95384	18,35034	-79,95385
16060	17,69497	-80,60921	18,35033	-80,60921
16080	18,35032	-80,60921	19,00569	-80,60921
16100	18,35032	-81,26458	19,00569	-81,26458
16120	18,35032	-80,60922	19,00569	-81,26458
16140	18,35033	-81,91994	19,00569	-81,26459
16160	19,00569	-81,26458	20,31641	-81,91995
16180	20,97178	-82,57531	22,2825	-81,91995
16200	22,93787	-81,91995	28,18078	-81,91996
16220	38,66667	-81,91993	45,22036	-81,26456
16240	46,5311	-81,91991	47,84183	-81,91992
16260	46,53109	-81,26456	47,84182	-81,26456
16280	46,53109	-81,91993	47,18646	-81,91993
16300	46,53109	-81,91993	47,18645	-81,91993
16320	45,87572	-81,91993	47,18645	-81,91993
16340	45,87572	-81,26457	46,53108	-81,26457
16360	45,87571	-81,26457	46,53108	-81,26457
16380	45,22034	-81,26458	45,87571	-81,26457
16400	44,56498	-81,26458	45,22034	-81,91994
16420	44,56498	-81,91994	45,22034	-82,5753
16440	44,56497	-81,91994	44,56498	-82,5753
16460	43,9096	-81,26458	44,56497	-81,26458
16480	43,25424	-81,26457	43,90961	-81,26458
16500	43,25424	-80,60922	44,56496	-81,26458
16520	43,25424	-80,60922	43,90961	-81,26458
16540	43,25424	-81,26458	44,56497	-81,26459
16560	43,9096	-81,26458	44,56496	-81,26459
16580	43,9096	-81,26458	46,53106	-81,26458
16600	54,39547	-81,91994	61,60453	-82,57529
16620	62,91528	-82,57528	62,91528	-81,91993
16640	62,25991	-81,26457	62,91528	-81,26458
16660	62,25991	40,63238	62,91527	-81,26459
16680	61,60454	-81,26459	62,25991	-80,60923
16700	61,60454	-79,95387	62,2599	-79,95387
16720	60,94917	-79,95387	61,60454	-79,95388
16740	59,63845	-79,29851	60,29381	-79,29852
16760	58,98308	-78,64315	59,63844	-77,9878
16780	58,98306	-77,33243	59,63843	-76,67708
16800	58,98306	-76,67707	58,98306	-76,67708
16820	58,98306	-76,67708	63,57062	-76,67708
16840	64,22599	-76,02171	64,226	-75,36636
16860	62,91526	-74,711	63,57063	-74,711
16880	62,2599	-74,05564	63,57062	-74,05564
16900	62,2599	-73,40028	62,91526	-73,40029
16920	62,2599	-72,74492	62,2599	-72,74493
16940	61,60453	-71,43421	62,2599	-71,43421
16960	60,94917	-71,43421	61,60453	-70,77886
16980	60,29379	-70,77886	61,60451	-70,1235
17000	60,29378	-70,1235	60,94914	-70,77887
17020	60,29377	-70,1235	61,60449	-70,12351
17040	60,29376	-70,12351	61,60449	-70,12351
17060	60,29377	-70,12351	62,25985	-70,77888
17080	60,94912	-70,77888	62,25984	-71,43424
17100	61,60447	-71,43424	61,60448	-71,43424
17120	61,60447	-71,43424	62,25983	-72,08961
17140	60,94911	-72,0896	62,9152	-72,74497
17160	66,19204	-71,43424	68,81352	-70,12351
17180	68,15816	-69,46815	68,15816	-68,81279
17200	66,19208	-66,8467	64,88136	-64,22526
17220	64,22599	-62,91453	64,22599	-60,94844
17240	62,91527	-59,6377	62,91527	-60,29305
17260	60,29383	-58,98232	60,29384	-58,98231
17280	58,32775	-57,67158	57,6724	-58,32695
17300	57,6724	-58,98231	59,63848	-59,63767
17320	63,57069	-60,94839	66,19215	-60,9484
17340	64,22605	-60,29303	66,19213	-60,29304
17360	65,53678	-60,9484	68,15823	-61,60378
17380	68,15822	-62,25914	68,81359	-62,25916
17400	66,8475	-61,6038	66,19214	-61,6038
17420	63,57069	-60,29308	62,25997	-59,63772
17440	59,63853	-58,327	58,98317	-57,67165
17460	57,01709	-57,01628	57,01711	-57,01628
17480	55,05103	-56,36092	55,05104	-55,70556
17500	53,08496	-54,39484	53,08497	-53,73947
17520	51,11889	-53,0841	51,77426	-51,77338
17540	50,46353	-49,8073	50,46354	-49,80731
17560	49,15282	-48,49658	49,15282	-48,49658
17580	48,49746	-48,49658	49,80818	-49,15195
17600	49,15283	-50,46267	51,11891	-52,42876
17620	51,11891	-55,0502	53,74037	-58,98238
17640	55,05111	-63,56991	-49,15114	-62,91453
17660	68,15823	-69,46808	70,12432	-86,50739
17680	60,29393	-108,13423	47,84206	-126,48429
17700	34,73484	-141,55753	25,55982	-154,00936
17720	20,97235	-163,18439	18,35096	-173,67017
17740	13,76347	-183,50059	13,10817	-192,02028
17760	10,48676	-199,88459	8,52071	-205,12748
17780	6,55463	-209,05964	9,83146	-211,02574
17800	11,79753	-214,95789	15,72971	-217,57934
17820	14,41897	-220,85613	17,69577	-219,54542
17840	18,35111	-213,64718	20,97258	-204,47219
17860	19,00652	-190,05432	19,00654	-175,63643
17880	18,35111	-159,25246	20,97248	-143,52386
17900	20,31704	-125,8292	21,62766	-108,78988
17920	22,93826	-93,71665	20,97202	-76,02201
17940	17,03974	-53,08446	21,6272	-32,76833
17960	24,2486	-15,07362	30,8022	-3,93251
17980	34,07899	5,24254	37,3558	11,79615
18000	38,01115	18,34976	41,28797	21,62657
18020	42,5987	23,59267	46,53087	22,28196
18040	48,49696	20,31588	52,42914	17,03908
18060	53,73986	14,41764	56,36131	12,45156
18080	57,01667	11,7962	58,3274	9,17476
18100	58,32739	7,20868	59,63811	5,89795
18120	58,98274	5,2426	58,98273	5,2426
18140	57,01664	5,2426	57,01664	6,55331
18160	54,39519	9,83012	53,73983	12,45156
18180	51,11838	15,073	51,11838	16,38372
18200	52,42909	15,72835	59,63811	12,45154
18220	62,25958	10,48545	62,25956	9,83009
18240	62,25954	7,864	63,57026	7,864
18260	62,91489	7,864	64,22561	8,51935
18280	62,91486	10,48544	64,22558	12,45152
18300	62,25947	15,07297	62,91484	14,4176
18320	62,25948	13,10688	64,22557	10,48544
18340	64,22556	9,17471	65,5363	8,51935
18360	66,19166	6,55327	68,81312	4,58718
18380	70,77921	4,58718	86,50797	3,93188
18400	108,13515	5,8981	129,76236	7,20896
18420	145,49121	11,14135	151,3895	17,69493
18440	145,49124	24,90386	144,83588	28,18067
18460	142,21445	31,45748	140,90375	32,76819
18480	138,93767	34,07892	138,28233	34,73428
18500	135,66089	36,045	135,6609	37,35573
18520	133,69483	38,01109	133,69484	38,01109
18540	132,38412	38,66646	132,38414	39,32181
18560	131,72877	39,32182	132,38414	39,97717
18580	131,72878	40,63254	137,62704	39,3218
18600	141,55921	39,3218	140,90386	39,97716
18620	138,93778	40,63253	138,28244	40,63253
18640	137,62708	40,63254	138,28245	40,63254
18660	135,66101	40,63255	135,66103	40,63256
18680	135,00566	40,63257	134,35032	40,63257
18700	132,38423	40,63258	133,03961	40,63258
18720	131,07352	40,63257	132,38425	40,63256
18740	131,07352	40,63257	131,07353	40,63257
18760	129,76281	40,63258	129,76282	40,63258
18780	128,45209	40,63259	128,4521	40,63259
18800	127,14138	40,63259	127,14139	40,63259
18820	125,83067	40,63259	126,48604	40,63259
18840	125,17531	40,6326	125,83068	40,63259
18860	125,17532	40,63259	125,83069	40,63258
18880	125,83068	40,63258	122,55389	40,63263
18900	102,89293	32,76816	76,67813	17,69476
18920	49,15259	3,27677	28,83618	-7,20905
18940	23,59321	-10,48593	29,49144	-10,48593
18960	28,83608	-10,48593	28,83608	-10,48595
18980	27,52535	-10,48596	28,18071	-9,83061
19000	27,52534	-9,83061	27,52535	-9,83062
19020	25,55926	-9,83062	24,90391	-10,48598
19040	23,59319	-9,83062	24,24856	-9,83062
19060	22,93784	-9,83061	22,93786	-9,17525
19080	22,28249	-8,51988	22,28251	-7,86452
19100	21,62715	-6,55379	22,28252	-6,55379
19120	20,9718	-5,24307	20,97182	-5,24307
19140	19,6611	-4,58771	19,6611	-4,58771
19160	18,35038	-3,93234	18,35039	-4,58771
19180	17,03967	-3,93234	16,38431	-3,93234
19200	14,41822	-3,27697	14,41822	-2,62161
19220	12,45213	-1,96624	13,10748	-1,96624
19240	10,48603	-0,65551	9,83066	-0,65551
19260	7,86457	-0,00014000000000181	7,86456	-0,6555
19280	5,89846	-0,00014000000000181	5,24311	0,65523
19300	3,27701	0,65524	3,27701	0,65523
19320	1,96627	0,65523	1,96628	1,31059
19340	1,3109	0,65523	1,96626	1,31059
19360	1,31088	2,62132	1,96624	2,62132
19380	1,31087	1,96595	1,96622	1,96596
19400	0,65549	3,93204	1,31085	4,5874
19420	0,65546999999999	5,24276	1,96619	3,93204
19440	1,31082	3,93204	1,31082	3,27668
19460	0,65544999999999	3,27668	1,31081	3,27668
19480	1,3108	3,27668	1,3108	3,27668
19500	7,9999999996971E-5	3,27669	1,3108	3,93204
19520	6,9999999993797E-5	4,5874	1,3108	4,58741
19540	0,65543	5,24277	1,3108	5,24277
19560	7,9999999996971E-5	5,24277	0,65545	5,24277
19580	7,9999999996971E-5	5,89813	0,65546000000001	5,24277
19600	9,0000000000146E-5	6,55349	-5,24285	14,41788
19620	-15,07332	22,93765	-20,97162	29,49128
19640	-23,59309	32,76809	-22,93773	34,0788
19660	-23,5931	36,04489	-23,5931	38,01097
19680	-24,24847	38,01097	-24,24846	39,32168
19700	-24,90383	40,63242	-24,24846	39,97706
19720	-25,55919	40,63242	-25,55919	40,63243
19740	-26,21456	40,63244	-26,21455	40,63244
19760	-27,52528	40,63245	-26,86992	40,63245
19780	-27,52529	40,63246	-26,21457	40,63245
19800	-26,86993	40,63246	-26,21458	40,63245
19820	-27,5253	40,63246	-26,21458	40,63245
19840	-26,21459	40,63246	-25,55922	40,63246
19860	-26,21459	40,63246	-24,2485	40,63245
19880	-24,90387	40,63245	-22,93778	40,63245
19900	-23,59315	40,63245	-21,62706	39,32172
19920	-20,9717	38,01099	-19,66098	36,70026
19940	-19,66099	35,38953	-18,35026	33,42344
19960	-17,6949	28,18055	-14,41807	16,38402
19980	-11,79666	1,96604	3,27646	-17,69486
20000	28,83575	-45,21994	53,08438	-76,02175
20020	62,9151	-104,85743	61,60456	-126,48421
20040	57,01718	-143,52351	51,119	-154,66457
20060	49,15298	-165,80563	50,46376	-171,70384
20080	45,87631	-177,60206	42,59954	-183,50028
20100	41,28885	-186,12172	41,94425	-189,39853
20120	41,94429	-189,39854	42,59966	-186,12173
20140	43,25505	-175,63598	47,84264	-161,21809
20160	53,74091	-144,83413	63,57126	-127,13942
20180	67,50331	-109,44474	74,05684	-85,85186
20200	76,6782	-64,22504	79,95487	-45,21969
20220	79,2994	-28,18039	79,29935	-13,76251
20240	76,67787	2,9999999995312E-5	75,36715	9,83042
20260	72,74571	17,03939	72,09037	22,28228
20280	70,12429	26,8698	69,46896	30,1466
20300	67,50288	32,1127	66,84754	33,42343
20320	64,88147	36,04488	63,57076	37,3556
20340	60,29397	39,3217	58,32791	39,97707
20360	56,36183	40,63243	55,70648	40,63244
20380	53,08504	40,63246	51,11897	40,63246
20400	48,49752	40,63248	47,84217	40,63248
20420	46,53145	40,63249	45,87611	40,6325
20440	43,91002	40,63251	43,91004	40,63251
20460	43,25468	40,63252	43,91005	40,63252
20480	43,25469	40,63252	43,91006	40,63252
20500	42,59933	40,63253	43,91007	40,63252
20520	43,2547	40,63252	44,56543	40,63252
20540	43,91006	40,63252	45,22079	40,63252
20560	47,18688	40,63251	68,81395	24,90386
20580	100,27158	-7,20881	129,76296	-32,1125
20600	146,14708	-43,90894	147,45781	-44,56434
20620	144,18097	-42,59825	146,80242	-41,28754
20640	146,14704	-39,97682	146,8024	-38,01075
20660	145,49166	-36,04467	146,14702	-34,73395
20680	146,14701	-34,0786	146,80238	-34,0786
20700	146,14701	-33,42325	146,14701	-32,76789
20720	146,80237	-32,11253	147,45773	-32,11254
20740	146,80236	-31,45718	147,45773	-31,45719
20760	146,80236	-30,80183	146,80236	-30,14647
20780	146,80235	-30,14647	147,45772	-30,80184
20800	147,45771	-31,4572	148,76844	-31,45721
20820	147,45771	-30,80185	148,76843	-31,45721
20840	147,45771	-31,45722	148,76843	-32,76794
20860	148,76842	-34,07867	150,7345	-35,3894
20880	150,07913	-36,70012	152,04521	-37,35549
20900	152,0452	-38,6662	154,01128	-39,97694
20920	153,35591	-40,6323	155,32199	-41,28766
20940	155,32199	-42,59839	157,28807	-43,25375
20960	157,28806	-43,25376	158,59879	-43,25376
20980	158,59877	-43,25376	160,56486	-43,90913
21000	159,90949	-43,90913	161,87557	-43,90913
21020	161,22019	-44,5645	162,53092	-45,21986
21040	162,53091	-45,21987	163,84164	-45,87523
21060	162,53091	-45,21987	163,18627	-45,87523
21080	162,5309	-45,87523	163,18627	-45,87524
21100	162,5309	-45,87524	163,84162	-45,87524
21120	162,53089	-46,5306	163,18626	-45,87525
21140	163,18625	-45,87525	163,18625	-45,87525
21160	163,18624	-45,87525	163,84161	-46,53061
21180	161,87553	-45,87526	163,84161	-46,53062
21200	162,53088	-45,87526	162,53089	-46,53062
21220	162,53088	-45,87526	163,18625	-46,53062
21240	162,53088	-46,53062	163,18625	-46,53063
21260	162,53088	-46,53063	162,53089	-47,186
21280	162,53089	-47,84136	163,84161	-47,84136
21300	162,53087	-47,84136	163,8416	-47,84136
21320	163,18624	-48,49672	164,49696	-49,15209
21340	153,35579	-47,84138	131,07338	-45,21995
21360	106,8249	-41,94312	88,47466	-41,28776
21380	83,88709	-38,01099	87,16389	-36,7003
21400	86,50851	-37,35567	87,16387	-37,35568
21420	85,85314	-36,70033	86,5085	-36,04499
21440	85,85313	-35,38963	85,85314	-34,73428
21460	83,88706	-34,07892	85,19779	-33,42357
21480	83,88706	-32,76821	83,23171	-32,11285
21500	81,92098	-32,11284	81,92099	-32,11285
21520	80,61026	-30,80213	80,61026	-30,80213
21540	79,29952	-30,14676	79,29953	-30,14677
21560	77,98881	-29,4914	78,64418	-29,49141
21580	77,33344	-28,18068	77,98881	-27,52533
21600	77,33344	-27,52533	78,64417	-27,52533
21620	77,33344	-26,86996	78,64417	-26,86996
21640	77,98879	-26,2146	78,64416	-26,86996
21660	77,33343	-26,86996	78,64416	-26,86996
21680	77,33343	-26,86996	78,64416	-26,86995
21700	77,33343	-27,52531	76,67807	-27,5253
21720	60,95184	-26,86989	35,39006	-26,21445
21740	9,83078	-26,21439	-7,20877	-25,55902
21760	-10,48566	-21,62689	-6,55352	-19,66083
21780	-7,86427	-19,00547	-7,20892	-17,69476
21800	-7,8643	-16,38405	-7,20893	-15,7287
21820	-8,51967	-15,07334	-7,86431	-15,07334
21840	-8,51969	-13,76262	-7,86433	-13,10726
21860	-9,17505	-12,45191	-8,5197	-12,45191
21880	-9,17507	-11,14119	-9,17506	-9,83047
21900	-9,83043	-8,51974	-9,17506	-7,86438
21920	-10,48579	-6,55366	-9,17506	-7,20902
21940	-9,83043	-6,55367	-9,17507	-6,55367
21960	-10,48579	-5,89831	-8,51971	-7,20904
21980	-9,17507	-7,20903	-7,86434	-9,17512
22000	-7,86434	-12,45193	-5,89824	-16,38411
22020	-6,5536	-19,00555	-5,24286	-23,59307
22040	-5,89823	-30,80204	-11,79666	-36,04486
22060	-27,52552	-56,36087	-41,94339	-83,88579
22080	-43,25396	-102,89102	-49,15209	-116,65344
22100	-49,80741	-125,82848	-49,15197	-136,31424
22120	-49,80731	-141,55712	-49,15192	-142,86784
22140	-49,80726	-140,2464	-49,15186	-133,03744
22160	-49,80722	-118,61952	-49,15182	-102,23552
22180	-49,80726	-87,8176	-49,15204	-68,1568
22200	-49,80759	-46,52993	-49,14989	-25,55851
22220	-49,80801	-6,55315	-49,15264	9,17545
22240	-49,80801	22,28262	-49,15264	32,113
22260	-49,80801	40,63268	-49,15264	40,63268
22280	-49,80801	40,63269	-49,15264	40,6327
22300	-49,80801	40,63272	-49,15264	40,63274
22320	-49,80801	40,63276	-49,15264	40,63278
22340	-49,80801	40,6328	-49,15264	40,6328
22360	-49,80801	40,63282	-49,15264	40,63283
22380	-49,80801	40,63284	-49,15264	40,63283
22400	-49,80801	40,63285	-49,15264	40,63285
22420	-49,80801	40,63286	-49,15264	40,63286
22440	-49,80801	40,63286	-49,15264	40,63287
22460	-49,80801	40,63288	-49,15264	40,63288
22480	-49,80801	40,63289	-49,15264	40,63288
22500	-49,80801	40,63289	-49,15264	40,63289
22520	-49,80801	40,6329	-49,15264	40,6329
22540	-49,80801	40,6329	-49,15264	40,63291
22560	-49,80801	40,63291	-49,15264	40,63291
22580	-49,80801	40,63291	-49,15264	40,6329
22600	-49,80801	40,63291	-49,15264	40,63291
22620	-49,80801	40,63292	-49,15264	40,63291
22640	-49,80801	40,63292	-49,15264	40,63291
22660	-49,80801	40,63286	-49,15244	40,6328
22680	-45,87549	40,63276	-46,5308	40,63274
22700	-49,15226	40,63275	-47,84153	40,63275
22720	-48,4969	40,63274	-47,18617	40,63273
22740	-47,84154	40,63272	-47,18618	40,63271
22760	-47,84155	40,63271	-45,22012	40,6327
22780	-23,59309	40,63266	5,24312	38,6665
22800	20,97199	27,52529	20,97202	27,52526
22820	19,00592	28,83599	20,31665	27,52526
22840	19,66129	28,18061	20,97201	28,83597
22860	19,66128	29,49132	20,31664	30,80204
22880	19,66127	31,4574	19,66127	32,11276
22900	19,00591	32,11276	19,66127	32,11276
22920	18,35054	32,76812	19,66127	33,42348
22940	18,35054	33,42348	19,0059	33,42348
22960	18,35054	33,42348	19,0059	33,42348
22980	17,69517	34,07885	18,35054	34,07885
23000	17,69517	33,42349	18,35054	33,42348
23020	17,69517	34,07886	18,35054	34,07885
23040	17,69517	34,07886	18,35053	34,07885
23060	17,0398	34,73422	17,69517	34,73421
23080	17,0398	34,73422	17,69517	34,73422
23100	16,38444	34,73422	17,03981	34,73422
23120	16,38444	34,73422	16,38446	34,73422
23140	15,72909	34,73422	17,0398	34,73422
23160	15,72908	35,38959	16,38445	34,73422
23180	15,72908	34,07886	16,38445	34,73422
23200	15,07373	34,73423	15,72909	34,73422
23220	15,07373	34,07886	16,38446	34,73422
23240	15,07373	34,73422	16,38446	34,07886
23260	15,72909	34,07886	16,38446	33,4235
23280	15,07373	33,4235	16,38446	32,76814
23300	15,07373	32,76814	15,7291	32,76814
23320	14,41838	33,42351	15,07375	33,4235
23340	14,41838	33,42351	13,76302	34,73422
23360	10,48621	36,70031	9,83085	35,38959
23380	-1,96573	34,73425	-18,34989	35,38963
23400	-30,14648	37,35572	-31,45721	39,97715
23420	-32,76793	40,63252	-34,73147	40,63253
23440	-41,94369	40,63255	-47,84125	40,63257
23460	-49,80736	40,6326	-49,15201	40,63262
23480	-49,8074	40,63265	-49,15204	40,63266
23500	-49,80742	40,63267	-49,15207	40,63269
23520	-49,80745	40,6327	-49,15209	40,63271
23540	-49,80747	40,63273	-49,15212	40,63273
23560	-49,80749	40,63275	-49,15214	40,63275
23580	-49,80752	40,63276	-49,15215	40,63276
23600	-49,80751	40,63276	-49,15213	40,63277
23620	-49,8075	40,63278	-49,15214	40,63278
23640	-49,80751	40,63277	-49,15215	40,63276
23660	-49,80751	40,63276	-49,15215	40,63276
23680	-49,80752	40,63277	-49,15216	40,63276
23700	-49,80753	40,63276	-49,15217	40,63275
23720	-49,80753	40,63276	-49,15217	40,63275
23740	-49,80754	40,63276	-49,15217	40,63275
23760	-49,80754	40,63275	-49,15217	40,63275
23780	-49,80753	40,63274	-49,15216	40,63273
23800	-49,80752	40,63272	-49,15215	40,63271
23820	-49,80752	40,6327	-49,15216	40,63268
23840	-49,80753	40,63267	-44,56463	40,63265
23860	-39,97711	40,63264	-32,11277	40,63262
23880	-27,52525	40,63261	-22,28235	40,63259
23900	-20,31626	39,97721	-17,6948	37,35576
23920	-17,03944	34,73432	-15,7287	31,4575
23940	-15,7287	29,49142	-14,41796	26,86996
23960	-14,41796	25,55924	-13,76258	23,59316
23980	-14,41795	22,28243	-13,76257	21,62706
24000	-13,76257	20,31634	-10,48574	13,10736
24020	-6,55349	1,96618	-0,65519	-7,20891
24040	-0,65516	-9,83037	0,00021000000000271	-10,48572
24060	0,0002099999999956	-13,10717	0,65559	-14,4179
24080	0,00022999999999485	-15,72863	0,6556	-17,03935
24100	0,00022999999999485	-18,35008	0,6556	-20,31616
24120	0,00024999999999409	-22,28225	0,65563	-24,90371
24140	-0,65509	-27,52516	0,65566	-32,76805
24160	-0,65505	-38,01094	0,00034000000000134	-45,21991
24180	-1,31035	-53,08423	0,00041000000000224	-57,67175
24200	-1,31032	-58,32711	-1,31032	-60,29318
24220	-3,27641	-61,60391	-1,96569	-64,22536
24240	1,96652	-73,40039	6,55416	-89,78442
24260	7,20958	-102,23627	5,8989	-111,41129
24280	4,58815	-118,62024	5,89885	-126,48457
24300	3,93278	-134,34888	7,20957	-140,24712
24320	7,86493	-146,8007	11,14173	-152,04357
24340	14,41852	-157,28642	17,69534	-162,52928
24360	19,66146	-167,11678	20,31684	-171,04893
24380	20,31684	-173,67036	14,41856	-176,29175
24400	3,93274	-178,25779	3,27738	-179,56852
24420	7,86493	-180,22388	9,17568	-180,87923
24440	6,55423	-180,22387	7,86497	-179,56853
24460	7,20962	-176,94711	9,17572	-174,3257
24480	8,52038	-171,04892	9,17576	-166,46143
24500	8,52039	-162,52931	11,14182	-159,25256
24520	13,10788	-155,9758	16,38468	-153,3544
24540	17,69537	-151,38834	20,97216	-149,42229
24560	22,28287	-148,76694	24,25152	-148,11159
24580	24,24895	-146,14552	25,55966	-145,49016
24600	25,55967	-144,8348	26,87038	-142,86873
24620	25,55964	-141,55801	26,87038	-142,86873
24640	25,55966	-144,83481	26,21504	-147,45624
24660	25,55969	-149,4223	25,55968	-152,04373
24680	21,62747	-155,97586	21,62743	-165,80621
24700	19,66126	-174,32582	12,45233	-9,17497
24720	5,24336	-173,67022	1,31119	-173,67011
24740	-4,58708	-169,73783	-7,2085	-166,4608
24760	-13,10676	-161,87334	-18,34967	-161,21792
24780	-22,28185	-158,59648	-26,21402	-154,66432
24800	-36,04447	-145,48928	-41,28739	-132,38208
24820	-47,841	-117,96416	-48,4964	-105,51232
24840	-45,87507	-95,68192	-45,87514	-86,50692
24860	-47,18595	-74,71052	-47,8414	-59,63732
24880	-49,80759	-43,90874	-49,15236	-23,59267
24900	-49,80786	-5,89802	-49,15258	7,86448
24920	-49,80801	21,62699	-49,15264	33,42345
24940	-49,80801	40,6324	-49,15264	40,63238
24960	-49,80801	40,63239	-49,15264	40,63237
24980	-49,80801	40,63236	-49,15264	40,63235
25000	-49,80801	40,63237	-49,15264	40,63237
25020	-49,80801	40,63238	-49,15264	40,63236
25040	-49,80801	39,97697	-49,15264	-7,86432
25060	-49,80801	-77,98774	-49,15237	-119,27533
25080	-49,8074	-135,00387	-49,15173	-143,52348
25100	-32,1121	-138,93591	-14,41711	-127,79474
25120	3,93319	-114,03214	30,14776	-100,92501
25140	47,18719	-81,91966	47,84246	-58,3268
25160	48,49761	-34,07859	51,77434	-12,45176
25180	50,46354	5,24292	49,80817	19,66081
25200	47,1867	32,76801	45,22061	40,63233
25220	42,59917	40,63233	41,94381	40,63232
25240	38,667	40,63233	37,35629	40,63232
25260	34,07949	40,63232	34,07949	40,63232
25280	32,11341	40,63233	31,45806	40,63233
25300	28,83662	40,63235	28,83664	40,63235
25320	30,80275	40,63236	51,11928	40,63243
25340	73,40172	40,63257	93,06284	40,63265
25360	95,68421	40,63261	93,71812	40,63261
25380	92,40741	40,63263	92,40742	40,63263
25400	91,0967	40,63263	91,09671	40,63263
25420	89,78598	40,63264	89,78599	40,63265
25440	87,81991	40,63265	87,16456	40,63266
25460	85,19847	40,63267	85,19848	40,63268
25480	83,23241	40,63269	83,88778	40,63269
25500	82,57705	40,6327	83,23242	40,63269
25520	81,9217	40,6327	82,57707	40,6327
25540	81,26635	40,63271	82,57708	40,63271
25560	81,92172	40,63271	81,92172	40,63271
25580	81,26637	40,63272	81,92175	40,63272
25600	80,61103	40,63273	81,26639	40,63273
25620	80,61103	40,63273	79,30031	40,63271
25640	74,71273	40,63268	76,02345	40,63266
25660	75,36807	40,63266	76,67879	40,63265
25680	76,67878	40,63264	77,9895	40,63264
25700	77,98948	40,63264	78,64485	40,63263
25720	78,64483	40,63263	79,95556	40,63262
25740	79,95554	40,63262	81,92161	40,63261
25760	81,92159	40,63261	83,2323	40,6326
25780	83,23228	40,6326	85,19834	40,63258
25800	85,1983	40,63257	87,81971	40,63254
25820	89,13039	40,63252	92,40716	40,6325
25840	93,06249	40,63249	95,6839	40,63246
25860	96,33923	40,63245	99,61602	40,63243
25880	100,27135	40,63242	103,54814	40,63242
25900	104,85882	40,63244	106,82487	40,63246
25920	105,51405	40,63246	107,48002	40,63246
25940	105,51383	40,63244	102,89232	40,63246
25960	101,58157	40,63247	101,58156	40,63249
25980	99,61547	40,63251	99,61547	40,63253
26000	96,33867	40,63256	96,3387	40,63258
26020	95,02797	40,63261	94,37261	40,63263
26040	93,06189	40,63265	92,40656	40,63267
26060	91,7512	40,63269	91,09586	40,6327
26080	91,09586	40,63272	94,37271	40,63273
26100	94,37272	40,63273	94,37273	40,63275
26120	94,37274	40,63275	96,99419	40,63276
26140	96,33884	40,63276	98,96029	40,63274
26160	98,9603	40,63274	100,92639	40,63273
26180	100,92639	40,63274	102,23712	40,63273
26200	100,9264	40,63273	101,58178	40,63272
26220	100,92641	40,63272	102,23714	40,6327
26240	100,92643	40,63271	102,23717	40,63269
26260	101,58182	40,63269	102,23719	40,63268
26280	101,58182	40,63268	102,89255	40,63267
26300	102,23719	40,63266	103,54793	40,63265
26320	102,2372	40,63264	103,54794	40,63263
26340	102,89257	40,63262	104,85867	40,63261
26360	105,51404	40,63261	106,16941	40,63259
26380	104,8587	40,63258	106,16944	40,63257
26400	105,51408	40,63256	105,51409	40,63255
26420	104,85874	40,63254	105,51411	40,63254
26440	104,20339	40,63254	104,85876	40,63253
26460	104,85875	40,63253	104,85877	40,63252
26480	104,85877	40,63252	105,51414	40,63252
26500	104,20341	40,63251	105,51415	40,6325
26520	104,85879	40,6325	105,51416	40,6325
26540	104,20344	40,63249	104,85881	40,63248
26560	104,20345	40,63248	102,23737	40,6325
26580	99,61592	40,63252	99,61593	40,63252
26600	98,96057	40,63251	99,61595	40,6325
26620	98,96059	40,6325	99,61596	40,63249
26640	98,30524	40,63249	98,96061	40,63248
26660	98,30525	40,63249	98,96063	40,63248
26680	97,6499	40,63248	98,30527	40,63247
26700	96,99456	40,63247	98,30529	40,63246
26720	96,99457	40,63246	97,64994	40,63246
26740	96,33921	40,63246	96,99458	40,63246
26760	95,68386	40,63246	95,02851	40,63296
26780	93,71779	40,63245	93,7178	40,63245
26800	91,75172	40,63246	91,75173	40,63244
26820	91,09636	40,63244	91,75173	40,63243
26840	90,44101	40,63244	91,75174	40,63243
26860	91,09638	40,63242	91,75175	40,63242
26880	90,44103	40,63242	91,75176	40,63241
26900	91,0964	40,63242	92,40712	40,63241
26920	92,40712	40,63242	93,71784	40,63241
26940	93,06247	40,63241	95,02856	40,6324
26960	94,37318	40,6324	96,33926	40,63239
26980	96,33925	40,63238	97,64997	40,63237
27000	98,30532	40,63237	100,27139	37,35555
27020	100,92674	32,11266	103,54818	25,55903
27040	104,85888	20,31615	106,82497	13,10717
27060	107,48031	4,58747	109,44637	-1,31077
27080	108,791	-2,62149	109,44637	-1,96613
27100	108,791	0,65531	109,44636	3,27675
27120	108,791	5,89819	110,10174	8,51963
27140	109,44638	11,79643	109,44638	14,41786
27160	108,79102	17,03931	109,44639	18,35003
27180	107,48031	19,66075	108,79103	20,97147
27200	106,82495	22,28219	106,82495	22,93755
27220	104,2035	23,59291	104,20351	24,24827
27240	102,23743	25,559	101,58208	26,21436
27260	98,96063	27,52508	98,30529	28,8358
27280	96,99456	29,49116	102,23747	28,18044
27300	103,54822	27,52509	103,54823	28,83581
27320	100,92679	30,8019	100,27144	32,76799
27340	98,30535	34,07872	97,65001	34,73407
27360	96,33929	35,38944	96,99465	36,0448
27380	94,37321	37,35552	95,02857	37,35552
27400	93,06249	38,01088	93,06249	38,66624
27420	90,44104	39,32161	89,78568	39,32161
27440	87,81959	39,97698	86,50887	40,63234
27460	85,19813	40,63235	85,19814	40,63235
27480	83,88741	40,63235	83,88742	40,63235
27500	82,5767	40,63235	82,57671	40,63235
27520	81,92134	40,63235	82,57671	40,63235
27540	81,92135	40,63236	82,57672	40,63235
27560	81,266	40,63235	81,92137	40,63234
27580	81,26601	40,63235	81,92137	40,63234
27600	81,26601	40,63235	81,92138	40,63234
27620	81,266	40,63234	81,92137	40,63234
27640	81,26601	40,63235	82,57673	40,63234
27660	81,26601	40,63235	83,88746	40,63234
27680	83,88745	40,63235	85,19818	40,63234
27700	85,19817	40,63234	87,16425	40,63233
27720	86,50889	40,63233	88,47498	40,63233
27740	87,16425	40,63232	76,67841	38,66623
27760	51,11897	34,0787	24,90423	26,86971
27780	-0,65513	17,03929	-24,24838	9,17496
27800	-45,87551	2,62136	-49,15245	1,3106
27820	-49,80786	2,62129	-49,15251	2,62129
27840	-49,8079	2,62128	-49,15255	2,62126
27860	-49,15259	2,62128	-47,18653	3,27664
27880	-47,18657	3,27666	-45,22048	2,62132
27900	-44,56513	2,62133	-42,59904	1,96598
27920	-42,59905	1,31064	-40,63296	1,31064
27940	-41,28833	1,31065	-39,9776	1,96602
27960	-40,63297	2,62138	-39,9776	3,27674
27980	-40,63297	3,27674	-39,9776	2,62138
28000	-40,63297	1,96602	-39,32224	1,31065
28020	-39,97761	1,31065	-39,32224	1,31065
28040	-39,97761	1,31066	-38,66688	0,65528999999999
28060	-39,97761	0,6553	-38,66688	0,6553
28080	-39,32225	1,31067	-38,01152	0,6553
28100	-39,32225	0,6553	-38,01152	0,6553
28120	-38,66689	0,6553	-38,01152	-6,0000000004834E-5
28140	-38,66689	0,65531	-37,35616	-5,000000000166E-5
28160	-38,01153	-4,0000000005591E-5	-37,35616	-5,000000000166E-5
28180	-38,01153	-1,31076	-36,7008	-1,31078
28200	-38,01153	-1,31078	-37,35616	-1,96614
28220	-38,01153	-2,62149	-36,7008	-1,96614
28240	-37,35617	-1,96614	-36,7008	-2,6215
28260	-37,35617	-2,6215	-36,04544	-2,62151
28280	-36,70081	-2,62151	-30,1472	-1,96618
28300	-27,52577	1,31063	-24,90432	2,62134
28320	-25,55969	3,27669	-26,21504	3,27666
28340	-27,52577	3,93201	-27,52576	3,93198
28360	-28,83645	4,58732	-29,49178	3,27657
28380	-31,45784	2,62119	-32,11318	1,9658
28400	-34,07925	1,31043	-34,73459	1,31042
28420	-36,70067	0,65505	-37,35602	-0,00031000000000603
28440	-39,97747	-0,65567	-39,97746	-1,9664
28460	-41,28819	-1,9664	-41,28819	-2,62176
28480	-42,59893	-2,62176	-42,59892	-3,27712
28500	-43,25428	-3,27712	-43,25427	-3,27712
28520	-43,90963	-3,27713	-39,32207	-3,9325
28540	-36,70059	-3,9325	-36,70058	-3,27714
28560	-38,0113	-2,62179	-37,35592	-1,96643
28580	-38,01128	-1,96644	-38,01126	-2,6218
28600	-38,66661	-1,96645	-37,35588	-3,27718
28620	-38,6666	-3,27718	-37,35586	-3,27719
28640	-38,66659	-3,93255	-37,35586	-3,93255
28660	-38,66658	-3,93254	-38,01121	-3,93255
28680	-39,32194	-4,58791	-38,01121	-5,24327
28700	-39,32193	-5,24326	-38,01121	-5,89863
28720	-38,66658	-5,24326	-38,01121	-5,24326
28740	-38,66658	-5,24326	-37,35585	-5,24326
28760	-37,35585	-5,24327	-36,04512	-5,89863
28780	-36,04513	-5,89862	-34,7344	-5,89863
28800	-35,38976	-5,24327	-34,07903	-5,89863
28820	-35,38976	-5,89863	-34,07904	-5,89862
28840	-35,38976	-5,89862	-34,7344	-6,55398
28860	-35,38977	-6,55398	-34,73441	-6,55398
28880	-36,04514	-7,20934	-34,73441	-7,86471
28900	-35,38978	-9,17543	-33,42369	-12,45223
28920	-27,52538	-26,87019	-17,69486	-41,28819
28940	-16,38409	-46,5311	-15,72874	-45,22038
28960	-15,72875	-45,87573	-14,41802	-46,5311
28980	-15,07339	-46,53109	-13,76268	-46,5311
29000	-14,41805	-47,18646	-13,76269	-47,84183
29020	-14,41806	-48,49719	-13,10734	-49,15255
29040	-13,76271	-49,80792	-12,45199	-50,46328
29060	-13,10737	-50,46328	-13,10737	-50,46328
29080	-49,80754	-51,11864	-13,76274	-50,46329
29100	-15,07347	-51,11865	-13,76275	-50,46329
29120	-15,07349	-51,11864	-15,0735	-51,11865
29140	-16,38424	-51,11865	-16,38424	-51,11865
29160	-17,69498	-52,42936	-11,14135	-52,42937
29180	8,5196	-48,49718	32,11284	-44,56497
29200	51,77386	-38,66667	70,77956	-32,11299
29220	85,85309	-26,21465	96,33904	-20,97172
29240	94,37304	-15,07347	93,06228	-10,48597
29260	91,75155	-5,24308	91,75156	-1,96628
29280	90,44083	0,65516	90,44085	1,31052
29300	89,78549	3,2766	89,7855	4,58731
29320	89,13014	5,24268	89,13016	6,5534
29340	87,81944	7,20876	89,13018	7,86412
29360	89,13018	8,51949	89,13019	9,17485
29380	88,47483	10,48558	89,78557	11,14094
29400	89,1302	11,79631	89,13022	11,79631
29420	87,81949	13,10704	88,47486	13,7624
29440	87,8195	13,7624	88,47486	13,7624
29460	86,50878	14,41776	87,16414	15,07312
29480	85,85342	15,07313	85,85342	15,72848
29500	85,19805	16,38385	85,85342	17,03921
29520	83,88733	17,69458	84,54269	17,69457
29540	83,88733	17,03921	83,88734	17,0392
29560	83,23197	17,03921	83,88734	16,38384
29580	83,23198	15,72848	83,88734	15,72848
29600	82,57661	15,72848	83,88734	15,72847
29620	82,57661	15,72847	83,88733	14,41775
29640	83,23197	13,76238	84,54269	12,45165
29660	83,88733	11,79628	85,19806	11,14091
29680	83,88733	9,83019	81,92116	6,55338
29700	62,26007	-0,00023000000000195	35,39252	-5,89848
29720	5,89847	-13,10742	-19,0055	-21,6271
29740	-43,90942	-27,52532	-49,15249	-34,07889
29760	-49,80801	-38,66642	-49,15264	-42,59863
29780	-49,80801	-43,90936	-49,15264	-41,94329
29800	-49,80801	-39,32186	-49,15264	-38,66651
29820	-49,80801	-38,01116	-49,15264	-36,0451
29840	-49,80801	-34,73438	-49,15264	-33,42366
29860	-49,80801	-30,80223	-49,15264	-29,49152
29880	-49,80801	-28,18079	-49,15264	-26,87008
29900	-49,80801	-25,55936	-49,15264	-25,55936
29920	-49,80801	-25,55936	-49,15264	-24,90399
29940	-49,80801	-22,93792	-49,15264	-22,93791
29960	-49,80801	-20,97184	-49,15264	-19,66111
29980	-49,80801	-19,00575	-49,15264	-17,03967
