T	LX	LY	RX	RY
0	0	0	0	0
20	0	0	0	0,65535
40	9,9999999960687E-6	0	-0,65535000000001	0,65536
60	9,9999999960687E-6	0	0,65535999999999	0,65536
80	-1,0000000003174E-5	0	0,65535	0
100	0,65535	-0,65536	0,65534	0
120	0,65534	1,0000000003174E-5	0,65534	0,65537
140	1,3107	0,65538	1,31069	0,65537
160	1,3107	0,65538	1,31069	1,31073
180	0,65534	1,9999999999243E-5	0,65533	0,65538
200	0,65533	0,65538	1,31069	0,65537
220	1,31069	1,9999999999243E-5	1,31068	0,65538
240	1,31068	3,0000000002417E-5	1,31068	0,65537
260	1,31068	1,9999999999243E-5	1,31068	0,65538
280	0,65532	1,9999999999243E-5	1,31068	0,65538
300	0,65532	1,9999999999243E-5	0,65532	0,65538
320	0,65532	1,9999999999243E-5	1,31068	0,65538
340	0,65532	1,9999999999243E-5	1,31068	0,65537
360	0,65532	1,0000000003174E-5	0,65532	0,65537
380	0,65532	1,0000000003174E-5	0,65530999999999	0,65536
400	-4,0000000005591E-5	1,0000000003174E-5	0,65530999999999	0,65536
420	0,65530999999999	0	0,65530999999999	-9,9999999960687E-6
440	0,65532	-1,31073	0,65530999999999	-9,9999999960687E-6
460	0,65532	-1,31072	0,65532	0
480	1,31069	0	0,65532	0
500	0,65533	-0,65536	1,31069	-0,65538
520	0,65533	-1,31074	0,65533	-1,31075
540	1,31069	-0,65538	0,65533	-0,65538
560	0,65534	-0,65537	0,65534	-1,9999999999243E-5
580	0,65534	0	0,65534	0,65535
600	0,65535	0	0,65535	0,65535
620	0,65535	-1,0000000003174E-5	0,65535	0,65535
640	0,65535999999999	-1,0000000003174E-5	1,31072	-2,9999999995312E-5
660	0,65535999999999	-1,9999999999243E-5	1,31072	0,65533
680	0,65537	-1,9999999999243E-5	1,31073	0,65533
700	1,31073	0,65533	1,31073	0,65533
720	1,31074	-3,9999999998486E-5	1,96609	-3,9999999998486E-5
740	1,9661	-3,0000000002417E-5	2,62145	0,65532
760	2,62145	-0,65541	3,27681	0,65531
780	2,62145	0,65533	3,27682	1,96605
800	3,27682	1,3107	3,27682	2,62141
820	3,27683	1,96605	3,93219	2,62141
840	3,9322	2,62141	3,9322	2,6214
860	4,58757	1,96603	5,24293	2,62139
880	5,24295	1,96603	5,89831	1,966
900	5,89831	0,65527	5,89832	1,31062
920	6,55369	0,65526	6,55369	1,31061
940	6,55369	0,65525	7,20906	1,3106
960	7,20907	-0,00012000000000256	7,20907	-0,00012999999999863
980	7,20908	-0,00012999999999863	7,86444	0,65523
1000	7,86444	-0,65549	7,86444	-0,0001399999999947
1020	7,86445	-0,6555	8,51981	-0,00014999999999787
1040	7,86446	-0,6555	8,51981	-0,65552
1060	7,86446	-0,65551	8,51981	-0,00016000000000105
1080	7,86446	-0,65552	8,51982	-0,65552
1100	8,51983	-1,31088	8,51983	-1,3109
1120	8,51983	-1,31089	8,51983	-0,65553
1140	8,51983	-1,96625	8,51983	-1,3109
1160	8,51984	-1,31089	8,51983	-1,3109
1180	8,51984	-1,31089	8,51984	-1,3109
1200	8,51984	-1,31089	8,51984	-1,3109
1220	8,51984	-1,3109	8,51984	-1,31091
1240	13,10742	-2,6216	16,38427	-1,96624
1260	14,4182	-1,96625	14,41819	-1,3109
1280	14,41819	-2,62161	14,41819	-1,96626
1300	14,41819	-2,62162	15,07355	-1,96627
1320	14,4182	-2,62162	14,4182	-2,62163
1340	14,4182	-3,27698	14,4182	-3,27699
1360	14,4182	-3,27699	14,4182	-3,277
1380	14,41821	-3,277	15,07356	-3,93236
1400	15,07356	-3,93236	15,72892	-3,93236
1420	15,07356	-4,58772	15,72891	-3,93236
1440	15,07355	-4,58772	15,7289	-3,93237
1460	15,07355	-4,58772	15,7289	-4,58668
1480	15,72891	-5,24309	15,72891	-5,24311
1500	15,07355	-5,89846	15,72892	-5,89847
1520	15,07356	-6,55383	15,07356	-6,55384
1540	15,07356	-7,2092	14,41821	-6,55384
1560	14,42077	-6,55384	14,41822	-6,55384
1580	14,41823	-7,2092	14,41823	-6,55384
1600	14,41824	-7,2092	14,41824	-7,2092
1620	13,76288	-7,86456	14,41824	-7,20921
1640	13,76288	-7,86457	14,41824	-8,51994
1660	14,41824	-8,51994	14,41824	-8,51995
1680	13,76288	-9,1753	14,41823	-8,51995
1700	15,0736	-9,83067	29,49162	-10,48602
1720	40,63291	-11,79674	39,97755	-11,79677
1740	38,01146	-10,48604	38,66681	-9,83068
1760	38,66682	-10,48604	38,66681	-9,83068
1780	38,66682	-9,83068	38,66681	-9,17532
1800	38,66681	-10,48604	38,6668	-9,83068
1820	38,66682	-10,48604	38,66681	-9,17533
1840	38,01145	-10,48604	38,01145	-9,83069
1860	38,01145	-9,83068	38,01145	-9,17533
1880	38,01145	-10,48604	38,01145	-9,83069
1900	38,01145	-10,48605	37,35609	-9,83069
1920	38,01145	-10,48604	38,01145	-9,83069
1940	38,01145	-10,48605	38,01145	-11,14142
1960	38,01146	-11,14142	38,01146	-11,14142
1980	38,01146	-11,14141	38,01146	-11,14142
2000	38,01147	-11,79678	38,01146	-11,14142
2020	38,01147	-11,79678	38,66683	-11,79679
2040	38,01148	-11,79679	38,01147	-11,7968
2060	38,01148	-12,45215	38,66683	-12,45216
2080	38,66683	-13,10752	38,66683	-12,45216
2100	38,66682	-13,10752	38,66682	-12,45216
2120	39,97755	-13,76287	53,74026	-13,76284
2140	62,91547	-14,41821	62,26012	-13,76287
2160	60,94939	-13,76286	60,94938	-12,45214
2180	60,94939	-12,45213	60,94938	-11,14141
2200	60,94939	-11,1414	60,94939	-9,83067
2220	60,94939	-9,83066	60,94938	-8,51994
2240	60,94938	-9,17529	61,60474	-8,51994
2260	60,94938	-8,51993	60,94937	-7,86456
2280	60,94937	-8,51992	60,94936	-7,86455
2300	60,29399	-7,86454	60,29398	-7,86454
2320	60,29397	-8,51989	60,29396	-7,86452
2340	59,63859	-7,86451	58,98322	-7,20913
2360	58,98321	-7,20912	58,32784	-6,55375
2380	57,67248	-7,20909	57,67247	-6,55372
2400	57,01711	-6,55371	57,0171	-6,5537
2420	56,36174	-6,5537	56,36174	-6,55369
2440	55,05101	-6,55368	55,051	-6,55368
2460	54,39564	-7,20903	54,39564	-6,55367
2480	53,74028	-6,55367	56,36173	-6,55365
2500	66,1923	-6,55359	70,12456	-5,24288
2520	68,15847	-5,24288	68,15845	-4,58752
2540	67,5031	-4,58751	67,5031	-3,93215
2560	66,84774	-4,58751	67,50309	-3,27679
2580	66,84774	-3,93214	66,84774	-3,27679
2600	66,84774	-3,93215	66,19238	-4,58752
2620	66,19239	-4,58752	66,84774	-3,93215
2640	66,19239	-4,58751	66,84774	-3,93216
2660	66,19239	-4,58751	66,19239	-3,93216
2680	66,19239	-4,5875	66,19238	-3,93215
2700	66,84774	-3,93214	66,84773	-3,27677
2720	66,84773	-3,27676	66,84772	-2,6214
2740	66,84772	-2,62139	66,84772	-1,96603
2760	66,84772	-2,62139	66,84772	-1,96603
2780	66,84772	-2,62137	66,84771	-1,31066
2800	66,84771	-1,31065	66,84772	-0,65529
2820	66,84768	-0,65528	66,84771	-0,65528
2840	66,84771	-0,65527	66,84771	8,0000000004077E-5
2860	66,84771	9,0000000000146E-5	66,19235	0,65546000000001
2880	66,84771	9,0000000000146E-5	66,8477	0,65545
2900	66,19235	0,00010000000000332	66,19235	0,65546000000001
2920	66,19235	0,00010000000000332	66,19234	0,00010000000000332
2940	66,19235	-0,65526	66,19234	0,00010000000000332
2960	66,19234	-0,65526	66,19234	0,65546000000001
2980	66,19234	0,00010999999999939	66,19233	0,00010000000000332
3000	66,19234	0,00010999999999939	66,19233	0,65546000000001
3020	66,19234	0,00010000000000332	66,19233	0,65546000000001
3040	66,19233	0,00010000000000332	70,7799	-0,65525
3060	73,40141	-1,31061	72,74604	-0,65526
3080	72,09067	0,00010000000000332	72,74603	9,0000000000146E-5
3100	72,09067	-0,65526	72,09067	-0,65526999999999
3120	72,09066	-1,31063	72,09066	-0,65528
3140	72,09066	-1,31064	72,09065	-1,31065
3160	72,09065	-1,96601	72,09064	-1,31066
3180	72,09065	-1,96602	72,09064	-1,96603
3200	72,09064	-2,62138	72,09064	-1,96603
3220	72,09064	-2,62139	72,09063	-1,96604
3240	71,43527	-2,6214	76,67819	-3,27676
3260	86,50877	-4,58746	88,4749	-3,93212
3280	87,16416	-3,27675	86,50878	-1,96604
3300	86,50879	-2,62139	86,50878	-1,96603
3320	86,50878	-1,31066	87,16413	-0,6553
3340	87,16413	-1,31065	87,16412	-0,6553
3360	87,16412	-1,31065	87,16411	-0,6553
3380	87,16412	-0,65529	87,16411	-0,6553
3400	87,16412	-1,31066	87,16411	-0,6553
3420	87,16411	-1,31066	87,16411	-0,65531
3440	87,16411	-1,31067	87,16411	-1,31067
3460	87,81947	-1,31067	87,81947	-0,65531
3480	87,16412	-1,31067	87,81947	-1,31067
3500	87,81947	-1,96603	87,81946	-1,31068
3520	87,16411	-1,96603	87,81946	-1,31068
3540	87,81947	-1,96604	87,1641	-1,96604
3560	87,1641	-2,62139	87,81946	-1,96604
3580	87,1641	-2,6214	87,16409	-1,96605
3600	87,16409	-2,6214	90,44093	-1,96602
3620	90,44096	-1,31065	90,44095	-1,31066
3640	90,44095	-1,31066	90,44095	-1,31067
3660	89,78559	-1,96602	90,44095	-1,31067
3680	89,78559	-1,31066	89,78559	-1,31067
3700	90,44095	-1,96603	90,44095	-1,31067
3720	90,44095	-1,96603	89,78559	-1,31068
3740	89,78559	-1,96603	89,78558	-1,96604
3760	89,78559	-2,6214	89,78558	-1,96604
3780	89,78558	-2,6214	89,78558	-1,96605
3800	89,78558	-3,27677	89,78558	-2,62142
3820	89,78559	-2,62141	90,44095	-2,62142
3840	89,7856	-3,27678	89,7856	-3,27678
3860	89,78559	-3,27679	90,44096	-3,27679
3880	90,44097	-3,27679	91,09632	-2,62144
3900	90,44097	-3,27679	91,09633	-2,62145
3920	91,09633	-3,2768	91,75169	-2,62146
3940	92,40705	-3,27682	92,40704	-3,27683
3960	93,0624	-3,93219	93,71775	-3,9322
3980	94,37311	-3,9322	105,51436	-4,58752
4000	117,31106	-5,89824	119,2772	-5,2429
4020	117,96646	-4,58754	117,96645	-3,27682
4040	118,62182	-3,93218	118,62181	-3,27683
4060	118,62182	-3,27683	118,62181	-3,27684
4080	119,27718	-3,27685	119,27718	-3,27685
4100	119,93254	-3,27686	119,93254	-3,27687
4120	120,5879	-3,27687	120,5879	-3,27688
4140	121,24327	-3,93225	121,89863	-3,2769
4160	121,89864	-3,27691	122,554	-3,27692
4180	122,55401	-3,93229	123,20937	-3,27694
4200	123,20938	-3,9323	123,86474	-3,27696
4220	123,86476	-3,93232	124,52012	-3,27696
4240	124,52013	-3,93232	125,17549	-3,27697
4260	124,52014	-3,27696	125,1755	-3,27697
4280	125,17551	-3,93233	125,17551	-3,27697
4300	125,17551	-3,27696	125,83087	-3,27697
4320	125,83088	-4,58769	126,48623	-3,93234
4340	125,83088	-4,5877	127,1416	-4,58771
4360	126,48624	-5,24307	127,1416	-5,24308
4380	127,1416	-5,89844	127,1416	-5,89845
4400	127,1416	-6,55382	127,1416	-6,55382
4420	127,1416	-7,20918	127,1416	-7,20919
4440	127,1416	-7,86455	127,1416	-7,86456
4460	127,1416	-8,51992	127,1416	-7,86456
4480	127,1416	-8,51991	127,14159	-8,51992
4500	127,14159	-9,17528	126,48623	-8,51992
4520	127,14159	-9,83064	127,14159	-9,83065
4540	127,79694	-10,486	127,79694	-11,14138
4560	126,48622	-12,4521	117,96638	-15,07359
4580	93,06233	-19,66116	67,5029	-28,83627
4600	47,18645	-45,219	34,73447	-64,88147
4620	36,04519	-74,05667	37,35592	-70,77984
4640	36,04521	-66,19223	36,04519	-66,19223
4660	36,70055	-69,46906	36,70055	-69,46907
4680	37,35591	-71,43515	38,66663	-75,36736
4700	39,32199	-74,71197	39,97735	-70,77976
4720	39,32199	-68,15827	39,97734	-65,5368
4740	39,97735	-64,22604	36,70052	-62,91531
4760	21,6271	-68,81361	19,66096	-68,81362
4780	21,62708	-64,8814	21,62708	-61,60455
4800	22,28244	-60,94918	22,28244	-58,9831
4820	22,28244	-57,67236	22,28244	-56,36163
4840	22,93781	-55,0509	22,93781	-53,74016
4860	22,93781	-53,08479	22,93781	-51,77406
4880	22,93781	-50,46332	22,93781	-49,1526
4900	22,93781	-49,15259	22,93781	-47,84186
4920	22,28246	-47,18649	22,93781	-46,53113
4940	22,93782	-46,53113	22,93782	-46,53113
4960	22,28246	-45,87576	22,28245	-45,2204
4980	22,28246	-45,87576	22,93782	-45,2204
5000	22,28246	-45,87576	22,93782	-45,2204
5020	22,93783	-45,22039	22,28246	-44,56504
5040	22,93782	-45,22039	22,28247	-43,90967
5060	22,28247	-44,56502	22,28247	-43,90967
5080	22,28247	-44,56502	22,93783	-43,90966
5100	22,28247	-44,56502	22,28247	-43,90966
5120	22,28248	-44,56501	22,28247	-43,90966
5140	22,28248	-44,56502	22,28248	-43,90967
5160	22,28248	-44,56502	22,28248	-43,90828
5180	22,28248	-44,56502	24,24857	-45,22038
5200	40,63271	-47,18646	48,49715	-48,49721
5220	47,8418	-48,49722	47,18642	-47,18649
5240	47,18641	-47,18649	47,84177	-46,53113
5260	47,18641	-46,53112	47,1864	-45,87576
5280	46,53104	-45,87576	47,1864	-44,56504
5300	46,53104	-45,2204	46,53102	-44,56504
5320	46,53104	-45,2204	46,53103	-44,56504
5340	46,53103	-44,56504	46,53103	-43,90969
5360	46,53103	-45,22041	46,53102	-44,56506
5380	46,53102	-45,22041	46,53103	-44,56506
5400	46,53103	-45,22042	46,53103	-44,56506
5420	46,53104	-45,22042	46,53104	-44,56506
5440	46,53104	-44,56505	46,53104	-43,9097
5460	46,53104	-45,22042	46,53104	-44,56506
5480	46,53104	-44,56506	46,53104	-43,9097
5500	46,53104	-44,56506	47,1864	-43,90971
5520	47,1864	-44,56506	46,53104	-43,9097
5540	46,53104	-43,90969	47,1864	-43,25434
5560	46,53104	-43,90969	46,53104	-42,59897
5580	46,53104	-43,25432	46,53104	-42,59896
5600	46,53104	-43,25432	46,53104	-42,59896
5620	51,77397	-42,59893	55,05082	-41,94356
5640	53,74011	-41,94356	53,7401	-41,28821
5660	53,7401	-41,94357	53,7401	-41,28821
5680	53,7401	-41,2882	53,08474	-40,63284
5700	53,08474	-41,2882	53,08474	-40,63285
5720	53,08474	-40,63284	53,7401	-39,97748
5740	53,08474	-40,63283	53,08474	-39,97747
5760	53,08474	-39,97747	53,08474	-39,97748
5780	55,70621	-41,2882	64,226	-41,94356
5800	68,15824	-43,25429	67,50289	-41,94358
5820	67,50288	-41,28821	67,50288	-41,28822
5840	66,84752	-41,94357	67,50288	-39,97748
5860	67,50288	-40,63284	67,50287	-39,97748
5880	67,50287	-40,63284	68,15823	-39,97748
5900	68,15823	-39,97748	68,15822	-39,32212
5920	68,15823	-39,97747	68,15822	-39,32211
5940	67,50287	-39,3221	68,15823	-38,66675
5960	68,15823	-39,32211	68,15823	-38,66675
5980	68,15824	-39,32211	68,15824	-38,66675
6000	68,15824	-38,66675	68,15825	-38,01139
6020	68,15826	-38,01138	68,15826	-38,01138
6040	68,15826	-38,01138	68,15826	-37,35603
6060	67,50291	-38,01139	68,15827	-37,35603
6080	67,50291	-38,01139	68,15827	-38,0114
6100	67,50291	-38,66675	67,5029	-38,0114
6120	67,5029	-39,32212	67,50289	-39,32214
6140	67,50288	-39,97749	67,50288	-39,32214
6160	66,84752	-39,32213	66,84751	-38,66678
6180	66,84751	-39,32213	66,8475	-38,66677
6200	66,19214	-39,97749	66,8475	-39,9775
6220	66,19214	-39,97749	66,19213	-39,32214
6240	66,19213	-40,63286	65,53677	-39,97751
6260	65,53677	-40,63287	66,19212	-39,97751
6280	65,53676	-40,63287	65,53676	-39,97751
6300	64,8814	-40,63287	65,53676	-40,63288
6320	66,19212	-41,28823	75,36729	-41,94357
6340	82,5764	-42,59893	81,92105	-41,94359
6360	80,61032	-41,28822	80,61031	-41,28822
6380	80,61032	-41,28822	80,61032	-40,63286
6400	80,61032	-40,63285	79,95496	-39,97748
6420	79,95496	-40,63284	79,95496	-39,32212
6440	79,95496	-39,97747	80,61031	-39,32211
6460	79,95496	-39,3221	80,61031	-38,66674
6480	79,95495	-38,66673	79,95494	-38,01137
6500	79,95494	-38,66672	79,95494	-37,356
6520	79,95494	-38,01135	79,95493	-36,70063
6540	79,95494	-37,35598	79,95493	-36,70062
6560	79,95494	-37,35598	79,95493	-37,35598
6580	79,29957	-37,35598	79,95493	-36,70061
6600	79,29957	-37,35597	79,29957	-36,70061
6620	79,29957	-37,35597	79,29957	-36,70061
6640	79,29956	-37,35597	79,95492	-37,35597
6660	79,29957	-37,35597	79,29956	-37,35598
6680	79,29956	-38,01133	83,23176	-38,01132
6700	85,85325	-38,01131	85,19789	-38,01132
6720	85,19788	-38,01132	85,19788	-37,35597
6740	85,19788	-38,01133	85,19787	-37,35597
6760	84,54252	-38,01133	85,19787	-37,35598
6780	84,54252	-37,35597	84,54251	-37,35598
6800	84,54251	-38,01134	84,5425	-37,356
6820	84,54251	-38,01136	84,5425	-37,356
6840	84,54251	-38,66673	84,5425	-38,01137
6860	84,5425	-38,66673	84,5425	-38,66674
6880	84,5425	-39,3221	84,5425	-39,32211
6900	83,88714	-39,32211	84,54249	-39,32211
6920	83,88714	-39,32211	84,54249	-39,32212
6940	84,54249	-39,97748	84,5425	-39,32212
6960	83,88714	-40,63284	83,88713	-39,97749
6980	83,88713	-40,63284	84,54249	-39,97748
7000	83,88713	-41,2882	83,88713	-40,63286
7020	86,50858	-42,59893	94,37301	-43,25428
7040	95,68377	-43,90966	95,02839	-42,59894
7060	95,02838	-42,59893	95,02838	-42,59894
7080	95,02838	-43,2543	95,68373	-42,59894
7100	95,02838	-43,2543	95,68373	-42,59894
7120	95,68373	-43,2543	95,68372	-42,59894
7140	95,02837	-42,59894	95,68373	-42,59894
7160	95,68373	-42,59893	95,68373	-41,94358
7180	95,68373	-42,59893	95,68373	-41,94358
7200	95,68374	-42,59894	95,68374	-41,94358
7220	95,68374	-42,59895	100,92666	-42,59893
7240	108,79113	-43,90964	111,41263	-43,90966
7260	110,1019	-43,2543	110,10189	-42,59894
7280	109,44653	-43,2543	110,10189	-42,59894
7300	110,10189	-42,59894	110,10189	-41,94358
7320	110,10189	-42,59894	110,10189	-41,94358
7340	110,10189	-42,59894	110,10189	-41,28822
7360	109,44654	-41,94358	110,10189	-41,28823
7380	110,1019	-41,94359	110,1019	-41,28823
7400	110,1019	-41,94359	110,1019	-41,28824
7420	110,10191	-41,9436	110,10191	-41,28825
7440	110,10191	-41,94361	110,10191	-41,28825
7460	109,44656	-41,94361	110,75728	-41,94362
7480	110,10192	-42,59898	110,10192	-41,94363
7500	110,10193	-42,59899	110,75728	-42,59899
7520	110,10193	-42,59899	110,10193	-41,94363
7540	110,75729	-42,59899	110,75729	-41,94364
7560	110,10193	-42,599	109,44656	-41,28828
7580	106,82509	-41,94363	106,82508	-42,59899
7600	107,48045	-42,59899	108,13581	-41,94363
7620	108,13581	-42,59899	108,79116	-42,599
7640	108,79116	-43,25435	109,44651	-42,599
7660	109,44651	-43,25436	109,44651	-43,25437
7680	109,44651	-43,90973	109,4465	-43,90973
7700	109,4465	-44,56509	110,10186	-44,5651
7720	110,10186	-45,22046	110,10186	-44,56511
7740	110,10186	-45,87583	110,10186	-45,87584
7760	110,75722	-47,18657	110,75722	-47,18658
7780	116,65551	-49,808	130,4183	-51,77408
7800	133,03983	-52,42946	131,07371	-51,11874
7820	129,76298	-50,46337	130,41835	-49,15265
7840	130,41835	-49,80801	130,41834	-48,49729
7860	130,41834	-49,15265	130,41834	-49,15265
7880	130,41833	-49,15265	130,41834	-49,15266
7900	130,41834	-49,80802	130,41833	-49,15267
7920	130,41834	-49,80801	130,41833	-49,15267
7940	130,41833	-49,15266	130,41833	-48,49731
7960	130,41834	-48,4973	130,41833	-48,4973
7980	130,41833	-48,49729	130,41833	-47,84194
8000	130,41833	-48,49729	129,76296	-47,84193
8020	130,41833	-47,84193	129,76296	-47,18657
8040	129,76296	-47,84192	129,76296	-47,18656
8060	129,1076	-47,18656	129,76296	-46,5312
8080	129,76296	-46,53119	129,76296	-46,53119
8100	128,45224	-46,53119	129,76295	-45,22046
8120	129,1076	-45,87581	129,1076	-45,22045
8140	129,1076	-45,87581	129,1076	-44,56509
8160	134,35055	-43,90968	136,31668	-42,59896
8180	135,66132	-43,25432	135,00594	-41,9436
8200	135,00594	-41,94358	135,00594	-40,63286
8220	135,00594	-40,63285	135,00594	-39,97749
8240	135,00594	-39,97748	135,00593	-39,32212
8260	134,35057	-39,97747	135,00592	-39,32212
8280	135,66128	-39,32212	135,66127	-38,66676
8300	135,66127	-39,32211	135,66127	-38,66675
8320	135,00591	-39,32211	135,00591	-38,66676
8340	134,35055	-39,32211	135,66127	-38,66676
8360	135,66127	-38,66675	132,38443	-39,32214
8380	127,14147	-39,97752	127,14146	-39,97751
8400	127,79684	-40,63285	127,79684	-39,32213
8420	127,79684	-39,32212	127,14147	-39,32213
8440	127,14148	-39,32213	127,14147	-38,66677
8460	127,14148	-38,66676	127,14147	-38,01141
8480	127,14147	-39,32212	126,48611	-38,66676
8500	127,14147	-38,66676	127,14147	-38,01141
8520	127,79683	-39,32213	127,79683	-38,01141
8540	127,14147	-38,66677	127,79682	-38,01141
8560	127,79683	-38,0114	127,79683	-37,35604
8580	127,79682	-38,0114	127,79683	-37,35604
8600	127,14147	-38,0114	127,14146	-38,0114
8620	127,14146	-38,0114	127,14146	-38,0114
8640	127,14147	-38,66676	127,14146	-38,0114
8660	127,14146	-38,0114	127,14146	-37,35604
8680	126,4861	-38,0114	127,14146	-37,35604
8700	126,4861	-38,0114	126,4861	-37,35605
8720	126,4861	-38,0114	126,4861	-37,35605
8740	126,48611	-37,35604	126,48611	-37,35605
8760	126,48611	-37,35605	126,48611	-37,35605
8780	125,83076	-37,35605	125,83075	-36,70069
8800	125,83076	-38,01141	125,1754	-37,35606
8820	125,17541	-37,35606	125,1754	-37,35606
8840	125,17541	-38,01142	125,17541	-37,35607
8860	125,83076	-38,01142	125,83076	-38,01142
8880	125,83076	-38,66678	125,83075	-38,01142
8900	125,83074	-38,66677	125,83073	-38,01142
8920	125,17537	-38,66678	125,17536	-38,01142
8940	125,17535	-38,66676	125,17534	-38,66677
8960	124,51997	-38,66675	124,51995	-38,66676
8980	123,86459	-39,32211	123,86457	-39,32211
9000	123,2092	-39,3221	123,20919	-39,32209
9020	122,55382	-39,32208	121,89845	-39,32207
9040	121,89844	-39,32206	121,24307	-39,32206
9060	123,86454	-40,63276	127,1414	-41,28811
9080	125,17532	-40,63275	124,51994	-39,32202
9100	124,51993	-39,97736	123,86457	-39,322
9120	123,86457	-39,32199	123,86456	-38,66662
9140	123,2092	-38,6666	122,55383	-37,35588
9160	121,89847	-38,01123	121,89847	-37,35587
9180	121,24311	-37,35585	121,24311	-36,70049
9200	120,58775	-36,70048	120,58775	-35,38975
9220	119,9324	-35,38974	119,9324	-34,73437
9240	119,27704	-34,73436	119,27704	-33,42364
9260	119,27704	-32,76826	118,62168	-32,11289
9280	118,62168	-31,45752	118,62168	-30,14679
9300	118,62168	-30,14678	119,93241	-28,18068
9320	122,55391	-28,18066	122,55392	-25,5592
9340	121,2432	-23,59309	120,58783	-21,62699
9360	121,24319	-19,66088	120,58783	-17,03943
9380	119,93248	-15,72868	119,93248	-13,10721
9400	119,93248	-11,1411	119,93248	-9,175
9420	119,27712	-7,86425	119,27713	-5,89816
9440	119,27713	-4,58741	119,27713	-2,62131
9460	119,27713	-2,62129	119,27712	-0,6552
9480	119,93249	-0,65518	116,65563	-1,31057
9500	93,71768	-8,5196	62,91528	-15,72863
9520	38,66662	-19,00544	30,80219	-17,6947
9540	32,11294	-15,72858	32,11295	-13,10712
9560	32,11294	-12,45176	32,11294	-11,79639
9580	32,76831	-12,45175	33,42366	-13,10713
9600	33,42366	-15,72859	34,73437	-17,69471
9620	34,73437	-19,66081	35,38972	-20,97156
9640	35,38972	-24,24839	30,14678	-27,52523
9660	17,6948	-34,07885	17,69478	-36,70033
9680	19,00553	-36,04496	19,00552	-34,73423
9700	19,00552	-34,73422	19,00551	-33,4235
9720	19,00551	-34,07886	19,66087	-34,07887
9740	19,66087	-34,73424	15,72868	-33,42351
9760	6,55356	-32,11274	5,89819	-32,76811
9780	7,20893	-32,76809	7,8643	-31,45737
9800	7,20894	-31,45737	7,86431	-31,45737
9820	8,51967	-32,11273	8,51967	-31,45738
9840	8,51968	-32,11273	9,17504	-31,45738
9860	8,51968	-31,45738	8,51968	-31,45739
9880	8,51968	-32,11275	8,51968	-31,45739
9900	9,17505	-32,11275	9,17505	-32,11275
9920	9,17505	-32,11275	9,17505	-31,45739
9940	9,17505	-32,11275	9,17505	-31,45739
9960	9,17505	-32,76812	9,83041	-32,11276
9980	9,17505	-32,76812	9,83041	-32,11276
10000	9,83042	-32,11276	9,83041	-32,11277
10020	9,83041	-32,76812	9,83041	-32,76813
10040	9,83041	-33,42349	10,48576	-33,42349
10060	10,48576	-34,07886	11,14111	-34,07886
10080	10,48575	-34,07886	11,1411	-34,07887
10100	11,1411	-34,73422	11,1411	-34,73423
10120	11,1411	-35,38959	11,1411	-34,73423
10140	11,1411	-35,3896	11,1411	-35,3896
10160	11,1411	-35,3896	11,79646	-36,04497
10180	11,1411	-36,70033	11,79646	-36,04498
10200	11,1411	-36,70034	11,79646	-36,70034
10220	11,79646	-37,35571	11,79646	-36,70036
10240	11,79646	-38,01107	11,79646	-37,35573
10260	11,79646	-38,66645	12,45182	-38,66646
10280	11,79646	-39,32182	12,45182	-39,32183
10300	11,79646	-39,97719	19,00545	-39,97719
10320	34,73426	-41,2879	39,32187	-40,63256
10340	38,01115	-40,63255	37,35578	-39,9772
10360	37,35578	-40,63256	38,01114	-39,9772
10380	37,35578	-40,63256	37,35578	-40,63256
10400	37,35578	-40,63256	37,35579	-40,63257
10420	37,35578	-41,28793	37,35579	-40,63257
10440	37,35579	-41,28793	37,35578	-41,28793
10460	37,35578	-41,28794	37,35578	-41,28794
10480	37,35578	-41,9433	37,35578	-41,28794
10500	37,35579	-41,9433	37,35579	-41,28795
10520	37,35578	-41,9433	37,35579	-41,28795
10540	37,35579	-41,9433	37,35579	-41,94331
10560	38,01116	-42,59867	38,01116	-41,94331
10580	37,3558	-41,94331	38,01116	-41,94332
10600	38,01116	-42,59868	38,66652	-42,59869
10620	49,15238	-43,90938	60,94906	-44,56476
10640	62,25983	-45,8755	60,94908	-43,90942
10660	60,94908	-44,56477	60,94908	-43,90941
10680	60,94908	-43,90941	60,94907	-43,25405
10700	60,94907	-43,25405	60,94907	-42,59869
10720	60,94907	-43,25404	60,94906	-42,59869
10740	60,94907	-43,25405	61,60442	-41,94333
10760	60,94907	-42,59869	61,60442	-42,59869
10780	61,60443	-43,25405	61,60442	-42,59869
10800	60,94906	-43,25405	60,94905	-42,5987
10820	60,94906	-42,59869	60,94905	-42,5987
10840	60,94905	-43,90941	60,94905	-43,90942
10860	60,94905	-43,90942	60,94904	-43,90942
10880	60,29368	-44,56478	60,94904	-43,90942
10900	60,94904	-44,56478	60,94903	-43,90943
10920	60,94904	-44,56479	60,94903	-43,90943
10940	60,94904	-44,56478	60,94904	-44,56479
10960	60,94904	-44,56479	61,6044	-44,56479
10980	60,94905	-45,22016	61,6044	-45,22016
11000	61,60441	-45,22016	60,94905	-45,22016
11020	60,94905	-45,87552	60,94905	-45,22017
11040	60,94905	-45,87553	66,84734	-45,87552
11060	78,64402	-47,18621	80,61018	-47,18625
11080	79,29944	-47,18624	78,64406	-45,87552
11100	79,29943	-46,53088	79,29943	-45,87552
11120	78,64408	-45,8755	78,64407	-44,56479
11140	78,64408	-45,22014	79,29944	-43,90942
11160	79,29945	-44,56478	79,29944	-43,90942
11180	78,64408	-44,56478	79,29944	-43,90942
11200	79,29944	-44,56478	79,95479	-44,56478
11220	79,95479	-45,22014	82,57625	-44,56478
11240	87,81922	-45,22012	88,4746	-44,56478
11260	87,81922	-44,56477	87,81922	-43,90941
11280	87,81922	-44,56477	87,81921	-43,90941
11300	87,16385	-44,56477	87,81921	-43,90942
11320	87,16385	-44,56477	87,81921	-43,25405
11340	87,81921	-43,90941	87,8192	-43,25406
11360	87,16385	-43,90941	87,81921	-43,25406
11380	87,81921	-43,90941	87,16384	-43,25406
11400	87,16385	-43,90941	87,16384	-43,25406
11420	87,16384	-43,90942	87,16384	-43,90942
11440	87,16384	-44,56478	87,16384	-44,56478
11460	87,16384	-44,56478	87,16384	-43,90943
11480	87,16384	-44,56478	87,16383	-44,56479
11500	87,16383	-44,56478	87,16383	-44,5648
11520	87,16383	-44,56478	87,16383	-44,56479
11540	87,16384	-45,22015	87,16383	-44,5648
11560	87,16384	-45,22016	87,16383	-44,56481
11580	87,16384	-45,22017	87,16384	-45,22017
11600	87,16384	-45,87554	87,16384	-45,22019
11620	87,16384	-46,5309	87,16383	-45,87555
11640	87,16384	-45,87555	87,16384	-45,87555
11660	86,50848	-45,87556	87,16383	-45,2202
11680	87,16384	-45,87556	87,16384	-45,2202
11700	87,16384	-45,87556	86,50848	-45,2202
11720	87,16385	-45,87556	87,16384	-45,22021
11740	87,16384	-45,87557	87,16384	-45,22021
11760	87,16385	-45,87556	87,16383	-44,56484
11780	87,16384	-45,87556	87,16384	-45,2202
11800	87,16384	-45,2202	87,16382	-45,2202
11820	87,16383	-45,22019	87,81918	-45,22019
11840	87,16382	-45,87555	87,81917	-45,22019
11860	87,81918	-45,22019	87,81917	-44,56483
11880	87,81917	-45,22018	87,81917	-44,56482
11900	87,81917	-45,22018	87,81916	-45,22018
11920	87,16381	-45,22017	87,81916	-44,56481
11940	87,1638	-45,22017	87,81917	-44,56481
11960	89,78527	-45,22016	90,44065	-43,90944
11980	89,78529	-44,56479	89,78528	-43,90943
12000	89,78528	-44,56479	89,12992	-43,90944
12020	89,12992	-44,5648	89,78528	-43,90944
12040	89,12992	-44,5648	89,78528	-43,90945
12060	89,12992	-44,5648	89,78528	-44,56482
12080	89,12992	-44,56482	89,12992	-43,90946
12100	89,12992	-44,56482	89,78528	-43,90946
12120	89,78528	-44,56482	89,78528	-43,90947
12140	89,78528	-43,90946	89,12992	-43,25411
12160	89,12992	-44,56483	89,78528	-43,90948
12180	89,12993	-44,56483	89,78528	-43,25412
12200	89,78528	-44,56483	89,78528	-43,90948
12220	89,78529	-43,90947	89,78528	-43,90948
12240	89,78528	-43,25411	89,78528	-43,90948
12260	89,12993	-43,90947	89,12992	-43,25412
12280	83,88698	-44,56486	81,26549	-45,87561
12300	81,92087	-45,87559	82,57624	-45,22022
12320	82,57624	-45,22021	82,57624	-45,22021
12340	82,57624	-44,56484	81,92088	-43,90949
12360	81,92088	-44,56484	81,9192	-43,90948
12380	81,92089	-44,56484	82,57624	-43,90949
12400	81,92089	-43,90948	82,57624	-43,90949
12420	82,57624	-44,56485	83,23159	-44,56485
12440	83,2316	-44,56485	83,23158	-44,56485
12460	83,23159	-44,56484	83,23158	-44,56485
12480	83,23158	-44,56485	83,23157	-44,56485
12500	83,23158	-45,22022	83,23157	-44,56486
12520	83,23158	-45,22022	83,88693	-45,22023
12540	83,88693	-45,22023	83,88693	-45,22023
12560	83,88694	-45,87559	83,88693	-45,22023
12580	83,88694	-45,87559	84,54229	-45,22023
12600	89,78523	-46,53093	90,44064	-45,22022
12620	89,78527	-45,87558	89,78525	-45,22022
12640	89,78526	-45,87558	89,78526	-45,22022
12660	89,12991	-45,87558	89,78526	-45,22023
12680	89,78526	-45,87559	90,44062	-45,22023
12700	89,78526	-45,87559	90,44062	-45,22023
12720	89,78526	-45,87558	89,78525	-45,22023
12740	89,78526	-45,87558	89,78525	-45,22022
12760	89,78526	-45,22022	90,44061	-45,22022
12780	89,78525	-45,87558	90,44061	-44,56487
12800	90,44061	-45,87558	90,44061	-45,87558
12820	90,44061	-45,87558	90,44061	-45,22023
12840	90,44061	-45,87558	90,44061	-45,22023
12860	89,78526	-45,22022	90,44061	-44,56486
12880	89,78525	-45,22022	89,78525	-45,22022
12900	89,78525	-45,87558	89,78525	-45,22023
12920	89,78525	-45,22022	90,44062	-44,56486
12940	96,99432	-45,87555	98,96045	-45,22022
12960	96,99436	-45,22021	96,33898	-43,90949
12980	96,99435	-44,56484	96,99435	-43,90948
13000	96,33899	-43,90947	96,33898	-43,25411
13020	96,33899	-43,90947	95,68363	-43,25411
13040	96,33899	-43,90947	95,68363	-43,25292
13060	96,33899	-43,2541	96,33898	-43,2541
13080	96,33898	-43,90946	97,6497	-43,90947
13100	104,85878	-44,5648	107,48028	-43,90945
13120	106,16955	-43,90944	106,16954	-42,59872
13140	106,16954	-43,25408	106,16954	-42,59872
13160	106,16955	-43,25408	106,16954	-41,94336
13180	106,16954	-41,94335	106,16954	-41,94335
13200	106,16954	-41,94335	105,51417	-41,28799
13220	105,51418	-41,28799	105,51417	-40,63263
13240	104,85881	-41,28798	105,51417	-41,28799
13260	105,51417	-41,28798	104,85881	-40,63263
13280	104,85881	-41,28798	105,51417	-41,28799
13300	104,85881	-41,94335	104,8588	-41,28799
13320	104,8588	-41,94335	104,8588	-41,94336
13340	104,8588	-41,94336	104,8588	-41,94336
13360	104,8588	-41,94335	105,51416	-41,288
13380	104,8588	-41,94336	104,8588	-41,288
13400	104,20344	-41,94336	104,8588	-41,288
13420	104,85881	-41,94337	104,85881	-41,28801
13440	104,85881	-42,59873	104,85881	-41,94338
13460	104,85881	-42,59874	104,85881	-42,59875
13480	104,85881	-42,59874	104,20345	-42,59876
13500	104,85881	-43,25411	104,85881	-42,59876
13520	104,20346	-43,25411	104,20345	-42,59876
13540	104,20346	-42,59875	104,20345	-43,25412
13560	104,20346	-43,25412	104,20346	-42,59876
13580	104,20346	-43,25413	103,5481	-42,59876
13600	103,5481	-43,25412	103,5481	-42,59877
13620	103,54811	-43,25413	103,5481	-42,59878
13640	103,54811	-43,25413	103,5481	-43,25414
13660	103,5481	-43,90949	103,54809	-43,25414
13680	103,54809	-43,90949	103,54808	-43,90949
13700	103,54808	-43,25412	103,54807	-43,25413
13720	102,89526	-43,25412	102,89271	-43,25412
13740	102,89271	-43,25412	102,89271	-43,25412
13760	102,8927	-43,25412	102,23734	-42,59875
13780	102,89271	-43,25411	102,89271	-42,59876
13800	102,89271	-43,25411	102,8927	-42,59876
13820	102,89271	-43,90948	102,23734	-43,25412
13840	102,23735	-43,90948	102,23734	-43,90949
13860	105,51419	-45,2202	108,13568	-45,22021
13880	108,13568	-45,22021	107,48032	-44,56485
13900	107,48032	-45,22022	107,48032	-44,56486
13920	107,48032	-45,22023	107,48031	-44,56488
13940	107,48032	-45,22023	107,48031	-44,56488
13960	107,48032	-44,56488	107,48031	-44,56488
13980	107,48032	-45,22024	107,48032	-44,56488
14000	108,13568	-44,56488	108,13568	-44,56489
14020	107,48031	-45,22024	107,48031	-44,56489
14040	112,72325	-45,87559	122,55381	-45,87556
14060	125,17533	-45,87558	124,51995	-45,22022
14080	123,20922	-45,22021	123,86458	-44,56486
14100	123,20923	-43,90949	123,20922	-43,25412
14120	122,55386	-43,25412	123,20922	-41,94339
14140	122,55386	-41,94338	122,55386	-41,94339
14160	122,55386	-41,94338	122,55386	-41,28802
14180	122,55386	-41,94338	122,55386	-41,28802
14200	121,8985	-41,94338	121,8985	-41,28802
14220	121,8985	-41,94338	122,55386	-41,28802
14240	121,8985	-41,28802	121,8985	-41,28802
14260	121,8985	-41,94338	122,55385	-41,28803
14280	122,55386	-41,94338	122,55385	-41,28802
14300	122,55385	-41,94338	123,2092	-41,28803
14320	122,55385	-41,94338	122,55384	-41,28802
14340	123,86457	-41,94338	127,7968	-43,25409
14360	128,45218	-42,59874	127,79682	-41,94338
14380	127,14145	-42,59874	127,79681	-41,94338
14400	127,79682	-43,2541	127,79682	-42,59875
14420	127,14146	-43,25411	126,4861	-42,59875
14440	127,79683	-43,25411	127,79682	-42,59876
14460	127,79682	-43,25412	127,79682	-42,59876
14480	127,79682	-43,25412	127,79682	-43,25412
14500	127,14146	-43,25412	127,79682	-43,25412
14520	127,79681	-43,25412	129,10755	-43,90948
14540	131,72904	-45,2202	131,72906	-43,90949
14560	131,72905	-43,90948	131,72905	-43,25412
14580	131,72905	-43,25411	131,07369	-42,59876
14600	131,72905	-43,25411	131,72905	-42,59875
14620	131,72906	-42,59875	131,72905	-41,94339
14640	131,72906	-42,59875	131,72905	-41,94339
14660	131,72905	-42,59874	131,72905	-41,94338
14680	131,0737	-42,59874	131,07368	-41,94338
14700	131,07369	-41,94337	131,07369	-41,28802
14720	131,72905	-41,94337	131,07369	-41,28801
14740	131,0737	-41,288	131,07369	-39,97728
14760	131,0737	-40,63264	131,07369	-39,32192
14780	131,0737	-39,97727	131,72906	-39,32192
14800	129,76298	-39,32191	118,62168	-39,32194
14820	96,99448	-45,87559	82,57632	-50,46318
14840	75,36724	-52,42927	74,0565	-50,46318
14860	74,71188	-49,15244	75,36724	-47,84172
14880	75,36724	-47,18635	74,71188	-46,53098
14900	76,0226	-46,53098	76,67796	-45,87562
14920	76,67796	-45,22025	76,67795	-44,5649
14940	76,67795	-44,56488	77,33331	-43,90953
14960	77,33331	-43,25416	77,3333	-43,25416
14980	77,3333	-43,25416	77,98866	-42,5988
15000	77,3333	-43,25416	66,19203	-42,59881
15020	41,94336	-49,80781	17,69474	-55,05075
15040	8,51959	-55,70611	10,48569	-53,08464
15060	10,48571	-52,42925	10,4857	-51,11853
15080	10,4857	-49,80779	10,4857	-49,15243
15100	10,4857	-49,15242	11,14106	-49,15243
15120	11,14106	-49,8078	11,14105	-49,80781
15140	11,14105	-51,11854	11,79641	-51,11854
15160	11,14106	-51,11854	11,79641	-51,11856
15180	11,79641	-51,77392	11,79641	-50,46319
15200	11,79641	-51,11855	12,45177	-50,4632
15220	12,45177	-51,11855	12,45177	-50,46319
15240	12,45177	-50,46318	13,10713	-50,46319
15260	12,45178	-50,46319	12,45177	-49,80783
15280	12,45178	-51,11855	13,10713	-50,46319
15300	13,10714	-51,11855	13,10714	-50,4632
15320	13,10714	-51,77392	13,10714	-51,11856
15340	13,10714	-51,77392	15,07322	-51,11856
15360	28,8359	-53,08461	36,70035	-53,08463
15380	37,35572	-53,74	36,04499	-53,08464
15400	36,70035	-53,74	36,70035	-53,08465
15420	36,70035	-53,74	36,70035	-53,74001
15440	36,70036	-54,39537	36,70035	-54,39538
15460	36,70036	-55,05074	37,35571	-54,39539
15480	37,35572	-55,05076	37,35572	-55,05076
15500	37,35572	-55,70612	37,35571	-55,05077
15520	37,35572	-56,36149	37,35572	-55,70614
15540	37,35571	-57,01686	38,01107	-57,01687
15560	38,01107	-58,32758	38,01106	-58,98296
15580	38,66642	-59,63832	38,66641	-59,63834
15600	38,66641	-60,94906	38,66641	-60,94907
15620	38,6664	-62,2598	38,6664	-62,2598
15640	38,6664	-62,91516	38,6664	-62,91516
15660	38,6664	-62,91516	39,32176	-62,91517
15680	38,6664	-63,57052	38,6664	-63,57053
15700	38,6664	-64,22589	38,6664	-63,57054
15720	38,6664	-64,22589	38,66639	-64,2259
15740	39,32176	-64,88125	48,49688	-65,5366
15760	57,6721	-66,84733	60,29359	-66,192
15780	58,3275	-66,19199	58,32749	-65,53662
15800	58,98286	-66,19198	58,98285	-64,88126
15820	58,98285	-64,88126	58,98285	-64,2259
15840	58,32749	-64,88126	58,32749	-64,2259
15860	58,32749	-64,2259	58,32749	-63,57054
15880	58,32749	-64,2259	58,32749	-64,22591
15900	58,32749	-64,88127	58,32748	-64,22591
15920	58,32749	-64,88128	58,32748	-64,22592
15940	58,32749	-64,88128	58,32749	-64,22593
15960	58,32749	-65,53664	58,32749	-64,22593
15980	58,32749	-64,88129	58,32749	-64,8813
16000	58,3275	-65,53666	57,67214	-64,8813
16020	57,67214	-65,53666	58,3275	-64,8813
16040	64,8812	-66,19201	71,43492	-65,53665
16060	70,77958	-66,19202	70,12421	-64,8813
16080	69,46886	-64,88129	69,46886	-64,8813
16100	70,12422	-64,88129	69,46886	-64,8813
16120	69,46887	-64,88129	70,12422	-64,22593
16140	69,46887	-64,22592	69,46887	-63,57056
16160	69,46887	-63,57055	69,46887	-62,91519
16180	68,81352	-62,91518	69,46887	-62,25982
16200	69,46887	-62,91518	69,46886	-62,25982
16220	69,46886	-62,91517	70,12421	-61,60445
16240	69,46886	-62,25981	70,12421	-61,60446
16260	70,12421	-61,60445	70,12421	-60,94909
16280	70,12421	-61,60444	70,12421	-60,94909
16300	69,46885	-61,60444	73,40104	-61,60444
16320	84,54233	-62,91514	89,12996	-62,91516
16340	88,4746	-62,91516	87,16386	-60,94908
16360	87,81923	-60,94907	87,81922	-60,29372
16380	87,16387	-60,2937	87,81922	-59,63834
16400	87,16387	-58,98298	87,16386	-58,98297
16420	87,16386	-58,3276	87,16386	-57,67225
16440	87,16386	-58,3276	87,16386	-57,67224
16460	87,16385	-58,32759	87,16385	-57,67223
16480	87,16385	-58,32759	87,16385	-57,01687
16500	87,16385	-57,01686	87,16385	-56,3615
16520	87,16385	-56,36149	87,16384	-55,70613
16540	87,16384	-57,01684	91,09606	-56,36146
16560	95,02829	-56,36146	93,71757	-55,70611
16580	93,71756	-55,7061	93,71756	-55,7061
16600	93,0622	-55,05074	93,0622	-55,05074
16620	93,06219	-55,05073	93,06219	-55,05074
16640	92,40684	-55,05073	92,40683	-54,39538
16660	92,40683	-55,05073	91,75146	-55,05074
16680	91,75146	-55,05074	91,75146	-54,39538
16700	91,0961	-54,39537	91,0961	-54,39537
16720	91,0961	-54,39538	91,09609	-54,39538
16740	90,44074	-55,05074	90,44074	-54,39538
16760	91,0961	-55,05074	90,44073	-54,39539
16780	90,44074	-55,05074	90,44073	-54,39539
16800	90,44074	-55,05075	90,44073	-55,05076
16820	90,44073	-55,70612	91,09608	-55,05077
16840	91,09608	-55,70613	90,44071	-55,05077
16860	-39,97593	-56,36149	91,09607	-55,70614
16880	93,71754	-55,70611	96,99441	-55,05074
16900	96,33906	-55,05075	96,33904	-54,3954
16920	96,33904	-55,05076	96,33904	-54,3954
16940	95,68369	-55,05075	96,33904	-54,3954
16960	95,68369	-55,70612	96,33904	-54,39541
16980	95,68369	-55,70612	96,33904	-55,05076
17000	95,02832	-56,36148	95,68367	-55,05077
17020	95,02832	-55,05076	95,68367	-55,70613
17040	95,02832	-55,70613	95,0283	-55,70613
17060	95,02831	-55,70613	102,8927	-56,36147
17080	112,06793	-57,6722	114,03406	-57,67223
17100	112,72332	-57,01685	112,06795	-55,70613
17120	112,06796	-56,36148	112,06795	-54,3954
17140	112,06795	-54,39539	112,06795	-53,08467
17160	111,4126	-53,08466	112,06795	-52,4293
17180	112,06795	-52,4293	112,06795	-52,42931
17200	112,06794	-52,4293	111,41259	-51,77395
17220	111,41259	-52,42931	111,41259	-51,77396
17240	112,06794	-52,42932	112,06794	-52,42932
17260	112,06794	-52,42932	112,06794	-52,42933
17280	111,41259	-52,42932	112,06794	-51,77397
17300	111,41259	-53,08468	112,06794	-52,42933
17320	112,06795	-52,42932	111,41258	-51,77397
17340	111,41259	-52,42932	111,41258	-51,77397
17360	111,41258	-52,42932	111,41258	-51,77397
17380	111,41258	-52,42933	114,03404	-51,77395
17400	123,8646	-52,42926	127,14151	-52,42928
17420	127,1415	-53,08465	126,48612	-51,77393
17440	127,14148	-52,42929	127,79684	-52,42929
17460	127,79684	-52,42929	127,79684	-51,11858
17480	127,79684	-51,77393	128,45219	-51,11858
17500	127,79683	-51,77394	127,79683	-51,11859
17520	127,79683	-51,77394	128,45219	-51,11859
17540	127,79684	-51,77395	128,45219	-51,1186
17560	128,4522	-51,11859	128,45219	-51,1186
17580	128,4522	-51,11859	128,45219	-50,46324
17600	128,4522	-51,1186	129,10755	-50,46324
17620	128,4522	-50,46323	129,10755	-49,80788
17640	129,10755	-49,80788	129,10755	-49,80788
17660	129,10755	-49,80788	129,10755	-49,15252
17680	129,10755	-49,15251	129,10755	-48,49716
17700	129,10755	-48,49715	129,10755	-47,18642
17720	128,45219	-47,18508	129,10754	-47,18642
17740	129,10755	-46,53104	129,10754	-45,22032
17760	129,10754	-45,87567	129,10755	-45,22032
17780	128,45219	-45,22031	129,10754	-44,56495
17800	129,10755	-45,22031	129,10754	-43,90959
17820	129,10755	-44,56494	129,10755	-43,90959
17840	129,10755	-44,56495	129,10754	-43,90959
17860	122,55385	-43,90959	96,99442	-45,8757
17880	66,84742	-54,39545	41,94336	-61,60449
17900	30,80209	-62,25984	32,76818	-58,98301
17920	32,76821	-57,67225	32,11283	-54,39543
17940	32,11283	-52,4293	32,11283	-49,15248
17960	31,45748	-48,4971	32,11284	-45,87564
17980	31,45748	-44,56488	31,45748	-43,90952
18000	31,45749	-42,59878	31,45748	-41,28805
18020	32,11285	-41,28804	31,45748	-39,97732
18040	18,35016	-41,94341	7,2089	-43,25415
18060	7,86425	-43,9095	9,17499	-41,94338
18080	8,51963	-40,63263	8,51962	-40,63263
18100	8,51962	-40,63262	8,51961	-41,94337
18120	8,51961	-44,56484	8,5196	-44,56485
18140	8,51961	-44,56484	9,17497	-44,56485
18160	9,17497	-44,56485	9,17498	-43,25413
18180	8,51962	-43,25412	9,17498	-42,59878
18200	9,17498	-42,59876	9,17753	-41,28804
18220	8,51962	-40,63268	8,51962	-39,97732
18240	8,51963	-39,97731	8,51963	-38,66659
18260	7,86427	-38,66659	8,51963	-38,01124
18280	7,86427	-38,01124	8,51963	-37,35587
18300	8,51963	-38,01123	7,86426	-36,70051
18320	8,51962	-37,35587	7,86426	-36,04515
18340	7,86427	-36,7005	8,51962	-36,70051
18360	7,86426	-37,35588	7,86426	-36,70052
18380	7,86426	-37,35587	8,51962	-36,70052
18400	8,51962	-38,01125	8,51962	-38,01126
18420	8,51962	-38,01126	8,51962	-38,66663
18440	8,51962	-39,32199	9,83034	-39,97737
18460	17,03935	-42,59882	19,00548	-42,59885
18480	19,00549	-43,90959	19,00548	-44,56498
18500	18,35012	-46,53107	19,00548	-47,18645
18520	19,00548	-49,15256	19,00548	-51,11867
18540	19,00548	-54,39552	19,66084	-56,36164
18560	19,66084	-58,32776	19,66084	-59,6385
18580	19,66084	-60,94924	20,3162	-61,60463
18600	19,66084	-62,91535	20,3162	-62,26001
18620	20,3162	-64,2261	20,3162	-63,57074
18640	13,10719	-64,22611	5,24277	-65,53685
18660	5,89813	-66,1922	7,20886	-66,19219
18680	7,86422	-66,19218	7,86421	-65,53682
18700	7,20885	-65,53681	7,20884	-64,22609
18720	7,20884	-64,88144	7,8642	-64,22608
18740	7,8642	-64,88144	7,8642	-64,22608
18760	7,8642	-64,22607	7,8642	-63,57071
18780	7,8642	-64,88143	8,51956	-63,57071
18800	7,8642	-64,22606	8,51956	-63,5707
18820	7,8642	-63,5707	8,51955	-63,57069
18840	8,51955	-64,22605	8,51955	-63,5707
18860	7,86419	-63,57069	7,86418	-63,56908
18880	7,86419	-64,22606	7,86418	-63,5707
18900	7,86419	-63,5707	7,86418	-63,5707
18920	8,51954	-63,5707	8,51954	-63,5707
18940	7,86418	-64,22606	7,86418	-63,5707
18960	7,86418	-63,5707	7,86418	-63,5707
18980	7,86418	-63,5707	7,86418	-63,57071
19000	7,86419	-64,22606	7,86418	-62,91535
19020	8,51955	-64,22607	8,51954	-62,91536
19040	8,51955	-64,22607	8,51955	-63,57072
19060	8,51955	-64,22607	8,51955	-64,22608
19080	8,51955	-64,22608	8,51955	-64,22608
19100	8,51955	-64,22608	8,51955	-64,22608
19120	10,48564	-64,88143	22,28222	-64,22605
19140	23,593	-64,88142	22,28226	-64,22606
19160	22,28225	-64,88141	22,28225	-63,5707
19180	22,28227	-64,22605	22,28226	-64,22606
19200	22,28227	-64,22605	22,28227	-63,57069
19220	22,28227	-64,22605	22,28227	-64,22605
19240	22,28227	-64,88142	22,28226	-64,22606
19260	22,28227	-64,88142	22,28227	-64,22606
19280	22,28228	-65,53679	22,93763	-64,88143
19300	22,93763	-66,19214	23,59298	-65,53679
19320	22,93762	-65,53679	23,59298	-65,53679
19340	23,59298	-66,19215	23,59297	-65,5368
19360	24,24834	-66,19215	24,24833	-65,5368
19380	23,59297	-66,19215	23,59296	-66,19216
19400	23,59297	-66,19215	23,59297	-66,19216
19420	25,55906	-66,84751	36,04492	-68,81359
19440	40,63254	-68,8136	39,32181	-68,15825
19460	38,66645	-68,15824	39,3218	-67,50288
19480	39,32181	-68,15824	39,32181	-67,50288
19500	39,3218	-68,15824	39,3218	-67,50288
19520	38,66644	-68,15824	38,66644	-68,15824
19540	38,66644	-68,8136	38,66643	-68,15825
19560	38,66644	-68,8136	38,66643	-67,50288
19580	39,3218	-68,8136	45,22011	-68,81359
19600	46,53087	-68,81359	45,8755	-68,15823
19620	45,8755	-67,50286	46,53086	-67,50286
19640	45,8755	-68,15822	45,8755	-67,50286
19660	45,8755	-67,50285	45,8755	-67,50286
19680	45,87551	-68,15821	45,8755	-68,15822
19700	45,87551	-68,15822	45,87551	-68,15822
19720	45,87551	-68,81358	45,87551	-68,15823
19740	45,87551	-68,81358	45,8755	-68,81358
19760	45,22015	-69,46894	45,22014	-68,15822
19780	45,22015	-69,46894	45,22014	-68,81358
19800	45,22014	-68,81358	45,22014	-68,15822
19820	45,22014	-69,46894	45,22014	-68,15822
19840	45,22014	-68,81358	45,22014	-68,81358
19860	44,56478	-68,81357	45,22014	-68,81358
19880	45,22014	-68,81358	45,22014	-68,81358
19900	45,22014	-68,81358	45,87549	-68,15822
19920	45,87549	-68,81358	45,87548	-68,81358
19940	45,87548	-68,81357	46,53084	-68,15822
19960	45,87548	-68,81358	46,53083	-68,15822
19980	46,53083	-68,81358	46,53082	-68,15823
20000	46,53082	-69,46895	46,53082	-68,81359
20020	45,87546	-68,81358	46,53082	-68,81359
20040	45,87546	-68,81359	46,53082	-68,15823
20060	46,53082	-68,15822	46,53082	-67,50286
20080	45,87546	-68,15822	46,53082	-67,50286
20100	46,53082	-68,15822	46,53081	-67,50286
20120	46,53082	-67,50286	46,5308	-67,50286
20140	46,53081	-67,50285	46,5308	-67,50286
20160	46,53081	-67,50285	45,87544	-66,84749
20180	45,87544	-66,84749	45,87543	-66,19213
20200	45,87544	-66,19212	46,53079	-66,19212
20220	45,87544	-66,19212	46,53079	-65,53676
20240	46,5308	-65,53675	43,90933	-64,88139
20260	43,25396	-65,53674	43,90932	-65,53674
20280	43,90933	-65,53673	43,90932	-64,88138
20300	43,90932	-65,53672	43,25396	-64,88138
20320	43,25396	-65,53673	43,90932	-64,88137
20340	43,25396	-65,53672	43,25395	-64,22601
20360	43,25396	-64,88137	43,25396	-64,88137
20380	43,25396	-64,88137	43,25396	-64,22601
20400	43,25396	-64,88136	43,25396	-63,57064
20420	43,25396	-64,226	43,25396	-62,91529
20440	43,25397	-63,57064	43,25397	-62,91528
20460	43,25397	-63,57064	43,90933	-62,25993
20480	43,90934	-62,91528	43,90933	-62,25992
20500	43,25398	-62,91529	43,90933	-62,25993
20520	43,25397	-62,91529	43,90933	-62,25993
20540	50,463	-62,91525	53,0845	-61,60454
20560	51,77378	-61,60454	51,1184	-60,29382
20580	51,11842	-60,94917	51,11842	-60,29382
20600	50,46307	-60,29382	50,46307	-60,29383
20620	50,46308	-61,60456	49,80772	-64,22604
20640	50,46308	-69,46898	50,46308	-71,4351
20660	50,46309	-72,74584	50,46309	-72,74586
20680	49,80774	-73,40122	56,36141	-74,05657
20700	60,94906	-74,05657	60,94907	-72,74585
20720	59,63835	-72,74584	59,63835	-70,77975
20740	58,983	-70,77974	58,983	-70,12439
20760	58,98301	-70,12438	58,98301	-69,46901
20780	58,98302	-70,12438	58,32765	-68,81365
20800	58,98302	-68,81364	58,98302	-68,15829
20820	58,98303	-68,15828	58,98303	-67,50291
20840	58,98304	-67,50291	58,98303	-66,84756
20860	58,98304	-67,50291	59,6384	-66,19219
20880	58,98305	-66,84754	59,63841	-66,84754
20900	58,98305	-67,5029	60,29632	-66,84754
20920	66,1921	-68,15824	68,15823	-66,84754
20940	66,84751	-67,50289	67,50285	-66,84754
20960	67,50286	-67,50289	67,50286	-66,84754
20980	68,15822	-67,50289	68,15821	-66,84753
21000	68,81358	-67,50289	68,81358	-66,84754
21020	68,81358	-67,50289	68,81358	-67,5029
21040	69,46894	-68,15826	69,46894	-67,5029
21060	69,46893	-68,15826	70,12429	-68,15826
21080	75,36723	-69,46897	83,23168	-69,46898
21100	85,1978	-70,12434	85,19779	-69,46898
21120	85,19778	-70,12434	85,85313	-69,46898
21140	85,85313	39,32079	85,85312	-69,46898
21160	86,50848	-70,12433	87,16383	-70,12434
21180	87,16383	-70,12433	87,81918	-70,12434
21200	87,81918	-70,7797	87,81917	-70,7797
21220	87,81917	-70,7797	87,81917	-70,12434
21240	88,47453	-71,43506	89,12988	-70,7797
21260	88,47452	-71,43506	89,12988	-70,7797
21280	89,12988	-70,77969	89,12988	-70,7797
21300	89,78523	-71,43506	89,78523	-70,7797
21320	89,78524	-71,43506	89,78523	-70,77971
21340	96,99427	-72,74576	106,16946	-72,74576
21360	107,48023	-73,40113	106,1695	-72,09041
21380	106,82486	-72,74577	107,48022	-71,43504
21400	106,82485	-72,74576	106,82485	-71,43504
21420	106,82486	-71,43504	107,48021	-70,77968
21440	107,48022	-71,43503	106,82485	-70,77968
21460	107,48022	-71,43504	106,82485	-71,43504
21480	106,82485	-71,43503	106,82485	-71,43504
21500	106,82485	-71,43504	106,82484	-71,43505
21520	106,82485	-72,09041	106,82484	-71,43505
21540	107,48021	-72,0904	112,06779	-71,43503
21560	113,37856	-72,09039	112,7232	-71,43504
21580	112,72319	-71,43503	113,37855	-71,43503
21600	112,72319	-71,43502	112,72319	-70,12431
21620	112,06783	-70,77966	112,06783	-70,12431
21640	112,06784	-70,77966	112,7232	-70,77966
21660	112,7232	-70,77967	112,7232	-70,12431
21680	112,06784	-70,77967	112,7232	-70,12431
21700	112,72321	-70,77967	112,06784	-70,12431
21720	112,06785	-70,77967	112,06784	-70,12431
21740	112,06784	-70,77967	112,7232	-70,12431
21760	112,7232	-70,77967	112,72319	-70,77967
21780	112,72319	-70,77967	112,72319	-70,12431
21800	112,72318	-70,77966	112,06782	-70,12431
21820	112,72318	-70,77966	112,72318	-70,77967
21840	110,10171	-70,12431	108,13558	-70,77968
21860	108,13559	-71,43503	108,79095	-70,77966
21880	108,1356	-71,43503	108,13559	-70,77967
21900	108,13559	-70,77966	108,13559	-70,77967
21920	108,1356	-71,43502	108,13559	-70,12431
21940	108,13559	-70,77967	108,13559	-70,77967
21960	108,13559	-70,77967	108,13559	-70,12432
21980	108,13558	-70,77967	108,13558	-70,12431
22000	108,13559	-70,77967	108,13558	-70,12431
22020	108,13559	-70,12431	108,79095	-70,12432
22040	107,48021	-71,43505	93,06209	-72,7458
22060	68,15803	-79,29943	43,90935	-86,50846
22080	23,59296	-90,44065	9,17489	-92,40674
22100	8,51953	-93,0621	9,83027	-91,09601
22120	9,83027	-92,40674	9,83025	-94,37287
22140	9,83025	-96,33898	9,83025	-95,02825
22160	9,83026	-94,37288	9,83025	-95,02826
22180	10,48562	-95,02825	9,83026	-93,06214
22200	9,83025	-92,40677	9,83025	-91,09604
22220	10,48561	-90,44067	9,83025	-89,12994
22240	9,83026	-89,12992	9,83025	-87,8192
22260	9,83025	-87,81919	9,83025	-86,50847
22280	9,83025	-86,50846	9,83024	-85,19774
22300	9,83026	-85,85309	15,07317	-86,50846
22320	19,66075	-86,50846	19,00539	-84,54238
22340	18,35003	-84,54236	19,00539	-83,887
22360	18,35004	-83,23163	18,35003	-82,57627
22380	19,0054	-83,23162	19,00539	-82,57626
22400	19,00539	-82,57626	19,00538	-81,9209
22420	19,00538	-81,9209	19,00537	-81,92089
22440	19,00538	-81,92089	19,00537	-81,26553
22460	19,00537	-81,26552	19,00537	-80,61016
22480	18,35001	-81,26552	19,00537	-80,61016
22500	19,00537	-81,26552	19,00537	-80,61016
22520	19,00537	-81,26553	26,86972	-81,92088
22540	40,63246	-83,88697	44,5647	-83,23163
22560	43,90933	-83,88699	42,5986	-82,57627
22580	43,25397	-83,23162	43,25396	-81,26554
22600	42,59861	-81,92089	42,59861	-80,61018
22620	42,5986	-81,26553	42,5986	-80,61017
22640	42,5986	-80,61016	42,5986	-79,95481
22660	41,94324	-80,61017	42,5986	-79,95481
22680	42,5986	-80,61016	42,59859	-79,95481
22700	41,94323	-81,26552	41,94323	-80,61017
22720	41,94323	-80,61016	41,94322	-80,61017
22740	41,94323	-80,61016	41,94323	-80,61016
22760	41,28787	-81,26552	41,28786	-80,61016
22780	41,28787	-80,61015	41,28787	-79,9548
22800	40,63251	-81,26552	40,63251	-80,61016
22820	43,25397	-80,61015	49,15229	-79,95476
22840	47,8416	-79,95477	47,84159	-79,29942
22860	47,18623	-79,95477	47,18623	-79,29941
22880	47,18623	-79,95477	46,53088	-78,64405
22900	46,53088	-79,95477	46,53088	-79,29941
22920	45,87552	-79,95477	45,87552	-79,29941
22940	45,87552	-79,95477	45,22016	-79,29942
22960	44,5648	-79,95477	44,5648	-79,29942
22980	44,5648	-79,95478	43,90944	-79,29942
23000	43,90945	-79,95478	43,90944	-79,29942
23020	43,90944	-79,95479	47,84164	-80,61015
23040	51,11851	-81,2655	50,46315	-81,26551
23060	50,46315	-81,26551	50,46314	-80,61015
23080	50,46314	-81,26551	49,80778	-80,61015
23100	49,80779	-80,61015	49,15242	-80,61015
23120	49,15243	-81,26552	49,15242	-80,61017
23140	49,15243	-81,92089	49,80779	-81,26553
23160	49,15244	-82,57626	49,80779	-81,9209
23180	49,8078	-82,57627	49,80779	-82,57628
23200	49,80779	-83,23164	50,46315	-83,23166
23220	50,46315	-83,88702	57,01681	-83,88701
23240	69,46887	-85,19773	74,05647	-85,19775
23260	72,74575	-85,19776	72,74574	-83,23168
23280	73,4011	-83,88704	73,4011	-83,23168
23300	74,05646	-82,57632	74,05646	-81,92096
23320	74,05647	-81,92097	75,36718	-81,26562
23340	74,71183	-81,26562	75,36719	-81,26563
23360	76,02256	-81,921	76,02256	-81,26565
23380	76,67793	-81,26566	77,3333	-80,61031
23400	77,33331	-81,26567	77,98868	-80,61033
23420	77,98869	-81,26569	78,64406	-80,61035
23440	79,29943	-80,61036	79,9548	-79,95502
23460	79,95481	-80,61038	80,61018	-79,95503
23480	80,6102	-80,6104	81,26557	-79,29969
23500	81,26558	-80,61042	81,26559	-79,2997
23520	81,2656	-79,95507	81,26561	-79,29972
23540	81,26562	-79,95507	81,26562	-79,29972
23560	81,26563	-79,95509	81,92099	-79,29973
23580	81,921	-79,95508	81,921	-79,29973
23600	81,92101	-79,29972	81,92101	-79,29973
23620	82,57638	-79,95509	82,57637	-79,29974
23640	82,57637	-79,9551	83,23172	-79,29974
23660	82,57636	-79,9551	83,23172	-79,29974
23680	83,23172	-79,9551	86,50855	-79,9551
23700	91,75152	-81,26582	92,40691	-80,61047
23720	91,75154	-80,61047	92,4069	-79,95511
23740	92,40691	-79,95511	92,4069	-80,61047
23760	92,40691	-80,61047	92,4069	-79,95512
23780	92,4069	-80,61047	92,4069	-79,95513
23800	92,4069	-81,26584	92,4069	-80,61048
23820	92,4069	-81,26584	92,4069	-80,61049
23840	92,4069	-81,26584	93,06225	-80,61049
23860	93,06226	-81,26585	93,06225	-81,26585
23880	93,06226	-81,26585	95,02834	-81,26586
23900	105,51425	-83,23192	111,4126	-82,57657
23920	110,75725	-83,23194	110,10188	-81,92121
23940	110,10188	-82,57656	110,75723	-81,92121
23960	110,75724	-81,92121	110,75724	-81,92121
23980	110,75724	-82,57657	110,75724	-82,57658
24000	110,75724	-82,57659	110,75724	-82,57659
24020	110,75724	-83,23194	110,75724	-82,57659
24040	110,75724	-83,23195	110,75724	-82,5766
24060	110,75724	-83,23196	110,75724	-83,23196
24080	110,75725	-83,88732	110,75724	-83,23197
24100	110,75724	-85,19806	110,75724	-85,19806
24120	110,10188	-85,19806	110,10189	-84,5427
24140	110,10188	-85,19806	110,10188	-84,5427
24160	109,44653	-85,19805	110,10188	-85,19805
24180	109,44652	-85,19805	109,44651	-84,54269
24200	109,44652	-85,19804	109,44651	-85,19804
24220	108,79115	-86,50876	109,4465	-86,50878
24240	109,44649	-87,16413	109,44648	-87,8195
24260	109,44648	-88,47487	109,44646	-89,13025
24280	109,44646	-93,06242	110,10186	-98,30538
24300	109,44662	-114,68988	114,68974	-163,1879
24320	119,27754	-258,2161	123,20958	-294,2609
24340	121,89864	-294,91626	113,37877	-294,2609
24360	100,27136	-294,91626	87,81948	-265,42499
24380	78,64438	-235,27798	74,05674	-205,13095
24400	72,09061	-178,26073	70,77985	-154,6674
24420	70,12446	-136,97238	68,8137	-122,55424
24440	68,1583	-112,72366	68,15826	-105,51457
24460	67,50287	-98,96085	67,50284	-92,40715
24480	66,84747	-88,4749	66,84745	-85,85341
24500	66,84744	-85,198	66,19207	-81,92116
24520	66,19206	-81,26577	65,53669	-79,95503
24540	65,53669	-79,29965	60,29375	-78,64429
24560	50,46321	-79,95501	47,84171	-79,955
24580	48,49708	-78,64424	47,84173	-77,3335
24600	47,84172	-76,67812	47,84171	-74,71202
24620	47,84172	-74,712	47,84172	-72,74591
24640	47,84172	-73,40126	47,84172	-72,7459
24660	47,18636	-72,74589	47,84172	-72,09052
24680	47,18636	-72,09052	47,84172	-71,43517
24700	47,84172	-72,74588	48,49708	-72,09052
24720	47,84172	-72,74588	47,84171	-72,09053
24740	47,84172	-72,74588	47,84172	-72,09052
24760	47,84172	-72,74587	47,84172	-71,43516
24780	47,84172	-72,74588	47,84171	-72,09052
24800	47,84172	-72,74588	47,84172	-72,74588
24820	47,18636	-73,40124	47,84171	-73,40125
24840	47,84171	-73,40124	48,49706	-73,40125
24860	48,49706	-74,05661	48,49706	-74,05661
24880	48,49705	-74,71197	48,49704	-74,71198
24900	48,49705	-75,36734	49,1524	-74,71198
24920	48,49704	-75,36734	48,49703	-75,36734
24940	48,49704	-76,0227	48,49703	-75,36735
24960	48,49703	-76,0227	49,15239	-76,0227
24980	48,49703	-76,67806	45,87556	-76,02272
25000	28,18068	-80,61025	17,6948	-81,92097
25020	19,00551	-81,92096	19,00553	-80,61022
25040	19,00553	-79,95485	19,00552	-79,2995
25060	19,00552	-79,95485	19,00552	-79,95487
25080	19,00552	-80,61023	19,00551	-79,95487
25100	19,00552	-80,61023	19,66087	-79,95487
25120	19,00551	-80,61023	19,00551	-79,29951
25140	19,00551	-79,95486	19,66087	-79,29951
25160	19,66087	-79,2995	19,0055	-78,64414
25180	19,66087	-78,64413	19,66086	-77,987
25200	19,66087	-78,64413	19,66086	-77,33342
25220	19,66087	-77,98877	19,66086	-77,33341
25240	19,66087	-77,98877	19,66087	-77,33341
25260	19,66087	-77,33341	19,66087	-77,33342
25280	19,66087	-77,98877	19,66087	-77,33341
25300	20,31624	-77,98876	20,31623	-76,67805
25320	20,31624	-77,98877	20,31624	-76,67805
25340	20,31624	-77,33342	20,31624	-76,67806
25360	20,31624	-77,98877	19,66088	-76,67806
25380	19,66088	-77,33341	20,31624	-76,67805
25400	19,66089	-77,33342	17,6948	-76,0227
25420	13,76259	-76,67805	14,41795	-76,67804
25440	14,41796	-76,67804	15,07332	-76,67804
25460	15,07332	-77,33341	15,07332	-76,67805
25480	15,07332	-77,33341	15,72868	-76,67805
25500	15,72867	-77,33341	16,38403	-77,33341
25520	16,38403	-77,33341	16,38402	-77,33341
25540	16,38402	-77,98877	15,72866	-76,67805
25560	16,38402	-77,33341	16,38402	-76,67806
25580	16,38402	-77,33341	16,38402	-77,33342
25600	16,38402	-77,33342	16,38402	-76,67806
25620	16,38403	-77,98878	17,03938	-77,33343
25640	16,38402	-77,98879	23,59301	-79,29951
25660	48,49692	-81,92094	59,63827	-81,92098
25680	58,98292	-82,57634	57,01681	-80,61026
25700	57,01682	-81,26561	57,01681	-79,9549
25720	57,01681	-80,61025	57,01681	-79,29954
25740	57,01681	-79,9549	57,0168	-79,29954
25760	57,0168	-79,9549	57,0168	-79,29955
25780	57,0168	-79,29954	57,0168	-78,64419
25800	57,0168	-79,29955	57,67216	-79,29955
25820	57,0168	-79,95491	57,67216	-79,29956
25840	57,67215	-79,95492	57,67215	-79,95492
25860	52,42922	-79,95493	49,15236	-80,61031
25880	49,80773	-81,26566	49,80774	-81,26565
25900	49,80774	-81,26565	50,4631	-80,61029
25920	49,80774	-81,26565	49,81029	-80,61029
25940	49,80774	-80,61029	50,4631	-80,61029
25960	49,80774	-81,26566	49,80774	-80,6103
25980	50,46311	-81,26566	49,80774	-80,6103
26000	49,80775	-81,26566	49,80775	-80,6103
26020	49,15239	-81,26565	49,80775	-80,6103
26040	49,80776	-81,26565	49,80775	-80,6103
26060	49,1524	-81,26566	49,80776	-80,6103
26080	49,80776	-81,26566	49,80776	-81,26566
26100	49,1524	-81,26566	49,80776	-81,26566
26120	49,80776	-81,92102	49,80775	-81,26567
26140	49,80775	-81,92102	50,46311	-81,26567
26160	49,80775	-81,92103	49,80774	-81,26567
26180	50,4631	-81,92102	49,80774	-81,26566
26200	50,46311	-81,92102	49,80774	-81,92103
26220	46,53091	-81,26567	45,22016	-81,92104
26240	45,87554	-82,57638	45,87553	-81,92103
26260	46,5309	-81,92102	46,53089	-81,92103
26280	45,87554	-82,57638	45,87554	-81,26567
26300	45,87554	-81,92102	45,87554	-80,61029
26320	45,87554	-81,26566	45,87554	-81,26567
26340	45,87554	-81,26566	45,87554	-81,26567
26360	45,87554	-81,26566	45,87554	-81,26566
26380	45,87554	-81,26566	45,87554	-80,6103
26400	45,87554	-81,26565	45,87553	-81,26566
26420	45,87554	-81,26565	45,87553	-80,61029
26440	45,87554	-80,61029	45,87553	-80,61029
26460	45,87554	-81,26565	45,87554	-80,61029
26480	45,87554	-80,61028	45,87553	-79,95493
26500	46,5309	-80,61028	46,53089	-79,95493
26520	45,87554	-80,61029	45,87553	-79,95493
26540	46,5309	-80,61029	46,5309	-79,29957
26560	46,5309	-80,61029	46,5309	-79,29957
26580	46,5309	-79,95492	46,5309	-79,29957
26600	46,5309	-80,61029	46,5309	-79,29957
26620	46,5309	-79,95493	46,5309	-79,29957
26640	46,5309	-79,95493	46,5309	-79,29957
26660	46,5309	-79,95493	46,5309	-79,29957
26680	46,5309	-79,95493	46,53091	-79,29957
26700	46,5309	-79,29957	46,53091	-79,29957
26720	46,53091	-79,95492	46,53091	-79,29956
26740	46,53091	-79,95492	47,18627	-79,29957
26760	47,18627	-79,95493	47,18627	-79,29956
26780	47,18626	-79,95493	47,84162	-79,95493
26800	47,18625	-80,61029	47,84161	-79,29956
26820	47,84161	-79,95492	47,18624	-79,29957
26840	47,8416	-79,95492	47,8416	-79,29957
26860	47,8416	-79,95492	47,8416	-79,29957
26880	47,8416	-79,95493	47,84159	-79,95493
26900	47,8416	-79,95492	47,18623	-79,29957
26920	47,8416	-79,95492	47,18624	-79,29957
26940	47,18624	-79,95492	47,84159	-79,29957
26960	47,18623	-79,95493	47,18622	-79,29958
26980	47,18623	-79,95493	47,18622	-79,95494
27000	46,52976	-79,95493	46,53085	-79,95494
27020	46,53086	-80,6103	46,53086	-79,95494
27040	46,53086	-80,6103	47,18622	-79,95494
27060	46,53086	-80,6103	46,53086	-79,95495
27080	47,18622	-80,6103	46,53086	-79,29959
27100	47,18622	-80,61031	50,46304	-79,95493
27120	54,39526	-80,61029	52,42918	-79,95494
27140	52,42918	-80,61029	52,42917	-79,95494
27160	52,42918	-80,6103	52,42917	-79,95494
27180	51,77382	-79,95493	51,77382	-79,29957
27200	51,77382	-79,95493	51,77382	-79,95494
27220	51,77382	-80,6103	51,11846	-79,95494
27240	51,77382	-80,6103	51,77382	-79,95494
27260	51,11846	-80,6103	51,77382	-80,61031
27280	51,11846	-81,26567	51,77382	-80,61031
27300	51,11846	-80,61031	51,11846	-80,61032
27320	51,11847	-81,26567	51,77382	-80,61031
27340	51,11847	-81,92104	51,11846	-81,26567
27360	51,11847	-81,92104	51,11846	-81,92104
27380	51,11847	-81,92104	51,11846	-81,92104
27400	51,11846	-83,23176	54,39527	-83,23177
27420	59,63823	-84,54248	59,63824	-83,23177
27440	58,98288	-83,23177	58,98287	-82,57641
27460	58,98287	-83,23176	58,98287	-82,5764
27480	58,32751	-82,5764	58,32751	-81,92105
27500	58,98287	-82,57641	58,98287	-81,92104
27520	58,32751	-83,23176	58,98286	-82,57641
27540	58,32751	-83,23176	58,98287	-81,92104
27560	58,32751	-82,57639	58,32751	-81,92104
27580	58,32751	-81,92103	58,32751	-81,92104
27600	58,32751	-81,92104	58,32751	-81,92104
27620	58,32751	-82,57641	57,67214	-81,92105
27640	59,63824	-83,23176	70,12412	-82,57638
27660	76,67786	-82,57637	76,02251	-81,92102
27680	74,71178	-81,92101	75,36713	-80,61029
27700	75,36714	-80,61029	75,36713	-79,95493
27720	75,36713	-79,95492	75,36713	-79,29956
27740	74,71177	-79,29956	75,36713	-79,29956
27760	75,36713	-79,95492	75,36713	-79,29956
27780	74,71177	-79,95492	74,71177	-79,29956
27800	74,71177	-79,95492	75,36713	-79,29957
27820	75,36714	-79,95492	74,71177	-79,29957
27840	74,71178	-79,95492	75,36713	-79,95493
27860	74,71178	-80,61028	75,36713	-79,95493
27880	74,71177	-80,61029	74,71177	-80,61029
27900	74,71177	-81,26565	74,71177	-80,6103
27920	74,05641	-81,26565	74,71177	-81,26566
27940	74,05641	-81,26566	74,05641	-80,6103
27960	74,05641	-81,26566	74,05641	-80,6103
27980	74,05641	-81,26566	74,05641	-81,26567
28000	73,40105	-81,26566	74,05641	-80,61031
28020	74,05641	-81,26566	73,40104	-81,92103
28040	68,15808	-83,88714	66,19196	-84,54252
28060	67,50269	-85,19786	67,50269	-84,5425
28080	67,50269	-84,54249	67,50268	-83,88714
28100	67,50268	-83,88712	67,50268	-83,88713
28120	66,84732	-83,88712	67,50267	-83,23177
28140	66,84732	-83,88712	67,50267	-83,23176
28160	66,84732	-83,23175	67,50267	-82,57639
28180	66,84731	-83,23176	67,50266	-83,23176
28200	66,8473	-83,23176	66,84729	-82,5764
28220	66,84729	-83,23175	66,84729	-82,5764
28240	66,19193	-83,23175	66,19192	-82,5764
28260	66,19193	-83,23176	66,84728	-82,5764
28280	66,19192	-82,57639	66,19191	-82,5764
28300	66,19192	-83,23176	66,19192	-82,5764
28320	66,19192	-83,23176	66,19191	-82,5764
28340	66,19191	-83,23176	66,1919	-82,5764
28360	66,19191	-82,5764	66,19191	-81,92104
28380	66,19191	-82,5764	66,19191	-82,5764
28400	66,19191	-82,5764	66,19191	-81,92104
28420	65,53655	-82,57639	66,19191	-82,5764
28440	66,19191	-82,5764	66,19191	-82,57641
28460	65,53655	-83,23176	66,19191	-82,5764
28480	65,53655	-82,5764	65,53655	-81,92105
28500	65,53655	-83,23176	65,53655	-82,57641
28520	65,53655	-82,5764	65,53655	-81,92105
28540	64,88118	-82,5764	64,88118	-81,92104
28560	64,88119	-82,57639	65,53655	-81,26567
28580	64,88119	-81,92103	65,53655	-81,26567
28600	64,8812	-81,26566	64,8812	-80,6103
28620	64,8812	-80,6103	65,53656	-80,61031
28640	64,8812	-81,26566	64,8812	-79,95494
28660	64,8812	-80,6103	64,88119	-80,6103
28680	64,88119	-81,26566	66,1919	-80,61031
28700	75,36704	-80,61026	80,61004	-79,29953
28720	79,95468	-79,9549	78,64394	-78,64418
28740	79,2993	-78,64417	79,29929	-77,98882
28760	79,2993	-77,98881	79,29929	-77,33345
28780	79,29929	-77,33345	79,29929	-76,67809
28800	79,29929	-77,33344	79,29929	-77,33345
28820	79,29929	-77,98882	79,29929	-76,67809
28840	79,29929	-77,33345	79,29928	-76,67809
28860	79,29928	-77,33345	79,29928	-76,6781
28880	79,29928	-77,33346	79,29928	-76,6781
28900	78,64392	-77,33346	78,64391	-76,67811
28920	78,64392	-77,98883	78,64391	-77,33348
28940	78,64391	-77,98883	78,64391	-77,33348
28960	78,64391	-77,98883	78,6439	-77,33348
28980	77,98855	-77,33347	78,6439	-77,33348
29000	77,98855	-77,33348	77,98855	-76,67812
29020	77,98855	-77,33348	78,64391	-77,33348
29040	78,6439	-77,98884	78,6439	-77,33349
29060	82,5761	-77,98883	91,75128	-77,98882
29080	93,71742	-78,64419	91,75133	-77,33348
29100	91,75133	-77,98883	91,75132	-77,98884
29120	91,09597	-77,98884	91,09596	-77,33348
29140	91,75133	-77,98884	91,09596	-77,98884
29160	91,09596	-78,64421	91,09596	-78,64421
29180	91,09596	-79,29957	91,09596	-78,64421
29200	91,09597	-78,6442	91,09596	-77,98886
29220	92,40669	-78,64421	98,30502	-79,29955
29240	100,27116	-79,29956	99,6158	-78,64421
29260	99,61579	-79,29957	99,61579	-79,29958
29280	99,61579	-79,29957	99,61578	-78,64421
29300	99,61579	-79,95493	99,61579	-79,29958
29320	99,61579	-79,95494	99,61579	-79,95494
29340	99,61579	-80,6103	100,27114	-79,95495
29360	100,27114	-80,6103	100,27113	-79,95495
29380	100,27113	-81,26567	100,27112	-80,61031
29400	100,27113	-81,26567	100,27113	-80,61032
29420	100,27113	-81,26567	100,27112	-80,61032
29440	100,27113	-81,26567	99,61576	-81,26568
29460	100,27112	-81,92104	100,27112	-81,26568
29480	100,27113	-81,26568	99,61576	-81,26569
29500	99,61576	-81,92104	99,61576	-81,92105
29520	99,61576	-82,57641	99,61576	-81,92105
29540	99,61576	-82,57641	98,96039	-81,92105
29560	99,61576	-83,23178	98,96039	-83,2318
29580	86,50839	-85,19789	68,81341	-87,81935
29600	64,88117	-89,13006	66,19193	-87,16396
29620	66,8473	-86,50858	66,19193	-85,19786
29640	66,19193	-84,54249	66,19193	-83,88712
29660	66,19193	-83,88711	66,19193	-82,5764
29680	66,19193	-83,23175	66,19193	-82,57639
29700	66,19193	-83,23175	66,19192	-82,57639
29720	66,19193	-83,23175	66,19193	-82,57639
29740	66,19193	-82,57639	66,19194	-81,92103
29760	65,53658	-81,92102	65,53658	-81,26566
29780	65,53658	-81,26565	65,53658	-80,61029
29800	65,53658	-81,26565	65,53658	-80,61029
29820	65,53659	-80,61029	64,88122	-80,6103
29840	64,88122	-81,26566	64,88123	-80,6103
29860	64,88123	-81,92102	57,01683	-83,23176
29880	49,15239	-85,85322	48,49701	-85,19786
29900	49,15239	-85,19784	48,49703	-84,54248
29920	48,49703	-84,54248	48,49703	-83,88712
29940	48,49703	-83,88711	48,49703	-83,23175
29960	48,49704	-83,8871	48,49703	-82,57639
29980	48,49704	-83,23174	48,49704	-82,57638
30000	47,84168	-83,23174	48,49704	-81,92103
30020	48,49704	-82,57638	49,15239	-82,57638
30040	48,49703	-82,57638	48,49702	-81,92102
30060	48,49702	-82,57637	48,49701	-81,92102
30080	49,15238	-82,57637	48,49701	-81,26565
30100	48,49701	-81,92101	48,49701	-81,26565
30120	48,49701	-81,92101	48,49701	-80,61029
30140	48,49701	-81,92101	48,49701	-81,26565
30160	48,49701	-81,92101	48,49701	-81,92102
30180	48,49701	-82,57639	48,497	-84,54248
30200	48,497	-87,16396	49,15236	-89,13007
30220	49,15236	-94,373	49,80771	-103,54817
30240	52,42926	-119,2771	54,39559	-163,18702
30260	66,84782	-281,8089	107,4804	-294,2609
30280	131,72867	-294,91626	139,59298	-294,2609
30300	138,9376	-294,91626	127,14097	-294,2609
30320	112,72286	-294,91626	95,02799	-294,2609
30340	79,95471	-294,91617	70,12431	-283,77462
30360	64,22596	-254,28298	59,63838	-227,41282
30380	57,0169	-206,44099	56,36151	-186,77991
30400	55,70612	-170,39568	55,05072	-155,97758
30420	53,73997	-144,83632	53,73994	-136,97191
30440	53,08457	-131,07357	53,08455	-125,17526
30460	52,42918	-121,24304	51,77381	-117,31083
30480	51,77381	-114,68936	51,7738	-111,41253
30500	51,11844	-110,10177	51,11843	-107,48031
30520	51,11844	-106,16957	51,11843	-104,20347
30540	51,11843	-103,54809	51,11843	-102,23736
30560	46,53087	-100,92662	36,045	-100,27126
30580	34,07889	-100,92661	35,38963	-98,9605
30600	35,38963	-97,64976	35,38963	-96,33903
30620	35,38963	-95,68365	35,38963	-93,71756
30640	35,38963	-93,71754	35,38963	-91,75145
30660	35,38963	-91,75144	35,38962	-91,09607
30680	35,38962	-91,09607	35,38961	-89,78534
30700	36,04497	-89,78533	36,04496	-89,12997
30720	36,04497	-89,12996	36,04496	-88,4746
30740	36,04496	-87,81923	36,04495	-87,16386
30760	36,04496	-87,81923	36,04496	-87,16387
30780	36,04496	-87,16386	36,04496	-87,16387
30800	36,04496	-87,16387	35,3896	-85,85315
30820	35,38961	-86,50851	36,04497	-85,85315
30840	35,38961	-86,50851	35,38961	-85,85315
30860	35,38962	-86,50852	35,38961	-85,85316
30880	35,38961	-85,85316	46,53081	-85,85315
30900	56,36137	-86,50849	56,3614	-85,19779
30920	55,05066	-84,54243	55,70601	-83,23171
30940	55,05066	-83,88707	55,70601	-82,57635
30960	55,05066	-82,57634	55,70601	-81,26563
30980	55,05064	-81,26562	54,39528	-81,26563
31000	54,39528	-81,26563	54,39526	-79,9549
31020	54,39526	-80,61026	54,39525	-79,9549
31040	54,39525	-79,95489	53,73989	-78,64417
31060	53,08452	-78,64416	53,08451	-77,9888
31080	52,42915	-78,64416	52,42914	-77,33343
31100	51,77378	-77,33342	51,77377	-76,67805
31120	51,11842	-77,3334	50,46305	-76,02267
31140	50,46305	-76,02267	50,46304	-75,36731
31160	49,80768	-76,02266	49,15232	-75,3673
31180	49,15232	-75,36729	48,49696	-74,05656
31200	47,8416	-74,71192	47,8416	-74,05656
31220	47,8416	-74,71192	47,8416	-73,40119
31240	47,18624	-74,71191	47,18623	-73,40119
31260	46,53087	-74,05653	45,87549	-74,05654
31280	45,22013	-74,05652	45,22012	-74,05652
31300	44,56475	-74,05651	44,56473	-74,05651
31320	43,90936	-74,0565	43,90935	-73,40114
31340	42,59862	-74,05649	42,5986	-73,40113
31360	41,94323	-74,05648	41,28786	-73,40112
31380	41,28786	-73,40111	45,22005	-73,40109
31400	51,77376	-74,7118	51,77379	-73,40109
31420	50,46305	-73,40108	50,46304	-72,74572
31440	50,46304	-73,40108	49,80768	-72,74572
31460	49,15232	-72,74571	49,15231	-72,09035
31480	49,15232	-72,74571	49,15231	-72,09035
31500	48,49695	-72,7457	48,49695	-72,09035
31520	47,84159	-72,7457	47,84159	-72,74571
31540	47,84159	-73,40106	47,84158	-72,09034
31560	47,18622	-73,40106	47,18622	-72,7457
31580	47,18622	-73,40106	47,1862	-72,74571
31600	47,18621	-73,40106	47,18621	-74,05643
31620	45,2201	-74,71179	26,21446	-76,67791
31640	1,31052	-82,57618	-5,89855	-83,23155
31660	-3,93244	-82,57616	-3,93243	-81,26544
31680	-4,5878	-81,9208	-3,93245	-81,26544
31700	-3,93244	-81,92079	-3,93244	-80,61008
31720	-3,93244	-81,26544	-3,93244	-79,95472
31740	-3,93244	-80,61008	-3,93244	-79,95473
31760	-3,93243	-79,95472	-3,93244	-79,29936
31780	-3,93243	-79,95472	-3,93244	-79,29937
31800	-4,58779	-79,29936	-3,93243	-78,644
31820	-3,93243	-79,29936	-4,5878	-79,29936
31840	-4,58779	-79,29936	-4,5878	-78,64401
31860	-3,93244	-79,29936	-4,5878	-78,644
31880	-4,5878	-78,64399	-4,5878	-77,98863
31900	-4,5878	-78,64399	-4,5878	-77,98864
31920	-4,5878	-78,644	-4,58781	-78,644
31940	-4,58781	-79,29936	1,31046	-78,64398
31960	22,93755	-78,64392	30,802	-77,98858
31980	28,18054	-77,98858	27,52515	-76,67786
32000	27,52515	-76,67784	27,52515	-75,36713
32020	27,52515	-76,02248	27,52514	-75,36712
32040	27,52514	-75,36711	28,1805	-74,71176
32060	27,52514	-75,36712	28,18049	-74,71176
32080	28,1805	-74,71176	28,1805	-74,71176
32100	28,1805	-75,36712	28,18049	-74,71176
32120	28,18049	-74,71176	28,18048	-74,71177
32140	28,18049	-74,71175	28,18048	-74,71177
32160	28,18048	-75,36713	28,18048	-74,71177
32180	27,52512	-75,36713	27,52512	-75,36714
32200	27,52512	-75,36714	27,52512	-75,36714
32220	27,52512	-76,02251	28,18048	-75,36716
32240	27,52512	-76,02251	27,52512	-74,71178
32260	27,52512	-75,36714	27,52512	-75,36715
32280	27,52512	-74,71178	27,52512	-74,05642
32300	27,52512	-75,36714	27,52512	-74,71178
32320	26,86976	-74,71178	27,52512	-74,71178
32340	26,86976	-74,71178	27,52512	-74,05642
32360	26,86977	-74,0564	26,86976	-73,40105
32380	26,86977	-74,0564	26,86976	-73,40105
32400	26,86977	-72,74568	26,86977	-72,74568
32420	26,21441	-73,40104	26,21441	-72,74569
32440	26,21442	-73,40104	26,21441	-72,74569
32460	37,35563	-74,71175	51,11841	-74,05638
32480	51,77384	-74,05641	49,80773	-72,09032
32500	49,15236	-72,09031	49,80773	-70,77959
32520	49,15238	-70,12421	49,15238	-68,81349
32540	49,15238	-69,46884	49,15237	-68,81348
32560	49,15238	-68,15812	49,15237	-67,50276
32580	49,15238	-68,15811	49,15238	-66,8474
32600	49,15238	-67,50275	49,80773	-66,8474
32620	49,80773	-67,50275	49,80772	-67,50275
32640	49,80772	-68,15811	49,80771	-67,50275
32660	49,80771	-67,50275	49,80771	-67,50275
32680	49,80771	-68,15811	49,8077	-67,50276
32700	49,8077	-68,15811	49,8077	-67,50276
32720	49,15234	-68,15811	49,8077	-68,15812
32740	49,8077	-68,81348	49,8077	-68,15812
32760	49,8077	-68,15812	49,8077	-68,15812
32780	49,8077	-68,81348	49,8077	-68,81348
32800	49,8077	-69,46885	56,36136	-68,81346
32820	60,29364	-69,46882	59,63828	-68,81347
32840	59,63826	-68,81348	59,63826	-68,15812
32860	60,29362	-68,81349	60,29362	-68,81349
32880	60,29363	-69,46884	60,29362	-68,8135
32900	60,29362	-69,46885	60,29362	-68,8135
32920	60,29363	-69,46885	60,29362	-68,8135
32940	60,29362	-69,46885	60,29362	-68,81349
32960	60,29363	-69,46885	60,29362	-68,8135
32980	60,29362	-70,12422	60,94898	-69,46886
33000	60,29362	-70,12422	60,29362	-68,8135
33020	60,29362	-70,12423	60,29362	-69,46887
33040	60,29362	-70,12423	60,29362	-69,46887
33060	68,15803	-70,1242	79,29935	-69,46882
33080	80,61014	-69,46882	78,64403	-68,15811
33100	77,98867	-67,50274	78,64403	-66,19201
33120	78,64404	-66,19201	78,64403	-64,88128
33140	77,98867	-64,22591	77,98868	-63,57055
33160	77,98868	-63,57054	77,98868	-62,25982
33180	77,98869	-62,25981	77,98868	-62,25982
33200	77,98868	-62,25981	77,33332	-62,25981
33220	77,33333	-62,25981	77,33332	-61,60445
33240	77,33332	-62,2598	77,33332	-61,60445
33260	77,33332	-62,2598	77,98867	-61,60444
33280	77,98867	-62,2598	77,98866	-61,60443
33300	77,98867	-61,60443	77,98866	-61,60443
33320	77,98866	-62,25979	77,98865	-61,60443
33340	77,33329	-61,60443	77,98865	-61,60444
33360	81,92086	-62,91515	88,47456	-62,91515
33380	88,47459	-63,57051	87,16385	-62,2598
33400	87,16385	-63,57052	87,16385	-62,91517
33420	87,81922	-63,57053	87,16385	-62,91518
33440	87,16386	-63,57054	87,81922	-63,57055
33460	87,81921	-64,22591	87,81922	-63,57056
33480	87,16386	-64,88128	87,16385	-64,22593
33500	87,16385	-64,8813	91,09606	-64,88129
33520	98,9605	-66,192	100,27126	-65,53665
33540	99,6159	-65,53665	99,61589	-64,8813
33560	99,61589	-65,53666	99,61589	-64,8813
33580	98,96053	-64,8813	99,61589	-64,22595
33600	98,96053	-64,8813	99,61589	-64,88131
33620	98,96053	-64,88131	98,96053	-64,22595
33640	98,96053	-65,53667	98,96053	-64,88132
33660	98,96053	-64,88131	98,96053	-64,88131
33680	98,96053	-64,88131	98,96053	-64,88132
33700	98,96053	-65,53668	98,30517	-64,88132
33720	98,30517	-65,53667	98,96052	-64,88132
33740	98,96053	-65,53667	98,30516	-64,88131
33760	98,30516	-64,88131	98,30517	-64,88131
33780	101,582	-64,88129	115,34476	-64,88127
33800	121,89852	-64,88126	121,24317	-64,22591
33820	119,93243	-63,57054	120,58778	-62,91518
33840	120,58779	-62,91518	119,93243	-61,60445
33860	119,93244	-61,60444	119,93243	-60,29372
33880	119,93243	-60,94908	119,93243	-59,63835
33900	119,93243	-59,63835	119,93242	-59,63835
33920	119,93242	-59,63834	119,93241	-58,98299
33940	119,93241	-59,63834	119,9324	-58,32762
33960	119,93241	-58,98297	119,9324	-58,32761
33980	119,9324	-58,98297	119,9324	-57,67225
34000	119,9324	-58,3276	119,9324	-58,32761
34020	118,62165	-58,98298	117,9663	-58,32761
34040	117,9663	-58,98296	117,9663	-57,67224
34060	117,9663	-58,32759	117,96629	-57,67224
34080	117,31094	-57,67223	117,31093	-57,01687
34100	117,31093	-57,67223	117,31093	-57,01687
34120	117,31093	-57,67223	117,31092	-57,67223
34140	117,31093	-57,67223	116,65557	-57,67223
34160	117,31093	-58,3276	117,31093	-57,67224
34180	117,31093	-57,67223	117,31093	-57,01687
34200	116,65557	-57,01687	117,31093	-56,36151
34220	117,31093	-57,01686	117,31092	-56,36151
34240	120,58777	-57,67221	122,5539	-56,36148
34260	121,89854	-56,36148	121,89853	-55,70613
34280	121,24317	-57,01684	121,89853	-56,36149
34300	121,24317	-57,01684	121,24317	-56,36149
34320	121,24317	-57,01684	121,24317	-56,36149
34340	120,5878	-57,01684	121,24316	-56,36149
34360	121,24316	-56,36149	121,24316	-57,01685
34380	121,24316	-57,01685	121,24316	-57,01684
34400	121,24317	-57,01685	121,24316	-56,36149
34420	121,24316	-57,01685	121,24316	-57,01686
34440	121,89854	-57,67222	125,83076	-57,67221
34460	125,83079	-57,67221	125,83077	-57,01685
34480	125,17542	-57,67222	125,83077	-57,67223
34500	125,83078	-58,32759	125,83077	-57,67224
34520	126,48613	-58,3276	125,83076	-58,3276
34540	126,48612	-58,3276	126,48612	-57,67225
34560	126,48612	-58,32761	126,48612	-57,67225
34580	126,48612	-58,3276	126,48611	-57,01689
34600	126,48612	-57,67224	125,83075	-57,01689
34620	126,48611	-57,01687	126,48611	-57,01688
34640	126,48612	-57,01687	125,83075	-56,36151
34660	126,48612	-56,3615	126,48612	-55,05078
34680	125,83076	-55,05077	125,83075	-54,3954
34700	125,17539	-55,05076	125,83075	-53,74003
34720	125,17538	-55,05074	125,17537	-53,08465
34740	124,52001	-53,08464	124,52001	-52,42928
34760	123,20927	-50,46316	116,00021	-46,53095
34780	114,0341	-47,84166	114,68946	-45,87557
34800	114,03411	-45,22019	114,03409	-43,90946
34820	113,37873	-43,25409	113,37873	-42,59873
34840	113,37873	-41,94335	114,03409	-41,28799
34860	113,37873	-41,28799	114,03409	-41,28799
34880	114,03409	-41,94335	114,03408	-40,63264
34900	114,68945	-41,94336	114,68945	-40,63263
34920	114,68945	-41,288	114,03409	-41,288
34940	104,20355	-44,56483	88,47466	-48,49704
34960	81,92095	-50,46314	83,23169	-47,84167
34980	83,23171	-47,1863	83,2317	-47,18632
35000	83,2317	-47,84168	83,88706	-47,18632
35020	83,88707	-47,18632	83,88708	-47,18633
35040	83,88708	-47,18633	84,54244	-46,53097
35060	84,54244	-47,18633	84,54244	-46,53098
35080	84,54245	-47,18634	84,54245	-46,53098
35100	81,26561	-48,49709	59,6384	-53,0847
35120	29,49137	-61,60446	3,27669	-67,50276
35140	-3,93236	-69,46885	-1,96626	-68,1581
35160	-1,96626	-67,50272	-1,96627	-65,53663
35180	-2,62163	-64,88125	-2,62164	-63,57052
35200	-1,96628	-64,22588	-1,96628	-62,91516
35220	-1,96628	-62,91515	-1,96629	-62,91516
35240	-1,96629	-62,91515	-1,96629	-62,25979
35260	-1,96629	-62,91514	-1,31093	-62,25979
35280	-1,31093	-62,25978	-1,31093	-60,94906
35300	-1,31093	-60,94905	-0,65558	-60,94905
35320	-1,9663	-60,29368	-11,79679	-58,98295
35340	-15,07365	-60,29366	-13,76291	-58,98294
35360	-13,10754	-59,63828	-13,10755	-58,32756
35380	-13,10754	-58,98292	-13,10755	-58,32756
35400	-13,10754	-58,32755	-12,45219	-57,67219
35420	-13,10754	-58,32755	-12,45219	-57,01683
35440	-13,10754	-57,67219	-12,45219	-57,01683
35460	-12,45219	-57,67219	-12,45219	-57,6722
35480	-11,79682	-58,98293	-5,24317	-60,29367
35500	-3,27703	-61,6044	-3,27704	-60,94905
35520	-3,9324	-61,60441	-3,27704	-60,94906
35540	-3,27704	-62,25978	-3,27704	-62,25979
35560	-3,9324	-62,25979	-3,27704	-62,25979
35580	-3,9324	-62,91516	-3,27704	-62,91516
35600	-3,27704	-64,22588	-3,27704	-63,57053
35620	-3,27704	-64,2259	-3,27704	-63,57054
35640	-3,27704	-64,88126	-3,27704	-64,88127
35660	-3,27703	-65,53664	-3,27703	-64,88128
35680	-3,27703	-65,53665	-3,27703	-65,53665
35700	-3,27702	-66,84738	-1,9663	-66,84739
35720	1,9659	-67,50274	3,27665	-67,50276
35740	2,62129	-68,15813	2,62128	-68,15814
35760	2,62128	-68,8135	2,62128	-68,81351
35780	3,27665	-70,12424	3,27664	-69,46888
35800	3,932	-70,77961	3,93199	-70,77962
35820	3,93199	-71,43498	3,93198	-70,77963
35840	3,93198	-72,09035	4,58733	-71,43499
35860	4,58733	-72,74572	4,58733	-72,74572
35880	4,58733	-73,40109	4,58733	-73,4011
35900	4,58733	-74,71182	9,17486	-74,71182
35920	24,24829	-76,02253	28,83591	-76,67792
35940	27,52518	-77,33328	26,86981	-76,02256
35960	27,52517	-77,33328	27,52517	-76,02257
35980	26,86981	-76,67793	27,52516	-76,67793
36000	26,8698	-76,67793	26,8698	-76,02258
36020	26,8698	-77,3333	26,8698	-77,33331
36040	26,8698	-77,98868	26,86979	-77,33333
36060	26,86979	-78,64404	27,52515	-78,64406
36080	27,52515	-78,64406	27,52515	-77,98871
36100	27,52515	-78,64406	27,52514	-78,64407
36120	27,52515	-79,29943	27,52515	-79,29944
36140	27,52515	-78,64408	27,52515	-79,29944
36160	27,52515	-79,9548	27,52515	-79,95481
36180	27,52515	-80,61018	27,52515	-80,61018
36200	27,52515	-81,26554	27,52515	-80,61018
36220	27,52515	-81,26554	27,52515	-81,26555
36240	27,52515	-81,92091	27,52514	-81,92091
36260	27,52515	-81,92091	27,52514	-81,92092
36280	27,52515	-82,57628	27,52514	-81,92092
36300	26,86978	-82,57628	26,86978	-82,57629
36320	26,86978	-83,23165	26,86978	-82,57629
36340	26,86979	-82,57629	26,86978	-82,5763
36360	26,86978	-83,23165	26,86978	-82,57629
36380	26,86978	-82,57629	26,86978	-82,57629
36400	26,86979	-83,23165	26,86978	-82,57629
36420	26,86979	-83,23164	26,21442	-82,57629
36440	26,21443	-82,57628	26,86978	-81,92092
36460	26,86978	-83,23163	26,86978	-82,57628
36480	26,86978	-82,57627	27,52513	-81,92092
36500	26,86978	-82,57627	27,52514	-81,92091
36520	27,52514	-82,57627	27,52514	-81,92092
36540	26,86978	-82,57627	27,52513	-82,57628
36560	27,52515	-83,23164	27,52514	-82,57628
36580	27,52515	-83,23164	27,52515	-82,57628
36600	27,52515	-83,23164	27,52515	-82,57628
36620	27,52516	-83,23163	26,86979	-82,57628
36640	26,86979	-83,23164	26,86979	-82,57628
36660	26,86979	-83,23164	26,86979	-83,23164
36680	26,21444	-83,887	31,45735	-82,57626
36700	34,73422	-83,23161	33,4235	-81,92091
36720	33,42349	-82,57626	33,42348	-81,9209
36740	33,42349	-82,57626	33,42349	-81,92091
36760	32,76813	-82,57452	33,42348	-81,92091
36780	32,76813	-82,57627	33,42348	-82,57628
36800	33,42349	-82,57627	32,76812	-81,92092
36820	33,42349	-83,23164	33,42349	-82,57629
36840	33,42349	-83,23165	33,42349	-82,57629
36860	33,42349	-83,23164	32,76814	-83,23165
36880	32,76814	-83,23165	32,76814	-83,23165
36900	32,76814	-83,88701	32,11278	-83,23165
36920	36,70032	-83,887	47,18624	-83,23161
36940	49,15241	-83,88698	48,49703	-83,23163
36960	47,84167	-82,57626	47,84167	-81,9209
36980	47,84168	-81,92089	47,18632	-80,61017
37000	47,18632	-80,61016	47,84168	-79,95481
37020	47,18633	-79,95479	47,18632	-79,29943
37040	47,18633	-79,29943	47,18632	-78,64408
37060	47,18633	-79,29943	47,18633	-78,64407
37080	46,53097	-79,29943	47,18633	-78,64408
37100	46,53097	-79,29944	47,18633	-79,29945
37120	47,18634	-79,29945	47,18633	-79,29945
37140	47,18633	-79,95481	47,84169	-79,29945
37160	47,84169	-79,95481	47,84168	-79,29946
37180	47,84168	-79,95481	48,49704	-79,29946
37200	47,84168	-79,95481	47,84168	-78,64409
37220	47,84168	-79,29945	47,84168	-78,6441
37240	47,84168	-78,64409	47,84168	-79,29946
37260	47,18632	-79,95482	48,49704	-79,29946
37280	53,73999	-79,9548	58,98297	-80,61016
37300	58,98299	-81,26553	58,32761	-80,61017
37320	58,32761	-81,26553	58,32761	-80,61018
37340	58,32761	-81,26553	57,67225	-80,61018
37360	57,67225	-81,26553	57,67224	-81,26555
37380	57,67224	-81,26554	57,67223	-81,26554
37400	57,01687	-81,9209	57,67222	-81,9209
37420	57,67223	-81,9209	57,67222	-81,26555
37440	57,67223	-81,26554	57,67222	-80,61018
37460	57,67223	-81,26554	57,67223	-80,61018
37480	57,67223	-80,61017	58,3276	-80,61018
37500	57,67224	-80,61017	57,67224	-79,95482
37520	57,67224	-80,61018	58,3276	-79,29946
37540	57,67225	-79,95482	57,67224	-79,95482
37560	57,67225	-79,95482	64,22592	-81,26554
37580	77,33334	-82,57452	81,2656	-81,9209
37600	79,29951	-81,92089	78,64413	-80,61018
37620	78,64413	-81,26553	78,64413	-80,61018
37640	78,64413	-80,61017	78,64413	-79,95481
37660	77,98877	-80,61017	77,98877	-79,95481
37680	77,98877	-80,61018	77,98876	-79,95482
37700	77,98877	-79,95482	77,98876	-79,29947
37720	77,98877	-79,95482	77,98876	-79,29947
37740	77,98876	-79,95483	77,98876	-79,95483
37760	77,3334	-79,95483	77,98875	-79,95484
37780	77,98875	-80,6102	77,98874	-79,95484
37800	77,98874	-81,26556	77,98873	-80,61021
37820	77,98873	-80,61021	77,98872	-80,61021
37840	78,64407	-81,26556	77,98871	-80,61021
37860	78,64407	-81,92093	75,36722	-80,61021
37880	68,15816	-81,92094	66,8474	-82,57631
37900	67,50278	-83,23165	67,50278	-82,57628
37920	67,50278	-82,57629	67,50278	-81,92093
37940	66,84743	-82,57628	66,84742	-81,92092
37960	66,84743	-81,92092	66,84742	-81,26556
37980	66,84742	-82,57628	66,84742	-81,92092
38000	66,84742	-81,92092	66,84742	-81,26557
38020	66,84742	-81,92093	66,84742	-81,92093
38040	66,19206	-81,92093	66,84741	-81,26557
38060	66,84741	-81,92093	66,84741	-81,26557
38080	66,19205	-81,26556	66,84741	-81,26557
38100	66,84742	-81,26557	66,84741	-80,61021
38120	66,19205	-81,26557	66,84741	-80,61021
38140	66,19205	-80,6102	66,84741	-79,95485
38160	66,19205	-81,26557	66,19205	-80,61022
38180	66,19205	-81,26557	66,19206	-80,61022
38200	66,19205	-81,26557	66,19205	-80,61022
38220	66,19206	-81,92093	65,53669	-81,26558
38240	66,19205	-81,92093	66,19205	-81,26558
38260	65,53669	-81,26557	65,53669	-80,61021
38280	64,88133	-81,26557	67,50279	-81,26556
38300	75,36723	-83,887	77,33338	-83,23166
38320	76,02265	-82,57629	76,02264	-81,92092
38340	75,36728	-81,92092	76,02264	-80,61021
38360	75,36729	-81,26556	75,36728	-80,6102
38380	75,36728	-81,26556	75,36728	-80,6102
38400	75,36729	-81,26556	75,36728	-80,61021
38420	75,36728	-81,26557	76,02263	-80,61021
38440	76,02263	-81,26557	76,67798	-81,26557
38460	76,02262	-81,26556	76,67798	-80,61021
38480	76,67798	-81,26556	77,33333	-80,61021
38500	76,67797	-81,26556	77,33333	-80,61021
38520	77,33333	-81,26556	77,33333	-80,61021
38540	77,98869	-81,92093	83,23163	-80,61019
38560	84,5424	-80,6102	84,54239	-79,95484
38580	84,5424	-80,61021	85,19776	-79,95486
38600	85,19776	-80,61022	85,19776	-79,95486
38620	85,85313	-80,61022	85,85313	-79,95488
38640	85,85314	-79,95488	86,50851	-79,29953
38660	86,50851	-79,95489	87,16388	-79,29954
38680	87,16389	-79,9549	87,16389	-79,29955
38700	87,1639	-79,95491	87,1639	-79,29956
38720	87,16391	-79,95492	87,16391	-79,29956
38740	87,16392	-79,29956	87,16391	-79,29957
38760	87,16392	-79,95492	91,09612	-78,64417
38780	92,4069	-78,64417	91,75153	-77,98882
38800	91,75153	-78,64417	91,75153	-77,98882
38820	91,75152	-78,64417	91,09616	-77,98881
38840	91,09616	-78,64416	91,09616	-77,98881
38860	91,09616	-78,64416	90,44079	-77,9888
38880	91,09616	-78,64416	91,09615	-78,64416
38900	90,44078	-78,64415	91,09614	-78,64416
38920	89,78543	-78,64415	90,44078	-78,64416
38940	90,44079	-79,29952	90,44078	-78,64416
38960	91,09615	-79,29952	97,64983	-79,95488
38980	100,92671	-80,61024	100,27136	-79,95488
39000	100,27135	-79,95488	100,27135	-79,95489
39020	100,27135	-79,95488	100,27135	-79,29953
39040	99,616	-80,61025	100,27135	-79,95489
39060	100,27136	-81,26561	100,27136	-79,9549
39080	100,27136	-80,61026	100,92672	-80,61026
39100	100,92672	-81,26562	101,58207	-80,61027
39120	101,58207	-81,26563	101,58207	-80,61027
39140	101,58207	-81,26563	101,58207	-80,61028
39160	102,23743	-81,921	102,23742	-81,26565
39180	104,20352	-81,921	117,3109	-81,92098
39200	123,86466	-83,2317	123,20931	-81,92099
39220	122,55393	-81,92098	122,55393	-80,61026
39240	123,2093	-80,61025	123,20929	-79,29953
39260	122,55393	-79,29952	122,55393	-78,64416
39280	122,55393	-78,64415	123,20929	-77,33343
39300	122,55393	-77,98878	123,20928	-76,67806
39320	122,55393	-77,33341	122,55392	-76,02269
39340	122,55392	-76,02268	123,20928	-75,36732
39360	123,20927	-74,71195	123,20928	-73,40123
39380	123,20928	-74,05658	121,89854	-72,09049
39400	119,93244	-72,09047	120,5878	-71,43511
39420	120,58781	-70,77974	120,5878	-69,46901
39440	120,5878	-70,12436	120,5878	-68,81364
39460	119,93245	-70,12436	120,58781	-69,469
39480	120,58781	-69,469	120,5878	-68,81364
39500	120,58781	-69,469	120,58781	-68,81364
39520	120,58781	-68,81363	120,58781	-68,15828
39540	120,58781	-68,15827	120,58781	-67,5029
39560	120,58782	-68,81363	120,5878	-68,81364
39580	105,51432	-72,09049	76,02266	-80,61027
39600	42,59881	-90,44076	17,03943	-98,96052
39620	11,14111	-99,61589	13,76259	-96,33906
39640	13,10724	-95,02831	13,10723	-92,40686
39660	13,10723	-91,75148	13,76259	-90,44077
39680	13,76259	-89,13002	13,76259	-87,16394
39700	13,76259	-85,8532	14,41794	-84,54248
39720	14,41794	-83,8871	15,0733	-81,92101
39740	15,07329	-81,26563	15,72865	-79,9549
39760	6,55354	-79,9549	-4,58772	-81,921
39780	-5,89848	-82,57635	-3,9324	-80,61024
39800	-4,58776	-79,2995	-4,58778	-77,98876
39820	-4,58778	-77,33338	-4,58779	-76,02265
39840	-5,24316	-75,36727	-5,24316	-74,05655
39860	-5,89852	-73,40117	-5,24317	-72,7458
39880	-5,89853	-72,7458	-5,89854	-72,09044
39900	-6,5539	-72,09042	-6,5539	-71,43506
39920	-5,89854	-72,09042	-5,89855	-71,43506
39940	-5,89855	-71,43505	-6,55392	-70,77969
39960	-6,55392	-70,77968	-6,55392	-69,46896
39980	-7,20928	-69,46895	-6,55392	-68,15822
