T	LX	LY	RX	RY
0	0	0	0	0
20	-1,31071	-3,27681	-1,96607	-3,27681
40	-3,93214	-5,89826	-4,58749	-5,2429
60	-5,89818	-8,51971	-6,55353	-11,14116
80	-7,86422	-15,07332	-8,51955	-19,00547
100	-10,48558	-28,83588	-11,79626	-32,76802
120	-10,48546	-37,35551	-1,96553	-37,35545
140	0,65606	-39,32153	-1,31004	-37,35545
160	-3,27613	-35,38936	-3,27613	-29,49112
180	-3,27613	-26,86968	-1,96541	-22,28216
200	-1,9654	-20,31607	-1,31004	-17,69462
220	-2,62074	-19,66071	-2,62074	-17,03926
240	-3,27609	-17,69461	-3,27609	-15,07316
260	-4,58679	-15,07315	-4,58679	-11,79634
280	-5,24213	-11,79634	-4,58677	-9,17489
300	-5,24213	-9,17489	-4,58677	-6,55345
320	-5,24212	-6,55345	-4,58677	-5,24274
340	-5,24213	-7,20883	-3,93142	-5,8981
360	-4,58678	-6,55347	-3,93144	-4,58738
380	-6,55293	-4,58739	-5,89759	-0,65522
400	-5,24223	0,6555	-3,93154	4,58766
420	-3,93153	3,27694	-2,62082	4,58766
440	-2,6208	2,62158	-1,96545	1,96621
460	-1,31007	-0,65524	0,00065000000000026	0,65547
480	-0,65473	0,65547	-7,86392	6,55376
500	-15,72847	8,51986	-22,28225	9,17526
520	-24,90373	0,6556	-24,24834	-19,66056
540	-23,59297	-39,97673	-24,24837	-34,73383
560	-28,83594	-27,52485	-31,45746	-15,72837
580	-34,07896	-4,58728	-35,38976	7,86454
600	-38,01127	15,72884	-38,01135	24,2485
620	-38,66677	28,83599	-37,35611	34,73423
640	-37,35614	37,35565	-35,3901	39,32171
660	-34,73476	39,97706	-34,07944	42,59849
680	-33,42409	41,28775	-34,73485	38,66625
700	-36,04557	36,04473	-35,39023	39,97689
720	-36,70097	41,2876	-38,01172	43,90904
740	-39,32245	44,56439	-39,97785	45,87511
760	-41,28858	44,56439	-41,94397	45,87511
780	-42,59934	44,56439	-42,59937	45,87511
800	-43,25472	44,56439	-42,59937	45,87511
820	-43,25472	44,56439	-41,94401	45,87512
840	-42,59936	44,56439	-43,25473	45,87507
860	-43,25472	44,56433	-41,28865	45,87508
880	-41,28864	44,56436	-39,97793	45,8751
900	-39,32256	44,56439	-38,66721	45,87512
920	-37,35648	44,5644	-36,70113	45,87513
940	-36,70112	44,56442	-35,3904	45,87515
960	-35,39038	44,56443	-34,73502	45,87516
980	-34,735	44,56445	-33,42428	45,87517
1000	-34,07963	44,56445	-33,42427	45,87517
1020	-33,42426	44,56445	-32,7689	45,87518
1040	-32,7689	44,56446	-32,11354	45,87518
1060	-32,11353	44,56445	-27,52595	45,87519
1080	-17,03987	44,56451	-7,20926	45,87523
1100	-8,51997	44,5645	-8,52	45,87524
1120	-7,86463	44,56452	-7,20928	45,87523
1140	-7,86464	44,56451	-7,86465	45,87524
1160	-7,86465	44,56451	-7,86467	45,87523
1180	-7,86466	44,56449	-7,20931	45,87521
1200	-7,86466	44,56449	-7,86467	45,87521
1220	-8,52002	44,56448	-9,17539	45,87521
1240	-18,35056	44,56449	-23,59356	45,8752
1260	-22,9382	44,56449	-21,62747	45,87521
1280	-20,97211	44,56515	-20,31677	45,87522
1300	-19,6614	44,5645	-18,35069	45,87522
1320	-18,35069	44,56451	-17,03998	45,87525
1340	-17,69534	44,56453	-16,38464	45,87527
1360	-17,03999	44,56455	-16,38465	45,87528
1380	-16,38464	44,56456	-15,07393	45,87529
1400	-15,07392	44,56456	-13,76322	45,87529
1420	-14,41857	44,56457	-13,10786	45,87528
1440	-13,10786	44,56456	-15,07408	45,87529
1460	-19,00633	44,56454	-17,69561	45,87528
1480	-16,38487	44,56457	-15,72954	45,87531
1500	-16,38492	44,56461	-15,72959	45,87535
1520	-16,38496	44,56464	-15,72961	45,87537
1540	-17,04032	44,56467	-15,72961	45,87538
1560	-15,72705	44,56466	-15,72961	45,87538
1580	-15,7296	44,56466	-15,07425	45,87539
1600	-15,07424	44,56467	-14,41889	45,87539
1620	-15,07424	44,56466	-14,41889	45,87538
1640	-15,07424	44,56465	-14,41889	45,87537
1660	-15,07424	44,56465	-14,41889	45,87536
1680	-15,07424	44,56463	-14,41889	45,87533
1700	-15,07424	44,56459	-14,41889	45,8753
1720	-15,07424	44,56456	-14,41889	45,87527
1740	-15,07424	44,56454	-14,41889	45,87526
1760	-15,07424	44,56453	-14,41889	45,87524
1780	-14,41888	44,56451	-13,76353	45,87522
1800	-14,41888	44,5645	-13,76353	45,87522
1820	-12,4528	44,56448	-3,27772	45,87523
1840	-0,65617	44,5645	-1,31156	45,8752
1860	-2,6223	44,56447	-1,96694	45,8752
1880	-2,6223	44,56448	-1,31158	45,8752
1900	-1,96693	44,56447	-1,31158	45,87519
1920	-1,96693	44,56447	-1,31157	45,87518
1940	-1,31156	44,56446	-1,31157	45,87517
1960	-1,31156	44,56445	-0,65621	45,87517
1980	-1,31157	44,56445	-0,65623	45,87517
2000	-1,31159	44,56445	-0,65624	45,87517
2020	-1,3116	44,56445	-0,65626	45,87517
2040	-0,65626	44,56445	-0,00090999999999752	45,87518
2060	-0,00090999999999752	44,56445	-0,0009200000000007	45,87518
2080	-0,0009200000000007	44,56446	0,65443	45,87518
2100	2,62055	44,56445	13,76186	45,87519
2120	20,31562	44,56447	19,66023	45,87517
2140	19,00484	44,56445	20,31555	45,87517
2160	19,6602	44,56444	20,31554	45,87516
2180	19,66018	44,56443	20,97089	45,87515
2200	20,31553	44,56441	20,97089	45,87514
2220	20,31553	44,56441	21,62625	45,87514
2240	20,97089	44,56442	20,97088	45,87514
2260	20,31553	44,56442	20,97088	45,87515
2280	20,31552	44,56443	20,97087	45,87515
2300	20,31551	44,56443	20,97086	45,87515
2320	20,31551	44,56443	21,62622	45,87516
2340	21,62622	44,56444	21,62621	45,87517
2360	21,62621	44,56445	22,93692	45,87517
2380	22,93693	44,56445	24,24765	45,87517
2400	24,24766	44,56445	25,55837	45,87516
2420	26,86912	44,56443	31,4567	45,87515
2440	31,45671	44,56443	32,11206	45,87516
2460	32,11207	44,56445	32,76744	45,87519
2480	32,11209	44,56447	32,11209	45,8752
2500	34,07821	44,56449	45,21949	45,87526
2520	46,53028	44,56455	45,87488	45,87527
2540	44,56417	44,56457	44,56416	45,8753
2560	43,90881	44,56459	43,9088	45,87532
2580	43,90881	44,56461	44,56417	45,87535
2600	43,90882	44,56464	45,21954	45,87538
2620	44,56419	44,56467	45,87491	45,87541
2640	45,21956	44,5647	45,87492	45,87543
2660	46,53029	44,56471	47,18565	45,87545
2680	46,5303	44,56473	47,84102	45,87546
2700	47,18567	44,56475	47,84103	45,87547
2720	47,84103	44,56475	48,49639	45,87547
2740	47,84103	44,56475	48,49639	45,87547
2760	47,84104	44,56475	47,84102	45,87548
2780	47,18567	44,56476	47,84102	45,87548
2800	47,18566	44,56476	47,84102	45,87549
2820	47,18566	44,56477	47,84102	45,87549
2840	47,18567	44,56477	47,18566	45,87549
2860	46,5303	44,56477	47,18566	45,87549
2880	45,87495	44,56477	46,5303	45,8755
2900	45,87495	44,56478	46,5303	45,87549
2920	45,87495	44,56477	45,87495	45,8755
2940	45,87496	44,56478	45,87496	45,8755
2960	45,87495	44,56478	46,53031	45,8755
2980	45,21959	44,56478	45,87495	45,87551
3000	45,21959	44,56479	45,87494	45,87551
3020	45,21958	44,5648	45,87493	45,87552
3040	45,21958	44,56479	45,21956	45,87552
3060	44,5642	44,5648	45,21955	45,87552
3080	49,15176	44,5648	53,08396	45,87552
3100	52,42859	44,56479	53,08393	45,87552
3120	52,42856	44,56479	53,08391	45,87552
3140	52,42854	44,56479	53,08389	45,87551
3160	51,77317	44,56479	52,42851	45,8755
3180	51,77315	44,56478	52,4285	45,8755
3200	51,11778	44,56477	51,77312	45,87549
3220	53,08386	44,56476	67,50193	45,87551
3240	70,77883	44,56478	70,7788	45,87548
3260	69,46806	44,56477	69,46806	45,87549
3280	69,46806	44,56477	69,46804	45,87549
3300	68,81269	44,56515	69,46805	45,87549
3320	68,81269	44,56477	68,81269	45,87549
3340	68,81269	44,56477	69,46805	45,87549
3360	68,8127	44,56477	69,46805	45,8755
3380	68,81269	44,56477	69,46804	45,8755
3400	68,81269	44,56477	68,81269	45,8755
3420	68,81269	44,56478	68,81268	45,87551
3440	67,50196	44,56479	68,15731	45,87551
3460	67,50196	44,56479	68,15731	45,87551
3480	66,8466	44,56479	68,15732	45,87552
3500	67,50197	44,5648	68,15733	45,87553
3520	67,50198	44,56481	68,15734	45,87553
3540	67,50199	44,56482	68,15735	45,87553
3560	67,502	44,56481	68,15735	45,87554
3580	67,50201	44,56482	68,15736	45,87554
3600	67,502	44,56482	68,15736	45,87555
3620	68,15737	44,56483	68,15736	45,87555
3640	67,50201	44,56483	68,15735	45,87556
3660	67,50201	44,56484	68,15736	45,87556
3680	67,502	44,56485	68,15736	45,87556
3700	68,15737	44,56484	68,15736	45,87556
3720	68,15737	44,56484	68,81273	45,87556
3740	68,15737	44,56483	79,2986	45,87558
3760	91,75072	44,5649	97,64911	45,87563
3780	96,33838	44,56489	96,33835	45,87561
3800	95,683	44,56488	96,33835	45,8756
3820	95,683	44,56487	95,68298	45,8756
3840	95,68298	44,56488	96,33833	45,87561
3860	95,68298	44,56489	96,33833	45,87562
3880	96,33833	44,56491	96,99368	45,87563
3900	96,99368	44,56491	96,99367	45,87563
3920	96,33832	44,5649	97,64903	45,87562
3940	96,99368	44,5649	97,64904	45,87561
3960	96,99368	44,5649	97,64904	45,87562
3980	97,64905	44,5649	97,64904	45,87562
4000	96,99368	44,56491	97,64903	45,87563
4020	96,99368	44,56491	96,99367	45,87563
4040	96,33832	44,56492	96,33832	45,87564
4060	96,33833	44,56493	96,99368	45,87565
4080	96,33833	44,56492	96,33833	45,87564
4100	96,33834	44,56491	95,68297	45,87563
4120	84,54164	44,56493	53,08389	45,87569
4140	30,14582	44,56501	11,79551	45,87575
4160	-3,93312	44,565	-2,62241	45,87572
4180	-0,65631999999999	44,56501	-0,65633	45,87574
4200	-0,00095999999999918	44,56502	0,65439	45,87575
4220	0,6544	44,56503	1,30975	45,87575
4240	1,30976	44,56503	1,96511	45,87575
4260	1,96512	44,56502	3,27583	45,87573
4280	2,62048	44,56501	3,93119	45,87573
4300	3,9312	44,56501	4,58655	45,87573
4320	4,58656	44,56501	5,89727	45,87573
4340	5,24192	44,56501	5,24191	45,87572
4360	1,30976	44,56495	1,30975	45,87565
4380	1,96512	44,56493	2,62047	45,87564
4400	2,62048	44,56492	3,27583	45,87564
4420	2,62048	44,56491	3,27583	45,87563
4440	3,27584	44,56491	3,93119	45,87563
4460	3,27584	44,56491	3,93119	45,87563
4480	3,27584	44,5649	3,93119	45,87563
4500	3,27584	44,5649	3,93119	45,87562
4520	3,27584	44,56489	3,93119	45,87561
4540	3,27584	44,56489	3,93119	45,87561
4560	3,27584	44,56489	3,93119	45,87561
4580	3,27584	44,56488	3,93119	45,87561
4600	3,27584	44,56488	3,93119	45,8756
4620	3,27584	44,56488	3,93119	45,8756
4640	3,27584	44,56488	3,27583	45,8756
4660	2,62048	44,56487	3,27583	45,87559
4680	1,96512	44,56487	0,65439	45,87559
4700	-1,31168	44,56485	-0,65633	45,87558
4720	-0,65631999999999	44,56486	-0,00096999999999525	45,87559
4740	-0,65631999999999	44,56486	-0,65633	45,87559
4760	-1,31168	44,56487	-0,65633	45,87559
4780	-1,31168	44,56487	-1,31169	45,87559
4800	-1,31168	44,56488	-0,65633	45,87559
4820	-1,31168	44,56487	-0,65633	45,8756
4840	-1,31168	44,56487	-0,65633	45,87559
4860	-1,31168	44,56487	-0,65633	45,8756
4880	-1,31168	44,56486	5,24191	45,87558
4900	13,10624	44,56485	17,69377	45,87556
4920	15,72768	44,56483	16,38303	45,87555
4940	15,72768	44,56483	16,38303	45,87555
4960	15,72768	44,56482	16,38303	45,87554
4980	15,72768	44,56482	16,38303	45,87555
5000	15,72768	44,56481	16,38303	45,87554
5020	15,72768	44,56481	16,38303	45,87553
5040	15,72768	44,56481	15,72767	45,87553
5060	15,72768	44,5648	16,38303	45,87552
5080	15,07232	44,5648	16,38303	45,87552
5100	15,72768	44,5648	16,38303	45,87552
5120	15,72768	44,56479	16,38303	45,87552
5140	15,72768	44,5648	16,38303	45,87552
5160	15,72768	44,5648	16,38303	45,87552
5180	15,72768	44,5648	16,38303	45,87552
5200	15,72768	44,5648	16,38303	45,87552
5220	16,38304	44,5648	17,03839	45,87552
5240	16,38304	44,5648	17,03839	45,87552
5260	16,38304	44,5648	17,03839	45,87552
5280	16,38304	44,5648	17,03839	45,87552
5300	16,38304	44,5648	16,38303	45,87552
5320	16,38304	44,5648	16,38303	45,87553
5340	15,72768	44,5648	16,38303	45,87553
5360	15,72768	44,56481	16,38303	45,87553
5380	15,72768	44,5648	16,38303	45,87553
5400	15,72768	44,5648	16,38303	45,87553
5420	15,72768	44,56481	15,72767	45,87553
5440	15,07232	44,56481	15,72767	45,87553
5460	15,07232	44,56481	15,72767	45,87554
5480	15,07232	44,56481	15,07231	45,87553
5500	19,00448	44,56481	24,24751	45,87555
5520	25,55836	44,56483	25,55835	45,87555
5540	24,90298	44,56483	25,55833	45,87555
5560	24,90298	44,56483	25,55833	45,87556
5580	25,55833	44,56484	26,21368	45,87556
5600	24,90297	44,56484	26,21368	45,87556
5620	25,55832	44,56484	25,55831	45,87556
5640	25,55832	44,56485	25,55831	45,87556
5660	24,90295	44,56484	24,90294	45,87557
5680	24,2476	44,56484	24,90294	45,87556
5700	22,93684	44,56483	22,28144	45,87554
5720	22,28145	44,56481	22,93681	45,87554
5740	22,93681	44,56482	22,93681	45,87554
5760	22,28145	44,56481	22,9368	45,87554
5780	22,28145	44,56481	22,9368	45,87553
5800	22,28145	44,56481	22,9368	45,87553
5820	22,28145	44,56481	22,9368	45,87553
5840	22,28144	44,56481	22,9368	45,87554
5860	22,28144	44,56481	23,59216	45,87553
5880	28,83519	44,56484	38,01041	45,87558
5900	39,32116	44,56484	38,66577	45,87556
5920	38,66577	44,56484	38,66577	45,87557
5940	38,66577	44,56484	39,32112	45,87556
5960	38,66577	44,56484	38,66576	45,87556
5980	39,32113	44,56484	39,32112	45,87556
6000	39,32112	44,56484	39,32112	45,87557
6020	38,66577	44,56485	39,32111	45,87557
6040	38,66576	44,56485	39,32112	45,87557
6060	38,66576	44,56484	39,32111	45,87557
6080	38,66576	44,56484	39,32112	45,87557
6100	38,66576	44,56485	38,66576	45,87557
6120	38,66576	44,56485	39,32112	45,87557
6140	42,59797	44,56485	49,15164	45,87556
6160	49,15166	44,56484	49,15163	45,87556
6180	49,15164	44,56485	49,80699	45,87556
6200	49,15164	44,56484	49,80699	45,87556
6220	49,15164	44,56485	49,80699	45,87557
6240	49,807	44,56485	50,46235	45,87558
6260	49,80699	44,56485	50,46235	45,87557
6280	49,807	44,56485	50,46235	45,87556
6300	49,807	44,56483	50,46236	45,87552
6320	49,807	44,56476	51,11773	45,87544
6340	62,91436	44,56471	74,71106	45,87543
6360	76,02185	44,56469	76,0218	45,87541
6380	75,36643	44,56471	75,36643	45,87543
6400	75,36643	44,56471	75,36642	45,87544
6420	74,71106	44,56473	75,36641	45,87545
6440	74,71106	44,56473	74,71105	45,87546
6460	74,0557	44,56474	74,05569	45,87547
6480	73,40034	44,56475	73,40033	45,87547
6500	72,74498	44,56476	73,40033	45,87548
6520	72,74497	44,56477	72,74496	45,87549
6540	72,08961	44,56477	72,74497	45,8755
6560	72,08961	44,56478	72,0896	45,8755
6580	72,08961	44,56478	72,74496	45,8755
6600	72,0896	44,56479	72,08959	45,87551
6620	72,0896	44,56479	72,74496	45,87551
6640	72,0896	44,56478	74,05569	45,87551
6660	79,2987	44,56481	83,23093	45,87554
6680	82,57559	44,56481	83,23093	45,87553
6700	82,57557	44,56481	83,23093	45,87554
6720	82,57556	44,56482	83,23092	45,87554
6740	82,57556	44,56481	83,23091	45,87555
6760	82,57556	44,56482	82,57555	45,87555
6780	82,57557	44,56483	83,23092	45,87556
6800	82,57557	44,56483	83,23092	45,87556
6820	82,57556	44,56484	82,57556	45,87556
6840	82,57557	44,56485	82,57556	45,87558
6860	81,9202	44,56486	82,57555	45,87559
6880	82,57556	44,56488	83,23091	45,87562
6900	82,57555	44,56492	83,23091	45,87565
6920	83,23091	44,56493	83,2309	45,87566
6940	83,23091	44,56495	83,2309	45,87567
6960	82,57555	44,56495	83,2309	45,87568
6980	83,23091	44,56497	83,2309	45,87568
7000	83,23091	44,56496	83,23089	45,87569
7020	83,2309	44,56497	83,23089	45,87568
7040	82,57554	44,56495	80,60941	45,87566
7060	64,88047	44,56492	40,63179	45,87564
7080	32,112	44,56488	34,73349	45,87562
7100	36,69961	44,56489	37,35496	45,87561
7120	36,6996	44,56488	37,35496	45,87561
7140	36,6996	44,56489	37,35496	45,8756
7160	37,35496	44,56488	37,35495	45,8756
7180	36,6996	44,56488	37,35495	45,87562
7200	36,69959	44,56489	37,35495	45,87562
7220	36,6996	44,5649	37,35495	45,87563
7240	36,6996	44,5649	38,01032	45,87561
7260	37,35497	44,56488	38,01033	45,8756
7280	32,76739	44,5649	20,3152	45,87563
7300	4,58656	44,56488	-5,89921	45,87557
7320	-3,27776	44,56487	-0,65633	45,87561
7340	-1,31168	44,5649	-1,31169	45,87563
7360	-1,31168	44,56492	-0,65633	45,87564
7380	-1,31168	44,56492	-0,65633	45,87565
7400	-1,31168	44,56493	-1,31169	45,87564
7420	-1,96704	44,56492	-0,65633	45,87564
7440	-1,96704	44,56491	-1,31169	45,87563
7460	-1,31168	44,5649	-0,65633	45,87561
7480	-0,65631999999999	44,56489	-0,00096999999999525	45,87561
7500	-0,00095999999999918	44,56487	-0,00096999999999525	45,87559
7520	-0,00095999999999918	44,56486	-1,31169	45,87563
7540	-3,93312	44,56497	-3,27777	45,87566
7560	-2,6224	44,56493	-1,96705	45,87566
7580	-2,6224	44,56493	-1,96705	45,87565
7600	-1,96704	44,56492	-1,31169	45,87563
7620	-1,96704	44,56491	-1,31169	45,87563
7640	-1,31168	44,5649	-0,65633	45,87561
7660	-1,31168	44,56489	-0,00096999999999525	45,8756
7680	-0,65631999999999	44,56487	-0,00096999999999525	45,87559
7700	3,9312	44,56486	25,55807	45,87567
7720	48,49611	44,56508	81,91999	45,87586
7740	92,4061	44,56515	91,75075	45,87587
7760	89,78462	44,56515	90,43996	45,87587
7780	90,43996	44,56515	91,09531	45,87587
7800	90,43995	44,56515	91,09529	45,87587
7820	90,43993	44,56515	91,09528	45,87587
7840	91,09529	44,56515	91,09529	45,87587
7860	90,43993	44,56515	91,09529	45,87587
7880	90,43993	44,56515	91,09528	45,87587
7900	90,43993	44,56515	90,43992	45,87587
7920	89,78457	44,56515	90,43992	45,87587
7940	89,78458	44,56515	90,43993	45,87587
7960	89,78458	44,56515	89,78457	45,87587
7980	89,78458	44,56515	90,43993	45,87587
8000	89,12922	44,56515	89,78458	45,87587
8020	89,78458	44,56515	89,12922	45,87587
8040	79,29861	44,56512	52,42838	45,8758
8060	22,9367	44,56508	13,10623	45,87578
8080	7,86336	44,56501	12,45087	45,87574
8100	13,10624	44,56506	13,76159	45,8758
8120	13,7616	44,56509	14,41695	45,87581
8140	13,7616	44,56509	14,41695	45,87581
8160	14,41696	44,56509	15,07231	45,87582
8180	13,7616	44,56509	14,41695	45,87582
8200	13,7616	44,5651	15,07231	45,87582
8220	14,41696	44,5651	15,07231	45,87582
8240	14,41696	44,5651	15,07231	45,87583
8260	11,79552	44,56515	9,17407	45,87587
8280	7,208	44,56515	7,86335	45,87587
8300	7,86336	44,56515	7,86335	45,87587
8320	7,86336	44,56515	7,86335	45,87587
8340	7,86336	44,56515	7,86335	45,87586
8360	7,86336	44,56513	7,86335	45,87584
8380	7,86336	44,56511	7,86335	45,87583
8400	7,208	44,5651	7,86335	45,87582
8420	7,208	44,56509	7,86335	45,8758
8440	4,58656	44,56506	3,93119	45,87577
8460	3,9312	44,56505	5,24191	45,87577
8480	4,58656	44,56504	4,58655	45,87576
8500	4,58656	44,56503	5,24191	45,87575
8520	4,58656	44,56502	5,24191	45,87574
8540	4,58656	44,56501	5,24191	45,87572
8560	4,58656	44,565	5,24191	45,87572
8580	4,58656	44,56499	4,58655	45,87571
8600	3,9312	44,56498	4,58655	45,87571
8620	3,9312	44,56498	4,58655	45,8757
8640	3,9312	44,56497	4,58655	45,87569
8660	3,9312	44,56497	3,93119	45,87569
8680	3,27584	44,56496	3,93119	45,87568
8700	3,27584	44,56495	3,93119	45,87567
8720	3,27584	44,56495	3,93119	45,87567
8740	3,27584	44,56495	3,27583	45,87567
8760	2,62048	44,56494	3,27583	45,87567
8780	2,62048	44,56494	3,27583	45,87566
8800	2,62048	44,56494	3,27583	45,87566
8820	2,62048	44,56494	3,27583	45,87567
8840	2,62048	44,56494	3,27583	45,87567
8860	1,96512	44,56494	2,62047	45,87566
8880	1,96512	44,56493	2,62047	45,87565
8900	1,30976	44,56492	1,96511	45,87563
8920	1,96512	44,56491	1,96511	45,87562
8940	3,9312	44,56488	7,86344	45,8756
8960	8,51886	44,56486	8,51883	45,87558
8980	7,86348	44,56486	7,86348	45,87558
9000	7,20813	44,56484	7,86349	45,87557
9020	7,20813	44,56483	7,8635	45,87555
9040	7,8635	44,56482	8,51885	45,87553
9060	7,8635	44,56481	8,51885	45,87552
9080	7,86349	44,5648	9,17419	45,87552
9100	8,51883	44,5648	9,17417	45,87553
9120	8,51881	44,56481	9,17416	45,87554
9140	9,17415	44,56481	9,82951	45,87554
9160	9,82951	44,56481	10,48485	45,87554
9180	10,48486	44,56481	11,14022	45,87554
9200	10,48486	44,56481	15,07246	45,87555
9220	29,49067	44,56485	37,3551	45,87557
9240	34,07828	44,56485	33,42289	45,87558
9260	33,4229	44,56487	34,07824	45,87559
9280	33,42288	44,56487	33,42286	45,87559
9300	33,42286	44,56487	33,42284	45,87559
9320	32,76748	44,56486	32,76747	45,87559
9340	32,11211	44,56486	32,11209	45,87559
9360	30,80393	44,56487	30,80136	45,87559
9380	30,80136	44,56487	30,80136	45,8756
9400	29,49064	44,56487	30,14599	45,87563
9420	29,49064	44,56488	29,49063	45,8756
9440	29,49065	44,56488	29,49065	45,87561
9460	28,8353	44,56488	29,49066	45,87561
9480	29,49067	44,56488	30,14603	45,87561
9500	30,8014	44,56488	31,45676	45,87561
9520	30,80141	44,56489	31,45677	45,87561
9540	31,45677	44,56489	32,11213	45,87562
9560	31,45678	44,56489	32,11213	45,87562
9580	31,45679	44,56489	32,11214	45,87561
9600	31,45679	44,56489	31,45679	45,87561
9620	30,80143	44,56488	31,45679	45,8756
9640	30,14608	44,56488	30,80143	45,87559
9660	30,14607	44,56487	30,14606	45,87559
9680	30,80142	44,56486	45,87486	45,87562
9700	56,36083	44,5649	57,01622	45,87559
9720	55,70546	44,56486	56,3608	45,87559
9740	55,70544	44,56486	55,70543	45,87558
9760	55,70543	44,56485	55,70541	45,87557
9780	55,05006	44,56484	55,70541	45,87556
9800	55,05006	44,56484	55,70542	45,87556
9820	55,70543	44,56484	55,70542	45,87555
9840	55,05007	44,56483	55,70543	45,87554
9860	55,70544	44,56481	55,70544	45,87553
9880	55,70544	44,5648	56,3608	45,87552
9900	57,67156	44,56477	58,98229	45,87548
9920	58,32694	44,56475	58,32692	45,87548
9940	58,32693	44,56475	58,32692	45,87547
9960	57,67158	44,56475	58,98229	45,87547
9980	58,32694	44,56474	58,98229	45,87546
10000	58,32693	44,56474	59,63765	45,87546
10020	58,98229	44,56474	59,63765	45,87546
10040	58,98229	44,56475	59,63764	45,87547
10060	59,63765	44,56474	59,63764	45,87546
10080	59,63765	44,56474	60,293	45,87546
10100	59,63765	44,56473	60,293	45,87545
10120	60,293	44,56473	60,29299	45,87545
10140	59,63764	44,56473	60,29299	45,87544
10160	59,63763	44,56472	60,29299	45,87544
10180	59,63763	44,56472	60,29298	45,87544
10200	59,63763	44,56471	60,29298	45,87543
10220	59,63763	44,56471	59,63762	45,87543
10240	58,98227	44,56471	59,63762	45,87543
10260	58,98226	44,5647	59,63761	45,87543
10280	58,98226	44,5647	59,6376	45,87543
10300	58,98226	44,56471	58,98224	45,87542
10320	58,32689	44,5647	58,98224	45,87542
10340	58,32688	44,5647	58,98224	45,87587
10360	58,32688	44,56469	58,32688	45,87542
10380	58,32688	44,56469	58,32688	45,87542
10400	57,67152	44,5647	58,32688	45,87542
10420	57,67152	44,56469	58,32687	45,87542
10440	57,67152	44,56469	58,32688	45,87541
10460	57,67152	44,56469	58,32688	45,87541
10480	57,67153	44,56468	58,32688	45,8754
10500	57,01616	44,56467	55,05004	45,87538
10520	53,73931	44,56465	55,05004	45,87537
10540	54,39468	44,56465	55,05003	45,87537
10560	54,39468	44,56465	55,05004	45,87538
10580	53,73932	44,56465	54,39468	45,87537
10600	54,39468	44,56465	55,05003	45,87537
10620	54,39468	44,56465	55,05003	45,87538
10640	54,39468	44,56465	55,05003	45,87537
10660	54,39468	44,56465	55,05003	45,87538
10680	53,73931	44,56466	54,39467	45,87538
10700	53,73932	44,56465	54,39467	45,87538
10720	53,73932	44,56465	54,39467	45,87538
10740	53,73932	44,56465	54,39467	45,87537
10760	53,73932	44,56465	54,39468	45,87537
10780	53,73932	44,56465	54,39467	45,87537
10800	53,73932	44,56464	54,39467	45,87537
10820	55,70542	44,56465	59,63763	45,87538
10840	58,32692	44,56465	58,98226	45,87538
10860	58,32691	44,56465	58,98227	45,87538
10880	58,32691	44,56465	58,98226	45,87537
10900	58,32691	44,56465	58,98225	45,87537
10920	58,3269	44,56465	58,98226	45,87537
10940	58,3269	44,56465	58,98225	45,87537
10960	58,3269	44,56464	58,3269	45,87536
10980	58,3269	44,56464	58,32691	45,87536
11000	57,67156	44,56462	57,67155	45,87535
11020	56,36084	44,56462	56,36083	45,87535
11040	55,70548	44,56462	56,36083	45,87534
11060	55,70549	44,56462	61,60382	45,87535
11080	62,91459	44,56462	62,91456	45,87535
11100	62,91456	44,56463	63,56992	45,87535
11120	62,91456	44,56463	63,56991	45,87535
11140	63,56992	44,56462	63,56991	45,87535
11160	63,56992	44,56462	64,22527	45,87535
11180	64,22528	44,56462	64,22527	45,87535
11200	63,56992	44,56462	63,56991	45,87534
11220	63,56992	44,56461	63,56991	45,87533
11240	62,91456	44,56461	63,56992	45,87533
11260	62,91457	44,5646	63,56993	45,87532
11280	62,91457	44,56459	63,56992	45,87532
11300	63,56993	44,5646	64,22528	45,87533
11320	63,56993	44,56461	64,22528	45,87533
11340	63,56993	44,56461	64,22528	45,87533
11360	63,56992	44,56461	64,22528	45,87533
11380	63,56992	44,56461	63,56992	45,87533
11400	62,91456	44,56461	66,19139	45,87535
11420	71,43442	44,56466	75,36666	45,87539
11440	74,7113	44,56465	74,71127	45,87538
11460	74,71128	44,56466	75,36664	45,87538
11480	74,71128	44,56465	74,71127	45,87537
11500	74,05591	44,56465	74,71126	45,87537
11520	74,0559	44,56465	74,71125	45,87537
11540	74,0559	44,56464	74,71125	45,87537
11560	74,05589	44,56464	74,05588	45,87536
11580	74,05588	44,56464	74,71123	45,87536
11600	74,05588	44,56463	74,05586	45,87535
11620	73,40051	44,56463	74,05586	45,87535
11640	73,4005	44,56463	74,05585	45,87535
11660	73,4005	44,56462	73,40049	45,87534
11680	73,4005	44,56462	74,05585	45,87535
11700	73,40049	44,56462	74,05585	45,87535
11720	73,40049	44,56462	73,40048	45,87535
11740	73,40049	44,56463	73,40048	45,87535
11760	73,40049	44,56462	77,98811	45,87535
11780	80,60963	44,56464	81,92035	45,87536
11800	81,26499	44,56465	81,92034	45,87537
11820	81,26499	44,56465	81,92034	45,87537
11840	81,26499	44,56466	81,26499	45,87538
11860	80,60964	44,56466	80,60963	45,87539
11880	80,60963	44,56467	81,26499	45,87539
11900	80,60964	44,56467	81,265	45,87539
11920	80,60965	44,56467	81,265	45,87539
11940	80,60965	44,56467	81,265	45,87539
11960	80,60965	44,56467	81,92037	45,87539
11980	81,26501	44,56467	81,92037	45,87539
12000	85,19727	44,56468	88,47413	45,87541
12020	87,81878	44,56468	88,47412	45,87541
12040	87,81876	44,56469	88,47412	45,87542
12060	87,81877	44,5647	89,12948	45,87542
12080	88,47413	44,56469	89,12949	45,87542
12100	89,12949	44,5647	89,12949	45,87542
12120	89,12949	44,5647	89,78484	45,87542
12140	89,78484	44,5647	90,44019	45,87543
12160	89,78483	44,56471	90,44018	45,87542
12180	89,12946	44,5647	90,44018	45,87542
12200	89,78482	44,5647	90,44018	45,87542
12220	89,78482	44,56469	90,44018	45,87541
12240	89,78483	44,56468	90,44018	45,8754
12260	89,12947	44,56467	91,09555	45,87539
12280	93,06171	44,56467	94,37244	45,87538
12300	93,06171	44,56466	93,71705	45,87538
12320	93,0617	44,56466	93,71706	45,87538
12340	93,0617	44,56466	93,71705	45,87539
12360	93,06169	44,56467	93,06169	45,87539
12380	93,0617	44,56467	93,0617	45,8754
12400	92,40635	44,56467	93,06171	45,8754
12420	93,06171	44,56468	93,06171	45,87541
12440	93,06172	44,56469	93,06171	45,87543
12460	93,06172	44,5647	93,71708	45,87543
12480	93,06174	44,56471	93,71708	45,87544
12500	92,40638	44,56472	93,06173	45,87545
12520	93,06174	44,56472	95,02783	45,87545
12540	95,68325	44,56473	96,3386	45,87545
12560	95,68325	44,56473	96,3386	45,87546
12580	95,68326	44,56474	96,33861	45,87546
12600	95,68326	44,56473	96,33861	45,87546
12620	95,68326	44,56474	96,33862	45,87546
12640	95,68327	44,56473	96,33862	45,87546
12660	96,33863	44,56474	96,33862	45,87546
12680	96,33862	44,56474	96,33861	45,87546
12700	95,68325	44,56474	95,68324	45,87546
12720	95,68325	44,56474	96,33861	45,87546
12740	95,02789	44,56473	95,68324	45,87545
12760	95,02789	44,56472	95,68323	45,87544
12780	95,68324	44,56472	95,02786	45,87544
12800	95,02787	44,56471	95,02786	45,87543
12820	95,02786	44,56471	95,68321	45,87543
12840	95,02784	44,56471	95,02783	45,87543
12860	94,37248	44,56471	95,02783	45,87543
12880	94,37247	44,5647	95,02782	45,87542
12900	94,37247	44,56469	95,02782	45,87541
12920	94,37246	44,56467	94,37246	45,87539
12940	93,71711	44,56465	94,37246	45,87537
12960	93,71711	44,56464	93,7171	45,87537
12980	93,06175	44,56463	93,7171	45,87535
13000	93,06175	44,56462	93,06174	45,87533
13020	92,40637	44,56459	81,92036	45,8753
13040	56,36077	44,56455	22,28151	45,87527
13060	-1,31168	44,56452	-10,48673	45,87516
13080	-9,176	44,56443	-5,89921	45,87516
13100	-5,8992	44,56444	-5,24385	45,87517
13120	-4,58848	44,56445	-3,93313	45,87518
13140	-3,93312	44,56445	-3,27777	45,87515
13160	-3,93312	44,56439	-3,27777	45,87507
13180	-4,58848	44,56433	-5,24385	45,87504
13200	-6,55456	44,56433	-7,20993	45,87515
13220	-9,176	44,56449	-9,17601	45,87521
13240	-9,83136	44,56448	-9,83137	45,87522
13260	-10,48672	44,5645	-9,83137	45,87522
13280	-10,48672	44,56451	-9,83137	45,87522
13300	-11,14208	44,56451	-10,48673	45,87523
13320	-11,14208	44,56451	-10,48673	45,87525
13340	-11,14208	44,56453	-10,48673	45,87525
13360	-11,14208	44,56454	-10,48673	45,87526
13380	-10,48672	44,56454	-9,83137	45,87526
13400	-10,48672	44,56454	-9,17601	45,87526
13420	-9,176	44,56453	-10,48673	45,87521
13440	-11,14208	44,56446	-9,83137	45,87519
13460	-9,83136	44,56447	-9,17601	45,87519
13480	-9,176	44,56447	-9,17601	45,8752
13500	-9,176	44,56448	-8,52065	45,8752
13520	-9,176	44,56448	-8,52065	45,8752
13540	-9,176	44,56448	-8,52065	45,8752
13560	-8,52064	44,56448	-8,52065	45,8752
13580	-7,86528	44,56448	-7,20993	45,8752
13600	-7,86528	44,56448	-7,20993	45,87521
13620	-7,86528	44,56449	-7,86529	45,8752
13640	-7,86528	44,56448	-7,86529	45,87521
13660	-7,86528	44,56448	-7,20993	45,8752
13680	-8,52064	44,56447	-7,20738	45,87519
13700	-7,86528	44,56447	-7,20993	45,87519
13720	-7,20992	44,56447	-6,55457	45,87519
13740	-7,20992	44,56447	-6,55457	45,87519
13760	-7,20992	44,56446	-6,55457	45,87519
13780	-7,20992	44,56446	-6,55457	45,87519
13800	-6,55456	44,56446	-6,55457	45,87519
13820	-7,20992	44,56446	-6,55457	45,87518
13840	-6,55456	44,56446	-6,55457	45,87518
13860	-6,55456	44,56446	-6,55457	45,87518
13880	-7,20992	44,56445	-5,89921	45,87517
13900	-6,55456	44,56445	-6,55457	45,87518
13920	-6,55456	44,56445	-5,89921	45,87517
13940	-6,55456	44,56445	-5,89921	45,87517
13960	-6,55456	44,56445	-5,89921	45,87517
13980	-6,55456	44,56445	-5,89921	45,87517
14000	-6,55456	44,56445	-5,24385	45,87517
14020	-0,00095999999999918	44,56446	5,89732	45,87518
14040	5,89736	44,56444	5,24197	45,87516
14060	4,58661	44,56444	5,24197	45,87516
14080	4,58662	44,56443	5,24197	45,87515
14100	3,93126	44,56443	4,58661	45,87515
14120	3,93125	44,56442	4,58661	45,87515
14140	4,58662	44,56442	4,58661	45,87515
14160	3,93125	44,56443	4,5866	45,87515
14180	3,93125	44,56443	3,93124	45,87515
14200	3,27589	44,56443	3,93124	45,87515
14220	3,27589	44,56442	3,93124	45,87514
14240	3,93125	44,56441	3,93125	45,87514
14260	2,6205	44,56441	2,62047	45,87513
14280	2,62049	44,56441	3,27584	45,87514
14300	2,62049	44,56441	3,27584	45,87514
14320	3,27585	44,56441	3,9312	45,87514
14340	3,27585	44,56441	3,27585	45,87514
14360	2,62049	44,56442	3,27584	45,87514
14380	2,6205	44,56441	3,27584	45,87513
14400	2,6205	44,56442	3,27585	45,87513
14420	2,6205	44,56442	3,27585	45,87514
14440	2,6205	44,56442	3,27585	45,87514
14460	2,62049	44,56442	3,27584	45,87514
14480	2,6205	44,56442	3,27585	45,87514
14500	2,62049	44,56442	3,27584	45,87514
14520	4,58662	44,56442	14,41719	45,87516
14540	18,34912	44,56443	18,34942	45,87513
14560	17,69406	44,56442	18,34941	45,87515
14580	18,34942	44,56442	18,34941	45,87514
14600	18,35197	44,56442	18,34941	45,87514
14620	17,69406	44,56441	19,00477	45,87514
14640	18,34941	44,56441	18,34941	45,87514
14660	18,34942	44,56442	19,00477	45,87514
14680	18,34941	44,56441	19,00476	45,87514
14700	18,34941	44,56442	19,66012	45,87515
14720	18,34941	44,56443	19,66012	45,87515
14740	18,34941	44,56443	19,00476	45,87515
14760	18,34941	44,56444	19,00476	45,87515
14780	18,34941	44,56444	19,00476	45,87516
14800	18,3494	44,56444	19,66012	45,87516
14820	19,00477	44,56444	21,62622	45,87516
14840	32,7675	44,56446	37,35508	45,87518
14860	36,04435	44,56445	36,69969	45,87518
14880	36,04434	44,56446	36,69969	45,87519
14900	36,04434	44,56447	36,04433	45,87519
14920	36,04434	44,56447	36,04433	45,87519
14940	36,04434	44,56447	36,04434	45,87519
14960	36,04435	44,56447	36,69971	45,8752
14980	35,38899	44,56447	36,04435	45,87519
15000	36,04435	44,56447	36,04434	45,87519
15020	36,04435	44,56447	36,04434	45,87519
15040	36,04434	44,56447	36,6997	45,87519
15060	36,04435	44,56447	37,35505	45,87519
15080	36,69971	44,56447	36,6997	45,87519
15100	36,69971	44,56447	46,53023	45,87521
15120	58,98238	44,56452	64,88079	45,87524
15140	62,91468	44,56449	61,60393	45,87521
15160	60,94857	44,56448	60,94856	45,87519
15180	60,2932	44,56446	60,94855	45,87518
15200	60,29318	44,56446	60,94852	45,87518
15220	60,29316	44,56446	61,60387	45,87519
15240	61,60386	44,56446	62,25921	45,87519
15260	62,25921	44,56447	62,91456	45,87519
15280	62,91455	44,56446	60,29304	45,87517
15300	58,32692	44,56443	59,63763	45,87516
15320	59,63764	44,56443	60,29299	45,87516
15340	60,29298	44,56444	60,94833	45,87516
15360	60,94834	44,56445	62,25905	45,87517
15380	61,60369	44,56445	62,25904	45,87516
15400	62,25904	44,56445	63,56975	45,87517
15420	62,9144	44,56444	64,22511	45,87516
15440	64,22511	44,56444	64,88046	45,87515
15460	65,53582	44,56443	66,84653	45,87514
15480	66,84653	44,56442	68,15724	45,87513
15500	68,8126	44,5644	70,12331	45,87512
15520	70,77867	44,56439	72,08939	45,87511
15540	72,08939	44,56437	72,74475	45,87509
15560	73,40012	44,56436	74,71083	45,87507
15580	74,05549	44,56435	75,3662	45,87506
15600	74,71085	44,56433	76,02156	45,87504
15620	76,02157	44,56431	76,67692	45,87502
15640	77,33228	44,56429	81,91985	45,87501
15660	95,02733	44,56437	104,85796	45,87511
15680	102,23649	44,56436	102,23642	45,87508
15700	102,23643	44,56436	104,2025	45,87507
15720	104,85786	44,56434	106,16857	45,87506
15740	104,85786	44,56433	106,82394	45,87504
15760	106,82395	44,5643	108,13467	45,875
15780	107,47933	44,56426	108,13469	45,87496
15800	107,47935	44,56422	108,13727	45,87493
15820	107,47939	44,56419	107,4794	45,87491
15840	106,82405	44,56419	107,47941	45,87491
15860	106,82406	44,56418	106,82405	45,8749
15880	107,47942	44,56417	108,13477	45,87489
15900	108,79014	44,56417	109,44549	45,87489
15920	108,79014	44,56416	110,75622	45,87489
15940	110,75622	44,56417	111,41158	45,87489
15960	111,41158	44,56416	112,06694	45,87489
15980	112,06694	44,56417	113,37766	45,87489
16000	112,72232	44,56417	113,37767	45,87489
16020	113,37768	44,56417	114,03304	45,87489
16040	114,03304	44,56417	114,6884	45,8749
16060	114,03305	44,56417	115,34376	45,87489
16080	114,68841	44,56417	115,34377	45,87489
16100	115,34377	44,56416	115,99913	45,87488
16120	115,99913	44,56416	116,65448	45,87488
16140	115,99912	44,56416	117,30983	45,87487
16160	122,55282	44,56419	129,10495	45,87494
16180	130,41735	44,56422	131,07267	45,87493
16200	130,4173	44,56421	131,07265	45,87493
16220	131,07265	44,5642	131,72799	45,87492
16240	131,07263	44,5642	131,72798	45,87491
16260	131,72798	44,56419	132,38334	45,87491
16280	132,38333	44,56419	133,03867	45,87491
16300	132,38332	44,56418	132,38331	45,8749
16320	131,72795	44,56418	133,03866	45,87489
16340	132,38331	44,56417	132,3833	45,87489
16360	132,38332	44,56416	127,7957	45,87488
16380	108,78984	44,56417	86,50708	45,8749
16400	56,36011	44,56419	36,69919	45,87491
16420	34,07776	44,56416	36,04383	45,87489
16440	37,35456	44,56417	37,35455	45,87491
16460	37,35456	44,56419	38,00991	45,87492
16480	38,00992	44,5642	38,66527	45,87492
16500	38,00992	44,56421	38,66527	45,87493
16520	38,00992	44,56421	38,00991	45,87494
16540	38,00992	44,56422	38,66527	45,87494
16560	38,00992	44,56422	38,66527	45,87494
16580	38,00992	44,56423	38,66527	45,87494
16600	38,00992	44,56422	38,66527	45,87494
16620	38,00992	44,56422	38,66527	45,87494
16640	38,66528	44,56422	39,32063	45,87494
16660	38,66528	44,56422	39,32063	45,87494
16680	38,66528	44,56421	39,32063	45,87493
16700	38,00992	44,56419	36,69919	45,87488
16720	36,04384	44,56415	37,35455	45,87488
16740	36,6992	44,56416	37,35455	45,87488
16760	37,35456	44,56415	38,00991	45,87488
16780	37,35456	44,56415	38,00991	45,87487
16800	38,00992	44,56415	38,66527	45,87487
16820	38,00992	44,56415	38,00991	45,87487
16840	38,00992	44,56414	38,66527	45,87487
16860	38,00992	44,56414	38,66527	45,87486
16880	38,00992	44,56413	38,00991	45,87485
16900	38,00992	44,56412	38,00991	45,87481
16920	37,35456	44,56409	38,00991	45,87481
16940	37,35456	44,56409	37,35455	45,87481
16960	37,35456	44,56409	38,00991	45,87481
16980	37,35456	44,56409	37,35455	45,87481
17000	37,35456	44,56409	37,35455	45,8748
17020	36,6992	44,56408	38,00991	45,8748
17040	37,35456	44,56408	37,35455	45,8748
17060	37,35456	44,56408	37,35455	45,8748
17080	37,35456	44,56408	38,00991	45,87479
17100	37,35456	44,56407	37,35455	45,87478
17120	36,6992	44,56406	37,35455	45,87477
17140	38,66528	44,56403	43,25279	45,87474
17160	42,59744	44,564	42,59743	45,87472
17180	41,94208	44,564	42,59743	45,87472
17200	42,59744	44,56399	43,25279	45,87471
17220	42,59744	44,56398	43,90815	45,87469
17240	43,2528	44,56397	43,90815	45,87468
17260	43,2528	44,56396	43,90815	45,87468
17280	43,90816	44,56396	43,90815	45,87468
17300	43,90816	44,56395	44,56351	45,87467
17320	43,2528	44,56396	43,90815	45,87468
17340	43,2528	44,56395	43,90815	45,87468
17360	43,90816	44,56396	44,56351	45,87468
17380	43,90816	44,56397	44,56351	45,87469
17400	44,56352	44,56397	45,21887	45,87469
17420	45,21888	44,56397	45,87423	45,87469
17440	45,87424	44,56398	46,52959	45,8747
17460	45,87424	44,56398	46,52959	45,87471
17480	45,87424	44,56399	46,52959	45,87471
17500	45,87424	44,56399	46,52959	45,87471
17520	45,87424	44,56399	45,87423	45,87471
17540	45,21888	44,56398	45,87423	45,8747
17560	46,5296	44,56397	49,80639	45,87467
17580	49,8064	44,56395	50,46175	45,87467
17600	49,8064	44,56395	50,46175	45,87467
17620	49,8064	44,56395	49,80639	45,87467
17640	49,8064	44,56394	49,80639	45,87467
17660	49,15104	44,56395	49,15106	45,87468
17680	48,49573	44,56397	49,1511	45,87469
17700	48,49576	44,56398	48,49577	45,87471
17720	47,84042	44,56399	48,49578	45,87472
17740	47,84041	44,564	48,49576	45,87473
17760	47,84039	44,56401	47,84037	45,87474
17780	47,185	44,56402	47,84034	45,87475
17800	47,18498	44,56403	47,18497	45,87476
17820	46,52961	44,56404	46,52961	45,87477
17840	46,52962	44,56405	47,18497	45,87478
17860	46,52962	44,56405	47,18497	45,87477
17880	47,18498	44,56406	47,84035	45,87478
17900	-61,60476	44,56406	48,49571	45,87478
17920	48,49572	44,56407	49,15108	45,87479
17940	49,15109	44,56407	49,80644	45,8748
17960	49,15109	44,56408	49,80643	45,87481
17980	49,15108	44,56408	49,80643	45,8748
18000	49,80644	44,56407	58,98159	45,8748
18020	64,22457	44,56408	64,87992	45,87479
18040	63,56919	44,56406	64,22453	45,87478
18060	64,22454	44,56405	63,56917	45,87477
18080	63,56917	44,56405	63,56915	45,87477
18100	62,9138	44,56403	63,56915	45,87475
18120	62,25843	44,56402	62,25841	45,87474
18140	61,60306	44,56401	62,25841	45,87472
18160	60,94769	44,564	61,60304	45,87471
18180	60,94768	44,56398	60,94767	45,8747
18200	60,29232	44,56397	60,94766	45,87469
18220	60,29231	44,56396	60,94765	45,87468
18240	64,2245	44,56395	68,81207	45,87467
18260	68,81208	44,56395	68,81205	45,87466
18280	68,81206	44,56394	69,46741	45,87466
18300	68,15669	44,56393	68,81205	45,87465
18320	67,50133	44,56392	66,84595	45,87465
18340	66,19059	44,56392	66,19058	45,87465
18360	64,2245	44,56393	64,87985	45,87465
18380	64,22449	44,56393	64,22448	45,87465
18400	63,56912	44,56393	63,56911	45,87465
18420	62,91376	44,56393	63,56911	45,87465
18440	63,56912	44,56393	63,56911	45,87465
18460	64,22449	44,56393	64,87983	45,87465
18480	64,87984	44,56393	65,5352	45,87465
18500	64,87985	44,56392	66,19057	45,87465
18520	65,53522	44,56393	66,19057	45,87465
18540	66,19058	44,56393	68,81202	45,87465
18560	78,64261	44,56395	87,16244	45,87469
18580	87,81785	44,56396	87,81782	45,87468
18600	87,16246	44,56395	87,81781	45,87468
18620	87,16245	44,56395	87,8178	45,87467
18640	87,16245	44,56395	87,8178	45,87467
18660	87,16245	44,56394	87,8178	45,87466
18680	87,16245	44,56394	87,8178	45,87466
18700	87,16245	44,56393	87,8178	45,87465
18720	87,16245	44,56393	87,16243	45,87465
18740	87,16244	44,56393	87,81779	45,87465
18760	87,16244	44,56394	87,81779	45,87465
18780	87,16244	44,56394	87,81779	45,87466
18800	87,16244	44,56393	87,8178	45,87465
18820	87,8178	44,56393	88,47315	45,87466
18840	87,16244	44,56393	88,47315	45,87465
18860	87,8178	44,56393	88,47315	45,87465
18880	87,8178	44,56393	88,47315	45,87465
18900	87,8178	44,56393	88,47314	45,87465
18920	88,47316	44,56393	89,1285	45,87465
18940	88,47315	44,56393	89,1285	45,87466
18960	89,12851	44,56394	89,1285	45,87467
18980	88,47314	44,56396	89,78386	45,87469
19000	89,1285	44,56396	89,78385	45,87469
19020	88,47314	44,56397	88,47313	45,87469
19040	88,47314	44,56397	88,47312	45,87469
19060	88,47314	44,56397	89,12849	45,87468
19080	88,47314	44,56394	89,12849	45,87466
19100	87,81778	44,56394	88,47314	45,87465
19120	87,81779	44,56392	87,81779	45,87463
19140	87,16244	44,5639	87,16243	45,87462
19160	86,50707	44,56388	87,16242	45,8746
19180	86,50706	44,56386	87,16241	45,87458
19200	86,50705	44,56386	87,81777	45,87458
19220	-61,6043	44,56386	87,16241	45,87458
19240	87,16242	44,56385	87,16241	45,87458
19260	87,16241	44,56386	87,1624	45,87458
19280	86,50705	44,56385	86,50704	45,87457
19300	85,85169	44,56384	85,85167	45,87456
19320	84,54095	44,56383	85,1963	45,87456
19340	84,54095	44,56383	85,19629	45,87455
19360	84,54094	44,56383	85,19629	45,87455
19380	84,54094	44,56383	85,1963	45,87455
19400	84,54094	44,56383	85,1963	45,87455
19420	84,54095	44,56383	85,1963	45,87455
19440	85,19632	44,56384	85,85167	45,87456
19460	84,54096	44,56384	85,85167	45,87456
19480	84,54096	44,56384	85,19631	45,87457
19500	84,54096	44,56384	85,19631	45,87457
19520	84,54096	44,56384	85,19632	45,87457
19540	84,54096	44,56385	85,19631	45,87457
19560	84,54097	44,56385	85,19632	45,87456
19580	83,23022	44,56383	81,91946	45,87453
19600	81,91947	44,56382	82,57483	45,87454
19620	81,91947	44,56382	83,23019	45,87454
19640	82,57484	44,56382	83,23019	45,87454
19660	82,57483	44,56381	83,88555	45,87453
19680	82,57484	44,56381	83,23019	45,87453
19700	82,57484	44,56381	83,23019	45,87453
19720	82,57483	44,56381	83,23019	45,87453
19740	83,2302	44,56381	83,88555	45,87454
19760	83,88555	44,56382	84,5409	45,87454
19780	83,23019	44,56381	84,5409	45,87454
19800	84,54091	44,56382	84,54091	45,87454
19820	84,54091	44,56381	85,19626	45,87454
19840	84,54091	44,56382	85,19625	45,87454
19860	85,19627	44,56382	85,85162	45,87454
19880	85,19627	44,56382	85,85162	45,87454
19900	85,19627	44,56382	87,16236	45,87454
19920	88,47314	44,56381	89,1285	45,87453
19940	88,47314	44,56381	88,47313	45,87453
19960	88,47314	44,56381	88,47313	45,87453
19980	88,47313	44,56381	88,47313	45,87452
20000	88,47313	44,5638	89,12848	45,87453
20020	88,47313	44,56381	89,12848	45,87453
20040	88,47313	44,56381	88,47312	45,87453
20060	88,47313	44,56381	89,12848	45,87453
20080	88,47312	44,56381	89,12848	45,87453
20100	89,12849	44,56381	89,78384	45,87454
20120	89,12849	44,56381	89,12848	45,87454
20140	89,12849	44,56382	89,78384	45,87455
20160	89,12849	44,56383	89,12848	45,87455
20180	89,12849	44,56383	89,78384	45,87456
20200	89,12849	44,56384	89,78385	45,87456
20220	89,78385	44,56384	89,78385	45,87457
20240	89,78386	44,56385	90,43922	45,87457
20260	89,12851	44,56385	89,78387	45,87457
20280	89,78388	44,56385	90,43923	45,87458
20300	89,78389	44,56386	90,43924	45,87458
20320	89,78389	44,56385	90,43925	45,87458
20340	89,7839	44,56384	90,43926	45,87456
20360	90,43926	44,56384	90,43926	45,87457
20380	89,7839	44,56384	90,43925	45,87456
20400	90,43927	44,56384	91,09462	45,87456
20420	90,43926	44,56384	91,09462	45,87456
20440	90,43926	44,56384	91,09462	45,87455
20460	90,43926	44,56383	91,09461	45,87455
20480	91,09462	44,56383	91,74997	45,87455
20500	91,09461	44,56383	91,09461	45,87456
20520	90,43925	44,56384	91,0946	45,87457
20540	90,43925	44,56385	91,09459	45,87457
20560	90,43924	44,56384	92,40534	45,87457
20580	97,64837	44,56387	100,92524	45,8746
20600	99,61451	44,56387	100,26986	45,8746
20620	100,26986	44,56387	100,92521	45,87459
20640	100,26986	44,56387	100,92521	45,87459
20660	100,26985	44,56387	100,26984	45,87458
20680	99,61448	44,56386	100,26983	45,87458
20700	99,61448	44,56386	99,61446	45,87457
20720	98,95911	44,56385	99,61446	45,87456
20740	98,95911	44,56384	99,61446	45,87456
20760	98,95911	44,56383	99,61446	45,87454
20780	102,23597	44,56383	104,20209	45,87455
20800	103,54673	44,56382	103,54671	45,87454
20820	103,54671	44,56382	104,20207	45,87454
20840	102,89135	44,56381	103,5467	45,87453
20860	102,89134	44,56381	102,89134	45,87452
20880	102,89134	44,56381	102,89134	45,87452
20900	102,23598	44,5638	102,89133	45,87452
20920	102,23598	44,5638	102,89133	45,87452
20940	102,23598	44,56379	102,89133	45,87452
20960	101,58062	44,56379	102,23597	45,87451
20980	102,23598	44,56379	102,23597	45,8745
21000	101,58061	44,56378	102,23597	45,8745
21020	106,16822	44,5638	113,37733	45,87455
21040	115,34349	44,56382	115,34347	45,87454
21060	114,6881	44,56381	115,34346	45,87453
21080	114,6881	44,56381	114,68809	45,87453
21100	114,6881	44,56381	114,68809	45,87453
21120	114,68809	44,56381	115,34345	45,87453
21140	114,6881	44,56381	115,34345	45,87454
21160	114,68809	44,56381	115,34344	45,87454
21180	114,03273	44,56381	114,68808	45,87454
21200	114,03273	44,56382	114,68808	45,87453
21220	114,03273	44,56381	114,68808	45,87453
21240	113,37737	44,56381	114,68808	45,87453
21260	114,03272	44,56381	114,68807	45,87453
21280	114,03272	44,5638	114,68807	45,87452
21300	114,03272	44,5638	114,68807	45,87453
21320	114,03271	44,56381	114,68807	45,87453
21340	114,03272	44,56381	114,68807	45,87454
21360	114,03272	44,56382	114,68807	45,87454
21380	114,03271	44,56382	114,68807	45,87454
21400	114,03272	44,56383	114,68807	45,87455
21420	114,03271	44,56383	114,68806	45,87455
21440	114,03271	44,56383	114,0327	45,87456
21460	114,0327	44,56384	114,0327	45,87456
21480	114,0327	44,56385	114,68805	45,87457
21500	114,0327	44,56385	114,68805	45,87458
21520	114,0327	44,56386	114,68805	45,87458
21540	114,0327	44,56387	114,68806	45,87459
21560	110,10047	44,56387	97,64834	45,8746
21580	79,29792	44,56388	60,29221	45,8746
21600	49,15104	44,56385	49,80639	45,87457
21620	50,46176	44,56386	51,11711	45,87458
21640	50,46176	44,56385	51,77247	45,87457
21660	51,11712	44,56385	51,77247	45,87458
21680	51,77248	44,56385	52,42783	45,87457
21700	51,77248	44,56385	51,77247	45,87457
21720	51,77248	44,56385	52,42783	45,87456
21740	51,77248	44,56384	52,42783	45,87456
21760	52,42784	44,56384	52,42783	45,87456
21780	47,84032	44,56384	38,66527	45,87453
21800	35,38848	44,56382	36,04383	45,87454
21820	36,04384	44,56382	37,35455	45,87454
21840	36,6992	44,56383	36,69919	45,87454
21860	36,6992	44,56382	36,69919	45,87455
21880	36,6992	44,56382	37,35455	45,87455
21900	36,6992	44,56382	37,35455	45,87455
21920	36,6992	44,56383	37,35455	45,87455
21940	36,6992	44,56382	37,35455	45,87454
21960	37,35456	44,56382	37,35455	45,87454
21980	37,35456	44,56382	38,00991	45,87453
22000	36,04384	44,56381	36,04383	45,87451
22020	36,04384	44,56379	36,69919	45,87451
22040	36,04384	44,56379	36,69919	45,87451
22060	36,04384	44,56379	36,69919	45,87451
22080	36,04384	44,56378	36,69919	45,87451
22100	36,04384	44,56379	36,69919	45,87451
22120	36,6992	44,56378	36,69919	45,8745
22140	36,6992	44,56378	37,35455	45,8745
22160	36,04384	44,56378	37,35455	45,8745
22180	36,6992	44,56378	36,69919	45,8745
22200	36,04384	44,56378	36,04383	45,8745
22220	33,4224	44,56377	33,42239	45,87448
22240	33,4224	44,56377	33,42239	45,87449
22260	32,76704	44,56378	32,76703	45,87451
22280	32,11168	44,56379	32,11167	45,87452
22300	31,45632	44,5638	31,45631	45,87452
22320	30,1456	44,56381	30,80095	45,87453
22340	30,1456	44,56381	30,14559	45,87454
22360	29,49024	44,56382	29,49023	45,87455
22380	29,49024	44,56383	29,49023	45,87456
22400	28,83488	44,56383	30,14559	45,87456
22420	29,49024	44,56384	30,14559	45,87456
22440	29,49024	44,56384	-60,94945	45,87457
22460	30,1456	44,56385	30,14559	45,87457
22480	30,80096	44,56384	34,07775	45,87455
22500	34,73312	44,56383	34,73311	45,87455
22520	34,73312	44,56383	34,73311	45,87455
22540	34,07776	44,56382	34,73311	45,87454
22560	34,07776	44,56382	34,73311	45,87455
22580	34,07776	44,56382	34,73311	45,87454
22600	34,07776	44,56383	34,07775	45,87454
22620	34,07776	44,56383	34,07775	45,87454
22640	38,00992	44,56383	52,43038	45,87457
22660	59,63693	44,56385	58,98154	45,87455
22680	58,32616	44,56383	59,63687	45,87456
22700	59,63686	44,56383	59,63684	45,87455
22720	58,98147	44,56383	59,6368	45,87455
22740	58,98144	44,56384	58,98143	45,87456
22760	57,67072	44,56385	57,67071	45,87458
22780	56,36	44,56387	55,70463	45,8746
22800	54,39392	44,56388	53,08319	45,87462
22820	51,77248	44,56391	50,46175	45,87464
22840	49,15104	44,56392	47,84031	45,87465
22860	46,5296	44,56394	46,52959	45,87467
22880	44,56352	44,56396	45,21887	45,87468
22900	43,90816	44,56397	43,90815	45,8747
22920	42,59744	44,56398	42,59743	45,87471
22940	41,94208	44,56398	41,28671	45,87471
22960	39,32064	44,56398	36,04383	45,87469
22980	34,73312	44,56397	35,38847	45,8747
23000	34,73312	44,56398	34,73311	45,87471
23020	34,07776	44,56399	34,07775	45,87471
23040	34,07776	44,56399	34,07775	45,87472
23060	33,4224	44,564	33,42239	45,87473
23080	32,76704	44,56401	33,42239	45,87474
23100	33,4224	44,56402	33,42239	45,87475
23120	32,76704	44,56403	39,97599	45,87476
23140	53,73862	44,56409	58,98166	45,87483
23160	57,67094	44,56409	57,01555	45,87482
23180	57,01556	44,5641	57,67092	45,87481
23200	57,01556	44,5641	57,67091	45,87482
23220	57,01555	44,56409	57,01555	45,8748
23240	57,01555	44,56408	57,67091	45,8748
23260	57,01555	44,56407	57,6709	45,87479
23280	57,01555	44,56407	57,6709	45,87479
23300	57,01556	44,56407	57,67091	45,87479
23320	57,01556	44,56407	58,32627	45,87478
23340	57,67092	44,56406	58,32627	45,87478
23360	58,32627	44,56405	58,98163	45,87477
23380	60,94776	44,56405	64,22462	45,87478
23400	64,88	44,56405	65,53534	45,87477
23420	64,87999	44,56404	66,1907	45,87477
23440	65,53535	44,56404	66,1907	45,87476
23460	65,53534	44,56403	66,1907	45,87476
23480	66,1907	44,56403	66,84606	45,87475
23500	66,84606	44,56402	67,50141	45,87474
23520	66,84606	44,56402	67,50141	45,87474
23540	67,50142	44,56402	68,15676	45,87474
23560	67,50141	44,56402	68,15676	45,87474
23580	67,5014	44,56402	68,15675	45,87474
23600	68,15676	44,56401	68,15675	45,87474
23620	68,15676	44,56401	68,81212	45,87473
23640	68,15676	44,56401	68,81212	45,87473
23660	68,81212	44,56401	68,81212	45,87473
23680	68,81212	44,56401	69,46747	45,87474
23700	68,81212	44,56401	69,46748	45,87473
23720	69,46748	44,56401	70,12283	45,87473
23740	70,12283	44,564	70,77818	45,87473
23760	70,12283	44,564	71,43354	45,87473
23780	70,77819	44,564	71,43354	45,87473
23800	71,43355	44,564	72,0889	45,87472
23820	71,43355	44,56399	72,0889	45,87471
23840	71,43355	44,56399	72,0889	45,87471
23860	71,43355	44,56398	72,0889	45,8747
23880	71,43355	44,56398	72,0889	45,8747
23900	71,43354	44,56398	72,08889	45,8747
23920	71,43353	44,56397	72,08889	45,8747
23940	70,77818	44,56397	72,08888	45,87469
23960	70,77817	44,56397	71,43352	45,87469
23980	71,43353	44,56397	71,43352	45,87468
24000	70,77817	44,56396	71,43352	45,87467
24020	74,71037	44,56397	84,54097	45,87472
24040	89,78401	44,56402	90,43937	45,87473
24060	89,78399	44,564	89,78398	45,87472
24080	89,12862	44,56399	89,78397	45,87471
24100	89,78398	44,56398	89,12861	45,87471
24120	89,12861	44,56398	89,78396	45,8747
24140	89,12861	44,56397	89,78396	45,87469
24160	88,47325	44,56397	89,78396	45,87469
24180	89,1286	44,56396	89,78396	45,87469
24200	88,47324	44,56396	89,12859	45,87468
24220	88,47324	44,56396	88,47323	45,87469
24240	88,47323	44,56396	88,47322	45,87468
24260	87,81787	44,56396	88,47322	45,87468
24280	87,81787	44,56396	88,47322	45,87468
24300	87,81786	44,56396	88,47321	45,87468
24320	89,12859	44,56395	91,75009	45,87469
24340	93,06083	44,56396	93,06081	45,87468
24360	93,06082	44,56396	93,71617	45,87468
24380	93,06082	44,56395	93,71617	45,87467
24400	94,37153	44,56394	95,02689	45,87466
24420	95,02689	44,56393	95,68224	45,87465
24440	95,68225	44,56393	96,3376	45,87466
24460	95,68225	44,56393	96,99296	45,87466
24480	96,33761	44,56393	96,99296	45,87465
24500	96,33761	44,56393	96,99297	45,87465
24520	96,33761	44,56393	96,33761	45,87465
24540	95,68225	44,56394	96,33761	45,87466
24560	95,68225	44,56394	96,3376	45,87466
24580	96,33761	44,56393	96,33761	45,87466
24600	95,68225	44,56394	96,3376	45,87466
24620	95,68225	44,56394	95,68224	45,87466
24640	95,02689	44,56395	95,68225	45,87467
24660	95,0269	44,56394	95,68225	45,87467
24680	95,0269	44,56395	95,02689	45,87467
24700	94,37154	44,56395	95,02689	45,87467
24720	93,71618	44,56395	94,37153	45,87467
24740	96,99303	44,56397	105,51288	45,87472
24760	110,75593	44,564	111,41131	45,87471
24780	110,10057	44,56398	110,75592	45,87471
24800	110,10057	44,56398	110,75592	45,8747
24820	109,4452	44,56398	110,10056	45,8747
24840	109,4452	44,56397	109,4452	45,8747
24860	108,78984	44,56397	108,78984	45,87469
24880	108,78984	44,56398	109,44519	45,8747
24900	108,78984	44,56397	109,4452	45,87469
24920	108,13449	44,56398	108,78984	45,87469
24940	108,78985	44,56397	108,78984	45,87469
24960	107,47913	44,56397	108,13448	45,87469
24980	104,85763	44,56397	104,20224	45,87469
25000	104,20226	44,56396	104,85761	45,87468
25020	104,20225	44,56396	104,8576	45,87468
25040	104,20226	44,56396	105,51297	45,87468
25060	104,85762	44,56396	105,51297	45,87468
25080	104,85761	44,56396	105,51296	45,87468
25100	104,8576	44,56396	106,16831	45,87468
25120	105,51296	44,56396	106,16831	45,87469
25140	105,51296	44,56396	106,16831	45,87469
25160	114,03278	44,564	123,20805	45,87476
25180	125,82958	44,56404	125,82955	45,87475
25200	125,17418	44,56402	125,82953	45,87474
25220	125,82953	44,56402	125,82953	45,87474
25240	125,82953	44,56401	125,82951	45,87473
25260	125,82952	44,56401	126,48487	45,87473
25280	125,82952	44,56401	126,48487	45,87473
25300	125,82951	44,564	125,82951	45,87473
25320	125,17415	44,564	126,48486	45,87473
25340	125,82951	44,56401	126,48487	45,87473
25360	125,82951	44,564	126,48487	45,87473
25380	125,82951	44,564	126,48487	45,87472
25400	125,82951	44,564	126,48486	45,87473
25420	125,82952	44,564	126,48487	45,87472
25440	125,17414	44,56399	123,208	45,87471
25460	122,55264	44,56398	123,86336	45,8747
25480	123,20801	44,56398	123,86336	45,8747
25500	123,20801	44,56398	123,86336	45,87471
25520	123,20801	44,56398	124,51872	45,8747
25540	123,20801	44,56399	124,51872	45,8747
25560	123,86337	44,56398	124,51872	45,8747
25580	123,86337	44,56397	123,86336	45,8747
25600	123,86337	44,56397	124,51871	45,87469
25620	124,51872	44,56397	124,51871	45,87469
25640	124,51872	44,56397	124,51871	45,87469
25660	124,51872	44,56397	125,17407	45,87469
25680	124,51872	44,56397	125,17407	45,87469
25700	124,51872	44,56397	125,17407	45,87469
25720	124,51872	44,56396	125,17406	45,87468
25740	124,51872	44,56396	125,82943	45,87469
25760	125,17408	44,56396	125,82943	45,87469
25780	125,17408	44,56397	125,82943	45,87469
25800	124,51872	44,56397	125,17407	45,8747
25820	125,17408	44,56397	125,82944	45,87469
25840	125,17409	44,56397	125,82944	45,87469
25860	125,17409	44,56396	125,82944	45,87469
25880	125,17409	44,56397	127,14017	45,87469
25900	129,7617	44,56399	131,07245	45,87472
25920	129,76172	44,56399	130,41707	45,87472
25940	129,76172	44,564	130,41707	45,87472
25960	129,76172	44,56399	130,41707	45,87471
25980	129,76171	44,56399	130,41707	45,87471
26000	129,76171	44,56399	130,41707	45,87471
26020	130,41707	44,56399	130,41706	45,87471
26040	130,41707	44,56399	130,41706	45,87472
26060	130,41706	44,56399	131,07241	45,87471
26080	130,41706	44,56399	130,41705	45,87471
26100	129,10634	44,56399	130,41705	45,87471
26120	129,7617	44,56399	130,41705	45,87471
26140	129,7617	44,56399	130,41705	45,87471
26160	129,7617	44,56399	130,41705	45,87471
26180	129,7617	44,56399	130,41705	45,87471
26200	130,41705	44,56399	130,41705	45,87471
26220	130,41705	44,56399	130,41705	45,87471
26240	130,41706	44,564	130,41705	45,87473
26260	129,10633	44,564	130,41705	45,87473
26280	129,7617	44,564	130,41705	45,87473
26300	129,7617	44,56401	130,41706	45,87473
26320	129,7617	44,56401	130,41705	45,87473
26340	129,7617	44,56401	129,76169	45,87473
26360	121,24184	44,56401	104,85747	45,87475
26380	86,50704	44,56405	68,81196	45,87476
26400	53,0832	44,56405	41,94207	45,87479
26420	39,976	44,56409	41,94207	45,87483
26440	41,28672	44,56414	41,94207	45,87489
26460	41,94208	44,56419	42,59743	45,87493
26480	42,59744	44,56423	43,25279	45,87498
26500	42,59744	44,56427	43,90815	45,87501
26520	43,2528	44,5643	43,90815	45,87504
26540	43,2528	44,56432	44,56351	45,87506
26560	43,90816	44,56433	43,90815	45,87505
26580	43,2528	44,56433	43,90815	45,87504
26600	43,90816	44,56431	44,56351	45,87502
26620	43,90816	44,56429	35,38847	45,87502
26640	26,8688	44,56428	26,86879	45,875
26660	27,52416	44,56427	28,17951	45,87498
26680	27,52416	44,56425	27,52415	45,87587
26700	26,8688	44,56424	27,52415	45,87495
26720	26,8688	44,56422	27,52415	45,87494
26740	26,8688	44,56421	28,17951	45,87492
26760	27,52416	44,56417	23,59199	45,87482
26780	20,3152	44,56404	22,28127	45,87476
26800	22,28128	44,56402	22,93663	45,87474
26820	22,28128	44,56402	22,93663	45,87473
26840	22,28128	44,564	22,93663	45,87472
26860	22,28128	44,56399	22,93663	45,87471
26880	22,93664	44,56399	22,93663	45,87471
26900	22,93664	44,56398	22,93663	45,8747
26920	22,28128	44,56397	22,93663	45,87469
26940	22,93664	44,56397	23,59199	45,87468
26960	22,93664	44,56395	23,59199	45,87467
26980	22,93664	44,56394	23,59199	45,87467
27000	22,93664	44,56515	24,24735	45,87465
27020	26,8688	44,56391	30,80095	45,87461
27040	30,80096	44,56389	30,80095	45,87461
27060	30,1456	44,56389	30,80095	45,21924
27080	30,1456	43,25315	30,80095	44,56388
27100	30,80096	41,94243	30,80095	42,59779
27120	30,80096	40,6317	30,80095	41,94242
27140	30,1456	39,97634	30,80095	40,63169
27160	30,1456	38,66561	30,80095	39,97633
27180	30,80096	38,01024	38,00991	39,97633
27200	53,0832	39,97634	57,01535	39,97633
27220	55,70464	38,01023	55,70463	38,66559
27240	55,04928	37,35486	55,70463	38,01022
27260	55,04928	36,04414	55,70463	36,69949
27280	55,70464	35,38877	55,70463	36,04413
27300	55,04928	34,73341	55,70463	36,04413
27320	55,04928	34,07805	55,70463	35,38877
27340	55,04928	34,07805	55,70463	35,38877
27360	55,70464	34,07805	55,70463	35,38877
27380	55,70464	34,07805	55,70463	35,38877
27400	55,04928	34,07805	55,70463	35,38878
27420	55,04928	34,07806	55,70463	35,38878
27440	55,04928	33,4227	55,04927	35,38878
27460	61,60288	36,69953	69,46732	40,63172
27480	70,12273	38,01027	70,1227	39,97634
27500	68,81199	38,66563	70,1227	39,97635
27520	68,81198	38,66562	68,81198	39,97635
27540	68,81199	39,32098	68,81198	39,97634
27560	68,15663	38,66562	68,81198	39,32098
27580	68,15663	38,01025	68,81198	39,97633
27600	68,15662	37,35489	68,15662	38,6656
27620	68,15662	36,69952	68,81197	37,35489
27640	68,15661	35,3888	68,81196	36,04416
27660	68,1566	34,07808	68,81195	34,73344
27680	68,1566	32,76736	69,4673	32,76736
27700	68,81195	31,45664	69,4673	32,112
27720	68,81194	30,14591	69,46729	31,45663
27740	68,81194	29,49055	69,46729	30,80127
27760	68,81193	29,49055	70,12264	30,80127
27780	69,46729	28,83518	70,12264	30,80126
27800	69,46729	29,49054	71,43337	30,80126
27820	83,23006	35,38885	94,37144	38,66569
27840	97,64835	38,01033	96,99297	38,66568
27860	96,33761	37,35495	96,99296	39,32103
27880	96,99296	38,01031	96,99295	39,32103
27900	96,33759	38,01031	96,33757	38,66567
27920	95,68221	36,04423	95,68221	37,35495
27940	95,02684	36,04422	95,68219	37,35495
27960	95,68219	36,69959	95,68219	38,66566
27980	95,6822	38,01031	96,99292	39,97639
28000	95,68221	39,32103	96,33756	41,28711
28020	96,33756	40,63175	96,33755	41,94248
28040	95,6822	41,28712	96,33756	43,2532
28060	96,34012	42,59784	96,33758	43,90857
28080	95,68224	43,25321	96,33759	44,56394
28100	95,68224	43,25322	96,3376	45,21931
28120	96,33761	43,90859	96,33761	45,21932
28140	96,33762	44,56396	96,33762	45,87469
28160	95,68226	44,56398	96,33763	45,8747
28180	95,68227	44,56398	96,99299	45,87471
28200	96,33764	44,56399	96,99301	45,87472
28220	95,68229	44,564	96,33765	45,87472
28240	95,6823	44,56399	96,33766	45,87472
28260	95,68231	44,564	96,33767	45,87472
28280	95,68232	44,564	95,68231	45,87473
28300	95,68231	44,56401	96,33767	45,87473
28320	95,68232	44,56401	96,99304	45,87473
28340	102,23604	44,56401	106,16829	45,87474
28360	105,51294	44,56401	106,16828	45,87473
28380	104,85757	44,56401	106,16829	45,87472
28400	104,85758	44,56399	106,16829	45,8747
28420	105,51294	44,56398	105,51293	45,87469
28440	105,51293	44,56515	106,16828	45,87469
28460	105,51293	44,56397	113,37734	45,87472
28480	125,8295	44,56407	130,41715	45,87481
28500	127,14029	44,56407	126,48489	45,87479
28520	126,48491	44,56406	126,4849	45,87478
28540	126,4849	44,56405	127,14025	45,87477
28560	126,4849	44,56405	127,14025	45,87477
28580	126,4849	44,56405	126,48489	45,87477
28600	126,4849	44,56403	126,4849	45,87475
28620	125,17419	44,56403	125,82955	45,87475
28640	125,1742	44,56402	125,17421	45,87474
28660	125,17422	44,56401	125,82959	45,87473
28680	125,17424	44,56401	125,82961	45,87473
28700	125,17427	44,56401	125,82963	45,87473
28720	125,17429	44,56401	125,17429	45,87473
28740	124,51894	44,56402	124,51893	45,87475
28760	123,86359	44,56402	-42,59786	45,87474
28780	123,8636	44,56402	124,51895	45,87475
28800	121,89748	44,56402	106,82386	45,87477
28820	83,88578	38,01044	60,94777	32,76755
28840	50,46183	28,83534	50,46183	31,45677
28860	52,42794	32,11211	53,08328	34,73355
28880	52,42792	34,07818	53,73863	36,04426
28900	53,08326	34,07818	53,73862	36,04425
28920	53,73862	34,07817	54,39397	36,04425
28940	54,39398	34,73353	55,04934	36,04425
28960	54,39398	34,73353	55,7047	36,04425
28980	54,39398	34,07817	49,15103	32,11209
29000	44,56352	29,49063	45,21887	31,45671
29020	45,87424	30,80135	46,52959	32,76742
29040	45,87424	31,4567	46,52959	32,76742
29060	46,5296	31,4567	46,52959	32,76742
29080	46,5296	31,4567	47,18495	32,11206
29100	47,18496	30,80133	47,18495	32,11205
29120	46,5296	30,14597	47,18495	30,80133
29140	46,5296	29,49059	47,18495	30,80131
29160	47,18496	28,17986	46,52959	28,17986
29180	35,38848	22,28163	23,59199	20,97089
29200	20,97056	19,66016	23,59199	21,62625
29220	23,592	20,97087	23,59199	22,28159
29240	22,93664	20,97219	23,59199	22,28158
29260	22,93664	20,97085	23,59199	22,28157
29280	22,93664	21,62621	22,93663	22,28157
29300	22,93664	20,97084	23,59199	22,28155
29320	23,592	20,97083	24,24735	22,93691
29340	23,592	20,97082	24,24735	22,28154
29360	23,592	20,97082	24,24735	22,9369
29380	24,24736	20,97081	24,24735	22,28153
29400	23,592	20,97082	24,90271	22,28153
29420	24,24736	20,97081	24,24735	22,28153
29440	24,24736	20,31545	24,24735	21,62617
29460	23,592	20,9708	24,24735	22,28152
29480	24,24736	20,31544	24,24735	20,9708
29500	24,24736	19,66008	24,90271	20,31543
29520	24,24736	18,34935	24,90271	19,66007
29540	24,24736	18,34935	24,90271	19,00471
29560	24,24736	17,69399	24,24735	19,00472
29580	23,592	18,34936	30,80095	20,31544
29600	43,2528	22,28153	52,42783	24,90298
29620	53,0832	22,93689	53,08319	23,59225
29640	52,42784	22,93688	53,08319	23,59224
29660	51,77248	22,93688	52,42783	24,2476
29680	51,77248	22,28151	51,77247	23,59223
29700	51,77248	22,28151	51,77247	23,59223
29720	51,77248	22,28151	51,77247	23,59223
29740	51,11712	21,62615	51,77247	22,93687
29760	51,11712	20,97078	51,77247	21,62614
29780	51,11712	20,97077	51,77502	21,62613
29800	50,46176	20,31541	51,11711	21,62613
29820	50,46176	19,66005	50,46175	20,97078
29840	50,46176	20,31541	50,46175	21,62613
29860	49,8064	20,31541	50,46175	21,62613
29880	49,8064	20,3154	49,80639	20,97077
29900	51,77248	20,97077	60,94763	24,90294
29920	68,15678	24,90296	68,81215	25,55831
29940	67,50141	24,24759	67,5014	25,55832
29960	67,50141	23,59223	67,50141	24,90295
29980	66,84605	23,59223	-60,94916	24,24759
30000	66,84605	22,2815	67,50141	23,59222
30020	66,84606	21,62613	67,50141	21,62614
30040	66,1907	19,66005	66,84605	20,97077
30060	66,84606	19,66005	66,84605	20,97077
30080	66,1907	19,66004	67,50142	20,31541
30100	66,84607	19,00469	67,50141	20,3154
30120	66,84607	18,34932	67,50142	19,66004
30140	67,50143	18,34932	67,50142	19,66004
30160	67,50142	18,34932	68,15677	19,66004
30180	67,50142	17,69396	68,81213	19,66004
30200	68,15677	18,34931	68,15676	19,00468
30220	68,81213	18,34931	76,67658	22,93687
30240	83,88574	24,24761	84,54113	25,55833
30260	83,88574	24,24759	84,54108	25,55832
30280	84,54109	24,24759	84,54108	25,55831
30300	84,54108	24,24759	84,54107	26,21367
30320	83,88571	24,24759	84,54106	26,21367
30340	84,54107	24,90294	85,19642	26,21367
30360	84,54106	25,5583	85,19641	26,21367
30380	84,54105	25,5583	84,54104	26,86903
30400	83,88569	26,21367	84,54104	27,52439
30420	84,54104	26,21366	85,19639	27,52438
30440	84,54103	26,21367	85,19639	27,52438
30460	84,54103	26,21366	86,50714	27,52437
30480	87,16254	25,55828	87,81789	26,86901
30500	87,16252	25,55829	87,16251	27,52437
30520	86,50715	26,21364	87,16251	26,869
30540	86,50715	26,21364	87,1625	27,52437
30560	86,50714	25,55828	87,81786	26,86901
30580	86,50714	25,55829	87,1625	26,86901
30600	87,1625	24,90292	87,81785	26,21365
30620	87,16251	24,90293	87,81786	25,55828
30640	87,16251	24,90292	87,81786	26,21364
30660	87,16251	24,90292	87,81786	26,21364
30680	86,50716	24,90292	87,81787	26,21365
30700	87,16251	25,55829	87,16251	26,86902
30720	87,16251	26,21366	87,81787	28,17974
30740	87,16252	27,52438	87,16251	29,49046
30760	87,16252	28,17974	87,16251	30,14583
30780	87,16252	29,49046	87,16252	29,49046
30800	87,81787	33,42266	85,19635	45,87474
30820	74,71046	44,56429	69,46747	45,87511
30840	66,19064	44,56443	66,84598	45,87518
30860	66,84599	44,56449	67,50134	45,87526
30880	66,84599	44,56457	67,50135	45,87531
30900	66,19064	44,56459	64,87992	45,87533
30920	62,91384	44,56462	62,25848	45,87535
30940	60,94777	44,56462	60,94776	45,87536
30960	60,29241	44,56465	60,29241	45,87537
30980	59,63706	44,56466	59,63705	45,87538
31000	49,1512	44,56476	38,00995	45,87556
31020	32,11168	44,56483	34,07775	45,87554
31040	35,38848	44,56483	35,38847	45,87555
31060	35,38848	44,56483	36,69919	45,87554
31080	36,6992	44,56482	38,66528	45,87554
31100	38,66529	44,56481	39,97601	45,87552
31120	39,97601	44,5648	41,28673	45,87552
31140	40,63138	44,5648	41,28673	45,87552
31160	41,28674	44,5648	41,94209	45,87552
31180	41,9421	44,56481	41,94209	45,87552
31200	41,28674	44,5648	40,63136	45,87552
31220	29,49024	44,56481	20,31519	45,87555
31240	13,10624	44,5648	14,41695	45,87552
31260	15,72768	44,5648	16,38303	45,87551
31280	16,38304	44,56479	17,03839	45,87551
31300	17,0384	44,56479	17,03839	45,8755
31320	17,0384	44,56477	17,69375	45,87549
31340	17,0384	44,56477	17,69375	45,87549
31360	17,0384	44,56476	17,69375	45,87547
31380	17,0384	44,56475	15,72767	45,87546
31400	13,10624	44,56472	13,76159	45,87544
31420	13,10624	44,56471	13,76159	45,87543
31440	13,10624	44,56471	13,76159	45,87543
31460	13,7616	44,5647	15,07231	45,87543
31480	14,41696	44,5647	15,07231	45,87543
31500	15,07232	44,56471	15,72767	45,87543
31520	15,72768	44,5647	16,38303	45,87543
31540	17,0384	44,56471	17,69375	45,87544
31560	17,69376	44,56471	18,34911	45,87542
31580	18,34912	44,56469	19,00447	45,8754
31600	18,34912	44,56466	19,00447	45,87537
31620	19,00448	44,56464	19,65983	45,87536
31640	19,00448	44,56463	20,31519	45,87535
31660	26,21344	44,56462	31,45631	45,87534
31680	32,76704	44,56461	32,76703	45,87532
31700	32,11168	44,5646	33,42239	45,87532
31720	32,76704	44,56459	33,42239	45,87531
31740	32,76704	44,56458	34,07775	45,8753
31760	32,76704	44,56457	34,07775	45,87529
31780	32,76704	44,56456	34,07775	45,87529
31800	33,4224	44,56456	34,07775	45,87529
31820	33,4224	44,56456	34,07775	45,87529
31840	32,76704	44,56457	34,07775	45,8753
31860	33,4224	44,56458	34,07775	45,87531
31880	33,4224	44,56459	34,07775	45,87531
31900	33,4224	44,5646	34,07775	45,87532
31920	33,4224	44,5646	34,07775	45,87533
31940	33,4224	44,56461	34,07775	45,87533
31960	32,76704	44,5646	34,07775	45,87533
31980	33,4224	44,56461	33,42239	45,87533
32000	32,76704	44,56461	34,07775	45,87533
32020	42,59744	44,56462	66,19057	45,87539
32040	77,33193	44,56469	76,67656	45,8754
32060	75,36581	44,56468	76,67653	45,87541
32080	76,67654	44,5647	77,33188	45,87543
32100	76,67653	44,5647	77,33187	45,87544
32120	76,67652	44,56471	77,33187	45,87545
32140	76,67651	44,56473	77,33186	45,87546
32160	76,02115	44,56474	76,67649	45,87546
32180	76,02369	44,56515	76,02113	45,87547
32200	75,36578	44,56474	76,02114	45,87547
32220	75,36579	44,56474	75,36578	45,87546
32240	75,36579	44,56473	75,36578	45,87545
32260	74,71044	44,56473	74,71042	45,87545
32280	74,05507	44,56471	74,71042	45,87544
32300	74,05507	44,56471	75,36586	45,87544
32320	84,54103	44,56473	85,19641	45,87544
32340	84,54104	44,56472	84,54103	45,87545
32360	84,54105	44,56472	84,54105	45,87544
32380	83,8857	44,56471	83,88569	45,87542
32400	79,95349	44,56469	58,98162	45,8754
32420	28,17952	44,56464	17,03839	45,87534
32440	11,79552	44,56458	15,07231	45,87529
32460	15,72768	44,56457	15,72767	45,87528
32480	15,72768	44,56456	17,03839	45,87528
32500	17,0384	44,56456	17,69375	45,87527
32520	17,0384	44,56454	18,34911	45,87525
32540	18,34912	44,56452	19,00447	45,87524
32560	17,69376	44,56452	19,00447	45,87523
32580	18,34912	44,56451	19,00447	45,87523
32600	18,34912	44,5645	19,00447	45,87522
32620	18,34912	44,5645	19,00447	45,87521
32640	18,34912	44,56449	19,00447	45,87521
32660	18,34912	44,56448	19,00447	45,87519
32680	18,34912	44,56446	19,00447	45,87518
32700	19,00448	44,56446	19,65983	45,87518
32720	19,00448	44,56445	19,65983	45,87518
32740	19,00448	44,56446	19,65983	45,87518
32760	18,34912	44,56446	19,00447	45,87518
32780	18,34912	44,56445	19,00447	45,87517
32800	19,00448	44,56445	24,90271	45,87515
32820	27,52416	44,56442	29,49023	45,87513
32840	28,83488	44,56441	28,83487	45,87513
32860	28,17952	44,56441	28,83487	45,87514
32880	28,17952	44,56442	28,83487	45,87514
32900	28,17952	44,56443	28,17951	45,87515
32920	27,52416	44,56443	28,17951	45,87515
32940	27,52416	44,56443	27,52415	45,87515
32960	26,8688	44,56443	27,52415	45,87515
32980	26,8688	44,56442	27,52415	45,87515
33000	26,8688	44,56443	27,52415	45,87515
33020	26,8688	44,56443	27,52415	45,87515
33040	26,8688	44,56442	27,52415	45,87514
33060	27,52416	44,56442	27,52415	45,87514
33080	27,52416	44,56441	27,52415	45,87513
33100	26,8688	44,56441	27,52415	45,87513
33120	26,8688	44,5644	27,52415	45,87513
33140	26,8688	44,5644	27,52415	45,87512
33160	26,8688	44,5644	27,52415	45,87513
33180	26,8688	44,5644	26,86879	45,87512
33200	26,8688	44,5644	26,86879	45,87512
33220	26,21344	44,56439	32,76703	45,87513
33240	49,15106	44,56442	59,63696	45,87514
33260	57,0155	44,56441	57,01547	45,87513
33280	56,36012	44,56442	57,01547	45,87513
33300	56,36011	44,56441	57,01546	45,87513
33320	56,36011	44,56441	57,01546	45,87513
33340	56,36011	44,5644	57,01546	45,87513
33360	56,3601	44,5644	57,01546	45,87513
33380	56,3601	44,5644	57,01545	45,87513
33400	56,3601	44,5644	56,36009	45,87512
33420	55,70473	44,5644	56,36008	45,87513
33440	55,70472	44,5644	55,70472	45,87513
33460	58,32618	44,5644	64,22451	45,87514
33480	65,53527	44,56441	66,19062	45,87513
33500	65,53526	44,56441	66,19062	45,87513
33520	65,53526	44,56441	66,19061	45,87513
33540	65,53526	44,56441	66,19061	45,87513
33560	65,53527	44,56441	66,19062	45,87514
33580	65,53526	44,56441	66,19062	45,87514
33600	65,53526	44,56442	66,19062	45,87514
33620	65,53526	44,56442	66,19062	45,87515
33640	65,53526	44,56443	66,19062	45,87515
33660	65,53526	44,56443	66,19061	45,87515
33680	65,53527	44,56442	66,19061	45,87515
33700	65,53526	44,56443	66,19061	45,87514
33720	65,53526	44,56443	66,19061	45,87514
33740	65,53526	44,56442	65,53525	45,87514
33760	65,53526	44,56442	65,53525	45,87514
33780	73,39967	44,56443	83,88566	45,87519
33800	90,43946	44,56448	91,09482	45,87518
33820	89,78408	44,56446	90,43944	45,87519
33840	90,43944	44,56446	91,09479	45,87518
33860	90,43944	44,56445	90,43943	45,87518
33880	90,43944	44,56446	91,09479	45,87517
33900	90,43943	44,56445	90,43943	45,87517
33920	89,78408	44,56445	90,43943	45,87518
33940	89,78407	44,56445	90,43943	45,87518
33960	89,78407	44,56445	90,43943	45,87517
33980	89,78406	44,56445	90,43942	45,87518
34000	89,78407	44,56445	89,78406	45,87518
34020	89,78407	44,56446	90,43942	45,87518
34040	89,78406	44,56446	89,1287	45,87517
34060	89,12871	44,56445	89,78406	45,87518
34080	89,1287	44,56445	89,12869	45,87517
34100	89,1287	44,56444	89,12869	45,87517
34120	89,1287	44,56445	89,78405	45,87517
34140	89,12869	44,56444	89,78405	45,87517
34160	89,12869	44,56444	89,12868	45,87517
34180	89,12869	44,56444	89,78404	45,87516
34200	89,12869	44,56444	89,78404	45,87516
34220	89,12868	44,56444	89,78404	45,87516
34240	89,12868	44,56444	89,78403	45,87515
34260	89,12868	44,56443	89,78403	45,87515
34280	86,5072	44,56442	77,33194	45,87513
34300	65,53527	44,56438	62,2584	45,87511
34320	62,91378	44,56438	64,2245	45,8751
34340	64,2245	44,56437	64,87985	45,8751
34360	64,22451	44,56437	64,87986	45,87509
34380	64,22451	44,56437	64,87986	45,87509
34400	64,87988	44,56437	64,87987	45,87509
34420	64,22451	44,56437	64,87987	45,87509
34440	64,22452	44,56436	64,87987	45,87508
34460	64,22452	44,56435	64,22706	45,87508
34480	64,22452	44,56435	64,87987	45,87507
34500	64,22452	44,56435	64,87988	45,87508
34520	64,22452	44,56435	64,87988	45,87507
34540	64,22452	44,56435	64,87989	45,87507
34560	64,22454	44,56435	64,22453	45,87508
34580	63,56918	44,56435	64,22453	45,87507
34600	64,22455	44,56435	64,8799	45,87507
34620	64,22455	44,56435	64,8799	45,87508
34640	64,87992	44,56436	65,53527	45,87508
34660	64,87992	44,56436	65,53527	45,87508
34680	64,87993	44,56436	65,53528	45,87508
34700	64,87993	44,56435	68,15677	45,87505
34720	72,08903	44,56429	73,39977	45,87499
34740	72,08904	44,56428	73,39975	45,875
34760	72,74439	44,56427	73,39975	45,87499
34780	73,39974	44,56427	74,05509	45,87499
34800	72,74436	44,56426	73,39971	45,87499
34820	72,08899	44,56427	72,74434	45,87499
34840	72,08899	44,56427	72,08898	45,87499
34860	71,43362	44,56427	71,43362	45,875
34880	71,43363	44,56427	75,36587	45,87498
34900	75,3659	44,56427	75,36589	45,875
34920	75,36589	44,5643	76,67663	45,87503
34940	76,67664	44,56433	77,98737	45,87507
34960	78,64275	44,56433	79,29812	45,87502
34980	79,9535	44,56425	80,60886	45,87493
35000	79,95351	44,56415	80,60886	45,87482
35020	79,9535	44,56405	79,9535	45,87473
35040	79,29814	44,56397	79,95348	44,56393
35060	79,95348	41,28711	80,60883	41,94246
35080	80,60882	41,2871	81,91953	43,90856
35100	81,91953	44,56393	83,23023	45,87469
35120	82,57487	44,564	83,88558	45,87475
35140	83,23022	44,56406	83,88558	45,8748
35160	83,23023	44,5641	83,88559	45,87483
35180	83,88562	44,56411	84,54098	45,87484
35200	84,54101	44,56411	85,85173	45,87483
35220	85,85175	44,5641	87,16247	45,87482
35240	86,50712	44,56409	87,81784	45,87481
35260	87,1625	44,56409	87,81785	45,87482
35280	87,16249	44,5641	86,50712	45,87483
35300	85,1964	44,56411	89,12861	45,87485
35320	100,92535	44,56419	108,13449	45,87493
35340	107,47916	44,56419	106,82374	45,87491
35360	106,16838	44,56418	106,16837	45,8749
35380	105,513	44,56417	106,16835	45,8749
35400	105,51298	44,56417	106,16833	45,87488
35420	104,85762	44,56416	106,16834	45,87489
35440	106,16835	44,56416	106,8237	45,87489
35460	106,16835	44,56417	106,82371	45,8749
35480	106,82373	44,56419	107,47909	45,87492
35500	106,16839	44,5642	108,13447	45,87493
35520	108,1345	44,56421	108,13451	45,87493
35540	107,47917	44,56421	108,7899	45,87494
35560	108,78992	44,56422	109,44529	45,87495
35580	108,13459	44,56424	109,44532	45,87496
35600	109,44534	44,56425	110,10071	45,87498
35620	110,10074	44,56427	109,44537	45,875
35640	101,58093	44,56433	92,4057	45,87507
35660	88,4735	44,56433	91,09497	45,87505
35680	91,75036	44,56434	91,75036	45,87507
35700	91,75038	44,56435	93,0611	45,87508
35720	93,06112	44,56436	93,71648	45,87509
35740	93,06114	44,56437	93,7165	45,87508
35760	93,06115	44,56435	93,71652	45,87505
35780	93,71653	44,56432	94,37189	45,87502
35800	84,54154	44,56429	66,84702	24,90353
35820	55,05093	-43,25388	48,4977	45,87525
35840	44,56585	-132,38227	34,73557	-137,62493
35860	30,14815	-133,69277	32,11429	-128,44989
35880	39,97862	-127,79453	55,70711	-121,24093
35900	71,4355	-108,13404	86,50853	-86,50736
35920	92,40658	-70,77889	98,30464	-53,08427
35940	103,54741	-41,28789	108,13487	-26,86999
35960	109,44556	-16,38424	111,4116	-5,24312
35980	112,06695	1,31048	113,37765	6,55335
36000	112,72229	8,51942	114,03299	13,10693
36020	114,03298	14,41765	114,68833	16,38372
36040	114,03297	18,3498	114,68831	24,90341
36060	114,03294	28,18022	114,03292	34,07848
36080	112,7222	38,66604	112,72219	45,87503
36100	112,06683	44,56434	112,06681	45,87511
36120	110,10074	44,56441	106,16848	45,87515
36140	102,23626	44,56444	101,58088	45,87519
36160	101,58089	44,56449	101,58087	45,87524
36180	100,27016	44,56453	100,9255	45,87527
36200	100,27015	44,56456	100,27012	45,87529
36220	99,61477	44,56458	99,61475	45,87531
36240	98,30404	44,56459	98,95938	45,87531
36260	97,64866	44,56458	98,30402	45,87531
36280	97,64866	44,56459	97,64865	45,87531
36300	96,9933	44,56459	97,64865	45,87531
36320	96,9933	44,5646	97,64866	45,87533
36340	96,99331	44,56461	97,64867	45,87534
36360	97,64869	44,56463	97,64869	45,87535
36380	97,64871	44,56463	97,64871	45,87537
36400	96,99336	44,56466	97,64872	45,87539
36420	96,99337	44,56468	95,68264	45,87541
36440	79,95374	44,56473	47,84065	45,87552
36460	33,42242	44,56485	27,52415	45,87559
36480	28,83488	44,56489	30,80095	45,87565
36500	30,1456	44,56496	30,80095	45,87572
36520	30,1456	44,56503	30,80095	45,87578
36540	30,80096	44,56508	30,80095	45,8758
36560	30,1456	44,56508	30,80095	45,87578
36580	30,1456	44,56505	30,14559	45,87576
36600	29,49024	44,56503	29,49023	45,87574
36620	27,52416	44,56501	27,52415	45,87573
36640	26,21344	44,565	26,21343	45,87572
36660	24,90272	44,56499	21,62591	45,87569
36680	19,65984	44,56494	20,31519	45,87567
36700	19,65984	44,56494	20,31519	45,87567
36720	19,65984	44,56495	20,31519	45,87567
36740	20,97056	44,56495	21,62591	45,87567
36760	22,28128	44,56494	22,93663	45,87566
36780	21,62592	44,56494	21,62591	45,87565
36800	20,3152	44,56492	20,31519	45,87564
36820	20,3152	44,5649	21,62591	45,87561
36840	22,28128	44,56487	25,55807	45,87556
36860	26,21344	44,56483	28,83487	45,87553
36880	30,1456	44,56479	31,45631	45,87549
36900	32,76704	44,56474	34,07775	45,87546
36920	34,07776	44,56474	35,38847	45,87546
36940	35,38848	44,56473	36,04383	45,87544
36960	34,07776	44,5647	33,42239	45,87537
36980	30,1456	44,56458	26,86879	45,87522
37000	23,592	35,38941	16,38309	-4,58752
37020	17,03879	-53,08408	19,00524	-76,67682
37040	23,59304	-96,33725	29,49142	-102,89085
37060	33,42376	-106,82301	38,01141	-102,23549
37080	40,63295	-99,61405	43,25448	-94,37117
37100	45,22062	-93,06045	51,77427	-88,47293
37120	57,01721	-87,81757	64,88151	-84,54077
37140	72,74574	-79,95325	79,95456	-61,60317
37160	85,19727	-43,90845	88,47391	-27,52454
37180	92,40585	-10,4854	94,37175	9,83063
37200	92,4056	29,49142	89,12873	45,87542
37220	85,19654	44,56471	82,57505	45,87545
37240	79,29821	44,56476	78,64281	45,87552
37260	77,33207	44,5648	78,64276	45,87553
37280	77,9874	44,56478	81,26419	45,87543
37300	83,2303	44,56468	85,8518	45,87539
37320	88,47334	44,5646	89,78406	45,87535
37340	89,12869	44,56465	90,43938	45,87539
37360	90,43934	44,56466	92,40536	45,87536
37380	93,06067	44,56462	94,37134	45,87533
37400	95,02667	44,56457	96,99271	45,87527
37420	93,06048	44,56444	75,36554	45,87488
37440	58,98144	37,35496	57,67071	30,80125
37460	60,94752	30,1459	62,91359	30,80126
37480	62,9136	29,49054	63,56895	32,11201
37500	63,56896	33,42275	64,87967	38,01032
37520	64,87968	41,94255	66,19039	45,87479
37540	66,84576	44,56414	68,81183	45,87494
37560	68,15648	44,56428	68,15647	45,87507
37580	66,84576	44,5644	67,50112	45,87515
37600	67,50115	44,56445	69,46723	45,87519
37620	69,46725	44,56449	71,43333	45,87523
37640	70,77797	44,56453	71,43332	45,87527
37660	70,12259	44,56458	69,46719	45,87533
37680	68,81184	44,56462	68,81183	45,87537
37700	68,15648	44,56467	68,81183	45,87539
37720	69,4672	44,56465	71,43327	45,87538
37740	72,08864	44,56465	72,74399	45,87537
37760	72,744	44,56462	74,71007	45,87532
37780	89,1281	44,56446	132,38247	45,87501
37800	160,56357	44,56416	177,60333	45,87471
37820	179,56944	44,5639	181,53543	45,8746
37840	184,15686	44,56382	187,43365	45,87449
37860	189,39974	44,56371	191,36583	45,87438
37880	192,02123	44,56361	193,98733	45,8743
37900	194,64273	44,56355	193,9874	45,87424
37920	191,36599	44,5635	188,0892	45,87421
37940	183,5017	44,56349	180,22489	45,87423
37960	174,32664	44,56354	171,70515	45,87429
37980	168,4283	44,5636	167,1175	45,87436
38000	165,15135	44,56368	164,49591	45,87443
38020	163,18511	44,56374	163,18502	45,87449
38040	162,5296	44,56378	162,52952	45,87452
38060	162,52948	44,5638	163,84017	45,87452
38080	163,84016	44,5638	164,49551	45,87451
38100	163,84015	44,56378	164,4955	45,87451
38120	163,18479	44,56378	163,18479	45,87449
38140	161,87408	44,56376	162,52944	45,87447
38160	161,21874	44,56374	160,56337	45,87446
38180	159,90803	44,56373	159,90802	45,87445
38200	158,59732	44,56373	157,94196	45,87444
38220	157,28661	44,56373	157,28661	45,87445
38240	155,9759	44,56372	156,63126	43,25298
38260	155,32055	39,97617	154,66519	39,97617
38280	154,00984	35,38865	154,00984	32,76721
38300	152,69914	30,14576	152,69912	32,76722
38320	152,04377	31,4565	152,04376	33,42258
38340	150,73304	32,76722	151,38839	34,07795
38360	150,73304	32,76722	151,38839	34,07794
38380	150,73303	33,42258	150,73302	34,7333
38400	150,07766	33,42257	150,73301	34,7333
38420	150,73301	32,11184	150,73299	35,38867
38440	144,1793	44,56393	132,38263	45,87504
38460	114,68768	44,56464	92,40522	45,87559
38480	84,54079	44,56496	85,19613	45,87565
38500	85,8515	44,56495	87,16222	45,8757
38520	87,16223	44,56499	88,47295	45,87572
38540	87,8176	44,56501	89,12832	45,87573
38560	88,47298	44,56501	89,78371	45,87574
38580	89,78372	44,56503	90,43909	45,87576
38600	90,4391	44,56505	91,09445	45,87577
38620	91,74983	44,56505	92,40518	45,87577
38640	92,40519	44,56505	93,06055	45,87579
38660	93,06056	44,56507	93,71591	45,8758
38680	93,06057	44,56508	94,37129	45,8758
38700	94,37129	44,56507	95,68202	45,87579
38720	95,02667	44,56506	88,4729	45,87583
38740	70,77792	44,56515	53,08319	45,87587
38760	41,28672	44,56515	36,04383	45,87587
38780	36,04384	44,56515	38,66527	45,87587
38800	38,00992	44,56515	38,66527	45,87587
38820	38,66528	44,56515	39,32063	45,87587
38840	38,66528	44,56515	39,32063	45,87587
38860	38,00992	44,56515	38,66527	45,87587
38880	38,00992	44,56515	38,00991	45,87587
38900	37,35456	44,56515	37,35455	45,87587
38920	37,35456	44,56515	37,35455	45,87587
38940	37,35456	44,56515	37,35455	45,87587
38960	37,35456	44,56515	37,35455	45,87587
38980	36,6992	44,56515	36,69919	45,87587
39000	35,38848	44,56515	34,73311	45,87587
39020	33,4224	44,56515	33,42239	45,87587
39040	32,11168	44,56515	32,11167	45,87587
39060	30,1456	44,56515	29,49023	45,87587
39080	28,17952	44,56515	28,17951	45,87585
39100	26,8688	44,56506	27,52415	45,8757
39120	26,8688	44,56489	26,86879	45,87553
39140	26,21344	44,56473	26,86879	45,87541
39160	26,21344	44,56467	26,86879	45,87537
39180	26,21344	44,56461	26,21343	45,87525
39200	23,592	22,28222	24,90271	-19,66082
39220	35,38848	-60,94844	52,42827	-96,99311
39240	73,40056	-128,45013	82,57616	-145,48925
39260	96,33911	-159,25181	106,16974	-166,46077
39280	123,20927	-171,04829	144,18084	-167,77149
39300	160,56484	-161,21789	174,9827	-151,3877
39320	182,19162	-142,86824	185,46831	-129,10585
39340	186,77894	-116,65415	190,71105	-102,89166
39360	192,67714	-93,0613	193,33251	-81,26485
39380	192,67719	-73,40055	193,33255	-64,22552
39400	192,67721	-58,98264	193,98796	-51,11831
39420	193,98799	-45,22005	195,29873	-38,01108
39440	195,95412	-32,76818	196,60951	-24,24847
39460	196,60956	-19,66093	197,26495	-14,41803
39480	196,60962	-13,10729	197,92035	-9,17512
39500	197,92037	-9,83048	199,88644	-8,51976
39520	199,88643	-7,86441	201,19713	-5,89833
39540	201,85247	-7,20907	202,5078	-4,58764
39560	202,50779	-4,58765	202,50775	-3,93232
39580	203,81846	0,65523	211,02751	30,80217
39600	214,30447	44,56509	225,44566	45,87587
39620	229,37791	44,56515	228,72254	45,87587
39640	227,41182	44,56515	228,06717	45,87587
39660	227,41181	44,56515	226,75643	45,87587
39680	225,44571	44,56515	226,10106	45,87587
39700	224,79033	44,56515	224,79032	45,87587
39720	222,82425	44,56515	222,82424	45,87587
39740	221,51352	44,56515	221,51351	45,87587
39760	220,2028	44,56515	220,20278	45,87587
39780	220,20277	44,56515	220,85813	45,87587
39800	220,20278	44,56515	221,51351	45,87587
39820	222,16888	44,56515	222,82425	45,87587
39840	223,47963	44,56515	224,79035	45,87587
39860	224,79036	44,56515	226,10109	45,87587
39880	226,75645	44,56515	228,06716	45,87587
39900	228,72253	44,56515	229,37787	45,87587
39920	229,37786	44,56515	230,03321	45,87587
39940	230,0332	44,56515	230,68855	45,87587
39960	230,03319	44,56515	230,03317	45,87587
39980	230,03317	44,56515	230,68852	45,87587
