T	LX	LY	RX	RY
0	0	0	0	0
20	0	0	0	0
40	0,65535999999999	0,65535	-9,9999999960687E-6	0
60	0,65535999999999	-1,0000000003174E-5	-9,9999999960687E-6	-0,65535
80	0,65535999999999	-1,0000000003174E-5	0,65535	0
100	0,65535999999999	0,65535	0,65535	0
120	0,65535	0	0,65534	0
140	1,31071	0	1,96605	1,0000000003174E-5
160	1,96606	0	1,96605	1,0000000003174E-5
180	1,96606	0	1,31069	-0,65535
200	1,3107	0	1,31069	1,0000000003174E-5
220	1,96606	9,9999999960687E-6	1,96606	1,0000000003174E-5
240	1,96607	9,9999999960687E-6	2,62142	1,0000000003174E-5
260	1,96607	0	1,96606	1,0000000003174E-5
280	2,62143	0	1,96606	1,0000000003174E-5
300	2,62143	0,65536	2,62142	0
320	2,62143	0	2,62142	-0,65535999999999
340	2,62143	0	1,96606	0
360	2,62143	0	2,62142	0
380	2,62143	-1,0000000003174E-5	2,62142	0
400	2,62143	0	2,62142	0
420	2,62143	0,65535	2,62142	0,65536
440	2,62143	0,65535	1,96606	0
460	2,62143	0,65536	1,96606	0,65536
480	1,96607	0,65536	1,96607	0,65536
500	1,96607	1,31072	1,96607	1,31073
520	1,31072	1,96608	1,31071	1,96609
540	1,31072	2,62144	1,31071	3,27681
560	0,65535999999999	3,2768	2,62145	3,93217
580	2,62147	3,93216	1,9661	4,58752
600	1,96611	4,58752	1,9661	5,24288
620	1,31075	5,24287	1,31075	5,89825
640	1,31075	5,89824	1,31075	5,24288
660	1,31076	5,89824	1,31075	5,89825
680	0,6554	6,55359	0,65539	6,5536
700	0,6554	6,55359	0,65539	7,20896
720	0,65541	7,20895	0,65539	7,20896
740	0,65541	7,20895	3,0000000002417E-5	7,20896
760	3,9999999998486E-5	7,86431	3,9999999998486E-5	7,86432
780	4,9999999994554E-5	8,51967	3,9999999998486E-5	8,51968
800	-0,65531	9,17503	-0,65532	9,17504
820	-0,65531	9,17503	-1,31068	9,8304
840	-0,65531	9,83039	-0,65532	9,83039
860	-0,65531	10,48574	-0,65532	9,83039
880	-0,65531	9,83038	3,0000000002417E-5	10,48575
900	-0,65532	9,83038	3,0000000002417E-5	9,83038
920	-0,65533000000001	10,48573	-0,65533	9,83038
940	-0,65532	10,48573	-1,31069	10,48574
960	-0,65532	11,1411	-0,65532	10,48575
980	-1,31067	11,1411	-1,31068	10,48575
1000	-0,65531	11,14109	-1,31067	10,48574
1020	-1,31066	10,48573	-0,65531	10,48573
1040	-0,6553	10,48573	-0,65531	11,14109
1060	-0,6553	10,48572	-0,65531	9,83037
1080	-0,6553	10,48572	-0,6553	9,83037
1100	-0,6553	10,48572	-1,31066	10,48572
1120	-1,31065	9,83035	-1,31066	9,83036
1140	-0,6553	9,83035	-0,6553	9,83036
1160	-0,65529	9,83035	-0,6553	9,83036
1180	-0,65529	9,83035	-0,6553	9,83036
1200	-0,65529	9,83034	-0,6553	9,175
1220	-0,65529	9,83035	-0,65531	9,175
1240	-0,65529	9,17499	-0,6553	9,175
1260	5,89836	9,83035	17,69495	10,48573
1280	20,97181	11,14109	19,00573	11,1411
1300	19,00574	11,14109	19,00573	11,14109
1320	18,35038	11,14109	18,35037	11,14109
1340	18,35038	11,79644	18,35038	11,1411
1360	18,35039	11,79645	17,69502	11,79646
1380	17,69503	11,79645	17,69502	11,79646
1400	17,69503	11,79645	17,69502	11,79646
1420	17,69503	11,79645	17,69502	11,79646
1440	17,69503	11,79645	17,69502	11,79645
1460	18,35039	11,79645	17,69502	11,79646
1480	18,35039	11,79645	18,35038	11,14109
1500	18,35039	11,79645	18,35038	11,14109
1520	17,69503	11,14109	20,31648	11,1411
1540	26,87016	11,14109	28,83626	11,1411
1560	28,18091	11,79645	28,1809	11,79646
1580	28,18091	11,79645	28,1809	11,1411
1600	28,18091	11,14109	28,1809	11,1411
1620	28,83627	11,1411	28,83626	10,48575
1640	28,83627	10,48574	28,83626	10,48575
1660	28,83627	10,48574	28,83626	10,48575
1680	28,83627	10,48574	28,83626	10,48575
1700	35,38993	12,45184	50,46337	13,76261
1720	60,29388	15,07335	60,94927	15,07336
1740	59,63856	15,72871	59,63855	15,07336
1760	59,63856	15,07335	59,63855	15,07336
1780	59,63856	15,07335	58,98319	15,07336
1800	59,63856	15,07335	58,98319	15,07336
1820	58,9832	15,07335	58,98319	15,07336
1840	58,9832	15,72871	58,98319	15,07336
1860	58,9832	15,72871	59,63856	15,72872
1880	58,9832	16,38407	58,9832	15,72872
1900	58,9832	15,72871	58,98319	15,72871
1920	58,9832	15,7287	58,98319	15,72871
1940	58,98321	16,38406	58,98319	15,72871
1960	58,9832	15,7287	58,98319	15,72871
1980	58,9832	15,7287	58,98319	15,72871
2000	58,98321	15,7287	58,9832	15,72871
2020	58,98321	15,7287	59,63856	15,7287
2040	58,9832	15,7287	69,46907	18,35018
2060	87,81942	19,66095	100,27135	20,97172
2080	102,23745	20,97171	99,616	20,97172
2100	98,96065	20,97171	99,616	20,97172
2120	99,61601	21,62707	98,96064	20,97172
2140	99,61601	21,62707	99,61599	21,62708
2160	99,616	21,62707	99,61599	21,62708
2180	99,616	22,28243	98,96063	21,62708
2200	99,616	22,28243	99,61598	22,28244
2220	102,8928	22,9378	116,00004	24,24858
2240	122,55368	25,55933	123,20906	26,21471
2260	122,5537	26,21471	122,55368	26,21471
2280	123,20905	26,21471	123,20904	25,55936
2300	122,55368	26,21472	123,20903	25,55937
2320	123,20903	25,55936	123,20902	25,55937
2340	123,20903	26,21473	123,20902	25,55938
2360	123,20903	25,55937	123,86438	26,21474
2380	123,86438	25,55938	123,86437	25,55938
2400	123,86438	25,55937	123,86437	24,90402
2420	123,86437	25,55937	123,86437	24,90401
2440	124,51974	25,55936	123,86437	24,90401
2460	123,86438	24,24864	124,51973	24,24865
2480	125,1751	24,24865	125,17509	23,5933
2500	120,58755	21,62717	87,81936	17,69491
2520	39,97742	9,83051	4,58759	3,93226
2540	-9,83043	3,27687	-7,8643	5,24296
2560	-5,89819	5,24294	-5,8982	5,24295
2580	-5,24283	5,24294	-4,58747	4,58758
2600	-4,58747	5,24294	-3,93212	4,58759
2620	-3,92955	5,24295	-3,27676	4,58759
2640	-3,27674	4,58759	-2,62139	3,93224
2660	-2,62138	4,58759	-2,62139	3,93224
2680	-2,62138	3,93223	-2,6214	3,27687
2700	-2,62139	3,27687	-2,62139	3,27687
2720	-1,96603	3,27686	-1,96604	3,27687
2740	0,65544999999999	1,96614	4,58763	0,65543
2760	4,58764	1,31078	4,58763	1,31078
2780	3,93228	1,31077	4,58764	1,31077
2800	4,58764	1,31077	4,58764	0,65541
2820	4,58764	1,31077	4,58763	1,31078
2840	5,243	1,31077	5,24299	1,31078
2860	5,243	1,31076	5,89835	1,31077
2880	5,89836	1,96612	5,89834	1,31077
2900	6,55372	1,96612	17,03956	1,96614
2920	27,52544	2,6215	31,45765	3,27687
2940	31,45767	2,6215	31,45766	2,62151
2960	32,11302	2,6215	32,11301	2,6215
2980	32,11303	2,6215	32,11301	2,6215
3000	32,11302	2,6215	32,11301	2,62151
3020	32,11303	2,6215	32,11301	3,27687
3040	32,76838	2,6215	32,76838	3,27686
3060	32,76839	2,62149	32,76838	3,27686
3080	33,42375	3,27685	32,76838	2,62149
3100	33,42375	2,62148	35,38983	3,27685
3120	51,11864	5,24295	69,46892	5,89836
3140	74,05656	7,86444	70,77977	7,20909
3160	70,12442	7,20907	70,77977	7,86444
3180	70,77978	7,86443	70,77978	7,86444
3200	70,77979	7,86443	71,43514	7,86444
3220	70,77979	7,86443	71,43515	7,86443
3240	71,43516	7,86442	71,43515	7,20906
3260	71,43515	7,20906	71,43515	7,20906
3280	72,09053	7,86441	72,09052	7,20906
3300	72,09053	7,86441	72,74589	7,20905
3320	72,7459	7,86441	72,7459	7,20906
3340	73,40127	7,20904	70,77977	5,24296
3360	44,56502	0,65541	17,03958	-1,31068
3380	10,48595	-1,96606	13,10743	-0,65533
3400	13,76281	-0,65535	13,7628	-0,65534
3420	14,41816	-0,65536	13,7628	-0,65535
3440	14,41816	-0,65536	14,41815	-1,31072
3460	14,41817	-0,65537	15,07351	-1,31072
3480	15,07352	-1,31074	15,07351	-1,31073
3500	15,07352	-1,31074	15,72887	-1,31073
3520	15,72888	-0,65539	15,72887	-1,31074
3540	15,72888	-1,31075	15,72887	-1,31075
3560	15,72888	-0,6554	15,72887	-1,31075
3580	16,38424	-1,31076	15,72887	-1,31075
3600	16,38424	-0,6554	15,72887	-1,31076
3620	17,0396	-0,6554	24,90399	-3,9999999998486E-5
3640	30,14695	0,65532	28,83621	0,65533
3660	28,18085	0,65532	28,8362	0,65533
3680	28,83621	-3,9999999998486E-5	28,83619	-2,9999999995312E-5
3700	28,8362	-3,0000000002417E-5	28,83619	-0,65539
3720	28,18084	-3,9999999998486E-5	28,18083	-2,9999999995312E-5
3740	28,8362	-3,9999999998486E-5	28,18083	-0,65538
3760	41,28815	2,62143	64,88135	3,93221
3780	75,3673	4,58759	72,74589	4,5876
3800	70,77981	5,24294	70,7798	5,89831
3820	70,12446	6,55366	70,12445	6,55367
3840	70,12446	6,55366	70,12445	6,55366
3860	69,4691	6,55365	70,12445	6,55366
3880	69,4691	6,55365	69,4691	6,55366
3900	69,4691	6,55365	69,46909	6,55365
3920	69,4691	7,209	70,12446	6,55365
3940	70,12447	7,209	69,4691	6,55365
3960	70,12447	7,209	70,12446	6,55365
3980	70,12447	5,89828	70,12447	6,55364
4000	70,12448	6,55364	70,12446	5,89828
4020	70,12448	6,55363	70,12446	5,89828
4040	70,12447	6,55363	70,12447	5,89828
4060	72,09058	7,209	77,9889	7,20903
4080	77,98893	7,86438	77,33355	7,86438
4100	77,33356	7,86438	77,33356	7,86439
4120	76,67821	7,86438	77,33356	7,86439
4140	77,33357	7,86437	77,33356	7,86438
4160	77,33356	7,20902	77,33355	7,20902
4180	77,33356	7,20901	76,67819	7,20902
4200	77,33356	7,86437	77,33355	7,20902
4220	77,33355	7,20901	77,33354	7,20902
4240	77,33355	7,20901	77,33354	6,55366
4260	77,33354	6,55366	82,57645	8,51977
4280	108,79105	8,51985	126,48581	7,86456
4300	125,83046	8,51993	122,55365	9,83065
4320	122,55366	10,486	122,55366	10,48601
4340	122,55366	11,14136	122,55366	11,14137
4360	122,55366	11,79672	122,55365	11,79673
4380	122,55367	12,45208	121,8983	11,79673
4400	122,55367	12,45209	121,8983	12,45209
4420	121,89831	13,10744	121,89831	13,10745
4440	122,55368	13,10745	121,24294	13,10746
4460	121,89831	13,10745	121,89831	13,10746
4480	122,55368	13,10745	121,24295	13,10746
4500	121,89831	13,76281	121,8983	13,76281
4520	121,24295	13,76281	121,8983	13,76282
4540	122,55367	13,76281	122,55366	13,76282
4560	121,24294	14,41817	122,55366	13,76282
4580	122,55367	13,76281	122,55365	13,76282
4600	122,55367	14,41818	123,20902	13,76283
4620	123,86439	13,76283	123,20902	12,45211
4640	105,51424	9,17522	56,36162	0,00010999999999939
4660	16,38423	-8,51961	2,62156	-11,79643
4680	5,24306	-8,51964	5,89843	-7,20892
4700	5,89843	-7,20893	5,89843	-6,55358
4720	7,20916	-5,89822	6,55379	-5,89822
4740	7,20916	-5,89823	7,20914	-5,89823
4760	7,86451	-5,24288	7,86451	-5,24287
4780	7,86452	-5,24288	8,51987	-4,58751
4800	7,86451	-4,58752	8,51987	-5,24287
4820	8,51988	-4,58752	8,51987	-5,24288
4840	9,17525	-4,58752	10,48597	-3,27679
4860	11,79673	-2,62143	12,45208	-2,62143
4880	12,45209	-2,62144	12,45208	-1,96607
4900	11,79673	-1,96608	12,45209	-2,62143
4920	12,45209	-1,96608	12,45463	-2,62143
4940	12,45209	-2,62144	12,45208	-2,62143
4960	12,45209	-2,62144	12,45208	-3,2768
4980	12,45209	-2,62144	12,45208	-2,62144
5000	13,10745	-1,96608	13,7628	-2,62143
5020	22,28256	-1,31071	30,80233	-1,96605
5040	32,76844	-1,3107	32,11307	-1,31069
5060	32,76844	-1,31069	32,76843	-1,31069
5080	32,76844	-1,96605	-51,773	-1,96604
5100	32,76845	-1,31068	32,76844	-1,31067
5120	32,76845	-1,31068	32,76843	-1,31067
5140	32,76844	-1,31067	33,42379	-1,31067
5160	33,42381	-1,31067	33,42379	-1,96603
5180	33,4238	-1,31068	33,42379	-1,96603
5200	32,76844	-1,31067	38,6667	-0,6553
5220	57,01698	1,96617	70,12438	3,93229
5240	72,74595	4,58765	70,77987	5,24302
5260	70,77988	5,24301	70,77987	5,24301
5280	70,77988	5,243	70,12451	4,58765
5300	70,12453	5,243	70,77988	5,24301
5320	70,77989	5,243	70,77988	5,24301
5340	71,43525	5,24299	70,77988	5,243
5360	71,43525	5,24299	70,77988	5,243
5380	71,43525	5,24299	70,77989	5,243
5400	70,77989	5,24299	71,43524	5,24299
5420	70,77989	5,24299	77,33357	6,55374
5440	88,47483	7,20912	93,0624	7,8645
5460	91,7517	7,8645	91,09632	7,8645
5480	91,09634	7,86449	91,09633	7,86449
5500	91,09634	7,86449	91,09633	7,86449
5520	91,09634	7,86448	91,09633	7,86449
5540	91,09634	7,86448	91,09632	7,86449
5560	91,09634	7,86448	91,75169	7,86449
5580	91,09634	7,86448	91,09632	7,86449
5600	91,75169	7,86448	91,75169	7,86448
5620	91,75169	8,51983	91,75169	7,86448
5640	92,40705	8,51984	91,75168	7,86449
5660	91,75169	8,51984	91,75168	8,51985
5680	91,75169	8,51984	91,75167	8,51984
5700	91,75169	8,51983	91,75168	8,51985
5720	93,71777	9,83057	110,10178	11,7967
5740	127,14118	15,07358	135,66095	15,729
5760	136,31636	16,38437	133,6949	16,38438
5780	135,00562	16,38436	135,00561	16,38438
5800	135,00561	17,03973	134,35025	16,38437
5820	134,35026	17,03973	134,35025	17,03974
5840	134,35027	17,03973	133,6949	17,03974
5860	134,35027	17,69509	133,6949	17,6951
5880	133,03955	17,69509	133,6949	18,35046
5900	133,69491	18,35045	133,6949	18,35046
5920	133,69491	18,35045	133,6949	18,35046
5940	133,69491	18,35045	139,59319	19,00588
5960	142,87005	19,0059	141,55932	19,00591
5980	140,24861	19,66126	140,2486	19,66127
6000	139,59325	20,31662	139,59324	19,66127
6020	139,59325	19,66126	139,59324	19,66127
6040	139,59325	20,31662	139,59324	20,31663
6060	139,59325	20,31663	137,62714	19,00587
6080	116,00006	14,4182	70,12447	5,89842
6100	33,42389	-2,62131	19,66121	-3,27668
6120	19,66126	-1,96598	21,62734	-0,65526
6140	20,97199	9,0000000000146E-5	20,97198	0,00010000000000332
6160	21,62735	0,65544	21,62734	0,65544000000001
6180	21,62734	0,65543	22,2827	1,31079
6200	22,2827	1,96614	22,93805	1,96615
6220	23,59343	2,6215	23,59342	2,62151
6240	24,24879	2,6215	24,90414	2,62151
6260	-51,77297	2,62151	25,55951	2,62152
6280	26,21488	3,27687	26,21487	2,62152
6300	26,87024	3,27687	26,87024	3,27688
6320	26,87025	3,27687	25,5595	2,62152
6340	25,55951	2,62151	25,5595	2,62153
6360	25,5595	3,27687	25,5595	3,27688
6380	25,55951	2,62151	25,5595	2,62152
6400	25,55951	2,62151	26,21487	2,62152
6420	26,21487	2,62151	26,21486	2,62152
6440	26,21487	2,62151	26,21486	2,62152
6460	26,21487	2,62151	26,21486	2,62152
6480	26,21487	3,27687	26,21486	2,62152
6500	26,87022	3,27687	38,66681	5,24298
6520	57,01709	7,20909	69,46912	9,1752
6540	71,43532	9,1752	68,81386	9,17521
6560	68,81387	9,17521	69,46922	9,17521
6580	69,46923	9,1752	70,12457	9,17522
6600	70,12457	8,51985	70,12456	8,51985
6620	70,12457	8,51985	70,12456	8,51985
6640	70,77993	8,51985	70,12456	8,51986
6660	70,12457	8,51985	70,77992	8,51986
6680	70,12457	9,17521	70,12456	8,51986
6700	70,77993	8,51986	70,12456	8,51986
6720	70,12457	8,51985	70,77991	7,86451
6740	70,77992	8,51985	70,12455	7,8645
6760	70,12457	8,51986	70,12456	7,86451
6780	70,12456	7,8645	70,12455	7,8645
6800	70,12456	7,20914	70,12455	7,20915
6820	70,12456	7,20914	70,77991	7,20914
6840	70,77993	7,20913	70,12456	7,20915
6860	74,71213	8,51987	88,47487	9,83064
6880	98,96069	11,14139	102,23748	11,79677
6900	100,27141	11,79676	100,2714	11,79677
6920	100,27141	12,45212	100,2714	11,79677
6940	100,2714	12,45212	100,2714	11,79677
6960	99,61605	12,45212	99,61604	12,45213
6980	99,61605	12,45212	99,61604	12,45212
7000	100,27142	12,45211	99,61604	12,45212
7020	100,27142	12,45211	99,61604	12,45212
7040	100,27141	12,4521	100,2714	12,45212
7060	100,27141	12,4521	109,44647	13,76286
7080	128,452	15,07365	136,97172	15,72908
7100	135,66102	17,0398	133,69494	16,38444
7120	133,69495	17,03979	133,69495	17,03979
7140	133,69496	17,03978	133,69495	17,03979
7160	133,03959	17,03978	133,03958	17,03979
7180	133,0396	17,03978	133,03959	17,03978
7200	133,03959	17,03977	133,03958	17,03978
7220	133,69495	17,03978	133,03958	17,03978
7240	133,03958	17,03977	141,5593	18,35057
7260	151,38984	19,00602	154,01133	18,35069
7280	151,38988	19,00603	151,38986	19,00604
7300	151,38987	19,66139	151,38986	19,00604
7320	151,38986	19,00604	151,38985	19,00605
7340	151,38986	19,00604	151,38985	18,35069
7360	151,38985	19,00604	151,38984	18,35069
7380	151,38984	18,35069	151,38984	17,69533
7400	152,0452	17,69533	152,04519	17,69534
7420	152,04519	17,69533	151,38982	17,03998
7440	149,42371	15,07382	119,27686	10,48613
7460	68,15826	1,31098	29,4916	-5,24265
7480	17,03972	-5,89805	19,00582	-3,27661
7500	19,66121	-3,27663	19,66119	-3,27663
7520	19,6612	-2,62128	20,97192	-2,62128
7540	20,97192	-2,62129	21,62727	-1,96593
7560	21,62727	-2,6213	22,28263	-3,27666
7580	22,28264	-2,62131	22,93799	-3,27666
7600	22,938	-2,62131	-51,77305	-3,27667
7620	23,59336	-3,27668	23,59335	-3,93204
7640	23,59336	-3,93204	23,59335	-3,93204
7660	23,59336	-3,93205	24,24871	-3,93204
7680	22,938	-4,58741	22,28261	-6,55349
7700	22,28262	-5,89814	22,28262	-5,89814
7720	22,93799	-5,89815	22,93798	-5,89814
7740	22,28263	-5,89815	22,93799	-6,5535
7760	22,938	-5,89815	22,93799	-6,5535
7780	23,59336	-6,55351	23,59335	-6,5535
7800	23,59336	-6,55351	23,59335	-6,5535
7820	23,59336	-6,55351	23,59335	-6,5535
7840	23,59336	-6,55351	24,24871	-6,5535
7860	24,24871	-6,55351	24,2487	-7,20886
7880	24,24871	-7,20887	24,90407	-7,20886
7900	24,90408	-6,55351	24,90407	-7,20887
7920	24,90408	-6,55351	25,55943	-6,55351
7940	25,56199	-7,20887	26,21478	-7,20887
7960	26,87015	-7,20888	26,87014	-8,51959
7980	26,87014	-7,86424	26,87013	-7,86423
8000	26,87014	-7,20888	26,21477	-7,86423
8020	33,4238	-6,5535	49,15259	-6,55346
8040	54,39555	-6,55345	53,08483	-5,89809
8060	52,42947	-5,24274	53,08738	-5,89808
8080	53,08484	-5,24274	53,74019	-5,89809
8100	53,08484	-5,24274	53,74019	-5,24273
8120	53,7402	-5,24274	53,74019	-5,24273
8140	53,7402	-5,8981	53,74019	-5,89809
8160	54,39556	-5,8981	53,7402	-5,89809
8180	54,39557	-5,8981	54,39556	-5,89809
8200	54,39557	-5,8981	55,05092	-5,89809
8220	55,05094	-5,89809	55,70629	-5,89808
8240	55,70629	-5,89809	55,70629	-5,89809
8260	67,50289	-4,58734	84,54248	-4,5873
8280	89,78551	-2,62122	88,4748	-3,27656
8300	87,81945	-2,62122	87,81944	-2,62121
8320	87,81945	-2,62122	88,4748	-1,96585
8340	87,81946	-1,96585	87,81945	-1,31049
8360	88,47482	-1,31049	87,81945	-1,31049
8380	87,81946	-1,31049	87,81945	-1,31049
8400	88,47482	-0,65514	88,47481	-1,31049
8420	87,81947	-0,65514	87,81945	-1,31049
8440	87,81947	-1,3105	87,81945	-0,65513
8460	87,81947	-0,65514	87,81946	-0,65513
8480	88,47483	-0,65514	88,47482	-1,31049
8500	-51,77221	-0,65514	87,81946	-1,31049
8520	88,47483	-1,31049	88,47482	-1,31049
8540	88,47483	-1,3105	75,36739	-4,58732
8560	57,67242	-5,89807	54,3956	-6,55342
8580	56,36172	-5,89807	55,70635	-5,89806
8600	55,70636	-5,24272	56,3617	-5,89807
8620	56,36171	-5,89808	56,3617	-5,89807
8640	57,01707	-5,89808	57,01706	-6,55343
8660	57,01707	-5,89808	57,01706	-5,89808
8680	57,67243	-5,89809	57,67242	-6,55343
8700	58,32778	-6,55344	58,98313	-6,55344
8720	58,98313	-6,55345	59,63848	-7,2088
8740	58,98313	-6,55344	58,98312	-7,20879
8760	58,98313	-7,20881	58,98312	-7,20879
8780	58,98312	-7,2088	58,32775	-7,86415
8800	61,60458	-6,55343	81,92097	-5,24265
8820	98,30525	-4,58725	102,89283	-3,27651
8840	100,2714	-3,27652	99,61602	-2,62116
8860	99,61604	-1,9658	100,27139	-1,9658
8880	99,61603	-1,96581	99,61602	-1,9658
8900	99,61603	-1,96581	99,61602	-1,9658
8920	99,61603	-1,96581	99,61602	-1,9658
8940	99,61603	-1,96581	99,61602	-2,62117
8960	99,61603	-1,96581	99,61602	-1,96581
8980	99,61603	-1,96582	99,61603	-1,96581
9000	99,61604	-1,31046	99,61603	-1,96581
9020	99,61604	-1,96582	100,27139	-2,62117
9040	98,30529	-3,93191	96,99456	-3,27654
9060	97,64993	-2,62119	97,64992	-2,62118
9080	97,64993	-2,62119	96,99456	-2,62118
9100	96,99457	-1,96583	96,3392	-1,96582
9120	96,99457	-1,96583	96,3392	-1,96582
9140	96,99457	-1,96583	96,3392	-1,96582
9160	96,99457	-1,96582	96,99456	-1,96581
9180	107,48039	0,00028999999999968	117,96617	39,97729
9200	120,58764	1,96641	119,93228	1,31106
9220	118,62156	1,96641	118,62155	1,96642
9240	118,62156	2,62177	118,62155	3,27714
9260	118,62156	3,27713	118,62155	2,62178
9280	118,62156	3,27713	118,62155	3,27714
9300	118,62156	3,27713	117,96619	3,27714
9320	117,9662	3,93249	117,96619	3,27713
9340	117,9662	3,93249	123,20908	4,58787
9360	129,76273	5,24325	129,76272	4,58791
9380	129,10737	5,24325	128,452	5,89862
9400	128,45201	5,89861	128,452	5,89862
9420	127,79665	5,89861	127,79664	6,55398
9440	127,79665	5,89861	127,79664	5,89862
9460	128,452	5,89861	128,45199	5,89862
9480	129,10736	5,8986	129,10735	5,24325
9500	129,10736	5,89861	129,10735	5,24326
9520	129,10736	5,24325	129,10735	5,89862
9540	129,10736	5,24325	129,10735	5,24326
9560	129,10736	5,24325	129,10735	5,24326
9580	129,10736	5,24326	129,10735	5,24326
9600	129,76272	4,58789	129,76271	4,58791
9620	129,76272	4,5879	122,5537	2,62178
9640	86,50865	-6,55335	44,56501	-15,72844
9660	24,24872	-21,62671	26,21481	-19,00527
9680	27,52556	-17,0392	26,87019	-17,0392
9700	27,52555	-16,38386	28,18091	-15,7285
9720	28,83628	-15,72851	28,83626	-15,72851
9740	28,83627	-15,72852	29,49162	-16,38387
9760	30,14699	-15,72852	30,14698	-16,38388
9780	30,14699	-15,72853	30,80234	-15,07315
9800	35,3899	-12,45171	37,35603	-10,48561
9820	38,01141	-9,83027	38,01138	-8,51954
9840	38,66675	-7,86419	38,66674	-7,86419
9860	38,66675	-7,20884	38,66674	-7,20884
9880	38,66675	-7,20885	39,3221	-7,20884
9900	39,32211	-7,20886	39,3221	-7,20885
9920	39,32211	-7,20886	38,66674	-7,86422
9940	38,66675	-7,20887	38,66674	-7,86422
9960	38,66675	-7,86423	38,01138	-7,86422
9980	38,01139	-8,51958	37,35601	-7,86422
10000	37,35602	-8,51959	37,35601	-8,51958
10020	37,35602	-8,51958	33,42381	-9,17494
10040	28,18087	-9,17495	27,5255	-9,8303
10060	28,18087	-9,17495	28,18086	-9,17494
10080	28,18087	-9,17495	28,18086	-9,8303
10100	28,18087	-9,17495	27,52549	-9,8303
10120	28,18086	-9,83031	28,18084	-9,83029
10140	28,18084	-10,48566	28,18083	-11,14101
10160	28,18084	-10,48566	28,18083	-11,14101
10180	28,18083	-10,48566	28,18083	-11,141
10200	28,18084	-11,14101	28,18083	-11,141
10220	34,07913	-9,83028	49,15257	-9,17487
10240	56,36161	-8,51951	55,0509	-8,51949
10260	54,39554	-8,5195	54,39553	-8,51949
10280	55,05091	-8,51951	54,39553	-9,17486
10300	53,74018	-9,17487	53,74017	-9,17486
10320	53,74017	-9,17487	54,39552	-9,83023
10340	53,74018	-9,17487	54,39553	-9,83023
10360	53,74017	-9,83024	53,74017	-10,4856
10380	53,74017	-9,83024	53,74016	-10,4856
10400	54,39553	-9,83025	54,39552	-10,4856
10420	53,74017	-10,48561	54,39552	-10,4856
10440	53,74017	-10,48562	53,74016	-10,48561
10460	53,74017	-10,48562	53,74016	-11,14098
10480	61,60454	-8,51952	83,88709	-7,20874
10500	95,6838	-6,55336	94,37308	-5,24263
10520	92,407	-5,24264	93,06235	-5,24263
10540	93,06237	-4,58728	92,407	-4,58727
10560	92,40701	-4,58729	92,40699	-4,58728
10580	92,407	-4,58729	92,40699	-4,58729
10600	93,06236	-4,5873	92,40699	-4,58729
10620	93,06236	-4,5873	93,06235	-4,5873
10640	93,06236	-4,58731	93,71771	-4,58731
10660	93,71772	-4,58731	93,7177	-4,58731
10680	93,71771	-3,93196	93,71771	-4,58731
10700	93,71772	-4,58732	93,7177	-4,58732
10720	93,71771	-4,58733	93,7177	-4,58732
10740	93,71771	-4,58733	94,37306	-4,58732
10760	94,37307	-4,58733	94,37305	-4,58733
10780	93,71771	-4,58733	99,61597	-3,27658
10800	119,27687	-1,31046	132,38415	0,65569
10820	136,97168	1,96643	136,31631	1,31109
10840	135,00559	1,96644	134,35023	1,96645
10860	135,0056	1,96644	135,00559	1,96645
10880	134,35023	1,96644	134,35023	1,96645
10900	135,00559	1,96645	134,35022	1,31109
10920	134,35023	1,96644	133,69486	1,31136
10940	134,35023	1,31108	134,35022	1,31109
10960	134,35022	1,31108	134,35022	1,31109
10980	134,35022	1,31108	133,69485	0,65573000000001
11000	134,35022	0,65572	134,3502	0,65573000000001
11020	134,35022	0,65572	134,3502	0,65573000000001
11040	134,35022	0,65572	134,3502	0,00037000000000376
11060	134,35021	0,65572	134,3502	0,65573000000001
11080	134,35021	0,65572	134,3502	0,00037000000000376
11100	134,35022	0,00036000000000058	134,3502	0,00037000000000376
11120	139,59311	1,3111	145,49138	1,31115
11140	146,14677	1,96651	144,83604	1,31116
11160	145,49141	1,96651	144,83604	1,96652
11180	145,49141	1,96651	145,4914	1,31116
11200	144,18069	1,96651	145,4914	1,31116
11220	145,49141	1,31115	145,4914	1,31115
11240	145,49141	1,31114	145,4914	1,31115
11260	145,49141	1,31114	145,4914	1,31115
11280	145,49141	1,31114	145,4914	1,31114
11300	146,14677	1,31113	146,14676	0,65578
11320	146,14677	1,31113	144,83603	0,00039999999999907
11340	133,0395	-1,96574	122,55367	-2,62112
11360	121,89832	-3,27649	123,20904	-2,62112
11380	122,55369	-2,62113	122,55368	-2,62113
11400	123,20905	-2,62114	123,20904	-2,62113
11420	123,86441	-2,62114	123,8644	-2,62113
11440	123,86441	-3,2765	123,8644	-3,27649
11460	124,51976	-3,27651	123,8644	-3,93186
11480	123,8644	-3,93187	124,51975	-3,93186
11500	125,17512	-3,93187	125,17511	-3,93186
11520	125,17512	-3,93187	123,86437	-5,89796
11540	108,13563	-9,83019	93,06227	-12,45165
11560	91,75157	-12,45166	93,0623	-12,45165
11580	93,0623	-12,45167	93,71766	-12,45166
11600	93,71766	-11,79631	93,71766	-12,45166
11620	93,71767	-12,45167	93,71766	-12,45166
11640	94,37303	-12,45167	94,37302	-13,76238
11660	94,37303	-13,10703	94,37302	-13,76238
11680	94,37302	-13,76239	94,37302	-13,76239
11700	95,02839	-13,76239	95,02838	-14,41775
11720	94,37303	-14,41775	95,02838	-15,07311
11740	95,02839	-15,07311	95,02838	-15,07311
11760	95,02838	-15,72848	95,02838	-15,72847
11780	95,02839	-15,72847	93,71765	39,97713
11800	76,678	-19,66065	63,5706	-21,62675
11820	64,226	-21,62675	65,53673	-20,97138
11840	65,53674	-20,31604	65,53674	-21,62675
11860	65,53675	-20,9714	65,53674	-20,97139
11880	64,88138	-20,9714	65,53674	-20,97139
11900	64,88138	-21,62675	64,88138	-21,62675
11920	65,53674	-20,9714	64,88138	-21,62675
11940	65,53675	-20,9714	64,88138	-21,62675
11960	65,53675	-20,9714	65,53675	-20,9714
11980	65,53676	-21,62677	65,53675	-20,9714
12000	64,8814	-21,62677	64,88139	-21,62675
12020	64,8814	-21,62677	65,53675	-21,62676
12040	64,88139	-21,62677	64,88139	-22,28212
12060	64,88139	-21,62677	64,88139	-21,62676
12080	64,8814	-21,62677	64,87984	-21,62676
12100	64,8814	-21,62677	64,22603	-21,62676
12120	64,22604	-21,62676	64,88139	-21,62676
12140	64,88139	-21,62676	64,88139	-21,62676
12160	64,8814	-21,62677	64,22603	-22,28211
12180	64,22603	-22,28212	64,22602	-22,28211
12200	64,22603	-22,28212	64,88138	-22,93747
12220	66,84747	-22,2821	81,26552	-19,66061
12240	98,30518	-18,34986	108,79104	-17,69446
12260	108,79105	-16,38375	106,16959	-15,07302
12280	105,51424	-14,41767	105,51424	-14,41766
12300	105,51425	-13,76231	105,51424	-13,7623
12320	105,51424	-13,76231	105,51423	-14,41766
12340	105,51424	-13,76231	105,51422	-13,7623
12360	105,51423	-14,41767	105,51422	-14,41766
12380	105,51422	-13,76231	105,51421	-14,41766
12400	105,51422	-13,76231	106,16957	-13,7623
12420	105,51423	-13,7623	105,51421	-13,7623
12440	105,51422	-13,10695	105,51422	-13,10693
12460	105,51422	-12,45158	105,51421	-13,10693
12480	105,51422	-12,45158	105,51421	-13,10693
12500	104,85886	-12,45158	105,51421	-12,45157
12520	104,85886	-12,45158	106,16957	-11,7962
12540	119,93219	-9,83009	135,00559	-9,17466
12560	139,59313	-7,86392	138,2824	-7,86392
12580	137,62705	-7,20857	137,62704	-7,20856
12600	137,62705	-7,20857	136,97168	-7,20856
12620	136,97169	-7,20857	137,62704	-6,5532
12640	136,9717	-6,55321	136,97169	-7,20856
12660	136,9717	-6,55321	136,31633	-7,20856
12680	137,62706	-6,55321	137,62705	-7,20857
12700	136,9717	-6,55322	136,97169	-6,55321
12720	136,9717	-6,55322	136,97169	-6,55321
12740	142,86995	-5,24247	155,32185	-5,24237
12760	157,28801	-3,93161	-11,79488	-3,27625
12780	154,66657	-3,27626	155,32192	-3,27625
12800	154,66657	-2,6209	154,66656	-2,6209
12820	154,66658	-1,96554	154,0112	-1,96554
12840	154,01122	-1,96554	154,0112	-1,96554
12860	154,66657	-1,31019	154,0112	-1,31018
12880	154,01121	-1,31019	154,0112	-1,31019
12900	154,01121	-1,3102	159,25415	1,96668
12920	171,70618	4,58815	179,57054	6,55424
12940	181,53662	7,86495	179,57053	7,86496
12960	178,91518	7,86495	178,91517	7,86496
12980	178,91518	8,52031	178,91517	8,52032
13000	178,91518	8,52031	178,91517	8,52032
13020	178,91518	9,17567	178,91516	8,52032
13040	179,57053	9,17567	179,57052	8,52032
13060	179,57052	8,52031	179,57051	8,52032
13080	179,57052	8,52031	179,57051	8,52032
13100	180,22587	8,52031	180,22586	8,52032
13120	180,22587	8,52031	180,22586	8,52032
13140	180,22587	9,17567	180,22586	9,17568
13160	180,22587	9,17567	180,22586	9,17568
13180	180,22587	9,17567	179,5705	9,17568
13200	179,5705	9,17567	179,57049	8,52032
13220	179,5705	9,17567	179,57049	9,17568
13240	179,5705	9,17567	179,57049	9,17568
13260	179,5705	9,17567	179,57049	8,52032
13280	179,5705	9,17567	179,57049	8,52032
13300	180,22586	8,52031	180,22585	8,52032
13320	180,22586	9,17567	180,22585	8,52032
13340	180,88122	8,52031	180,22584	7,86496
13360	167,11856	1,3113	118,62144	-8,51931
13380	71,43505	-20,97123	38,66673	-26,8695
13400	24,90412	-26,86954	25,55949	-24,90346
13420	26,87024	-23,59276	27,52559	-23,59276
13440	27,5256	-22,93742	28,18095	-22,93742
13460	28,83631	-22,93744	28,8363	-22,93743
13480	29,49167	-22,93744	30,14701	-22,93744
13500	30,80238	-23,59281	30,80237	-23,59281
13520	31,45774	-22,28209	30,80237	-20,97136
13540	30,80238	-20,31601	31,45774	-20,97137
13560	32,1131	-20,31602	32,11309	-20,97138
13580	32,1131	-20,31602	32,1131	-20,97137
13600	32,1131	-20,31602	32,76845	-20,97137
13620	32,76847	-20,97138	32,76846	-20,31601
13640	32,76847	-20,31602	32,76846	-19,66065
13660	32,76847	-19,66066	33,42382	-20,31601
13680	32,76847	-19,66065	34,07918	-19,66065
13700	49,15261	-17,03918	72,09049	-16,38375
13720	85,19797	-14,41765	85,19802	-13,76228
13740	83,88729	-13,10692	83,88727	-13,76228
13760	84,54264	-13,10693	84,54263	-13,76228
13780	84,54263	-13,10692	84,54262	-13,10691
13800	84,54263	-12,45155	84,54262	-12,45155
13820	84,54263	-11,7962	84,54262	-11,79619
13840	84,54263	-11,14083	84,54261	-11,14082
13860	84,54262	-11,14083	84,54261	-11,14082
13880	85,19798	-10,48547	85,19797	-11,14083
13900	81,92115	-12,45156	66,84759	-15,07302
13920	60,2939	-15,7284	60,94926	-16,38376
13940	61,60464	-15,07305	60,94926	-15,07304
13960	61,60464	-15,07305	61,60462	-15,07304
13980	61,60464	-15,07305	62,25999	-15,07304
14000	62,26	-15,07305	62,25999	-15,72841
14020	62,91536	-15,72841	62,91536	-15,7284
14040	63,57072	-15,07306	63,57071	-16,38377
14060	64,22609	-16,38378	64,22609	-16,38377
14080	59,63852	-17,69451	47,1865	-19,6606
14100	43,9097	-19,00525	46,53115	-18,34988
14120	46,53116	-18,34989	46,53115	-18,34989
14140	47,18652	-18,3499	47,18652	-18,3499
14160	47,18653	-18,34991	47,18652	-18,3499
14180	47,8419	-17,69455	47,84189	-18,34991
14200	48,49726	-18,34992	48,49725	-18,34991
14220	49,15262	-19,00528	48,49725	-19,66063
14240	49,15262	-20,316	62,25989	-17,03914
14260	99,61597	-14,41761	125,17514	-13,1068
14280	127,14128	-11,14071	122,55374	-10,48536
14300	121,24302	-9,83001	122,55374	-9,17464
14320	121,89839	-9,17466	122,55374	-8,51929
14340	122,55375	-7,86394	122,55374	-7,86394
14360	123,20911	-7,86395	123,2091	-8,5193
14380	123,20911	-7,86395	123,2091	-7,86395
14400	123,86448	-7,20859	123,86446	-7,20859
14420	123,86447	-7,2086	123,2091	-7,20859
14440	123,86447	-7,2086	123,86446	-7,20859
14460	123,86447	-6,55324	124,51982	-6,55323
14480	124,51983	-7,2086	124,51982	-7,20859
14500	125,17519	-6,55324	125,17517	-7,20859
14520	125,83054	-7,2086	125,83052	-7,20859
14540	126,48589	-7,20859	133,69489	-5,24248
14560	136,97171	-3,93174	138,28243	-3,93172
14580	137,62708	-3,27637	137,62707	-3,93172
14600	137,62709	-3,27637	136,97172	-3,27636
14620	138,28245	-3,27636	137,62708	-3,27635
14640	138,28245	-3,27636	138,28244	-3,27635
14660	138,28244	-3,93172	138,28243	-4,58707
14680	137,62708	-4,58708	138,93779	-3,9317
14700	154,01122	-1,96548	171,70618	0,65600000000001
14720	178,2598	2,62207	175,63834	2,62208
14740	174,32763	3,27743	174,32762	3,27744
14760	174,32763	3,93279	173,67226	3,9328
14780	173,67227	3,93279	173,67226	3,9328
14800	173,67227	4,58815	173,67226	4,58816
14820	173,67227	3,93279	173,67226	3,9328
14840	173,67227	3,93279	173,67226	3,9328
14860	173,67227	3,93279	173,0169	3,9328
14880	172,36155	3,93279	173,0169	3,9328
14900	173,67227	3,27743	165,15254	-3,27616
14920	125,83049	-13,7621	85,85325	-24,24794
14940	58,32781	-26,21406	47,84198	-24,24799
14960	48,49992	-23,59266	49,80809	-22,93731
14980	49,8081	-22,28197	49,80809	-22,28197
15000	50,46345	-22,28199	50,46344	-21,62663
15020	51,1188	-21,62665	51,11879	-22,282
15040	51,1188	-21,62665	51,77414	-21,62665
15060	51,77415	-21,62666	51,77414	-21,62666
15080	51,77414	-21,62667	52,42949	-21,62666
15100	52,4295	-21,62667	52,4295	-22,28202
15120	52,42951	-21,62667	53,08485	-22,28202
15140	53,08486	-22,28203	49,15267	-22,93738
15160	40,6329	-23,59276	38,01143	-22,93739
15180	38,66681	-22,9374	38,66681	-22,93739
15200	39,32218	-22,28203	39,32216	-22,28202
15220	39,32218	-22,28203	39,32216	-22,93738
15240	39,32218	-22,28203	39,32216	-22,93738
15260	39,32218	-22,93739	39,32217	-22,93738
15280	39,32217	-22,28203	39,97753	-22,93738
15300	39,97753	-22,28202	39,97752	-22,93737
15320	40,63288	-22,93739	48,49724	-22,28199
15340	68,81364	-20,31587	83,88712	-19,00511
15360	87,16405	-18,34974	85,19793	-17,69436
15380	85,19796	-17,69437	85,85331	-17,69436
15400	85,85332	-17,039	85,19795	-17,69435
15420	85,85332	-17,039	85,85331	-17,03899
15440	85,85332	-17,039	85,8533	-17,69435
15460	85,85331	-16,38364	85,8533	-17,03899
15480	85,8533	-17,039	85,85329	-17,039
15500	85,8533	-17,039	85,85329	-17,039
15520	85,85329	-17,03901	85,85328	-17,039
15540	85,85329	-17,039	85,85328	-17,69435
15560	85,85329	-17,69436	86,50864	-17,69436
15580	86,50865	-17,69437	86,50864	-17,69436
15600	86,50865	-17,69437	87,16401	-18,34972
15620	79,95498	-20,31583	70,7798	-20,9712
15640	69,46908	-20,97121	70,77981	-20,97121
15660	70,77982	-20,31586	70,7798	-20,97122
15680	70,77981	-20,97123	71,43517	-20,31586
15700	71,43518	-20,31587	71,43518	-20,31586
15720	72,09055	-20,97123	72,7459	-20,97122
15740	72,09054	-20,97123	72,09053	-20,97123
15760	72,74591	-20,97124	72,09054	-20,97123
15780	72,74591	-20,97125	72,74589	-20,97124
15800	72,74591	-20,97125	73,40126	-20,97124
15820	73,40127	-20,97125	73,40126	-21,62661
15840	74,05663	-21,62661	74,05662	-21,6266
15860	74,05663	-21,62662	74,05663	-21,62661
15880	74,71199	-21,62662	74,71199	-21,62661
15900	74,712	-21,62662	75,36735	-21,62662
15920	75,36736	-21,62663	72,09052	-22,93735
15940	63,57073	-23,59273	60,29389	-23,59272
15960	61,60463	-22,93738	61,60462	-22,93737
15980	60,94927	-22,93738	61,60461	-22,93738
16000	61,60463	-22,93739	61,60462	-22,93738
16020	62,25998	-22,93739	62,25997	-22,93738
16040	62,25997	-22,93739	62,91532	-22,93738
16060	72,09047	-20,97128	85,19784	-20,31587
16080	89,1301	-19,00515	88,47475	-19,00513
16100	88,47475	-19,00514	88,47474	-18,34978
16120	88,47475	-18,34978	88,47474	-18,34977
16140	88,47474	-17,69442	88,47474	-18,34978
16160	88,47475	-17,69442	88,47473	-17,69442
16180	89,1301	-18,34979	88,47473	-18,34978
16200	88,47474	-17,69443	88,47473	-17,69443
16220	88,47474	-17,69444	88,47473	-17,69442
16240	88,47474	-17,69443	87,81937	-18,34979
16260	88,47474	-18,34979	87,81937	-18,34979
16280	91,09618	-17,03906	106,82492	-15,07294
16300	119,27683	-14,41754	122,55365	-13,1068
16320	119,93222	-12,45145	119,93221	-13,1068
16340	119,93222	-13,10681	119,93221	-13,1068
16360	119,93222	-12,45145	119,9322	-12,45144
16380	119,93221	-11,79609	119,9322	-12,45144
16400	119,27685	-12,45145	119,27684	-11,79609
16420	119,93221	-11,79609	119,27684	-11,79608
16440	118,62149	-12,45145	119,27684	-13,1068
16460	118,62149	-13,10683	104,20347	-17,03902
16480	90,44085	-19,00514	88,47476	-19,00514
16500	89,7855	-18,34979	89,78549	-18,34978
16520	89,78549	-17,69443	89,78549	-18,34979
16540	89,7855	-18,3498	90,44085	-18,34979
16560	90,44085	-18,3498	90,44084	-19,00515
16580	91,09621	-18,3498	91,0962	-18,3498
16600	91,09621	-18,3498	91,09619	-18,3498
16620	91,0962	-18,34981	91,75155	-19,00516
16640	91,0962	-19,00517	91,09619	-19,66052
16660	98,96053	-17,69442	118,62144	-17,039
16680	128,45192	-16,38361	127,14121	-15,07288
16700	125,17513	-14,41753	125,17512	-14,41752
16720	125,83049	-14,41753	125,83048	-14,41752
16740	125,83048	-14,41753	126,48583	-15,07288
16760	126,48583	-14,41753	126,48582	-15,07288
16780	125,83047	-14,41754	125,83046	-15,07289
16800	125,83047	-14,41753	125,83046	-13,76217
16820	125,83047	-13,76218	125,83046	-13,76217
16840	125,83047	-13,76218	125,83046	-13,10682
16860	125,83047	-13,10682	125,1751	-13,76217
16880	125,83047	-13,76218	126,48582	-15,0729
16900	122,55364	-16,38365	95,02835	-16,38368
16920	57,01693	-15,07299	30,14692	-13,76228
16940	22,93795	-11,14087	24,24869	-9,83017
16960	24,2487	-8,51947	24,24869	-7,86412
16980	24,2487	-7,20877	24,90405	-7,20877
17000	24,2487	-6,55343	24,24868	-6,55343
17020	24,90406	-6,55344	24,24868	-6,55343
17040	24,24869	-6,55345	24,24868	-7,20881
17060	23,59333	-6,55346	23,59332	-6,55345
17080	22,93796	-6,55347	22,93795	-6,55346
17100	22,93796	-5,89811	22,93795	-5,8981
17120	22,2826	-5,24275	22,28259	-5,24274
17140	22,93796	-5,24275	22,93795	-5,8981
17160	22,93797	-5,89811	22,93795	-5,8981
17180	22,93796	-5,89811	22,93795	-5,89809
17200	22,93796	-5,8981	22,93795	-5,89809
17220	22,2826	-5,89809	22,28259	-5,89808
17240	22,2826	-5,89808	22,28259	-5,89806
17260	22,2826	-7,20879	22,93796	-8,51948
17280	10,48597	-13,76233	-28,18071	-25,5587
17300	-51,77415	-37,35502	-51,77424	-46,52992
17320	-51,77423	-53,73889	-51,77424	-60,94784
17340	-51,77423	-66,84609	-51,77424	-68,81216
17360	-51,77423	-65,53537	-51,77424	-56,36032
17380	-51,77423	-48,49601	-51,77424	-42,59776
17400	-51,77423	-38,01025	-51,77424	-34,73344
17420	-51,77423	-31,45665	-51,77424	-30,14592
17440	-51,77423	-28,17985	-51,77424	-26,86912
17460	-51,77423	-24,90305	-51,77424	-24,24768
17480	-51,77423	-22,93697	-51,77424	-22,93699
17500	-51,77423	-21,6263	-51,77424	-20,97094
17520	-51,77423	-20,31561	-51,77424	-19,66025
17540	-51,77423	-18,34955	-51,77424	-18,34954
17560	-51,77423	-18,34954	-51,77424	-19,0049
17580	-51,77423	-18,34955	-51,77424	-18,34954
17600	-51,77423	-17,03883	-51,77424	-17,69418
17620	-51,77423	-17,03884	-51,77424	-17,03883
17640	-51,77423	-16,38348	-51,77424	-15,72812
17660	-51,77423	-15,07277	-51,77424	-15,07277
17680	-51,77423	-14,41742	-51,77424	-14,41741
17700	-51,77423	-15,07278	-51,77424	-15,07276
17720	-51,77423	-15,72813	-51,77424	-17,03883
17740	-51,77423	-22,28175	-51,77424	-17,69428
17760	-51,77423	-14,41755	-46,53116	-12,4515
17780	-22,93777	-6,55329	-20,9715	-3,27651
17800	-24,90364	-0,65509	-25,559	0,65563
17820	-24,90363	1,31097	-24,90363	1,31098
17840	-24,90362	1,96632	-24,90364	1,96633
17860	-24,24827	1,31096	-24,24828	1,31096
17880	-24,24828	1,96631	-24,90365	1,31096
17900	-24,90364	1,96631	-24,90365	1,31095
17920	-24,24828	1,9663	-24,90365	1,96631
17940	-24,90364	1,9663	-24,90366	1,31096
17960	-24,24829	1,31094	-24,24829	1,31095
17980	-24,24829	1,31094	-24,2483	1,31095
18000	-23,59293	1,9663	-10,48561	6,55384
18020	6,55398	11,14139	12,45234	13,10749
18040	11,14166	13,76285	10,48628	13,76285
18060	10,48629	13,76284	9,83092	14,41821
18080	9,17556	14,4182	8,52019	13,76285
18100	7,86483	13,76284	7,20946	13,76284
18120	7,20946	13,10747	6,55408	13,10747
18140	5,89873	39,97723	5,89871	13,10747
18160	5,24336	13,10746	5,24334	13,10746
18180	5,24335	12,45209	4,58798	12,4521
18200	4,58799	12,45209	4,58798	11,79673
18220	5,24335	11,79672	5,89869	11,14137
18240	5,8987	11,14136	5,8987	10,486
18260	5,89871	10,48599	6,55406	10,48599
18280	6,55407	10,48598	7,20943	10,48598
18300	7,20944	10,48598	7,20944	11,14134
18320	7,20945	11,14133	7,20944	11,14134
18340	7,86481	11,14133	7,20945	10,48598
18360	7,86482	10,48597	7,86482	9,83062
18380	8,52018	9,83061	7,86481	9,17525
18400	8,52018	8,51988	8,52017	8,51989
18420	8,52018	7,86452	8,52017	7,86452
18440	8,52018	7,20915	18,35066	2,62166
18460	46,53144	-9,17479	68,81396	-20,31586
18480	74,71236	-22,28196	73,40163	-17,69442
18500	72,74628	-15,72835	72,74628	-15,72835
18520	72,74629	-15,073	73,40164	-14,41764
18540	73,40165	-14,41765	73,40165	-14,41765
18560	74,05702	-13,76231	74,05701	-14,41766
18580	74,05702	-13,76231	74,71237	-13,7623
18600	75,36775	-13,76232	75,36774	-13,76231
18620	76,02311	-13,76232	76,67845	-14,41767
18640	76,67846	-13,76233	76,67846	-13,76232
18660	77,33382	-13,76233	77,33381	-13,76233
18680	77,33382	-13,76234	77,98916	-13,76234
18700	77,98917	-13,76235	78,64452	-13,76234
18720	79,29989	-13,76236	79,29987	-13,76235
18740	79,29988	-13,76236	79,95523	-13,76235
18760	79,95524	-13,107	79,95522	-13,76235
18780	80,61059	-13,10701	85,19813	-10,48553
18800	98,30543	-7,2087	106,16977	-5,89794
18820	105,51443	-4,58723	104,20369	-4,58723
18840	105,51442	-3,93187	104,85905	-3,93187
18860	104,85906	-3,93187	105,51441	-3,93187
18880	104,85905	-3,27652	104,85904	-3,93187
18900	105,5144	-3,27652	105,51438	-3,27651
18920	104,85903	-3,27652	105,51436	-3,93188
18940	105,51437	-3,27652	106,1697	-3,93187
18960	106,16971	-3,27652	106,16968	-3,93188
18980	106,82505	-3,93189	106,82504	-4,58723
19000	107,4804	-5,2426	108,13575	-5,24259
19020	108,13575	-5,2426	108,13573	-5,24259
19040	108,7911	-4,58724	108,13573	-5,89796
19060	108,7911	-5,89797	95,02846	-7,20871
19080	62,91533	-8,51949	43,25432	-8,51951
19100	42,59898	-7,86417	44,56507	-7,2088
19120	44,56507	-7,86418	45,22043	-7,86418
19140	45,8758	-7,8642	45,87579	-8,51955
19160	45,87581	-7,8642	46,53115	-8,51956
19180	47,18652	-8,51957	47,18652	-9,17492
19200	47,18653	-9,17494	47,18653	-9,17493
19220	47,18654	-9,17494	47,18654	-9,8303
19240	47,84191	-9,17495	47,8419	-9,83031
19260	47,84192	-9,83032	47,84191	-9,83031
19280	47,84193	-9,83032	47,84192	-10,48567
19300	47,84193	-9,83032	47,84192	-10,48568
19320	48,49729	-9,83032	48,49729	-10,48568
19340	47,84194	-9,83033	49,15264	-10,48568
19360	49,15266	-9,83033	49,80801	-9,83032
19380	42,59904	-10,4857	32,1131	-11,79643
19400	24,90407	-9,83036	26,87016	-10,48572
19420	26,87018	-9,83037	26,21481	-11,14109
19440	26,87018	-10,48574	26,87017	-9,83038
19460	26,21483	-9,83039	26,21482	-9,17503
19480	26,21483	-9,17504	26,21482	-9,17503
19500	25,55947	-8,51969	24,90409	-8,51968
19520	23,59337	-7,86433	22,28262	-7,86432
19540	19,66117	-7,20897	17,69507	-7,20897
19560	15,07362	-7,20898	12,45214	-6,55362
19580	9,83068	-6,55363	7,2092	-5,89826
19600	3,93238	-5,89827	1,96627	-5,89828
19620	-0,6552	-5,24292	-2,62131	-4,58755
19640	-4,5874	-4,58757	-3,93208	-5,24291
19660	22,28258	-8,51969	62,25993	-13,76249
19680	80,61029	-13,76246	79,29966	-11,14102
19700	76,02285	-9,17496	76,02283	-9,17496
19720	76,02284	-7,86425	75,36746	-7,86425
19740	74,71211	-7,20891	75,36745	-6,55355
19760	74,71209	-6,55356	74,71207	-5,8982
19780	74,71207	-5,89821	74,71206	-5,24285
19800	74,71207	-5,89823	74,71206	-5,24285
19820	74,05671	-4,58751	74,71206	-3,93214
19840	74,71208	-3,93214	74,71206	-3,27677
19860	75,36743	-3,27678	74,71206	-3,27676
19880	75,36743	-1,96605	75,36742	-1,96604
19900	76,02278	-1,96605	76,67813	-1,31068
19920	76,67813	-0,65532	76,02276	-0,65531
19940	76,67813	-0,65532	64,88142	0,6554
19960	34,73451	7,86435	5,89841	13,76259
19980	-11,79649	19,00545	-20,31621	21,62689
20000	-20,31618	22,28223	-20,31618	22,28223
20020	-20,31616	22,93758	-20,31617	23,59294
20040	-20,97151	22,93756	-21,62688	22,28221
20060	-22,28222	22,93755	-22,93758	22,2822
20080	-22,93757	22,28218	-22,93757	22,28219
20100	-23,59292	22,93754	-24,24828	22,93755
20120	-23,5929	22,28218	-23,59291	22,28218
20140	-23,5929	22,93754	-23,59291	22,93754
20160	-23,5929	22,93753	-23,5929	22,93754
20180	-23,5929	22,93753	-23,5929	22,93753
20200	-23,59289	22,93753	-23,59291	22,28217
20220	-23,59289	22,93753	-24,24826	22,28217
20240	-24,24824	22,93752	-24,24825	22,28217
20260	-24,9036	22,93752	-24,24824	22,93753
20280	-24,24823	23,59288	-24,90359	23,59289
20300	-24,24821	23,59288	-24,24822	23,59288
20320	-24,2482	24,24823	-24,24821	24,24824
20340	-24,2482	24,24823	-24,2482	23,59287
20360	-24,2482	24,24822	-24,2482	24,24823
20380	-24,24819	23,59286	-24,2482	23,59286
20400	-24,24819	24,24821	-24,2482	23,59286
20420	-24,24818	23,59285	-24,24819	23,59285
20440	-24,24817	23,59284	-24,24818	23,59285
20460	-24,24817	23,59284	-23,59281	23,59284
20480	-23,5928	23,59283	-24,24817	22,93748
20500	-23,59279	22,93746	-23,5928	22,93746
20520	-23,59278	22,28209	-23,59279	22,2821
20540	-23,59277	22,28209	-23,59278	22,28209
20560	-23,59276	21,62672	-23,59277	21,62672
20580	-22,93739	21,62671	-22,9374	20,97135
20600	-23,59275	20,97133	-22,9374	20,97134
20620	-22,93739	20,97132	-22,9374	20,31596
20640	-22,93739	20,31595	-22,93739	20,31595
20660	-22,93738	20,31593	-22,28203	19,66058
20680	-22,28201	19,66057	-22,28202	19,66058
20700	-22,282	19,0052	-22,28201	19,00521
20720	-21,62664	19,00519	-21,62665	18,34984
20740	-21,62664	18,34983	-22,282	17,69447
20760	-21,62663	17,69447	-21,62663	17,69448
20780	-21,62662	17,69446	-21,62663	17,69447
20800	-20,97125	17,69446	-20,97127	17,69447
20820	-20,3159	17,0391	-20,31591	17,03911
20840	-20,3159	17,0391	-20,31591	16,38375
20860	-20,3159	17,0391	-19,66055	16,38374
20880	-19,66054	16,38374	-19,00518	16,38375
20900	-19,66053	16,38374	-19,00518	15,72839
20920	-19,00516	15,72838	-19,00518	15,72839
20940	-18,3498	15,72838	-18,34981	15,72838
20960	-18,3498	15,72838	-17,69445	15,72838
20980	-17,69444	15,07301	-17,69445	15,07303
21000	-17,03907	15,07301	-17,03908	15,07302
21020	-17,03907	15,07301	-17,03908	15,07302
21040	-17,03907	15,07301	-17,03907	15,07302
21060	-16,3837	15,07301	-16,38371	14,41766
21080	-16,38369	14,41765	-15,72834	14,41766
21100	-16,38368	14,41765	-15,72833	14,41766
21120	-15,72832	15,07301	-15,72832	14,41766
21140	-15,72831	14,41765	-15,72832	14,41766
21160	-15,7283	14,41765	-15,72831	14,41766
21180	-15,72829	14,41765	-15,7283	14,41766
21200	-15,72828	14,41764	-15,72828	14,41766
21220	-15,72827	14,41765	-15,72828	13,7623
21240	-15,72826	14,41765	-15,72827	13,7623
21260	-15,72826	13,76229	-16,38362	13,76229
21280	-16,38361	13,76229	-16,38361	13,76229
21300	-16,38361	13,76229	-16,3836	13,76229
21320	-16,38359	13,10693	-16,3836	13,7623
21340	-16,38359	13,76229	-16,38359	13,76229
21360	-16,38358	13,76228	-16,38358	13,10693
21380	-16,38357	13,10692	-16,38357	13,10693
21400	-16,38356	13,76229	-16,38357	13,10693
21420	-16,38356	13,76229	-16,38357	13,76229
21440	-16,38356	13,76229	-15,72822	14,41765
21460	-15,07285	15,07301	-15,07286	15,07302
21480	-13,76213	15,72837	-13,76214	15,72838
21500	-13,10678	16,38373	-12,45143	15,72839
21520	-11,79607	16,38374	-11,79608	16,38375
21540	-11,79607	17,0391	-11,14073	17,03912
21560	-11,14072	17,03911	-11,14073	17,03912
21580	-11,14072	17,69448	-10,48537	18,34985
21600	-10,48536	19,0052	-9,83001	19,66058
21620	-9,83	20,31593	-9,17465	20,31594
21640	-8,51928	20,97129	-8,51929	20,97131
21660	-7,86392	21,62666	-7,86394	21,62667
21680	-7,20856	22,28202	-7,20857	22,28204
21700	-6,5532	23,59275	-6,5532	23,59276
21720	-5,89783	22,9374	-7,20858	24,24813
21740	-20,97134	31,45711	-35,38942	37,35538
21760	-40,63233	39,32146	-41,94304	39,97684
21780	-41,28765	39,97682	-41,94301	39,97683
21800	-51,7734	39,97683	-42,59836	39,97684
21820	-43,25371	39,97759	-43,25371	39,97684
21840	-43,2537	39,97683	-43,25371	39,97684
21860	-43,90906	39,97683	-43,90907	39,97684
21880	-44,56442	39,97683	-44,56443	39,97684
21900	-44,56442	39,97683	-44,56443	39,97684
21920	-45,21978	39,97683	-45,21979	39,97684
21940	-45,21979	39,97683	-45,2198	39,97683
21960	-45,87515	39,97683	-46,53052	39,97683
21980	-47,18587	39,97682	-47,18588	39,97683
22000	-48,49659	39,97682	-48,4966	39,97683
22020	-49,15195	39,97682	-49,80732	39,97683
22040	-49,80731	39,97683	-49,80732	39,97683
22060	-50,46267	39,97683	-50,46269	39,97684
22080	-51,11803	39,97683	-51,77341	39,97684
22100	-51,77339	39,97684	-51,77341	39,97684
22120	-51,77341	39,97683	-51,77341	39,97684
22140	-51,7734	39,97684	-51,77342	39,97684
22160	-51,77341	39,97683	-51,77341	39,97685
22180	-51,77341	39,97684	-51,77343	39,97684
22200	-51,77341	39,97684	-51,77342	39,97685
22220	-51,77341	39,97684	-51,77342	39,97685
22240	-51,77342	39,97683	-51,77343	39,97684
22260	-51,77342	39,97684	-51,77343	39,97685
22280	-51,77342	39,97683	-51,77344	39,97684
22300	-51,77343	39,97684	-51,77345	39,32148
22320	-51,77345	38,66612	-51,77346	38,01077
22340	-51,77349	34,73398	-49,80748	26,8697
22360	-43,90934	15,07329	-33,42371	1,96625
22380	-25,55943	-8,51919	-22,28244	-23,59232
22400	-19,66072	-47,84065	-1,9656	-70,12288
22420	5,24385	-76,67649	-0,65411	-81,264
22440	-7,86297	-79,29793	-17,69338	-77,9872
22460	-26,86853	-77,33185	-31,45641	-67,50144
22480	-32,76759	-53,73889	-32,11261	-34,73344
22500	-32,76815	-15,72801	-33,42367	-7,86368
22520	-36,04512	-2,62085	-38,01124	1,96658
22540	-41,28804	7,20935	-43,90947	11,14145
22560	-45,87553	13,76282	-47,18626	17,69495
22580	-48,49695	20,97171	-49,80766	24,24849
22600	-50,46299	26,8699	-51,7737	28,18062
22620	-51,77368	30,80204	-51,77368	32,11276
22640	-51,77366	34,7342	-51,77365	35,38956
22660	-51,77363	36,70027	-51,77363	37,35564
22680	-51,77362	38,66635	-51,77361	38,011
22700	-51,77359	38,66635	-51,77359	38,011
22720	-51,77358	38,66634	-51,77357	38,66635
22740	-51,77355	39,3217	-51,77356	38,66635
22760	-51,77355	38,66634	-51,77355	39,97707
22780	-51,77354	39,97706	-51,77355	39,97706
22800	-51,77356	39,97705	-51,77366	35,38952
22820	-51,77367	32,1127	-51,77366	34,73415
22840	-51,77365	37,35559	-51,77366	37,3556
22860	-51,77364	38,01095	-51,77365	37,35559
22880	-51,77365	37,35558	-51,77366	37,35559
22900	-51,77365	37,35557	-51,77367	36,04486
22920	-51,77366	36,04484	-51,77368	35,38948
22940	-51,77368	34,73411	-51,77372	31,45732
22960	-51,77376	22,28233	-45,87562	6,55381
22980	-32,76849	-8,51925	-2,62159	-23,59232
23000	39,97735	-44,56385	65,53676	-49,15136
23020	66,19224	-41,28705	60,94932	-31,45664
23040	59,63861	-24,24777	57,6725	-20,31571
23060	56,36176	-15,72827	55,70638	-13,10687
23080	54,39566	-11,14084	54,39565	-11,7962
23100	54,39565	-15,07299	55,70635	-19,66044
23120	61,60451	-28,17985	62,91546	-52,42816
23140	72,09103	-89,78369	81,92213	-110,09984
23160	60,29533	-107,47841	30,80402	-93,71584
23180	11,1431	-80,60865	1,96799	-83,23008
23200	-3,93031	-96,99265	9,83218	-103,54624
23220	26,21596	-97,64801	37,35663	-81,91936
23240	43,2546	-64,88001	46,5313	-49,80672
23260	47,18651	-40,63174	45,22035	-34,73359
23280	43,90961	-29,49079	42,59887	-25,55867
23300	40,6328	-21,62656	38,66671	-19,00515
23320	36,70065	-16,38375	34,07921	-15,07305
23340	32,11314	-13,107	30,14706	-12,45165
23360	28,18099	-11,14095	26,87026	-9,83022
23380	24,90419	-9,17488	23,59346	-8,51951
23400	22,93812	-7,86415	22,28276	-7,86414
23420	22,28278	-8,5195	21,62742	-10,48556
23440	22,93814	-15,07304	26,87027	-24,24797
23460	35,38989	-39,97634	41,28822	-72,08896
23480	51,77474	-117,30881	62,91668	-132,38208
23500	19,00762	-110,09985	-12,44991	-58,98176
23520	-32,7662	-6,55297	-45,8735	19,66144
23540	-51,77175	5,89887	-51,77175	-46,52992
23560	-46,52891	-87,81761	-12,45052	-97,648
23580	12,45272	-80,60865	19,00609	-62,91392
23600	22,28278	-45,87459	21,62727	-36,04431
23620	19,00571	-28,18009	15,72888	-21,62652
23640	15,07352	-14,41761	13,10746	-10,48548
23660	11,14143	-6,55337	9,83072	-3,27659
23680	8,52003	0,00018000000000029	7,86468	2,62161
23700	7,8647	5,24303	7,20934	7,20911
23720	5,89865	8,51981	5,89865	9,83054
23740	5,89866	11,14125	5,24329	11,79661
23760	5,2433	12,45196	5,89864	12,45196
23780	5,89865	13,1073	6,554	13,1073
23800	6,554	13,76263	7,20934	14,41799
23820	8,52007	14,41798	9,17541	14,41798
23840	9,17542	15,07332	9,83077	15,72868
23860	9,83077	17,03938	10,48612	17,69475
23880	9,83077	19,66082	10,48613	20,31619
23900	10,48613	21,6269	10,48613	22,93762
23920	10,48613	24,24834	10,48612	25,55907
23940	9,83077	26,86978	9,83075	26,86979
23960	9,83076	28,1805	9,17539	28,18051
23980	8,52004	28,83587	8,52003	28,83588
24000	7,86469	30,14659	7,86468	30,1466
24020	7,86469	30,80196	7,20932	30,80198
24040	7,8647	31,45733	7,20933	31,45735
24060	7,20935	32,1127	7,20934	32,11271
24080	7,86471	32,76807	7,20935	32,76807
24100	7,20935	33,42343	7,20935	32,76807
24120	7,20935	33,42342	7,20935	33,42343
24140	7,20936	32,76807	7,20935	32,76807
24160	7,20936	32,1127	7,20935	32,1127
24180	7,20937	31,45733	-2,62118	34,73414
24200	-31,45739	39,97703	-51,7738	39,97706
24220	-51,77384	39,97704	-51,7738	39,97704
24240	-51,77377	39,97703	-51,77378	39,97703
24260	-51,77376	39,97702	-51,77376	39,97703
24280	-51,77121	39,97701	-51,77376	39,97702
24300	-51,77375	39,97701	-51,77376	39,97701
24320	-51,77375	39,977	-51,77376	39,977
24340	-51,77376	39,977	-51,77377	39,977
24360	-51,77376	39,97699	-51,77122	39,977
24380	-51,77377	39,97698	-51,77378	39,977
24400	-51,77377	39,97698	-51,77379	39,97699
24420	-51,77377	39,97699	-51,77379	39,97699
24440	-51,77378	39,97698	-51,77379	39,977
24460	-51,77379	39,97699	-51,77379	39,97699
24480	-51,77378	39,97699	-51,7738	39,977
24500	-51,77378	39,97698	-51,77379	39,97699
24520	-51,77379	39,97698	-51,7738	39,97699
24540	-51,77379	39,97699	-51,7738	39,97699
24560	-51,77379	39,97698	-51,77381	39,97699
24580	-51,7738	39,97698	-51,77381	39,97699
24600	-51,7738	39,97699	-51,77382	39,97699
24620	-51,7738	39,97698	-51,77381	39,97698
24640	-51,7738	39,97697	-51,77382	39,97698
24660	-51,77381	39,97698	-51,77382	39,97698
24680	-51,77381	39,97697	-51,77379	39,97697
24700	-51,77365	31,45724	-48,49685	26,21435
24720	-47,84149	28,18042	-47,8415	29,49115
24740	-47,18612	28,83578	-47,18613	28,83579
24760	-47,18612	29,49114	-47,18612	29,49114
24780	-46,53076	30,14649	-46,53077	30,1465
24800	-46,53076	30,14649	-47,18613	30,1465
24820	-46,53076	30,14649	-46,53077	30,14649
24840	-46,53075	30,14648	-45,87541	30,14649
24860	-46,53076	30,14648	-45,87541	30,14648
24880	-46,53076	30,14647	-46,53077	30,14648
24900	-46,53077	30,14647	-45,87542	30,14648
24920	-46,53077	30,14647	-45,87542	30,14648
24940	-46,53077	30,14647	-46,53078	30,14647
24960	-46,53078	29,4911	-46,53078	30,14647
24980	-46,53078	29,4911	-46,53078	29,49111
25000	-46,53078	28,83574	-46,5308	28,83575
25020	-45,87543	28,83575	-46,5308	28,18039
25040	-46,5308	28,18039	-46,5308	28,18039
25060	-47,18616	28,18038	-47,18617	28,1804
25080	-47,18616	28,18039	-47,84153	27,52504
25100	-47,84152	26,86968	-47,84154	26,21433
25120	-48,49689	26,86967	-49,15227	25,55896
25140	-49,80763	24,9036	-50,463	24,24824
25160	-50,463	23,59288	-51,11837	22,93753
25180	-51,77373	22,93752	-48,49693	25,55898
25200	-38,66641	33,42332	-36,70025	37,35552
25220	-38,66629	38,01087	-39,97701	36,70015
25240	-39,977	36,70014	-41,28773	36,04479
25260	-41,94308	35,38943	-41,94309	34,73408
25280	-42,59845	34,73407	-43,25381	34,73408
25300	-43,90917	34,73407	-43,90918	34,73408
25320	-43,90916	34,73407	-44,56453	34,07872
25340	-45,21988	33,42336	-45,2199	33,42337
25360	-45,21989	34,07872	-45,2199	33,42337
25380	-45,21989	34,07873	-45,2199	34,07874
25400	-45,2199	34,07872	-44,56456	33,42337
25420	-43,90919	33,42335	-43,90921	33,42336
25440	-43,25385	33,42334	-43,25387	32,1126
25460	-42,59852	32,11258	-41,94318	32,11257
25480	-41,28783	31,45717	-39,97714	30,14643
25500	-38,66642	29,49103	-38,01108	28,83564
25520	-36,70035	28,18024	-36,70037	28,18021
25540	-36,045	27,52482	-35,38965	26,21408
25560	-35,38965	25,55868	-34,7343	24,24795
25580	-34,07893	24,24792	-34,07895	23,59254
25600	-33,42358	22,28179	-32,11288	21,62642
25620	-32,11288	20,31567	-31,45753	19,66031
25640	-30,80217	19,6603	-36,04514	19,00493
25660	-48,49715	22,28171	-51,774	23,59244
25680	-51,77399	22,93705	-51,77399	22,93704
25700	-51,77399	22,28166	-51,77401	21,62631
25720	-51,77401	21,6263	-51,77402	20,97094
25740	-51,77401	20,97094	-51,77402	21,6263
25760	-51,77401	21,6263	-51,77402	21,62631
25780	-51,774	22,28166	-51,77401	22,28166
25800	-51,77399	22,28165	-51,774	22,28166
25820	-51,77398	22,937	-51,77399	22,28165
25840	-51,77397	21,62627	-51,11863	20,31556
25860	-50,46327	19,66018	-49,15257	18,34947
25880	-47,84186	16,38337	-46,53116	14,41729
25900	-45,22045	11,79584	-51,77424	9,8298
25920	-51,77423	11,14058	-51,77424	11,1406
25940	-51,77423	11,14056	-51,77424	10,48517
25960	-51,77423	11,1405	-51,77424	10,48513
25980	-51,77423	10,48511	-51,77424	9,82974
26000	-51,77423	10,48508	-51,77424	11,79581
26020	-51,77423	9,82971	-51,77424	11,14043
26040	-51,77423	11,79578	-51,77424	12,45115
26060	-51,77423	13,76186	-51,77424	15,07259
26080	-51,77423	16,3833	-51,77424	18,34939
26100	-51,77423	19,00474	-51,77424	19,6601
26120	-51,77423	20,31546	-51,77424	20,97083
26140	-51,77423	21,62618	-51,77424	22,28155
26160	-51,77423	22,93691	-51,77424	24,24765
26180	-51,77423	30,14589	-51,77424	36,04418
26200	-51,77423	39,97634	-51,77424	39,97635
26220	-51,77423	39,97634	-51,77424	39,97634
26240	-51,77423	39,97634	-51,77424	39,97635
26260	-51,77423	39,97635	-51,77424	39,97636
26280	-51,77423	39,97636	-51,77424	39,97638
26300	-51,77423	39,97638	-51,77424	39,97639
26320	-51,77423	39,97639	-51,77424	39,9764
26340	-51,77423	39,97639	-51,77424	39,97641
26360	-51,77423	39,97641	-51,77424	39,97642
26380	-51,77423	39,97641	-51,77424	39,97643
26400	-51,77423	39,97642	-51,77424	39,97644
26420	-51,77423	39,97644	-51,77424	39,97645
26440	-51,77423	39,97645	-51,77424	39,97646
26460	-51,77423	39,97646	-51,77424	39,97647
26480	-51,77423	39,97646	-51,77424	39,97648
26500	-51,77423	39,97647	-51,77424	39,97649
26520	-51,77423	39,97648	-51,77424	39,97649
26540	-51,77423	39,97648	-51,77424	39,9765
26560	-51,77423	39,97649	-51,77424	39,9765
26580	-51,77423	39,97649	-51,77424	39,9765
26600	-51,77423	39,97649	-51,77424	39,97649
26620	-51,77423	39,97649	-51,77424	39,9765
26640	-51,77423	39,97649	-51,77424	39,9765
26660	-51,77423	39,97648	-37,35618	31,45678
26680	-29,49178	22,93709	-28,18107	22,93711
26700	-27,52569	24,9032	-27,5257	24,90322
26720	-27,52569	24,90323	-27,52569	24,90325
26740	-28,18104	24,90325	-28,83386	24,2479
26760	-28,83639	24,2479	-28,8364	23,59255
26780	-28,83639	22,93719	-28,83639	22,9372
26800	-28,83638	22,93719	-29,49175	23,59256
26820	-28,83638	23,59255	-28,83639	23,59256
26840	-28,83639	24,24792	-27,52567	25,55865
26860	-27,52567	26,86937	-26,87031	26,86937
26880	-26,8703	26,86936	-26,87031	26,86937
26900	-27,52565	26,86935	-27,52567	27,52472
26920	-27,52565	28,18007	-27,52566	28,18007
26940	-26,87029	28,83543	-27,52565	28,83544
26960	-26,87029	28,18007	-26,87029	28,18008
26980	-26,21492	28,18007	-20,972	26,86936
27000	-14,4183	24,24895	-13,76294	24,90329
27020	-14,4183	25,55864	-14,4183	24,90329
27040	-15,07366	24,90329	-15,07366	24,24794
27060	-15,07366	24,24794	-16,38439	23,59259
27080	-16,38438	23,59258	-16,38439	22,93724
27100	-17,03974	23,59259	-17,03975	22,93724
27120	-17,03975	22,28187	-17,03975	22,28188
27140	-17,0372	21,62651	-17,03976	21,62652
27160	-17,6951	21,62651	-17,03976	20,97116
27180	-17,03974	20,97115	-17,69511	20,3158
27200	-17,69511	20,31579	-17,69511	20,3158
27220	-17,69511	20,97116	-17,03975	20,31581
27240	-17,69511	20,3158	-18,35047	20,31581
27260	-17,6951	20,3158	-17,69511	20,31581
27280	-17,6951	20,3158	-17,69511	20,31581
27300	-17,6951	20,3158	-17,6951	20,31582
27320	-17,6951	20,97116	-18,35046	20,31581
27340	-17,69509	20,31581	-17,6951	20,31582
27360	-17,69509	20,31581	-18,35046	20,31582
27380	-17,69509	19,66045	-17,69509	20,31582
27400	-18,35045	20,31581	-17,6951	19,66046
27420	-18,35045	19,66045	-18,35045	20,31582
27440	-18,3479	20,31581	-17,6951	20,31582
27460	-18,35045	20,31581	-18,35046	19,66046
27480	-18,35045	20,31581	-18,35046	20,31581
27500	-18,35045	19,66044	-18,35046	20,31581
27520	-18,35045	20,3158	-18,35046	20,31582
27540	-18,35044	20,31581	-18,35045	20,31582
27560	-18,35044	20,97118	-17,69509	20,31583
27580	-17,69508	20,31581	-17,69509	20,31582
27600	-17,69508	20,31581	-17,69509	20,31582
27620	-17,03972	20,31581	-17,03973	20,31582
27640	-17,03973	20,31581	-17,03974	20,31582
27660	-17,03974	20,31582	-17,03975	20,31582
27680	-17,03974	20,97117	-17,03975	20,31582
27700	-17,03974	20,97118	-17,03974	20,31583
27720	-17,03973	20,97118	-17,03974	20,97119
27740	-16,38437	20,97118	-16,38438	20,31583
27760	-17,03973	20,97118	-16,38438	20,97119
27780	-17,03973	20,97118	-17,03974	20,31583
27800	-17,03973	20,31582	-17,03974	20,97119
27820	-17,03974	20,31583	-17,03975	20,31583
27840	-17,03973	20,31583	-17,03975	20,31584
27860	-17,03974	20,31583	-17,03975	20,31584
27880	-17,03973	20,31583	-17,03974	20,31584
27900	-17,03974	20,31583	-17,03974	20,31584
27920	-17,03974	20,31583	-17,03974	20,31584
27940	-17,03973	20,31583	-17,03974	19,66048
27960	-16,38437	19,66047	-17,03974	19,66049
27980	-17,03974	19,66048	-16,38438	19,00514
28000	-16,38437	18,34977	-4,58778	11,14081
28020	15,7286	-1,96638	22,93762	-8,51996
28040	22,28226	-7,20926	21,62689	-4,5878
28060	22,28226	-5,24316	22,93762	-5,24316
28080	22,28226	-5,24316	22,93762	-5,89851
28100	22,93762	-5,24316	23,59297	-5,89852
28120	24,24834	-4,5878	24,24833	-5,24315
28140	24,24833	-5,89853	24,24832	-5,89853
28160	24,90369	-5,24318	25,55904	-5,24318
28180	27,52512	-3,93248	28,18046	-3,27711
28200	29,49119	-2,62177	30,14653	-1,9664
28220	30,8019	-1,96641	32,11261	-1,9664
28240	32,76797	-1,31104	32,1126	-1,31104
28260	19,00525	1,3104	5,24251	5,24258
28280	0,65495	8,51939	-0,00041000000000224	9,83012
28300	-0,65575	9,8301	-1,31113	10,48547
28320	-1,96648	10,48545	-2,62185	10,48547
28340	-3,2772	10,48546	-3,27721	10,48548
28360	-3,93256	10,48547	-3,93257	10,48548
28380	-3,93256	10,48548	-3,93256	10,48549
28400	-3,93256	10,48548	-3,93256	10,4855
28420	-3,93256	10,48549	-4,58792	10,48551
28440	-4,58792	11,14086	-4,58793	10,4855
28460	-4,58792	10,4855	-5,24329	9,83015
28480	-5,24328	9,83014	-5,24329	9,83015
28500	-5,24329	10,48551	-5,89865	10,48551
28520	-5,24329	9,83015	-5,89866	10,48551
28540	-5,89865	10,4855	-5,24329	10,48551
28560	-5,89865	10,48551	-5,89866	9,83015
28580	-5,89864	10,48551	-5,89866	9,83016
28600	-5,89865	9,83015	-6,55402	9,83016
28620	-6,554	9,83015	-6,55401	9,83016
28640	-5,89864	9,83015	-5,89865	9,83016
28660	-6,554	9,83015	-6,55401	9,17479
28680	-6,554	9,17478	-6,554	9,83016
28700	-6,55399	9,83015	-6,554	8,51944
28720	-9,83086	11,79623	-20,31676	15,7284
28740	-24,24892	18,34984	-24,90428	19,66056
28760	-24,90425	19,66054	-25,55962	19,66054
28780	-26,21497	20,31589	-26,21497	20,31589
28800	-26,87032	20,31588	-27,52569	20,31589
28820	-27,52568	20,97124	-28,18104	20,97124
28840	-28,18103	22,28195	-28,18104	21,6266
28860	-28,18103	22,28195	-28,18104	22,28196
28880	-28,83638	22,28194	-28,83639	22,93731
28900	-28,83638	22,9373	-29,49175	22,93731
28920	-29,49174	22,9373	-30,14711	22,9373
28940	-29,49174	22,93729	-29,49176	22,9373
28960	-29,49174	22,93729	-30,14712	22,9373
28980	-30,14711	23,59265	-30,14712	22,9373
29000	-30,80247	23,59266	-30,80249	22,9373
29020	-31,45784	23,59266	-31,45784	22,93731
29040	-31,45783	22,9373	-31,45784	22,93731
29060	-31,45783	22,93731	-31,45784	22,93731
29080	-31,45783	22,93731	-31,45784	22,28195
29100	-31,45783	22,93731	-30,80248	22,93732
29120	-31,45783	22,93731	-31,45784	22,28195
29140	-31,45783	22,28195	-32,11319	21,62659
29160	-32,11318	22,28195	-32,76854	21,62659
29180	-33,42388	21,62658	-33,42388	21,6266
29200	-33,42387	21,62659	-33,42388	20,97124
29220	-33,42386	20,97123	-33,42387	20,31588
29240	-33,42385	20,31587	-33,42386	19,66052
29260	-33,42385	20,31587	-33,42386	19,66052
29280	-33,42384	20,31587	-34,07921	19,66052
29300	-34,0792	19,66052	-34,07921	19,66053
29320	-34,07919	19,66052	-34,0792	19,66053
29340	-34,73455	19,66052	-34,73456	19,66053
29360	-34,73455	19,00517	-35,38992	19,00518
29380	-34,73456	19,00517	-35,38993	19,00518
29400	-38,66678	22,28198	-42,59896	24,24808
29420	-43,25429	24,90343	-42,59893	24,90344
29440	-43,25428	25,55878	-43,90964	26,21415
29460	-43,25427	26,21414	-43,90964	26,21415
29480	-43,90962	26,21415	-43,90963	26,21416
29500	-43,90962	26,21414	-44,56499	26,21415
29520	-44,56497	26,8695	-44,56498	27,52488
29540	-44,56498	26,86951	-45,22034	26,21416
29560	-45,22033	26,21414	-45,87569	26,21415
29580	-45,87568	26,21414	-45,87569	26,21415
29600	-45,87567	26,8695	-45,87568	26,21415
29620	-46,53103	26,21414	-46,53103	25,55879
29640	-46,53103	26,21414	-47,18639	25,55878
29660	-47,18638	25,55878	-44,56493	24,90343
29680	-31,45757	20,97127	-26,21462	19,0052
29700	-28,18069	20,97127	-29,49142	20,97129
29720	-29,49141	21,62664	-29,49141	21,62666
29740	-29,49139	21,62665	-29,4914	21,62666
29760	-30,14675	22,28201	-30,14675	21,62666
29780	-30,14674	21,62666	-30,14675	22,28202
29800	-30,80209	21,62666	-30,8021	21,62667
29820	-30,80208	21,62666	-31,45745	21,62667
29840	-31,45743	21,62667	-31,45744	21,62667
29860	-32,11278	21,62667	-32,11278	20,97132
29880	-32,11277	21,62668	-32,76814	21,62669
29900	-32,76813	22,28204	-33,4235	22,28205
29920	-33,42348	22,28204	-33,42349	22,28205
29940	-33,42347	21,62668	-34,07884	21,6267
29960	-34,07882	22,28205	-33,42347	22,28206
29980	-34,07881	22,93741	-34,07881	22,28206
30000	-33,42344	22,93741	-34,0788	22,93743
30020	-31,45733	21,6267	-15,72851	15,07311
30040	-2,62114	9,17486	-0,65502	8,51951
30060	-1,96573	9,83022	-1,96573	9,83024
30080	-1,96571	9,83023	-1,96571	9,17487
30100	-1,9657	8,5195	-1,96571	8,51951
30120	-1,9657	8,51951	-1,9657	8,51952
30140	-1,31033	8,51951	-0,65497	7,86416
30160	0,00039999999999907	7,86414	0,65576	8,51952
30180	1,31113	8,51951	1,96648	9,17488
30200	3,27721	8,51951	3,93256	8,51951
30220	4,58793	8,5195	5,24328	7,86414
30240	5,24329	8,51949	5,89864	7,20878
30260	5,89864	7,20877	5,89862	6,55341
30280	5,24327	7,20959	5,24324	6,55341
30300	5,24325	6,5534	5,24323	6,5534
30320	5,24323	5,89804	5,24321	5,89805
30340	5,89857	5,89804	5,89855	5,2427
30360	5,89856	5,24269	5,89855	5,2427
30380	5,24319	5,24269	5,89854	5,24271
30400	5,24319	5,2427	5,89854	4,58736
30420	5,89856	5,24271	5,89854	5,24272
30440	6,55392	5,24271	7,20927	5,24273
30460	7,20928	5,24272	7,20927	4,58736
30480	7,86463	4,58736	7,86462	4,58737
30500	7,86463	4,58736	7,86462	3,93201
30520	7,86462	3,932	8,51888	4,58738
30540	8,51998	4,58737	8,51997	3,93202
30560	8,51998	4,58737	7,8646	3,93202
30580	7,86461	4,58738	8,51996	3,27666
30600	8,51997	3,93201	8,51996	3,93201
30620	8,51997	3,932	8,51996	3,93201
30640	8,51997	4,58737	8,51996	3,93202
30660	7,86461	4,58736	7,8646	3,93201
30680	7,86461	4,58736	7,20924	4,58738
30700	7,20925	4,58737	6,55388	4,58738
30720	5,89853	4,58737	5,89853	4,58738
30740	5,89854	3,93201	5,24317	4,58738
30760	4,58782	3,93201	4,58781	3,27666
30780	4,58783	3,27664	4,58782	2,62129
30800	3,93247	2,62128	3,2771	2,62128
30820	3,27712	2,62128	3,27711	1,96592
30840	3,27713	1,96591	3,27712	1,96591
30860	3,27713	1,96589	3,27712	1,31053
30880	3,27712	1,96587	3,2771	2,62124
30900	3,27711	1,96586	3,93245	1,96587
30920	3,27708	4,5873	-5,89813	9,83021
30940	-20,31618	15,07309	-25,55911	17,69452
30960	-26,8698	18,34987	-26,8698	19,00522
30980	-27,52515	19,66056	-28,18052	19,66056
31000	-28,18051	19,66055	-28,83588	20,31592
31020	-28,18051	20,97126	-28,18053	20,31592
31040	-27,52517	20,97127	-27,52519	20,97127
31060	-27,52518	20,97126	-27,52519	21,62663
31080	-27,52264	21,62662	-27,5252	21,62664
31100	-28,18055	22,282	-28,83592	23,59274
31120	-28,83591	24,24809	-29,49129	24,2481
31140	-29,49128	24,90346	-29,4913	24,90348
31160	-29,49129	25,55883	-29,4913	26,21421
31180	-28,83593	26,21421	-28,83594	25,55886
31200	-28,18057	26,21421	-27,52522	26,21422
31220	-26,86984	26,21421	-26,21448	26,86959
31240	-24,90375	25,55887	-24,24839	24,24816
31260	-21,62695	20,31602	-17,03946	11,7964
31280	-11,14125	-1,9999999999243E-5	-10,48607	-7,20885
31300	-18,35065	-9,17477	-22,93827	-9,82997
31320	-23,59359	-6,55314	-27,52573	1,96648
31340	-34,07927	11,14144	-38,66674	17,69496
31360	-41,9435	21,62708	-43,90956	22,93779
31380	-45,87561	25,55922	-46,53096	28,18067
31400	-48,49703	30,80208	-50,4631	32,76815
31420	-51,11843	36,04491	-51,77379	39,3217
31440	-51,77376	39,97703	-51,77375	39,97702
31460	-51,77372	39,97701	-51,77371	39,977
31480	-51,77369	39,97698	-51,77369	39,97698
31500	-51,77367	39,97697	-51,77368	39,97697
31520	-51,77367	39,97696	-51,77367	39,97696
31540	-51,77365	39,97695	-51,77365	39,97696
31560	-51,77364	39,97694	-51,77365	39,97695
31580	-51,77364	39,97694	-51,77366	39,97693
31600	-51,77365	39,97692	-51,77367	39,97692
31620	-51,77366	39,97692	-51,77367	39,97692
31640	-51,77367	39,97691	-51,77368	39,97692
31660	-51,77368	39,97691	-51,77368	39,97692
31680	-51,77367	39,9769	-51,77369	39,9769
31700	-51,77368	39,97689	-51,77369	39,9769
31720	-51,77368	39,97689	-51,77369	39,9769
31740	-51,77369	39,97688	-51,77369	39,97689
31760	-51,77369	39,97689	-51,7737	39,97689
31780	-51,77369	39,97689	-51,7737	39,97689
31800	-51,77369	39,97689	-51,7737	39,9769
31820	-51,77369	39,97689	-51,77369	39,9769
31840	-51,77368	39,97689	-51,77368	39,9769
31860	-51,77367	39,9769	-51,77368	39,97691
31880	-51,77367	39,9769	-51,77367	39,97692
31900	-51,77365	39,9769	-51,77366	39,97691
31920	-51,77365	39,9769	-51,77366	39,9769
31940	-51,77365	39,97689	-51,77366	39,9769
31960	-51,77365	39,97689	-51,77366	39,9769
31980	-51,77365	39,97689	-51,77366	39,97689
32000	-51,77365	39,97689	-51,77365	39,97689
32020	-51,77364	39,97688	-51,77365	39,97689
32040	-51,77364	39,97688	-51,77365	39,97689
32060	-51,77364	39,97688	-51,77364	39,97688
32080	-51,77363	39,97687	-51,77364	39,97688
32100	-51,77363	39,97687	-51,77363	39,97688
32120	-51,77362	39,97686	-51,77362	39,97688
32140	-51,77364	39,97687	-51,77376	39,97691
32160	-51,77377	39,9769	-51,77376	39,97692
32180	-51,77373	39,9769	-51,77374	39,9769
32200	-51,77372	39,97689	-51,77373	39,9769
32220	-51,77371	39,97689	-51,77372	39,9769
32240	-51,7737	39,97688	-51,77371	39,97689
32260	-51,7737	39,97688	-51,7737	39,97689
32280	-51,77368	39,97688	-51,77369	39,97688
32300	-51,77368	39,97688	-51,77368	39,97688
32320	-51,77367	39,97687	-51,77367	39,97688
32340	-51,77367	39,97686	-51,77368	39,97687
32360	-51,77366	39,97685	-51,77368	39,97686
32380	-51,77366	39,97685	-51,77367	39,97686
32400	-51,77365	39,97685	-51,77367	39,97686
32420	-51,77366	39,97685	-51,77367	39,97686
32440	-51,77365	39,97685	-51,77367	39,97685
32460	-51,77367	39,97685	-51,77368	39,97685
32480	-51,77367	39,97684	-51,77368	39,97685
32500	-51,77367	39,97684	-51,77368	39,97685
32520	-51,77367	39,97684	-51,77368	39,97685
32540	-51,77368	39,97684	-51,77371	39,97685
32560	-51,77376	39,97686	-51,77389	39,97692
32580	-51,77403	28,18058	-51,77408	12,45226
32600	-42,59887	-2,62081	-28,18066	-32,112
32620	0,00011999999999546	-62,91393	17,6954	-76,02112
32640	20,9728	-77,33185	10,48736	-74,7104
32660	-5,24113	-66,19073	-18,34828	-51,11744
32680	-28,83404	-39,32097	-39,97521	-36,69952
32700	-49,80563	-46,52993	-50,46112	-66,84608
32720	-32,76668	-79,29793	-17,6939	-79,29792
32740	-3,93174	-65,53537	0,00019000000000347	-50,46208
32760	1,31077	-33,42284	-0,65546	-22,93717
32780	-1,9662	-15,7283	-5,24304	-9,83011
32800	-8,51982	-3,27659	-11,14126	1,96624
32820	-13,76267	5,89834	-16,38411	9,17511
32840	-18,35017	12,45187	-20,31625	15,07331
32860	-21,62695	18,35008	-22,93767	20,31616
32880	-24,24837	22,93758	-25,55908	24,90367
32900	-26,86978	27,52509	-27,52514	28,18045
32920	-28,18047	28,83579	-29,4912	28,83578
32940	-30,8019	30,14649	-32,76798	30,80185
32960	-34,07868	31,45719	-34,73403	31,45719
32980	-35,38938	31,45718	-36,04474	32,11255
33000	-36,04472	32,7679	-34,73401	31,45719
33020	-34,07865	28,83574	-31,45724	24,90362
33040	-28,1805	17,03937	-20,31634	1,9663
33060	-9,17517	-17,69409	-7,86397	-56,36032
33080	22,28334	-94,37121	26,21614	-102,89088
33100	-9,82856	-87,81761	-41,28598	-57,01568
33120	-51,77187	-24,24769	-51,77196	-11,14048
33140	-51,77202	-24,24769	-51,77204	-58,3264
33160	-51,77214	-81,26401	-42,59737	-87,8176
33180	-21,62629	-74,71041	-17,69449	-55,70496
33200	-16,38398	-37,35502	-18,35026	-25,55868
33220	-19,00571	-17,0391	-22,93793	-10,48556
33240	-25,55936	-3,93202	-27,52542	0,65545
33260	-29,49146	6,55363	-32,11288	10,48576
33280	-32,76822	14,41788	-34,07893	18,35002
33300	-35,38962	20,31608	-36,04499	21,6268
33320	-36,70033	23,59286	-37,35568	24,24822
33340	-38,01103	24,90355	-38,01104	24,2482
33360	-38,66639	24,90355	-39,32175	25,5589
33380	-39,97711	26,21425	-41,28784	26,86962
33400	-41,94318	27,52498	-43,25391	28,18034
33420	-43,90926	29,49106	-44,56462	29,49106
33440	-45,21996	30,14641	-45,87532	30,80178
33460	-45,87531	30,80177	-46,53067	30,80178
33480	-47,18601	31,45713	-47,18602	32,1125
33500	-47,84136	32,11249	-48,49673	32,76786
33520	-49,15208	32,76785	-49,80744	33,42322
33540	-50,46279	34,07858	-51,11816	34,73394
33560	-51,77351	35,3893	-51,11815	35,3893
33580	-51,7735	35,3893	-51,77351	35,3893
33600	-51,77349	35,38929	-51,77349	35,38929
33620	-51,77348	35,38928	-51,77348	36,04465
33640	-51,77347	36,7	-51,77347	37,35537
33660	-51,77345	38,01073	-51,77346	38,01074
33680	-51,77346	38,01073	-51,77347	38,01073
33700	-51,77346	37,35537	-51,77347	38,01073
33720	-51,77346	38,01072	-51,77347	38,01073
33740	-51,77346	38,66608	-51,77347	38,01074
33760	-51,77345	38,66609	-51,77345	38,6661
33780	-51,77343	38,66609	-51,11807	38,66609
33800	-50,4627	39,32145	-50,4627	39,32145
33820	-49,80732	39,9768	-49,15196	39,9768
33840	-49,15194	39,97679	-48,49658	39,9768
33860	-48,49657	39,97679	-48,49657	39,9768
33880	-48,49656	39,97678	-49,15193	39,97679
33900	-49,15191	39,97678	-49,80729	39,97679
33920	-49,80728	39,97678	-51,77339	38,0107
33940	-51,77348	33,42315	-51,7735	32,11244
33960	-51,77348	34,07851	-51,77349	34,07852
33980	-51,77349	34,07851	-51,77351	34,07852
34000	-51,7735	34,0785	-51,77351	33,42315
34020	-51,77351	34,0785	-51,77352	33,42315
34040	-51,77352	33,42313	-51,77353	33,42313
34060	-51,77352	32,76777	-51,77352	32,76777
34080	-51,77351	32,76776	-51,77351	32,11241
34100	-51,77349	32,76776	-51,7735	32,76776
34120	-51,77348	33,42311	-51,77349	33,42312
34140	-51,77347	34,07848	-51,77349	34,73385
34160	-51,77348	34,73384	-51,77349	34,73385
34180	-51,77348	34,73384	-51,7735	34,07849
34200	-51,77349	34,07847	-51,7735	33,42312
34220	-51,7735	33,42311	-51,7735	33,42311
34240	-51,7735	32,76773	-51,77352	32,76774
34260	-51,77351	32,76773	-51,77353	32,11238
34280	-51,77352	32,76773	-51,77354	32,11239
34300	-51,77353	32,11237	-51,77354	31,45703
34320	-51,77354	31,45702	-51,77354	30,80167
34340	-51,77354	30,80167	-51,77355	30,14631
34360	-51,77354	30,1463	-51,77355	30,14631
34380	-51,77354	30,14629	-51,77355	29,49094
34400	-51,77354	29,49093	-51,77355	29,49094
34420	-51,77355	28,83557	-51,77356	28,18021
34440	-51,77355	28,18021	-51,77356	28,18022
34460	-51,77356	28,18021	-51,77356	28,18021
34480	-51,77356	27,52485	-51,77357	27,52485
34500	-51,77356	28,18021	-51,77357	27,52484
34520	-51,77356	27,52484	-51,77357	27,52484
34540	-51,77357	27,52484	-51,77358	27,52484
34560	-51,77358	27,52483	-51,77359	26,86948
34580	-51,77358	26,86947	-51,7736	26,21412
34600	-51,77359	26,86947	-51,77361	26,21413
34620	-51,77361	27,52484	-51,77362	26,86949
34640	-51,77361	27,52484	-51,77363	26,86949
34660	-51,77362	27,52485	-51,77363	26,86949
34680	-51,77361	27,52484	-51,77363	27,52485
34700	-51,77362	27,52485	-51,77363	27,52486
34720	-51,77362	27,52485	-51,77363	27,52485
34740	-51,77362	26,86949	-51,77364	26,86949
34760	-51,77362	26,86949	-51,77363	26,21413
34780	-51,77363	26,21412	-51,11828	25,55877
34800	-51,11827	25,55876	-50,46293	24,90341
34820	-49,80756	24,90341	-49,15222	24,24806
34840	-48,49685	22,93733	-51,77389	20,31592
34860	-51,77423	14,41771	-51,77424	9,83027
34880	-51,77423	9,17496	-51,77424	12,45181
34900	-51,77423	8,51967	-51,77424	8,51966
34920	-51,77423	9,83037	-51,77424	8,51965
34940	-51,77423	9,175	-51,77424	9,175
34960	-51,77423	9,83035	-51,77424	10,48571
34980	-51,77423	10,48569	-51,77424	10,48569
35000	-51,77423	11,14104	-51,77424	11,7964
35020	-51,77423	11,7964	-51,77424	12,45176
35040	-51,77423	12,45174	-51,77424	12,45175
35060	-51,77423	12,45173	-51,77424	12,45173
35080	-51,77423	14,4178	-51,77424	15,72851
35100	-51,77423	17,03919	-51,77424	26,86957
35120	-51,77399	30,8017	-51,77373	32,76778
35140	-51,7737	35,38921	-51,7737	36,04457
35160	-51,77367	37,35528	-51,77367	38,01065
35180	-51,77366	38,666	-51,77366	39,32138
35200	-51,77364	39,97673	-51,77364	39,97674
35220	-51,77363	39,97674	-51,77364	39,97676
35240	-51,77362	39,97676	-51,77362	39,97677
35260	-51,77362	39,97676	-51,77363	39,97677
35280	-51,77362	39,97677	-51,77363	39,97678
35300	-51,77363	39,97678	-51,77364	39,97679
35320	-51,77364	39,97679	-51,77366	39,9768
35340	-51,77367	37,35536	-51,77369	34,73394
35360	-51,77369	34,73393	-51,7737	34,73394
35380	-51,7737	34,07857	-51,77371	34,07859
35400	-51,77371	34,07858	-51,77371	34,73396
35420	-51,77357	30,8018	-45,87523	25,55892
35440	-45,87523	27,525	-45,87524	28,83573
35460	-45,87522	30,14645	-45,21986	29,4911
35480	-44,56449	30,14645	-43,90914	30,80182
35500	-43,90913	30,80181	-43,90915	30,80181
35520	-43,25378	30,80181	-43,90915	30,80181
35540	-43,25378	30,8018	-43,90915	30,14644
35560	-43,90914	30,80179	-43,90915	30,8018
35580	-43,90915	31,45715	-43,90916	31,45716
35600	-43,90915	31,45715	-44,56452	31,45716
35620	-44,56451	32,11251	-51,77348	31,45715
35640	-44,56451	32,1125	-44,56452	32,11251
35660	-43,90915	32,11251	-44,56451	32,76787
35680	-44,5645	32,76786	-44,56451	32,76787
35700	-44,56451	32,76786	-44,56451	32,11251
35720	-44,5645	32,76786	-44,56451	32,11251
35740	-43,90914	32,76786	-43,90915	32,1125
35760	-41,28768	30,14642	-31,45714	22,93745
35780	-26,86957	20,31599	-28,18029	21,62672
35800	-28,18029	22,93743	-28,18029	22,93743
35820	-28,18029	22,93742	-27,52493	22,93743
35840	-28,18028	22,93741	-27,52493	22,93742
35860	-27,52492	22,93741	-27,52493	22,93741
35880	-26,86956	22,9374	-26,86957	22,93741
35900	-26,86956	22,9374	-26,86957	22,93741
35920	-26,86956	22,28203	-26,86957	22,28204
35940	-26,2142	22,28203	-26,86958	21,62668
35960	-26,21421	22,28202	-25,55887	21,62667
35980	-25,55885	21,62665	-26,21425	23,59274
36000	-37,35555	32,7678	-50,46289	39,97682
36020	-51,77365	39,97683	-51,77366	39,97685
36040	-51,77362	39,97682	-51,7736	39,97682
36060	-51,77358	39,97681	-51,77359	39,97681
36080	-51,77357	39,9768	-51,77358	39,97681
36100	-51,77358	39,97681	-51,77358	39,97681
36120	-51,77357	39,9768	-51,77358	39,97681
36140	-51,77357	39,9768	-51,77358	39,9768
36160	-51,77357	39,97679	-51,77357	39,97681
36180	-51,77356	39,97679	-51,77357	39,9768
36200	-51,77356	39,97679	-51,77357	39,9768
36220	-51,77356	39,97679	-51,77358	39,9768
36240	-51,77357	39,97679	-51,77358	39,97679
36260	-51,77357	39,97679	-51,77358	39,9768
36280	-51,77358	39,97679	-51,77359	39,9768
36300	-51,77358	39,97679	-51,77359	39,9768
36320	-51,77358	39,97678	-51,77359	39,9768
36340	-51,77359	39,97679	-51,77359	39,97679
36360	-51,77359	39,97679	-51,7736	39,97679
36380	-51,77359	39,97679	-51,7736	39,97679
36400	-51,77359	39,97679	-51,7736	39,9768
36420	-51,77359	39,97679	-51,7736	39,9768
36440	-51,77359	39,9768	-51,7736	39,9768
36460	-51,7736	39,97679	-51,7736	39,9768
36480	-51,77359	39,97679	-51,7736	39,9768
36500	-51,77359	39,97679	-51,77361	39,9768
36520	-51,7736	39,97679	-51,77361	39,9768
36540	-51,7736	39,97678	-51,77361	39,97679
36560	-51,77361	39,97679	-51,77362	39,9768
36580	-51,77361	39,97678	-51,77362	39,97679
36600	-51,77361	39,97677	-43,25374	39,97675
36620	-22,28201	33,4231	-14,41762	24,9034
36640	-12,45153	24,24802	-11,79619	25,55876
36660	-11,14081	25,55876	-10,48545	24,90341
36680	-9,83008	24,9034	-9,17473	24,24804
36700	-9,17472	24,9034	-9,17473	24,90341
36720	-8,51937	24,24804	-8,51938	24,24805
36740	-8,51936	24,24805	-7,86402	23,59269
36760	-7,86401	23,59268	-7,86401	22,93733
36780	-7,864	23,59269	-7,20865	22,93733
36800	-7,20864	23,59268	-7,20865	22,93732
36820	-7,20864	22,93731	-7,20865	22,93732
36840	-6,55328	22,28195	-6,5533	22,28196
36860	-5,89793	22,28195	-5,24259	22,28196
36880	-5,24258	22,28195	-5,24259	21,6266
36900	-5,24259	21,62659	-5,2426	21,6266
36920	-5,24259	20,97123	-4,58724	20,97124
36940	-4,58723	20,97124	-3,93188	20,97125
36960	-3,93187	20,97124	-3,27652	20,31589
36980	-3,27651	20,31588	-2,62116	20,31589
37000	-9,83021	20,97126	-28,18052	23,59271
37020	-35,38956	25,55878	-37,35565	25,55879
37040	-36,70026	25,55877	-36,70027	25,55878
37060	-37,35563	25,55877	-37,35564	25,55877
37080	-37,35563	25,55877	-37,35564	25,55877
37100	-36,70027	26,21412	-36,04492	26,21414
37120	-35,38955	25,55877	-34,73419	24,90341
37140	-34,07882	24,24804	-33,42346	24,24805
37160	-32,7681	24,24804	-32,76811	24,24805
37180	-32,11274	24,24803	-32,11275	24,24804
37200	-33,42347	23,59267	-32,11276	23,59267
37220	-32,11275	22,9373	-32,76813	22,28195
37240	-32,76813	22,28194	-33,4235	22,28194
37260	-33,42349	22,93729	-34,07886	22,9373
37280	-34,07886	23,59265	-34,07887	24,24802
37300	-34,07886	24,90337	-33,42351	24,90338
37320	-33,42349	24,90337	-33,4235	24,24801
37340	-32,76813	24,90336	-33,4235	24,90337
37360	-32,76812	25,55872	-33,42349	24,90336
37380	-32,76811	25,55871	-32,76812	24,90336
37400	-33,42347	25,55871	-33,42347	24,90336
37420	-33,42345	24,24797	-34,07883	24,90335
37440	-34,07882	25,55871	-34,73419	24,90335
37460	-34,73418	24,90334	-34,07883	24,90335
37480	-33,42346	25,55871	-33,42347	25,55872
37500	-32,7681	26,21407	-32,11274	26,21409
37520	-31,45736	27,52481	-31,45736	28,18019
37540	-30,80198	29,49091	-30,14662	30,1463
37560	-30,1466	31,45702	-29,49124	32,1124
37580	-29,49122	32,11239	-28,83588	32,11241
37600	-28,83586	32,1124	-28,18051	31,45704
37620	-28,1805	31,45704	-28,18051	31,45705
37640	-27,52515	32,11239	-28,18051	31,45704
37660	-27,52514	32,1124	-28,18051	32,11241
37680	-27,52515	32,1124	-28,18052	31,45705
37700	-27,52515	31,45704	-28,18052	31,45705
37720	-28,18052	31,45705	-28,18053	31,45706
37740	-28,83588	31,45705	-28,18053	30,8017
37760	-28,83588	31,45705	-28,83589	30,8017
37780	-28,83589	31,45705	-29,49126	31,45707
37800	-29,49125	31,45705	-29,49125	31,45706
37820	-29,49125	30,8017	-29,49126	31,45706
37840	-30,14661	30,8017	-29,49125	30,14634
37860	-30,80196	29,49097	-30,80197	28,83562
37880	-31,45732	28,83561	-32,11268	28,18026
37900	-33,4234	28,18025	-33,4234	27,5249
37920	-33,42339	27,52489	-33,4234	27,5249
37940	-33,42339	27,52489	-33,4234	27,52488
37960	-33,42339	28,18024	-33,4234	27,52489
37980	-33,42339	27,52487	-32,76804	26,86952
38000	-32,76803	26,86951	-32,11268	26,86952
38020	-32,11267	26,86951	-32,11268	26,86951
38040	-32,11267	26,8695	-31,45733	26,21415
38060	-31,45732	26,8695	-31,45733	26,86951
38080	-30,80197	26,86949	-30,80198	26,8695
38100	-30,80197	26,86949	-30,80198	26,21413
38120	-30,80197	26,21412	-30,14663	25,55877
38140	-29,49127	26,21412	-29,49128	25,55877
38160	-29,49128	25,55876	-28,83593	24,90341
38180	-28,18057	25,55877	-28,18058	24,90342
38200	-28,18057	25,55877	-28,18058	24,90342
38220	-27,52521	24,90341	-28,18058	24,24806
38240	-28,18057	24,90341	-28,18058	24,90342
38260	-28,83593	24,90342	-28,83594	24,90343
38280	-28,83594	25,55878	-28,18059	25,55879
38300	-28,18058	25,55878	-28,83595	24,90343
38320	-28,83594	25,55878	-28,18059	25,55879
38340	-28,18058	25,55878	-28,1806	25,55879
38360	-28,18058	26,21414	-28,1806	25,55879
38380	-28,18059	26,21414	-28,83596	25,55879
38400	-28,83595	26,21414	-28,83596	26,21416
38420	-29,49132	26,86951	-28,83596	26,21415
38440	-29,49132	26,21414	-29,49132	26,21415
38460	-30,14667	26,86951	-29,49133	26,86951
38480	-29,49132	26,8695	-28,18061	26,86952
38500	-0,65528	32,11242	51,11867	39,32151
38520	99,61604	39,97705	138,93793	39,97735
38540	177,60471	39,97759	199,23155	39,9776
38560	211,02813	39,97759	202,50846	39,9776
38580	198,57634	39,97759	197,26562	39,9776
38600	195,95493	39,97759	193,98886	39,9776
38620	192,67815	39,97759	192,02279	39,9776
38640	192,02281	39,97759	191,36744	39,9776
38660	190,71211	39,97759	190,71209	39,9776
38680	190,05674	39,97759	189,40137	39,9776
38700	188,09065	39,97759	188,09065	39,9776
38720	187,43531	39,97759	186,12457	39,9776
38740	185,46921	39,97759	184,81384	39,9776
38760	184,15849	39,97759	183,50312	39,9776
38780	183,50312	39,97759	182,84775	39,9776
38800	182,19239	39,97759	181,53702	39,9776
38820	181,53703	39,97759	181,53701	39,9776
38840	181,53701	39,97759	181,53701	39,9776
38860	181,53701	39,97759	182,19236	39,9776
38880	182,84772	39,97759	183,50307	39,9776
38900	182,84771	39,97759	165,15289	39,9776
38920	110,1023	39,97724	58,32839	39,97711
38940	11,14179	39,97704	-32,76779	39,97702
38960	-51,7736	39,977	-51,77364	39,97701
38980	-51,77358	39,977	-51,77359	39,977
39000	-51,77358	39,977	-51,7736	39,97701
39020	-51,77359	39,97699	-51,7736	39,977
39040	-51,77359	39,97699	-51,7736	39,97699
39060	-51,7736	39,97698	-51,77361	39,97699
39080	-51,77361	39,97698	-51,77362	39,97698
39100	-51,77362	39,97697	-51,77363	39,97699
39120	-51,77362	39,97698	-51,77364	39,97699
39140	-51,77363	39,97698	-51,77364	39,97699
39160	-51,77364	39,97698	-51,77364	39,977
39180	-51,77364	39,97698	-51,77365	39,97699
39200	-51,77364	39,97697	-51,77365	39,97698
39220	-51,77364	39,97697	-51,77365	39,97698
39240	-51,77365	39,97697	-51,77366	39,97698
39260	-51,77365	39,97697	-51,77366	39,97698
39280	-51,77365	39,97697	-51,77367	39,97698
39300	-51,77366	39,97697	-51,77367	39,97698
39320	-51,77367	39,97697	-51,77368	39,97698
39340	-51,77367	39,97696	-51,77369	39,97696
39360	-51,77368	39,97696	-51,77369	39,97697
39380	-51,77368	39,97695	-51,77369	39,97696
39400	-51,77368	39,97695	-51,77369	39,97695
39420	-51,77368	39,97694	-51,77369	39,97695
39440	-51,77367	39,97694	-51,77369	39,97694
39460	-51,77368	39,97693	-51,7737	39,97693
39480	-51,77369	39,97693	-51,7737	39,97693
39500	-51,77369	39,97692	-51,7737	39,97693
39520	-51,77369	39,97691	-51,7737	39,97692
39540	-51,7737	39,97691	-51,77371	39,97691
39560	-51,7737	39,9769	-51,7737	39,9769
39580	-51,77369	39,9769	-51,77371	39,9769
39600	-51,7737	39,97689	-51,77372	39,9769
39620	-51,77372	39,97688	-51,77373	39,97689
39640	-51,77372	39,97688	-51,77374	39,97689
39660	-51,77373	39,97688	-51,77374	39,97689
39680	-51,77373	39,97688	-51,77374	39,97689
39700	-51,77373	39,97688	-51,77374	39,97689
39720	-51,77373	39,97688	-51,77374	39,97689
39740	-51,77374	39,97688	-51,77374	39,97689
39760	-51,77373	39,97688	-51,77374	39,97689
39780	-51,77374	39,97688	-51,77374	39,97689
39800	-51,77374	39,97688	-51,77375	39,97689
39820	-51,77375	39,97689	-51,7738	39,97692
39840	-51,77381	39,97694	-51,77381	39,97696
39860	-51,77379	39,97696	-51,77379	39,97696
39880	-51,77377	39,97695	-51,77378	39,97696
39900	-51,77376	39,97695	-51,77378	39,97696
39920	-51,77376	39,97695	-51,77377	39,97695
39940	-51,77376	39,97694	-51,77376	39,97695
39960	-51,77376	39,97694	-51,77376	39,97695
39980	-51,77375	39,97694	-51,77376	39,97695
