T	LX	LY	RX	RY
0	0	0	0	0
20	11,79672	-0,65536	2,0000000006348E-5	-1,9999999999243E-5
40	9,83062	9,9999999960687E-6	0,65537999999999	0,65535
60	11,14135	0,65537	1,31074	0,65535
80	11,79671	0,65537	1,96611	1,31072
100	11,79672	1,31074	2,62148	1,96608
120	12,45208	1,9661	3,27683	1,96608
140	13,10744	2,62147	3,27683	3,27681
160	13,10744	3,27683	2,62147	3,93218
180	12,45208	4,58756	2,62148	4,58754
200	12,45208	4,58756	2,62148	5,24291
220	12,45209	5,24293	2,62149	5,89827
240	11,79673	5,8983	1,96613	6,55364
260	12,45209	6,55366	1,96613	6,55364
280	12,4521	6,55366	3,93225	7,20901
300	15,07362	7,86439	4,58765	7,86438
320	14,41826	8,51975	3,9323	9,1751
340	13,10754	9,83048	2,62158	9,83047
360	12,45218	9,83048	1,96622	9,83047
380	11,14147	10,48585	1,31086	38,66632
400	10,48611	11,14122	0,65551000000001	11,79656
420	10,48611	11,79658	0,00015000000000498	12,45252
440	9,83075	12,45194	0,00015000000000498	13,10729
460	9,83076	12,45195	0,00015000000000498	13,10729
480	9,83076	13,76267	0,00015000000000498	13,76266
500	9,83076	13,76268	0,00015999999999394	13,76266
520	9,83076	13,76268	0,00015000000000498	13,1073
540	11,14146	13,10731	1,31086	11,79656
560	12,45218	11,14122	3,93228	11,1412
580	14,41824	10,48586	5,89835	10,48584
600	17,03968	10,48585	7,86443	10,48584
620	18,3504	10,48586	8,5198	10,48584
640	19,66113	10,48585	9,83051	11,14119
660	19,00576	10,48585	8,51978	11,1412
680	18,35039	11,14121	7,86442	11,14119
700	17,03966	11,14121	6,55369	11,14119
720	16,3843	11,1412	-77,33239	11,79655
740	15,72894	12,45192	6,55369	12,45191
760	16,38431	13,10728	6,5537	12,45191
780	16,38431	13,10729	6,55371	13,10727
800	17,03968	13,76265	7,20907	13,10727
820	17,03968	13,76265	7,20908	13,76263
840	17,03969	13,76265	6,55372	13,76263
860	16,38434	13,76265	5,89837	14,418
880	16,38434	14,41802	5,89838	14,418
900	15,72899	14,41802	5,24303	14,418
920	15,07365	14,41802	5,24305	15,07337
940	15,72903	15,07339	5,24307	15,72873
960	15,07368	15,72875	5,24309	16,3841
980	15,0737	16,38412	5,2431	17,03947
1000	15,07371	17,03948	4,58775	17,69483
1020	13,763	17,69485	3,27703	17,69484
1040	12,45228	17,69486	1,96632	18,3502
1060	11,14157	18,35022	0,65560000000001	18,3502
1080	8,52012	19,00558	-7,20879	19,00558
1100	2,62182	19,66096	-6,55342	20,3163
1120	2,62182	20,97168	-7,20878	21,62703
1140	2,62184	21,62705	-7,86413	22,28239
1160	1,96649	22,28241	-8,51949	22,93775
1180	1,96647	22,93778	-7,86414	22,93775
1200	2,62182	22,2824	-6,55343	22,28238
1220	3,27717	22,2824	-6,55344	22,28238
1240	3,93252	22,2824	-6,55344	22,28238
1260	3,93252	22,28239	-5,89808	22,28238
1280	3,27716	21,62703	-6,55344	22,28238
1300	3,27716	21,62704	-6,55343	21,62702
1320	3,27717	22,28239	1,96638	24,24848
1340	26,21522	24,90391	24,24908	24,90389
1360	33,42431	25,55926	22,28296	25,55924
1380	33,42428	25,55926	23,59368	25,55924
1400	34,07964	25,55926	24,24903	25,55924
1420	34,735	25,55926	24,90439	25,55924
1440	34,73499	25,55926	25,55975	25,55924
1460	35,39036	25,55926	25,55975	25,55924
1480	35,39036	25,55925	26,21511	25,55924
1500	36,04572	25,55925	25,55975	25,55924
1520	36,04572	25,55926	26,21511	25,55924
1540	35,39037	25,55926	25,55976	26,21461
1560	34,73502	26,21463	24,90441	26,21462
1580	34,07966	26,87	24,24906	26,86998
1600	41,28878	28,18075	43,91028	29,49149
1620	58,98388	29,49151	48,49791	30,14686
1640	57,67315	31,4576	48,4979	31,45758
1660	58,98387	31,4576	49,15326	31,45759
1680	58,32851	31,4576	49,15326	31,45758
1700	58,98387	31,45761	49,15327	31,45759
1720	58,32852	31,45761	48,49791	31,45759
1740	58,32852	31,45762	48,49791	31,4576
1760	57,67317	31,45762	47,1872	31,4576
1780	57,01781	32,11299	47,1872	32,11296
1800	53,74099	31,45763	34,07985	32,11297
1820	41,28898	32,11298	32,11374	32,76833
1840	42,59971	33,42371	32,7691	33,42369
1860	43,25506	33,42371	33,42445	33,42368
1880	43,91041	32,76834	34,73516	32,76832
1900	44,56576	32,76834	34,73515	32,76832
1920	44,56575	32,76834	34,07979	32,76832
1940	43,9104	32,11298	33,42443	32,11296
1960	43,25504	32,11298	33,42444	32,11296
1980	53,08564	33,42374	51,7749	33,42374
2000	64,22702	33,42376	52,43031	33,42374
2020	62,26091	34,07912	53,08566	34,0791
2040	62,91627	34,07912	53,08566	34,0791
2060	62,91627	34,07912	53,08567	34,0791
2080	62,91627	34,07912	52,43031	34,07911
2100	62,26091	34,07912	52,43031	34,07911
2120	62,26091	34,07913	51,77495	34,07911
2140	61,60556	34,07913	51,11959	33,42375
2160	60,9502	34,07912	51,11959	33,42374
2180	64,88238	34,73449	68,15928	35,38991
2200	87,16515	34,73459	78,64527	35,38992
2220	85,85442	36,04531	76,67917	36,04529
2240	87,16513	36,70066	77,33452	36,04528
2260	87,16512	36,0453	77,98987	36,04529
2280	87,82048	36,70067	77,98986	36,70065
2300	88,47758	36,70067	78,64522	37,35602
2320	88,47583	38,0114	79,30058	37,35602
2340	89,78654	38,0114	79,30058	38,66674
2360	89,13118	38,66676	79,30057	38,66674
2380	90,44192	38,66677	83,88817	38,66676
2400	93,06341	38,66678	82,57744	38,66677
2420	92,40804	38,66679	83,23279	38,66677
2440	93,06341	38,66679	83,23279	38,66678
2460	93,71876	38,6668	84,54351	38,66677
2480	95,68483	38,66678	86,50958	38,66676
2500	97,6509	38,66678	87,82029	38,66676
2520	95,68478	38,66677	59,63942	38,66673
2540	26,21571	37,35598	-20,9709	35,38987
2560	-38,0104	34,07916	-55,05009	34,73446
2580	-41,94268	35,38984	-50,46257	36,04517
2600	-40,63198	36,04518	-49,15189	36,70051
2620	-38,66593	36,70052	-48,49655	37,35586
2640	-37,35523	37,35587	-47,18585	38,01121
2660	-36,69988	38,01122	-46,5305	38,0112
2680	-36,6999	38,01122	-46,53051	38,0112
2700	-36,04455	38,01121	-45,87516	38,01119
2720	-36,04455	38,01121	-45,87516	38,01119
2740	-36,04455	38,01121	-45,87517	38,01119
2760	-36,04456	38,66657	-45,87516	38,66655
2780	-35,3892	38,66657	-49,15201	38,66656
2800	-39,97677	38,66658	-49,80737	38,66656
2820	-39,97676	38,66658	-50,46273	38,66656
2840	-40,63213	38,66659	-50,46273	38,66657
2860	-40,63212	38,66659	-51,11809	38,66657
2880	-41,28748	38,66659	-51,11808	38,66658
2900	-41,94284	38,6666	-51,77343	38,66659
2920	-41,94282	38,66661	-52,42878	38,66659
2940	-42,59818	38,66661	-52,42879	38,66659
2960	-43,25353	38,66662	-53,08413	38,6666
2980	-43,25353	38,66662	-53,7395	38,6666
3000	-43,90889	38,66663	-53,73949	38,66661
3020	-43,90889	38,66663	-52,42877	38,66661
3040	-29,49073	38,66664	-26,21387	38,66664
3060	-11,14033	38,66666	-21,62631	38,66664
3080	-11,14035	38,66665	-19,66025	38,66663
3100	-9,17428	38,66665	-18,34954	38,66663
3120	-8,51895	38,66664	-17,03883	38,66662
3140	-7,20823	38,66663	-17,6942	38,66662
3160	-7,8636	38,66664	-17,69421	38,66662
3180	-7,20824	38,01127	-17,03885	38,01125
3200	-6,55289	38,01127	-17,03885	38,01125
3220	-6,55288	38,01127	-16,38349	38,01125
3240	-5,89753	38,01127	-15,72814	38,01125
3260	-5,89753	38,01127	-9,82979	38,66662
3280	14,41904	38,66668	13,1083	38,01131
3300	23,59429	38,66668	12,45294	38,66667
3320	22,9389	38,01132	13,76365	38,66667
3340	24,24961	38,01132	14,419	38,01131
3360	24,90497	38,01132	15,72972	38,01131
3380	25,56032	38,01133	16,38507	38,0113
3400	26,21568	37,35596	16,38508	38,01131
3420	26,21569	37,35596	16,38508	38,01131
3440	26,21569	38,01133	15,72972	38,01131
3460	26,21569	38,01133	16,38508	38,01131
3480	26,21569	38,01133	16,38508	38,66668
3500	26,21569	38,6667	15,72972	38,66668
3520	25,56033	38,6667	16,38508	38,66668
3540	26,87105	38,6667	22,93882	38,6667
3560	38,66778	38,66674	29,49254	38,66671
3580	38,66778	38,66674	28,83717	38,66672
3600	39,32314	38,66674	29,49253	38,66672
3620	39,32313	38,66674	29,49252	38,66672
3640	39,97848	38,66674	30,80323	38,66671
3660	41,28919	38,01136	32,11394	38,01134
3680	42,59991	37,356	36,04614	38,01134
3700	58,32877	38,01139	57,67339	38,66675
3720	71,43621	38,66677	61,60559	38,66676
3740	72,09154	38,66678	64,22702	38,66676
3760	74,71299	38,66678	65,53775	38,66676
3780	76,67907	38,66677	68,15918	38,66676
3800	79,3005	38,66677	70,78062	38,66675
3820	81,26658	38,01141	72,09133	38,01138
3840	82,5773	38,0114	72,09133	38,01138
3860	81,92194	36,70068	71,43596	36,70065
3880	75,36826	36,0453	62,26081	35,38991
3900	72,74677	35,38992	62,26081	34,73455
3920	71,43606	34,73456	61,60546	34,73455
3940	71,43606	34,07921	62,26082	34,07919
3960	72,7468	34,07921	63,57155	34,73456
3980	74,05753	34,07921	64,22692	34,07919
4000	74,71289	34,73457	65,53765	34,73456
4020	74,71289	34,73458	-77,33084	34,73456
4040	76,02364	35,38995	76,02363	35,38997
4060	91,75262	36,04537	81,92201	36,7007
4080	91,7526	36,70072	82,57735	37,35607
4100	93,06332	37,35609	83,88807	37,35607
4120	95,0294	37,35609	85,85414	37,35607
4140	96,34011	37,35609	87,16486	38,01143
4160	97,65082	37,35608	87,82021	37,35607
4180	98,96153	37,35608	89,13091	37,35607
4200	98,96152	38,01145	88,47554	37,35607
4220	98,30614	37,35609	88,47553	36,70071
4240	98,96149	36,04536	89,78624	36,04534
4260	99,61685	36,04536	90,4416	35,38998
4280	100,92757	36,04536	91,75233	36,04534
4300	102,23829	36,04536	92,40768	36,04534
4320	102,23829	35,38999	91,75232	35,38997
4340	102,23828	34,73463	88,47547	33,42389
4360	73,40208	31,45779	22,28328	28,18093
4380	-1,96528	22,93803	-30,80161	19,00581
4400	-21,62642	15,72898	-28,18023	13,10751
4420	-17,03894	11,79678	-26,86957	11,14138
4440	-16,38362	9,83066	-26,86959	9,83064
4460	-17,69437	9,83065	-28,18034	9,83062
4480	-18,34976	9,83063	-28,83574	9,83061
4500	-18,34979	9,83063	-26,86969	10,48598
4520	-15,72837	11,14135	-24,90362	12,45205
4540	-13,10693	13,10743	-24,24829	13,76277
4560	-18,34991	15,72888	-26,86981	17,03958
4580	-15,72847	18,35032	-25,55907	19,00567
4600	-15,0731	19,66104	-24,9037	20,31639
4620	-15,0731	20,31641	-25,55907	20,97175
4640	-15,0731	20,97177	-25,55907	20,97175
4660	-16,38382	20,97177	-26,86979	20,97176
4680	-18,3499	20,31642	-28,83586	20,3164
4700	-19,6606	20,31642	-30,14657	20,31641
4720	-20,97132	20,31643	-30,80192	20,31641
4740	-20,97131	20,31643	-30,80192	20,31641
4760	-20,9713	20,31643	-31,45726	19,66105
4780	-20,97129	19,66107	-30,8019	19,66105
4800	-19,66058	19,0057	-28,83583	19,00568
4820	-19,00522	19,0057	-28,18048	19,00568
4840	-17,69451	19,66106	-26,86974	19,66104
4860	-2,62095	21,62718	7,865	22,93794
4880	28,18162	22,28294	18,35102	22,28257
4900	27,52623	22,93795	18,35097	22,93793
4920	28,83694	22,93795	19,66168	22,93793
4940	30,14764	22,9383	20,97238	23,59328
4960	30,80297	22,93794	21,62773	23,59328
4980	31,45833	23,59329	22,28308	23,59328
5000	31,45832	24,24902	21,62772	24,24863
5020	31,45832	23,59329	20,97235	24,24863
5040	30,80296	24,24865	20,97235	24,24863
5060	30,80295	24,24865	20,31698	24,904
5080	30,14758	25,55938	21,62773	26,87008
5100	39,32284	27,52549	34,73525	26,87013
5120	45,22122	27,5255	33,42452	28,18085
5140	42,59976	28,18088	32,11379	28,18086
5160	41,9444	28,18088	31,45843	27,5255
5180	41,28904	27,52552	31,45843	27,52551
5200	40,63368	27,52553	30,14772	27,52551
5220	39,97832	27,52553	30,14771	27,52551
5240	39,32295	27,52552	29,49234	27,52551
5260	38,01223	27,52553	27,52626	27,52551
5280	37,35687	27,52553	28,18163	27,52551
5300	42,59986	27,52554	35,39074	26,87016
5320	45,22134	26,87018	36,04608	26,2148
5340	47,18741	26,21481	38,01216	25,55943
5360	48,49813	25,55944	39,32288	24,90407
5380	50,46421	24,24872	41,28897	24,2487
5400	51,77494	23,59336	42,5997	22,93797
5420	53,74102	22,93799	43,91042	22,93797
5440	55,05175	22,93799	45,87651	22,93797
5460	57,01784	22,93799	47,8426	22,93797
5480	58,98392	22,93799	51,77476	22,93797
5500	74,05743	24,24875	79,30042	24,90414
5520	96,99551	24,24882	87,82027	24,24879
5540	96,99549	24,90417	87,16487	24,90415
5560	97,65084	24,24881	87,82022	24,24879
5580	98,30618	24,24881	89,13093	24,24879
5600	99,61689	24,2488	90,44165	24,24879
5620	100,27226	24,90416	91,097	24,24878
5640	101,58297	24,2488	92,40772	24,90414
5660	102,23833	25,55952	91,75237	25,55951
5680	101,58297	26,21488	91,097	26,21487
5700	100,92761	26,21489	90,44165	26,87024
5720	100,27225	26,87026	89,78629	26,87024
5740	99,6169	27,52562	89,78629	27,52561
5760	99,61691	27,52563	90,44166	28,18116
5780	100,27226	28,83635	90,44166	28,83634
5800	100,27227	28,83636	90,44167	28,83634
5820	102,23843	29,49174	93,0632	29,49172
5840	102,89379	30,1471	93,71854	30,14708
5860	104,20451	30,1471	95,68461	29,49171
5880	105,51521	28,83637	95,02923	28,83635
5900	102,23839	27,52563	86,50943	25,55952
5920	68,1592	24,90416	-77,33138	22,93805
5940	5,24383	19,66122	-11,79588	18,35044
5960	-0,65456	19,00582	-10,48263	19,00578
5980	0,00076999999998861	19,00579	-9,82986	19,66112
6000	1,31146	20,31649	-7,86379	20,31646
6020	2,62217	19,66111	-6,55308	19,00572
6040	3,93287	18,35036	-5,24238	18,35034
6060	3,93286	18,35035	-13,76214	17,69499
6080	-24,24793	16,38428	-43,25374	16,38424
6100	-32,76779	16,38426	-41,28768	16,38423
6120	-30,80172	16,38424	-40,63235	16,38422
6140	-30,14639	16,38423	-39,97701	15,72885
6160	-30,1464	16,38422	-38,66629	16,3842
6180	-28,8357	16,38422	-38,01095	16,3842
6200	-27,52499	17,03957	-36,70024	17,04004
6220	-25,55891	17,69493	-35,38953	17,69492
6240	-24,90356	18,3503	-34,73418	18,35028
6260	-24,90358	18,3503	-34,73419	19,00564
6280	-25,55894	19,00566	-36,04492	19,00565
6300	-27,52503	18,3503	-38,011	18,35029
6320	-26,86965	19,00566	-30,14651	18,35029
6340	-17,6944	18,35031	-27,52502	18,35028
6360	-18,34979	18,35031	-27,52503	19,00565
6380	-17,03906	19,00567	-26,86966	18,35029
6400	-17,03906	18,35031	-26,86967	18,35029
6420	-16,3837	18,35031	-26,21431	18,35029
6440	-17,03906	18,35032	-27,52503	18,3503
6460	-17,69442	18,35031	-28,18039	18,3503
6480	-18,34978	18,35032	-28,83575	18,35029
6500	-18,34979	18,35031	-27,52504	17,69493
6520	-17,03908	17,69494	-26,21432	17,69492
6540	-15,07299	17,69493	-13,76229	19,00567
6560	10,48652	19,00572	6,55426	18,35034
6580	15,7295	18,35035	6,55423	18,35033
6600	17,69555	18,35034	7,86493	18,35033
6620	18,3509	18,35034	8,52029	17,69496
6640	19,00626	17,69498	9,17564	17,69496
6660	19,66161	17,03962	10,48637	17,69496
6680	20,97232	17,69497	11,14172	17,69495
6700	21,62768	17,69497	11,79708	17,69496
6720	21,62769	17,69498	11,14172	17,69496
6740	21,62768	17,69498	11,79707	17,69496
6760	21,62768	17,03962	11,79707	17,0396
6780	21,62768	16,38426	11,79708	17,03959
6800	21,62769	16,38425	14,41854	16,38423
6820	36,04589	17,69501	37,35665	17,69502
6840	49,80875	16,38431	39,32277	17,03965
6860	49,15336	17,03967	39,97812	17,03965
6880	50,46409	16,38431	39,97812	16,38429
6900	50,46409	16,38431	40,63348	16,38429
6920	50,46409	16,38431	40,63348	16,38429
6940	50,46409	16,38431	40,63349	16,38429
6960	51,11946	16,38432	41,28885	16,3843
6980	51,11946	16,38432	41,94422	16,3843
7000	51,11947	16,38432	41,28887	16,3843
7020	51,11948	16,38432	41,28888	16,38431
7040	51,11949	16,38433	41,28889	16,38431
7060	50,46414	17,03969	41,2889	16,38432
7080	50,46414	16,38434	40,63354	16,38432
7100	50,46415	16,38434	40,63354	16,38433
7120	51,11951	15,72898	41,2889	15,72896
7140	51,77487	15,72898	43,25499	15,72896
7160	58,32856	15,72898	49,80872	15,07361
7180	59,63932	15,72898	49,8087	15,72897
7200	59,63931	15,72898	49,8087	15,72897
7220	59,63931	15,72898	49,8087	15,72897
7240	59,63931	15,07363	49,8087	15,07361
7260	58,98394	15,72899	49,15334	15,72897
7280	58,98395	15,72899	49,15334	15,72897
7300	58,98395	15,72899	48,49799	15,72897
7320	58,3286	15,72899	48,49799	15,72898
7340	58,32859	15,72899	51,77484	16,38434
7360	72,74681	17,69514	71,43607	17,03979
7380	82,57742	17,69516	72,09143	17,69514
7400	81,92204	17,69516	74,05751	17,69514
7420	83,88811	17,69516	74,0575	17,03978
7440	84,54347	17,0398	74,71286	17,03978
7460	84,54347	17,0398	74,71287	17,03978
7480	84,54347	17,0398	74,71287	17,03978
7500	84,54348	17,0398	75,36823	17,03978
7520	85,19884	17,0398	76,02359	17,03978
7540	87,16494	17,69517	83,23272	18,35054
7560	96,99557	18,35058	87,82033	19,00592
7580	97,65092	19,00593	87,82031	19,66128
7600	99,617	19,6613	89,13103	19,66128
7620	99,617	20,31665	90,44175	20,31664
7640	100,27235	20,31666	91,0971	20,31664
7660	101,58307	20,97202	91,75246	20,31664
7680	102,89378	20,97202	93,71854	20,31664
7700	104,85986	20,31665	95,6846	20,31663
7720	106,82592	20,31664	97,65066	19,66125
7740	87,16486	17,69519	32,76925	13,76296
7760	1,967	10,48615	-36,69983	7,86468
7780	-36,6998	7,2093	-43,25361	7,20926
7800	-31,45694	7,20926	-39,32148	7,20922
7820	-28,83553	7,20923	-37,35544	7,2092
7840	-26,21412	7,20919	-34,73403	6,5538
7860	-23,59272	6,55381	-32,76797	6,55377
7880	-22,28202	6,55378	-32,11265	5,89838
7900	-20,97135	5,89838	-30,1466	5,89834
7920	-19,66065	5,89834	-32,11275	6,55368
7940	-26,86969	7,86443	-36,70031	7,8644
7960	-25,55899	7,86442	-34,73424	8,51975
7980	-24,24828	8,51976	-34,07889	9,1751
8000	-23,59292	9,17512	-32,76817	9,1751
8020	-67,50204	9,17512	-32,11281	9,83045
8040	-22,28221	9,83047	-32,11281	9,83046
8060	-22,28221	9,83047	-32,76817	9,83046
8080	-22,2822	9,83048	-32,11281	9,83046
8100	-22,93756	9,83048	-32,76817	10,48583
8120	-22,28219	10,48585	-32,1128	11,14119
8140	-22,93755	11,14122	-31,45741	11,79656
8160	-18,34992	12,45196	-27,52515	12,45195
8180	-17,69455	12,45196	-28,18052	12,45195
8200	-17,69455	13,10733	-28,18052	12,45196
8220	-18,34991	12,45198	-28,18052	12,45196
8240	-67,50191	12,45198	-27,52516	12,45196
8260	-17,0392	12,45198	-26,21444	11,7966
8280	-16,38384	11,79661	-25,55909	11,79659
8300	-15,72848	11,79661	-25,55909	11,79659
8320	-15,07313	11,79661	-25,55909	11,14124
8340	-15,72848	11,79661	-25,55909	11,14123
8360	-7,86404	13,10735	-5,24251	14,4181
8380	10,48646	13,76276	0,65585	13,10737
8400	10,48642	13,10739	1,31117	13,10737
8420	12,45249	13,10739	2,62188	13,10737
8440	13,10784	12,45202	3,27723	12,452
8460	13,7632	11,79666	3,93259	11,79664
8480	14,41855	11,79666	4,58794	11,79664
8500	14,41855	11,79666	4,58794	11,14127
8520	15,0739	11,14129	4,58793	11,14127
8540	15,0739	11,14129	5,24329	11,14127
8560	15,72925	11,14129	6,55401	11,14128
8580	16,38461	11,1413	5,89865	11,14128
8600	15,72926	11,1413	5,89865	11,14128
8620	15,72925	11,14129	5,24329	11,14127
8640	19,66148	11,79666	22,93838	13,10742
8660	42,59959	13,10746	33,42439	13,10743
8680	42,59961	13,10745	32,76899	13,10743
8700	44,56568	13,76281	34,73506	13,10743
8720	45,22102	13,10745	36,04577	13,10744
8740	46,53174	13,10745	36,70113	13,10743
8760	46,53173	13,10745	36,70113	13,10743
8780	47,1871	13,10745	37,35648	13,10743
8800	47,18709	13,10745	38,01183	12,45207
8820	47,84244	11,79673	38,66719	11,7967
8840	49,15315	11,79671	41,28864	11,7967
8860	58,98371	13,10745	57,67296	12,4521
8880	70,12504	12,45211	58,9837	12,45209
8900	69,46966	12,45211	60,29442	12,4521
8920	70,12503	11,79675	60,29441	11,14137
8940	70,12502	11,14139	60,94978	11,14137
8960	70,78038	11,14139	61,60513	10,48601
8980	71,43574	11,14139	61,60514	11,14136
9000	72,0911	11,14139	62,2605	11,14136
9020	74,0572	11,14139	70,78034	11,79676
9040	83,88782	11,14142	74,71257	11,1414
9060	83,8878	11,14142	74,05719	11,1414
9080	83,88781	11,14142	74,71255	11,1414
9100	83,8878	11,14142	74,71255	11,14141
9120	84,54316	11,14142	74,71255	11,1414
9140	84,54316	11,14142	74,71255	11,14141
9160	84,54316	11,79679	74,71255	11,14141
9180	84,54316	11,14143	74,0572	11,14141
9200	83,8878	11,14143	73,40184	11,14141
9220	83,8878	11,14143	73,40184	11,14141
9240	83,23244	11,14143	73,40184	11,14142
9260	83,23244	11,14143	73,40184	11,14142
9280	83,23245	11,14143	74,0572	10,48606
9300	83,23245	10,48607	73,40183	9,17533
9320	70,1251	7,20927	26,21536	4,5878
9340	3,93291	1,96636	-28,18023	0,65563
9360	-28,18017	1,96635	-34,73398	1,96631
9380	-23,59265	1,96631	-32,76791	2,62164
9400	-22,28196	3,27701	-31,45721	3,27698
9420	-20,31589	3,27698	-29,49253	3,93232
9440	-19,00519	3,93232	-28,18044	3,27693
9460	-17,69448	3,27695	-27,5251	3,93228
9480	-17,03914	3,93229	-26,86975	4,58763
9500	-16,38379	4,58764	-26,86977	4,58762
9520	-16,3838	5,243	-26,21441	5,89834
9540	-16,3838	5,89836	-26,21441	5,89834
9560	-15,72844	5,89836	-25,55905	5,89835
9580	-15,72845	5,89835	-25,55906	6,5537
9600	-15,72845	6,55372	-25,55906	6,5537
9620	-15,72845	6,55372	-26,21441	6,5537
9640	-15,72845	6,55372	-26,21442	6,5537
9660	-15,72845	6,55372	-26,21441	6,5537
9680	-16,38381	7,20908	-26,86977	7,20906
9700	-17,03916	7,20908	-26,86977	7,20907
9720	-17,03916	7,20908	-26,86976	7,20907
9740	-17,69451	7,20909	-27,52512	7,20907
9760	-18,34987	7,86445	-28,18047	7,86443
9780	-19,00522	8,51982	-29,49118	8,5198
9800	-19,66057	9,17518	-30,14653	9,17516
9820	-19,66057	9,17519	-30,14653	9,17517
9840	-20,97128	9,17519	-31,45724	9,17517
9860	-21,62663	9,17519	-32,11259	9,83053
9880	-12,45141	11,1413	-9,82989	11,79668
9900	4,58834	11,14133	-6,55299	11,14131
9920	3,93296	11,14134	-5,89765	11,14132
9940	4,58832	11,14134	-5,2423	11,14131
9960	5,24366	10,48597	-4,58695	9,83059
9980	5,24366	9,83061	-4,58696	9,17523
10000	5,89901	9,17524	-3,27625	8,51986
10020	7,20971	8,51987	-2,6209	8,51985
10040	7,86507	7,86451	-1,96554	7,86449
10060	7,86507	7,86451	-1,96554	7,20913
10080	7,86507	7,20915	-2,6209	7,20913
10100	7,20971	6,55379	-3,27626	6,55377
10120	14,41882	8,51989	17,6957	8,51992
10140	36,7015	8,51994	26,87091	7,86457
10160	36,7015	7,86459	27,52624	8,51992
10180	38,66757	7,86458	28,83696	7,86456
10200	39,32292	7,20922	29,49231	6,55384
10220	39,97827	6,55386	30,14767	6,55384
10240	39,97827	6,55386	30,80302	5,89848
10260	41,289	5,8985	31,45839	5,89848
10280	41,28899	5,8985	32,11375	5,89848
10300	42,59972	5,8985	33,42448	5,24312
10320	43,91045	5,89851	34,73521	5,24313
10340	44,56582	5,24315	34,73522	4,58777
10360	43,91047	4,58779	34,07986	4,58778
10380	43,25511	4,5878	33,42451	3,93242
10400	42,59976	3,93244	32,76915	3,93242
10420	51,11959	5,89855	54,39645	5,89859
10440	70,12541	5,89861	58,98407	5,89859
10460	68,81466	6,55397	60,29477	6,55395
10480	70,12538	6,55396	61,60548	6,55394
10500	71,43608	6,55396	-77,33085	6,55394
10520	72,74679	6,55396	62,91618	6,55394
10540	73,40215	5,89859	64,22689	5,89857
10560	74,71285	5,89858	65,5376	5,89857
10580	75,3682	5,89858	66,19296	5,89856
10600	76,02356	5,89858	66,19295	5,89856
10620	76,02356	5,24322	66,19295	5,89856
10640	76,67892	5,89857	66,84831	5,89856
10660	76,67892	5,24322	66,84831	5,2432
10680	76,67892	5,89858	66,84831	5,24319
10700	76,67892	5,24321	66,84831	5,24319
10720	76,67892	5,24321	67,50367	5,2432
10740	76,67891	5,24321	67,50367	5,24319
10760	77,33427	4,58785	67,50367	5,24319
10780	77,33427	4,58785	67,50367	4,58783
10800	77,33427	4,58784	67,50366	4,58783
10820	77,98963	4,58784	68,15902	4,58783
10840	77,98963	4,58784	67,50365	4,58782
10860	77,98962	4,58784	67,50366	4,58783
10880	77,98962	5,2432	68,15902	4,58782
10900	77,33426	4,58784	66,8483	4,58782
10920	77,33426	4,58784	67,50366	4,58782
10940	77,33427	4,58784	68,15902	4,58782
10960	77,33427	4,58784	66,8483	4,58782
10980	76,67891	4,58784	66,19294	4,58782
11000	78,64501	4,58785	76,02353	5,24323
11020	91,09712	5,24326	81,92188	5,24324
11040	90,44176	5,24326	81,2665	4,58788
11060	91,75247	4,5879	82,57722	4,58787
11080	93,06318	3,93252	84,54329	3,93251
11100	95,02926	3,93252	85,19864	3,9325
11120	95,02925	3,93252	85,19864	3,93249
11140	95,02924	3,93251	85,19864	3,27714
11160	95,02924	3,27715	85,19862	3,27713
11180	95,02923	3,27715	89,13083	3,93251
11200	109,44742	4,58794	107,48129	5,24331
11220	117,96726	4,58796	108,13663	5,2433
11240	117,96722	5,24332	110,1027	4,58794
11260	120,58866	4,58795	110,75805	4,58793
11280	121,24402	4,58795	111,4134	4,58793
11300	121,89937	3,93258	112,06876	3,93257
11320	121,89937	3,93259	112,72412	4,58792
11340	121,89937	3,93258	112,72413	4,58792
11360	123,21009	4,58794	113,37948	4,58792
11380	123,21009	4,58794	114,03484	4,58792
11400	123,21009	4,58793	98,96142	2,62184
11420	68,81458	1,96648	12,45285	0,65573
11440	-11,79568	-1,31033	-38,6659	-1,96575
11460	-25,55851	-3,27649	-32,11232	-3,93188
11480	-20,97102	-3,93188	-28,83557	-5,24264
11500	-17,69425	-6,55336	-25,55879	-8,51947
11520	-13,76213	-10,48553	-22,28205	-11,79627
11540	-10,4854	38,66648	-19,66068	-11,79625
11560	-9,83011	-11,79622	-20,3161	-11,14086
11580	-10,48551	-11,14084	-20,31612	-11,14086
11600	-10,48552	-10,48548	-20,97148	-10,48551
11620	-11,14087	-10,4855	-20,31611	-10,48553
11640	-10,4855	-10,48553	-20,3161	-9,8302
11660	-10,48549	-9,83019	-20,31609	-9,83022
11680	-10,48548	-9,83021	-20,97145	-9,83024
11700	-11,14084	-9,17486	-21,6268	-9,17488
11720	-9,83007	-8,51951	-14,41769	-9,1749
11740	-3,93169	-9,17488	-14,41766	-8,51954
11760	-5,24241	-8,51953	-15,07302	-7,86419
11780	-5,24241	-7,86417	-15,07301	-7,86419
11800	-4,58704	-7,86418	-15,07301	-7,86419
11820	-4,58704	-7,86418	-14,41765	-7,86419
11840	-5,24239	-7,86418	-15,073	-7,8642
11860	-5,24239	-7,86418	-15,07299	-7,8642
11880	-5,24239	-7,86418	-15,07299	-7,8642
11900	-5,24238	-7,86419	-15,07298	-7,8642
11920	-5,24238	-8,51955	-15,07298	-7,86421
11940	-5,24238	-8,51955	-14,41762	-8,51956
11960	-4,58701	-8,51955	-14,41761	-8,51957
11980	-5,24237	-8,51955	-15,07297	-8,51957
12000	-5,24237	-8,51955	-15,07297	-8,51957
12020	-4,587	-8,51956	-15,07297	-8,51957
12040	-5,24236	-8,51956	-15,07297	-8,51957
12060	-5,24236	-8,51956	-15,07297	-8,51957
12080	-5,24236	-8,51955	-15,07297	-8,51957
12100	-5,24236	-7,86419	-15,07296	-8,51957
12120	-5,24235	-8,51955	-15,07297	-7,86421
12140	-5,24235	-8,51955	-13,10685	-7,20885
12160	6,55436	-5,89808	3,93287	-5,89809
12180	15,07424	-5,89807	4,58826	-5,89808
12200	15,07422	-5,89806	5,89897	-6,55345
12220	17,04028	-7,2088	7,86504	-7,86418
12240	18,351	-7,86416	9,17575	-7,86418
12260	19,66171	-8,51953	9,83109	-8,51955
12280	20,31706	-8,51954	10,48645	-8,51955
12300	20,97241	-8,51953	10,48644	-8,51955
12320	20,97241	-9,1749	10,48644	-8,51955
12340	20,31704	-8,51954	10,48644	-8,51955
12360	20,9724	-8,51954	17,04016	-7,20882
12380	36,04598	-7,20877	30,14761	-7,20878
12400	39,97822	-7,20876	29,49224	-7,20878
12420	39,97821	-7,20876	30,80296	-7,20878
12440	40,63356	-7,20877	30,14759	-7,86414
12460	40,63356	-7,86412	30,1476	-7,86414
12480	39,9782	-7,86412	30,1476	-7,86414
12500	39,97821	-7,86412	30,80297	-7,86414
12520	40,63357	-8,51948	30,1476	-8,5195
12540	39,97821	-9,17484	30,14761	-9,17486
12560	44,5658	-7,8641	49,15342	-5,89797
12580	68,81462	-5,89793	59,63938	-5,89795
12600	68,15925	-5,89793	58,32864	-5,89795
12620	68,8146	-5,89794	58,98399	-6,55331
12640	68,8146	-6,5533	59,63935	-6,55332
12660	70,12531	-6,5533	60,29471	-6,55331
12680	69,46996	-7,20866	60,29471	-6,55331
12700	70,12532	-6,5533	60,29471	-6,55331
12720	70,12533	-6,55329	59,63935	-6,55331
12740	70,12532	-6,55329	59,63936	-6,55331
12760	69,46996	-5,89793	59,63936	-6,55331
12780	69,46997	-6,55329	58,98399	-6,55331
12800	69,46996	-7,20865	60,29472	-7,20867
12820	70,78069	-7,20866	70,12527	-5,89791
12840	93,06331	-4,58711	91,09715	-4,58711
12860	101,58311	-4,58709	91,09713	-4,58711
12880	101,58309	-4,5871	92,40785	-4,58712
12900	102,23846	-5,24246	92,40785	-5,24248
12920	101,58309	-5,24246	92,40785	-5,89784
12940	102,89382	-5,89782	93,06321	-5,24248
12960	103,54918	-5,89782	93,71858	-5,89785
12980	104,20454	-5,24247	94,37394	-5,24248
13000	104,20455	-5,24247	95,02931	-5,24249
13020	104,20456	-5,24247	94,37395	-5,24248
13040	104,85992	-5,24246	94,37396	-5,24249
13060	104,20456	-5,24247	94,37396	-5,24248
13080	104,20456	-5,24247	94,37396	-5,24249
13100	104,20457	-4,58711	95,02933	-4,58713
13120	104,85993	-4,58711	85,85421	-5,89784
13140	58,32889	-7,20854	7,86546	-9,83003
13160	-10,48477	-11,14074	-25,55837	-11,79616
13180	-11,7956	-11,79616	-20,31549	-11,14083
13200	-9,82953	-11,14084	-19,66014	-11,14087
13220	-7,86346	-11,14087	-17,69407	-11,1409
13240	-7,20811	-11,14089	-16,38336	-11,14091
13260	-5,8974	-10,48554	-15,07264	-10,48557
13280	-5,24204	-9,83019	-14,41729	-9,83022
13300	-4,58668	-9,8302	-13,76193	-9,17486
13320	-3,93133	-9,83021	-13,10658	-9,83023
13340	-3,27597	-9,17486	-12,45123	-9,83024
13360	-3,27598	-9,83022	-11,79587	-10,4856
13380	-1,30991	-9,83023	-9,8298	-9,83026
13400	0,65616999999999	-10,48506	-14,41738	-11,14096
13420	-19,66024	-11,79631	-36,69992	-12,45169
13440	-25,55859	-12,45168	-34,07846	-12,4517
13460	-24,24787	-12,45169	-34,07848	-12,45171
13480	-23,59251	-13,10706	-33,42312	-13,10708
13500	-23,59251	-12,4517	-33,42313	-12,45172
13520	-22,93716	-12,4517	-32,76776	-12,45173
13540	-22,93716	-12,45171	-32,11241	-12,45173
13560	-22,93716	-12,45171	-32,11241	-12,45173
13580	-22,93716	-12,45171	-32,11241	-12,45173
13600	-67,50164	-13,10707	-30,80168	-12,45173
13620	-9,82974	-10,48561	-7,20825	-9,83024
13640	9,83148	-9,8302	1,96699	-10,48558
13660	11,79758	-10,48556	2,62231	-9,83023
13680	13,10828	-10,48557	3,27767	-10,48559
13700	13,76363	-10,48558	3,93302	-11,14096
13720	14,41898	-10,48558	4,58838	-10,4856
13740	15,07435	-11,14094	5,24374	-10,4856
13760	15,7297	-11,14094	5,8991	-11,14096
13780	15,7297	-11,14094	5,8991	-11,14096
13800	16,38506	-11,14094	6,55445	-11,14096
13820	16,38506	-11,14094	6,55445	-11,14096
13840	16,38506	-11,14094	6,55445	-11,14096
13860	16,38506	-11,14094	6,55445	-11,14096
13880	17,04041	-11,14094	7,20981	-11,14096
13900	17,04041	-11,14094	7,20981	-11,14096
13920	17,69577	-11,7963	7,86515	-11,79632
13940	21,62797	-11,79631	18,35108	-11,79631
13960	30,14779	-11,79629	20,31716	-11,79632
13980	30,14776	-11,7963	20,97251	-11,79632
14000	31,45847	-11,14094	20,9725	-11,79632
14020	31,45847	-12,45166	20,9725	-12,45168
14040	30,80311	-12,45166	20,9725	-12,45168
14060	30,80311	-12,45166	21,62786	-12,45168
14080	41,28905	-10,48554	43,25512	-10,48553
14100	55,70723	-10,48551	44,56588	-9,83017
14120	55,70719	-9,83015	46,53195	-9,83017
14140	56,36255	-9,1748	47,18729	-9,83018
14160	57,67326	-9,83016	47,84265	-9,83018
14180	57,67325	-9,83017	47,84264	-9,83019
14200	57,67325	-10,48553	47,84264	-9,83018
14220	58,3286	-9,83017	48,49799	-9,83018
14240	58,3286	-9,83017	49,15335	-9,83019
14260	59,63932	-9,83018	49,80871	-9,83019
14280	58,98396	-9,83017	49,15335	-9,83019
14300	58,98396	-9,17481	48,498	-9,17483
14320	58,32861	-9,17482	48,498	-9,17483
14340	58,98396	-9,17482	49,15336	-9,17483
14360	58,3286	-8,51946	48,498	-8,51947
14380	58,32861	-8,51946	48,49801	-8,51947
14400	58,98397	-9,17482	49,80872	-9,8302
14420	60,29468	-11,1409	51,11942	-13,107
14440	62,91609	-16,38378	55,70689	-20,31596
14460	68,81423	-23,59272	61,60497	-26,86952
14480	74,05692	-31,45698	65,53693	-34,73374
14500	74,7121	-36,69971	60,29388	-37,35494
14520	66,19231	-37,35482	53,08497	-36,04412
14540	49,15335	-30,80122	16,38548	-15,0726
14560	-13,76038	8,52038	-77,33	30,14724
14580	-67,4981	38,66694	-77,32924	38,66692
14600	-67,49839	38,66694	-77,32885	38,66692
14620	-67,49827	38,66694	-77,32895	38,66692
14640	-67,49833	38,66694	-77,32893	38,66692
14660	-67,4984	38,66694	-77,32918	38,66692
14680	-67,49873	38,66694	-77,32954	38,66692
14700	-67,49912	38,66694	-77,32989	38,66692
14720	-67,49941	38,66694	-77,33006	38,66692
14740	-55,70306	38,66694	-45,21765	29,49188
14760	-19,00325	19,00614	-14,41617	7,865
14780	10,48742	-3,2761	13,10839	-14,41724
14800	28,83704	-22,28154	22,28311	-26,21372
14820	34,07976	-28,17978	27,52594	-28,17989
14840	39,32266	-26,21391	31,45818	-23,59258
14860	43,25493	-19,00511	34,73511	-15,72838
14880	44,56576	-12,4516	34,07981	-9,8302
14900	42,5997	-7,20876	32,7691	-5,2427
14920	42,59972	-3,27661	33,42448	-1,9659
14940	43,91045	-0,65517000000001	36,04593	0,65553
14960	47,84262	1,96627	39,32273	2,62162
14980	50,46408	3,93235	41,28884	3,93233
15000	51,77482	4,58771	42,59958	5,24306
15020	51,77484	5,24308	41,94423	5,89842
15040	51,77486	5,24307	41,28889	5,24306
15060	43,2551	8,51992	14,4189	17,03968
15080	14,41904	22,28263	2,62233	24,90406
15100	15,07436	27,52552	5,8991	30,14696
15120	17,04042	32,11306	8,52051	32,7684
15140	19,00647	32,7684	10,48657	32,11301
15160	20,31717	31,45766	10,48657	31,45763
15180	19,66181	31,45764	9,8312	30,80226
15200	19,66179	30,14691	9,83118	30,14688
15220	19,66178	29,49154	9,83117	30,14688
15240	20,31714	28,83617	3,27747	28,1808
15260	-7,8637	28,18081	-26,8695	28,83614
15280	-15,07282	30,14688	-22,28198	30,80224
15300	-12,45138	31,45761	-20,97127	32,11296
15320	-10,48532	32,76834	-19,66057	32,76833
15340	-9,1746	33,42371	-18,34985	33,4237
15360	-8,51924	33,42372	-18,34985	33,42371
15380	-8,51924	34,07908	-17,69449	34,07907
15400	-7,86388	34,0791	-17,03913	34,07907
15420	-7,20853	34,07909	-22,93745	33,42371
15440	-17,03908	34,07908	-26,8697	34,07906
15460	-16,38372	34,07909	-26,21434	34,07908
15480	-16,38373	34,07909	-26,21434	34,73444
15500	-15,72838	34,73446	-24,90363	34,73444
15520	-15,07301	34,0791	-24,90362	34,07908
15540	-15,07301	34,0791	-24,90362	34,07908
15560	-15,07301	34,0791	-25,55897	34,07908
15580	-15,72837	34,0791	-25,55898	34,07908
15600	-15,72837	34,0791	-25,55898	33,42372
15620	-15,72838	34,0791	-24,90362	34,07908
15640	-15,07302	34,73446	-20,9714	34,73445
15660	-1,96557	35,38985	-7,20857	35,38984
15680	3,2774	35,38986	-7,20858	36,0452
15700	3,27738	36,04523	-6,55323	36,0452
15720	3,93272	35,38986	-5,24252	35,38984
15740	5,24344	34,73449	-4,58717	34,73447
15760	5,89879	34,73449	-3,93182	34,73447
15780	6,55414	34,73449	-3,27646	34,0791
15800	6,55414	34,07913	-3,27647	34,07912
15820	6,55414	34,07913	-3,93182	34,73448
15840	6,55414	34,07913	-3,93183	34,07912
15860	5,89879	33,42377	-4,58718	33,42376
15880	5,24343	33,42378	-4,58718	33,42376
15900	7,86489	33,42377	10,48634	34,73451
15920	33,42445	34,73456	28,18146	34,07918
15940	36,70131	34,07919	26,87068	34,73454
15960	38,66736	34,07919	29,4921	34,07917
15980	40,63342	34,07918	30,8028	33,4238
16000	40,6334	33,42382	30,80279	32,76844
16020	40,63339	32,76845	30,80278	32,76843
16040	41,28875	33,42382	30,80279	33,4238
16060	40,6334	33,42382	30,14744	33,4238
16080	38,66734	33,42382	27,52601	33,4238
16100	36,70127	33,42382	29,49214	34,73452
16120	45,8765	34,73456	37,35668	34,73455
16140	45,87656	35,38992	34,07987	36,04528
16160	42,59977	36,0453	32,11381	36,04528
16180	40,63369	36,0453	30,14773	35,38992
16200	39,97834	35,38994	24,9048	34,73456
16220	9,17607	34,07922	-27,52464	32,76845
16240	-28,8353	32,76846	-38,66591	34,07917
16260	-28,8353	34,73455	-39,3213	35,38988
16280	-29,49071	35,3899	-38,66598	36,04524
16300	-27,52466	36,70061	-37,35528	36,70059
16320	-26,86931	37,35597	-37,35529	37,35595
16340	-27,52469	37,35596	-37,35529	37,35594
16360	-27,52468	38,01132	-38,01065	38,0113
16380	-28,18004	37,35595	-38,66601	38,01129
16400	-29,49075	37,35595	-40,63207	37,35593
16420	-30,80146	37,35595	-40,63206	37,35593
16440	-27,52461	38,01131	-34,07834	38,01129
16460	-22,93701	38,0113	-33,42297	38,66665
16480	-23,59237	38,66667	-33,42296	38,66666
16500	-23,59235	38,66667	-32,76759	38,66666
16520	-23,59234	38,66694	-33,42295	38,66666
16540	-24,2477	38,66668	-34,07832	38,66666
16560	-23,59235	38,66667	-34,07832	38,66666
16580	-24,24771	38,66667	-34,73367	38,66666
16600	-24,90306	38,66667	-34,73366	38,66665
16620	-24,90304	38,0113	-38,66583	37,35592
16640	-39,97646	37,35593	-53,73929	37,35589
16660	-42,59797	38,01127	-51,7732	38,01126
16680	-43,2533	37,35591	-53,73927	38,01125
16700	-43,90866	38,01127	-53,73926	37,35589
16720	-43,2533	37,35591	-53,73927	37,35589
16740	-43,2533	37,35591	-53,73925	36,70053
16760	-44,56401	36,70054	-51,77316	37,35588
16780	-26,21363	38,66666	-20,31529	38,66667
16800	-3,93097	38,01133	-14,41696	38,66668
16820	-4,58639	38,6667	-13,76165	38,66668
16840	-2,62034	38,66669	-11,14024	38,66667
16860	-0,65429	38,66669	-9,82955	38,66666
16880	1,31176	38,66668	-7,20812	38,66667
16900	2,62248	38,66669	-6,55277	38,66667
16920	2,62248	38,66669	-6,55277	38,66667
16940	3,93319	38,66669	-4,58671	38,66668
16960	5,2439	38,66669	-5,24207	38,66667
16980	4,58853	38,6667	-4,58672	38,66668
17000	5,24389	38,6667	-4,58673	38,66668
17020	5,24388	38,6667	-5,2421	38,66668
17040	4,58851	38,6667	-4,58674	38,66667
17060	5,24388	38,66669	4,58851	38,66671
17080	25,5605	38,66676	20,31749	38,66674
17100	29,49272	38,66676	19,00674	38,66674
17120	30,14806	38,66676	20,31745	38,66675
17140	29,4927	38,66677	19,66209	38,66674
17160	30,14806	38,66677	20,31745	38,66675
17180	30,14806	38,66676	20,31745	38,66675
17200	29,4927	38,66677	20,31745	38,66675
17220	29,4927	38,66677	19,66209	38,66675
17240	29,49269	38,66677	19,66209	38,66675
17260	28,83733	38,66677	21,6282	38,66676
17280	38,66791	38,66679	30,80343	38,66678
17300	39,3233	38,66679	29,49268	38,66678
17320	39,97864	38,6668	30,80339	38,66678
17340	39,97864	38,66679	31,45875	38,66678
17360	41,28935	38,66679	31,45874	38,66677
17380	41,28934	38,66679	31,45873	38,66677
17400	41,28933	38,66679	31,45872	38,66677
17420	41,28933	38,66679	30,80337	38,66677
17440	40,63398	38,66679	31,45872	38,66677
17460	41,28934	38,66679	31,45872	38,66677
17480	41,94469	38,66679	32,11408	38,66677
17500	41,94468	38,66679	31,45871	38,66677
17520	41,28931	38,66679	32,11407	38,66678
17540	42,60003	38,66679	32,76941	38,66677
17560	42,60002	38,66679	32,76942	38,66677
17580	42,60003	38,66679	32,76942	38,66677
17600	42,60002	38,66678	33,42477	38,66677
17620	43,91073	38,66678	34,08249	38,66676
17640	34,08018	38,66678	-10,48495	38,66675
17660	-34,07812	37,35602	-55,05	36,70062
17680	-42,59795	38,01136	-51,11783	38,6667
17700	-41,28725	38,66671	-50,46252	38,66668
17720	-39,3212	38,6667	-48,49646	38,66668
17740	-38,66585	38,6667	-48,49645	38,66668
17760	-39,32121	38,6667	-48,49647	38,66668
17780	-37,35515	38,6667	-45,87505	38,66668
17800	-36,69981	38,6667	-47,18577	38,66668
17820	-37,35517	38,66669	-47,18578	38,66667
17840	-34,73374	38,66668	-43,909	38,66666
17860	-32,76768	38,66668	-41,94293	38,66666
17880	-32,11232	38,66667	-42,59829	38,66665
17900	-36,69988	38,66668	-48,49657	38,66666
17920	-37,35524	38,66667	-45,87513	38,66666
17940	-36,04453	38,66668	-46,53049	38,66666
17960	-36,69988	38,66668	-47,18585	38,66666
17980	-36,69988	38,66668	-45,87513	38,66666
18000	-36,04453	38,66668	-45,21978	38,66667
18020	-34,73381	38,66668	-45,21977	38,66667
18040	-34,7338	38,66669	-45,87512	38,66667
18060	-32,76765	38,66669	-32,11231	38,66669
18080	-15,07263	38,66671	-23,5925	38,6667
18100	-13,10655	38,66672	-23,59251	38,6667
18120	-15,72797	38,66672	-25,55858	38,6667
18140	-15,07261	38,66672	-23,59251	38,6667
18160	-13,10654	38,66672	-22,93715	38,6667
18180	-13,10653	38,66672	-22,93714	38,66671
18200	-13,10653	38,66673	-23,59249	38,66671
18220	-14,41725	38,66673	-24,90322	38,66671
18240	-14,41726	38,66673	-23,59251	38,66672
18260	-14,41726	38,66674	-24,90323	38,66672
18280	-15,07262	38,66674	-24,90323	38,66672
18300	-14,41726	38,66675	-23,59251	38,66673
18320	-5,89746	38,66676	-5,24206	38,66676
18340	9,8315	38,66677	-0,65449	38,66675
18360	9,1761	38,66677	0,0008499999999998	38,66675
18380	9,83146	38,66677	0,00083999999999662	38,66675
18400	9,83145	38,66677	0,00083999999999662	38,66675
18420	9,83144	38,66677	0,00082999999999345	38,66675
18440	9,83145	38,66677	0,6562	38,66675
18460	11,14217	38,66677	0,6562	38,66675
18480	10,48681	38,66677	0,65621	38,66675
18500	11,79754	38,66677	11,14217	38,66678
18520	30,80338	38,66682	24,24964	38,66681
18540	32,76953	38,66683	22,93891	38,66681
18560	33,42487	38,66683	24,24963	38,66681
18580	34,73559	38,66683	24,90499	38,66681
18600	35,39096	38,66683	26,21571	38,66681
18620	36,70168	38,66683	26,87107	38,66681
18640	36,70167	38,66683	27,52642	38,6668
18660	37,35702	38,66682	27,52642	38,66681
18680	37,35702	38,66682	26,87106	38,66681
18700	36,70167	38,66683	26,2157	38,66681
18720	36,04631	38,66684	26,2157	38,66682
18740	37,35704	38,66684	38,66778	38,66688
18760	66,19346	38,66694	64,88273	38,66692
18780	75,36868	38,66694	64,22733	38,66692
18800	74,7133	38,66694	65,53804	38,66692
18820	76,024	38,66694	66,84875	38,66692
18840	77,99006	38,66694	68,81481	38,66692
18860	78,64718	38,66694	69,47017	38,66692
18880	79,95613	38,66694	70,78088	38,66692
18900	79,95612	38,66694	70,78087	38,66692
18920	80,61147	38,66694	70,78087	38,66692
18940	80,61147	38,66694	70,78086	38,66692
18960	80,61147	38,66694	70,78086	38,66692
18980	80,61146	38,66694	70,78085	38,66692
19000	79,95609	38,66694	70,12548	38,66692
19020	79,30072	38,66693	69,47009	38,66691
19040	77,98996	38,66692	68,15933	38,66688
19060	77,33455	38,66689	66,84855	38,66686
19080	76,02377	38,01148	66,19313	32,11318
19100	81,26655	22,28274	73,40192	7,20941
19120	66,84842	-11,7958	45,87656	-17,03868
19140	40,63407	-6,5529	13,76433	9,83108
19160	-13,105	25,55974	-55,04814	36,70084
19180	-67,49968	38,66694	-77,33024	38,66692
19200	-67,49959	38,66694	-77,33022	38,66692
19220	-67,49963	38,66694	-77,33029	38,66692
19240	-67,49977	38,66694	-77,33051	38,66692
19260	-52,42675	37,35622	-41,94143	26,87044
19280	-12,45031	13,76326	-4,58648	0,65604
19300	13,76363	-8,51898	4,58834	-13,76188
19320	18,35114	-12,45126	11,79743	-9,17459
19340	23,5942	-3,27641	15,07435	3,27714
19360	26,21567	7,86468	19,66184	13,10754
19380	30,80315	18,35045	21,6279	22,93797
19400	31,45851	26,2148	21,62789	28,83623
19420	31,45849	31,45771	21,62789	33,42378
19440	32,11385	34,73454	22,28324	36,04524
19460	33,42456	36,70062	23,59395	38,01133
19480	34,07991	38,66671	24,2493	38,6667
19500	34,0799	38,66672	24,24929	38,66671
19520	34,07989	38,66672	24,24927	38,66671
19540	34,07988	38,66673	23,59392	38,66672
19560	32,76916	38,66674	23,59391	38,66672
19580	30,80305	38,66675	-3,27617	38,66679
19600	-31,45691	38,66691	-77,33282	38,66692
19620	-67,50259	38,66694	-77,33336	38,66692
19640	-67,50276	38,66694	-77,33336	38,66692
19660	-67,50277	38,66694	-77,3334	38,66692
19680	-67,5028	38,66694	-77,33341	38,66692
19700	-67,5028	38,66694	-77,33341	38,66692
19720	-67,5028	38,66694	-77,33341	38,66692
19740	-67,5028	38,66694	-77,33339	38,66692
19760	-67,50279	38,66694	-77,33338	38,66692
19780	-67,50276	38,66694	-77,33337	38,66692
19800	-67,50275	38,66694	-77,33334	38,66692
19820	-67,50272	38,66694	-77,33333	38,66692
19840	-67,50271	38,66694	-77,33336	38,66692
19860	-67,50283	38,66694	-77,33343	38,66692
19880	-67,5028	38,66694	-77,3334	38,66692
19900	-67,50278	38,66694	-77,33339	38,66692
19920	-67,50279	38,66694	-77,33339	38,66692
19940	-67,50279	38,66694	-77,33339	38,66692
19960	-67,50278	38,66694	-77,33339	38,66692
19980	-67,50278	38,66694	-77,33339	38,66692
20000	-67,50279	38,66694	-77,3334	38,66692
20020	-67,50279	38,66694	-77,3334	38,66692
20040	-67,50279	38,66694	-77,33341	38,66692
20060	-67,50281	38,66694	-77,33342	38,66692
20080	-67,50282	38,66694	-77,33344	38,66692
20100	-67,50283	38,66694	-77,33344	38,66692
20120	-67,50283	38,66694	-77,33343	38,66692
20140	-67,50282	38,66694	-77,33343	38,66692
20160	-67,50282	38,66694	-77,33343	38,66692
20180	-67,50283	38,66694	-77,33344	38,66692
20200	-67,50283	38,66694	-77,33344	38,66692
20220	-67,50284	38,66694	-77,33344	38,66692
20240	-67,50284	38,66694	-77,33345	38,66692
20260	-67,50285	38,66694	-77,33359	38,66692
20280	-67,50318	38,66694	-77,33381	38,66692
20300	-67,5032	38,66694	-77,33381	38,66692
20320	-67,5032	38,66694	-77,33381	38,66692
20340	-67,5032	38,66694	-77,33381	38,66692
20360	-67,5032	38,66694	-77,33381	38,66692
20380	-67,5032	38,66694	-77,33381	38,66692
20400	-67,5032	38,66694	-77,33381	38,66692
20420	-67,5032	38,66694	-77,33381	38,66692
20440	-67,5032	38,66694	-77,33381	38,66692
20460	-67,5032	38,66694	-77,33381	38,66692
20480	-67,5032	38,66694	-77,33381	38,66692
20500	-67,5032	38,66694	-77,33381	38,66692
20520	-67,5032	38,66694	-77,33381	38,66692
20540	-67,5032	38,66694	-77,33381	38,66692
20560	-67,5032	38,66694	-77,33381	38,66692
20580	-67,5032	38,66694	-77,33381	38,66692
20600	-67,5032	38,66694	-77,33381	38,66692
20620	-67,5032	38,66694	-77,33381	38,66692
20640	-67,5032	38,66694	-77,33381	38,66692
20660	-67,5032	38,66694	-77,33381	38,66692
20680	-67,5032	38,66694	-77,33381	38,66692
20700	-67,5032	38,66694	-77,33381	38,66679
20720	-67,5032	28,18096	-77,33381	13,10763
20740	-67,5032	1,31126	-77,33381	-7,20831
20760	-67,50313	-11,14042	-77,33109	-12,45116
20780	-67,50282	-12,45114	-74,05634	-10,48508
20800	-59,63791	-5,89754	-68,15753	-1,31004
20820	-59,63747	3,2775	-74,71078	7,20964
20840	-67,50152	10,48646	-77,33208	12,45252
20860	-67,5015	11,79718	-77,33221	8,52036
20880	-67,50173	2,62214	-76,02183	-5,2422
20900	-66,84677	-7,86362	-77,33299	-7,20828
20920	-67,50256	-6,5529	-77,33328	-5,2422
20940	-67,5027	-2,62074	-77,33331	3,27738
20960	-67,50267	9,83091	-77,33326	15,07371
20980	-67,50262	21,6273	-77,33325	28,18087
21000	-67,50267	35,38987	-77,33331	38,66668
21020	-67,50274	38,66672	-77,33337	38,66673
21040	-67,50277	38,66676	-77,3334	38,66677
21060	-67,50279	38,66682	-77,33341	38,66683
21080	-67,50281	38,66687	-77,33342	38,66687
21100	-67,50282	38,6669	-77,33343	38,6669
21120	-67,50282	38,66693	-77,33343	38,66692
21140	-67,50282	38,66694	-77,33343	38,66692
21160	-67,50282	38,66694	-77,33343	38,66692
21180	-67,50283	38,66694	-77,33352	38,66692
21200	-67,50298	38,66694	-77,33358	38,66692
21220	-67,50297	38,66694	-77,33358	38,66692
21240	-67,50297	38,66694	-77,33358	38,66692
21260	-67,50298	38,66694	-77,33358	38,66692
21280	-67,50297	38,66694	-77,33358	38,66692
21300	-67,50298	38,66694	-77,33359	38,66692
21320	-67,50297	38,66694	-77,33358	38,66692
21340	-67,50297	38,66694	-77,33358	38,66692
21360	-67,50297	38,66694	-77,33357	38,66692
21380	-67,50297	38,66694	-77,33358	38,66692
21400	-67,50297	38,66694	-77,33357	38,66692
21420	-67,50296	38,66694	-77,33357	38,66692
21440	-67,50296	38,66694	-77,33357	38,66692
21460	-67,50295	38,66694	-77,33356	38,66692
21480	-67,50295	38,66694	-77,33356	38,66692
21500	-67,50294	38,66694	-77,33355	38,66692
21520	-67,50293	38,66694	-77,33355	38,66692
21540	-67,50293	38,66694	-77,33354	38,66692
21560	-67,50293	38,66694	-77,33354	38,66692
21580	-67,50293	38,66694	-77,33353	38,66692
21600	-67,50292	38,66694	-77,33354	38,66692
21620	-67,50293	38,66694	-77,33354	38,66692
21640	-67,50294	38,66694	-77,33354	38,66692
21660	-67,50294	38,66694	-77,33355	38,66692
21680	-67,50295	38,66694	-77,33355	38,66692
21700	-67,50294	38,66694	-77,33355	38,66692
21720	-67,50294	38,66694	-77,33354	38,66692
21740	-67,50294	38,66694	-77,33354	38,66692
21760	-67,50294	38,66694	-77,33355	38,66692
21780	-67,50294	38,66694	-77,33355	38,66692
21800	-67,50295	38,66694	-77,33355	38,66692
21820	-67,50294	38,66694	-77,33354	38,66692
21840	-67,50294	38,66694	-77,33354	38,66692
21860	-67,50293	38,66694	-77,33354	38,66692
21880	-67,50293	38,66694	-77,33354	38,66692
21900	-67,50293	38,66694	-77,33353	38,66692
21920	-67,50292	38,66694	-77,33353	38,66692
21940	-67,50292	38,66694	-77,33353	38,66692
21960	-67,50292	38,66694	-77,33352	38,66692
21980	-67,50292	38,66694	-77,33352	38,66692
22000	-67,5029	38,66694	-77,33352	38,66692
22020	-67,5029	38,66694	-77,33351	38,66692
22040	-67,5029	38,66694	-77,33351	38,66692
22060	-67,5029	38,66694	-77,3335	38,66692
22080	-67,50289	38,66694	-77,3335	38,66692
22100	-67,50289	38,66694	-77,3335	38,66692
22120	-67,50292	38,66694	-77,33372	38,66692
22140	-67,5032	38,66694	-77,33381	38,66692
22160	-67,5032	38,66694	-77,33381	38,66692
22180	-67,5032	38,66694	-77,33381	38,66692
22200	-67,5032	38,66694	-77,33381	38,66692
22220	-67,50065	38,66694	-77,33381	38,66692
22240	-67,5032	38,66694	-77,33381	38,66692
22260	-67,5032	38,66694	-77,33381	38,66692
22280	-67,5032	38,66694	-77,33381	38,66692
22300	-67,5032	38,66694	-77,33381	38,66692
22320	-67,5032	38,66694	-77,33381	38,66692
22340	-67,5032	38,66694	-77,33381	38,66692
22360	-67,5032	38,66694	-77,33381	38,66692
22380	-67,5032	38,66694	-77,33381	38,66692
22400	-67,5032	38,66694	-77,33381	38,66692
22420	-67,5032	38,66694	-77,33381	38,66692
22440	-67,5032	38,66694	-77,33381	38,66692
22460	-67,5032	38,66694	-77,33381	38,66692
22480	-67,5032	38,66694	-77,33381	38,66692
22500	-67,5032	38,66694	-77,33381	38,66692
22520	-67,5032	38,66694	-77,33381	38,66692
22540	-67,5032	38,66694	-77,33381	38,66692
22560	-67,5032	38,66694	-77,33381	38,66692
22580	-67,5032	38,66694	-77,33381	38,66692
22600	-67,5032	38,66694	-77,33381	38,66692
22620	-67,5032	38,66694	-77,33381	38,66692
22640	-67,5032	38,66694	-77,33381	38,66692
22660	-67,5032	38,66694	-77,33381	38,66692
22680	-67,5032	38,66694	-77,33381	38,66692
22700	-67,5032	38,66694	-77,33381	38,66692
22720	-67,5032	38,66694	-77,33381	38,66692
22740	-67,50291	38,66694	-77,33294	38,66692
22760	-67,5018	38,66694	-66,19105	38,66692
22780	-56,36044	38,66694	-66,84643	38,66692
22800	-55,04975	38,66694	-64,22501	38,66692
22820	-53,73905	38,66694	-62,9143	38,66692
22840	-53,0837	38,66694	-77,33223	38,66692
22860	-52,42834	38,66694	-62,25895	38,66692
22880	-52,42835	38,66694	-62,25895	38,66692
22900	-52,42834	38,66694	-61,60359	38,66692
22920	-52,42835	38,66694	-61,60359	38,66692
22940	-51,77044	38,66694	-61,60361	38,66692
22960	-51,11763	38,66694	-60,94824	38,66692
22980	-51,11764	38,66694	-60,94825	38,66692
23000	-51,11764	38,66694	-61,60361	38,66692
23020	-51,11764	38,66694	-61,60361	38,66692
23040	-65,53573	38,66694	-77,33288	38,66692
23060	-67,50274	38,66694	-77,33359	38,66692
23080	-67,50303	38,66694	-77,33361	38,66692
23100	-67,50301	38,66694	-77,33362	38,66692
23120	-67,50302	38,66694	-77,33363	38,66692
23140	-67,50304	38,66694	-77,33364	38,66692
23160	-67,50304	38,66694	-77,33365	38,66692
23180	-67,50305	38,66694	-77,33366	38,66692
23200	-67,50305	38,66694	-77,33366	38,66692
23220	-67,50306	38,66694	-77,33367	38,66692
23240	-67,50306	38,66694	-77,33367	38,66692
23260	-67,50306	38,66694	-77,33368	38,66692
23280	-67,50308	38,66694	-77,33369	38,66692
23300	-67,50309	38,66694	-77,33372	38,66692
23320	-67,50313	38,66694	-77,33376	38,66692
23340	-67,50319	38,66694	-77,33381	38,66692
23360	-67,5032	38,66691	-77,33381	38,66677
23380	-67,5032	21,62738	-77,33373	7,20956
23400	-64,88135	-3,2761	-55,0509	-5,2422
23420	-34,73403	-0,65466	-42,59805	13,76324
23440	-49,15087	33,42406	-77,33105	38,66692
23460	-67,49997	38,66694	-77,33021	38,66692
23480	-67,49933	38,66694	-77,32969	38,66692
23500	-67,49893	38,66694	-77,32933	38,66692
23520	-67,4986	38,66694	-77,32916	38,66692
23540	-67,49849	38,66694	-77,32905	38,66692
23560	-67,49841	38,66694	-77,329	38,66692
23580	-67,4984	38,66694	-77,32902	38,66692
23600	-67,49847	38,66694	-77,32914	38,66692
23620	-67,49861	38,66694	-77,32927	38,66692
23640	-67,49874	38,66694	-77,32942	38,66692
23660	-67,49888	38,66694	-77,32957	38,66692
23680	-67,49911	38,66694	-77,32992	38,66692
23700	-67,49965	38,66694	-77,33061	38,66692
23720	-67,50031	38,66694	-77,33131	38,66692
23740	-67,50113	31,45798	-77,33223	15,07396
23760	-63,56976	4,58822	-77,33261	0,00067999999999557
23780	-67,50197	4,58812	-76,67719	13,10768
23800	-64,88052	23,59342	-73,40047	35,3899
23820	-65,53599	38,66676	-77,33272	38,66678
23840	-67,50214	38,66686	-77,33277	38,66689
23860	-67,50218	38,66694	-77,33279	38,66692
23880	-67,50217	38,66694	-77,33277	38,66692
23900	-67,50216	38,66694	-77,33276	38,66692
23920	-67,50217	38,66694	-77,33278	38,66692
23940	-67,50217	38,66694	-77,33279	38,66692
23960	-67,50231	38,66694	-77,33321	38,66692
23980	-67,5028	38,66694	-77,33342	38,66692
24000	-67,50278	38,66694	-77,3334	38,66692
24020	-67,50281	38,66694	-77,33342	38,66692
24040	-67,50281	38,66694	-77,33342	38,66692
24060	-67,50281	38,66694	-77,33341	38,66692
24080	-67,5028	38,66694	-77,3334	38,66692
24100	-67,50276	38,66694	-77,33335	38,66692
24120	-67,50275	38,66694	-77,33333	38,66692
24140	-67,50267	38,66694	-77,33327	38,66692
24160	-67,50267	38,66694	-77,33327	38,66692
24180	-67,50266	38,66694	-77,33326	38,66692
24200	-67,50264	38,66694	-77,33325	38,66692
24220	-67,50264	38,66694	-77,33325	38,66692
24240	-67,50264	38,66694	-77,33325	38,66692
24260	-67,50263	38,66694	-77,33323	38,66692
24280	-67,50262	38,66694	-77,33322	38,66692
24300	-67,5026	38,66694	-77,3332	38,66692
24320	-67,50258	38,66694	-77,33317	38,66692
24340	-67,50254	38,66694	-77,33313	38,66692
24360	-67,5025	38,66694	-77,3331	38,66692
24380	-67,50249	38,66694	-77,3331	38,66692
24400	-67,5025	38,66694	-77,33313	38,66692
24420	-67,50248	38,66694	-77,33302	38,66692
24440	-67,5024	38,66694	-77,33301	38,66692
24460	-67,50239	38,66694	-77,33298	38,66692
24480	-67,50235	38,66694	-77,33294	38,66692
24500	-67,50232	38,66694	-77,33291	38,66692
24520	-67,50229	38,66694	-77,33287	38,66692
24540	-67,50225	38,66694	-77,33285	38,66692
24560	-67,50224	38,66694	-77,33284	38,66692
24580	-67,50222	38,66694	-77,33281	38,66692
24600	-67,5022	38,66694	-77,33279	38,66692
24620	-67,50217	38,66694	-77,33277	38,66692
24640	-67,50216	38,66694	-77,33277	38,66692
24660	-67,50213	38,66694	-77,33265	38,66692
24680	-67,50201	38,66694	-77,33262	38,66692
24700	-67,50201	38,66694	-77,33262	38,66692
24720	-67,502	38,66694	-77,33262	38,66692
24740	-67,502	38,66694	-77,33262	38,66692
24760	-67,50201	38,66694	-77,33261	38,66692
24780	-67,502	38,66694	-77,3326	38,66692
24800	-67,50199	38,66694	-77,33259	38,66692
24820	-67,50198	38,66694	-77,33259	38,66692
24840	-67,50199	38,66694	-77,33259	38,66692
24860	-67,50199	38,66694	-77,3326	38,66692
24880	-67,50199	38,66694	-77,3326	38,66692
24900	-67,50199	38,66694	-77,33259	38,66692
24920	-67,50199	38,66694	-77,33261	38,66692
24940	-67,50201	38,66694	-77,33262	38,66692
24960	-67,50202	38,66694	-77,33264	38,66692
24980	-67,50204	38,66694	-77,33266	38,66692
25000	-67,50206	38,66694	-77,33268	38,66692
25020	-67,50207	38,66694	-77,33268	38,66692
25040	-67,50211	38,66694	-77,33273	38,66692
25060	-67,50213	38,66694	-77,33273	38,66692
25080	-67,50213	38,66694	-77,33274	38,66692
25100	-67,50214	38,66694	-77,33275	38,66692
25120	-67,50214	38,66694	-77,33276	38,66692
25140	-67,50215	38,66694	-77,33277	38,66692
25160	-67,50216	38,66694	-77,33276	38,66692
25180	-67,50216	38,66694	-77,33277	38,66692
25200	-67,50217	38,66694	-77,33277	38,66692
25220	-67,50218	38,66694	-77,33278	38,66692
25240	-67,50218	38,66694	-77,33279	38,66692
25260	-67,50219	38,66694	-77,3328	38,66692
25280	-67,5022	38,66694	-77,33274	38,66692
25300	-67,50164	38,66694	-54,39396	38,66692
25320	0,0019099999999952	38,66694	29,49364	38,66692
25340	74,0591	38,66694	89,78807	38,66692
25360	109,4491	38,66694	99,61849	38,66692
25380	109,4491	38,66694	102,89529	38,66692
25400	114,69198	38,66694	106,17209	38,66692
25420	117,31342	38,66694	108,79353	38,66692
25440	119,2795	38,66694	110,10425	38,66692
25460	120,59022	38,66694	110,75961	38,66692
25480	121,24558	38,66694	111,41497	38,66692
25500	121,24558	38,66694	111,41497	38,66692
25520	122,5563	38,66694	115,34713	38,66692
25540	134,35278	38,66694	132,38649	38,66692
25560	140,90638	38,66694	129,10969	38,66692
25580	138,9403	38,66694	128,45433	38,66692
25600	138,28494	38,66694	127,79897	38,66692
25620	137,62958	38,66694	127,79897	38,66692
25640	137,62958	38,66694	127,79897	38,66692
25660	138,28494	38,66694	128,45433	38,66692
25680	138,9403	38,66694	129,76505	38,66692
25700	140,25102	38,66694	130,42041	38,66692
25720	140,90638	38,66694	132,38649	38,66692
25740	142,87246	38,66694	133,04185	38,66692
25760	142,87246	38,66694	133,04185	38,66692
25780	144,18318	38,66694	136,31865	38,66692
25800	151,39214	38,66694	148,11513	38,66692
25820	165,81006	38,66694	165,15449	38,66692
25840	183,50478	38,66694	176,29561	38,66692
25860	181,5384	38,66694	159,91094	36,04548
25880	140,24971	24,24902	93,06303	15,72932
25900	66,19299	9,8311	27,5262	6,55428
25920	11,14217	5,24358	-22,28159	5,89892
25940	-30,14584	6,5543	-55,70525	5,89892
25960	-61,60346	4,58822	-77,33252	6,55428
25980	-67,50209	9,17574	-77,33285	12,45252
26000	-67,50229	17,69542	-77,33292	26,21508
26020	-67,5023	32,7687	-77,3329	38,66692
26040	-67,50236	38,66694	-77,33303	38,66692
26060	-67,50246	38,66694	-77,3331	38,66692
26080	-67,50251	38,66694	-77,33312	38,66692
26100	-67,50251	38,66694	-77,3331	38,66692
26120	-67,50248	38,66694	-77,33307	38,66692
26140	-67,50245	38,66694	-77,33303	38,66692
26160	-67,5024	38,66694	-77,333	38,66692
26180	-67,50238	38,66694	-77,33298	38,66692
26200	-67,50236	38,66694	-77,33297	38,66692
26220	-67,50236	38,66694	-77,33296	38,66692
26240	-67,50237	38,66694	-77,33297	38,66692
26260	-67,50236	38,66694	-77,33293	38,66692
26280	-67,50218	38,66694	-77,33275	38,66692
26300	-67,50215	38,66694	-77,33278	38,66692
26320	-67,50216	38,66694	-77,33275	38,66692
26340	-67,50214	38,66694	-77,33273	38,66692
26360	-67,50213	38,66694	-77,33274	38,66692
26380	-67,50213	38,66694	-77,33274	38,66692
26400	-67,50213	38,66694	-77,33273	38,66692
26420	-67,50214	38,66694	-77,33274	38,66692
26440	-67,50214	38,66694	-77,33276	38,66692
26460	-67,50215	38,66694	-77,33277	38,66692
26480	-67,50217	38,66694	-77,33278	38,66692
26500	-67,50217	38,66694	-77,33279	38,66692
26520	-67,50218	38,66694	-77,33279	38,66692
26540	-67,50218	38,66694	-77,33279	38,66692
26560	-67,50218	38,66694	-77,33279	38,66692
26580	-67,50217	38,66694	-77,33277	38,66692
26600	-67,50216	38,66694	-77,33276	38,66692
26620	-67,50214	38,66694	-77,33275	38,66692
26640	-67,50215	38,66694	-77,33273	38,66692
26660	-67,5021	38,66694	-77,3327	38,66692
26680	-67,50208	38,66694	-77,33267	38,66692
26700	-67,50207	38,66694	-77,33267	38,66692
26720	-67,50205	38,66694	-77,33264	38,66692
26740	-67,50202	38,66694	-77,33261	38,66692
26760	-67,50198	38,66694	-77,33257	38,66692
26780	-67,50194	38,66694	-77,33253	38,66692
26800	-67,50191	38,66694	-77,33249	38,66692
26820	-67,50187	38,66694	-77,33246	38,66692
26840	-67,50184	38,66694	-77,33245	38,66692
26860	-67,50184	38,66694	-77,33244	38,66692
26880	-67,50182	38,66694	-77,33242	38,66692
26900	-67,50182	38,66694	-77,33242	38,66692
26920	-67,5018	38,66694	-77,3324	38,66692
26940	-67,50178	38,66694	-77,33237	38,66692
26960	-67,50176	38,66694	-77,33236	38,66692
26980	-67,50174	38,66694	-77,33235	38,66692
27000	-67,50174	38,66694	-77,33235	38,66692
27020	-67,50175	38,66694	-77,33236	38,66692
27040	-67,50175	38,66694	-77,33236	38,66692
27060	-67,50175	38,66694	-77,33237	38,66692
27080	-67,50176	38,66694	-77,33237	38,66692
27100	-67,50176	38,66694	-77,33237	38,66692
27120	-67,50176	38,66694	-77,33237	38,66692
27140	-67,50178	38,66694	-77,33251	38,66692
27160	-67,50221	38,66694	-66,19195	38,66692
27180	-37,35591	38,66694	-44,56494	38,66692
27200	-37,35568	38,66694	-45,87548	38,66692
27220	-26,86954	38,66694	-34,07843	38,66692
27240	-38,01023	38,66694	-70,77825	38,66692
27260	-67,50106	38,66694	-77,33154	38,66692
27280	-67,50089	38,66694	-77,33147	38,66692
27300	-67,50087	38,66694	-77,33145	38,66692
27320	-67,50089	38,66694	-77,33158	38,66692
27340	-67,50111	38,66694	-77,33181	38,66692
27360	-67,50129	38,66694	-77,33205	28,83652
27380	-67,50169	13,76326	-77,33258	-1,9654
27400	-67,50223	-15,07258	-77,33305	-21,6262
27420	-67,50264	-23,59226	-77,33338	-23,59228
27440	-67,50286	-20,31554	-77,33353	-15,07281
27460	-67,50298	-9,17466	-77,33363	-3,27653
27480	-67,50308	1,96632	-77,33375	6,55379
27500	-67,5032	11,79668	-77,33381	15,72882
27520	-67,5032	19,00565	-77,33381	20,31636
27540	-67,5032	21,62711	-77,33381	38,66646
27560	-67,5032	22,93784	-77,33381	27,52536
27580	-67,50266	33,4237	-77,33267	38,66661
27600	-67,50147	38,66671	-77,33162	38,6668
27620	-67,50087	38,66687	-77,33154	38,66686
27640	-67,501	38,6669	-77,33166	38,66688
27660	-67,5011	38,66689	-77,33175	38,66686
27680	-67,50117	38,66688	-77,3318	38,66692
27700	-67,50121	38,66687	-77,33184	38,66685
27720	-67,50123	38,66686	-77,33184	38,66684
27740	-67,50124	38,66685	-77,33185	38,66682
27760	-67,50124	38,66684	-77,33185	38,66682
27780	-67,50123	38,66684	-77,33184	38,66682
27800	-67,50123	38,66684	-77,33185	38,66682
27820	-67,50124	38,66684	-77,33195	38,66685
27840	-67,50159	38,66691	-77,33232	38,6669
27860	-67,50173	38,66693	-77,33232	38,66692
27880	-67,50172	38,66693	-77,33233	38,66692
27900	-67,50172	38,66693	-77,33233	38,66691
27920	-67,50172	38,66693	-77,33232	38,66691
27940	-67,50172	38,66692	-77,33233	38,6669
27960	-67,50172	38,66691	-77,33234	38,66688
27980	-67,50173	38,6669	-77,33236	38,66686
28000	-67,50176	38,66686	-77,3324	38,66682
28020	-67,50183	38,66682	-77,33246	38,6668
28040	-67,50189	38,66679	-77,33255	38,66675
28060	-67,50198	38,66673	-77,33263	38,66668
28080	-67,50203	38,01134	-77,33262	38,01132
28100	-67,50202	36,70061	-77,33263	35,38987
28120	-67,50202	35,3899	-77,33261	36,04526
28140	-67,502	35,38992	-77,33261	34,73454
28160	-67,50201	33,42383	-77,33261	33,42381
28180	-67,50201	32,76847	-77,33263	32,76845
28200	-67,50203	33,42383	-77,33263	34,07917
28220	-67,50202	34,0792	-77,33263	34,07917
28240	-67,50202	34,07919	-77,33262	34,73454
28260	-67,50203	38,66682	-77,33263	38,66692
28280	-67,50198	38,66694	-77,33251	38,66692
28300	-67,50186	38,66694	-77,33243	38,66692
28320	-67,50178	38,66694	-77,33233	38,66692
28340	-67,50165	38,66694	-77,32967	38,66692
28360	-67,50159	38,66694	-77,33216	38,66692
28380	-67,50152	38,66694	-77,33211	38,66692
28400	-67,5015	38,66694	-77,3321	38,66692
28420	-67,50149	38,66694	-77,33209	38,66692
28440	-67,50149	38,66694	-77,33209	38,66692
28460	-67,50148	38,66694	-77,33207	38,66692
28480	-67,50145	38,66694	-77,33204	38,66692
28500	-67,50142	38,66694	-77,33201	38,66692
28520	-67,50138	38,66694	-77,33195	38,66692
28540	-67,50133	38,66694	-77,33193	38,66692
28560	-67,50131	38,66694	-77,33191	38,66692
28580	-67,5013	38,66694	-77,33191	38,66692
28600	-67,5013	38,66694	-77,33191	38,66692
28620	-67,50131	38,66694	-77,33191	38,66692
28640	-67,50131	38,66694	-77,33192	38,66692
28660	-67,50131	38,66694	-77,33191	38,66692
28680	-67,5013	38,66694	-77,3319	38,66692
28700	-67,50124	38,66694	-77,3317	38,66692
28720	-67,50103	38,66694	-77,33165	38,66692
28740	-67,50104	38,66694	-77,33164	38,66692
28760	-67,50102	38,66694	-77,33161	38,66692
28780	-67,501	38,66694	-77,33159	38,66692
28800	-67,50098	38,66694	-77,33157	38,66692
28820	-67,50095	38,66694	-77,33154	38,66692
28840	-67,50092	38,66694	-77,33151	38,66692
28860	-67,5009	38,66694	-77,33151	38,66692
28880	-67,5009	38,66694	-77,33151	38,66692
28900	-67,50091	38,66694	-77,33152	38,66692
28920	-67,50092	38,66694	-77,33153	38,66692
28940	-67,50092	38,66694	-77,33153	38,66692
28960	-67,50093	38,66694	-77,33153	38,66692
28980	-67,50093	38,66694	-77,33154	38,66692
29000	-67,50094	38,66694	-77,33163	38,66692
29020	-67,50107	38,66694	-77,33166	38,66692
29040	-67,50105	38,66694	-77,33166	38,66692
29060	-67,50106	38,66694	-77,33166	38,66692
29080	-67,50105	38,66694	-77,33167	38,66692
29100	-67,50107	38,66694	-77,33168	38,66692
29120	-67,50108	38,66694	-77,33169	38,66692
29140	-67,50107	38,66694	-77,33168	38,66692
29160	-67,50108	38,66694	-77,33169	38,66692
29180	-67,50108	38,66694	-77,33169	38,66692
29200	-67,50109	38,66694	-77,3317	38,66692
29220	-67,50109	38,66694	-77,33171	38,66692
29240	-67,5011	38,66694	-77,33171	38,66692
29260	-67,50111	38,66694	-77,33172	38,66692
29280	-67,50112	38,66694	-77,33173	38,66692
29300	-67,50112	38,66694	-77,33175	38,66692
29320	-67,50121	38,66694	-77,33186	38,66692
29340	-67,50124	38,66694	-77,33184	38,66692
29360	-67,50125	38,66694	-77,33186	38,66692
29380	-67,50125	38,66694	-77,33187	38,66692
29400	-67,50128	38,66694	-77,33189	38,66692
29420	-67,5013	38,66694	-77,3319	38,66692
29440	-67,5013	38,66694	-77,33192	38,66692
29460	-67,50132	38,66694	-77,33193	38,66692
29480	-67,50133	38,66694	-77,33195	38,66692
29500	-67,50136	38,66694	-77,33197	38,66692
29520	-67,50137	38,66694	-77,33199	38,66692
29540	-67,5014	38,66694	-77,33202	38,66692
29560	-67,50142	38,66694	-77,33198	38,66692
29580	-67,50127	38,66694	-77,33188	38,66692
29600	-67,50131	38,66694	-77,33192	38,66692
29620	-67,50132	38,66694	-77,33193	38,66692
29640	-67,50135	38,66694	-77,33197	38,66692
29660	-67,50137	38,66694	-77,33199	38,66692
29680	-67,50139	38,66694	-77,33201	38,66692
29700	-67,50141	38,66694	-77,33203	38,66692
29720	-67,50143	38,66694	-77,33205	38,66692
29740	-67,50144	38,66694	-77,33206	38,66692
29760	-67,50146	38,66694	-77,33209	38,66692
29780	-67,5015	38,66694	-77,33212	38,66692
29800	-67,50154	38,66694	-77,33217	38,66692
29820	-67,50161	38,66694	-77,33227	38,66692
29840	-67,50173	38,66694	-77,33241	38,66692
29860	-67,5019	38,66694	-77,33267	38,66692
29880	-67,50219	38,66694	-77,33296	38,66692
29900	-67,5023	38,66691	-77,33271	24,249
29920	-63,5693	15,07398	-40,63139	17,04004
29940	-7,86247	26,2151	-8,51746	36,04548
29960	7,86714	38,66694	5,90116	38,66692
29980	23,59611	36,70086	23,59579	36,70084
