T	LX	LY	RX	RY
0	0	0	0	0
20	-11,14121	5,000000000166E-5	-25,55926	0,65548
40	-28,83613	9,9999999996214E-5	-26,21465	1,96618
60	-25,55928	2,62154	-26,87002	3,27691
80	-26,21467	2,62154	-26,21467	3,2769
100	-26,87003	1,96618	-26,21468	2,62154
120	-26,21468	1,96617	-26,87005	2,62154
140	-26,21469	2,62153	-26,21469	3,2769
160	-26,21469	3,2769	-26,21469	3,93226
180	-26,21469	3,27689	-26,21469	3,93226
200	-26,21469	3,2769	-26,21469	4,58762
220	-26,21469	3,93283	-26,21469	4,58762
240	-26,87005	3,93226	-26,87005	3,93226
260	-26,87005	3,93226	-26,21469	4,58762
280	-26,21469	3,93226	-25,55934	3,93225
300	-24,90397	3,93224	-18,35029	3,9322
320	-17,03953	2,62145	-17,03954	3,9322
340	-17,03956	3,9322	-17,03956	4,58757
360	-17,03956	3,9322	-17,03956	4,58756
380	-17,03956	3,93219	-16,38419	3,27684
400	-16,3842	2,62147	-16,3842	3,27683
420	-16,38419	2,62147	-16,38419	3,27683
440	-16,38419	1,96611	-16,38419	2,62148
460	-17,03956	2,62147	-17,03955	2,62148
480	-17,03954	2,62147	-17,03954	2,62148
500	-17,6949	2,62147	-17,6949	2,62148
520	-17,69489	1,31075	-17,03953	1,96611
540	-17,69489	1,31075	-17,69489	1,96611
560	-17,69488	1,96611	-17,69488	1,96611
580	-18,35024	1,96611	-18,35024	1,96612
600	-19,0056	1,96611	-18,35024	1,96612
620	-18,35024	1,31075	-18,35023	1,96612
640	-18,35024	1,96611	-18,35023	1,96612
660	-18,35023	2,62147	-18,35023	2,62148
680	-18,35023	2,62148	-18,35023	2,62148
700	-18,35023	2,62148	-18,35022	3,27684
720	-18,35022	2,62148	-18,35022	3,27685
740	-18,35022	2,62149	-18,35022	2,62149
760	-19,00557	2,62149	-19,66093	2,62149
780	-19,66093	2,62149	-20,31629	3,27685
800	-20,31628	2,62149	-20,97164	3,27685
820	-20,97163	2,62149	-21,62698	3,27686
840	-20,97163	3,27686	-21,62698	3,27686
860	-20,97162	2,6215	-20,97162	2,62149
880	-20,97162	1,31077	-20,97162	3,9999999998486E-5
900	-20,97162	-0,65532	-20,97162	-1,31068
920	-22,28234	-1,31069	-22,28234	-2,62141
940	-22,9377	-3,27678	-22,28234	-3,27677
960	-22,93769	-3,27678	-22,93769	-2,62142
980	-18,35014	-4,58752	-4,58739	-5,24292
1000	-2,62116	-5,89831	-2,62115	-4,58758
1020	-3,27656	-4,58757	-3,27655	-3,27684
1040	-2,62118	-3,93221	-2,62119	-3,27684
1060	-1,96583	-3,93221	-1,96584	-3,27684
1080	-1,96584	-3,27613	-1,96585	-2,62148
1100	-1,96585	-3,27684	-1,96585	-3,27684
1120	-1,96585	-3,27684	-1,96585	-2,62148
1140	-1,96585	-3,27684	-1,31049	-2,62149
1160	-1,96586	-3,27685	-1,31049	-3,27685
1180	-1,96586	-3,27685	-1,96585	-2,62149
1200	-1,31049	-3,27685	-1,31049	-3,27685
1220	-1,96585	-3,93221	-1,31049	-3,93221
1240	0,00029000000000678	-3,27687	5,89871	-1,96615
1260	9,17559	-2,62153	7,86485	-1,31079
1280	7,86483	-1,96616	7,86484	-1,96615
1300	7,86484	-2,62151	7,86483	-1,96615
1320	7,20947	-2,62151	7,20947	-2,62151
1340	7,20948	-2,62151	7,20948	-1,96614
1360	6,55411	-1,96614	6,55412	-1,96613
1380	6,55411	-1,96614	6,55412	-1,96613
1400	5,89876	-1,96614	5,89876	-1,31076
1420	5,89877	-1,31077	5,24341	-0,6554
1440	5,24341	-1,96613	10,48632	-0,65541
1460	22,28294	-7,0000000000903E-5	26,21517	0,65529
1480	26,21515	0,6553	26,21513	1,31067
1500	26,87049	1,31067	26,8705	1,96604
1520	26,87049	2,6214	26,21513	3,27677
1540	26,21513	3,93214	26,21513	4,58751
1560	26,21513	4,58751	26,21513	5,89824
1580	26,21514	5,24288	26,21514	6,55361
1600	26,87049	6,55361	26,21514	7,20897
1620	27,52587	7,20897	38,66713	11,14115
1640	44,56548	11,79651	45,22087	13,10725
1660	44,56548	13,76262	44,56549	15,07335
1680	43,91013	15,07335	44,5655	15,72872
1700	43,91014	15,07335	43,91014	15,72872
1720	44,5655	15,72872	43,91014	15,72872
1740	43,91014	15,72871	44,56551	15,72872
1760	43,91014	15,07336	44,56551	16,38409
1780	43,9127	15,72872	43,91015	15,72873
1800	43,91015	15,07337	43,91015	15,72873
1820	43,25479	15,07337	43,25479	16,38409
1840	43,25479	15,72873	43,25478	15,72874
1860	43,25478	15,07337	42,59943	15,07338
1880	42,59942	15,07337	42,59942	15,72873
1900	48,49773	15,72873	57,67301	19,00555
1920	63,57142	19,00554	62,91606	19,00555
1940	62,26066	19,00555	62,26066	19,00555
1960	62,91603	19,00555	62,91602	19,66092
1980	62,91601	19,66091	62,91601	20,31628
2000	62,91601	19,66092	62,91601	20,97165
2020	62,916	20,31628	62,91599	21,62701
2040	62,91599	20,97164	62,91599	21,62701
2060	62,91598	20,97164	62,91597	20,97165
2080	63,57133	20,97165	64,22669	21,62701
2100	64,88205	20,31627	63,57129	18,35019
2120	40,63347	11,79662	-4,58674	4,58765
2140	-20,97109	-0,65524	-23,59267	-0,65525
2160	-20,97128	1,96621	-20,97127	3,9323
2180	-20,97131	3,27693	-19,66062	3,9323
2200	-19,66062	3,93229	-18,34992	4,58766
2220	-17,69458	3,93229	-17,03923	3,93229
2240	-16,38387	3,93228	-15,72852	4,58765
2260	-15,72853	3,93229	-15,72853	4,58765
2280	-15,07318	3,93229	-15,07319	3,93229
2300	-15,0732	3,27692	-14,41784	3,93229
2320	-15,07319	6,55376	-14,41782	7,20913
2340	-14,41783	6,55377	-13,7625	7,20913
2360	-13,76251	5,89841	-13,76252	5,89841
2380	-13,76253	5,24305	-13,76254	5,89841
2400	-13,10718	5,24305	-13,76254	5,89841
2420	-13,76255	5,24304	-13,76255	5,8984
2440	-13,10719	5,24304	-13,76255	5,8984
2460	-17,03935	9,17524	-18,35007	9,8306
2480	-18,35007	8,51988	-18,35008	8,51988
2500	-19,00545	7,86452	-19,66081	8,51988
2520	-19,66082	7,20915	-19,66082	7,86452
2540	-19,66082	6,55379	-19,66082	6,55379
2560	-19,66082	5,89842	-20,31618	5,89842
2580	-20,97155	5,24305	-20,97155	5,24305
2600	-20,97154	4,58769	-21,6269	4,58769
2620	-21,6269	3,93232	-21,6269	4,58768
2640	-22,28226	3,27695	-22,28227	3,93232
2660	-22,28227	2,62159	-22,28227	2,62159
2680	-22,28228	1,96623	-22,28228	2,62159
2700	-22,93764	1,96622	-23,593	2,62159
2720	-23,593	1,31086	-22,93764	1,31086
2740	-23,593	1,31085	-23,593	1,31085
2760	-16,38399	-0,65526	-9,83021	1,3108
2780	-8,51936	0,65542	-8,51939	0,65543
2800	-8,51942	7,0000000000903E-5	-7,86406	0,65543
2820	-7,86405	0,65543	-7,86406	1,31079
2840	-7,86406	1,31079	-7,86406	1,96615
2860	-7,86406	1,31079	-7,2087	1,31079
2880	-7,2087	0,65542	-7,2087	0,65542
2900	-6,55333	0,65541	-6,55334	0,65542
2920	-6,55334	5,000000000166E-5	-6,55334	0,65542
2940	-6,55333	5,9999999997729E-5	-6,55333	0,65542
2960	-6,55334	0,65541	-6,55334	0,65542
2980	-6,55334	5,000000000166E-5	-4,58719	1,31076
3000	9,17561	2,62146	17,04007	2,62145
3020	15,72933	2,62146	15,07393	3,27683
3040	15,7293	2,62146	16,38466	3,27682
3060	15,72929	2,62146	15,72929	3,27682
3080	15,72929	3,27682	15,72929	3,27683
3100	15,72929	2,62145	15,72929	3,27682
3120	15,72771	2,62145	15,07393	3,27682
3140	15,07394	2,62145	15,07393	2,62146
3160	15,7293	2,62145	15,07394	2,62146
3180	14,41858	1,96609	14,41858	2,62145
3200	14,41858	1,96608	17,69541	2,62145
3220	26,21517	1,96607	26,87056	1,96607
3240	26,21518	1,96607	26,21518	2,62143
3260	26,21519	2,62143	26,21519	2,62144
3280	25,55983	2,62143	25,55983	3,2768
3300	25,55983	1,96608	24,90447	1,96608
3320	24,90448	1,96608	24,24912	2,62145
3340	24,24912	2,62144	24,24913	3,27681
3360	23,59377	2,62145	24,24913	2,62145
3380	35,39037	3,93216	46,53172	6,55362
3400	51,11936	5,24289	50,46397	6,55362
3420	51,11929	6,55362	51,77466	7,86435
3440	52,43002	7,86435	52,43001	7,86436
3460	53,08537	8,51971	53,74073	9,17508
3480	53,74072	9,17508	53,74072	9,83044
3500	55,05144	9,17508	55,05143	9,17508
3520	55,05144	9,17508	55,05144	9,83045
3540	55,7068	11,14118	55,7068	13,10727
3560	55,05144	14,418	55,05143	15,72874
3580	55,05143	15,72875	55,70679	16,38411
3600	61,60513	19,00556	64,88201	20,31629
3620	65,53738	20,31629	65,53736	21,62703
3640	65,53991	21,62702	65,53736	22,28239
3660	65,53736	22,28239	65,53736	22,93776
3680	65,53735	22,28239	65,53734	22,93776
3700	64,88198	22,93775	65,53734	23,59312
3720	64,88198	22,93775	54,3961	18,35025
3740	19,0064	9,83055	-17,69412	5,8984
3760	-19,005	5,24302	-15,72822	8,51984
3780	-14,41748	9,83056	-15,07287	10,48593
3800	-14,41754	11,79664	-14,41755	13,10738
3820	-13,76221	13,10738	-13,76222	14,41811
3840	-13,10687	13,76274	-13,10689	15,07347
3860	-13,10689	14,4181	-13,10689	15,07347
3880	-13,10689	14,4181	-13,76225	14,4181
3900	-13,1069	13,76273	-13,1069	14,4181
3920	-13,10691	13,10737	-13,10692	13,76273
3940	-12,45156	13,10736	-13,10693	13,10737
3960	-12,45159	15,07348	-13,76234	17,69496
3980	-14,41772	18,35033	-14,41772	18,35033
4000	-14,41773	18,35032	-15,07309	18,35033
4020	-14,41774	17,69496	-14,41774	17,0396
4040	-13,76238	16,38423	-13,10702	15,72887
4060	-12,45166	14,41814	-12,45166	14,41814
4080	-11,79631	13,76278	-11,14094	13,10742
4100	-11,14094	12,45205	-11,14094	12,45206
4120	-11,14094	11,79669	-11,14094	11,7967
4140	-11,14095	11,79669	-11,14095	11,79669
4160	-10,48559	11,14132	-10,48559	11,14132
4180	-10,48559	9,83059	-9,83023	9,83059
4200	-9,83017	9,83055	-5,24238	11,79662
4220	7,86501	11,14125	7,20965	10,48589
4240	6,55425	9,83053	7,2096	10,48589
4260	7,86497	9,83052	7,86496	9,83051
4280	7,86496	8,51978	7,86495	9,17515
4300	8,52031	8,51977	8,52031	8,51977
4320	9,17567	7,8644	9,17566	7,8644
4340	9,17566	7,20903	9,17566	7,20903
4360	9,17565	5,89829	9,17565	5,89829
4380	9,17565	5,24292	8,52029	4,58756
4400	8,52028	3,9322	9,17564	3,27683
4420	9,17564	3,27683	9,17564	3,27683
4440	9,17564	2,62146	8,52028	2,62147
4460	9,17564	1,96609	20,97219	3,27681
4480	35,39032	3,93215	38,66721	2,62143
4500	38,01183	1,96607	37,35645	2,62143
4520	38,01181	1,31071	38,01182	1,96607
4540	38,66717	0,65534	38,66716	1,31071
4560	38,0118	0,65534	38,0118	1,31071
4580	38,0118	0,65534	38,0118	1,3107
4600	37,35644	0,65533	37,35644	0,65534
4620	37,35644	0,65534	36,70108	0,65533
4640	37,35644	0,65533	37,35645	-3,0000000002417E-5
4660	37,35645	-3,9999999998486E-5	36,70109	-3,0000000002417E-5
4680	36,70109	-3,9999999998486E-5	36,70109	-3,9999999998486E-5
4700	36,04573	-0,65541	36,04574	-0,6554
4720	36,70109	-0,65541	36,04574	-0,6554
4740	36,04574	-0,65541	35,39038	-0,6554
4760	37,35647	-1,31078	48,49783	0,65531
4780	58,98382	1,31066	62,26073	1,31066
4800	61,60534	1,96602	61,60531	3,27675
4820	62,91604	3,27675	64,22676	3,93211
4840	64,8821	3,93211	64,8821	4,58748
4860	64,8821	3,93211	64,88209	4,58748
4880	64,88209	4,58747	65,53745	5,24284
4900	65,53745	5,24284	65,53745	5,8982
4920	70,12503	5,89819	74,71263	6,55355
4940	76,02338	5,89818	76,02335	7,20892
4960	76,67871	7,86428	77,33406	8,51965
4980	77,33407	7,86428	77,33406	8,51964
5000	77,33406	8,51964	77,33406	9,175
5020	77,33406	9,17501	77,33406	9,83037
5040	77,33406	9,17501	77,98941	10,48573
5060	77,98941	9,83037	77,98941	9,83037
5080	78,64477	9,175	78,64476	9,175
5100	77,33403	7,86427	57,67304	3,27679
5120	23,59396	-3,27681	-19,0048	-9,83043
5140	-20,97101	-13,10725	-17,69427	-9,83043
5160	-16,38354	-9,83044	-15,72821	-9,83044
5180	-15,72824	-9,83045	-15,07291	-9,17509
5200	-14,41756	-9,83046	-13,76222	-9,1751
5220	-13,76223	-9,83046	-13,76224	-9,1751
5240	-13,10688	-9,17511	-13,10688	-9,17437
5260	-13,10689	-9,83047	-13,10689	-9,1751
5280	-12,45153	-8,51974	-12,45154	-3,93217
5300	-13,10689	-3,93217	-12,45154	-3,2768
5320	-12,45155	-4,58752	-12,45156	-3,93216
5340	-11,7962	-4,58752	-12,45157	-3,93215
5360	-12,45157	-4,58753	-12,45157	-5,24288
5380	-12,45157	-5,24289	-12,45156	-5,24288
5400	-12,45157	-5,89825	-12,45157	-5,89825
5420	-13,10693	-6,55361	-13,10693	-5,89825
5440	-13,10693	-6,55361	-13,10693	-5,89825
5460	-13,76229	-7,20897	-13,76229	-6,5536
5480	-14,41764	-7,20897	-14,41764	-7,86433
5500	-14,41764	-7,86433	-14,41764	-7,86433
5520	-13,76229	-8,5197	-13,10693	49,15198
5540	-12,45158	-8,5197	-11,79623	-8,5197
5560	-11,14088	-9,17507	-11,14088	-9,17506
5580	-11,14088	-9,17507	-11,14089	-9,17506
5600	-11,79625	-9,17507	-11,14089	-9,83043
5620	-11,14089	-10,4858	-11,14089	-10,4858
5640	-10,48552	-11,14117	-10,48552	-11,14117
5660	-10,48553	-11,79654	-10,48553	-11,79581
5680	-9,83017	-13,76263	-9,83007	-11,79655
5700	11,14172	-10,48585	23,59376	-10,48585
5720	23,59374	-11,14122	22,93834	-11,14121
5740	23,5937	-11,79658	24,24907	-11,79658
5760	24,90441	-13,10732	24,90441	-14,41805
5780	24,9044	-16,38414	25,55976	-16,38415
5800	25,55975	-16,38416	26,21511	-16,38416
5820	26,2151	-17,03952	26,2151	-17,03952
5840	26,21509	-18,35025	26,21509	-18,35025
5860	26,21508	-19,00562	26,87043	-19,66098
5880	26,21506	-19,66099	26,87042	-19,66099
5900	26,87042	-20,31635	26,21506	-19,66099
5920	26,87042	-20,31636	26,87041	-19,66099
5940	26,21505	-20,31636	26,21505	-19,66099
5960	26,21505	-20,97172	26,21505	-20,31636
5980	26,21505	-21,62709	26,87041	-21,62709
6000	26,21504	-22,28245	35,39018	-20,97174
6020	44,56541	-20,97176	47,18694	-21,62713
6040	46,53153	-22,28248	45,87616	-21,62712
6060	46,53152	-21,62712	45,87616	-20,97176
6080	45,87616	-21,62712	45,87615	-21,62712
6100	45,87616	-21,62712	45,87615	-20,97176
6120	45,87615	-21,62713	45,2208	-20,97176
6140	45,2208	-21,62713	45,2208	-21,62712
6160	45,2208	-22,28249	45,22079	-22,28249
6180	46,53151	-22,93785	46,53151	-22,93785
6200	47,18687	-23,59322	47,18687	-24,24858
6220	53,08519	-23,59323	65,53725	-21,62714
6240	72,091	-22,28252	72,091	-21,62715
6260	71,43561	-22,28251	71,43561	-21,62714
6280	72,09098	-21,62715	72,74633	-21,62715
6300	72,74633	-22,28252	73,40169	-22,93788
6320	73,40169	-23,59325	74,05704	-22,93788
6340	74,05705	-23,59324	74,05705	-22,93788
6360	74,05705	-22,93788	74,05705	-22,28252
6380	74,7124	-22,93788	74,05705	-22,93787
6400	74,05704	-22,28252	74,7124	-22,28251
6420	74,05705	-22,28251	74,05705	-21,62715
6440	74,7124	-22,28251	74,7124	-21,62715
6460	74,7124	-22,28251	74,7124	-21,62715
6480	74,71239	-22,28251	75,36776	-21,62715
6500	74,71239	-22,28251	74,71239	-21,62715
6520	74,71239	-22,28251	74,05702	-22,28251
6540	80,61069	-22,28251	89,13053	-20,31642
6560	91,09668	-20,9718	91,09666	-20,97179
6580	90,44128	-20,97179	90,44128	-20,31642
6600	91,09664	-20,97179	91,09663	-20,97179
6620	91,09662	-21,62716	90,44126	-20,9718
6640	91,09661	-21,62716	91,09661	-21,62715
6660	90,44125	-21,62716	90,44124	-21,62716
6680	90,44124	-22,28253	87,16439	-23,59323
6700	57,67297	-28,18071	22,93851	-32,11284
6720	-16,38341	-35,38964	-22,28177	-33,42356
6740	-19,66037	-31,45747	-19,66037	-30,14674
6760	-19,66041	-30,14675	-19,00508	-28,83602
6780	-19,0051	-29,49138	-18,34976	-28,18066
6800	-18,34977	-28,18067	-18,34978	-27,5253
6820	-17,69443	-28,18067	-17,69443	-26,86995
6840	-17,69444	-27,52531	-17,69444	-27,52531
6860	-17,03909	-28,18068	-16,38374	-28,18068
6880	-15,72839	-28,83605	-15,07304	-28,83605
6900	-14,41769	-28,83605	-13,76234	-28,83605
6920	-12,45166	-26,86992	-13,10706	-24,24844
6940	-13,1071	-24,24845	-12,45174	-23,59308
6960	-11,79639	-24,24845	-11,14105	-24,24844
6980	-10,4857	-24,24846	-9,83035	-23,59309
7000	-9,83036	-24,24847	-8,51965	-24,24847
7020	-8,51965	-24,24848	-8,51966	-23,59312
7040	-8,51966	-23,59312	-7,8643	-23,59313
7060	-7,86429	-24,24849	-7,86429	-24,24848
7080	-7,86429	-24,90385	-7,86429	-24,90385
7100	-7,86429	-26,21457	-7,86429	-26,86993
7120	-7,86429	-27,52529	-7,86429	-27,52529
7140	-7,8643	-28,18065	-7,8643	-28,18065
7160	-8,51966	-28,83601	-7,86431	-28,18065
7180	-8,51966	-28,83601	-8,51966	-27,52529
7200	-8,51967	-28,18065	-8,51967	-27,52529
7220	-8,51967	-28,18066	-9,17504	-27,5253
7240	-9,17504	-28,83603	-9,83041	-28,83603
7260	-7,86423	-28,83607	-3,27653	-28,18073
7280	0,65573000000001	-28,83611	-0,65501999999999	-28,18073
7300	-1,3104	-28,18074	-0,65503999999999	-28,18074
7320	-1,3104	-28,8361	-1,3104	-28,8361
7340	-1,3104	-29,49146	-1,3104	-28,18074
7360	-1,3104	-28,83611	-1,3104	-28,18075
7380	-1,3104	-29,49147	-1,3104	-28,83611
7400	-1,3104	-29,49148	-1,3104	-29,49147
7420	-1,3104	-30,14684	-1,3104	-29,49148
7440	-1,3104	-30,14684	-1,96577	-30,14683
7460	-1,96576	-30,14684	-1,96576	-30,14684
7480	-1,96576	-30,80221	-2,62113	-30,8022
7500	-1,96577	-31,45757	-2,62112	-30,80221
7520	-2,62113	-31,45757	-2,62112	-30,80221
7540	-3,27648	-31,45757	-3,27649	-30,80221
7560	-3,93185	-32,11294	-3,93185	-32,11294
7580	-2,62112	-33,42368	19,00593	-31,45761
7600	30,80258	-31,45763	34,07946	-32,11299
7620	33,42404	-32,11299	34,0794	-32,76835
7640	34,73475	-33,42372	35,3901	-32,76835
7660	35,39009	-33,42371	35,39009	-32,76835
7680	35,39009	-33,42371	34,73472	-32,76834
7700	35,39009	-32,76835	34,73472	-32,76835
7720	35,39008	-33,42372	35,39008	-32,76835
7740	35,39008	-34,07908	36,04545	-33,42373
7760	36,04544	-34,07909	36,70081	-34,07908
7780	36,7008	-34,73445	36,7008	-34,07908
7800	36,7008	-35,38982	36,70081	-34,73445
7820	36,70081	-35,38982	36,70081	-35,38982
7840	36,70082	-35,38981	36,70081	-35,38981
7860	36,70082	-36,04518	36,70082	-35,38982
7880	36,70337	-36,04518	36,70082	-36,04518
7900	25,55961	-38,66659	6,55405	-38,0112
7920	1,96648	-38,66657	2,62185	-36,70048
7940	3,2772	-36,70049	2,62182	-36,04512
7960	3,27717	-36,70048	3,27717	-36,70048
7980	3,93252	-37,35585	3,93252	-36,70048
8000	3,93252	-36,70049	3,93252	-36,70049
8020	3,93252	-36,70049	3,93252	-36,70048
8040	3,93252	-36,69949	3,93252	-36,04512
8060	3,93252	-36,70049	3,93251	-36,04513
8080	3,93252	-36,70049	3,27715	-36,04512
8100	3,27715	-36,70049	3,93251	-36,04512
8120	3,27715	-36,70045	3,27714	-36,04512
8140	3,27715	-36,70049	2,62179	-36,04512
8160	2,62179	-36,70049	2,62179	-36,70049
8180	2,62179	-36,70049	2,62178	-36,70049
8200	16,38443	-37,35588	32,76865	-36,70054
8220	38,01164	-36,70056	37,35627	-36,04518
8240	36,70088	-36,70054	37,35624	-35,38981
8260	36,70088	-36,04518	36,70087	-36,04517
8280	36,70086	-36,04518	36,70087	-36,04517
8300	36,70087	-36,04518	36,0455	-35,38981
8320	36,70086	-36,04518	36,0455	-35,38981
8340	36,0455	-35,38982	36,04551	-36,04518
8360	36,70087	-36,70055	37,35622	-36,04519
8380	38,01157	-37,35592	38,66692	-37,35593
8400	43,90986	-36,70058	56,36195	-33,42376
8420	63,57105	-34,07913	62,9157	-33,42375
8440	61,60493	-32,7684	62,91565	-32,76839
8460	62,91566	-32,76839	63,57101	-32,76839
8480	63,571	-33,42376	64,22636	-32,7684
8500	64,88173	-32,7684	64,88173	-32,11304
8520	65,5371	-32,11304	65,53709	-30,80231
8540	65,53709	-31,45767	65,53709	-30,8023
8560	65,5371	-30,14694	65,5371	-29,49157
8580	65,53709	-30,14694	65,5371	-30,14693
8600	64,88173	-31,45766	48,49756	-32,76833
8620	15,07392	-34,73434	-21,62651	-38,6665
8640	-25,55872	-40,63261	-22,9373	-36,70044
8660	-22,28193	-36,04508	-22,28196	-34,73435
8680	-21,62662	-34,73435	-20,97127	-34,07899
8700	-20,97128	-34,07899	-20,31594	-32,76826
8720	-20,31595	-33,42363	-20,31595	-32,1129
8740	-20,31596	-32,1129	-20,31595	-31,45754
8760	-20,31596	-31,45754	-20,31596	-31,45754
8780	-20,31596	-31,45754	-19,00525	-28,83607
8800	-19,00527	-26,2146	-18,34992	-26,21459
8820	-18,34993	-26,86996	-18,34994	-26,86996
8840	-18,34995	-27,52531	-19,00532	-27,52531
8860	-18,34996	-28,18068	-18,34996	-28,18067
8880	-18,34997	-28,83604	-18,34997	-29,49139
8900	-18,34998	-29,4914	-19,00534	-29,4914
8920	-19,00533	-30,14677	-19,00533	-30,14677
8940	-19,00534	-30,80213	-19,00534	-30,80213
8960	-19,66069	-31,45749	-19,6607	-31,45749
8980	-19,6607	-32,11286	-19,66068	-32,76823
9000	-13,10694	-33,42363	-5,24251	-34,07901
9020	-5,24251	-35,38973	-5,89791	-35,38972
9040	-5,24255	-36,04509	-3,93183	-36,04508
9060	-3,93184	-36,70045	-3,27649	-36,04509
9080	-3,93186	-37,35581	-3,93185	-36,70044
9100	-3,27649	-37,35581	-3,27649	-36,70045
9120	-3,93185	-37,35581	-3,27649	-37,35582
9140	-3,27649	-38,01119	-2,62112	-38,66655
9160	-2,62112	-39,32192	-1,96576	-39,32191
9180	-2,62112	-39,32192	-2,62113	-39,32192
9200	-2,62113	-39,97728	-2,62113	-39,97728
9220	-2,62113	-40,63265	-2,62113	-40,63265
9240	-2,62113	-40,63266	-2,62114	-41,28802
9260	-1,31041	-41,28803	25,55956	-39,32196
9280	38,01163	-39,32198	39,97781	-39,97734
9300	39,3224	-39,97734	39,97774	-39,32198
9320	39,97774	-39,97735	40,63309	-39,32198
9340	40,63308	-39,97735	40,63308	-39,97735
9360	39,97772	-39,97736	40,63308	-39,97735
9380	40,63307	-39,97736	40,63307	-39,97735
9400	39,97772	-39,97736	40,63308	-39,97735
9420	40,63308	-40,63272	39,97772	-39,97735
9440	39,97772	-39,97736	39,97772	-39,97735
9460	39,97772	-40,63272	39,97772	-39,97735
9480	39,97772	-40,63272	39,32237	-40,63272
9500	39,32237	-41,28809	39,32238	-41,94345
9520	39,32238	-42,59882	38,66702	-42,59882
9540	38,66702	-43,25418	38,66703	-42,59882
9560	38,01167	-43,25419	38,01167	-43,25419
9580	38,01167	-43,90955	33,4241	-44,56489
9600	13,10779	-45,87557	-7,20852	-45,87555
9620	-7,8639	-45,87556	-6,55317	-44,56484
9640	-6,55318	-44,56485	-6,5532	-44,56484
9660	-5,89785	-45,87557	-4,58714	-45,87557
9680	-3,93178	-45,87559	-3,27643	-46,53095
9700	-3,27644	-46,53095	-2,62108	-46,53095
9720	-3,27645	-46,53095	-3,27645	-45,87558
9740	-3,27645	-45,87558	-3,27645	-45,22022
9760	-3,27646	-45,87558	-3,27646	-45,22022
9780	-3,27645	-45,22022	-2,62109	-45,22022
9800	-2,62109	-45,87559	-1,96573	-45,87559
9820	-1,96573	-45,87559	-1,96572	-45,22023
9840	-1,96572	-45,8756	-1,96572	-45,87559
9860	-2,62107	-46,53096	-1,96571	-45,87453
9880	-1,96572	-46,53096	-1,96572	-45,87559
9900	-1,96572	-46,53096	-1,96572	-45,8756
9920	-1,96571	-46,53096	-1,96571	-46,53096
9940	-1,96572	-47,18632	-1,96572	-46,53095
9960	-1,96572	-47,18632	-1,31037	-47,18632
9980	-1,96572	-47,18633	-1,96572	-46,53096
10000	-1,96572	-47,18633	-1,96572	-46,53096
10020	-1,96573	-47,18632	-1,96573	-47,18633
10040	-1,96572	-47,84169	-2,62108	-47,18633
10060	-2,62108	-47,84169	-1,96572	-47,18633
10080	-2,62108	-47,8417	-2,62107	-47,18633
10100	-2,62108	-48,49705	-2,62108	-48,49706
10120	17,03986	-48,49709	30,14722	-47,84173
10140	33,42411	-48,4971	32,11335	-47,84173
10160	31,45798	-48,4971	32,11335	-47,84173
10180	32,11335	-47,84173	32,11335	-47,84173
10200	32,11335	-47,84174	32,11335	-48,4971
10220	32,11335	-48,4971	32,11335	-47,84173
10240	31,45798	-47,84173	31,45799	-47,84173
10260	30,80263	-47,84173	31,45799	-47,18637
10280	30,14727	-47,84173	30,80263	-47,18637
10300	30,14727	-47,18637	30,14727	-47,18637
10320	30,80263	-47,84174	30,80263	-47,18638
10340	31,45799	-47,84174	32,11334	-47,84174
10360	32,7687	-48,49711	32,7687	-47,84175
10380	33,42405	-47,84175	34,07941	-47,18638
10400	34,0794	-47,84174	36,0455	-46,53102
10420	46,53143	-44,56495	56,36202	-42,59887
10440	57,01743	-43,25423	56,36203	-43,25422
10460	57,01738	-43,25422	57,67275	-43,25422
10480	57,67275	-43,25422	57,67275	-43,25422
10500	57,67274	-43,90959	57,67275	-43,25422
10520	57,67275	-43,25422	57,67275	-43,25422
10540	57,67275	-43,90958	57,67275	-43,25422
10560	57,67274	-43,90958	57,67275	-43,25422
10580	58,32811	-43,25422	58,32811	-42,59886
10600	58,32811	-43,25423	58,32811	-43,25423
10620	58,98347	-43,90959	58,98346	-43,25422
10640	58,3281	-44,56496	65,53715	-43,25425
10660	71,43549	-43,25426	72,09088	-43,90961
10680	71,43548	-43,90961	71,43548	-43,25425
10700	72,09083	-43,90961	71,43547	-43,25424
10720	72,09083	-44,56497	72,09083	-43,25424
10740	72,09083	-43,9096	72,09083	-43,90959
10760	72,09083	-43,9096	72,09083	-43,25423
10780	72,09083	-43,25424	71,43547	-43,25423
10800	71,43547	-43,9096	71,43547	-43,25423
10820	77,33378	-43,25423	85,85362	-40,63278
10840	91,75196	-41,28816	91,75195	-40,63278
10860	91,09658	-40,63278	91,09659	-39,97742
10880	91,09659	-39,97742	90,44123	-39,97741
10900	90,44123	-39,97742	91,09659	-39,97741
10920	90,44123	-39,97742	90,44123	-39,32205
10940	90,44123	-39,32205	89,78587	-38,66668
10960	89,78586	-39,32205	89,78587	-38,01131
10980	89,78588	-38,66668	89,78587	-38,01132
11000	89,78589	-38,66668	98,30571	-36,04523
11020	104,20407	-36,04523	106,1702	-35,38986
11040	105,51481	-36,04522	106,17017	-35,38986
11060	106,82553	-36,04523	-59,63591	-35,38986
11080	107,48088	-35,38987	107,48088	-34,7345
11100	107,48087	-34,7345	107,48087	-34,07913
11120	106,82551	-33,42377	106,82552	-32,76841
11140	106,82551	-33,42377	106,82551	-32,7684
11160	107,48087	-33,42376	107,48088	-33,42376
11180	107,48087	-33,42376	107,48087	-33,42376
11200	108,13622	-34,07913	108,13622	-34,07912
11220	107,48085	-36,70057	84,54304	-39,97731
11240	45,22105	-43,25407	9,17583	-46,53085
11260	-24,9031	-48,49693	-24,90319	-45,22012
11280	-23,59246	-44,56476	-23,59247	-43,9094
11300	-23,59251	-44,56476	-22,28181	-43,90941
11320	-22,28182	-44,56477	-20,97112	-43,90942
11340	-20,97113	-44,56479	-20,97113	-44,56479
11360	-20,31578	-44,56479	-20,31579	-43,90943
11380	-20,3158	-44,5648	-20,31581	-44,5648
11400	-19,66046	-44,5648	-19,66047	-45,22016
11420	-19,66048	-45,22017	-19,66047	-44,56481
11440	-19,00512	-45,87555	-19,66048	-45,22018
11460	-19,00513	-45,22019	-19,00514	-45,22018
11480	-19,6605	-45,87555	-19,6605	-45,22019
11500	-19,66051	-45,87556	-20,31587	-45,22019
11520	-20,31588	-46,53092	-20,97125	-45,87556
11540	-20,31588	-46,53093	-1,96564	-44,56487
11560	19,66143	-45,22026	22,93832	-45,87562
11580	22,28292	-46,53098	21,62754	-46,53098
11600	22,28291	-47,84171	22,93827	-47,84171
11620	22,28291	-49,15244	22,28291	-49,80779
11640	22,2829	-50,46315	22,2829	-50,46315
11660	22,2829	-51,11852	22,2829	-51,11852
11680	22,2829	-52,42925	21,62754	-51,77388
11700	21,62753	-52,42925	21,62753	-52,42925
11720	22,28288	-53,08462	22,93824	-51,7739
11740	23,5936	-52,42927	24,24895	-51,11855
11760	24,24894	-51,11856	24,24894	-49,80783
11780	24,24894	-49,80783	24,24894	-49,15247
11800	24,24894	-48,49711	24,24895	-48,49711
11820	24,9043	-48,49712	24,90431	-47,84176
11840	25,55967	-48,49713	26,21504	-49,15248
11860	29,49186	-49,80787	47,18685	-47,84178
11880	65,53727	-48,49717	71,4357	-48,49716
11900	70,12494	-48,49717	69,46956	-48,49716
11920	70,12494	-48,49716	70,78031	-47,8418
11940	70,78031	-49,8079	70,7803	-49,80789
11960	71,43567	-49,8079	71,43567	-49,8079
11980	72,09104	-51,11863	72,7464	-50,46327
12000	72,7464	-51,11864	72,7464	-51,77401
12020	73,40175	-53,08474	72,7464	-53,08473
12040	73,40176	-53,7401	73,40176	-53,08475
12060	74,05712	-53,74012	74,05711	-53,08475
12080	70,1249	-54,39546	48,49782	-56,36148
12100	33,42434	-57,01683	29,49211	-57,01683
12120	30,80283	-56,36149	30,80283	-55,70612
12140	30,8028	-55,70613	31,45815	-55,70613
12160	31,45814	-55,70613	32,11349	-55,05078
12180	32,11348	-55,05078	32,11348	-54,39541
12200	32,11348	-54,39542	32,76884	-54,39542
12220	32,76883	-54,39542	32,76883	-53,74006
12240	32,76882	-53,74006	32,76882	-53,74006
12260	32,76882	-53,74006	33,42417	-53,08469
12280	32,7688	-52,42933	32,7688	-52,42932
12300	32,11344	-52,42933	32,11343	-51,77396
12320	34,07952	-52,42934	51,11913	-49,15253
12340	70,12491	-47,18647	77,98943	-46,5311
12360	77,33405	-47,18647	77,33401	-47,18647
12380	78,64472	-47,84184	79,95543	-47,18648
12400	79,95542	-47,84184	80,61077	-47,84184
12420	81,26613	-47,84185	81,26612	-47,18649
12440	81,26612	-47,18649	81,92147	-47,18649
12460	81,92146	-47,1865	81,92146	-47,1865
12480	82,57682	-47,84186	83,23218	-47,1865
12500	83,23217	-47,84186	83,88752	-47,84186
12520	83,88752	-48,49723	84,54289	-47,84187
12540	84,54289	-48,49723	85,19824	-48,49723
12560	85,19824	-48,49723	85,19824	-48,49723
12580	85,19823	-48,49724	85,19824	-48,49724
12600	85,8536	-49,15261	85,85359	-49,1526
12620	85,85359	-49,80797	93,71798	-47,84189
12640	105,5147	-45,8758	112,06845	-45,87579
12660	111,41308	-46,53116	111,41304	-46,53115
12680	111,41304	-45,8758	112,06841	-45,87579
12700	112,0684	-46,53116	112,72376	-45,22044
12720	112,72375	-45,8758	113,37912	-45,22043
12740	113,37911	-45,8758	114,03447	-45,22044
12760	114,03446	-45,8758	114,03447	-44,56507
12780	113,37911	-45,22043	114,03447	-44,56507
12800	106,17007	-46,53113	72,09107	-50,46321
12820	32,11368	-54,39535	1,96679	-55,05068
12840	-15,72807	-53,08458	-14,41737	-49,15241
12860	-14,41736	-48,49705	-14,41739	-46,53096
12880	-13,76205	-45,8756	-13,76207	-43,90951
12900	-12,45137	-43,25415	-12,45138	-42,59878
12920	-11,79603	-42,59878	-11,79604	-41,94342
12940	-11,1407	-41,94342	-10,48536	-41,28805
12960	-10,48536	-40,63269	-10,48537	-39,97733
12980	-9,83001	-40,6327	-10,48538	-39,97733
13000	-9,83003	-39,97734	-9,17467	-39,97733
13020	-9,17468	-39,97734	-9,17468	-39,97733
13040	-15,72833	-42,59878	-17,03908	-42,59878
13060	-15,07301	-43,25415	-13,76228	-43,25414
13080	-13,7623	-43,9095	-13,7623	-43,90949
13100	-13,76231	-44,56486	-13,76231	-43,90949
13120	-13,10696	-44,56486	-13,76232	-43,90949
13140	-13,76232	-43,9095	-13,10696	-43,90949
13160	-13,10696	-44,56486	-12,45161	-44,56486
13180	-12,45161	-45,22022	-11,79625	-44,56486
13200	-11,79625	-45,22023	-11,1409	-45,22024
13220	1,96644	-45,22027	24,24885	-44,56493
13240	29,49183	-45,22031	28,83644	-45,22029
13260	28,18106	-45,2203	28,83643	-45,22029
13280	29,49179	-46,53102	29,49179	-46,53102
13300	29,49179	-47,1864	28,83644	-47,18639
13320	29,4918	-47,84177	29,4918	-47,1864
13340	29,4918	-47,84177	29,49179	-47,1864
13360	29,4918	-47,84177	29,49179	-47,18641
13380	28,83644	-47,84178	28,83643	-48,49713
13400	28,83643	-49,1525	32,11324	-48,49715
13420	42,59915	-47,18643	46,53139	-46,53108
13440	46,53138	-47,18644	45,87599	-47,18643
13460	45,876	-47,18643	46,53136	-47,18643
13480	45,876	-47,84179	45,876	-47,84179
13500	45,22064	-49,15252	45,876	-48,49715
13520	45,876	-49,15252	45,876	-49,15251
13540	45,22064	-49,80788	45,22064	-49,80788
13560	45,22065	-49,80789	45,22065	-49,80788
13580	45,22065	-50,46325	44,56529	-51,11861
13600	44,56529	-52,42934	44,56529	-51,77399
13620	44,5653	-52,42934	43,90993	-51,77398
13640	43,90993	-52,42935	43,90993	-52,42935
13660	43,25457	-53,74007	43,90993	-53,08471
13680	43,25457	-54,39545	32,76872	-55,05076
13700	19,00603	-55,05073	15,72917	-54,39538
13720	17,0399	-54,39539	17,69528	-53,74003
13740	16,38454	-54,3954	17,03989	-54,39539
13760	18,35315	-55,05076	19,00596	-55,05077
13780	20,31667	-55,70614	20,31666	-55,70613
13800	21,62738	-56,3615	21,62738	-55,70613
13820	22,28273	-56,3615	22,28273	-55,70613
13840	22,28272	-55,70614	22,28272	-55,70613
13860	22,28273	-55,70614	22,28273	-56,3615
13880	22,28272	-57,01687	22,93807	-58,3276
13900	22,93807	-58,98297	23,59343	-58,98296
13920	23,59344	-60,29369	23,59343	-60,29369
13940	23,59343	-62,2598	34,73467	-62,25982
13960	50,46355	-60,94912	59,63876	-60,29377
13980	60,29413	-60,94913	59,63874	-60,94912
14000	59,63873	-60,94912	60,29409	-60,29377
14020	60,29408	-60,94913	60,94943	-60,94912
14040	60,94943	-60,94914	61,60479	-60,94913
14060	61,60477	-60,94914	61,60477	-60,29377
14080	62,26013	-60,29378	62,26013	-59,63841
14100	62,26013	-59,63842	62,26013	-59,63842
14120	62,26012	-60,29378	62,9155	-59,63843
14140	70,77991	-58,32772	74,05677	-58,32772
14160	74,05677	-58,98307	74,05675	-57,67235
14180	74,05676	-58,98307	74,05676	-57,67235
14200	74,05675	-58,3277	74,05675	-58,32771
14220	74,05674	-58,32771	74,05675	-57,67234
14240	74,05675	-58,32771	74,05675	-57,67234
14260	74,05675	-57,67234	74,05675	-57,01698
14280	74,05674	-58,32771	74,7121	-58,98307
14300	74,05672	-61,60453	75,3674	-66,84741
14320	88,47443	-76,67781	100,92609	-96,33858
14340	119,27611	-116,65463	125,17423	-120,58653
14360	128,4511	-115,99871	122,5529	-107,47871
14380	122,553	-99,61406	119,93165	-89,78365
14400	115,99955	-81,26397	114,03353	-73,39965
14420	113,37814	-68,15677	113,37811	-62,91389
14440	113,37809	-59,63709	114,68876	-56,36029
14460	115,34402	-53,08349	115,34387	-47,84061
14480	109,44543	-49,80669	98,30422	-53,08349
14500	96,99357	-50,46205	93,71697	-40,63168
14520	87,8189	-31,45685	80,61016	-20,31583
14540	79,95493	-7,2086	79,95501	7,20944
14560	78,64437	20,31675	77,33371	34,07939
14580	76,67837	46,53123	76,02303	49,15267
14600	74,71232	48,49731	73,40161	49,15267
14620	72,09089	48,49731	70,78017	49,15267
14640	69,46944	48,49731	68,15872	49,15267
14660	66,84801	48,49731	66,19265	49,15267
14680	65,53729	48,49731	64,88193	49,15267
14700	64,22657	48,49731	63,57122	49,15267
14720	63,57121	48,49731	64,2266	49,15267
14740	77,33419	48,49731	96,34005	49,15267
14760	102,23847	48,49731	100,92769	49,15267
14780	100,92766	48,49731	101,58303	49,15267
14800	101,58303	48,49731	100,92766	49,15267
14820	100,92766	48,49731	100,2723	49,15267
14840	100,2723	48,49731	100,2723	49,15267
14860	100,2723	48,49731	99,61694	49,15267
14880	99,61694	48,49731	99,61694	49,15267
14900	98,96159	48,49731	98,96159	49,15267
14920	98,96158	48,49731	98,96158	49,15267
14940	99,61693	48,49731	99,61693	49,15267
14960	99,61692	48,49731	99,61693	49,15267
14980	99,61692	48,49731	99,61691	49,15267
15000	100,27227	48,49731	100,27226	49,15267
15020	100,27225	48,49731	100,27224	49,15267
15040	100,92759	48,49731	101,58294	49,15267
15060	102,23829	48,49731	102,89364	49,15267
15080	103,54899	48,49731	103,54899	49,15267
15100	105,51506	48,49731	106,82577	49,15267
15120	107,48112	48,49731	109,44719	49,15267
15140	110,7579	48,49731	112,06862	49,15267
15160	113,37933	48,49731	115,3454	49,15267
15180	116,65611	48,49731	118,62217	49,15267
15200	119,93287	48,49731	121,24359	49,15267
15220	123,20966	48,49731	124,52036	49,15267
15240	124,52035	48,49731	125,17574	49,15267
15260	129,76332	48,49677	136,97228	9,17474
15280	142,87049	-12,45237	146,80254	-13,7631
15300	148,11321	-16,38457	149,42388	-17,69529
15320	149,42385	-19,00603	150,07918	-19,00603
15340	150,73452	-19,00603	150,7345	-17,6953
15360	151,38985	-18,35067	152,04519	-17,69531
15380	151,38982	-18,35067	152,04517	-18,35067
15400	152,04515	-18,35068	151,38978	-18,35067
15420	151,38978	-18,35068	150,73441	-18,35067
15440	151,38976	-18,35068	150,73439	-17,69531
15460	149,42367	-18,35068	150,07901	-18,35068
15480	149,42365	-19,00604	150,07901	-18,35067
15500	149,42364	-19,00603	149,42364	-19,00602
15520	148,11291	-19,66139	149,42364	-19,00602
15540	148,76827	-19,00602	148,76827	-19,00602
15560	148,11292	-19,66138	148,11292	-19,00601
15580	147,45756	-19,66138	147,45756	-19,00601
15600	146,80219	-20,31673	146,8022	-20,31673
15620	134,35025	-25,5596	104,85886	-33,42394
15640	88,47463	-37,35612	87,16387	-36,70076
15660	89,12995	-36,0454	88,47458	-36,04539
15680	88,47456	-36,0454	87,81919	-36,0454
15700	88,47455	-36,70077	88,47454	-36,04541
15720	88,47453	-36,70077	89,12988	-37,35613
15740	90,4406	-37,35614	91,09595	-37,35614
15760	92,40667	-38,01151	92,40667	-38,0115
15780	92,40666	-38,01151	92,40666	-37,35615
15800	93,06201	-38,01151	93,06201	-37,35615
15820	92,40665	-37,35615	93,062	-37,35615
15840	93,062	-38,01151	93,06199	-37,35615
15860	94,37271	-38,01152	94,37271	-37,35617
15880	95,02808	-37,35616	95,68344	-37,35616
15900	96,33879	-38,01153	96,33879	-36,7008
15920	96,99415	-36,70081	96,33879	-36,7008
15940	96,33879	-36,70081	96,33878	-37,35617
15960	100,27097	-36,04544	116,65531	-19,66123
15980	138,93804	-1,96622	155,32245	12,45193
16000	162,53164	20,97171	164,49771	27,52535
16020	163,18697	32,76826	163,18699	38,66653
16040	163,187	40,63263	163,18698	41,94336
16060	163,18697	43,25408	163,18697	45,87553
16080	163,18695	47,18626	162,53158	49,15236
16100	162,53158	48,49701	161,87621	49,15238
16120	161,22084	48,49702	161,22084	49,1524
16140	160,56547	48,49704	159,9101	49,15241
16160	159,25475	48,49707	154,66731	49,15259
16180	152,04589	48,49728	152,04588	49,15266
16200	153,35658	48,4973	152,70121	49,15267
16220	152,70121	48,49731	152,04584	49,15267
16240	152,7012	48,4973	152,04584	49,15267
16260	152,70119	48,4973	152,70119	49,15266
16280	152,04582	48,49729	152,70118	49,15266
16300	152,70117	48,49729	152,04581	49,15264
16320	152,70116	48,49726	153,35652	49,15261
16340	153,35651	48,49721	154,01185	49,15251
16360	156,63326	36,70051	158,59927	27,52535
16380	158,59927	24,24855	159,90993	13,10735
16400	161,87591	-6,55358	169,0846	-28,18056
16420	154,01073	-49,15204	138,93672	-63,56972
16440	119,93091	-76,02139	112,7219	-83,88566
16460	106,16827	-82,57485	99,61471	-86,50701
16480	-64,22524	-91,74999	77,33255	-93,71625
16500	62,25936	-93,06112	48,49674	-81,92015
16520	39,3217	-68,81307	23,59309	-57,67202
16540	13,76274	-47,18628	11,79671	-38,01121
16560	9,83065	-30,14687	7,86459	-22,93786
16580	6,55389	-17,03958	5,89853	-11,79666
16600	5,24317	-7,86447	4,58781	-3,93228
16620	3,93245	-1,31082	3,93245	-9,0000000000146E-5
16640	3,27709	0,65527	3,27708	1,31064
16660	3,27708	1,96601	3,27708	3,27673
16680	3,27708	2,62137	3,93244	3,27674
16700	3,93244	3,27674	3,27707	3,27674
16720	3,27707	2,62137	3,27707	-3,27688
16740	3,93243	-15,72877	5,89851	-20,31635
16760	4,58787	-17,03951	4,5879	-13,10733
16780	3,27719	-8,51978	2,6244	-4,58759
16800	1,9665	-1,31078	1,31113	1,96605
16820	0,65576	3,27678	0,65574000000001	5,89824
16840	0,00037000000000376	7,20896	-0,65499999999999	8,51969
16860	10,48616	11,14113	46,53126	20,31624
16880	63,57093	22,93769	66,84783	24,24842
16900	66,19241	25,55914	66,19238	26,21451
16920	66,84775	25,55914	66,84773	25,55914
16940	66,19236	24,90377	66,84771	24,24841
16960	66,84771	24,2484	66,8477	24,24841
16980	66,19233	24,2484	66,19233	24,24841
17000	65,53696	24,2484	65,53696	24,2484
17020	65,53695	23,59303	65,53695	24,90375
17040	64,88159	24,90376	64,88159	24,90376
17060	64,22623	24,90375	64,22623	25,55911
17080	66,84771	24,90374	76,02293	26,21446
17100	79,29981	25,55909	77,98907	25,5591
17120	77,33368	25,5591	77,98906	26,21446
17140	77,98905	25,5591	78,64441	25,5591
17160	77,98905	23,59301	77,98904	22,93765
17180	76,67832	23,59302	76,02295	24,24839
17200	74,71222	24,24839	74,05686	24,90376
17220	72,74613	24,90376	72,09075	25,55913
17240	70,12466	24,90376	69,46928	25,55913
17260	68,15854	25,55914	67,50316	26,2145
17280	66,84778	25,55914	66,1924	24,90378
17300	65,53702	23,59305	64,88164	22,28233
17320	64,22625	19,00551	63,57086	9,83045
17340	69,469	-8,51969	84,54205	-35,38956
17360	96,33832	-63,57013	115,34356	-83,23087
17380	131,07213	-91,75047	143,52405	-92,40574
17400	150,73317	-93,0611	153,35479	-91,09501
17420	152,69964	-90,43966	152,69985	-89,78438
17440	150,73396	-87,16303	148,76794	-86,50772
17460	148,76796	-80,60954	151,38948	-70,12385
17480	150,07886	-60,29352	148,11287	-51,77387
17500	147,45759	-43,90952	147,45765	-34,73444
17520	146,80234	48,49633	146,14702	-19,0057
17540	144,83633	-13,76278	144,18099	-7,86451
17560	142,87028	-7,20913	142,21492	-3,27696
17580	141,55958	-0,00014000000000181	140,90423	3,93205
17600	140,24887	6,55351	139,59351	9,83033
17620	138,93816	11,14106	138,2828	13,10716
17640	137,62744	13,76252	137,62744	15,07325
17660	137,62745	15,07325	136,97209	16,38397
17680	136,97209	16,38397	136,31673	15,72862
17700	136,31672	15,07325	140,24899	22,28232
17720	142,8707	33,42362	146,80481	41,28804
17740	145,49235	48,49711	145,49231	49,15251
17760	145,4923	48,49719	144,83693	49,15259
17780	144,18156	48,49725	143,52619	49,15262
17800	143,52619	48,49727	142,87082	49,15265
17820	142,87082	48,49729	142,87082	49,15267
17840	142,87081	48,4973	143,52617	49,15267
17860	143,52617	48,49731	144,18153	49,15267
17880	144,18152	48,49731	144,18152	49,15267
17900	144,18152	48,49731	144,18151	49,15267
17920	144,18151	48,49731	143,52614	49,15267
17940	143,52614	48,49731	143,52614	49,15267
17960	143,52614	48,49731	142,87077	49,15267
17980	144,18149	48,49731	144,83685	49,15267
18000	144,18148	48,49731	144,83684	49,15267
18020	144,83684	48,49731	145,4922	49,15267
18040	144,18147	48,49731	144,83683	49,15267
18060	145,49219	48,49731	145,49218	49,15267
18080	146,14754	48,49731	146,80289	49,15266
18100	148,1136	48,49727	148,76895	49,15262
18120	140,9045	48,49719	103,54858	49,15251
18140	58,98355	48,49716	12,45249	49,15257
18160	4,5878	48,49725	-14,41791	49,15265
18180	-14,41811	48,49731	-11,79676	49,15267
18200	-11,1414	48,49731	-11,14144	49,15267
18220	-10,48611	48,49731	-10,48612	49,15267
18240	-9,83078	48,49731	-10,48615	49,15267
18260	-9,8308	48,49731	-10,48617	49,15267
18280	-9,83082	48,49731	-9,83082	49,15267
18300	-9,83083	48,49731	-9,83083	49,15267
18320	-9,17549	48,49731	-9,17549	49,15267
18340	-9,17549	48,49731	-9,1755	49,15267
18360	-9,83087	48,49731	-9,83087	49,15267
18380	-10,48623	48,49731	-11,79701	49,15267
18400	-15,72934	48,49731	-15,72957	49,15267
18420	-15,72957	48,49731	-14,41885	49,15267
18440	-15,07421	48,49731	-15,07421	49,15267
18460	-15,07421	48,49731	-14,41885	49,15267
18480	-13,76349	48,49731	-13,10813	49,15267
18500	-12,45277	48,49731	-12,45277	49,15267
18520	-12,45277	48,49731	-12,45277	49,15267
18540	-12,45277	48,49731	-12,45277	49,15267
18560	-12,45277	48,49731	-13,10813	49,15267
18580	-13,10813	48,49731	-12,45277	49,15267
18600	-12,45277	48,49731	-12,45277	49,15267
18620	-12,45277	48,49731	-12,45277	49,15267
18640	-12,45277	48,49731	-12,45277	49,15267
18660	-12,45277	48,49731	-12,45277	49,15267
18680	-12,45277	48,49731	-13,10813	49,15267
18700	-13,10813	48,49731	-13,10813	49,15267
18720	-13,10813	48,49731	-13,10813	49,15267
18740	-13,10813	48,49731	-13,10813	49,15267
18760	-13,10813	48,49731	-13,10813	49,15267
18780	-13,10813	48,49731	-13,10813	49,15267
18800	-13,10813	48,49731	-10,48669	49,15267
18820	-5,24381	48,49731	-3,93309	49,15267
18840	-3,93309	48,49731	-3,93309	49,15267
18860	-4,58845	48,49731	-4,58845	49,15267
18880	-5,24381	48,49731	-5,24381	49,15267
18900	-5,89917	48,49731	-6,55453	49,15267
18920	-6,55453	48,49731	-7,20989	49,15267
18940	-7,86525	48,49731	-7,86525	49,15267
18960	-7,86525	48,49731	-8,52061	49,15267
18980	-8,52061	48,49731	-8,52061	49,15267
19000	-9,83133	48,49731	-9,17597	49,15267
19020	-9,83133	48,49731	-9,17597	49,15267
19040	-7,86525	28,83651	1,30979	1,96675
19060	28,83491	-21,62621	61,60291	-47,84061
19080	85,19587	-66,84605	103,54595	-72,74429
19100	117,96398	-72,74429	128,44999	-70,12285
19120	133,69317	-68,15677	136,31489	-63,56925
19140	136,9706	-62,25853	138,93693	-60,29245
19160	141,5585	-60,29245	144,18009	-57,67101
19180	147,45695	-55,04957	145,49094	-52,42813
19200	142,86957	-55,04957	138,93741	-59,63715
19220	131,72841	-62,25888	115,99981	-65,5359
19240	119,2767	-57,01635	118,62138	-48,49677
19260	116,65541	-41,28791	116,65548	-36,04506
19280	115,34479	-36,04505	121,24287	-40,63251
19300	140,24794	-57,67176	155,32123	-70,12371
19320	157,94335	-85,1972	142,87074	-91,7509
19340	129,76385	-81,92041	110,10321	-67,50229
19360	91,75325	-49,80738	75,36923	-32,11254
19380	60,29591	-12,45165	49,81004	3,93237
19400	38,66877	13,76268	29,49381	15,07335
19420	19,66343	12,45184	16,38673	7,8643
19440	26,87251	-3,27675	38,66891	-16,38386
19460	56,36338	-29,49102	72,74704	-42,59819
19480	81,92176	-60,94839	82,57686	-76,67736
19500	82,57659	-89,12941	78,64426	-95,02774
19520	64,22639	-96,99391	67,50324	-91,75109
19540	66,19258	-85,8529	65,53725	-80,61005
19560	64,22656	-79,9547	64,88189	-82,57613
19580	79,95495	-86,50829	93,062	-97,64922
19600	121,24259	-103,54728	117,31091	-106,82365
19620	110,10271	-106,82351	93,06383	-100,92517
19640	80,61228	-96,33755	68,81595	-91,09459
19660	60,2963	-89,12845	54,39799	-87,81766
19680	55,70855	-89,78372	62,2619	-95,02653
19700	74,7135	-99,61405	86,50959	-100,92477
19720	93,71833	-104,20157	101,58242	-109,44452
19740	103,54825	-117,96448	100,92648	-124,51846
19760	95,02803	-128,451	75,36718	-131,72804
19780	76,02262	-125,82996	76,67801	-116,655
19800	76,02271	-107,48001	73,40132	-98,305
19820	69,46923	-89,12996	66,19251	-79,95488
19840	60,94968	-76,0227	57,6729	-74,71202
19860	54,39615	-68,15841	51,11941	-59,63867
19880	50,46409	-55,05112	51,77483	-55,05107
19900	54,39624	-57,01717	55,70698	-53,08499
19920	58,32845	-50,46351	61,60523	-48,49742
19940	64,22668	-44,56524	67,50347	-41,28842
19960	69,46952	-39,97769	72,09091	-37,35625
19980	74,05694	-36,7009	64,22635	-34,07935
