T	LX	LY	RX	RY
0	0	0	0	0
20	0,65535	0	0,65537	0
40	0,65535	9,9999999960687E-6	0,65536	0,65536
60	0,65534	9,9999999960687E-6	0,65536	0,65537
80	0,65535	0,65537	0,65536	0,65536
100	-1,0000000003174E-5	0,65537	0	0,65537
120	-1,0000000003174E-5	9,9999999960687E-6	0,65536	0
140	0,65536	-0,65535	0,65537	-0,65536
160	0,65536	-1,31072	0,65537	-1,96608
180	0,65535	-1,96607	0,65537	-1,96608
200	0,65536	-1,31072	0,65537	-0,65536
220	0,65536	-1,31072	0,65537	-1,31072
240	0,65536	-1,31072	0,65537	-1,96608
260	0,65536	-1,96608	0,65537	-1,31072
280	0,65535	-1,96607	0,65537	-1,96608
300	0,65536	-2,62143	0,65537	-1,96608
320	0,65536	-2,62144	0,65537	-1,96608
340	0,65536	-2,62143	0,65538	-1,96608
360	0,65537	-2,62143	0,65538	-1,96608
380	0,65537	-2,62144	3,0000000002417E-5	-3,2768
400	9,9999999960687E-6	-3,2768	3,0000000002417E-5	-2,62144
420	9,9999999960687E-6	-3,2768	-0,65533	-2,62144
440	1,9999999999243E-5	-3,2768	-0,65533	-3,2768
460	-0,65534	-3,93216	-0,65533	-3,2768
480	-1,3107	-3,93216	-1,31069	-3,27681
500	-1,31069	-3,93216	-1,31069	-3,93216
520	-1,3107	-3,93216	-1,31068	-3,27681
540	-1,96605	-3,2768	3,2769	-0,65535
560	7,86451	-0,65534	6,5538	0,65537
580	6,55378	1,31074	6,55379	1,9661
600	6,55378	1,9661	5,89843	1,96609
620	6,55378	1,9661	5,89843	1,96609
640	5,89842	1,9661	5,89843	2,62146
660	5,89843	1,9661	5,89844	2,62146
680	5,89843	1,9661	5,89844	2,62146
700	5,89843	2,62146	5,24309	2,62146
720	5,24307	1,9661	5,24309	1,96609
740	5,89843	1,31073	5,89844	1,0000000003174E-5
760	6,55379	-0,65535	3,27696	-0,65534
780	1,31084	-0,65533	2,62158	1,9999999999243E-5
800	3,27693	-0,65533	3,93231	1,9999999999243E-5
820	3,9323	-0,65534	3,93231	-0,65534
840	14,4182	3,9999999998486E-5	20,31657	3,9999999998486E-5
860	19,6612	3,9999999998486E-5	19,66118	1,31076
880	19,0058	1,31076	19,66118	1,96612
900	19,66117	0,6554	19,66118	1,96612
920	19,66116	1,96612	19,66117	1,96612
940	19,66115	1,96612	19,66116	2,62148
960	19,66115	3,27685	19,66116	3,27684
980	19,66115	2,62149	19,66116	3,27684
1000	19,66114	3,27685	19,66115	3,27684
1020	19,66113	2,62148	19,66115	2,62148
1040	19,00578	2,62148	22,28262	2,62148
1060	34,07929	3,93222	44,56527	4,58759
1080	48,4975	4,5876	48,4975	5,24295
1100	48,49748	5,24295	48,4975	5,89831
1120	49,15285	6,55367	49,15286	6,55367
1140	49,15284	6,55367	49,15286	7,20903
1160	49,15285	7,20903	49,15286	7,86439
1180	49,8082	7,86439	49,80821	8,51975
1200	49,8082	8,51975	49,80821	9,83047
1220	49,8082	9,83047	49,15285	10,48583
1240	49,15284	10,48583	49,15285	10,48583
1260	49,15283	10,48583	49,15284	11,14119
1280	49,15283	10,48583	50,46357	11,14119
1300	62,91559	13,10731	72,74621	13,10732
1320	76,02309	13,76269	76,67844	15,07341
1340	76,02306	15,72878	76,02307	17,0395
1360	76,67841	18,35022	77,33378	20,3163
1380	77,33376	21,62703	77,33376	23,59311
1400	77,33375	24,24847	77,33375	25,55919
1420	77,33373	26,21455	77,33375	28,18064
1440	77,33373	28,836	77,9891	30,14672
1460	77,98908	30,80209	77,98909	32,1128
1480	77,98908	32,76816	77,98909	33,42352
1500	77,98907	33,42352	78,64443	33,42352
1520	78,64442	33,42352	79,29979	34,07889
1540	79,95514	33,42353	79,95514	34,07889
1560	79,95512	34,73425	79,95513	34,73425
1580	79,9551	34,73425	79,95512	35,38961
1600	79,29973	34,73424	78,64438	34,73424
1620	85,19806	34,73426	94,37331	34,73427
1640	99,61629	34,07891	99,6163	34,73427
1660	98,9609	34,73427	98,30556	34,73426
1680	98,9609	34,73426	98,30555	34,73425
1700	98,30554	34,73425	98,30554	34,73425
1720	97,65017	34,07889	96,99481	33,42352
1740	96,9948	32,76816	95,68408	32,11279
1760	95,68406	30,80207	94,37334	30,1467
1780	93,06259	27,52525	93,06259	25,55916
1800	91,75185	20,97162	90,44113	19,00552
1820	89,13039	16,38407	87,81966	14,41798
1840	86,50892	11,14117	84,54285	8,51971
1860	83,23211	5,24291	73,40161	3,0000000002417E-5
1880	40,63316	-11,14111	3,27718	-20,31618
1900	-23,59289	-24,24833	-28,18046	-23,593
1920	-25,55901	-22,28227	-24,24827	-20,97156
1940	-24,90365	-19,66084	-24,90364	-18,35013
1960	-24,2483	-17,0394	-23,59293	-16,38404
1980	-23,59294	-15,07333	-22,93757	-13,76261
2000	-22,93759	-13,10725	-23,59294	-12,45189
2020	-22,93759	-12,45189	-23,59295	-11,14117
2040	-23,59297	-11,14117	-23,59296	-10,48581
2060	-27,52517	-11,79652	-41,28789	-13,7626
2080	-42,59863	-13,7626	-40,63253	-11,79652
2100	-39,97719	-11,14116	-39,97718	-9,83044
2120	-40,63256	-9,83044	-41,28791	-9,17509
2140	-40,63256	-9,83044	-40,63255	-9,83044
2160	-41,28793	-9,83044	-41,28792	-9,83044
2180	-41,28794	-10,4858	-40,63258	-10,48581
2200	-40,6326	-11,14116	-40,6326	-10,4858
2220	-40,63261	-11,79652	-38,6665	-11,14116
2240	-28,83597	-9,83043	-21,62688	-9,83043
2260	-20,31616	-9,83042	-20,97154	-9,17508
2280	-20,97156	-9,17507	-20,97156	-8,51971
2300	-20,97158	-9,17507	-20,97158	-8,51971
2320	-21,62695	-8,51971	-21,62694	-8,51972
2340	-21,62696	-9,17507	-21,62695	-8,51972
2360	-21,62696	-9,17507	-20,97159	-8,51972
2380	-20,97161	-8,51971	-20,97159	-8,51972
2400	-21,62697	-9,17508	-15,07328	-7,86436
2420	0,65559	-6,55363	13,10768	-5,89825
2440	15,72915	-6,55361	15,07378	-5,24291
2460	15,07376	-5,2429	15,72912	-4,58754
2480	15,72911	-3,93218	15,72912	-3,93219
2500	15,7291	-3,93219	15,72911	-3,27683
2520	15,72909	-3,93218	16,38446	-3,27683
2540	16,38445	-3,93219	16,38446	-3,27683
2560	16,38445	-3,27683	16,38446	-3,27683
2580	16,38444	-3,27683	15,72909	-2,62147
2600	16,38444	-2,62147	15,72909	-2,62148
2620	16,38444	-2,62147	15,72908	-1,96612
2640	15,72907	-2,62148	15,72909	-2,62148
2660	18,35053	-1,96612	32,11331	-1,31074
2680	46,53147	-3,27681	54,39595	-2,62145
2700	54,39593	-2,62145	53,74058	-1,96609
2720	54,39592	-1,31073	54,39594	-1,31073
2740	55,05129	-1,31073	55,0513	-0,65538
2760	55,05129	-0,65537	55,05131	-1,9999999999243E-5
2780	55,0513	0,65535	55,05131	0,65534
2800	55,70666	-1,9999999999243E-5	55,70668	1,31071
2820	55,70667	1,31071	56,36204	1,96607
2840	55,70667	1,96607	55,70668	2,62143
2860	56,36203	1,3107	56,36203	1,3107
2880	58,32812	-1,0000000003174E-5	62,91572	0,65536
2900	64,88182	0,65537	65,53718	1,31072
2920	65,53715	0,65535999999999	65,53716	0,65535
2940	64,88179	-1,31073	53,74055	-5,24288
2960	20,97208	-14,41793	-14,4178	-20,31618
2980	-32,76811	-21,62689	-32,11275	-17,69473
3000	-28,83594	-15,72865	-27,52523	-13,76257
3020	-27,52525	-11,79649	-26,86989	-10,48577
3040	-26,21455	-9,17505	-24,90383	-6,55361
3060	-24,90385	-5,89824	-23,59313	-3,2768
3080	-22,93779	-2,62143	-22,93779	-1,31072
3100	-22,93781	-1,31071	-22,9378	-0,65536
3120	-22,93783	-1,31071	-22,28245	-0,65536
3140	-22,28247	-1,31071	-25,55929	-2,62144
3160	-36,0452	-5,24286	-39,32202	-5,24287
3180	-38,01131	-4,58751	-36,70059	-3,27679
3200	-36,7006	-3,27679	-36,70059	-2,62143
3220	-36,7006	-2,62143	-36,70058	-1,96607
3240	-36,04524	-1,96608	-36,04522	-1,96608
3260	-36,04523	-1,96607	-36,04522	-1,31072
3280	-36,7006	-1,96608	-36,70058	-1,31072
3300	-36,7006	-1,31072	-36,70058	-1,31072
3320	-36,7006	-1,96609	-37,35595	-1,31073
3340	-37,35595	-1,31073	-37,35594	-1,31073
3360	-38,01131	-1,96609	-37,35594	-1,96609
3380	-28,83616	-0,65538	-15,07336	-0,65538
3400	-7,20892	-0,65538	-6,55352	-0,65538
3420	-6,55354	-0,65538	-6,55354	-3,0000000002417E-5
3440	-6,55354	-3,0000000002417E-5	-6,55353	-3,0000000002417E-5
3460	-6,55354	-0,65539	-6,55353	-3,9999999998486E-5
3480	-6,55354	-3,9999999998486E-5	-7,20889	-0,6554
3500	-7,2089	-0,6554	-7,20888	-5,000000000166E-5
3520	-7,2089	-0,6554	-7,86424	-5,000000000166E-5
3540	-7,86425	-3,9999999998486E-5	-7,86424	-5,000000000166E-5
3560	-7,86425	-1,31076	-0,65517999999999	-0,65541
3580	9,83075	-0,6554	16,38446	-0,65541
3600	17,03981	-1,31076	17,03981	-0,65541
3620	17,03979	-1,31077	17,69516	-1,31077
3640	17,69515	-1,96613	17,69515	-1,96613
3660	17,69513	-2,62149	17,03977	-2,62149
3680	17,03975	-3,27685	16,3844	-2,62149
3700	15,72901	-3,9322	14,41829	-3,27685
3720	14,41826	-3,9322	13,10754	-3,9322
3740	13,10752	-5,24292	12,45216	-5,24292
3760	11,79678	-5,89828	13,76289	-5,24292
3780	23,59344	-4,58755	30,14718	-5,24292
3800	30,80254	-5,89828	30,14718	-5,24293
3820	30,80253	-5,89829	31,45791	-5,24293
3840	30,80254	-6,55365	30,80256	-6,55365
3860	30,80255	-7,86437	30,80256	-7,20902
3880	30,80255	-7,86438	30,80256	-7,20901
3900	30,80254	-7,86437	30,14718	-7,20902
3920	30,14717	-7,86437	30,14718	-7,20902
3940	29,4918	-7,86437	29,49181	-8,51974
3960	29,4918	-9,1751	40,63308	-9,17509
3980	57,01735	-9,17507	66,84795	-9,17507
4000	68,1587	-9,83042	68,1587	-8,51971
4020	68,15869	-7,86435	68,1587	-7,20899
4040	68,81405	-7,20899	68,81406	-6,55364
4060	68,81405	-6,55363	68,81406	-5,89828
4080	68,81405	-5,89828	68,81406	-5,24292
4100	68,81405	-5,89828	68,81406	-5,24292
4120	68,81405	-5,24292	68,1587	-4,58756
4140	68,15869	-5,24293	68,1587	-4,58757
4160	68,15869	-4,58756	68,1587	-3,93221
4180	67,50333	-4,58757	67,50334	-4,58757
4200	67,50333	-5,24293	67,50334	-5,24294
4220	66,84797	-5,24294	66,84799	-4,58758
4240	66,84798	-5,8983	66,19263	-6,55367
4260	55,05139	-11,79654	23,5937	-21,62696
4280	-14,41767	-29,49128	-39,32165	-32,1127
4300	-45,21997	-29,49126	-41,28777	-27,52519
4320	-39,3217	-26,86983	-38,66634	-25,55911
4340	-38,66636	-25,55912	-37,35564	-25,55912
4360	-36,04493	-25,55912	-35,38957	-24,2484
4380	-35,38959	-24,2484	-35,38958	-24,24841
4400	-34,07888	-23,59304	-34,07887	-22,93768
4420	-34,07888	-23,59304	-34,73424	-22,93768
4440	-34,73426	-24,2484	-34,73424	-24,2484
4460	-37,35572	-25,55912	-50,46307	-27,52518
4480	-57,01676	-28,18054	-55,70603	-26,86983
4500	-53,73995	-26,86982	-53,73993	-25,5591
4520	-53,08458	-26,21447	-53,08457	-24,90375
4540	-52,42922	-25,55911	-52,4292	-24,90374
4560	-52,42922	-24,90375	-51,77384	-24,24839
4580	-51,77385	-24,90375	-51,77384	-24,90375
4600	-51,77385	-25,55911	-51,77384	-24,90375
4620	-51,77384	-25,55911	-51,77384	-25,55911
4640	-51,11848	-26,21447	-40,63255	-24,90376
4660	-28,83589	-26,21448	-23,59292	-25,55913
4680	-23,59293	-26,21449	-24,24829	-25,55913
4700	-24,2483	-24,90376	-24,24829	-24,90377
4720	-24,2483	-25,55913	-23,59293	-24,90377
4740	-23,59294	-24,24841	-23,59293	-24,24841
4760	-23,59294	-24,90376	-23,59293	-24,24841
4780	-23,59294	-24,24841	-23,59293	-24,24841
4800	-23,59295	-24,90377	-24,24829	-24,24841
4820	-24,2483	-24,90377	-16,38388	-22,93769
4840	-0,655	-22,28232	7,86486	-22,28232
4860	7,86485	-21,62696	7,20948	-20,9716
4880	7,20947	-21,62696	7,20948	-20,31624
4900	7,86482	-20,31625	7,20946	-20,31624
4920	7,20945	-20,31624	7,20946	-19,66088
4940	7,20945	-20,31624	7,20946	-19,66089
4960	7,20945	-19,66089	7,20945	-20,31625
4980	7,20944	-20,97161	7,86481	-20,97161
5000	7,86479	-21,62697	7,8648	-21,62697
5020	7,86478	-22,28233	8,52015	-22,28233
5040	13,76309	-21,62697	24,90441	-21,62696
5060	28,83664	-22,28232	28,83664	-21,62696
5080	28,83662	-21,62696	-61,60305	-20,9716
5100	28,83662	-21,62696	28,83663	-21,62696
5120	28,83661	-22,28232	28,18126	-21,62697
5140	28,8366	-21,62696	28,83661	-21,62697
5160	29,49196	-22,28233	29,49198	-21,62697
5180	29,49196	-21,62697	29,49197	-21,62697
5200	29,49196	-22,28233	29,49197	-21,62697
5220	30,14731	-22,28233	29,49197	-22,9377
5240	29,49196	-23,59306	29,49196	-24,24843
5260	30,80268	-24,90378	42,59934	-24,24841
5280	52,42991	-25,55912	54,39604	-24,90376
5300	53,74065	-24,90376	53,74066	-24,2484
5320	53,74065	-24,90377	54,39602	-24,24841
5340	54,39601	-24,24841	54,39602	-23,59305
5360	55,05137	-23,59305	55,05139	-22,9377
5380	55,70674	-23,59305	55,70676	-22,9377
5400	55,70675	-22,9377	55,70676	-22,28234
5420	55,70675	-22,9377	55,70677	-21,62698
5440	55,70676	-22,28234	55,05141	-21,62698
5460	56,36212	-22,28234	55,70677	-22,28235
5480	55,05139	-23,59307	55,05142	-23,59308
5500	43,91016	-28,18059	14,41857	-34,73419
5520	-16,38375	-39,32169	-36,04479	-39,32168
5540	-37,35555	-36,70024	-34,73408	-35,38952
5560	-33,42338	-35,38953	-34,07872	-34,07882
5580	-33,42338	-34,07882	-32,768	-33,42347
5600	-32,76801	-32,76811	-32,768	-32,11276
5620	-32,76802	-32,76812	-32,11265	-32,76812
5640	-32,11267	-32,76812	-31,4573	-32,76812
5660	-30,80196	-33,42349	-30,80195	-33,42349
5680	-30,14661	-34,07884	-30,1466	-33,42349
5700	-32,11016	-35,38956	-45,87543	-39,32172
5720	-55,0506	-42,59852	-55,05059	-40,63244
5740	-53,08452	-39,97708	-52,42915	-39,32172
5760	-52,42916	-39,32172	-52,42915	-38,66637
5780	-52,42917	-38,66636	-51,7738	-38,66637
5800	-51,77381	-38,66637	-51,7738	-38,01101
5820	-51,11845	-38,66637	-51,11844	-38,01101
5840	-51,11846	-38,66637	-51,11844	-38,66637
5860	-50,46309	-38,66637	-51,11844	-38,66637
5880	-50,46309	-38,66637	-50,46308	-38,66637
5900	-50,46308	-38,66637	-50,46307	-38,66638
5920	-49,80772	-39,32174	-49,80771	-39,32174
5940	-49,80772	-39,9771	-47,84161	-39,32175
5960	-36,04496	-39,32175	-24,90365	-38,66639
5980	-17,03922	-38,66639	-15,72847	-38,66639
6000	-15,72849	-38,01103	-15,72848	-37,35568
6020	-15,7285	-37,35568	-15,72849	-36,70031
6040	-15,7285	-36,70032	-15,72849	-36,04496
6060	-15,72851	-36,04496	-15,72849	-34,73424
6080	-15,7285	-35,3896	-15,72849	-34,73424
6100	-15,7285	-34,73424	-15,72848	-34,07889
6120	-15,7285	-34,73424	-16,38384	-34,73425
6140	-16,38385	-34,73425	-17,03919	-34,73425
6160	-17,03921	-35,38961	-17,03919	-35,38961
6180	-13,10701	-35,38961	-0,65495	-31,45743
6200	11,14174	-32,76814	14,41862	-33,42351
6220	13,76323	-32,76815	13,76325	-32,76815
6240	13,76324	-32,76815	13,76324	-32,76816
6260	13,76323	-32,76816	13,76324	-32,76816
6280	14,41859	-32,76816	13,76324	-32,11281
6300	14,41859	-32,76816	14,41861	-32,11281
6320	14,4186	-32,76817	14,41861	-32,11282
6340	15,07396	-33,42354	15,07397	-33,42354
6360	15,72932	-34,0789	16,38468	-34,73426
6380	16,38467	-34,73426	25,55983	-34,07889
6400	36,04576	-34,73424	39,32264	-34,73423
6420	39,32261	-35,38959	38,66726	-34,73424
6440	39,3226	-34,73424	39,97797	-34,07888
6460	39,32259	-34,73424	39,97796	-34,73424
6480	39,97795	-36,04496	39,97796	-35,38961
6500	39,97794	-36,04497	40,63331	-36,04497
6520	39,97794	-36,04497	40,63331	-36,04498
6540	39,97794	-37,35569	24,24913	-42,59857
6560	-5,89787	-49,80752	-35,3894	-53,73966
6580	-48,49678	-54,39502	-46,53068	-51,77358
6600	-43,90924	-51,11822	-43,25387	-50,46288
6620	-43,25389	-50,46288	-42,59852	-49,15216
6640	-41,94317	-49,15217	-41,94317	-49,15217
6660	-41,94319	-48,49681	-41,28782	-47,84145
6680	-40,63247	-47,84145	-40,63247	-47,84146
6700	-40,63248	-47,84146	-40,63246	-47,18611
6720	-39,97712	-47,84146	-39,9771	-47,18611
6740	-39,97711	-48,49683	-41,9432	-48,49683
6760	-44,56468	-49,80755	-44,56466	-49,15219
6780	-43,90932	-49,80756	-43,9093	-48,49684
6800	-43,90932	-49,1522	-43,9093	-49,1522
6820	-43,90932	-49,1522	-43,9093	-48,49685
6840	-43,25395	-48,49685	-43,9093	-48,49685
6860	-43,25394	-48,49685	-43,25393	-47,84149
6880	-43,25394	-48,49685	-41,9432	-48,49686
6900	-29,49118	-47,8415	-17,03912	-48,49687
6920	-13,10689	-49,15223	-12,45153	-48,49688
6940	-13,1069	-48,49688	-13,1069	-47,84153
6960	-13,10691	-48,49689	-12,45154	-47,84153
6980	-12,45155	-48,49689	-13,1069	-47,84153
7000	-12,45156	-48,49689	-12,45154	-47,84153
7020	-13,10691	-48,49689	-13,1069	-47,18618
7040	-13,10691	-47,84154	-13,1069	-47,84154
7060	-13,10691	-48,4969	-13,1069	-47,84155
7080	-13,1069	-48,49691	-13,1069	-47,18619
7100	-13,10691	-48,49691	-12,45154	-48,49691
7120	-12,45156	-49,80763	-11,79619	-49,80763
7140	-11,14085	-49,80763	-11,14084	-49,80763
7160	-11,14086	-50,46299	-11,14086	-50,46299
7180	-11,14088	-51,11835	-11,14086	-51,11835
7200	-11,14088	-51,77372	-1,31035	-49,15226
7220	10,48636	-49,80762	15,07398	-49,80762
7240	14,41859	-49,80762	14,41858	-49,15226
7260	14,41857	-49,15227	14,41858	-49,15227
7280	15,07392	-49,80763	15,07393	-49,15227
7300	15,07391	-49,15227	15,07392	-49,15227
7320	15,0739	-49,15227	14,41856	-48,49692
7340	14,41854	-49,15227	14,41855	-48,49691
7360	14,41853	-49,15227	14,41854	-48,49691
7380	14,41853	-49,15227	14,41854	-48,49692
7400	14,41852	-49,15227	13,76317	-49,15228
7420	14,41852	-49,80763	13,76317	-49,15228
7440	13,1078	-49,80763	13,10781	-49,80764
7460	18,35074	-49,15227	28,18132	-47,18617
7480	36,70113	-47,84152	41,94413	-47,18617
7500	42,59947	-47,18617	41,94411	-46,53081
7520	42,59947	-47,18617	42,59948	-45,87545
7540	42,59947	-46,53081	42,59948	-45,87545
7560	43,25483	-45,87545	42,59948	-45,2201
7580	43,25482	-45,22009	42,59948	-44,56474
7600	43,25482	-44,56474	42,59948	-44,56474
7620	43,25483	-45,2201	43,25484	-44,56474
7640	42,59947	-45,22011	43,25484	-44,56474
7660	43,25483	-45,22011	42,59948	-45,22011
7680	43,25483	-45,87547	51,77466	-45,2201
7700	62,91597	-45,87544	67,50359	-45,87544
7720	68,15893	-45,87544	67,50358	-45,22008
7740	67,50356	-45,22008	68,15894	-44,56472
7760	67,50356	-44,56473	67,50357	-43,90937
7780	68,15892	-43,90936	67,50356	-43,254
7800	67,50355	-43,90936	67,50356	-43,90937
7820	66,84819	-43,90937	66,8482	-43,254
7840	66,84819	-43,90936	66,84819	-43,254
7860	66,19282	-43,254	66,19283	-43,254
7880	65,53745	-44,56473	69,46966	-43,90936
7900	77,3341	-43,90935	79,9556	-44,5647
7920	80,61095	-45,22007	79,95558	-44,56471
7940	81,26628	-45,22007	81,26629	-44,56471
7960	81,26628	-45,22007	81,92164	-44,56471
7980	81,92163	-44,56471	81,92164	-43,90935
8000	81,92163	-44,56471	82,57699	-43,90935
8020	82,57698	-43,90935	82,57699	-42,59863
8040	82,57698	-42,59863	83,23235	-42,59863
8060	83,23234	-43,25399	83,88771	-42,59863
8080	83,88769	-43,25399	82,57698	-43,25399
8100	72,74643	-44,5647	65,53738	-44,56469
8120	64,22661	-44,5647	66,19272	-43,25399
8140	66,84806	-43,25398	66,84807	-42,59863
8160	66,84805	-43,25399	67,50343	-42,59863
8180	67,50341	-43,25399	67,50342	-42,59864
8200	68,15878	-43,90936	68,15879	-43,90936
8220	68,15878	-44,56472	68,1588	-44,56473
8240	65,53732	-46,5308	41,94407	-54,39512
8260	2,62192	-61,60407	-29,49111	-64,88084
8280	-43,90922	-64,22547	-41,28775	-60,94868
8300	-38,66631	-59,63797	-37,35558	-57,67189
8320	-36,70024	-57,67189	-36,70023	-56,36118
8340	-35,38953	-56,36119	-35,38952	-55,05047
8360	-35,38953	-55,05047	-34,73417	-54,39512
8380	-34,73419	-54,39512	-34,07882	-53,73977
8400	-34,07883	-53,73976	-34,07882	-53,08441
8420	-33,42348	-53,08441	-33,42346	-52,42905
8440	-33,42347	-53,08441	-33,42346	-52,42906
8460	-32,76811	-52,42906	-33,42346	-53,08443
8480	-39,32177	-57,01658	-43,25395	-57,67195
8500	-42,59859	-58,32731	-41,94323	-57,01659
8520	-41,28788	-57,01659	-41,94323	-56,36124
8540	-41,28788	-57,01659	-41,94323	-56,36123
8560	-41,94069	-57,01659	-41,94323	-56,36124
8580	-41,28787	-57,01659	-41,28786	-57,0166
8600	-41,94323	-57,67196	-41,28786	-58,32732
8620	-41,28788	-58,98268	-41,28787	-59,63804
8640	-41,28788	-60,94876	-30,80198	-58,98268
8660	-16,38385	-58,32731	-7,20865	-58,32732
8680	-6,55328	-58,98268	-7,20865	-58,32732
8700	-7,20867	-58,32732	-6,5533	-58,32732
8720	-6,55331	-58,98269	-6,5533	-58,32733
8740	-6,55332	-58,98269	-6,55331	-58,32733
8760	-5,89797	-58,98268	-5,89795	-58,32733
8780	-6,55078	-58,98269	-6,55332	-58,32733
8800	-5,89797	-58,98269	-5,89797	-58,32733
8820	-6,55334	-58,98269	-6,55333	-58,32734
8840	-3,93189	-58,98269	11,14163	-57,67197
8860	28,83662	-57,0166	39,97796	-56,36123
8880	40,63333	-57,01659	39,3226	-55,70588
8900	39,32257	-55,70588	39,97795	-55,05052
8920	39,97792	-55,70588	39,97794	-55,05053
8940	40,63328	-55,70588	39,97793	-54,39517
8960	39,97792	-54,39516	40,63329	-54,39517
8980	40,63328	-54,39517	40,63329	-53,73981
9000	40,63328	-53,73981	40,63328	-53,08445
9020	-61,60289	-53,08445	41,28864	-52,42909
9040	40,63327	-53,08445	40,63329	-53,08446
9060	40,63327	-53,08445	40,63329	-53,08446
9080	40,63327	-53,73981	39,97793	-53,73982
9100	43,91012	-54,39517	60,29439	-53,73979
9120	72,09109	-54,39513	72,74649	-54,39513
9140	72,0911	-53,73977	72,09111	-53,08441
9160	72,74646	-53,08442	72,74647	-53,08442
9180	72,74646	-53,73978	72,74647	-52,42907
9200	72,74645	-52,42907	72,74647	-52,42907
9220	72,74646	-53,08443	72,74646	-52,42908
9240	73,40181	-52,42907	73,40181	-51,11836
9260	73,40181	-51,77372	73,40182	-50,463
9280	73,40181	-51,11836	73,40181	-50,463
9300	73,40181	-51,11836	73,40182	-49,80764
9320	73,40181	-51,11836	73,40183	-50,463
9340	73,40182	-52,42908	73,40182	-53,08444
9360	54,39615	-60,94875	14,41863	-70,12379
9380	-25,55888	-76,67735	-51,1182	-78,64341
9400	-52,42895	-76,67734	-49,15211	-74,71126
9420	-47,18605	-74,05591	-47,84142	-72,7452
9440	-47,18608	-73,40056	-47,18607	-72,74521
9460	-46,53073	-72,74521	-46,53072	-72,74522
9480	-45,87538	-72,74522	-45,87537	-72,08987
9500	-45,87539	-73,40059	-45,22002	-72,74523
9520	-44,56467	-73,40059	-44,56466	-72,08988
9540	-44,56467	-73,4006	-45,87539	-74,05596
9560	-56,36129	-76,67739	-60,94886	-75,36667
9580	-58,98278	-75,36666	-58,3274	-74,71131
9600	-57,67205	-74,71132	-57,67204	-74,05596
9620	-57,67206	-74,05595	-57,01668	-74,05596
9640	-57,0167	-74,05596	-57,01668	-74,05596
9660	-57,0167	-74,05596	-56,36133	-74,05597
9680	-57,0167	-74,71133	-56,36132	-74,05597
9700	-56,36133	-74,05597	-56,36132	-74,05597
9720	-55,70597	-74,71133	-56,36132	-74,05598
9740	-56,36133	-74,71134	-56,36132	-75,3667
9760	-55,70596	-75,36671	-43,25392	-74,05599
9780	-30,80186	-75,36672	-28,83573	-75,36673
9800	-28,83576	-75,36673	-28,83576	-74,05601
9820	-28,83576	-74,71137	-28,83576	-74,05602
9840	-28,83577	-74,71137	-28,83576	-74,05601
9860	-28,83577	-74,05601	-28,83576	-74,05602
9880	-28,83577	-73,40066	-28,83576	-73,40066
9900	-28,83577	-73,40066	-28,83575	-72,7453
9920	-28,83577	-73,40066	-28,83575	-73,40067
9940	-29,49113	-74,05602	-29,49112	-73,40067
9960	-30,14649	-74,05602	-30,80183	-74,05603
9980	-28,83575	-74,71139	-17,69446	-70,77922
10000	-6,55315	-70,77921	-2,6209	-70,12385
10020	-2,62092	-70,77922	-3,27628	-70,12386
10040	-3,27628	-70,77922	-2,62091	-69,46851
10060	-2,62093	-70,12387	-3,27627	-69,46851
10080	-3,27628	-70,12387	-3,27627	-70,12388
10100	-3,27629	-70,12388	-3,93164	-70,12388
10120	-3,93165	-70,77924	-3,93164	-70,12388
10140	-3,93165	-70,77925	-3,93165	-70,77925
10160	-3,2763	-71,4346	-2,62094	-71,43461
10180	-2,62095	-72,74533	-1,96558	-72,08997
10200	-1,9656	-72,74533	-1,96559	-72,74533
10220	-1,31024	-73,40069	-1,9656	-72,74533
10240	-1,31025	-73,40069	-1,9656	-72,74533
10260	-1,96562	-73,40069	-1,96561	-73,40069
10280	-1,96562	-73,40069	1,9666	-74,05606
10300	15,72936	-73,40069	26,21532	-72,74532
10320	29,49216	-72,74531	29,49216	-72,08996
10340	28,83677	-72,08996	29,49214	-72,08996
10360	29,49213	-72,74532	29,49213	-72,08997
10380	29,49212	-72,08996	29,49213	-71,43461
10400	29,49211	-72,08996	29,49212	-71,43461
10420	29,49211	-71,43461	29,49212	-71,43461
10440	30,14746	-72,08997	29,49211	-72,08997
10460	28,83675	-76,02214	27,52607	-79,95431
10480	24,90466	-87,81865	19,66183	-98,95978
10500	16,38501	-124,51878	5,89949	-158,59751
10520	2,62287	-197,26374	3,93378	-214,95838
10540	-2,61985	-219,5458	-5,2413	-218,89028
10560	-10,48424	-214,95805	-13,76097	-204,47237
10580	-15,72699	-188,08852	-12,45018	-173,67068
10600	-7,20736	-161,21893	-3,27527	-150,73319
10620	0,0014299999999992	-144,83497	1,31212	-140,24747
10640	1,96745	-140,24749	0,65675	-142,21359
10660	0,0013999999999967	-144,83503	-0,65396	-143,52432
10680	-0,654	-141,55824	-0,654	-140,24753
10700	-1,30938	-138,93681	-1,96476	-135,00466
10720	-1,96479	-133,03857	-1,9648	-130,41713
10740	-2,6202	-128,45105	-1,96485	-123,86351
10760	-1,30953	-120,58671	-0,65417	-115,99919
10780	-0,65421	-112,72238	0,65651	-109,44559
10800	1,31184	-108,13487	1,31184	-105,51343
10820	1,31181	-103,54735	1,31181	-102,89198
10840	1,3118	-102,23662	1,3118	-100,92591
10860	1,31178	-101,58126	1,31179	-100,92591
10880	1,31178	-100,9259	0,65643	-101,58126
10900	0,65641	-102,89199	-3,27577	-104,20271
10920	-5,24188	-104,85806	-4,58652	-102,23662
10940	-4,58655	-100,27054	-3,9312	-98,30445
10960	-3,93123	-96,99373	-3,27588	-96,33837
10980	-2,62055	-96,33836	-2,62056	-95,68301
11000	-1,96523	-95,683	-1,30988	-94,37228
11020	-1,3099	-95,02763	-1,3099	-93,71691
11040	-1,30992	-93,06154	-1,30992	-92,40619
11060	-1,30994	-93,06155	-1,30993	-92,40619
11080	-1,30995	-92,40618	-0,65458	-92,40619
11100	0,00075999999999965	-91,75082	0,00077000000000282	-90,44011
11120	0,00074999999999648	-91,09546	0,00075000000000358	-89,78474
11140	0,65609	-89,12938	0,00074000000000041	-87,81866
11160	0,00070999999999799	-88,47401	-0,65465	-87,81865
11180	-0,65467	-89,12938	-1,31002	-89,12938
11200	-3,93152	-87,16328	-5,24226	-85,19718
11220	-5,24229	-83,88646	-4,58692	-81,92038
11240	-3,93158	-81,26501	-3,93158	-79,95429
11260	-3,27624	-78,64356	-3,27623	-77,33284
11280	-2,62089	-76,67748	-1,96552	-76,02212
11300	-1,96554	-75,36676	-1,96554	-73,40067
11320	-1,3102	-74,05603	-1,31019	-72,74531
11340	-1,31023	-72,08994	-0,65486	-70,77923
11360	-0,65488	-70,12386	-0,65488	-68,81314
11380	-0,6549	-68,81313	0,00046999999999997	-67,50242
11400	0,0004599999999968	-67,50241	0,00046999999999997	-66,19169
11420	0,00045000000000073	-66,19169	0,65583	-66,19169
11440	0,65581	-66,19169	0,65582000000001	-65,53633
11460	1,31117	-64,88097	1,31118	-64,22561
11480	1,96653	-64,22561	2,6219	-63,57025
11500	2,6219	-63,57025	3,27727	-63,57025
11520	3,27726	-64,22561	6,55411	-62,91489
11540	9,83096	-61,60416	11,14172	-62,25952
11560	11,79706	-61,60415	11,79706	-59,63807
11580	11,79705	-60,29344	11,79706	-59,63807
11600	12,45241	-59,63807	12,45242	-58,98272
11620	12,4524	-58,98271	12,45242	-58,98272
11640	12,45241	-59,63808	12,45242	-58,98272
11660	12,45241	-60,29344	12,45243	-59,63808
11680	12,45242	-59,63808	13,1078	-59,63809
11700	13,1078	-59,63809	13,76317	-59,63809
11720	13,76317	-58,98273	14,41854	-58,98274
11740	15,07389	-60,29345	15,0739	-60,29346
11760	15,07389	-62,25954	15,72926	-64,22562
11780	14,41854	-70,12388	10,48642	-81,26501
11800	5,89891	-102,89189	-6,55274	-144,83495
11820	-11,79543	-188,74409	-11,79508	-226,09953
11840	-16,38252	-238,55121	-21,62543	-236,58487
11860	-19,6594	-231,99718	-22,93619	-228,06504
11880	-27,52368	-220,85628	-27,52363	-205,12785
11900	-24,90226	-190,71007	-16,38269	-175,63689
11920	-11,13997	-163,84041	-8,51865	-152,69931
11940	-7,86339	-142,86892	-7,20809	-133,03851
11960	-6,55279	-125,17418	-5,24211	-115,99915
11980	-3,93145	-109,44553	-1,96539	-103,54728
12000	-1,31007	-98,95975	0,00064000000000419	-94,37223
12020	0,65597	-91,09542	1,96668	-88,47398
12040	2,62202	-86,50789	3,27738	-83,88644
12060	3,93271	-82,57571	3,93272	-80,60963
12080	4,58806	-79,95427	5,24343	-77,98819
12100	5,24341	-77,98818	5,24342	-77,33283
12120	5,2434	-77,33283	5,24341	-76,02211
12140	5,24339	-76,02211	5,24339	-74,71139
12160	5,24337	-74,05602	5,89875	-73,40067
12180	5,89874	-73,40066	5,89875	-72,08994
12200	5,89872	-72,08994	5,89873	-72,08995
12220	5,24336	-72,08995	5,24337	-71,43459
12240	5,24335	-72,08995	3,93264	-72,08996
12260	4,58799	-72,08996	3,93264	-71,4346
12280	3,93262	-71,43459	3,93263	-70,77923
12300	3,27725	-71,43459	3,27726	-70,77923
12320	3,27724	-70,77922	3,27725	-70,12386
12340	3,27723	-71,43458	2,62188	-71,43458
12360	2,62185	-72,08993	2,62187	-72,08994
12380	2,62185	-72,7453	2,62186	-72,08994
12400	3,27721	-70,77921	3,27722	-69,46849
12420	3,27721	-69,46849	3,93259	-68,15777
12440	4,58794	-67,50241	5,24331	-67,50241
12460	5,89866	-67,50241	6,55403	-66,84705
12480	7,86474	-66,84705	8,52011	-66,19169
12500	9,17546	-66,19169	9,17548	-64,88097
12520	9,83082	-64,88097	9,83084	-64,22561
12540	9,83083	-64,2256	10,4862	-62,91489
12560	9,83082	-62,91488	9,17547	-62,25953
12580	9,83082	-62,91489	9,17547	-61,60417
12600	9,83082	-61,60417	9,17546	-60,94881
12620	9,17545	-62,91489	9,17546	-62,25953
12640	8,52009	-62,91489	8,5201	-62,91489
12660	9,17544	-62,25953	9,17545	-61,60416
12680	8,52008	-62,91488	8,52009	-63,57024
12700	8,52007	-64,2256	7,20935	-64,88096
12720	-7,20876	-68,81309	-24,24832	-68,81308
12740	-28,83592	-67,50235	-26,21445	-66,19163
12760	-24,90375	-66,19163	-24,90374	-64,88091
12780	-24,90375	-64,88091	-24,24838	-63,5702
12800	-24,24839	-64,22555	-24,24838	-63,57019
12820	-23,59304	-63,57019	-24,24838	-62,91483
12840	-23,59304	-63,57019	-23,59303	-63,5702
12860	-23,59304	-63,5702	-24,90374	-65,53628
12880	-25,55911	-67,50237	-24,90374	-68,15773
12900	-25,55911	-68,15772	-25,5591	-68,15773
12920	-26,21447	-69,46845	-26,21446	-68,81309
12940	-26,21447	-68,15772	-26,86983	-67,50237
12960	-26,86984	-68,15772	-26,86984	-66,84701
12980	-27,52522	-66,847	-27,52521	-65,53628
13000	-27,52524	-64,88091	-27,52523	-64,22556
13020	-27,52525	-64,22556	-28,1806	-63,5702
13040	-28,83597	-63,5702	-28,18059	-64,22556
13060	-28,18059	-64,22557	-27,52522	-62,91484
13080	-26,86985	-62,91485	-25,5591	-60,94877
13100	-24,24836	-60,94877	-22,9376	-60,29343
13120	-20,97149	-60,29343	-19,66072	-58,98272
13140	-17,03924	-58,98272	-15,07309	-58,98273
13160	-13,10698	-58,98273	-11,14082	-59,63811
13180	-11,79616	-61,60419	-30,14643	-65,53633
13200	-54,39507	-70,12381	-61,60413	-70,1238
13220	-58,32726	-68,15772	-52,42895	-66,19166
13240	-49,15212	-65,53631	-46,53062	-64,88096
13260	-43,25379	-64,22561	-41,28766	-63,57026
13280	-38,66619	-63,57026	-36,70007	-62,25955
13300	-35,38934	-62,25955	-34,07859	-60,94883
13320	-32,76786	-61,6042	-32,11247	-61,6042
13340	-31,45711	-62,25853	-30,14637	-62,25957
13360	-29,49101	-62,25957	-28,83563	-61,60422
13380	-28,18029	-61,60422	-27,52492	-61,60423
13400	-27,52493	-62,25959	-26,86956	-62,25959
13420	-27,52495	-62,91496	-27,52495	-62,91496
13440	-28,18035	-64,22568	-28,83572	-64,88105
13460	-30,14648	-66,19177	-24,24818	-66,19177
13480	-5,24249	-64,88103	7,2096	-65,53638
13500	8,52034	-66,19173	6,55422	-65,53637
13520	5,24343	-64,881	3,27733	-64,881
13540	1,96657	-65,53635	0,65583	-65,53635
13560	-0,65493	-65,53635	-1,96566	-64,88099
13580	-2,62104	-64,88098	-3,2764	-63,57027
13600	-3,93178	-63,57027	-3,93177	-62,91491
13620	-4,58714	-62,25955	-4,58713	-62,25955
13640	-4,58713	-61,6042	-4,58712	-60,94884
13660	-3,93177	-62,25955	-3,93176	-62,25956
13680	-7,20861	-64,22563	-16,38376	-64,2256
13700	-20,31599	-64,2256	-19,66063	-63,57024
13720	-19,66065	-64,22559	-20,97138	-63,57023
13740	-22,28213	-64,88094	-23,59286	-64,88094
13760	-24,90361	-65,53629	-26,21433	-66,19166
13780	-26,86972	-66,84701	-28,18044	-66,84702
13800	-28,83583	-68,15773	-29,49119	-67,50237
13820	-30,14658	-68,81309	-30,80194	-68,81309
13840	-31,45731	-68,81309	-32,11267	-68,81309
13860	-33,42342	-69,46844	-34,07877	-70,12381
13880	-34,07879	-70,77917	-25,559	-67,50236
13900	-16,38381	-65,53626	-15,07305	-64,8809
13920	-15,72845	-64,8809	-15,72845	-64,22555
13940	-16,38382	-64,22555	-17,03918	-64,88091
13960	-18,34992	-66,847	-19,66063	-70,77917
13980	-22,93742	-78,6435	-24,90349	-96,99356
14000	-34,73375	-135,65979	-37,35484	-183,50107
14020	-39,97592	-224,78868	-46,52947	-233,96347
14040	-41,94194	-231,99707	-38,00977	-224,78782
14060	-38,0098	-220,85565	-46,52956	-214,95757
14080	-58,32614	-201,85065	-61,60302	-184,81151
14100	-61,60327	-169,08301	-58,98201	-155,32054
14120	-57,67147	-143,52406	-58,32697	-133,03832
14140	-58,32708	-124,51864	-58,32714	-115,99897
14160	-57,0165	-108,13464	-55,70581	-99,61496
14180	-55,0505	-95,02744	-53,73979	-88,47383
14200	-51,77375	-82,57557	-49,80768	-76,67733
14220	-48,49699	-72,08979	-47,18628	-68,15763
14240	-45,87558	-64,88082	-45,87558	-61,60402
14260	-44,56489	-59,63793	-43,25417	-57,01649
14280	-42,59883	-55,70577	-41,94347	-54,39505
14300	-40,63277	-53,73969	-40,63277	-53,08433
14320	-39,97742	-53,08433	-39,32205	-53,08433
14340	-40,63279	-55,70577	-60,29377	-70,12369
14360	-61,60461	-89,78453	-61,6046	-103,54713
14380	-61,60461	-104,20252	-61,6046	-100,92571
14400	-61,60461	-100,92571	-61,6046	-100,92572
14420	-61,60461	-100,92572	-61,6046	-99,61501
14440	-61,60461	-99,61501	-61,6046	-99,61502
14460	-61,60461	-99,61502	-61,6046	-99,61503
14480	-61,60461	-99,61503	-61,6046	-98,95968
14500	-61,60461	-98,95968	-61,6046	-98,30432
14520	-61,60461	-98,30432	-61,6046	-98,30433
14540	-61,60461	-98,95969	-61,6046	-98,30434
14560	-61,60461	-98,30434	-61,6046	-96,99362
14580	-61,60461	-97,64898	-61,6046	-96,99362
14600	-61,60461	-96,99362	-61,6046	-96,33827
14620	-61,60461	-96,33827	-61,6046	-95,68291
14640	-61,60461	-95,68291	-61,6046	-95,02755
14660	-61,60461	-95,02755	-61,6046	-94,37219
14680	-61,60461	-95,68292	-61,6046	-95,68292
14700	-61,60461	-78,64347	-61,6046	-52,42888
14720	-61,60461	-33,42328	-61,6046	-22,28209
14740	-61,60461	-16,38386	-61,6046	-8,51953
14760	-61,60461	-4,58736	-61,6046	-1,96592
14780	-61,60461	0,00016999999999712	-61,6046	1,31088
14800	-61,60461	1,96624	-61,6046	3,93232
14820	-61,60461	3,93231	-61,6046	4,58767
14840	-61,60461	4,58767	-61,6046	5,89839
14860	-61,60461	5,89839	-61,6046	7,2091
14880	-61,60461	7,2091	-61,6046	7,86445
14900	-61,60461	7,86445	-61,6046	9,17516
14920	-61,60461	8,51981	-61,6046	9,17516
14940	-61,60461	9,17516	-61,6046	9,17516
14960	-61,60461	9,17516	-61,6046	9,83052
14980	-61,60461	9,83053	-61,6046	10,48588
15000	-61,60461	10,48589	-61,6046	11,14125
15020	-61,60461	10,48589	-61,6046	11,14125
15040	-61,60461	11,14125	-61,6046	11,14125
15060	-61,60461	10,48589	-61,6046	11,79661
15080	-61,60461	11,79661	-61,6046	12,45197
15100	-61,60461	11,79661	-61,6046	13,10733
15120	-61,60461	12,45197	-61,6046	12,45196
15140	-61,60461	12,45197	-61,6046	13,10733
15160	-61,60461	13,76269	-61,6046	13,76269
15180	-61,60461	13,76268	-61,6046	14,41805
15200	-61,60461	14,41805	-61,6046	14,41804
15220	-61,60461	14,41804	-61,6046	14,41804
15240	-61,60461	13,10732	-61,6046	13,76268
15260	-61,60461	13,10732	-61,6046	13,76267
15280	-61,60461	12,45195	-61,6046	12,45195
15300	-61,60461	10,48586	-61,6046	7,86441
15320	-61,60461	3,93224	-61,6046	-8,51964
15340	-61,60461	-45,8753	-61,60447	-85,85248
15360	-61,60405	-116,65456	-60,94832	-133,03863
15380	-58,32676	-144,83514	-58,9821	-147,45661
15400	-58,32676	-148,11197	-57,67139	-147,45662
15420	-57,01606	-146,14591	-57,01606	-144,17983
15440	-56,36072	-144,17984	-56,36072	-143,52448
15460	-57,01607	-147,45666	-57,67141	-148,76739
15480	-57,67141	-152,0442	-58,98209	-156,63173
15500	-58,32669	-168,4282	-61,60336	-197,91936
15520	-61,60298	-237,89627	-61,60273	-262,79976
15540	-61,60276	-266,7316	-60,29203	-254,27945
15560	-57,01525	-243,13813	-61,60284	-233,96313
15580	-61,60293	-220,20079	-61,603	-197,91873
15600	-61,60316	-174,32597	-61,60342	-151,38844
15620	-61,60366	-136,31517	-61,60384	-123,208
15640	-61,60397	-111,41151	-61,60404	-100,92575
15660	-61,60412	-92,40606	-61,60417	-83,88637
15680	-61,60422	-77,33275	-61,60424	-71,4345
15700	-61,60428	-66,84697	-61,60428	-62,25945
15720	-61,60431	-58,98264	-61,60432	-55,05047
15740	-61,60434	-53,08438	-61,60434	-50,46294
15760	-61,60437	-50,46293	-61,60437	-49,15221
15780	-61,6044	-48,49684	-61,6044	-47,84149
15800	-61,60442	-48,49684	-61,60442	-46,53076
15820	-61,60444	-46,53075	-61,60444	-45,22003
15840	-61,60445	-44,56467	-61,60444	-43,90931
15860	-61,60445	-46,53075	-61,60436	-55,70583
15880	-51,77359	-83,88644	-40,63201	-112,72244
15900	-38,01032	-136,3155	-37,3549	-141,55843
15920	-36,69958	-140,2477	-35,38887	-139,59235
15940	-34,73353	-139,59235	-34,73354	-138,28164
15960	-34,07821	-138,28164	-34,07821	-137,62629
15980	-34,73361	-136,31557	-34,73361	-135,66021
16000	-34,73364	-135,66021	-36,04437	-135,00485
16020	-36,69976	-135,00485	-37,35513	-134,34949
16040	-38,66588	-135,00485	-39,32125	-134,3495
16060	-40,632	-135,00485	-42,59808	-136,31557
16080	-52,42858	-144,17988	-61,6037	-147,45669
16100	-61,60374	-146,80133	-61,60374	-145,4906
16120	-61,60376	-145,49061	-61,60375	-144,83525
16140	-61,60377	-145,49061	-61,60376	-145,49062
16160	-61,60377	-145,49061	-61,60376	-145,49061
16180	-61,60377	-146,14598	-61,60376	-146,14598
16200	-60,94841	-146,80134	-61,60375	-146,14598
16220	-60,9484	-147,45671	-60,94838	-146,80135
16240	-60,94839	-148,11207	-60,29301	-147,45671
16260	-60,29303	-148,11207	-60,29301	-148,76744
16280	-60,29303	-149,42279	-59,63767	-150,07816
16300	-59,63769	-151,38887	-59,63768	-150,73352
16320	-59,63769	-152,04424	-59,63769	-152,04424
16340	-59,6377	-153,35496	-60,29306	-153,35496
16360	-59,63772	-154,01032	-60,29306	-154,01031
16380	-60,29308	-154,66567	-60,94843	-155,32104
16400	-60,94845	-155,9764	-61,60381	-155,97639
16420	-61,60383	-155,97639	-61,60382	-156,63176
16440	-61,60384	-157,28711	-61,60384	-157,94247
16460	-61,60386	-158,59783	-61,60385	-158,59783
16480	-61,60387	-159,90855	-61,60387	-159,90855
16500	-61,60389	-160,56391	-61,60389	-161,21926
16520	-61,60391	-161,87463	-61,60391	-161,21927
16540	-61,60393	-161,87463	-61,60391	-161,87463
16560	-61,60393	-161,21926	-61,60391	-161,21927
16580	-61,60391	-161,21926	-61,60389	-160,56391
16600	-61,60134	-160,56391	-61,60386	-159,90855
16620	-61,60385	-159,25319	-61,60381	-157,94248
16640	-61,6038	-158,59784	-60,29305	-157,28712
16660	-59,63768	-157,28713	-58,98228	-157,28713
16680	-57,67156	-157,94249	-57,01618	-156,63178
16700	-57,01618	-157,28713	-56,35825	-156,63178
16720	-56,36081	-157,28714	-56,3608	-156,63178
16740	-57,01618	-157,28714	-57,01618	-157,28715
16760	-58,32692	-157,9425	-58,98227	-157,9425
16780	-59,63765	-158,59786	-60,29301	-157,9425
16800	-60,94839	-158,59786	-61,60375	-157,9425
16820	-61,60377	-158,59786	-61,60376	-158,59786
16840	-61,60377	-159,25322	-61,60376	-159,25323
16860	-61,60377	-159,90859	-61,60375	-159,9086
16880	-61,60376	-160,56396	-60,94837	-156,63178
16900	-60,94838	-157,28713	-60,293	-157,28714
16920	-59,63766	-157,28714	-59,63764	-155,97642
16940	-59,63765	-155,97642	-60,293	-156,63179
16960	-60,29301	-157,28715	-60,29301	-156,63179
16980	-59,63767	-158,59787	-59,63766	-158,59787
17000	-59,63768	-159,90859	-59,63768	-159,90859
17020	-59,6377	-159,90858	-60,29306	-160,56395
17040	-60,94844	-160,56394	-60,94843	-160,56394
17060	-60,94845	-161,2193	-60,94844	-161,2193
17080	-61,60382	-161,87466	-61,60381	-160,56394
17100	-61,60383	-162,53001	-61,60382	-163,18538
17120	-61,60382	-164,4961	-47,84106	-161,87466
17140	-22,28159	-161,21928	0,0010700000000057	-159,2532
17160	9,8317	-160,56391	8,52099	-162,53001
17180	7,8656	-163,84074	8,52096	-164,49611
17200	9,1763	-165,80683	9,17631	-165,80684
17220	9,17628	-165,80684	9,17628	-164,49613
17240	9,17627	-165,80685	9,17627	-165,80686
17260	9,83161	-166,46222	9,83161	-165,15151
17280	9,83159	-165,15151	9,83159	-164,49615
17300	10,48692	-164,49615	10,48692	-163,18543
17320	10,48691	-162,53007	10,48691	-161,87471
17340	10,48688	-162,53007	10,48689	-161,87471
17360	10,48688	-162,53007	13,10834	-160,564
17380	32,11403	-155,32107	54,39665	-149,42278
17400	66,84872	-148,76741	68,15947	-148,11207
17420	68,15944	-147,45671	68,81479	-146,14599
17440	69,47014	-146,80136	69,47014	-146,146
17460	70,12549	-146,80136	70,78086	-146,80137
17480	70,12548	-146,14601	70,78084	-146,14602
17500	70,78083	-145,49065	70,78084	-145,49066
17520	70,78082	-145,49066	70,78083	-144,8353
17540	70,78081	-144,17994	70,78082	-142,86923
17560	70,12545	-142,86922	70,78081	-141,55851
17580	70,12544	-142,21387	70,12545	-141,55851
17600	69,47007	-140,90315	70,12544	-140,24779
17620	69,47007	-141,55851	68,81473	-142,86924
17640	57,67346	-137,62631	32,11402	-125,17437
17660	4,58843	-112,06703	-17,69421	-95,02753
17680	-27,52484	-81,2649	-26,21416	-75,36668
17700	-20,97131	-70,1238	-19,00524	-65,53628
17720	-18,3499	-64,22556	-17,69454	-62,91485
17740	-16,38384	-62,91485	-15,07312	-62,25949
17760	-14,41778	-61,60413	-13,76242	-60,94877
17780	-13,10708	-60,94877	-13,10707	-60,29341
17800	-12,45172	-59,63805	-12,45172	-58,98269
17820	-12,45173	-58,98269	-11,79637	-58,32733
17840	-11,79638	-58,32733	-11,79637	-58,32733
17860	-11,79638	-58,98269	-11,14101	-58,32733
17880	-11,14103	-58,32733	-11,14102	-58,32733
17900	-11,14103	-58,32733	-11,14102	-58,32733
17920	-12,45176	-58,98268	-24,24841	-52,42902
17940	-34,73434	-47,18608	-38,66655	-43,90926
17960	-37,35585	-44,56462	-36,04512	-43,25391
17980	-36,04514	-43,25391	-36,04513	-43,25392
18000	-35,38979	-43,90928	-34,73442	-43,25392
18020	-35,38979	-43,90928	-34,73442	-43,25392
18040	-34,07908	-43,25392	-34,07907	-42,59856
18060	-34,07908	-42,59856	-34,07907	-41,9432
18080	-34,07908	-41,9432	-34,07907	-40,63248
18100	-34,07909	-40,63247	-34,07907	-39,97712
18120	-33,42373	-39,97712	-33,42371	-39,32176
18140	-33,42373	-39,32176	-33,42372	-38,6664
18160	-33,42372	-38,66639	-34,07907	-38,01104
18180	-33,42373	-38,6664	-35,3898	-37,35567
18200	-53,08477	-30,14661	-61,6046	-20,31609
18220	-61,60461	-9,83022	-61,6046	-1,31048
18240	-61,60461	3,9324	-61,6046	8,51992
18260	-61,60461	10,48601	-61,6046	12,45208
18280	-61,60461	13,7628	-61,6046	15,72889
18300	-61,60461	16,38425	-61,6046	17,69497
18320	-61,60461	18,35034	-61,6046	19,66105
18340	-61,60461	19,66106	-61,6046	20,97178
18360	-61,60461	20,97178	-61,6046	22,2825
18380	-61,60461	22,2825	-61,6046	23,59322
18400	-61,60461	22,93786	-61,6046	24,90394
18420	-61,60461	38,01125	-61,6046	54,39537
18440	-61,60461	56,3615	-61,6046	57,01685
18460	-61,60461	56,3615	-61,6046	57,01686
18480	-61,60461	56,3615	-61,6046	57,01686
18500	-61,60461	56,36151	-61,6046	57,01687
18520	-61,60461	56,36152	-61,6046	57,01688
18540	-61,60461	56,36152	-61,6046	57,01689
18560	-61,60461	56,36153	-61,6046	57,0169
18580	-61,60461	56,36155	-61,6046	57,01691
18600	-61,60461	56,36156	-61,6046	57,01692
18620	-61,60461	56,36157	-61,6046	57,01693
18640	-61,60461	56,36158	-61,6046	57,01694
18660	-61,60461	56,36158	-61,6046	57,01694
18680	-61,60461	56,36159	-61,6046	57,01695
18700	-61,60461	56,36159	-61,6046	57,01695
18720	-61,60461	56,36159	-61,6046	57,01696
18740	-61,60461	56,3616	-61,6046	57,01696
18760	-61,60461	56,3616	-61,6046	57,01696
18780	-61,60461	56,36161	-61,6046	57,01696
18800	-61,60461	56,36161	-61,6046	57,01696
18820	-61,60461	56,3616	-61,6046	57,01696
18840	-61,60461	56,36161	-61,6046	57,01696
18860	-61,60461	56,36161	-61,6046	57,01699
18880	-61,60461	56,36163	-61,6046	57,01699
18900	-61,60461	56,36163	-61,6046	57,01699
18920	-61,60461	56,36163	-61,6046	57,01699
18940	-61,60461	56,36163	-61,6046	57,01699
18960	-61,60461	56,36163	-61,6046	57,01699
18980	-61,60461	56,36163	-61,6046	57,01699
19000	-61,60461	56,36163	-61,6046	57,01699
19020	-61,60461	56,36163	-61,6046	57,01699
19040	-61,60461	56,36163	-61,6046	57,01699
19060	-61,60461	56,36163	-61,6046	57,01699
19080	-61,60461	56,36163	-61,6046	57,01699
19100	-61,60461	56,36163	-61,6046	57,01699
19120	-61,60461	56,36159	-61,6046	49,15246
19140	-61,60461	9,83064	-61,6046	-28,18044
19160	-61,60461	-52,42888	-61,6046	-56,36106
19180	-61,60461	-55,05032	-61,6046	-53,08424
19200	-61,60461	-52,42888	-61,6046	-49,80744
19220	-61,60461	-49,15209	-61,6046	-47,84137
19240	-61,60461	-47,18601	-61,6046	-46,53065
19260	-61,60461	-46,53066	-61,6046	-46,53066
19280	-61,60461	-47,18602	-61,6046	-47,18602
19300	-61,60461	-47,84138	-61,6046	-47,18603
19320	-61,60461	-47,84139	-61,6046	-47,18602
19340	-61,60461	-47,18602	-61,6046	-46,53067
19360	-61,60461	-47,18603	-61,6046	-47,18603
19380	-61,60461	-47,18603	-61,6046	-46,53067
19400	-61,60461	-47,18603	-61,6046	-46,53067
19420	-61,60461	-46,53067	-61,6046	-45,87531
19440	-61,60461	-46,53067	-61,6046	-45,87532
19460	-61,60461	-45,87531	-61,6046	-45,87532
19480	-61,60461	-45,87532	-61,6046	-45,87532
19500	-61,60461	-46,53068	-61,6046	-47,18604
19520	-61,60461	-54,39501	-61,6046	-70,12374
19540	-61,60461	-81,26492	-61,6046	-81,26493
19560	-61,60461	-81,92028	-61,6046	-82,57564
19580	-61,60461	-83,23101	-61,6046	-82,57565
19600	-61,60461	-83,88637	-61,6046	-83,23102
19620	-61,60461	-83,88638	-61,6046	-83,88638
19640	-61,60461	-84,54174	-61,6046	-84,54175
19660	-61,60461	-85,19711	-61,6046	-84,54175
19680	-61,60461	-85,19711	-61,6046	-85,19712
19700	-61,60461	-85,85247	-61,6046	-85,19712
19720	-61,60461	-85,19712	-61,6046	-85,19712
19740	-61,60461	-85,85249	-61,6046	-85,85249
19760	-61,60461	-86,50785	-61,6046	-87,81857
19780	-61,60461	-92,40611	-61,6046	-100,9258
19800	-61,60461	-115,99908	-61,6046	-145,4903
19820	-61,60454	-178,25833	-61,60398	-206,43879
19840	-61,60368	-213,64766	-61,60344	-210,37072
19860	-61,60326	-204,47234	-61,60311	-189,39901
19880	-61,60299	-167,11678	-45,87421	-142,21317
19900	-27,52398	-125,8292	-7,86303	-107,47911
19920	13,10864	-90,43973	30,80357	-75,36644
19940	40,63403	-66,19141	45,22149	-55,70566
19960	49,15357	-49,15205	53,0857	-43,25381
19980	56,36246	-39,977	58,32852	-36,04484
20000	61,60529	-32,76804	63,57135	-30,14659
20020	65,5374	-27,52515	67,50348	-24,24835
20040	68,81417	-22,93762	70,12489	-19,66082
20060	70,78023	-18,35009	72,09096	-15,07329
20080	73,40165	-13,76256	73,40166	-12,45184
20100	74,057	-11,79648	74,71236	-10,48576
20120	74,71234	-9,83039	74,71235	-8,51967
20140	75,36769	-7,86431	75,36769	-6,55359
20160	75,36768	-5,89822	76,02305	-5,24286
20180	76,02303	-5,24286	76,6784	-3,93214
20200	76,02302	-3,93214	76,02302	-2,62142
20220	76,67837	-2,62141	76,67838	-1,96605
20240	76,67836	-1,31069	76,67837	-1,31069
20260	76,67835	-1,31069	76,67836	-0,65534
20280	76,67835	-0,65533	76,67836	-0,65534
20300	66,84783	-1,31067	34,07934	1,96621
20320	-9,17506	3,93238	-49,80791	7,20929
20340	-61,60461	12,45222	-61,6046	19,00582
20360	-61,60461	22,93799	-61,6046	26,21478
20380	-61,60461	26,87014	-61,6046	28,83621
20400	-61,60461	30,14694	-61,6046	31,45766
20420	-61,60461	32,76838	-61,6046	33,42374
20440	-61,60461	34,73446	-61,6046	36,04518
20460	-61,60461	36,04518	-61,6046	36,70054
20480	-61,60461	36,70054	-61,6046	37,3559
20500	-61,60461	37,3559	-61,6046	37,3559
20520	-61,60461	36,04517	-61,6046	39,32203
20540	-61,60461	47,8418	-61,6046	51,77401
20560	-61,60461	53,7401	-61,6046	57,0169
20580	-61,60461	56,36155	-61,6046	57,01691
20600	-61,60461	56,36155	-61,6046	57,01691
20620	-61,60461	56,36155	-61,6046	57,01692
20640	-61,60461	56,36156	-61,6046	57,01692
20660	-61,60461	56,36157	-61,6046	57,01693
20680	-61,60461	56,36157	-61,6046	57,01693
20700	-61,60461	56,36157	-61,6046	57,01694
20720	-61,60461	56,36158	-61,6046	57,01694
20740	-61,60461	56,36158	-61,6046	57,01694
20760	-61,60461	56,36159	-61,6046	57,01694
20780	-61,60461	56,36158	-61,6046	57,01694
20800	-61,60461	56,36159	-61,6046	57,01695
20820	-61,60461	56,36159	-61,6046	57,01695
20840	-61,60461	56,36159	-61,6046	57,01695
20860	-61,60461	56,36159	-61,6046	57,01694
20880	-61,60461	56,36159	-61,6046	57,01695
20900	-61,60461	56,36159	-61,6046	57,01694
20920	-61,60461	56,36159	-61,6046	57,01695
20940	-61,60461	56,36158	-61,6046	57,01694
20960	-61,60461	56,36159	-61,6046	57,01695
20980	-61,60461	56,36159	-61,6046	57,01694
21000	-61,60461	56,36158	-61,6046	57,01694
21020	-61,60461	56,36158	-61,6046	57,01693
21040	-61,60461	56,36157	-61,6046	57,01692
21060	-61,60461	56,36156	-61,6046	57,01691
21080	-61,60461	56,36154	-61,6046	57,01687
21100	-61,60461	54,39539	-61,6046	31,4577
21120	-61,60461	-9,17477	-61,6046	-58,32696
21140	-61,60461	-97,64867	-61,6046	-124,51844
21160	-61,60461	-158,59716	-61,60436	-185,46692
21180	-61,60418	-206,43841	-61,60404	-214,95807
21200	-61,60392	-222,82238	-61,60382	-230,68667
21220	-61,60376	-239,86169	-61,60369	-243,79393
21240	-61,60358	-239,86189	-61,60355	-231,34237
21260	-61,60367	-219,54598	-61,60373	-209,06031
21280	-61,60385	-201,85135	-61,60398	-192,02097
21300	-61,60412	-182,19059	-61,6042	-173,01554
21320	-61,60428	-166,46194	-61,60432	-159,25298
21340	-61,60438	-155,32081	-61,60441	-150,73329
21360	-61,60444	-147,45649	-61,60191	-142,86897
21380	-61,60448	-142,21361	-61,60448	-140,90289
21400	-61,6045	-139,59218	-61,60449	-138,28146
21420	-61,6045	-138,28145	-61,60449	-136,31538
21440	-61,60451	-136,97074	-61,60449	-136,31538
21460	-61,60451	-136,97075	-61,6045	-136,97075
21480	-61,60452	-138,93683	-61,60457	-139,59217
21500	-61,60461	-140,24745	-61,6046	-139,59204
21520	-61,60461	-137,62593	-61,6046	-135,65986
21540	-61,60461	-135,0045	-61,6046	-133,03842
21560	-61,60206	-132,38307	-61,6046	-131,72771
21580	-61,60461	-131,07235	-61,6046	-130,417
21600	-61,60461	-130,417	-61,6046	-129,10628
21620	-61,60461	-129,76164	-61,6046	-128,45092
21640	-61,60461	-128,45092	-61,6046	-127,79557
21660	-61,60461	-128,45092	-61,6046	-127,1402
21680	-61,60461	-127,1402	-61,6046	-126,48485
21700	-61,60461	-125,82948	-61,6046	-125,82948
21720	-61,60461	-125,17412	-61,6046	-124,51877
21740	-61,60461	-124,51877	-61,6046	-125,17413
21760	-61,60461	-125,17413	-61,6046	-125,17413
21780	-61,60461	-125,82949	-61,6046	-125,17413
21800	-61,60461	-126,48485	-61,6046	-125,82949
21820	-61,60461	-125,82949	-61,6046	-125,17414
21840	-61,60461	-117,30977	-61,6046	-104,85784
21860	-61,60461	-98,95954	-61,6046	-98,95956
21880	-61,60461	-98,30421	-61,6046	-96,33814
21900	-61,60461	-96,9935	-61,6046	-96,33815
21920	-61,60461	-95,68279	-61,6046	-94,37207
21940	-61,60461	-93,71671	-61,6046	-91,75064
21960	-61,60461	-91,75064	-61,6046	-91,09528
21980	-61,60461	-90,43992	-61,6046	-89,78457
22000	-61,60461	-89,78456	-61,6046	-89,78456
22020	-61,60461	-89,78457	-61,6046	-89,12921
22040	-61,60461	-89,12921	-61,6046	-87,8185
22060	-61,60461	-88,47385	-61,6046	-88,47386
22080	-61,60461	-89,12922	-61,6046	-89,78459
22100	-61,60461	-90,43995	-61,6046	-89,78459
22120	-61,60461	-89,78459	-61,6046	-89,7846
22140	-61,60461	-90,43996	-61,6046	-89,7846
22160	-61,60461	-89,78365	-61,6046	-89,12924
22180	-61,60461	-89,7846	-61,6046	-89,12924
22200	-61,60461	-88,47388	-61,6046	-87,16316
22220	-61,60461	-88,47388	-61,6046	-87,81852
22240	-61,60461	-87,81852	-61,6046	-88,47389
22260	-61,60461	-90,43997	-61,6046	-91,09533
22280	-61,60461	-93,71677	-61,6046	-94,37213
22300	-61,60461	-79,95411	-61,6046	-53,73953
22320	-61,60461	-28,18029	-61,6046	-10,48546
22340	-61,60461	-1,31043	-61,6046	8,51999
22360	-61,60461	16,38433	-61,6046	22,93795
22380	-61,60461	26,87012	-61,6046	30,14693
22400	-61,60461	32,76838	-61,6046	36,04519
22420	-61,60461	38,01128	-61,6046	40,63273
22440	-61,60461	41,94346	-61,6046	45,22027
22460	-61,60461	46,53102	-61,6046	48,4971
22480	-61,60461	49,15247	-61,6046	51,11856
22500	-61,60461	51,77393	-61,6046	53,08466
22520	-61,60461	53,08467	-61,6046	53,08467
22540	-61,60461	53,74002	-61,6046	57,01689
22560	-61,60461	56,36161	-61,6046	57,01698
22580	-61,60461	56,36161	-61,6046	57,01696
22600	-61,60461	56,3616	-61,6046	57,01696
22620	-61,60461	56,3616	-61,6046	57,01696
22640	-61,60461	56,3616	-61,6046	57,01696
22660	-61,60461	56,36161	-61,6046	57,01697
22680	-61,60461	56,36161	-61,6046	57,01697
22700	-61,60461	56,36162	-61,6046	57,01699
22720	-61,60461	56,36163	-61,6046	57,01699
22740	-61,60461	56,36163	-61,6046	57,01699
22760	-61,60461	56,36163	-61,6046	57,01699
22780	-61,60461	56,36163	-61,6046	57,01699
22800	-61,60461	56,36163	-61,6046	57,01699
22820	-61,60461	56,36163	-61,6046	57,01699
22840	-61,60461	56,36163	-61,6046	57,01699
22860	-61,60461	56,36163	-61,6046	57,01699
22880	-61,60461	56,36163	-61,6046	57,01699
22900	-61,60461	56,36163	-61,6046	57,01699
22920	-61,60461	56,36163	-61,6046	57,01699
22940	-61,60461	56,36163	-61,6046	57,01699
22960	-61,60461	56,36163	-61,6046	57,01699
22980	-61,60461	56,36163	-61,6046	57,01699
23000	-61,60461	56,36163	-61,6046	57,01699
23020	-61,60461	56,36163	-61,6046	57,01699
23040	-61,60461	56,36163	-61,6046	57,01699
23060	-61,60461	56,36163	-61,6046	57,01699
23080	-61,60461	56,36163	-60,94924	57,01698
23100	-7,20935	56,3616	24,90394	57,01696
23120	45,87594	56,3616	49,80828	57,01695
23140	47,8422	56,36159	47,18686	57,01696
23160	47,84222	56,3616	47,84224	57,01696
23180	47,18687	56,36159	47,18688	57,01695
23200	47,18688	56,36159	47,18689	57,01694
23220	47,18688	56,36158	47,1869	57,01693
23240	47,84225	56,36157	47,84227	57,01692
23260	48,49762	56,36156	49,153	57,01691
23280	49,15299	56,3615	41,94395	51,77379
23300	27,52593	15,72876	9,83119	-19,66087
23320	-3,27604	-47,84149	-9,17426	-61,60414
23340	-7,86357	-58,98271	-6,55286	-55,7059
23360	-5,24218	-55,05055	-4,58683	-51,77376
23380	-3,27613	-50,46304	-2,62078	-47,8416
23400	-2,6208	-47,18624	-1,96544	-46,53088
23420	-1,96545	-45,87552	-2,6208	-45,22017
23440	-2,62082	-45,87553	-2,62082	-44,56482
23460	-2,62083	-45,22018	-3,27617	-44,56483
23480	-2,62082	-45,87555	-3,27616	-46,53092
23500	-3,27618	-47,18628	-3,93152	-47,84165
23520	-3,93153	-48,49701	-3,93152	-48,49701
23540	-3,93153	-49,80773	-3,93152	-50,4631
23560	-3,93152	-51,77382	-3,93151	-51,77383
23580	-3,93152	-52,42918	-3,9315	-52,42919
23600	-3,9315	-53,73991	-3,93149	-55,70599
23620	-3,9315	-58,32744	-7,20832	-62,91495
23640	-30,80151	-81,26506	-58,32688	-98,95981
23660	-61,60391	-112,06705	-61,60393	-112,72243
23680	-61,60394	-111,4117	-61,60393	-111,41171
23700	-61,60395	-112,06707	-61,60395	-112,06708
23720	-61,60397	-112,06708	-61,60396	-112,06709
23740	-61,60397	-112,72245	-61,60397	-112,06709
23760	-61,60399	-112,06709	-61,60399	-110,10101
23780	-61,60401	-110,101	-61,604	-109,44565
23800	-61,60401	-110,10101	-61,604	-109,44565
23820	-61,60403	-110,10101	-61,60401	-110,75638
23840	-61,60408	-116,65461	-61,60418	-121,24215
23860	-61,60423	-122,55288	-61,60421	-121,24215
23880	-61,60422	-121,24215	-61,60421	-121,89752
23900	-61,60422	-122,55288	-61,6042	-122,55289
23920	-61,60421	-122,55289	-61,6042	-123,20826
23940	-61,60421	-123,20826	-61,60419	-123,86362
23960	-61,60419	-124,51899	-61,60418	-125,17435
23980	-61,60419	-126,48507	-61,60417	-127,7958
24000	-61,60418	-129,76188	-61,60417	-129,76189
24020	-61,60417	-131,72797	-61,60416	-132,38333
24040	-61,60417	-135,00478	-61,60414	-139,59231
24060	-61,60416	-142,21376	-61,60415	-142,86912
24080	-61,60416	-145,49057	-61,60416	-146,14593
24100	-61,60418	-146,80129	-61,60417	-147,45666
24120	-61,6042	-148,11201	-61,6042	-148,11202
24140	-61,60422	-148,76738	-61,60422	-148,76738
24160	-61,60424	-149,42274	-61,60424	-149,42274
24180	-61,60426	-150,07811	-61,60425	-149,42275
24200	-61,60427	-150,73347	-61,60427	-150,73347
24220	-61,60429	-151,38883	-61,60428	-151,38883
24240	-61,60429	-153,35492	-61,60429	-154,66565
24260	-61,6043	-157,94245	-61,60433	-161,87459
24280	-61,60461	-170,39421	-61,6046	-174,98167
24300	-61,60461	-176,94772	-61,6046	-175,63701
24320	-61,60461	-175,63702	-61,6046	-175,63703
24340	-61,60461	-176,29239	-61,6046	-176,29239
24360	-61,60461	-176,94776	-61,6046	-176,2924
24380	-61,60461	-177,60313	-61,6046	-177,60313
24400	-61,60461	-178,25849	-61,6046	-177,60314
24420	-61,60461	-178,2585	-61,6046	-178,2585
24440	-61,60461	-178,2585	-61,6046	-176,94778
24460	-61,60461	-177,60314	-61,6046	-176,94778
24480	-61,60461	-176,94778	-61,6046	-176,29242
24500	-61,60461	-177,60315	-61,6046	-177,60315
24520	-61,60461	-177,60315	-61,6046	-177,60315
24540	-61,60461	-178,25851	-61,6046	-178,25852
24560	-61,60461	-178,25852	-61,6046	-176,29245
24580	-61,60461	-168,42811	-61,60427	-159,25305
24600	-61,60376	-153,3548	-51,77308	-150,73338
24620	-52,42845	-150,07803	-53,08383	-148,76733
24640	-52,42849	-148,76733	-52,42849	-148,11198
24660	-52,42851	-148,11199	-51,77314	-146,14591
24680	-52,42852	-146,80128	-51,77314	-146,14593
24700	-51,77316	-146,80129	-52,42851	-146,14593
24720	-52,42852	-146,14594	-52,42851	-146,14595
24740	-53,08389	-146,14595	-52,42852	-145,49059
24760	-53,08389	-146,14595	-53,08388	-146,14596
24780	-53,73925	-146,80132	-53,73925	-144,83524
24800	-53,73927	-144,17988	-54,39206	-143,52452
24820	-55,04999	-143,52452	-55,70534	-143,52453
24840	-56,3607	-146,14597	-58,32676	-150,7335
24860	-58,98211	-155,9764	-57,01603	-152,69955
24880	-58,9822	-155,97621	-61,60354	-169,73869
24900	-61,60341	-193,987	-61,60322	-214,3031
24920	-61,60321	-216,92446	-61,60313	-214,9583
24940	-61,60305	-216,269	-61,60299	-212,99227
24960	-61,603	-204,47267	-61,60304	-192,67628
24980	-61,60315	-183,50126	-60,9479	-176,29233
25000	-58,98191	-172,36018	-57,67125	-167,11731
25020	-57,01596	-162,52981	-56,36062	-160,56373
25040	-56,36064	-162,52982	-56,36062	-163,18519
25060	-50,46241	-176,9477	-51,77279	-222,82281
25080	-53,7386	-250,34777	-36,04382	-222,8222
25100	-50,46178	-199,22877	-57,67061	-184,15549
25120	-61,60275	-188,74301	-61,60275	-205,78237
25140	-47,8403	-225,44325	-53,73855	-240,51693
25160	-61,60286	-239,86184	-61,60287	-234,6192
25180	-61,60298	-228,7211	-60,94771	-220,20151
25200	-57,01563	-213,64797	-53,73889	-205,78366
25220	-51,77291	-198,57471	-51,1176	-190,7104
25240	-50,4623	-182,84608	-49,80697	-174,98175
25260	-49,80703	-169,0835	-49,80705	-160,5638
25280	-49,80709	-154,66555	-49,15175	-148,76731
25300	-49,15178	-144,17977	-49,15179	-138,93688
25320	-48,49646	-134,34935	-48,49647	-129,10647
25340	-48,49649	-126,48502	-48,49649	-123,86358
25360	-48,4965	-121,89749	-47,84114	-119,27605
25380	-47,84116	-117,30997	-47,18579	-115,34388
25400	-47,1858	-115,34388	-47,18579	-113,3778
25420	-47,1858	-112,72244	-46,53043	-111,41172
25440	-46,53045	-111,41172	-46,53044	-110,75636
25460	-45,8751	-111,41172	-45,8751	-111,41172
25480	-58,98245	-116,65456	-61,60425	-121,8974
25500	-61,60454	-127,14025	-61,6046	-125,17419
25520	-61,6046	-122,55275	-61,6046	-121,24203
25540	-61,60461	-121,24204	-61,6046	-119,93132
25560	-61,60461	-120,58668	-61,6046	-119,93133
25580	-61,60461	-119,27597	-61,6046	-117,96526
25600	-61,60461	-119,27598	-61,6046	-118,62062
25620	-61,60461	-118,62062	-61,6046	-118,62062
25640	-61,60461	-119,27599	-61,6046	-118,62063
25660	-61,60461	-117,96527	-61,6046	-117,30991
25680	-61,60461	-117,96527	-61,6046	-117,30991
25700	-61,60461	-117,96528	-61,6046	-117,30992
25720	-61,60461	-117,96527	-61,6046	-117,96528
25740	-61,60461	-119,276	-61,6046	-118,62065
25760	-61,60461	-118,62065	-61,6046	-119,27601
25780	-61,60461	-119,93137	-61,6046	-119,93137
25800	-61,60461	-121,24209	-61,6046	-120,58674
25820	-61,60461	-125,82962	-61,60459	-134,34933
25840	-61,60459	-138,28152	-61,60458	-136,97079
25860	-61,6046	-136,31543	-61,60458	-136,31544
25880	-61,6046	-136,9708	-61,60458	-136,97081
25900	-61,6046	-137,62617	-61,60458	-136,97081
25920	-61,60459	-138,28153	-61,60458	-137,62617
25940	-61,60458	-137,62618	-61,60457	-137,62618
25960	-61,60458	-138,28154	-61,60456	-137,62619
25980	-61,60457	-138,28155	-61,60456	-136,97083
26000	-61,60457	-137,62619	-61,60456	-136,31547
26020	-61,60456	-136,97083	-61,60201	-136,97083
26040	-61,60457	-138,28156	-61,60456	-138,28156
26060	-61,60457	-139,59228	-61,60456	-140,24765
26080	-61,60457	-140,90301	-61,60456	-140,90301
26100	-61,60457	-141,55837	-61,60456	-141,55838
26120	-61,60457	-142,86909	-61,60456	-142,8691
26140	-61,60457	-142,86909	-61,60456	-143,52446
26160	-61,60457	-144,17982	-61,60456	-144,83519
26180	-61,60457	-144,83518	-61,60456	-145,49055
26200	-61,60457	-146,80127	-61,60456	-146,80127
26220	-61,60456	-147,45664	-61,60455	-147,45664
26240	-61,60456	-147,45664	-61,60455	-147,45664
26260	-61,60456	-148,112	-61,60454	-147,45664
26280	-61,60456	-148,76737	-61,60454	-149,42273
26300	-61,60456	-149,42273	-61,60455	-150,0781
26320	-61,60457	-151,38882	-61,60455	-150,73346
26340	-61,60456	-151,38882	-61,60456	-149,42272
26360	-61,60458	-149,42271	-61,60457	-149,42272
26380	-61,60458	-150,07808	-61,60457	-149,42273
26400	-61,60458	-150,73345	-61,60456	-150,07809
26420	-61,60457	-150,73345	-61,60456	-150,07809
26440	-61,60457	-150,73345	-61,60456	-150,07809
26460	-61,60456	-150,73345	-61,60455	-150,07809
26480	-61,60456	-150,07809	-61,60454	-150,07809
26500	-61,60456	-150,07809	-61,60454	-150,07809
26520	-61,60454	-150,07809	-61,60453	-150,0781
26540	-61,60454	-150,73346	-61,60452	-150,0781
26560	-61,60452	-150,0781	-61,60451	-150,07811
26580	-61,60451	-150,73346	-61,60449	-150,07811
26600	-61,6045	-149,42274	-61,60448	-150,07811
26620	-61,60449	-151,38883	-61,60448	-150,73347
26640	-61,60449	-152,04419	-61,60449	-152,0442
26660	-61,6045	-154,01027	-61,60449	-153,35491
26680	-61,6045	-154,01027	-61,6045	-153,35491
26700	-61,60452	-154,01027	-61,6045	-154,01027
26720	-61,60452	-154,66563	-61,6045	-154,01027
26740	-61,60451	-154,01026	-61,60449	-152,04417
26760	-61,60451	-152,69953	-61,6045	-152,04418
26780	-61,60452	-152,04418	-61,60451	-151,38882
26800	-61,60453	-151,38882	-61,60451	-150,73346
26820	-61,60453	-150,73345	-61,60452	-149,42274
26840	-61,60453	-149,42273	-61,60452	-148,11201
26860	-61,60454	-147,45665	-61,60453	-146,80129
26880	-61,60454	-146,80129	-61,60454	-146,14593
26900	-61,60455	-146,14592	-61,60454	-145,49057
26920	-61,60456	-145,49057	-61,60455	-145,49057
26940	-61,60457	-145,49057	-61,60455	-146,14593
26960	-61,60456	-147,45666	-61,60455	-148,11202
26980	-61,60456	-150,73347	-61,60454	-152,69956
27000	-61,60455	-153,35492	-61,6046	-142,86909
27020	-61,60461	-127,79567	-61,6046	-113,37763
27040	-61,60461	-104,8579	-61,6046	-102,23648
27060	-61,60461	-100,92576	-61,6046	-98,30433
27080	-61,60461	-98,30433	-61,6046	-97,64897
27100	-61,60461	-97,64898	-61,6046	-96,33826
27120	-61,60461	-95,68289	-61,6046	-95,02754
27140	-61,60461	-95,6829	-61,6046	-96,33827
27160	-61,60461	-95,68291	-61,6046	-95,02755
27180	-61,60461	-95,6829	-61,6046	-96,99364
27200	-61,60461	-97,649	-61,6046	-97,649
27220	-61,60461	-97,649	-61,6046	-98,30437
27240	-61,60461	-96,99365	-61,6046	-74,05592
27260	-61,60461	-47,84134	-61,6046	-19,0053
27280	-61,60461	3,2771	-61,6046	14,41826
27300	-61,60461	24,24867	-61,6046	32,76836
27320	-61,60461	38,66663	-61,6046	43,25416
27340	-61,60461	45,87561	-61,6046	48,49706
27360	-61,60461	48,49707	-61,6046	47,84171
27380	-61,60461	47,18636	-61,6046	47,84172
27400	-61,60461	48,49709	-61,6046	48,4971
27420	-61,60461	48,4971	-61,6046	47,84175
27440	-61,60461	47,84175	-61,6046	48,49711
27460	-61,60461	47,84176	-61,6046	49,15249
27480	-61,60461	47,84177	-61,6046	48,49718
27500	-61,60461	49,15264	-61,6046	53,08483
27520	-61,60461	55,70627	-61,6046	57,01699
27540	-61,60461	56,36163	-61,6046	57,01699
27560	-61,60461	56,36163	-61,6046	57,01699
27580	-61,60461	56,36163	-61,6046	57,01699
27600	-61,60461	56,36163	-61,6046	57,01699
27620	-61,60461	56,36163	-61,6046	57,01699
27640	-61,60461	56,36163	-61,6046	57,01699
27660	-61,60461	56,36163	-61,6046	57,01699
27680	-61,60461	56,36163	-61,6046	57,01699
27700	-61,60461	56,36163	-61,6046	57,01699
27720	-61,60461	56,36163	-61,6046	57,01699
27740	-61,60461	56,36163	-61,6046	57,01699
27760	-61,60461	56,36163	-61,6046	57,01699
27780	-61,60461	56,36162	-61,6046	57,01698
27800	-61,60461	56,36162	-61,6046	57,01697
27820	-61,60461	56,36162	-61,6046	57,01697
27840	-61,60461	56,36161	-61,6046	57,01697
27860	-61,60461	56,36161	-61,6046	57,01697
27880	-61,60461	56,36162	-61,6046	57,01698
27900	-61,60461	56,36162	-61,6046	57,01698
27920	-61,60461	56,36163	-61,6046	57,01698
27940	-61,60461	56,36162	-61,6046	57,01698
27960	-61,60461	56,36162	-61,6046	57,01698
27980	-61,60461	56,36161	-61,6046	57,01697
28000	-61,60461	56,3616	-61,6046	57,01695
28020	-61,60461	56,36157	-61,6046	57,01691
28040	-61,60461	55,70617	-61,6046	52,42934
28060	-61,60461	49,8079	-61,6046	50,46325
28080	-61,60461	49,15253	-61,6046	49,15252
28100	-61,60461	49,15252	-61,6046	50,46324
28120	-61,60461	49,15252	-61,6046	49,15251
28140	-61,60461	48,49717	-61,6046	46,53107
28160	-61,60461	41,94354	-61,6046	22,93807
28180	-61,60461	-20,97105	-61,6046	-88,47321
28200	-61,60461	-135,65916	-61,6043	-161,21818
28220	-61,60398	-175,63586	-61,60394	-175,63581
28240	-61,60398	-169,08221	-61,60402	-154,00909
28260	-61,60423	-136,31452	-61,60445	-115,34309
28280	-61,60461	-95,68227	-61,6046	-72,0893
28300	-61,60461	-54,39456	-61,6046	-39,97664
28320	-61,60461	-29,49087	-61,6046	-22,28192
28340	-61,60461	-17,69441	-61,6046	-17,69443
28360	-61,60461	-20,97127	-61,6046	-20,31593
28380	-61,60461	-18,34987	-61,6046	-17,03916
28400	-61,60461	-19,00527	-61,6046	-18,34993
28420	-61,60461	-17,03922	-61,6046	-17,03923
28440	-61,60461	-16,38389	-61,6046	-15,07318
28460	-61,60461	-14,41782	-61,6046	-13,76248
28480	-61,60461	-13,76249	-61,6046	-13,7625
28500	-61,60461	-13,10715	-61,6046	-13,10716
28520	-61,60461	-13,10716	-61,6046	-10,48573
28540	-61,60461	-9,83036	-61,6046	-9,83037
28560	-61,60461	-9,83038	-61,6046	-8,51966
28580	-61,60461	-7,20894	-61,6046	-6,55359
28600	-61,60461	-6,55359	-61,6046	-5,24288
28620	-61,60461	-4,58752	-61,6046	-3,93217
28640	-61,60461	-5,2429	-61,6046	-5,89828
28660	-61,60461	-7,209	-61,6046	-4,58756
28680	-61,60461	5,89829	-61,6046	13,76268
28700	-61,60461	15,72876	-61,6046	17,03947
28720	-61,60461	17,69483	-61,6046	17,69483
28740	-61,60461	18,35018	-61,6046	19,00554
28760	-61,60461	19,6609	-61,6046	20,31626
28780	-61,60461	20,97162	-61,6046	22,28234
28800	-61,60461	22,28234	-61,6046	22,28234
28820	-61,60461	21,62698	-61,6046	22,28235
28840	-61,60461	21,62699	-61,6046	20,97162
28860	-61,60461	20,31626	-61,6046	19,6609
28880	-61,60461	17,69482	-61,6046	16,38409
28900	-61,60461	14,418	-61,6046	13,10726
28920	-61,60461	10,48582	-61,6046	9,83044
28940	-61,60461	8,51971	-61,6046	7,86434
28960	-61,60461	6,55361	-61,6046	7,20896
28980	-61,60461	6,5536	-61,6046	6,55359
29000	-61,60461	5,89823	-61,6046	5,89822
29020	-61,60461	5,89822	-61,6046	6,55357
29040	-61,60461	5,89822	-61,6046	6,55358
29060	-61,60461	5,89821	-61,6046	5,89821
29080	-61,60461	5,89821	-61,6046	7,20893
29100	-61,60461	6,55357	-61,6046	7,20893
29120	-61,60461	5,89821	-61,6046	5,89821
29140	-61,60461	5,89821	-61,6046	5,8982
29160	-61,60461	5,24284	-61,6046	5,8982
29180	-61,60461	5,24284	-61,6046	5,24283
29200	-61,60461	5,24284	-61,6046	5,24283
29220	-61,60461	3,93211	-61,6046	3,9321
29240	-61,60461	2,62137	-61,6046	0,6553
29260	-61,60461	-3,93222	-61,6046	-4,58759
29280	-61,60461	-4,58759	-61,6046	-3,27687
29300	-61,60461	-2,62152	-61,6046	-2,62151
29320	-61,60461	-3,93224	-61,6046	-5,24296
29340	-61,60461	-8,51976	-61,6046	-14,418
29360	-61,60461	-32,11272	-61,6046	-80,60934
29380	-61,60448	-148,11147	-61,60397	-197,91884
29400	-61,60373	-209,05977	-61,60368	-211,02558
29420	-61,60367	-209,71457	-61,60368	-204,47168
29440	-61,60371	-190,70939	-61,60374	-169,73817
29460	-61,60394	-149,42218	-61,6042	-131,72757
29480	-61,60448	-117,965	-61,6046	-106,16853
29500	-61,60461	-95,68275	-61,6046	-85,19697
29520	-61,60461	-74,71119	-61,6046	-64,88077
29540	-61,60461	-58,32715	-61,6046	-51,11819
29560	-61,60461	-46,53066	-61,6046	-41,28777
29580	-61,60461	-37,3556	-61,6046	-33,42344
29600	-61,60461	-31,45736	-61,6046	-28,83591
29620	-61,60461	-26,86982	-61,6046	-24,24838
29640	-61,60461	-23,59302	-61,6046	-20,97157
29660	-61,60461	-20,3162	-61,6046	-18,35013
29680	-61,60461	-17,69477	-61,6046	-15,72868
29700	-61,60461	-15,07332	-61,6046	-13,7626
29720	-61,60461	-13,10724	-61,6046	-11,14116
29740	-61,60461	-11,14116	-61,6046	-9,17508
29760	-61,60461	-8,51972	-61,6046	-7,86436
29780	-61,60461	-7,209	-61,6046	-7,20899
29800	-61,60461	-7,209	-61,6046	-7,209
29820	-61,60461	-6,55363	-61,6046	-5,24292
29840	-61,60461	-5,24292	-61,6046	-5,24292
29860	-61,60461	-5,24292	-61,6046	-3,9322
29880	-61,60461	-3,93219	-61,6046	-3,27684
29900	-61,60461	-2,62147	-61,6046	-1,96611
29920	-61,60461	-1,96611	-61,6046	-1,96611
29940	-61,60461	-3,27683	-61,6046	-3,27684
29960	-61,60461	-4,58755	-61,6046	-7,209
29980	-61,60461	-26,86985	-61,60205	-56,3612
