T	LX	LY	RX	RY
0	0	0	0	0
20	0	0	0	0
40	0,65535	0,65536	1,0000000003174E-5	-0,65535999999999
60	0	0,65536	0	0
80	0,65536	0,65535	1,0000000003174E-5	0
100	0,65536	0,65536	1,0000000003174E-5	-0,65537
120	0,65536	0,65535	-0,65535	-0,65537
140	0	-9,9999999960687E-6	-1,31071	-0,65537
160	-0,65536	-9,9999999960687E-6	-1,31071	-0,65537
180	-0,65535	-9,9999999960687E-6	-1,31071	-1,31074
200	-1,31071	-9,9999999960687E-6	-1,31071	-1,31074
220	-0,65535	-9,9999999960687E-6	-1,31071	-0,65537
240	-1,31071	-1,9999999999243E-5	-1,96607	-1,9999999999243E-5
260	-1,31071	0,65535	-1,96606	-1,9999999999243E-5
280	-1,96607	0,65534	-1,96606	-1,9999999999243E-5
300	-1,3107	0,65533	-2,62141	-1,9999999999243E-5
320	-1,96606	0,65533	-2,62141	0,65534
340	-1,96606	0,65534	-2,62142	0,65534
360	-1,96606	1,31069	-1,96605	0,65534
380	-1,96606	1,31069	-2,62141	0,65533000000001
400	-1,96605	1,31069	-3,27676	0,65533000000001
420	-2,62141	1,31069	-2,62141	0,65533000000001
440	-2,62141	1,31069	-2,6214	0,65533000000001
460	-2,62141	1,31069	-3,27676	0,65532
480	-2,62141	1,31068	-3,93212	0,65533000000001
500	-3,27676	1,31068	-3,93212	1,31068
520	-3,93212	1,96604	-3,93211	1,31068
540	-3,27676	1,96604	-3,93211	1,31068
560	-2,6214	1,96604	-2,6214	1,31068
580	-1,31069	1,96604	-1,3107	1,31069
600	-0,65534	1,96604	-0,65535	1,31069
620	1,0000000003174E-5	1,96604	-0,65535	0,65532
640	0,65536	1,96604	1,0000000003174E-5	1,31069
660	0,65536	1,96604	0,65536	1,96604
680	1,31072	2,6214	1,31072	1,96604
700	1,31071	2,6214	1,31072	1,96604
720	1,96607	2,6214	1,31327	1,96604
740	1,96607	2,6214	1,31071	1,96604
760	1,96606	2,6214	1,96607	1,96604
780	2,62142	2,6214	1,96606	1,96603
800	2,62141	2,6214	1,96606	1,96603
820	2,62141	2,62139	1,96606	1,96604
840	1,96605	2,62139	1,96605	1,96603
860	1,96605	2,62139	1,31069	1,96603
880	1,96605	2,62139	0,65533	1,96603
900	0,65533	2,62139	-3,0000000002417E-5	1,31067
920	-3,9999999998486E-5	1,96603	-0,65539	1,31067
940	-3,9999999998486E-5	1,96603	-0,65539	1,31067
960	-0,6554	1,96603	-1,31075	1,31067
980	-1,31076	1,96603	-1,96612	1,31067
1000	-1,96612	1,96603	-2,62148	1,31067
1020	-3,27684	1,96603	-3,93221	1,31067
1040	-4,58759	1,31067	-6,55368	0,65531
1060	-7,86442	0,65532	-9,83051	-0,6554
1080	-11,14126	-0,6554	-13,76271	-1,96611
1100	-14,41811	-1,31075	-17,03956	-2,62147
1120	-17,69494	-1,96611	-19,66103	-3,27682
1140	-20,31641	-2,62146	-21,62713	-3,27682
1160	-22,28251	-2,62053	-22,93786	-3,27681
1180	-22,28252	-2,62145	-23,59322	-3,93216
1200	-23,59323	-3,93216	-24,24858	-4,58751
1220	-23,59322	-3,93214	-24,24856	-4,5875
1240	-24,24856	-4,58749	-24,9039	-5,8982
1260	-19,66093	-5,89819	-21,62696	-7,2089
1280	-22,93768	-7,2089	-23,59304	-7,86425
1300	-24,24839	-7,86424	-25,5591	-8,5196
1320	-25,5591	-8,5196	-26,21445	-9,17495
1340	-26,86981	-9,17495	-28,18052	-9,8303
1360	-27,52517	-9,17494	-29,49124	-10,48565
1380	-28,83589	-10,48565	-29,49124	-11,14101
1400	-30,1466	-11,14101	-31,45732	-12,45173
1420	-30,80196	-11,79637	-32,11267	-13,10708
1440	-32,11267	-13,10708	-32,76802	-14,4178
1460	-32,76803	-14,41781	-34,7341	-15,72852
1480	-34,7341	-15,07316	-35,38945	-16,3831
1500	-35,38946	-15,07317	-34,0787	-15,07316
1520	-29,49109	-15,07315	-30,14641	-15,07315
1540	-30,80178	-13,76243	-32,1125	-14,41779
1560	-32,11251	-14,41779	-33,42322	-15,07315
1580	-33,42323	-15,07315	-34,07859	-15,72851
1600	-33,42323	-15,07315	-33,42324	-15,7285
1620	-32,76789	-15,07315	-32,76789	-15,07314
1640	-32,7679	-14,41778	-32,7679	-14,41778
1660	-32,76791	-13,76242	-32,76791	-14,41778
1680	-32,76791	-13,76243	-33,42327	-14,41778
1700	-32,76791	-13,76243	-33,42327	-14,41779
1720	-32,76791	-13,10707	-33,42327	-13,76243
1740	-33,42327	-13,10707	-34,07864	-13,76242
1760	-33,42328	-13,10707	-33,42328	-13,76242
1780	-32,76793	-13,10706	-33,42328	-13,10706
1800	-32,76793	-12,4517	-32,76793	-13,76242
1820	-32,76794	-12,4517	-33,42329	-13,76242
1840	-33,4233	-12,45171	-33,42329	-13,10707
1860	-33,4233	-12,4517	-34,07866	-13,10706
1880	-34,07867	-13,10629	-34,73404	-13,76243
1900	-34,73405	-13,10707	-35,38941	-13,76242
1920	-36,04478	-13,76242	-36,70014	-14,41778
1940	-35,38943	-13,10706	-32,11256	-13,76241
1960	-32,11254	-13,10705	-32,11255	-13,76241
1980	-32,11256	-12,45169	-32,76791	-13,10704
2000	-32,11256	-12,45169	-32,76792	-13,10704
2020	-32,11256	-12,45168	-32,76792	-13,10704
2040	-32,11256	-11,79633	-32,11256	-12,45168
2060	-31,4572	-11,14097	-32,11256	-11,79632
2080	-32,11256	-11,14096	-32,11256	-11,79632
2100	-32,11256	-11,14096	-32,76792	-11,79632
2120	-32,11256	-10,4856	-32,76792	-11,79632
2140	-32,11257	-10,4856	-32,11257	-11,14097
2160	-32,76793	-11,14097	-32,76793	-11,79632
2180	-32,76793	-11,14097	-30,14645	-11,14096
2200	-27,52495	-11,14096	-28,83567	-11,79632
2220	-28,83567	-10,48559	-29,49102	-11,79632
2240	-28,83566	-11,14096	-29,49102	-11,79632
2260	-28,83566	-11,14096	-28,83566	-11,79632
2280	-28,1803	-11,14096	-28,83566	-11,79632
2300	-28,1803	-11,14096	-28,1803	-11,79632
2320	-27,52494	-10,48561	-28,1803	-11,14097
2340	-24,90349	-9,83024	-19,00512	-9,83022
2360	-17,03899	-9,17485	-18,3497	-9,83021
2380	-18,34971	-9,83021	-19,00506	-10,48558
2400	-18,34971	-9,83022	-18,34971	-10,48558
2420	-17,69435	-9,83022	-52,42843	-10,48559
2440	-18,34971	-9,83023	-18,34971	-11,14095
2460	-17,039	-10,48559	-17,69436	-11,14095
2480	-17,03902	-10,48559	-17,69438	-11,14096
2500	-17,69439	-11,14096	-17,69439	-11,79632
2520	-17,03904	-11,14097	-18,34976	-12,45169
2540	-17,69441	-11,79633	-18,34977	-13,10706
2560	-17,69441	-11,79634	-18,34977	-12,4517
2580	-18,34978	-12,45171	-19,00514	-13,76243
2600	-18,34979	-12,45171	-19,00515	-13,10707
2620	-18,34979	-12,45171	-19,00515	-12,4517
2640	-17,69444	-11,79635	-18,34979	-12,45171
2660	-18,3498	-11,14099	-17,69443	-11,79636
2680	-17,69444	-11,141	-18,3498	-12,45172
2700	-17,69444	-11,141	-17,69444	-11,141
2720	-17,03909	-10,48565	-17,03908	-11,79636
2740	-16,38373	-10,48565	-17,03908	-11,141
2760	-16,38373	-11,14101	-15,72836	-11,141
2780	-9,17467	-9,83026	-5,2424	-10,48561
2800	-4,58702	-9,17489	-4,58702	-9,83024
2820	-3,2763	-9,17488	-3,27629	-9,17488
2840	-2,62093	-9,17487	-1,96556	-9,83023
2860	-1,96556	-9,17487	-1,96555	-9,83023
2880	-1,31019	-9,17488	-1,31018	-9,83024
2900	-0,65484	-9,1749	-1,96557	-9,83027
2920	-2,62094	-10,48564	-2,62094	-11,14099
2940	-3,27632	-11,14099	-4,58703	-11,79634
2960	-4,58704	-11,14098	-5,24241	-12,45171
2980	-5,89779	-11,79636	-6,55315	-12,45171
3000	-7,20853	-12,45172	-8,51925	-13,10708
3020	-7,8639	-12,45172	-9,17462	-13,10708
3040	-7,20854	-11,79636	-3,93166	-12,45171
3060	-3,93166	-11,79635	-4,58702	-11,79635
3080	-4,58704	-10,48564	-5,24241	-11,141
3100	-5,24241	-9,83028	-5,89778	-9,83029
3120	-5,89779	-7,86421	-5,8978	-8,51958
3140	-5,89782	-6,55351	-6,55318	-6,55351
3160	-6,5532	-5,89816	-7,86393	-6,55352
3180	-7,20859	-5,89817	-7,86396	-6,55353
3200	-7,86398	-5,89817	-9,17471	-6,55353
3220	-9,17473	-6,55353	-10,48546	-7,2089
3240	-10,48548	-7,2089	-11,14084	-7,86426
3260	-11,14086	-7,86426	-11,79622	-8,51961
3280	-11,79624	-7,86426	-12,4516	-8,51962
3300	-12,45161	-9,17498	-13,76233	-9,83034
3320	-13,10698	-9,83035	-14,41769	-10,4857
3340	-13,76234	-10,48571	-14,41769	-11,14107
3360	-14,4177	-10,48571	-14,41769	-10,48571
3380	-13,10697	-9,83036	-13,76232	-10,48572
3400	-13,10697	-9,17501	-13,76233	-9,83037
3420	-13,10697	-9,17501	-13,76234	-9,17502
3440	-13,76234	-8,51966	-13,76234	-9,83038
3460	-13,10699	-8,51967	-13,76234	-9,17502
3480	-13,10699	-7,86431	-13,10698	-8,51967
3500	-13,10699	-7,86431	-13,76234	-8,51967
3520	-13,10699	-7,86431	-13,10698	-7,86432
3540	-7,86405	-5,89822	-0,65494	-5,8982
3560	1,3112	-4,58748	0,65586	-5,24283
3580	1,31121	-4,58747	1,31122	-5,24283
3600	1,96658	-3,93211	1,31123	-4,58747
3620	1,96658	-3,93212	1,31123	-5,24284
3640	1,96658	-4,58748	1,31123	-5,24284
3660	1,31122	-4,58748	1,31122	-5,24284
3680	1,31122	-4,58748	0,65587	-4,58748
3700	1,96658	-3,93212	1,31123	-4,58748
3720	1,96659	-3,93212	1,31124	-4,58748
3740	1,96659	-3,93213	1,9666	-3,93213
3760	1,9666	-3,27677	1,96661	-3,93213
3780	2,62196	-3,27678	2,62197	-3,93214
3800	2,62197	-3,27678	1,96662	-3,27678
3820	2,62197	-3,27678	1,31126	-3,93214
3840	1,96662	-2,62143	1,31126	-3,27678
3860	1,31126	-2,62143	1,31127	-3,27679
3880	1,96662	-2,62143	1,96663	-3,27679
3900	1,96663	-1,96608	1,96664	-2,62143
3920	2,622	-1,96607	1,96665	-2,62143
3940	2,622	-1,96608	2,62201	-1,96608
3960	2,62201	-1,31072	2,62202	-1,96608
3980	2,62201	-1,96608	1,96666	-2,62144
4000	1,96666	-1,96608	1,96666	-2,62143
4020	1,96666	-1,96608	1,96666	-2,62144
4040	1,3113	-1,96609	1,3113	-3,2768
4060	1,96665	-1,96609	0,65594	-3,27681
4080	-2,62094	-3,27682	-4,58704	-3,27683
4100	-4,58702	-2,62147	-4,58701	-3,27683
4120	-4,58702	-2,62147	-5,24237	-3,27682
4140	-3,93165	-2,62147	-3,93165	-3,27683
4160	-2,62094	-2,62147	-2,62093	-3,27682
4180	-1,96558	-2,62147	-1,96558	-3,27682
4200	-1,31023	-2,62147	-1,96558	-3,27683
4220	-1,31022	-1,96611	-1,31022	-3,27683
4240	-0,65487	-2,62147	-0,65486	-2,62147
4260	0,00050000000000239	-1,96611	-1,31022	-2,62147
4280	0,00050000000000239	-1,96611	-0,65486	-2,62148
4300	0,00050000000000239	-1,96612	-0,65486	-3,27684
4320	-6,55322	-3,27685	-11,14082	-4,58758
4340	-11,14083	-3,93223	-11,14081	-4,58759
4360	-10,48545	-3,93223	-10,48545	-4,58759
4380	-9,8301	-3,93223	-10,48546	-4,58759
4400	-9,8301	-3,93224	-10,48545	-5,24296
4420	-9,8301	-4,5876	-10,48545	-5,24296
4440	-9,83009	-4,58761	-9,83008	-5,89832
4460	-9,83009	-4,58761	-10,48544	-5,89832
4480	-9,83008	-5,24297	-10,48544	-6,55369
4500	-10,48545	-5,24297	-9,83008	-5,89833
4520	-6,55323	-5,89832	-6,5532	-5,89831
4540	-6,55321	-5,89831	-7,20857	-6,55367
4560	-6,55321	-6,55367	-6,5532	-7,20903
4580	-6,55321	-6,55368	-7,20856	-7,86439
4600	-6,5532	-6,55367	-6,5532	-7,20903
4620	-6,55321	-6,55367	-7,20856	-7,20904
4640	-6,55321	-7,20904	-7,86393	-7,86439
4660	-6,55321	-7,20904	-7,20857	-7,20904
4680	-6,55321	-6,55368	-7,86392	-7,20904
4700	-7,20857	-6,55369	-7,20857	-7,20904
4720	-7,20857	-6,55368	-7,20857	-7,20904
4740	-6,55321	-6,55368	-6,55321	-6,55368
4760	-6,55321	-5,89832	-7,20856	-6,55368
4780	-6,55321	-6,55368	-7,86392	-7,20904
4800	-7,20857	-6,55368	-8,51928	-7,20905
4820	-7,86392	-6,55368	-8,51928	-7,20904
4840	-8,5193	-6,55369	-13,76225	-7,86441
4860	-13,76226	-6,55369	-14,4176	-7,86441
4880	-14,4176	-6,55369	-14,4176	-7,20905
4900	-14,4176	-6,55369	-15,07295	-7,86441
4920	-15,07295	-6,55369	-15,7283	-7,8644
4940	-15,07295	-6,55368	-15,72831	-7,20904
4960	-15,72831	-6,55369	-16,38366	-6,55368
4980	-15,7283	-5,89833	-16,38366	-7,20905
5000	-16,38366	-5,89833	-17,03902	-6,55368
5020	-17,03902	-5,89832	-17,69438	-6,55368
5040	-17,03902	-5,89832	-17,69437	-6,55368
5060	-17,03902	-5,89833	-18,34973	-6,55369
5080	-17,69437	-5,89833	-19,00508	-6,55369
5100	-18,34972	-5,89834	-19,66044	-6,5537
5120	-19,00508	-5,89835	-19,00507	-6,5537
5140	-19,00508	-5,89835	-19,00507	-6,5537
5160	-19,00507	-5,89835	-19,66043	-6,55371
5180	-19,66043	-6,55371	-20,31578	-7,20907
5200	-19,66043	-6,55372	-19,66042	-7,20907
5220	-19,00507	-6,55372	-19,00507	-7,20908
5240	-17,69437	-6,55372	-18,34973	-7,86444
5260	-17,69438	-7,86444	-18,34973	-8,5198
5280	-17,69438	-7,86444	-18,34974	-8,5198
5300	-17,69439	-7,86444	-17,69438	-8,5198
5320	-17,03903	-7,86444	-17,03903	-8,5198
5340	-16,38368	-7,86444	-17,03903	-8,5198
5360	-16,38368	-8,5198	-17,03903	-8,5198
5380	-16,38368	-8,51981	-16,38368	-9,17517
5400	-15,72832	-7,86444	-15,72832	-8,51981
5420	-15,07298	-8,51981	-15,07297	-9,17516
5440	-15,07298	-8,51981	-15,07298	-9,17517
5460	-12,45152	-7,86444	-9,83002	-9,17514
5480	-10,48538	-8,51978	-10,48538	-9,17514
5500	-10,48538	-8,51978	-10,48538	-9,17514
5520	-9,83002	-8,51978	-9,83002	-9,17514
5540	-9,17466	-8,51978	-9,17466	-9,17514
5560	-8,5193	-8,51978	-9,17465	-9,17514
5580	-9,17466	-9,17515	-9,83001	-9,8305
5600	-9,17466	-9,17514	-9,83001	-10,48586
5620	-9,17466	-9,8305	-9,83001	-10,48586
5640	-9,83001	-10,48587	-10,48536	-11,14122
5660	-9,83001	-10,48587	-10,48536	-11,14123
5680	-9,17464	-10,48587	-10,48536	-11,14123
5700	-9,83	-11,14124	-10,48536	-11,14123
5720	-9,83	-11,14123	-10,48535	-11,79659
5740	-10,48535	-11,14124	-10,48535	-11,79659
5760	-10,48535	-11,14124	-11,14071	-11,7966
5780	-11,14071	-11,14124	-11,79607	-11,7966
5800	-11,14072	-11,14123	-11,79606	-11,7966
5820	-11,14071	-11,14124	-11,79606	-12,45196
5840	-11,14071	-11,7966	-11,79606	-12,45196
5860	-11,79607	-11,14125	-11,79606	-11,79661
5880	-11,79606	-11,14125	-12,45142	-12,45197
5900	-12,45142	-11,7966	-13,10678	-12,45197
5920	-13,10678	-11,14125	-13,10678	-12,45196
5940	-13,10678	-11,79661	-13,76214	-12,45197
5960	-13,10678	-11,14125	-13,76213	-12,45197
5980	-13,76213	-11,79661	-14,41749	-12,45198
6000	-14,41749	-11,79662	-15,07284	-12,45198
6020	-15,07285	-11,79662	-15,7282	-12,45198
6040	-15,7282	-12,45198	-16,38356	-13,10733
6060	-16,38356	-11,79662	-17,03891	-12,45198
6080	-16,38356	-11,79662	-17,69427	-13,10734
6100	-17,03891	-11,79662	-17,69426	-12,45198
6120	-17,69427	-11,79662	-18,34962	-12,45198
6140	-18,34962	-11,79662	-19,00498	-12,45197
6160	-19,00498	-11,14126	-19,66033	-12,45198
6180	-19,66034	-11,79662	-20,31569	-12,45198
6200	-20,31569	-11,79662	-20,31569	-11,79662
6220	-19,66034	-11,14126	-19,66034	-12,45197
6240	-18,34962	-11,14125	-19,00498	-12,45197
6260	-18,34964	-11,14125	-18,34964	-12,45197
6280	-18,34964	-11,79661	-18,34964	-12,45197
6300	-17,69428	-11,79661	-18,34964	-12,45197
6320	-17,69429	-11,79661	-17,69428	-12,45197
6340	-17,69428	-11,79662	-18,34964	-12,45197
6360	-17,03893	-11,79662	-17,69428	-13,10734
6380	-17,69429	-12,45197	-18,34964	-13,76269
6400	-18,34965	-13,76269	-18,34964	-14,41805
6420	-18,34965	-13,76269	-19,005	-14,41805
6440	-18,34965	-13,7627	-18,34965	-14,41805
6460	-18,34966	-13,7627	-19,00501	-15,07341
6480	-18,34966	-14,41806	-18,34966	-15,07342
6500	-17,6943	-13,7627	-17,69429	-14,41805
6520	-17,03894	-13,76269	-17,69429	-14,41805
6540	-17,03894	-13,76269	-17,03894	-14,41805
6560	-15,72822	-13,10733	-16,38357	-13,76269
6580	-15,72822	-13,10733	-16,38358	-13,76269
6600	-16,38358	-13,10733	-17,03894	-13,76268
6620	-16,38358	-13,10733	-17,03894	-13,76269
6640	-17,03894	-13,10733	-17,03893	-13,76269
6660	-16,38358	-13,10733	-17,03894	-13,76269
6680	-16,38358	-12,45197	-17,03894	-13,10733
6700	-16,38358	-13,10733	-17,03893	-13,76269
6720	-17,03894	-13,10733	-17,69429	-13,76269
6740	-17,6943	-13,10734	-17,69429	-13,76269
6760	-17,03894	-13,10733	-18,34967	-13,7627
6780	-22,28189	-13,10735	-22,28189	-13,76271
6800	-21,62652	-13,10735	-22,93723	-14,41807
6820	-22,28188	-13,76271	-23,59259	-14,41807
6840	-23,5926	-14,41807	-23,59259	-14,41806
6860	-23,59259	-14,41807	-24,24795	-15,07343
6880	-23,59259	-14,41807	-24,24795	-15,07343
6900	-24,24795	-13,76271	-24,90331	-15,07342
6920	-24,24795	-14,41807	-24,90331	-15,07343
6940	-24,24795	-13,76271	-24,90331	-14,41806
6960	-24,24795	-13,76271	-24,90331	-14,41807
6980	-24,90331	-13,76271	-24,90331	-13,7627
7000	-24,90332	-13,10735	-25,55867	-13,7627
7020	-24,90332	-13,10734	-24,90331	-13,10735
7040	-24,90331	-12,45199	-25,55867	-13,10735
7060	-24,90331	-12,45199	-25,55612	-13,10735
7080	-24,90332	-12,45199	-24,90331	-13,76271
7100	-23,5926	-12,45199	-23,5926	-13,10734
7120	-22,2819	-12,45199	-22,93726	-12,45198
7140	-22,2819	-11,79662	-22,2819	-12,45198
7160	-21,62655	-11,79661	-22,2819	-12,45197
7180	-20,97119	-11,14125	-21,62655	-11,79661
7200	-20,9712	-11,14124	-20,9712	-11,7966
7220	-20,31585	-10,48588	-20,31584	-11,14124
7240	-19,66049	-10,48588	-19,66048	-11,14123
7260	-19,00513	-9,83051	-19,00513	-10,48586
7280	-19,00514	-9,83051	-19,00513	-10,48586
7300	-19,00514	-9,8305	-19,6605	-10,48586
7320	-19,00514	-10,48586	-19,66049	-10,48585
7340	-19,00514	-9,8305	-19,00514	-9,8305
7360	-18,34979	-9,8305	-19,00515	-10,48586
7380	-20,97128	-10,48586	-22,282	-10,48586
7400	-20,97128	-9,8305	-21,62664	-9,8305
7420	-20,97129	-9,17514	-20,97128	-9,83049
7440	-20,31593	-9,17514	-20,31592	-9,8305
7460	-19,66056	-9,17514	-20,31593	-9,8305
7480	-20,31593	-9,17514	-20,97129	-9,8305
7500	-20,31593	-9,17514	-20,97129	-9,8305
7520	-20,31593	-9,17514	-20,97129	-9,8305
7540	-20,31593	-9,17514	-20,97129	-10,48586
7560	-20,31593	-9,17514	-20,97128	-9,83049
7580	-20,31593	-9,17513	-20,97129	-9,83049
7600	-20,97129	-9,17514	-20,97129	-9,83049
7620	-19,0052	-8,51977	-14,41759	-8,51975
7640	-13,10683	-7,86439	-13,76219	-7,86439
7660	-13,10684	-7,20903	-13,10683	-7,86438
7680	-12,45148	-7,20902	-13,10683	-8,51974
7700	-13,10684	-7,20902	-13,10683	-7,86438
7720	-13,10683	-6,55366	-13,10683	-7,86437
7740	-13,10683	-6,55365	-13,76218	-7,20901
7760	-13,76219	-7,20901	-13,76218	-7,20901
7780	-13,76219	-7,20901	-14,41754	-7,86437
7800	-13,76218	-6,55365	-14,41754	-7,20901
7820	-13,76218	-6,55364	-14,41754	-7,209
7840	-13,76218	-6,55364	-14,41754	-7,209
7860	-14,41754	-6,55364	-15,07289	-7,20899
7880	-15,07289	-6,55364	-15,07289	-7,20899
7900	-15,0729	-6,55364	-15,72825	-7,209
7920	-15,0729	-6,55364	-15,72825	-7,20899
7940	-16,38362	-6,55363	-17,03897	-7,86435
7960	-16,38361	-6,55363	-17,03897	-7,20899
7980	-17,03897	-6,55363	-17,03896	-7,20899
8000	-17,03897	-6,55363	-17,69433	-7,20899
8020	-17,69433	-6,55363	-17,69432	-7,20899
8040	-17,03897	-6,55364	-17,03897	-7,86435
8060	-15,72826	-7,20899	-16,38362	-7,86435
8080	-15,72826	-7,20898	-15,72827	-7,86434
8100	-15,07292	-7,86435	-15,72827	-7,86434
8120	-14,41756	-7,86435	-14,41756	-8,5197
8140	-13,76221	-7,20899	-15,07293	-7,86434
8160	-13,76221	-7,86435	-14,41756	-8,5197
8180	-13,10685	-7,86435	-13,76221	-8,5197
8200	-13,10686	-7,86435	-13,76221	-8,5197
8220	-10,48538	-7,86433	-9,82999	-8,51969
8240	-9,82999	-7,86433	-9,82999	-8,51968
8260	-9,17463	-7,86433	-9,17462	-8,51968
8280	-8,51928	-7,86433	-9,17463	-8,51968
8300	-8,51927	-7,86432	-8,51927	-8,51968
8320	-8,51927	-7,86433	-8,51926	-9,17505
8340	-8,51927	-8,51969	-8,51927	-8,51969
8360	-8,51927	-8,5197	-9,17462	-9,17506
8380	-8,51927	-8,5197	-8,51927	-9,17506
8400	-7,86391	-8,5197	-8,51926	-9,17506
8420	-7,8639	-7,86434	-8,51926	-9,83043
8440	-10,48538	-9,17508	-11,14074	-9,83044
8460	-10,48538	-9,17508	-10,48537	-9,83044
8480	-9,83001	-9,17509	-10,48537	-9,83045
8500	-10,48537	-9,17509	-10,48537	-9,83045
8520	-10,48537	-9,83045	-10,48536	-10,48581
8540	-10,48537	-9,83045	-11,14072	-10,48581
8560	-11,14073	-9,83046	-11,79608	-10,48582
8580	-11,14073	-10,48582	-12,45144	-11,14118
8600	-11,79609	-10,48582	-12,45144	-11,14118
8620	-11,79608	-11,14118	-12,45144	-11,79654
8640	-11,79608	-11,14119	-12,45144	-11,79654
8660	-11,79608	-11,14118	-12,45144	-11,79654
8680	-11,79608	-11,14118	-12,45143	-11,79654
8700	-11,79608	-11,14118	-12,45144	-11,79654
8720	-12,45144	-11,14119	-13,10679	-11,79654
8740	-12,45143	-11,79655	-13,10679	-11,79654
8760	-12,45144	-11,79655	-13,10679	-12,45191
8780	-13,1068	-11,79655	-13,76215	-12,45191
8800	-13,10679	-12,45192	-13,76214	-12,45192
8820	-13,76215	-11,79656	-14,4175	-13,10728
8840	-13,76216	-12,45192	-15,07286	-13,10728
8860	-13,76215	-12,45192	-14,4175	-13,10728
8880	-14,41751	-12,45192	-15,07287	-13,10728
8900	-14,41751	-12,45193	-15,07286	-13,10728
8920	-15,07287	-12,45192	-15,07286	-13,10728
8940	-15,07286	-12,45193	-15,72822	-13,10729
8960	-15,07286	-12,45193	-15,72822	-13,76265
8980	-15,72822	-13,10729	-16,38358	-13,76265
9000	-16,38358	-13,10729	-17,03894	-13,76265
9020	-16,38358	-13,76266	-17,03893	-14,41801
9040	-17,03894	-13,76266	-17,03892	-14,41801
9060	-13,10671	-13,10728	-11,79594	-13,76264
9080	-10,48521	-13,76263	-11,14057	-14,41799
9100	-9,82986	-13,76263	-9,82985	-15,07334
9120	-9,82986	-14,41799	-9,1745	-15,7287
9140	-9,17451	-15,07334	-9,82986	-16,38406
9160	-9,17451	-15,72871	-9,82987	-16,38406
9180	-9,17452	41,94297	-9,82987	-16,38407
9200	-9,17451	-15,72871	-9,82987	-17,03943
9220	-9,17452	-16,38408	-9,82988	-17,03944
9240	-9,17452	-16,38408	-9,82987	-17,69479
9260	-10,48527	-17,03944	-14,41748	-17,6948
9280	-13,10676	-17,69481	-13,10674	-17,6948
9300	-13,10675	-17,69481	-13,10675	-18,35017
9320	-12,4514	-17,69481	-13,10675	-18,35017
9340	-13,10675	-18,35018	-13,7621	-19,00554
9360	-13,7621	-18,35018	-13,76209	-19,00554
9380	-13,7621	-19,00554	-14,41745	-20,31626
9400	-14,41745	-19,66091	-14,41745	-20,97164
9420	-14,41745	-20,97164	-15,0728	-22,28236
9440	-15,0728	-21,62701	-15,72816	-23,59308
9460	-15,72816	-22,93773	-16,38352	-24,24844
9480	-16,38352	-24,24845	-17,03887	-24,90381
9500	-17,03889	-24,90382	-19,66035	-26,21454
9520	-19,005	-24,90383	-19,66035	-25,55918
9540	-19,66035	-24,90383	-19,66035	-26,21455
9560	-19,00499	-25,55919	-19,66034	-26,21454
9580	-19,66035	-25,55919	-19,66035	-26,21454
9600	-19,66035	-25,55919	-19,66034	-26,21455
9620	-19,00499	-26,21455	-19,66035	-26,86991
9640	-19,66035	-25,55919	-19,66034	-26,21455
9660	-19,66035	-26,21455	-20,3157	-26,86991
9680	-19,66035	-26,21455	-20,3157	-26,86991
9700	-20,31694	-26,86991	-20,97106	-26,86991
9720	-20,3157	-26,21455	-20,97106	-26,86991
9740	-20,3157	-26,21456	-20,97105	-26,86992
9760	-20,97106	-26,86991	-20,97105	-26,86992
9780	-20,97105	-26,21456	-20,97105	-26,86992
9800	-20,31569	-26,21456	-20,97104	-26,86992
9820	-20,31569	-26,21456	-20,97104	-26,86992
9840	-20,31568	-26,21457	-20,97104	-26,86992
9860	-20,31568	-26,21457	-20,97103	-26,86992
9880	-20,97103	-26,21457	-21,62638	-27,52529
9900	-20,97102	-26,86993	-21,62638	-27,52529
9920	-21,62638	-26,86993	-21,62637	-27,52529
9940	-21,62638	-26,86992	-22,28173	-28,18064
9960	-22,28173	-27,52529	-22,93708	-28,18065
9980	-22,28173	-27,52529	-22,93708	-28,18065
10000	-22,28172	-27,52529	-22,93708	-27,52528
10020	-22,93708	-27,52529	-23,59243	-28,18064
10040	-22,93708	-27,52529	-23,59242	-27,52528
10060	-22,93707	-26,86993	-23,59242	-27,52528
10080	-22,28171	-26,86993	-22,93706	-27,52528
10100	-21,62635	-26,86993	-21,62635	-28,18064
10120	-20,97099	-27,52529	-20,31563	-28,18064
10140	-19,66028	-27,52528	-19,66028	-28,836
10160	-52,42829	-27,52528	-19,66029	-28,18064
10180	-19,00493	-28,18065	-19,66029	-28,18064
10200	-18,34957	-27,52529	-18,34957	-28,18065
10220	-18,34957	-27,52528	-18,34956	-28,18065
10240	-17,03885	-27,52529	-18,34956	-28,18065
10260	-17,69421	-26,86993	-17,03885	-27,52529
10280	-17,03885	-26,86993	-17,6942	-28,18064
10300	-16,38349	-27,52529	-17,03885	-28,18065
10320	-16,38349	-27,52529	-17,03884	-28,83601
10340	-16,38349	-28,18066	-17,03884	-28,83602
10360	-17,03886	-28,83602	-23,59255	-30,14675
10380	-24,90333	-30,14676	-24,90331	-30,14675
10400	-24,24794	-29,49139	-24,90329	-30,80211
10420	-24,24794	-29,49139	-24,90329	-30,80211
10440	-24,90329	-30,14675	-24,90328	-30,80211
10460	-24,90329	-30,14675	-24,90328	-31,45747
10480	-24,90328	-30,80211	-25,55863	-30,80211
10500	-24,90328	-30,80211	-25,55863	-31,45747
10520	-25,55864	-30,80211	-25,55863	-30,8021
10540	-24,90328	-30,14675	-25,55863	-30,8021
10560	-25,55864	-30,14674	-25,55864	-30,8021
10580	-25,55864	-30,14674	-25,55864	-30,80209
10600	-25,55864	-30,14674	-26,21399	-30,80209
10620	-25,55864	-30,14674	-25,55864	-30,14673
10640	-24,90329	-29,49137	-25,55864	-30,14672
10660	-24,90329	-28,836	-24,90329	-28,83599
10680	-24,24794	-27,52527	-24,24793	-27,52527
10700	-23,59258	-26,8699	-23,59258	-26,8699
10720	-22,93722	-25,55917	-23,59258	-26,21453
10740	-22,93722	-24,90381	-22,93722	-25,55916
10760	-22,28187	-24,9038	-22,93722	-26,21452
10780	-22,93723	-25,55916	-21,62646	-26,2145
10800	-19,66036	-24,90378	-20,97107	-26,21449
10820	-20,31572	-24,90378	-21,62643	-25,55913
10840	-20,97108	-24,90377	-22,28179	-25,55913
10860	-22,28179	-25,55913	-22,93715	-25,55912
10880	-22,93716	-24,90376	-23,59251	-26,21448
10900	-23,59252	-25,55912	-24,90323	-26,21447
10920	-24,90323	-25,55912	-25,55858	-26,21447
10940	-25,55859	-25,55912	-25,55859	-25,55911
10960	-24,90324	-24,90375	-24,90322	-26,21448
10980	-24,90323	-24,90375	-25,55858	-26,21447
11000	-24,90323	-25,55911	-25,55858	-26,21447
11020	-24,90322	-25,55911	-26,21394	-26,21447
11040	-26,21394	-25,55911	-26,8693	-26,21447
11060	-26,21393	-25,55912	-26,86929	-26,86983
11080	-26,8693	-26,21447	-26,86929	-26,86984
11100	-26,21394	-26,21448	-25,55857	-27,52521
11120	-24,90321	-27,52522	-24,9032	-28,18059
11140	-24,90321	-28,1806	-24,90319	-29,49132
11160	-24,9032	-28,83596	-24,90319	-29,49133
11180	-24,90318	-29,49135	-25,55853	-30,14672
11200	-24,90317	-29,49137	-24,90316	-30,8021
11220	-21,62631	-30,14673	-22,28164	-30,80209
11240	-21,62629	-31,45745	-22,28164	-32,11281
11260	-22,28164	-31,45745	-23,59236	-32,76817
11280	-22,937	-32,11281	-23,59235	-32,76817
11300	-23,59236	-32,76817	-23,59236	-33,42352
11320	-23,59237	-33,42352	-24,24772	-34,07888
11340	-23,59237	-33,42352	-23,59238	-34,07887
11360	-23,59238	-34,07887	-23,59238	-34,73422
11380	-22,93703	-33,4235	-23,59239	-34,07885
11400	-22,28168	-33,4235	-22,93702	-34,07885
11420	-22,28167	-32,76814	-22,93703	-33,4235
11440	-22,93704	-32,76814	-23,59239	-34,07886
11460	-22,28167	-32,76814	-22,93703	-32,76814
11480	-22,28167	-32,11278	-22,28167	-32,76814
11500	-22,28167	-32,11278	-22,28166	-32,11278
11520	-22,28167	-32,11278	-22,28166	-32,11278
11540	-22,28166	-32,11279	-22,28166	-32,76814
11560	-22,28167	-32,11278	-22,93702	-32,76813
11580	-22,28167	-32,11277	-23,59238	-33,42349
11600	-22,93703	-32,11277	-23,59238	-32,76813
11620	-22,93702	-32,11278	-23,59237	-32,11278
11640	-22,93702	-31,45742	-23,59237	-32,11279
11660	-23,59237	-31,45743	-23,59236	-32,11279
11680	-23,59237	-31,45743	-24,24773	-32,11279
11700	-24,24773	-31,45743	-24,24772	-32,11279
11720	-24,24773	-31,45743	-24,24772	-31,45742
11740	-23,59238	-30,80207	-24,24773	-30,80207
11760	-23,59237	-30,14671	-24,24773	-30,80206
11780	-23,59238	-29,49134	-24,24774	-30,14669
11800	-23,59238	-29,49134	-24,24774	-29,49134
11820	-23,59238	-28,83598	-24,9031	-29,49133
11840	-24,90313	-28,83598	-26,86923	-28,83597
11860	-25,55851	-28,18062	-26,21386	-28,83597
11880	-25,55851	-27,52525	-24,90315	-28,18061
11900	-24,90316	-28,18061	-24,24779	-28,1806
11920	-23,59244	-28,18061	-23,59244	-28,1806
11940	-22,93709	-27,52525	-22,93709	-28,1806
11960	-22,28174	-27,52525	-22,93709	-28,1806
11980	-21,62638	-27,52524	-22,28173	-28,1806
12000	-20,97102	-26,86989	-21,62637	-27,52525
12020	-20,97102	-26,86988	-20,97101	-27,52524
12040	-20,97102	-26,21452	-20,97102	-26,86988
12060	-20,31567	-26,21452	-20,31567	-26,86988
12080	-19,66032	-26,21452	-20,31567	-26,86988
12100	-19,66032	-26,21452	-20,31568	-26,86988
12120	-19,66032	-26,86988	-20,97103	-27,52524
12140	-20,31568	-26,86988	-20,31567	-27,52523
12160	-19,66032	-26,86988	-19,66032	-27,52523
12180	-19,66033	-26,86987	-26,21402	-28,18061
12200	-31,45702	-27,52526	-31,45701	-28,18061
12220	-30,80164	-26,86989	-32,11235	-27,52525
12240	-30,80164	-26,86989	-31,45699	-27,52525
12260	-30,79909	-26,86988	-31,45699	-27,52524
12280	-30,80164	-26,21452	-30,80163	-26,86987
12300	-30,80164	-26,21451	-30,80164	-26,86987
12320	-31,457	-26,2145	-31,45699	-26,86985
12340	-30,80164	-25,55913	-28,8355	-26,21448
12360	-28,18014	-25,55913	-29,49086	-25,55911
12380	-29,49086	-24,90376	-29,49085	-25,55911
12400	-29,49086	-24,90375	-30,14621	-25,55911
12420	-29,49085	-24,90376	-30,14621	-24,90375
12440	-30,14622	-24,2484	-30,14621	-24,24839
12460	-30,14622	-23,59303	-30,14621	-24,24839
12480	-30,14622	-23,59303	-30,80157	-24,24838
12500	-30,80158	-23,59302	-31,45693	-24,24838
12520	-31,45694	-22,93766	-32,11229	-23,59301
12540	-31,45694	-22,93766	-32,1123	-23,59302
12560	-32,1123	-22,93765	-32,11229	-23,59301
12580	-32,1123	-22,28229	-32,76765	-22,93765
12600	-32,76766	-22,28229	-33,42301	-22,93765
12620	-32,76765	-21,62693	-32,11227	-21,62692
12640	-29,49079	-20,97154	-30,14614	-21,6269
12660	-29,49078	-20,97154	-28,83542	-21,62689
12680	-28,18007	-20,97153	-28,18007	-21,62689
12700	-27,52472	-20,97152	-27,52471	-21,62688
12720	-26,86937	-20,31616	-27,52472	-21,62688
12740	-26,21147	-20,97152	-26,86937	-20,97152
12760	-26,21402	-20,31616	-26,86937	-20,97151
12780	-26,21402	-20,31616	-26,86938	-20,97152
12800	-26,21402	-20,31616	-26,21402	-20,97151
12820	-25,55866	-20,31616	-26,21402	-20,97151
12840	-24,90331	-20,31616	-25,55866	-20,97152
12860	-25,55867	-20,31616	-26,21403	-20,97152
12880	-26,21403	-20,97152	-26,21402	-21,62688
12900	-26,21403	-20,97152	-26,86939	-21,62687
12920	-26,21403	-20,97151	-26,86938	-22,28224
12940	-26,21403	-21,62689	-26,86938	-22,28224
12960	-26,86938	-22,28225	-27,52474	-22,93761
12980	-26,86939	-22,28225	-26,86938	-22,9376
13000	-26,86938	-22,9376	-28,1801	-23,59297
13020	-27,52473	-23,59297	-28,83545	-24,9037
13040	-28,83545	-24,90371	-30,14615	-26,8698
13060	-30,80151	-27,52517	-32,11223	-30,14661
13080	-32,7676	-31,45734	-34,73367	-34,07878
13100	-35,38904	-35,38952	-38,01048	-38,01096
13120	-39,3212	-39,32168	-40,63192	-41,28776
13140	-40,63192	-41,28777	-41,94264	-42,59849
13160	-42,598	-41,94313	-43,25335	-43,25385
13180	-39,97653	-41,94313	-38,66575	-42,59848
13200	-39,32111	-41,28777	-40,63183	-41,94312
13220	-39,97648	-40,6324	-41,28719	-41,28775
13240	-40,63184	-40,63239	-41,28719	-41,28775
13260	-41,2872	-40,63238	-41,94256	-41,9431
13280	-41,2872	-40,63239	-41,94256	-41,28773
13300	-41,2872	-40,63238	-41,94255	-41,28774
13320	-40,63183	-39,97702	-41,28718	-40,63237
13340	-39,97647	-39,97701	-40,63182	-40,63237
13360	-39,97646	-39,32165	-39,97645	-39,97701
13380	-39,97645	-39,32166	-40,6318	-39,97701
13400	-39,97645	-39,32166	-39,97644	-39,97701
13420	-39,97644	-39,32165	-40,6318	-39,97701
13440	-39,97644	-39,32165	-40,63179	-39,32165
13460	-39,97644	-38,66629	-40,63179	-39,32165
13480	-39,32107	-38,01093	-39,97643	-38,66629
13500	-39,32107	-37,35557	-39,32106	-38,01093
13520	-38,66571	-37,35557	-39,32106	-38,01093
13540	-38,01034	-36,04485	-38,6657	-36,04484
13560	-38,01035	-35,38948	-38,01034	-36,04484
13580	-38,01035	-35,38948	-38,01035	-36,04484
13600	-37,355	-35,38948	-38,01035	-36,04483
13620	-36,69964	-36,04484	-36,69964	-36,7002
13640	-36,69964	-36,04484	-36,04428	-36,7002
13660	-35,38893	-35,38948	-35,38893	-36,04484
13680	-34,73357	-35,38948	-34,73357	-36,04484
13700	-34,07822	-35,38948	-34,07821	-35,38948
13720	-33,42286	-34,73411	-32,7675	-34,73411
13740	-32,11215	-33,42339	-32,7675	-34,07875
13760	-31,45679	-32,76803	-31,45678	-33,42338
13780	-30,14608	-32,76802	-30,14607	-32,76801
13800	-29,49072	-31,45729	-29,49071	-32,11265
13820	-28,83536	-31,45729	-28,83535	-32,11265
13840	-28,18	-30,80193	-28,83536	-32,11266
13860	-27,52465	-31,45729	-28,18	-31,45728
13880	-27,52466	-30,80193	-27,52465	-32,11265
13900	-26,8693	-30,80193	-27,52466	-31,45728
13920	-26,21394	-30,14657	-26,21394	-30,80192
13940	-26,21396	-30,14656	-26,21395	-30,80192
13960	-24,90324	-29,4912	-25,5586	-30,14655
13980	-24,90324	-28,83584	-25,5586	-29,49119
14000	-23,59252	-28,18047	-24,24788	-28,18047
14020	-23,59252	-27,52512	-23,59251	-27,52512
14040	-22,93715	-26,21441	-22,93715	-26,86977
14060	-21,62643	-25,55905	-22,28178	-25,55905
14080	-21,62643	-24,9037	-21,62642	-25,55906
14100	-20,97107	-24,24834	-21,62642	-24,9037
14120	-20,97107	-24,24834	-20,97106	-24,9037
14140	-20,31571	-23,59298	-20,3157	-24,24834
14160	-19,00499	-23,59297	-19,66035	-23,59297
14180	-18,34963	-22,9376	-19,00499	-22,9376
14200	-17,69427	-21,62688	-17,69426	-22,28224
14220	-16,38354	-20,97152	-15,72817	-20,97152
14240	-15,07282	-19,66081	-15,0728	-19,6608
14260	-14,41744	-18,35008	-15,0728	-19,6608
14280	-15,0728	-19,00545	-15,72816	-19,6608
14300	-15,72816	-19,00544	-15,72815	-20,31616
14320	-15,72816	-19,00544	-16,38096	-20,31616
14340	-15,72816	-19,6608	-17,69424	-20,31616
14360	-23,5926	-20,31618	-28,83555	-20,97154
14380	-27,52482	-20,31617	-28,83551	-20,97153
14400	-28,18016	-20,31617	-28,83551	-21,62689
14420	-28,83551	-20,97153	-29,49086	-21,62688
14440	-29,49086	-20,31617	-30,14622	-20,97152
14460	-29,49085	-20,31616	-30,80157	-20,97151
14480	-30,14622	-20,31616	-31,45693	-20,97151
14500	-30,80157	-19,66079	-30,80157	-20,31615
14520	-30,14622	-19,00542	-30,80157	-19,00541
14540	-30,14622	-18,35005	-31,45693	-19,0054
14560	-30,80158	-18,35003	-31,45694	-18,35003
14580	-30,80159	-17,03931	-31,45694	-17,69466
14600	-30,14622	-16,38395	-30,80157	-16,38393
14620	-29,49086	-15,07322	-29,49085	-15,07321
14640	-28,18014	-13,10712	-26,21406	-13,10711
14660	-23,59263	-10,48566	-21,62656	-8,51956
14680	-17,69441	-5,24275	-14,41761	-1,96594
14700	-10,48546	3,27694	-6,55329	7,20911
14720	0,00036000000000058	11,14128	1,96647	12,45199
14740	3,93254	14,41807	4,58791	15,07342
14760	6,55398	15,72877	6,55398	15,07341
14780	7,20934	15,07341	6,55398	14,41805
14800	7,21188	14,41804	5,89862	13,10733
14820	6,55398	14,41804	6,55398	13,76269
14840	7,20933	15,07341	7,86469	13,76269
14860	8,52005	15,72877	8,52005	15,07341
14880	9,83076	15,72877	9,1754	15,72878
14900	9,83076	17,03949	9,17541	16,38414
14920	9,83077	17,03949	8,52005	16,38413
14940	9,1754	17,03949	8,52005	15,72877
14960	7,86468	15,72877	7,20932	14,41805
14980	6,55396	14,41805	5,89861	13,10733
15000	5,8986	13,10733	5,24324	12,45197
15020	5,24323	13,10733	4,58788	11,79661
15040	5,24324	13,10733	4,58788	11,79661
15060	-52,42845	12,45197	3,93252	11,14125
15080	3,93251	12,45197	3,27716	11,79661
15100	4,58787	12,45197	3,93252	11,79661
15120	3,93252	12,45197	3,93252	11,79661
15140	3,93252	13,10733	3,93252	12,45197
15160	5,24323	13,10733	4,58788	12,45197
15180	5,24323	13,10733	4,58788	13,10733
15200	5,24323	14,41805	5,24323	13,10733
15220	5,24323	14,41805	5,24324	13,10733
15240	5,24323	13,76268	5,24324	13,76268
15260	5,24323	14,41804	4,58788	13,76268
15280	5,24324	13,76268	3,93252	13,10733
15300	4,58787	13,76269	3,27716	13,10733
15320	3,93251	13,76269	3,93253	13,10733
15340	3,93252	13,10733	3,27716	12,45197
15360	3,27717	13,10733	2,62182	12,45197
15380	3,27717	13,10732	2,62182	12,45196
15400	3,27718	13,76268	2,62182	13,10732
15420	3,27718	13,76268	3,27719	13,76269
15440	3,27719	14,41804	3,2772	14,41805
15460	3,93256	15,0734	3,27721	15,0734
15480	3,93257	15,72876	2,62185	14,41804
15500	2,62185	15,0734	2,62186	13,76268
15520	1,9665	14,41804	1,9665	14,41803
15540	2,62186	14,41803	1,9665	13,76267
15560	1,9665	14,41803	1,31115	13,76267
15580	1,31114	14,41803	0,65579	13,76267
15600	0,00041999999999831	14,41803	0,00043999999999755	13,76268
15620	0,00043000000000148	13,76267	-1,31029	13,10731
15640	-0,65493	13,76267	-1,31029	13,10731
15660	-0,65493	13,76267	0,00043000000000148	13,1073
15680	0,65578	13,10731	0,65578	12,45195
15700	1,96649	13,10731	1,31113	12,45195
15720	2,62184	12,45194	1,96648	11,79659
15740	1,96647	12,45194	1,96647	11,14122
15760	1,96646	11,79658	1,96647	11,14122
15780	1,96647	11,79658	1,96647	11,14122
15800	2,62182	11,14121	1,96647	10,48586
15820	1,96646	11,14122	0,00036999999999665	9,83049
15840	-4,58724	9,17512	-5,24261	8,51976
15860	-4,58724	9,17512	-5,24259	8,51976
15880	-4,58724	8,51976	-4,58724	7,8644
15900	-3,93188	9,17512	-3,93188	8,51976
15920	-3,27652	9,83047	-2,62115	9,17512
15940	-2,62116	10,48583	-2,62115	9,17511
15960	-1,9658	10,48584	-1,96579	9,83048
15980	-1,9658	9,83047	-1,96579	9,17512
16000	-1,9658	9,83047	-2,62115	9,17511
16020	-1,9658	9,83047	-2,62115	8,51975
16040	-2,62116	9,17512	-2,62116	8,51975
16060	-2,62116	8,51975	-3,93187	7,86439
16080	-3,27652	8,51974	-3,27651	8,51975
16100	-2,62116	9,1751	-3,27652	8,51975
16120	-2,62116	9,1751	-3,27651	8,51975
16140	-2,62115	9,17511	-3,27651	8,51975
16160	-2,62115	9,1751	-3,2765	9,17511
16180	-2,62115	9,83047	-3,2765	9,17511
16200	-3,27651	9,1751	-2,62114	8,51975
16220	-2,62115	9,83046	-3,27651	8,51974
16240	-2,62115	9,1751	-2,62115	9,1751
16260	-1,31043	9,83045	-1,96579	9,1751
16280	-0,65507	10,48581	-1,31043	9,83045
16300	-0,65507	10,48581	-0,65507	9,83045
16320	0,00028999999999968	11,14117	0,00030000000000285	10,4858
16340	1,31101	11,79652	1,31102	11,14116
16360	1,96638	13,10724	1,96638	11,79652
16380	3,2771	13,10724	2,62174	11,79652
16400	2,62174	12,45188	1,96638	11,79652
16420	1,96637	11,79652	1,31102	11,14116
16440	1,96637	11,79652	1,96638	11,14116
16460	1,96638	11,79652	1,31102	11,14116
16480	1,96637	11,79652	1,31102	11,14116
16500	1,96638	11,79652	1,31102	11,14117
16520	1,96637	11,79652	2,62173	11,14117
16540	3,27708	12,45189	2,62173	11,14117
16560	3,93243	11,79653	3,93243	10,48581
16580	4,58778	11,79652	3,93242	11,14117
16600	4,58777	11,79653	3,93242	10,48581
16620	4,58777	11,14117	7,20925	11,79654
16640	9,83073	11,79654	9,17539	11,79655
16660	9,83074	11,79655	9,17538	11,14119
16680	9,83074	11,79655	9,17538	11,14119
16700	9,83074	11,79656	9,17537	11,14119
16720	9,83073	11,79655	9,83072	11,1412
16740	10,48608	12,45192	10,48608	12,45193
16760	11,14144	13,10729	10,48609	12,45193
16780	11,14144	13,10729	10,48609	12,45193
16800	10,48609	13,10729	9,83074	11,79657
16820	10,4861	13,10729	10,48611	12,45193
16840	10,48611	12,45192	10,48612	11,79656
16860	10,48612	11,79655	9,83077	11,1412
16880	9,83076	11,14119	9,17541	10,48584
16900	8,52005	10,48583	7,20933	8,51975
16920	5,89861	9,1751	3,93255	7,20902
16940	3,27719	7,20901	1,96649	5,89829
16960	1,31113	6,55364	0,00041999999999831	4,58757
16980	0,00041999999999831	5,24292	-0,65493	4,58757
17000	-1,3103	5,24293	-1,96565	4,58757
17020	-1,31029	4,58757	-1,96565	3,93222
17040	-1,31029	4,58757	-1,96565	3,93222
17060	-1,96566	4,58758	-2,62101	3,93223
17080	-1,96566	4,58759	-1,96566	3,93223
17100	-1,96567	4,58759	0,65582	4,58842
17120	6,55416	5,89833	5,24346	4,58763
17140	3,93273	4,58763	3,27737	3,27692
17160	2,62201	3,27691	1,3113	1,96619
17180	1,31129	2,62155	0,65594	1,96619
17200	1,3113	2,62155	1,31131	1,9662
17220	1,96666	3,27692	1,96667	2,62156
17240	2,62202	3,93228	2,62203	3,93229
17260	3,27739	4,58765	3,2774	4,58765
17280	2,62202	5,24301	0,00054000000000087	4,58765
17300	0,00054000000000087	5,24302	-1,31018	4,58766
17320	-0,65481	4,58766	-0,65481	3,9323
17340	0,00054999999999694	5,24302	0,65591	4,58767
17360	1,31127	5,24303	1,96663	4,58767
17380	2,62199	5,89839	1,96664	5,24304
17400	2,62199	5,89839	1,96664	5,8984
17420	1,96664	6,55376	1,96665	5,8984
17440	1,31128	6,55376	1,31128	5,24304
17460	1,96664	6,55376	1,96665	5,8984
17480	2,622	7,20912	1,96665	5,8984
17500	2,622	7,20912	1,96665	5,8984
17520	2,62201	6,55376	1,96665	5,8984
17540	2,62201	6,55376	1,3113	5,89841
17560	1,96666	7,20913	1,3113	5,89841
17580	1,96666	6,55376	1,31131	5,89841
17600	1,3113	6,55376	0,65595	5,8984
17620	1,3113	6,55377	0,65595	5,24305
17640	1,31131	6,55377	0,65596	5,89841
17660	1,31131	6,55377	0,65596	5,89841
17680	1,31131	6,55377	0,0005999999999986	5,89841
17700	0,65595	5,89841	0,0005999999999986	5,89841
17720	0,65595	6,55377	0,0005999999999986	5,89842
17740	1,31132	6,55378	5,24354	7,20916
17760	9,83116	7,86453	9,8312	7,20919
17780	9,17583	7,86455	8,52047	6,55384
17800	8,52047	7,20919	8,52047	7,2092
17820	8,52047	7,86455	8,52047	7,2092
17840	8,52047	7,86456	7,86511	7,2092
17860	7,8651	7,86456	7,20974	6,55384
17880	7,20974	7,20919	6,55439	6,55384
17900	7,20974	7,2092	6,55439	6,55384
17920	7,20974	7,2092	6,55438	6,55384
17940	6,55438	7,2092	5,89903	6,55385
17960	6,55438	7,2092	5,89902	5,89848
17980	5,89902	7,20919	5,24367	6,55384
18000	5,89902	6,55384	5,24367	6,55384
18020	5,24366	6,55383	4,58831	5,89847
18040	7,20978	6,55384	6,55445	5,89849
18060	5,89909	5,89849	5,24374	5,24313
18080	5,24373	5,89848	4,58837	5,24313
18100	4,58837	5,89849	3,93302	5,24312
18120	3,27765	5,24312	2,62229	4,58776
18140	2,62228	5,24312	1,31158	3,9324
18160	1,31157	4,58776	0,00086000000000297	3,9324
18180	0,0008499999999998	4,58776	0,00086000000000297	3,9324
18200	0,00086000000000297	4,58776	-0,6545	3,9324
18220	-0,6545	5,24312	-1,96521	3,9324
18240	-1,30986	4,58776	-2,62058	3,9324
18260	-2,62058	5,24311	-3,27593	4,58775
18280	-3,27594	5,24311	-4,58666	3,93239
18300	-4,58666	5,24311	-5,24201	4,58776
18320	-5,89738	5,24311	-6,55273	3,9324
18340	-6,55274	4,58775	-7,20809	3,9324
18360	-7,2081	4,58775	-7,86345	3,93239
18380	-7,2081	3,93239	-7,86346	2,62167
18400	-7,20811	3,27703	-7,86346	1,96632
18420	-7,20811	2,62167	-7,86347	1,31095
18440	-6,55276	2,62168	-7,86348	0,6556
18460	-9,17423	1,31095	-9,17422	0,6556
18480	-8,51886	1,31095	-9,82958	0,00023000000000195
18500	-9,17422	0,65559	-9,82958	-0,65513
18520	-9,82959	-0,65513	-10,48495	-1,31048
18540	-9,82958	-1,31049	-10,48494	-1,96584
18560	-9,82958	-1,31049	-9,82958	-1,96584
18580	-9,17422	-1,31049	-10,48494	-1,96584
18600	-9,82959	-1,31048	-10,48494	-2,6212
18620	-9,17423	-1,96584	-9,82958	-2,6212
18640	-9,17423	-1,96584	-9,17422	-2,62119
18660	-9,17423	-1,31048	-9,82958	-2,6212
18680	-8,51886	-1,96584	-9,82957	-2,6212
18700	-9,17421	-2,62121	-9,82956	-3,27658
18720	-9,82956	-3,27659	-10,48491	-4,58732
18740	-10,48491	-3,93197	-11,14026	-5,24269
18760	-11,14026	-5,2427	-12,45098	-6,55341
18780	-11,79562	-6,55341	-12,45097	-6,55342
18800	-11,79561	-6,55342	-13,10632	-7,20878
18820	-12,45097	-6,55342	-13,10632	-7,86414
18840	-12,45096	-7,20878	-13,76168	-8,51951
18860	-16,38318	-8,51952	-17,69391	-8,51952
18880	-16,38318	-7,86415	-17,03854	-8,51951
18900	-17,03854	-8,51951	-17,03854	-9,17486
18920	-17,03855	-9,17486	-17,6939	-9,83022
18940	-17,03855	-9,17487	-18,34926	-10,48558
18960	-17,69391	-9,83023	-18,34925	-11,14095
18980	-18,34926	-10,48559	-19,00461	-11,79631
19000	-19,00462	-11,79632	-19,65997	-13,10704
19020	-19,65997	-13,10705	-20,31533	-13,76241
19040	-19,65997	-13,10705	-20,31533	-14,41777
19060	-20,31534	-13,76242	-20,97069	-15,07313
19080	-20,9707	-15,07314	-21,62606	-15,7285
19100	-20,9707	-15,72851	-21,62606	-16,38387
19120	-21,62606	-15,72852	-21,62607	-16,38388
19140	-21,62607	-15,72852	-22,28143	-16,38388
19160	-21,62607	-15,72853	-22,28143	-16,38389
19180	-22,28144	-15,72853	-22,28143	-16,38389
19200	-22,28144	-15,72853	-22,93679	-17,03925
19220	-22,93681	-15,72854	-23,59216	-17,03926
19240	-23,59217	-16,3839	-22,9368	-17,03927
19260	-23,59217	-16,38391	-23,59216	-17,69464
19280	-23,59217	-16,38392	-22,93681	-17,69464
19300	-22,28145	-17,03928	-21,6261	-17,03928
19320	-20,97074	-16,38392	-20,97074	-17,69464
19340	-20,97075	-17,03928	-20,97075	-18,34999
19360	-20,31539	-17,69464	-20,31539	-18,34999
19380	-20,3154	-18,35	-20,31539	-18,35001
19400	-19,66004	-17,69465	-19,66003	-18,35001
19420	-19,00468	-17,69466	-19,66003	-18,35001
19440	-18,34932	-17,69465	-19,00467	-19,00537
19460	-18,34933	-18,35002	-19,00469	-19,00538
19480	-17,69398	-18,35002	-18,34934	-19,66074
19500	-17,69399	-19,66074	-18,34935	-20,31609
19520	-17,03864	-20,3161	-17,69399	-20,97146
19540	-17,03864	-20,3161	-17,03863	-20,3161
19560	-15,72791	-19,66074	-16,38327	-20,3161
19580	-15,07255	-19,66074	-15,7279	-20,97146
19600	-15,07254	-20,3161	-15,7279	-20,97146
19620	-15,07255	-20,3161	-15,7279	-20,97146
19640	-15,7279	-20,97147	-15,7279	-21,62683
19660	-15,07255	-20,31611	-15,7279	-20,97147
19680	-14,41718	-20,31612	-15,07254	-20,97147
19700	-14,41718	-20,31611	-14,41718	-20,97147
19720	-14,41719	-20,31611	-14,41718	-20,97147
19740	-13,76183	-20,31611	-14,41718	-20,3161
19760	-13,76183	-19,66074	-13,76182	-20,3161
19780	-13,10647	-19,00537	-13,76182	-20,31609
19800	-13,10648	-19,66073	-14,41719	-20,31608
19820	-13,76184	-19,00536	-13,76184	-19,66071
19840	-13,76184	-19,00535	-14,4172	-19,66071
19860	-13,76184	-18,34998	-14,4172	-19,00534
19880	-13,76185	-18,34998	-14,41721	-19,00534
19900	-14,41721	-18,34998	-13,10648	-18,34997
19920	-7,86352	-16,38388	-7,86348	-17,03922
19940	-7,86349	-16,38387	-8,51885	-17,69459
19960	-8,51885	-17,03923	-8,51885	-17,69458
19980	-8,51886	-17,03923	-9,17421	-17,69458
20000	-8,51886	-17,03923	-9,17422	-17,69458
20020	-7,8635	-17,03922	-8,51886	-17,69457
20040	-7,8635	-17,03922	-8,51886	-17,69458
20060	-7,86351	-16,38386	-6,55278	-16,38385
20080	-5,89743	-15,07313	-4,58671	-15,72849
20100	-3,93136	-14,41777	-3,93135	-15,07314
20120	-3,27599	-13,76242	-3,93135	-14,41778
20140	-3,276	-13,76242	-3,93136	-15,07314
20160	-5,89748	-15,07315	-5,89749	-15,7285
20180	-5,24213	-15,07314	-4,58676	-15,07314
20200	-3,27605	-14,41778	-2,62069	-15,07313
20220	-2,6207	-14,41777	-2,6207	-15,07312
20240	-1,31	-14,41776	-1,30999	-14,41776
20260	-0,65464	-13,10704	-0,65463	-14,41776
20280	-0,65464	-13,7624	-1,96536	-15,07312
20300	-1,31	-14,41777	-2,62072	-15,07313
20320	-1,31	-14,41778	-1,31	-15,07313
20340	-0,65465	-14,41777	-0,65464	-15,07314
20360	0,00070999999999799	-14,41777	-0,65464	-15,07313
20380	0,00070999999999799	-14,41777	-1,31001	-15,7285
20400	-1,31001	-15,07314	-1,96537	-15,72849
20420	-1,96537	-15,07313	-2,62073	-16,38385
20440	-2,62073	-15,7285	-3,93145	-16,38386
20460	-3,93145	-15,7285	-4,58681	-16,38386
20480	-5,24218	-15,7285	-6,55288	-17,03922
20500	-7,20825	-16,38386	-7,86359	-17,69458
20520	-8,51895	-17,03923	-9,82711	-17,6946
20540	-10,48501	-17,69461	-11,79571	-18,34997
20560	-12,45106	-18,34999	-13,10639	-19,66071
20580	-13,76174	-19,00537	-14,41709	-19,66073
20600	-15,07245	-19,66073	-15,72779	-20,31609
20620	-15,7278	-20,31609	-16,38315	-20,97145
20640	-15,7278	-20,97145	-16,38315	-20,97145
20660	-15,7278	-20,31608	-16,38315	-21,6268
20680	-15,07244	-20,97144	-15,07244	-21,62678
20700	-14,41709	-20,31606	-14,41709	-21,62678
20720	-13,76174	-20,97142	-13,76173	-21,62678
20740	-13,76174	-20,97142	-10,48488	-20,9714
20760	-7,86338	-20,97139	-9,82945	-21,62675
20780	-9,1741	-21,62675	-9,17409	-22,93746
20800	-8,51873	-22,2821	-9,17408	-23,59282
20820	-8,51873	-22,93746	-8,51871	-23,59281
20840	-7,86335	-22,93745	-9,17407	-24,24818
20860	-7,86335	-24,24818	-8,5187	-24,90354
20880	-8,5187	-24,90354	-9,17405	-26,21425
20900	-9,17406	-25,55889	-9,17405	-26,2135
20920	-9,17405	-26,21425	-9,8294	-26,86961
20940	-9,17405	-26,21425	-10,48477	-27,52497
20960	-9,82941	-26,86961	-10,48477	41,28783
20980	-10,48477	-26,86961	-11,79548	-28,18033
21000	-11,79549	-26,86961	-12,45084	-27,52497
21020	-11,79549	-26,21425	-12,45085	-26,86961
21040	-11,14013	-26,21425	-11,79549	-26,86961
21060	-11,7955	-25,5589	-12,45085	-26,21426
21080	-11,7955	-24,90354	-13,10621	-25,5589
21100	-12,45086	-24,90355	-13,10622	-24,90355
21120	-12,45086	-23,59283	-13,10621	-24,24819
21140	-13,10622	-22,93747	-13,10622	-23,59284
21160	-13,10622	-22,28212	-13,10622	-22,93747
21180	-12,45087	-22,28212	-12,45087	-22,93748
21200	-11,79551	-22,28212	-11,14015	-22,93748
21220	-9,82944	-21,62676	-10,48479	-22,28211
21240	-9,82944	-21,62675	-9,82944	-22,28211
21260	-9,17409	-21,62675	-9,17408	-22,2821
21280	-8,51872	-21,62674	-9,82944	-21,62673
21300	-9,17409	-21,62674	-9,17409	-22,28209
21320	-8,51873	-21,62673	-9,17409	-22,28208
21340	-8,51874	-21,62673	-9,17409	-22,93744
21360	-8,51874	-22,28207	-9,17409	-22,93743
21380	-7,86338	-22,28207	-8,51873	-22,28207
21400	-7,86338	-21,62671	-8,51874	-22,28206
21420	-7,86338	-22,28206	-7,86337	-22,93742
21440	-2,62042	-20,31596	3,93338	-19,66058
21460	5,89956	-18,34984	5,24422	-19,0052
21480	5,89958	-17,69448	5,89958	-17,69447
21500	7,2103	-17,03911	6,55494	-17,69447
21520	7,86565	-17,03911	7,21029	-17,03911
21540	8,52101	-16,38375	7,86565	-17,0391
21560	8,521	-16,38375	8,52101	-17,03911
21580	9,17636	-15,72838	8,521	-16,38374
21600	9,83172	-15,72838	9,17636	-16,38374
21620	9,83172	-15,72838	9,17636	-16,38374
21640	9,83172	-15,07302	9,17637	-15,72838
21660	9,83173	-15,07302	9,83173	-15,72838
21680	9,83173	-15,07302	9,83173	-15,72838
21700	9,83172	-15,07302	9,83173	-15,72838
21720	10,48707	-14,41766	9,83172	-15,72838
21740	10,48708	-15,07302	9,83172	-15,72838
21760	10,48707	-15,07302	10,48708	-15,07302
21780	10,48708	-14,41766	10,48708	-15,07302
21800	11,14244	-13,7623	10,48708	-14,41766
21820	11,14243	-13,7623	10,48708	-14,41766
21840	11,14243	-13,10695	10,48707	-14,41767
21860	10,48706	-13,10695	9,83171	-13,7623
21880	10,48707	-13,10695	10,48708	-13,76231
21900	10,48707	-12,45158	10,48707	-13,10695
21920	10,48707	-12,45159	10,48707	-13,7623
21940	10,48706	-13,10695	9,83171	-13,7623
21960	9,8317	-13,10695	9,17635	-14,41766
21980	9,8317	-13,10695	9,17635	-13,7623
22000	9,8317	-13,10694	9,17634	-13,7623
22020	9,8317	-12,45158	9,17634	-13,10694
22040	9,17634	-12,45158	8,52098	-13,10694
22060	8,52098	-12,45158	7,86562	-13,10693
22080	7,86562	-12,45157	7,86562	-13,10693
22100	8,52099	-12,45157	9,83177	-12,45156
22120	9,83177	-12,45156	9,17642	-13,10692
22140	9,17641	-11,7962	9,17642	-12,45156
22160	9,17641	-11,14084	8,52106	-11,7962
22180	9,17641	-11,14084	8,52106	-12,45156
22200	9,17641	-11,7962	9,17642	-12,45156
22220	9,17641	-11,79621	9,83177	-12,45156
22240	10,48712	-11,79621	10,48713	-12,45157
22260	11,14248	-11,79622	11,14249	-12,45158
22280	11,79785	-11,79623	11,79785	-13,10694
22300	12,45321	-11,79622	11,79785	-13,10694
22320	11,79784	-12,45158	11,79786	-13,10694
22340	12,45321	-12,45159	11,79785	-13,10694
22360	12,4532	-12,45159	12,45321	-13,7623
22380	12,4532	-12,45159	12,45321	-13,76231
22400	13,10857	-12,45159	12,45321	-13,76231
22420	13,10856	-13,10696	12,45321	-13,10695
22440	12,45575	-13,10695	12,45321	-13,76231
22460	12,4532	-13,10696	12,45321	-14,41767
22480	13,10856	-13,10696	12,4532	-13,76232
22500	12,45321	-13,10696	12,45322	-13,10696
22520	13,10857	-13,10696	12,45321	-13,10696
22540	13,10857	-12,4516	12,45321	-12,4516
22560	13,10857	-12,4516	12,45322	-12,4516
22580	12,45321	-11,79624	12,45321	-11,79623
22600	13,10857	-11,79624	12,45321	-11,79623
22620	13,10857	-11,14087	12,45321	-11,14087
22640	13,10856	-10,48551	12,45321	-11,14087
22660	13,10857	-10,48551	12,45321	-11,14087
22680	12,45321	-10,48552	12,45321	-10,48551
22700	13,10856	-10,48552	10,4871	-11,79624
22720	-2,62047	-14,41773	-24,9031	-18,34997
22740	-47,84106	-20,31608	-52,42884	-22,28216
22760	-52,42892	-21,62681	-52,42887	-21,62681
22780	-52,42883	-20,31609	-52,42881	-20,3161
22800	-52,4288	-19,66074	-52,42878	-20,3161
22820	-52,42877	-19,66075	-52,42877	-20,97147
22840	-52,42876	-20,31611	-52,42876	-21,62683
22860	-52,42876	-20,97147	-52,42876	-21,62683
22880	-52,42876	-21,62683	-52,42875	-21,62683
22900	-52,42876	-20,97147	-52,42875	-22,28219
22920	-52,42876	-20,97147	-52,42875	-22,28218
22940	-52,42875	-21,62683	-52,42875	-22,28219
22960	-52,42875	-21,62684	-52,42879	-22,93755
22980	-52,42893	-23,59292	-52,429	-24,24827
23000	-52,42898	-22,93755	-52,42896	-23,59291
23020	-52,42897	-22,28219	-52,42897	-23,5929
23040	-52,42897	-22,28218	-52,42896	-22,93754
23060	-52,42897	-22,28218	-52,42896	-22,28218
23080	-52,42897	-21,62681	-52,42897	-21,6268
23100	-52,42897	-20,97144	-52,42897	-21,6268
23120	-52,42898	-20,97144	-52,42898	-21,62679
23140	-52,429	-20,31607	-52,429	-21,62678
23160	-52,42901	-20,31606	-52,429	-20,97142
23180	-52,42906	-20,31606	-52,42911	-21,62678
23200	-52,42911	-20,31605	-52,4291	-20,97141
23220	-52,42911	-20,31605	-52,42914	-20,31605
23240	-52,42911	-19,66069	-52,42911	-20,31604
23260	-52,42911	-19,66068	-52,42911	-19,66066
23280	-52,42912	-18,34995	-52,42912	-19,0053
23300	-52,42913	-18,34995	-52,42913	-19,66066
23320	-52,42914	-18,34994	-52,42913	-19,66065
23340	-52,42913	-18,34993	-52,42913	-19,00529
23360	-52,42914	-18,34993	-52,42913	-19,00528
23380	-52,42914	-17,69456	-52,42914	-17,69455
23400	-52,42916	-16,38383	-52,42916	-16,38382
23420	-52,42918	-13,76237	-52,42922	-12,45163
23440	-52,42929	-9,17483	-52,42938	-8,51946
23460	-52,42947	-5,24269	-52,42949	-2,62126
23480	-52,42948	2,62165	-52,42947	4,58778
23500	-52,42947	9,1753	-52,42943	11,79673
23520	-52,42939	13,76279	-52,42932	13,76279
23540	-52,42929	13,76279	-52,4293	12,45207
23560	-52,4293	13,10743	-52,42929	12,45207
23580	-52,4293	12,45208	-52,42929	11,14138
23600	-52,4293	11,14139	-52,42929	10,48604
23620	-52,42929	10,48605	-52,42929	10,48606
23640	-52,42929	11,14142	-52,42928	9,83071
23660	-52,42928	10,48608	-52,42928	10,48609
23680	-51,77426	10,48608	-52,42927	9,83073
23700	-51,11855	10,48608	-48,49704	9,83072
23720	-46,53093	10,48608	-47,18628	9,17537
23740	-47,18629	9,83073	-47,18628	9,17536
23760	-46,53092	9,83072	-47,18627	8,52
23780	-46,53091	9,17536	-47,84163	8,52
23800	-47,18627	9,17536	-47,84163	7,86464
23820	-46,53092	8,51999	-45,87555	8,52
23840	-45,2202	9,17535	-45,2202	7,86463
23860	-44,56485	8,51999	-45,2202	7,86463
23880	-44,56485	7,86463	-45,22021	7,20927
23900	-44,56486	7,86462	-45,22021	7,20926
23920	-44,56486	7,20926	-45,22021	6,5539
23940	-44,56486	7,20925	-45,22022	6,55389
23960	-44,56486	6,55389	-44,56485	6,55389
23980	-43,9095	7,20925	-44,56486	5,89852
24000	-43,25414	7,20924	-43,9095	5,89852
24020	-43,90951	6,55388	-43,9095	5,89852
24040	-42,59878	6,55387	-44,56487	5,24315
24060	-43,90951	5,89851	-44,56486	5,24316
24080	-43,90951	5,89851	-43,9095	5,24316
24100	-43,90951	5,24315	-44,56486	5,24315
24120	-43,9095	5,24315	-44,56485	4,58779
24140	-43,9095	5,24315	-43,90949	4,58779
24160	-43,25413	5,24315	-43,90949	5,24315
24180	-43,25414	5,8985	-43,90949	5,24315
24200	-43,25413	5,24315	-43,90949	4,58778
24220	-42,59877	5,8985	-43,90948	4,58778
24240	-43,25413	5,24314	-43,90948	4,58778
24260	-43,25412	5,24314	-43,90948	4,58778
24280	-43,90948	5,24313	-43,90948	3,93242
24300	-43,90948	5,24314	-44,56483	4,58777
24320	-43,25411	4,58777	-44,56483	3,93241
24340	-43,25411	5,24313	-43,90946	4,58777
24360	-43,90947	5,24312	-43,90994	3,93241
24380	-43,90947	5,24312	-44,56482	3,9324
24400	-43,90947	4,58776	-44,56482	3,9324
24420	-44,56483	4,58776	-45,22018	3,9324
24440	-45,22019	4,58775	-45,22018	3,93239
24460	-45,22019	3,93239	-45,8757	3,27702
24480	-45,22019	3,93238	-45,87554	3,27702
24500	-45,87555	3,93238	-45,87555	2,62166
24520	-45,2202	3,27702	-45,87555	1,9663
24540	-45,2202	2,62166	-45,87556	1,31094
24560	-45,22021	1,9663	-45,22021	1,31094
24580	-44,56486	1,96629	-44,56485	1,31093
24600	-43,9095	2,62165	-43,9095	1,31093
24620	-43,9095	2,62164	-43,9095	1,96628
24640	-43,25414	1,96628	-43,9095	1,31092
24660	-43,90951	1,96627	-43,9095	0,65555000000001
24680	-52,42919	1,31091	-44,56487	0,00019000000000347
24700	-44,56487	0,65554	-44,56487	0,65555000000001
24720	-43,90951	1,3109	-43,90951	0,65554
24740	-43,25415	1,31089	-43,25415	0,65554
24760	-42,59879	0,65553	-43,25414	0,65553000000001
24780	-42,59879	1,31089	-42,59878	0,65553000000001
24800	-41,94343	1,31089	-42,59878	0,65553000000001
24820	-41,94343	1,31088	-42,59878	0,65553000000001
24840	-41,94343	0,65552	-42,59878	0,00016000000000105
24860	-43,25416	0,65552	-49,15248	-0,65521
24880	-50,46325	-0,65522	-50,46323	-0,65521
24900	-49,80787	0,00014999999999787	-49,80786	-0,65522
24920	-49,80787	0,00014999999999787	-50,46323	-0,65522
24940	-50,46323	0,00014000000000181	-50,46322	-0,65521
24960	-49,80787	0,00014999999999787	-50,46322	-0,65521
24980	-49,80786	0,00014999999999787	-50,46322	-0,65522
25000	-49,80786	0,00014000000000181	-50,46321	-0,65522
25020	-49,80785	-0,65522	-51,11857	-1,31058
25040	-50,46322	-0,65522	-52,42931	-1,96594
25060	-52,42941	-1,96596	-52,42943	-3,27667
25080	-52,42942	-1,96595	-52,4294	-2,62131
25100	-52,42942	-1,96596	-52,4294	-2,62131
25120	-52,42941	-1,96596	-52,42939	-2,62131
25140	-52,4294	-1,96596	-52,42939	-2,62132
25160	-52,42939	-1,96596	-52,42939	-2,62132
25180	-52,42939	-1,96595	-52,42938	-2,62131
25200	-52,42939	-1,96595	-52,42939	-2,62131
25220	-52,42939	-1,96595	-52,42938	-2,62131
25240	-52,42939	-1,31059	-52,42938	-1,96594
25260	-52,42938	-1,31059	-52,42937	-2,62131
25280	-52,42938	-1,96595	-52,42938	-2,6213
25300	-52,42938	-1,96595	-52,42938	-1,96594
25320	-52,42937	-1,31056	-52,42935	-1,96592
25340	-52,42936	-1,31056	-52,42934	-1,31056
25360	-52,42935	-1,31056	-52,42934	-1,96592
25380	-52,42934	-1,31057	-52,42934	-1,96593
25400	-52,42934	-1,31057	-52,42932	-1,96593
25420	-52,42933	-1,31058	-52,42932	-1,96594
25440	-52,42932	-1,31058	-52,42932	-1,96594
25460	-52,42932	-1,31058	-52,42931	-1,31058
25480	-52,42919	0,6555	-50,463	0,00015000000000498
25500	-50,46298	0,65551	-51,7737	0,00016000000000105
25520	-51,11835	0,65552	-51,7737	0,00016000000000105
25540	-51,7737	1,31088	-51,77369	0,65552
25560	-51,77369	1,31087	-51,77369	0,65552
25580	-51,77369	1,96624	-51,77369	0,65551000000001
25600	-50,46298	0,65551	-51,11835	0,00015000000000498
25620	-49,80764	0,65552	-49,80764	0,00016000000000105
25640	-49,1523	0,65552	-49,15229	0,00016000000000105
25660	-48,49694	0,00014999999999787	-49,15229	0,00016000000000105
25680	-48,49694	0,65551	-48,49694	-0,65519999999999
25700	-48,49695	0,00014999999999787	-47,84159	-0,65519999999999
25720	-47,84159	0,00014999999999787	-47,18622	-0,65521
25740	-45,22013	0,65551	-46,53086	-0,65521
25760	-45,22014	0,00014999999999787	-45,87549	-0,65521
25780	-45,8755	-0,65521	-45,8755	-1,31057
25800	-45,8755	-1,31058	-46,53085	-1,96594
25820	-45,8755	-1,96595	-47,18622	-2,62131
25840	-46,53086	-1,96595	-47,18622	-2,6213
25860	-46,53086	-1,96595	-46,53087	-3,27667
25880	-46,53087	-2,62131	-46,53086	-3,27667
25900	-46,53087	-2,62131	-46,53087	-3,27667
25920	-45,87551	-2,62131	-46,53086	-3,27667
25940	-45,87551	-2,62131	-46,53086	-3,27667
25960	-45,87551	-2,62131	-46,53086	-3,93203
25980	-45,22014	-3,27667	-45,87549	-3,93203
26000	-45,8755	-3,27667	-45,22013	-3,27666
26020	-45,22014	-2,62131	-45,8755	-3,27666
26040	-45,22014	-2,62131	-46,53085	-3,93203
26060	-45,8755	-3,27667	-46,53085	-3,93204
26080	-45,8755	-3,93204	-47,18621	-4,5874
26100	-46,53085	-4,58741	-47,18621	-5,24276
26120	-47,18621	-4,58741	-47,84156	-5,24277
26140	-47,84157	-4,58741	-47,84156	-5,24277
26160	-47,84157	-5,24278	-48,49692	-5,89814
26180	-48,49693	-5,24279	-49,15228	-5,89815
26200	-48,49692	-5,89816	-49,15227	-6,55351
26220	-49,15228	-5,89817	-49,15227	-6,55353
26240	-47,84154	-5,24281	-43,90931	-5,89816
26260	-42,59856	-5,24281	-43,25391	-5,89817
26280	-43,25391	-5,24282	-43,2539	-6,55354
26300	-43,25135	-5,89819	-44,56461	-6,55355
26320	-44,56461	-5,8982	-45,21996	-7,20892
26340	-45,21996	-6,55357	-46,53067	-7,86429
26360	-45,87531	-7,86429	-47,18603	-8,51966
26380	-46,53067	-7,86431	-47,84138	-9,17503
26400	-47,84138	-8,51969	-48,49673	-9,83042
26420	-45,21989	-9,17507	-44,56449	-9,83042
26440	-44,56449	-9,17507	-45,8752	-9,83043
26460	-45,87521	-9,83043	-45,8752	-10,4858
26480	-45,8752	-9,83044	-45,87519	-10,48581
26500	-46,53055	-9,83046	-47,1859	-11,14118
26520	-47,18591	-10,48583	-47,1859	-10,48583
26540	-47,18591	-9,83048	-47,84127	-10,48584
26560	-47,84127	-9,83049	-48,49663	-10,48585
26580	-47,84127	-9,8305	-48,49662	-10,48586
26600	-48,49663	-9,17514	-49,15199	-9,8305
26620	-48,49663	-9,17515	-48,49663	-9,83051
26640	-47,84127	-9,17515	-47,84127	-10,48587
26660	-46,53056	-9,83052	-47,18592	-10,48587
26680	-46,53057	-9,83052	-46,53057	-11,14124
26700	-46,53058	-10,48588	-47,18594	-11,14124
26720	-46,53059	-10,48588	-46,53058	-11,14124
26740	-45,87523	-11,14125	-46,53058	-11,79661
26760	-45,87523	-11,14125	-45,87522	-11,79662
26780	-43,25376	-11,14125	-41,28762	-11,79661
26800	-40,63226	-11,14125	-41,28762	-12,45197
26820	-41,28763	-12,45197	-41,94298	-13,10733
26840	-41,28763	-12,45197	-41,94299	-13,10733
26860	-52,42876	-13,10733	-41,94299	-13,76269
26880	-41,28764	-13,10733	-41,943	-13,76269
26900	-41,28765	-13,10733	-41,943	-13,76269
26920	-41,94301	-13,10733	-41,943	-13,76269
26940	-41,28765	-13,10734	-41,94301	-14,41805
26960	-41,28765	-13,10734	-41,94301	-13,76269
26980	-41,94302	-13,10733	-41,94301	-13,76269
27000	-41,28765	-13,10733	-41,94301	-13,7627
27020	-41,28766	-13,10734	-41,94301	-13,76269
27040	-41,28766	-13,10734	-41,94301	-13,76269
27060	-41,28766	-13,76269	-41,94301	-13,76269
27080	-41,94302	-13,10733	-42,59838	-14,41805
27100	-41,94302	-13,7627	-43,25374	-14,41806
27120	-41,94302	-13,7627	-42,59837	-14,41805
27140	-42,59838	-13,7627	-42,59838	-14,41805
27160	-40,63228	-13,10733	-38,66615	-13,76268
27180	-38,01078	-13,10732	-38,66614	-13,76268
27200	-38,01079	-13,10732	-38,66614	-13,76268
27220	-38,01079	-13,10732	-39,3215	-13,76268
27240	-38,66615	-13,76268	-39,3215	-14,41804
27260	-38,66615	-13,10732	-39,3215	-14,41804
27280	-39,32151	-13,10732	-39,97686	-14,41804
27300	-39,32151	-13,76269	-39,97686	-14,41804
27320	-39,97687	-13,76268	-40,63222	-14,41804
27340	-39,97688	-13,10732	-40,63223	-14,41804
27360	-39,97687	-13,76268	-40,63223	-14,41803
27380	-40,63225	-13,76268	-40,63224	-14,41803
27400	-36,04467	-12,45194	-30,80168	-12,45192
27420	-29,49092	-11,79656	-30,14628	-11,79655
27440	-28,83558	-11,14119	-28,83557	-12,45191
27460	-28,18022	-11,79655	-28,18021	-12,4519
27480	-27,52487	-11,79655	-27,52486	-11,79654
27500	-26,86951	-11,79655	-27,52487	-12,4519
27520	-26,86952	-11,79653	-27,52488	-12,45189
27540	-26,86953	-11,79653	-27,52488	-12,45189
27560	-26,86953	-11,79652	-27,52488	-12,45188
27580	-26,21416	-11,79652	-26,86952	-12,45189
27600	-26,21417	-11,14117	-26,86952	-12,45188
27620	-26,21417	-11,14116	-26,86952	-11,79652
27640	-26,21417	-11,79652	-26,86954	-11,79651
27660	-26,86954	-11,14115	-26,86953	-12,45187
27680	-26,86954	-11,79651	-24,24806	-11,14114
27700	-21,62657	-10,48577	-22,93728	-11,14113
27720	-22,28194	-10,48577	-22,93729	-11,14112
27740	-22,28194	-10,48576	-22,93729	-11,14112
27760	-22,28194	-10,48576	-22,9373	-11,14112
27780	-22,28194	-10,48576	-23,59266	-11,79648
27800	-22,9373	-11,14113	-23,59265	-11,79649
27820	-22,9373	-10,48578	-23,59266	-11,14114
27840	-22,9373	-11,14114	-23,59378	-11,7965
27860	-23,59266	-11,14113	-24,24802	-11,7965
27880	-23,59266	-11,14114	-23,59265	-12,45186
27900	-23,59266	-11,14114	-23,59265	-11,7965
27920	-23,59266	-11,14114	-23,59265	-11,7965
27940	-23,59266	-11,14114	-24,24801	-11,79649
27960	-23,59266	-11,14113	-24,24801	-12,45186
27980	-24,24801	-11,14113	-24,90337	-11,7965
28000	-24,24801	-11,14114	-23,59264	-11,79649
28020	-18,34969	-9,8304	-17,03891	-10,48574
28040	-17,69427	-9,83039	-18,34963	-9,83038
28060	-17,69428	-9,17502	-18,34962	-9,83038
28080	-18,34963	-9,17502	-18,34962	-9,83038
28100	-18,34963	-9,17501	-19,00499	-9,17501
28120	-18,34963	-9,17501	-19,66034	-9,17501
28140	-19,00499	-9,17501	-19,66034	-9,83038
28160	-19,00499	-9,17503	-19,66034	-9,83039
28180	-19,66035	-9,8304	-20,3157	-11,14112
28200	-19,66035	-10,48577	-19,66034	-11,79649
28220	-18,34964	-11,14113	-18,34963	-12,45186
28240	-17,69428	-11,14114	-18,34963	-12,45186
28260	-17,69428	-11,7965	-17,03892	-12,45186
28280	-17,03893	-11,7965	-17,03893	-12,45186
28300	-16,38357	-11,7965	-12,45134	-11,14112
28320	-7,20838	-10,48574	-7,20834	-10,48574
28340	-6,55299	-10,48573	-6,55298	-10,48573
28360	-5,89762	-9,83037	-5,24226	-10,48573
28380	-5,24226	-9,83037	-5,24226	-11,1411
28400	-4,58691	-9,83037	-5,24227	-10,48573
28420	-4,58691	-10,48573	-5,24227	-11,14109
28440	-3,93155	-9,83038	-4,58691	-10,48573
28460	-3,93155	-9,83038	-4,58691	-10,48574
28480	-3,93156	-9,83038	-3,93155	-10,48574
28500	-3,2762	-9,83038	-8,51914	-11,1411
28520	-16,38361	-11,79649	-19,00508	-12,45186
28540	-18,34971	-11,14113	-18,34969	-12,45185
28560	-17,69434	-11,79649	-18,3497	-11,79649
28580	-17,69434	-11,14113	-18,3497	-11,79649
28600	-17,69434	-10,48578	-18,34969	-11,79649
28620	-17,69433	-11,14114	-18,34968	-11,7965
28640	-17,69433	-10,48577	-18,34969	-11,14113
28660	-17,69433	-10,48577	-18,34969	-11,14113
28680	-18,3497	-10,48577	-17,69434	-11,14112
28700	-17,69434	-9,8304	-18,34969	-10,48576
28720	-18,3497	-9,83041	-19,00505	-10,48576
28740	-18,3497	-9,83041	-18,34969	-10,48576
28760	-18,3497	-9,83041	-19,00505	-10,48576
28780	-18,34969	-9,83041	-19,00505	-10,48577
28800	-19,00505	-9,17505	-19,00504	-10,48577
28820	-18,34969	-9,17505	-19,6604	-9,83041
28840	-18,34969	-9,17505	-19,6604	-9,83041
28860	-19,66041	-9,17505	-19,6604	-9,83041
28880	-19,6604	-9,17506	-19,6604	-9,17506
28900	-19,6604	-9,17506	-19,66039	-9,17506
28920	-19,6604	-8,51969	-20,31576	-9,83041
28940	-20,31576	-8,5197	-20,97111	-9,17505
28960	-20,97112	-8,5197	-20,97111	-9,17505
28980	-20,97112	-8,5197	-21,62647	-9,83041
29000	-24,24796	-8,51969	-25,55868	-9,83041
29020	-24,90332	-8,5197	-26,21404	-9,17505
29040	-25,55868	-8,51969	-26,21404	-9,83041
29060	-25,55868	-8,51969	-26,86939	-9,83041
29080	-26,21404	-8,51969	-26,86939	-9,8304
29100	-26,8694	-8,51969	-27,52475	-9,83041
29120	-27,52475	-8,51969	-28,18011	-9,17504
29140	-27,52475	-7,86432	-28,83546	-9,17504
29160	-28,1801	-8,51969	-28,83546	-8,51968
29180	-28,83546	-7,86432	-28,83545	-9,17504
29200	-28,1801	-7,86433	-28,83545	-8,51968
29220	-26,86938	-7,86432	-26,86938	-8,51968
29240	-26,21403	-8,51967	-26,21403	-8,51968
29260	-24,90331	-8,51968	-26,21405	-9,17503
29280	-26,21406	-7,86431	-26,86941	-9,17503
29300	-26,21405	-8,51966	-26,86941	-8,51967
29320	-25,55869	-7,86431	-26,21404	-8,51966
29340	-25,55869	-7,86431	-26,21404	-8,51966
29360	-25,55868	-7,86431	-26,21404	-8,51966
29380	-24,90332	-7,86431	-26,21404	-8,51967
29400	-24,90333	-7,86431	-24,90332	-8,51966
29420	-24,90333	-7,86431	-24,90332	-8,51966
29440	-24,90332	-7,8643	-23,59259	-7,8643
29460	-12,45132	-4,58746	-5,24218	-3,2767
29480	-1,96528	-2,62132	-2,62062	-3,27668
29500	-1,96527	-2,62131	-1,96527	-3,27667
29520	-0,65456	-2,62131	-1,30991	-3,93203
29540	-0,65456	-3,27667	-0,65455	-3,93203
29560	0,00079999999999814	-3,27667	-0,65456	-3,93203
29580	0,00079999999999814	-3,27668	-0,65456	-3,93203
29600	0,00079999999999814	-3,27667	0,00079999999999814	-3,93203
29620	0,00079000000000207	-3,93203	-0,65456	-4,58739
29640	0,00079999999999814	-3,27668	-0,65456	-4,5874
29660	-0,65457	-4,5874	-3,93142	-5,24277
29680	-4,5868	-4,58741	-4,58679	-5,89813
29700	-3,93143	-4,58741	-4,58679	-5,89813
29720	-4,5868	-5,24277	-4,58679	-5,24277
29740	-4,5868	-4,58741	-5,24215	-5,89813
29760	-5,24216	-5,24277	-5,24215	-5,24277
29780	-4,5868	-5,24278	-5,24215	-5,24277
29800	-5,24216	-4,58741	-5,89752	-5,24278
29820	-5,24217	-5,24278	-5,24216	-5,24278
29840	-4,58681	-4,58742	-5,24216	-5,89814
29860	-5,24217	-4,58742	-5,24216	-5,24278
29880	-5,24217	-5,24278	-5,89753	-5,89814
29900	-5,24217	-5,24278	-5,24217	-5,89813
29920	-5,24218	-5,24278	-5,89752	-5,89814
29940	-5,24217	-5,24278	-5,89753	-5,89814
29960	-5,89753	-4,58742	-6,55289	-5,89814
29980	-5,89753	-5,24278	-6,55289	-5,89814
30000	-5,89753	-5,24278	-6,55289	-5,24277
30020	-5,89754	-4,58741	-6,55289	-5,24277
30040	-5,89753	-4,58742	-6,55289	-5,24277
30060	-5,89754	-4,58741	-7,20825	-5,24278
30080	-6,5529	-3,93206	-7,20826	-5,24277
30100	-6,5529	-4,58741	-7,20826	-5,24276
30120	-7,20826	-3,93205	-7,86362	-5,24277
30140	-7,20826	-4,58741	-7,86362	-5,24277
30160	-7,86363	-4,58741	-8,51899	-5,24277
30180	-7,86363	-3,93205	-8,51899	-5,24277
30200	-8,51899	-3,93205	-9,17435	-5,24277
30220	-7,86364	-3,93205	-8,51899	-4,58741
30240	-7,86364	-4,58741	-7,86364	-5,24278
30260	-6,55293	-4,58741	-6,55293	-5,24277
30280	-5,24222	-5,24277	-5,89758	-5,89813
30300	-4,58687	-5,24277	-3,93151	-5,89813
30320	-3,93152	-5,89814	-4,58687	-6,55349
30340	-3,27616	-5,24278	-3,93152	-5,89814
30360	-3,27616	-5,24278	-3,27616	-5,89814
30380	-2,62081	-5,24278	-2,6208	-6,5535
30400	-2,62081	-5,24278	-2,62081	-5,89814
30420	-1,96545	-5,24278	-1,96545	-5,89814
30440	-1,3101	-5,24278	-1,96545	-5,89814
30460	-1,3101	-5,24278	-1,3101	-5,89814
30480	-1,3101	-5,89815	-1,3101	-6,5535
30500	-1,3101	-5,89815	-1,3101	-6,55351
30520	-1,31011	-5,89815	-1,3101	-7,20887
30540	-0,65474	-5,89815	-1,3101	-6,5535
30560	-0,65475	-5,89815	-1,3101	-6,5535
30580	-0,65475	-5,89815	0,65602	-5,89814
30600	1,31138	-5,89813	0,65603	-6,5535
30620	1,31138	-5,24277	0,65603	-6,55349
30640	0,65602	-5,89813	0,0006699999999995	-6,55349
30660	0,00066000000000344	-6,55349	0,65603	-6,55349
30680	0,0006699999999995	-5,89813	0,0006699999999995	-6,55349
30700	0,00066000000000344	-5,89813	-0,65469	-6,55349
30720	-0,65469	-5,89813	-0,65469	-6,55348
30740	-0,65469	-5,89813	-0,65468	-5,89813
30760	-0,65469	-5,24277	-1,31004	-6,55349
30780	-0,65469	-5,89813	-1,31004	-5,89813
30800	-0,65468	-5,24277	-1,9654	-5,89813
30820	0,65606	-4,5874	7,20979	-3,93202
30840	9,17596	-3,27665	7,86525	-3,27664
30860	8,5206	-2,62129	7,86524	-3,27664
30880	8,5206	-2,62129	7,20989	-3,27664
30900	7,86524	-3,27664	6,55452	-3,932
30920	7,20988	-2,62129	6,55452	-3,932
30940	6,55452	-3,27664	6,55452	-3,27664
30960	6,55451	-2,62128	5,89916	-3,27665
30980	5,89915	-2,62129	5,2438	-3,27664
31000	5,24379	-2,62128	4,58844	-3,27664
31020	4,58844	-2,62128	3,93308	-2,62128
31040	3,93308	-2,62128	3,27772	-3,27663
31060	3,93307	-2,62128	3,27773	-3,27664
31080	3,27772	-2,62128	1,96701	-3,27664
31100	2,62236	-1,96592	1,96701	-3,27664
31120	1,967	-2,62128	1,31165	-3,27663
31140	1,31164	-1,96592	0,65628	-3,27664
31160	0,65628	-2,62128	0,00092999999999677	-3,27664
31180	0,65628	-2,62128	0,00092999999999677	-2,62128
31200	0,00092999999999677	-1,96593	-0,65443	-3,27664
31220	0,00092999999999677	-2,62129	-0,65442	-3,27665
31240	0,00092999999999677	-2,62129	0,65629	-3,27664
31260	1,967	-2,62129	1,967	-3,27664
31280	2,62236	-2,62128	3,27772	-3,932
31300	3,93307	-2,62128	3,27771	-3,27664
31320	3,93306	-2,62128	3,2777	-3,27664
31340	5,24378	-2,62128	8,52067	-1,9659
31360	8,5207	-1,31054	8,5207	-1,9659
31380	9,17605	-1,31053	9,17606	-1,31053
31400	10,48677	-0,65517	9,83142	-0,65517
31420	10,48677	0,00018000000000029	9,83141	-0,65517
31440	10,48677	0,00019000000000347	10,48676	-0,65517
31460	11,14212	0,00019000000000347	10,48676	-1,31053
31480	11,14211	-0,65517	9,83139	-1,31053
31500	10,48675	0,00019000000000347	-52,4278	-1,31053
31520	11,14211	-0,65517	11,14211	-0,65517
31540	11,79746	0,00019000000000347	11,79747	-0,65516
31560	11,79746	0,00019000000000347	11,79747	-0,65517
31580	12,45282	0,00019000000000347	12,45282	-0,65517
31600	12,45281	0,00019000000000347	12,45282	-0,65517
31620	12,45282	0,00019000000000347	12,45282	-0,65517
31640	13,10818	0,00019000000000347	12,45282	-0,65517
31660	13,10818	0,65555	12,45283	-0,65516
31680	12,45282	0,00019000000000347	12,45283	-0,65517
31700	12,45282	0,00019000000000347	12,45283	-0,65516
31720	12,45282	0,00019000000000347	11,79748	-0,65517
31740	12,45283	0,00019000000000347	12,45283	-0,65516
31760	12,45283	0,00019000000000347	11,79747	-0,65517
31780	12,45283	0,00019000000000347	11,79747	-0,65517
31800	11,79746	0,00019000000000347	11,79747	-0,65516
31820	11,79746	0,00019000000000347	11,14212	-0,65516
31840	11,79747	0,65555	11,14212	0,00019000000000347
31860	11,79747	0,00019000000000347	11,79748	-0,65517
31880	12,45283	0,65555	11,79748	0,00019000000000347
31900	12,45283	0,00019000000000347	11,79748	-0,65517
31920	11,79746	0,00019000000000347	1,96689	-2,62128
31940	-9,82983	-3,93206	-15,07279	-5,2428
31960	-15,07276	-3,93206	-15,7281	-4,58743
31980	-14,41739	-3,93208	-15,07274	-3,93207
32000	-14,41738	-3,27672	-14,41737	-4,58743
32020	-13,10666	-3,27671	-13,10666	-3,93207
32040	-11,79595	-3,27671	-11,79595	-4,58743
32060	-10,48523	-3,93207	-10,48523	-3,93207
32080	-9,17452	-3,93207	-9,17452	-3,93206
32100	-7,20845	-3,27671	-6,55308	-2,62135
32120	-5,24237	-1,31063	-4,58701	-1,31062
32140	-2,62094	9,0000000000146E-5	-12,45147	-1,31065
32160	-28,83579	-1,96604	-38,66638	-1,96603
32180	-36,70029	1,31078	-34,07882	3,27689
32200	-29,49131	8,51978	-26,21452	13,10732
32220	-22,93774	19,00559	-19,66094	23,59313
32240	-17,03952	29,49139	-15,72881	32,11285
32260	-13,76274	36,70039	-12,45202	38,6665
32280	-10,48594	41,28794	-10,48593	41,28796
32300	-8,51986	41,94333	-8,51985	41,28798
32320	-7,20913	41,94336	-7,86449	41,288
32340	-6,55377	41,94337	-7,20913	40,63265
32360	-7,20913	39,97728	-7,86447	38,01121
32380	-7,86448	38,0112	-8,51984	37,35585
32400	-7,86448	38,0112	-9,1752	37,35585
32420	-8,51986	37,35585	-9,1752	36,7005
32440	-8,51985	37,35586	-3,93227	38,66661
32460	11,79661	41,94346	24,24874	41,28818
32480	35,39013	41,9436	38,66708	41,28827
32500	38,66709	41,94363	38,01173	41,28827
32520	39,32245	41,94364	39,97782	41,28829
32540	40,63317	41,94365	41,28854	41,2883
32560	41,94389	41,94365	41,9439	41,2883
32580	43,25462	41,94365	43,25463	41,28829
32600	43,25463	41,94364	43,25465	41,28827
32620	43,25464	41,94362	43,25465	41,28825
32640	42,59929	41,9436	41,28858	41,28824
32660	41,28857	41,9436	41,94394	41,28824
32680	45,87622	41,94361	47,18706	41,28827
32700	47,84244	41,94363	47,18708	41,28827
32720	47,84243	41,94362	47,18708	41,28826
32740	47,18708	41,94362	47,18709	41,28826
32760	46,53173	41,94361	45,87638	41,28825
32780	45,22102	41,9436	44,56566	41,28824
32800	43,9103	41,94359	43,25495	41,28823
32820	43,25495	41,94359	42,5996	41,28822
32840	42,59959	41,94357	41,94424	41,28822
32860	42,59959	41,94357	41,28888	41,28821
32880	42,59959	41,94357	41,94424	41,2882
32900	41,94423	41,94356	41,28887	41,2882
32920	41,94423	41,94356	41,28887	41,2882
32940	41,94423	41,94356	41,94424	41,2882
32960	42,59959	41,94355	42,5996	41,2882
32980	43,25496	41,94355	43,25496	41,28819
33000	43,91031	41,94356	43,91032	41,2882
33020	44,56568	41,94355	41,28883	41,28818
33040	30,80278	41,94351	23,5937	39,97741
33060	23,59369	40,63277	23,59371	39,97742
33080	24,90444	40,63276	24,24907	39,97741
33100	25,55979	40,63277	25,5598	40,63277
33120	26,21515	40,63277	26,21516	39,9774
33140	26,87051	41,28812	26,21516	40,63277
33160	27,52587	41,28812	26,87051	40,63276
33180	27,52587	41,28812	26,87052	39,9774
33200	27,52587	40,63276	26,87052	39,9774
33220	27,52587	40,63275	26,87051	39,9774
33240	27,52587	40,63276	26,87052	39,9774
33260	26,87051	40,63275	26,87051	39,9774
33280	27,52587	40,63275	27,52587	39,32203
33300	27,52587	39,97739	27,52588	39,32203
33320	27,52588	39,97738	26,87052	39,32203
33340	27,52588	40,63274	26,87053	39,32202
33360	28,18124	39,97738	27,52588	39,32202
33380	27,52587	39,97738	26,87052	39,32202
33400	27,52588	39,32202	27,52588	39,32202
33420	27,52588	39,97737	27,52589	39,32202
33440	27,52589	39,97737	27,5259	39,32201
33460	28,18125	39,97737	27,5259	39,97737
33480	27,52589	40,63273	28,18126	39,97737
33500	28,18126	40,63273	28,18126	39,97737
33520	28,83662	40,63273	28,18126	39,97737
33540	28,83662	40,63273	26,87054	38,66664
33560	27,5259	38,66662	28,18128	38,66662
33580	28,83665	39,32199	28,83666	38,66663
33600	30,14738	39,32199	30,14741	38,66664
33620	30,80277	39,322	31,45816	38,66664
33640	32,11353	39,322	31,45818	38,66664
33660	32,11354	38,66664	31,45819	38,01128
33680	32,11354	38,66665	31,45818	38,01129
33700	31,45817	38,01129	30,14746	36,70057
33720	30,8028	37,35593	30,14744	36,04521
33740	30,14744	36,70056	28,83672	36,04521
33760	29,49207	36,70056	28,83671	36,0452
33780	30,8028	37,35593	37,35657	38,66667
33800	41,94426	40,63277	41,94431	39,32206
33820	42,59966	39,97742	43,25502	39,32206
33840	44,56574	39,97742	44,56574	39,32206
33860	45,22109	39,97742	45,22109	38,6667
33880	45,22109	39,97742	45,22109	39,32206
33900	46,5318	39,97742	45,87645	39,32206
33920	46,5318	39,97742	45,87644	39,32205
33940	46,5318	39,97741	45,87645	39,32204
33960	46,53179	39,9774	45,87644	39,32204
33980	46,53179	39,9774	45,87644	38,66668
34000	47,18716	39,32203	46,5318	38,66668
34020	47,18715	39,32204	46,5318	38,01131
34040	47,84251	39,32203	46,53179	38,01131
34060	41,94413	38,66667	35,39039	37,35595
34080	34,07963	37,35595	34,07965	36,70058
34100	34,73501	38,01131	34,73501	36,70058
34120	34,735	37,35594	34,07965	36,70058
34140	-52,42788	37,35594	34,73501	36,70058
34160	35,39037	37,35593	35,39037	36,70057
34180	36,04573	37,35593	36,04573	36,70057
34200	36,04573	37,35593	36,04574	36,70058
34220	36,70109	37,35593	36,70109	36,70106
34240	37,35644	37,35593	36,04572	36,04521
34260	36,70108	36,70057	39,32257	37,35594
34280	44,56562	38,66667	45,22108	38,01132
34300	44,56571	38,66669	43,91035	37,35597
34320	45,22106	37,35597	44,56571	37,35597
34340	45,22106	38,01132	45,22107	37,35596
34360	45,87643	38,01132	45,87643	37,35596
34380	45,87643	38,01132	45,22107	37,35596
34400	45,87643	37,35596	45,22107	37,35596
34420	45,87642	37,35596	44,56571	36,7006
34440	45,87642	37,35596	45,22106	36,7006
34460	45,22106	37,35596	44,5657	36,7006
34480	45,22106	36,7006	44,56571	36,04524
34500	44,5657	36,7006	43,91035	36,04524
34520	43,91034	36,70059	43,91035	36,04524
34540	44,5657	36,70059	43,91035	36,04524
34560	-52,42758	36,7006	43,25499	36,04524
34580	43,91035	36,70059	43,25499	36,04524
34600	43,25499	36,70059	37,35663	34,7345
34620	28,83675	34,07911	27,52602	33,42375
34640	28,1814	34,07912	26,87069	33,42376
34660	27,52604	33,42376	26,21532	32,76841
34680	26,21532	33,42376	24,90461	32,76841
34700	24,9046	32,7684	23,59388	31,45768
34720	22,93852	32,11304	22,28317	30,80232
34740	22,28316	31,45768	20,97245	30,80232
34760	20,31709	30,80232	19,00638	30,14696
34780	18,35101	30,80232	17,69566	29,4916
34800	17,69566	29,4916	16,38494	28,18088
34820	16,38494	28,83623	15,07423	28,18088
34840	12,45274	27,52551	-1,96539	24,24866
34860	-15,7282	22,28254	-26,86949	20,97182
34880	-27,52487	21,62717	-27,52483	20,31646
34900	-26,21412	20,97181	-26,21413	19,66109
34920	-25,55878	20,31644	-25,55877	19,66108
34940	-24,90342	20,31644	-25,55878	19,66108
34960	-24,90342	20,31644	-24,90342	19,66108
34980	-24,90342	19,66107	-24,24806	19,00572
35000	-23,5927	19,66107	-24,24806	19,66107
35020	-23,5927	19,66107	-23,5927	19,00571
35040	-23,59271	19,66107	-24,24806	19,00571
35060	-22,93735	19,66107	-23,59271	19,00572
35080	-22,93736	19,66109	-23,59274	18,35039
35100	-32,76792	18,35039	-44,56457	16,38432
35120	-48,49683	17,03969	-48,49682	16,38434
35140	-47,1861	17,0397	-47,84146	16,38435
35160	-46,53075	17,03971	-47,1861	16,38436
35180	-45,87539	17,03971	-46,53074	16,38435
35200	-46,53075	16,38434	-47,18609	15,72898
35220	-46,53074	16,38433	-47,18609	15,72896
35240	-46,53074	16,38432	-47,18609	15,72896
35260	-46,53073	15,72895	-47,18609	15,0736
35280	-47,1861	15,72895	-47,18608	15,0736
35300	-47,1861	15,72895	-51,77367	14,41824
35320	-52,42916	14,41824	-52,42918	13,76289
35340	-52,42916	14,41825	-52,42915	13,76288
35360	-52,42916	14,41824	-52,42916	13,76288
35380	-52,42917	14,41824	-52,42916	13,76288
35400	-52,42917	14,41824	-52,42916	13,76288
35420	-52,42916	14,41824	-52,42915	13,10751
35440	-52,42916	13,76286	-52,42915	13,10751
35460	-52,42916	13,1075	-52,42916	12,45215
35480	-52,42917	13,1075	-52,42916	12,45214
35500	-52,42916	13,1075	-52,42916	12,45214
35520	-52,42916	13,1075	-52,42916	12,45214
35540	-52,42917	13,1075	-52,42916	12,45214
35560	-52,42917	13,10749	-52,42916	11,79677
35580	-52,42915	13,10749	-52,4291	11,79677
35600	-52,4291	12,45212	-52,4291	11,79676
35620	-52,4291	11,79677	-52,42909	11,1414
35640	-52,4291	11,79675	-52,4291	11,14139
35660	-52,4291	11,14139	-52,42909	9,83067
35680	-52,4291	10,48602	-52,4291	9,1753
35700	-52,4291	9,83065	-52,42909	8,51993
35720	-52,4291	9,17529	-52,4291	8,51993
35740	-52,4291	9,17528	-52,42911	7,86456
35760	-52,42912	8,51992	-52,42912	7,2092
35780	-52,42913	7,86455	-52,4291	7,86456
35800	-52,429	9,17528	-51,11822	8,51993
35820	-51,11822	9,17528	-51,77358	7,86457
35840	-51,11822	8,51993	-51,11822	7,86457
35860	-50,46287	8,51992	-51,11823	7,2092
35880	-50,46288	7,86457	-50,46287	7,2092
35900	-49,80752	8,51992	-50,46288	7,2092
35920	-49,80753	7,86455	-52,42896	7,2092
35940	-49,15218	7,86455	-49,80753	6,55384
35960	-49,15218	7,86455	-49,15217	6,55383
35980	-48,49682	7,20919	-49,80755	6,55383
36000	-51,11832	6,55382	-51,77366	5,89846
36020	-51,11831	6,55382	-51,1183	5,89846
36040	-50,46295	6,55381	-51,11831	5,89846
36060	-50,46295	6,55381	-50,46295	5,89845
36080	-50,46296	6,55381	-50,46295	5,2431
36100	-50,46296	5,89845	-51,11831	4,58773
36120	-50,46296	5,24308	-50,46295	4,58772
36140	-49,8076	5,24308	-50,46295	3,93236
36160	-49,8076	4,58772	-50,46295	3,93236
36180	-50,46296	4,58772	-50,46295	3,277
36200	-50,46296	3,93236	-51,11832	3,277
36220	-50,46297	3,93235	-51,11832	2,62163
36240	-50,46297	3,93235	-51,11832	2,62163
36260	-50,46297	3,27699	-51,11832	2,62163
36280	-51,11833	2,62162	-51,77369	1,96627
36300	-51,11833	2,62162	-51,77369	1,96626
36320	-51,11833	3,27698	-51,77368	1,96626
36340	-51,11834	3,27698	-51,77369	1,96626
36360	-51,7737	3,27697	-51,77369	1,96626
36380	-47,8415	3,27697	-43,25387	3,27699
36400	-41,94312	4,58771	-43,25384	3,27699
36420	-42,59849	3,93235	-43,25384	3,27699
36440	-42,59849	3,93235	-43,25384	3,27699
36460	-42,59849	3,93235	-43,9092	3,27699
36480	-42,59849	3,93235	-43,9092	3,93235
36500	-42,59849	4,58771	-43,25384	3,27699
36520	-42,59849	3,93235	-42,59849	2,62163
36540	-41,94314	3,93235	-39,97704	3,93236
36560	-33,42335	3,93236	-31,4572	3,93236
36580	-31,4572	4,58773	-30,80185	3,27702
36600	-30,80185	3,93237	-30,80185	3,27702
36620	-29,49114	3,93237	-30,80186	3,27701
36640	-30,1465	3,93237	-30,1465	3,27701
36660	-29,49115	3,93237	-30,1465	3,277
36680	-29,49115	4,58772	-29,49115	3,93236
36700	-28,83579	4,58772	-29,49115	3,93236
36720	-28,18043	4,58772	-28,83579	3,277
36740	-28,83579	3,93236	-28,83579	3,277
36760	-28,18044	3,93236	-28,18043	3,93236
36780	-27,52508	4,58772	-28,18044	3,93235
36800	-28,18044	3,93235	-28,83579	3,27699
36820	-28,8358	3,27698	-28,8358	3,27698
36840	-28,18044	3,93235	-28,8358	2,62162
36860	-28,18045	3,27698	-28,8358	2,62163
36880	-28,18045	3,27698	-28,83581	1,96626
36900	-26,86971	3,27698	-24,90357	2,62163
36920	-24,24821	3,27699	-24,90357	2,62163
36940	-24,90357	3,27699	-24,90357	1,96627
36960	-24,90357	2,62163	-25,55892	1,96627
36980	-24,24821	2,62162	-25,55892	1,96627
37000	-25,55893	2,62162	-26,21428	1,96627
37020	-25,55893	2,62162	-26,21428	1,96627
37040	-26,21429	1,96626	-26,86965	1,31091
37060	-26,86965	1,96626	-26,86965	1,96626
37080	-26,21429	2,62162	-26,86965	1,96626
37100	-26,21429	2,62162	-22,93742	2,62163
37120	-17,03908	3,93236	-17,6944	3,27702
37140	-17,69442	3,93237	-17,69441	3,27702
37160	-17,03906	3,93237	-17,69441	3,93237
37180	-17,03906	3,93237	-17,69441	3,27701
37200	-17,69442	3,93237	-18,34978	3,27701
37220	-17,69442	3,93237	-18,34977	3,27701
37240	-17,69442	3,93237	-18,34977	2,62165
37260	-18,34978	3,27701	-19,00513	2,62165
37280	-17,03905	3,93237	-13,76217	3,27703
37300	-13,10679	3,93239	-13,76215	3,27704
37320	-13,1068	4,58775	-13,76214	3,27703
37340	-13,10679	3,93239	-14,41751	2,62167
37360	-13,76215	3,27703	-15,07286	2,62167
37380	-14,41751	3,27703	-15,07286	1,96631
37400	-14,41751	2,62167	-15,72822	1,96631
37420	-15,72823	2,62167	-15,72822	1,96631
37440	-15,72823	2,62167	-16,38359	1,96631
37460	-15,72824	2,62166	-17,03895	1,96631
37480	-15,72823	3,27703	-15,07287	2,62166
37500	-14,41752	3,93238	-13,76216	2,62167
37520	-13,10681	2,62167	-13,10681	2,62167
37540	-12,45146	2,62167	-13,10682	1,96631
37560	-12,45146	2,62167	-13,10682	1,96631
37580	-13,10683	2,62167	-13,10682	1,31095
37600	-8,51926	2,62168	-8,51922	1,96633
37620	-7,86388	2,62169	-8,51923	1,96633
37640	-7,86388	2,62169	-7,20852	1,96632
37660	-6,55316	2,62168	-6,55316	1,96633
37680	-5,89781	2,62168	-6,55316	1,96632
37700	-5,8978	2,62168	-6,55316	1,96632
37720	-5,89781	1,96632	-5,8978	1,31096
37740	-5,24245	1,96632	-5,89781	1,31096
37760	-6,55319	1,31096	-8,51929	0,65559
37780	-7,20857	1,31095	-7,86392	0,6556
37800	-7,86392	1,31095	-7,86392	0,65559
37820	-6,5532	1,31095	-7,20855	0,65559
37840	-6,5532	1,31095	-7,20855	0,65559
37860	-5,89784	1,31095	-7,20856	0,65559
37880	-6,5532	1,31095	-7,20856	0,65558
37900	-6,5532	1,31094	-7,20855	0,00022000000000588
37920	-5,89784	0,65557	-7,20856	0,00022000000000588
37940	-6,5532	0,65558	-7,20856	0,00022000000000588
37960	-6,5532	0,65557	-6,55319	0,00022000000000588
37980	-6,55319	1,31094	-7,86393	0,00021000000000271
38000	-21,6267	-0,65518	-40,63246	-2,62126
38020	-50,46302	-2,62127	-52,42908	-3,27663
38040	-51,11832	-2,62127	-51,11831	-2,62128
38060	-49,8076	-1,31057	-49,80759	-1,96592
38080	-49,15224	-1,96593	-49,80759	-2,62128
38100	-49,15223	-1,96593	-49,80758	-3,27665
38120	-49,15222	-2,62129	-49,80758	-2,62129
38140	-49,15222	-1,96593	-49,80758	-3,27666
38160	-49,80758	-2,6213	-50,46293	-3,27665
38180	-49,80758	-2,6213	-50,46293	-3,27666
38200	-49,80757	-2,62131	-50,46293	-3,27666
38220	-49,80758	-2,62131	-51,11829	-3,27666
38240	-50,46293	-2,62131	-51,11828	-3,27668
38260	-50,46293	-2,62132	-51,77364	-3,27667
38280	-51,11829	-2,62132	-52,42906	-3,93126
38300	-52,42911	-3,27669	-52,4291	-3,93204
38320	-52,4291	-2,62132	-52,42909	-3,93204
38340	-52,4291	-3,27668	-52,42908	-3,27667
38360	-52,42909	-2,62132	-52,42908	-3,93204
38380	-52,42909	-2,62132	-52,42908	-3,27668
38400	-52,42908	-2,62132	-52,42908	-3,27668
38420	-52,42908	-1,96596	-52,42907	-3,27667
38440	-52,42908	-2,62132	-52,42907	-3,27667
38460	-52,42907	-2,62132	-52,42906	-3,27668
38480	-52,42907	-1,96596	-52,42906	-2,62131
38500	-52,42906	-1,3106	-52,42906	-2,62132
38520	-52,42907	-1,96595	-52,42907	-1,96596
38540	-52,42908	-1,3106	-52,42908	-2,62131
38560	-52,42909	-1,96595	-52,42909	-3,27667
38580	-52,42909	-1,96595	-52,42905	-2,6213
38600	-52,42906	-2,62131	-52,42906	-2,6213
38620	-52,42906	-1,96594	-52,42905	-2,6213
38640	-52,42906	-1,96595	-52,42906	-2,6213
38660	-52,42906	-1,96594	-52,42906	-2,6213
38680	-52,42906	-1,96595	-52,42906	-2,6213
38700	-52,42906	-1,96594	-52,42906	-2,6213
38720	-52,42906	-1,96594	-52,42651	-2,6213
38740	-52,42907	-1,96594	-52,42906	-2,6213
38760	-52,42906	-1,31059	-52,42906	-2,6213
38780	-52,42906	-1,96594	-52,42905	41,28782
38800	-52,42906	-1,96594	-52,42905	-2,6213
38820	-52,42906	-1,96594	-52,42905	-2,6213
38840	-52,42906	-1,96594	-52,42906	-2,6213
38860	-52,42906	-1,31058	-52,42906	-1,96594
38880	-52,42906	-1,31058	-52,42906	-1,96594
38900	-51,7737	-1,31058	-52,42906	-1,96594
38920	-51,77371	-1,31058	-51,7737	-1,96594
38940	-51,77371	-0,65522	-51,7737	-1,31058
38960	-51,7737	-0,65522	-51,7737	-1,31058
38980	-51,11835	0,00014000000000181	-51,11834	-0,65522
39000	-49,80762	0,65551	-49,80762	0,65551000000001
39020	-48,4969	1,31087	-47,84154	1,31087
39040	-47,18618	2,62159	-46,53082	1,96624
39060	-45,22011	3,93231	-44,56474	3,27696
39080	-43,25403	4,58767	-43,25402	4,58768
39100	-41,94331	5,24304	-41,28794	5,8984
39120	-40,63259	6,55377	-40,63258	6,55377
39140	-39,32187	7,20913	-39,97723	5,8984
39160	-39,32186	6,55376	-36,70037	5,8984
39180	-36,70036	6,55375	-38,01108	5,24304
39200	-38,01109	5,89839	-38,01108	5,24304
39220	-37,35572	6,55376	-38,01108	5,24304
39240	-37,35572	5,89839	-38,01107	5,89839
39260	-37,35572	6,55375	-38,01106	5,8984
39280	-38,01107	6,55376	-38,00852	5,8984
39300	-37,35572	7,20911	-37,3557	5,8984
39320	-36,70035	7,20911	-37,3557	6,55376
39340	-36,70034	7,20911	-37,3557	7,20912
39360	-36,70035	7,86448	-36,70034	6,55375
39380	-36,70035	7,20911	-37,3557	7,20912
39400	-37,35571	7,86447	-38,01106	6,55375
39420	-37,35571	7,20911	-38,01106	5,89839
39440	-36,70034	7,20911	-36,70034	6,55375
39460	-36,04498	7,20911	-36,04498	6,55375
39480	-34,73427	7,20911	-34,73426	5,89839
39500	-34,07892	6,55375	-34,73428	5,89838
39520	-34,07892	5,89838	-34,07892	5,24302
39540	-34,07893	5,89838	-34,07892	5,24302
39560	-33,42357	5,89838	-34,07892	5,24302
39580	-33,42357	5,89838	-33,42357	5,24302
39600	-32,76821	5,89838	-33,42357	4,58767
39620	-32,76821	5,24302	-32,76821	4,58766
39640	-32,76822	5,24302	-33,42357	4,58766
39660	-33,42358	4,58766	-34,07893	4,58766
39680	-29,49137	5,89839	-22,93763	5,8984
39700	-21,62685	6,55377	-22,93757	5,24306
39720	-22,28222	5,24306	-23,59293	4,5877
39740	-22,28222	5,24305	-22,28221	4,5877
39760	-21,62686	5,24306	-22,93757	5,24307
39780	-21,62685	5,89842	-22,28221	4,5877
39800	-20,97149	5,89842	-21,62685	5,24306
39820	-20,97149	5,89843	-21,62684	4,58771
39840	-21,62685	5,24307	-21,62685	4,5877
39860	-20,9715	5,24306	-21,62685	4,5877
39880	-21,62686	5,24306	-22,28221	3,93234
39900	-21,62685	4,58769	-22,93757	3,93234
39920	-22,28222	3,93233	-23,59293	3,27697
39940	-23,59294	3,27697	-23,59293	2,62161
39960	-23,59293	3,27696	-24,24829	2,6216
39980	-23,59294	2,6216	-24,90365	1,96624
