T	LX	LY	RX	RY
0	0	0	0	0
20	0	0,65536	0	0
40	0	0,65536	0	0
60	0	0	0,65536	0
80	0	0,65536	1,0000000003174E-5	0
100	0	0,65536	1,0000000003174E-5	1,0000000003174E-5
120	1,0000000003174E-5	1,31073	1,0000000003174E-5	0,65538
140	-0,65535	1,31073	-0,65535	1,31073
160	-0,65535	1,31073	-0,65535	1,31074
180	-0,65535	1,9661	-1,31071	1,31075
200	-0,65535	1,9661	-1,31071	1,31074
220	-0,65535	1,9661	-0,65535	1,31074
240	-1,31071	1,9661	-1,31071	1,31074
260	-1,31071	1,9661	-1,31071	1,31074
280	-0,65535	1,9661	-1,31071	1,31074
300	-1,31071	1,96609	-1,31071	1,31074
320	-1,31072	1,9661	-1,31071	1,31074
340	-1,31072	1,31074	-1,31071	1,9999999999243E-5
360	-1,31072	0,65537	-1,31071	1,9999999999243E-5
380	-1,31072	0,65537	-1,31071	1,9999999999243E-5
400	-1,31072	0,65538	-1,31071	1,9999999999243E-5
420	-1,31072	0,65538	-1,96607	0,65538
440	-1,31072	0,65538	-1,96607	0,65539
460	-1,96607	1,31075	-1,96607	0,65539
480	-1,96608	1,31075	-2,62143	0,65539
500	-2,62143	0,65539	-2,62143	0,65539
520	-2,62142	1,31075	-2,62142	0,65539
540	-2,62142	0,65539	-2,62142	3,0000000002417E-5
560	-2,62142	2,0000000006348E-5	-1,96606	-0,65534
580	-1,96607	2,0000000006348E-5	-1,96606	1,0000000003174E-5
600	-1,96607	1,0000000003174E-5	-1,96607	1,0000000003174E-5
620	-1,96607	1,0000000003174E-5	-1,31071	1,0000000003174E-5
640	-1,96607	0	-1,96607	1,0000000003174E-5
660	-1,96606	0,65536	-1,96606	0
680	-1,96606	0,65536	-1,96605	0
700	-1,96606	-9,9999999960687E-6	-1,96605	-0,65537
720	-1,96606	0,65535000000001	-1,96605	0
740	-2,62141	-9,9999999960687E-6	-2,62141	-9,9999999960687E-6
760	-2,62141	0,65535000000001	-3,27676	-9,9999999960687E-6
780	-2,6214	0,65535000000001	-3,27676	0
800	-3,27677	0,65535000000001	-3,27676	0,65535
820	-3,93212	0,65535000000001	-3,93211	0,65536
840	-4,58747	0,65535000000001	-3,9321	-9,9999999960687E-6
860	-3,9321	0,65534	-3,9321	-1,9999999999243E-5
880	-3,9321	-1,9999999999243E-5	-3,9321	-0,65538
900	-3,9321	-2,9999999995312E-5	-3,9321	-0,65538
920	-3,9321	-0,65539	-4,58746	-1,31075
940	-3,9321	-1,31076	-3,9321	-1,96612
960	-3,9321	-1,31077	-3,9321	-1,96613
980	-3,9321	-1,31077	-3,9321	-1,96613
1000	-4,58746	-1,96615	-4,58747	-2,62151
1020	-3,93211	-1,96615	-1,96603	-3,27688
1040	5,000000000166E-5	-3,27688	1,31076	-3,93224
1060	2,62148	-3,93225	3,27683	-5,24297
1080	3,93218	-5,24297	3,93218	-6,55369
1100	3,93218	-5,89833	3,27682	-5,89833
1120	2,62145	-5,89833	1,96608	-5,89833
1140	1,31072	-5,89834	3,93219	-6,55371
1160	8,51988	-6,55372	7,86461	-8,51982
1180	6,55387	-7,86446	6,55387	-7,86445
1200	6,55386	-6,55372	5,8985	-6,55372
1220	5,8985	-5,24301	5,24314	-5,89837
1240	5,24314	-5,24301	4,58779	-5,89837
1260	4,58779	-5,24301	3,93243	-5,89838
1280	3,27708	-5,24302	3,27709	-6,55374
1300	2,62173	-6,55375	2,62174	-7,20911
1320	2,62174	-7,20911	2,62175	-8,51983
1340	1,96639	-7,86448	1,9664	-9,17521
1360	1,9664	-8,51985	1,96641	-9,83057
1380	1,96641	-9,83058	1,96641	-10,48594
1400	1,96641	-9,83059	1,96641	-11,14131
1420	2,62176	-10,48596	2,62177	-11,14132
1440	2,62176	-11,14132	2,62177	-11,14133
1460	2,62176	-11,14133	2,62177	-11,7967
1480	2,62176	-11,14134	1,96641	-11,7967
1500	1,96641	-11,79671	2,62177	-12,45207
1520	1,96641	-12,45208	2,62177	-13,10744
1540	1,96647	-12,45208	1,96655	-12,45206
1560	1,96657	-13,10742	1,96657	-13,76278
1580	1,96657	-13,10743	1,96658	-13,76279
1600	1,96658	-13,76279	2,62194	-14,41815
1620	2,62193	-14,41816	2,62194	-15,07352
1640	2,62194	-14,41816	1,96658	-15,07352
1660	2,62194	-14,41816	1,96658	-15,07352
1680	2,62194	-15,07352	2,62194	-15,72888
1700	2,62194	-15,72889	2,62194	-16,38425
1720	1,96658	-15,72889	2,62194	-17,03961
1740	1,31124	-18,35035	-2,62078	-18,35037
1760	-1,96533	-18,35037	-0,65458	-19,66109
1780	-0,65459	-19,00573	-0,65458	-19,00573
1800	-0,65458	-19,00572	0,000780000000006	-19,66109
1820	-0,65458	-19,00572	-0,65458	-19,66108
1840	0,00077000000000282	-19,00573	-0,65458	-19,66109
1860	-0,65459	-19,00573	-0,65459	-19,66109
1880	-0,65459	-19,66109	-0,65459	-19,66109
1900	-0,65459	-19,66109	-0,65459	-20,31645
1920	-0,65459	-19,66109	-1,30995	-20,97181
1940	-1,30995	-20,31645	-0,65459	-20,97182
1960	-0,65459	-20,31646	-1,30995	-20,97182
1980	-0,65459999999999	-20,97183	-0,65459	-21,62718
2000	-0,65459	-21,62719	-0,65459	-22,28255
2020	-0,65459	-21,62719	-0,65458	-22,28255
2040	-1,30995	-21,62719	-0,65459	-22,28256
2060	-0,65459	-22,28256	-0,65459	-22,93792
2080	-0,65459	-22,93792	-0,65459	-23,59328
2100	-0,65459999999999	-23,59329	-0,65459	-23,59329
2120	-0,65459	-23,59329	-0,65459	-24,24865
2140	0,65614	-24,24866	8,52056	-23,5933
2160	16,38497	-22,28257	19,00643	-23,59329
2180	19,00642	-22,93793	19,00642	-22,93793
2200	19,00642	-22,93793	19,00642	-23,59329
2220	19,00642	-23,5933	19,00642	-24,24866
2240	18,35106	-23,5933	18,35106	-24,24866
2260	18,35105	-23,5933	19,00641	-24,24866
2280	18,35104	-23,59331	19,0064	-24,90403
2300	19,00639	-24,24867	19,00639	-24,90404
2320	19,66174	-24,90404	19,66174	-25,55941
2340	19,66174	-24,90405	19,66173	-25,55941
2360	19,66173	-25,55942	19,66173	-26,21478
2380	20,31709	-25,55943	20,31709	-26,21479
2400	20,31708	-26,21479	20,97245	-26,87015
2420	20,97244	-26,2148	24,90462	-26,21479
2440	30,14756	-24,2487	32,76902	-25,55942
2460	33,42438	-24,90407	33,42438	-25,55943
2480	33,42438	-24,24871	33,42437	-25,55942
2500	33,42437	-24,90407	33,42437	-25,55942
2520	33,42437	-24,90407	33,42437	-25,55943
2540	33,42436	-25,55944	34,07972	-26,2148
2560	33,42437	-25,55944	34,07973	-26,2148
2580	34,07972	-26,2148	34,07972	-26,2148
2600	33,42435	-25,55945	34,07973	-26,2148
2620	34,07972	-25,55945	33,42436	-26,21481
2640	33,42436	-25,55945	32,76901	-26,21481
2660	39,978	-25,55946	58,98357	-24,9041
2680	70,1248	-24,24875	74,05702	-24,90411
2700	74,71237	-24,90411	74,05701	-24,90411
2720	74,05701	-24,24875	74,05701	-24,90411
2740	74,05701	-24,24875	74,05701	-25,55947
2760	74,05701	-24,90411	74,05701	-25,55947
2780	73,40164	-24,90411	73,40164	-24,9041
2800	72,74628	-24,24875	73,40164	-24,9041
2820	72,74627	-24,24875	72,74628	-24,9041
2840	72,74627	-24,24875	72,74627	-24,90411
2860	72,74626	-24,24875	73,40162	-24,90411
2880	73,40162	-25,55948	73,40162	-25,55948
2900	74,05698	-25,55948	74,05698	-26,87021
2920	74,05697	-26,21485	74,05482	-26,87021
2940	74,71233	-26,21485	74,71233	-27,52557
2960	75,36769	-26,87021	74,71233	-27,52557
2980	74,71232	-26,87021	74,71233	-26,87021
3000	74,05696	-26,87022	74,05697	-27,52557
3020	74,71232	-26,87022	74,05696	-27,52557
3040	74,05696	-26,87021	74,05696	-27,52557
3060	74,71232	-26,87022	74,05696	-28,18093
3080	74,05696	-27,52558	74,71233	-28,18094
3100	74,71233	-27,52558	74,71233	-28,8363
3120	74,71233	-28,18094	74,71233	-28,83631
3140	74,71233	-28,18094	74,71233	-28,8363
3160	75,36769	-28,83631	75,36769	-29,49167
3180	75,36769	-30,14704	76,02305	-30,14703
3200	76,02304	-30,14705	79,29987	-29,49169
3220	83,88745	-28,18096	84,54283	-28,83631
3240	84,54281	-28,18096	84,54282	-28,83632
3260	84,54281	-28,18096	84,54281	-28,83632
3280	84,54281	-28,18096	84,54281	-28,83633
3300	84,54281	-28,18097	84,54281	-28,83633
3320	84,54281	-28,18097	83,88745	-28,83633
3340	83,88744	-28,18097	83,88745	-28,83633
3360	83,23209	-28,18097	83,23209	-28,83633
3380	83,23209	-27,52561	82,57673	-28,18097
3400	81,92136	-27,52561	81,26601	-28,18097
3420	81,92137	-27,52562	81,26601	-28,18097
3440	83,2321	-27,52562	95,02872	-26,21491
3460	106,17003	-23,59346	110,10227	-24,90418
3480	110,75762	-24,24882	110,75761	-24,24881
3500	110,7576	-22,93809	110,75761	-23,59345
3520	111,41297	-22,93809	111,41297	-22,93808
3540	110,7576	-22,28272	112,06832	-22,28272
3560	112,06832	-21,62736	111,41296	-22,28271
3580	111,41295	-21,62735	112,06832	-22,28271
3600	112,06831	-20,97199	112,06832	-21,62735
3620	112,06831	-20,97199	112,06831	-21,62735
3640	112,06831	-20,97199	112,06831	-20,97199
3660	112,0683	-20,97199	112,0683	-21,62735
3680	112,0683	-20,31663	112,0683	-20,97199
3700	112,0683	-20,31663	112,0683	-20,97199
3720	112,72366	-20,31663	112,72366	-20,97199
3740	112,72365	-20,31663	112,72366	-21,62735
3760	112,06829	-20,972	112,72364	-22,9381
3780	110,75754	-24,90419	93,71798	-32,76852
3800	57,6729	-39,32213	3,27773	-46,53109
3820	1,96673	-46,53106	1,31118	-49,15252
3840	2,62184	-49,80793	3,27719	-51,11866
3860	3,93253	-50,46331	3,93252	-51,11867
3880	4,58788	-50,46332	4,58787	-51,11868
3900	4,58786	-50,46333	4,58786	-51,1187
3920	4,58785	-50,46334	4,58784	-50,46335
3940	3,93248	-49,80799	3,93248	-50,46335
3960	3,93247	-50,46337	4,58783	-51,11873
3980	4,58782	-50,46337	4,58782	-51,11874
4000	3,93246	-50,46338	0,65562000000001	-50,46337
4020	-0,65514	-49,15264	0,00024000000000513	-49,808
4040	0,65559	-49,15263	0,65558	-49,15263
4060	1,31093	-48,49728	1,31093	-48,49727
4080	1,31092	-47,84192	1,96628	-48,49728
4100	1,96627	-47,84192	1,31091	-47,18655
4120	1,96626	-47,18656	1,31346	-47,18656
4140	1,3109	-45,87583	1,3109	-46,53119
4160	0,65554	-45,87583	1,31089	-46,53119
4180	1,31089	-45,87583	0,65553000000001	-45,87582
4200	1,31088	-45,22046	0,65551	-45,22046
4220	0,65551	-43,90974	0,65551	-44,56509
4240	0,6555	-43,90973	0,6555	-43,90973
4260	0,65549	-43,25436	0,65549	-43,90972
4280	0,65549	-43,25436	0,00013000000000574	-43,25436
4300	0,00010999999999939	-42,599	0,65548	-43,90972
4320	4,58771	-42,59901	7,86465	-42,59901
4340	7,86471	-42,59901	7,86471	-43,25437
4360	7,8647	-42,599	7,8647	-42,599
4380	7,8647	-42,599	7,20934	-43,25435
4400	6,55397	-42,59899	6,55397	-43,25435
4420	6,55397	-43,25436	6,55396	-43,90972
4440	6,55397	-43,90972	5,89861	-45,22044
4460	5,8986	-44,56509	5,24325	-45,22044
4480	5,24324	-45,22045	5,24325	-45,87581
4500	4,58788	-45,22045	4,58788	-46,53117
4520	4,58788	-45,87582	5,24324	-46,53118
4540	5,24324	-45,87582	5,24324	-45,87582
4560	5,24324	-45,22046	5,24324	-45,87581
4580	5,8986	-44,56509	5,8986	-44,56509
4600	5,89859	-43,90972	5,89859	-43,90972
4620	5,89858	-43,25436	5,89859	-43,90971
4640	5,89858	-43,25435	5,24323	-43,25435
4660	5,89859	-42,59899	5,24323	-43,25435
4680	5,24323	-43,25435	5,24323	-43,90971
4700	5,24323	-43,25435	5,24324	-43,90971
4720	5,24323	-43,90971	4,58787	-44,56507
4740	4,58787	-43,90972	4,58788	-44,56507
4760	4,58788	-44,56507	3,93252	-45,22043
4780	3,93252	-44,56508	3,93252	-45,22043
4800	3,27716	-45,22044	3,27716	-45,8758
4820	3,27715	-45,87581	2,62186	-48,49727
4840	0,00055000000000405	-47,84194	0,65599	-48,4973
4860	0,65598	-47,84194	0,65597	-47,84193
4880	0,65597	-47,18657	0,65596	-47,84193
4900	0,65596	-47,84194	1,31132	-48,4973
4920	1,96668	-47,84195	1,96667	-49,15267
4940	1,96667	-49,15268	2,62204	-49,80804
4960	2,62203	-49,15268	3,27739	-49,80803
4980	3,27739	-49,15268	3,27739	-49,15267
5000	3,27738	-48,49731	3,27738	-48,49731
5020	3,27738	-47,84195	3,27738	-48,49731
5040	3,27737	-47,84195	2,62202	-48,49731
5060	3,27737	-47,18658	2,62203	-46,53121
5080	3,27744	-43,25439	4,5882	-42,59901
5100	5,24356	-42,59901	5,24357	-42,59901
5120	4,5882	-41,94364	5,24357	-41,94363
5140	4,5882	-41,28827	4,5882	-41,28827
5160	4,5882	-40,63291	4,5882	-41,28826
5180	4,5882	-40,6329	4,5882	-40,6329
5200	3,93284	-39,97754	3,93284	-40,63289
5220	3,93284	-39,97753	3,93285	-40,63289
5240	3,93284	-39,97753	3,93285	-40,63289
5260	3,93284	-39,97754	3,93285	-40,63289
5280	-46,52987	-39,97753	3,93285	-39,97753
5300	3,93285	-39,97754	3,93286	-39,97753
5320	3,93286	-39,97615	3,93286	-39,97753
5340	3,93286	-39,32217	3,93286	-39,97753
5360	3,93285	-39,97753	3,93286	-40,63288
5380	3,93286	-39,97753	3,93286	-40,63289
5400	4,58822	-39,97753	3,93286	-39,97752
5420	3,93286	-39,97753	4,58822	-39,97753
5440	4,58821	-39,97752	3,93286	-40,63288
5460	3,93286	-39,97753	4,58822	-40,63288
5480	4,58822	-39,97753	4,58822	-40,63289
5500	4,58822	-40,6329	4,58822	-41,28825
5520	4,58822	-41,28826	4,58822	-41,28826
5540	4,58821	-41,28826	4,58822	-41,94363
5560	5,24359	-41,28827	14,41873	-40,63291
5580	28,83678	-38,66683	34,73506	-39,32218
5600	35,39042	-38,66682	35,39042	-38,66682
5620	36,04578	-38,01146	36,04579	-38,66681
5640	36,04578	-38,01146	36,70114	-38,66681
5660	37,3565	-38,01145	36,70115	-38,01145
5680	38,01186	-38,01146	38,66722	-38,66682
5700	38,66721	-38,01146	38,66722	-38,66682
5720	38,66721	-38,01146	38,66722	-38,66682
5740	38,66721	-37,3561	38,66721	-38,01146
5760	38,66721	-37,3561	38,01185	-38,01146
5780	38,66721	-37,3561	38,66721	-38,01146
5800	38,66721	-37,3561	38,66721	-38,01146
5820	38,6672	-37,3561	38,66721	-38,01146
5840	39,32256	-37,3561	39,32256	-38,01146
5860	39,32256	-37,3561	39,32257	-37,3561
5880	39,32256	-36,70074	39,97792	-37,3561
5900	39,97792	-37,35611	39,97792	-37,35607
5920	40,63328	-37,35611	40,63327	-37,35611
5940	40,63327	-37,35612	41,28863	-38,01149
5960	41,94398	-38,01149	41,94398	-38,01149
5980	42,59934	-38,0115	43,25471	-39,32223
6000	43,2547	-39,32224	43,2547	-40,63297
6020	43,25469	-40,63297	43,25469	-41,28834
6040	43,25468	-41,94372	42,59932	-43,25444
6060	41,94396	-43,25445	51,77439	-44,56511
6080	74,05679	-41,94376	89,13028	-41,28839
6100	93,71787	-41,2884	93,71786	-39,97766
6120	93,71785	-38,66693	93,71785	-38,66692
6140	93,71786	-38,01156	93,71785	-38,01155
6160	93,71786	-37,35619	94,37322	-37,35619
6180	93,71785	-36,70083	94,37322	-36,70082
6200	93,71785	-36,04546	94,37321	-36,70082
6220	94,37321	-36,04546	94,37321	-36,04545
6240	94,3732	-35,39009	93,71785	-35,39009
6260	93,71784	-34,73473	93,71784	-35,39008
6280	93,71784	-34,07936	93,71784	-34,73472
6300	93,06248	-33,42399	93,71783	-34,07935
6320	93,71783	-33,424	93,06247	-34,07935
6340	93,06247	-33,42399	93,06247	-34,07935
6360	93,71782	-33,424	97,65004	-32,76863
6380	103,54841	-29,49182	105,51455	-29,49181
6400	104,85918	-28,18108	104,85918	-28,18107
6420	104,85917	-27,52571	104,85918	-27,5257
6440	104,20636	-26,87034	104,20381	-27,5257
6460	104,2038	-26,87034	103,54845	-27,52569
6480	104,2038	-26,87033	104,2038	-27,52569
6500	104,20379	-26,21498	104,85915	-26,87033
6520	105,5145	-26,21498	105,5145	-26,87034
6540	105,5145	-25,55962	105,51449	-26,21498
6560	106,16985	-24,90427	106,16985	-24,90427
6580	107,48057	-24,90429	107,48057	-24,90429
6600	108,13593	-23,59358	109,44665	-24,9043
6620	109,44665	-23,59359	110,10201	-24,24895
6640	109,44665	-23,59359	110,10201	-23,59359
6660	110,10201	-23,59359	109,44665	-23,59358
6680	109,44664	-22,93822	108,79128	-22,93821
6700	109,44664	-22,93822	109,44663	-24,24895
6720	104,85906	-26,87039	87,81956	-30,14718
6740	68,15862	-31,45789	58,98352	-32,11325
6760	57,01743	-30,80253	57,01743	-32,11325
6780	56,36208	-30,80254	56,36209	-31,4579
6800	60,94962	-31,45791	82,57666	-29,49185
6820	106,82535	-26,21505	117,3114	-26,21505
6840	118,62215	-23,5936	117,96904	-22,93822
6860	118,62212	-20,97213	117,96676	-20,97211
6880	117,96675	-19,66139	117,96674	-19,66138
6900	117,31137	-19,00601	117,31137	-19,006
6920	117,31136	-18,35063	117,31135	-18,35062
6940	117,31134	-17,69525	116,65597	-17,03989
6960	116,65597	-16,38452	116,65597	-17,03988
6980	116,0006	-16,38451	116,0006	-16,3845
7000	116,0006	-15,07377	114,68987	-16,38449
7020	108,79154	-17,69521	107,4808	-17,69521
7040	108,13616	-17,03984	108,79152	-17,03983
7060	108,79152	-16,38446	108,79152	-17,03982
7080	108,79151	-16,38446	108,79152	-17,03981
7100	108,79152	-15,72909	108,79152	-15,72908
7120	108,7915	-15,07372	108,13615	-15,07371
7140	108,7915	-13,76298	108,7915	-13,76298
7160	108,7915	-13,10761	109,44685	-13,10761
7180	109,44685	-12,45225	-46,52884	-13,10761
7200	110,10219	-13,10762	110,10219	-13,76298
7220	110,75754	-13,76299	103,54849	-19,00587
7240	74,05702	-25,55946	15,07432	-35,38986
7260	-3,27602	-39,322	-3,93157	-40,63271
7280	-2,62093	-41,94346	-2,62094	-40,63276
7300	-1,31025	-39,32204	-1,31027	-38,66669
7320	-0,65492	-38,01136	0,00043000000000148	-38,01138
7340	0,00042000000000542	-36,04531	0,00040000000000617	-35,38996
7360	-0,65497999999999	-33,42388	-0,65499	-34,07924
7380	-46,53021	-32,11315	-1,31038	-32,11313
7400	-1,31039	-31,45777	-1,96576	-32,11312
7420	-2,62113	-30,80239	-2,62114	-30,80238
7440	-2,62115	-30,14702	-3,27652	-30,14701
7460	-2,62116	-29,49165	-3,27652	-29,49165
7480	-2,62117	-28,83628	-3,27653	-29,49164
7500	-3,27654	-29,49164	-3,9319	-29,49165
7520	-4,58726	-28,83628	-4,58725	-29,49164
7540	-4,58726	-28,83629	-5,24261	-30,14701
7560	-5,24261	-28,83629	-5,89797	-29,49164
7580	-5,24261	-28,83629	-5,89796	-28,83628
7600	-5,89796	-28,83629	-5,89796	-29,49165
7620	-6,55332	-28,18093	-7,20867	-28,83629
7640	-7,20867	-28,18093	-7,20611	-28,18093
7660	-7,20866	-27,52557	-7,86401	-28,18093
7680	-7,86401	-28,18093	-7,864	-28,18093
7700	-7,86399	-27,52556	-7,86399	-28,18092
7720	-7,86399	-28,18092	-7,86399	-28,18093
7740	-7,86398	-28,18092	-7,86398	-28,18092
7760	-8,51934	-28,18092	-7,86397	-28,83628
7780	-8,51933	-28,18092	-8,51932	-28,83628
7800	-7,86397	-28,18092	-8,5193	-29,49164
7820	-9,82988	-27,52559	-9,17441	-27,52558
7840	-9,1744	-28,18094	-9,17442	-28,18093
7860	-9,17442	-26,87021	-9,17442	-28,18092
7880	-9,17442	-27,52557	-9,17442	-28,18093
7900	-9,17443	-27,52556	-8,51906	-28,18091
7920	-8,51907	-27,52556	-7,86371	-27,52555
7940	-7,86371	-26,87019	-8,51907	-27,52555
7960	-7,86371	-26,87019	-7,8637	-27,52556
7980	-7,8637	-26,87019	-7,20834	-26,87019
8000	-7,20834	-26,21483	-7,20834	-26,87018
8020	-7,20834	-26,21483	-7,20834	-26,87018
8040	-7,20834	-26,21482	-7,20833	-26,87018
8060	-7,20832	-26,87018	-5,89747	-25,55948
8080	0,00088000000000221	-24,24876	1,967	-24,90411
8100	2,62235	-24,24875	1,96699	-24,24874
8120	2,62236	-24,24875	2,62236	-24,24875
8140	2,62236	-23,59338	2,62236	-24,24875
8160	3,27771	-23,59339	3,27771	-23,59338
8180	3,93306	-23,59338	3,93307	-24,24875
8200	4,58842	-22,93803	4,58842	-23,59338
8220	4,58842	-22,93803	4,58842	-23,59339
8240	5,24377	-22,93803	5,89913	-23,59338
8260	5,89912	-22,93802	5,89913	-23,59337
8280	6,55448	-22,938	7,20983	-24,24872
8300	7,20983	-23,59336	7,20983	-23,59335
8320	7,20982	-22,93798	7,20982	-23,59334
8340	7,20981	-22,93798	7,20982	-23,59333
8360	7,2098	-22,2826	8,52053	-22,93796
8380	23,59395	-19,66117	46,53173	-19,0058
8400	57,01757	-18,35044	57,67293	-18,35043
8420	57,67292	-17,69507	57,01756	-17,69506
8440	57,01755	-17,0397	57,67292	-17,69505
8460	57,67291	-17,03969	57,67291	-17,03969
8480	57,67291	-16,38433	57,67291	-17,03968
8500	57,6729	-16,38433	57,67291	-16,38432
8520	57,01755	-15,72896	57,01755	-16,38432
8540	57,01754	-15,72896	57,01754	-16,38432
8560	56,36218	-15,0736	57,01754	-15,72896
8580	57,01754	-15,07359	57,01754	-15,72895
8600	57,01754	-15,0736	57,01754	-15,72895
8620	57,01754	-15,07359	57,01754	-15,07359
8640	57,01754	-15,07359	57,01755	-15,07359
8660	57,01755	-14,41823	57,01755	-15,07359
8680	57,01755	-14,41822	56,36219	-15,07358
8700	57,01755	-13,76286	56,36219	-14,41822
8720	56,36219	-14,41821	56,3622	-14,41821
8740	59,639	-13,76285	68,15878	-13,1075
8760	70,12488	-13,10749	70,12488	-13,10748
8780	70,12488	-12,45212	70,12488	-13,10747
8800	70,78024	-11,79675	70,78025	-13,10746
8820	70,78025	-12,45211	70,78025	-12,4521
8840	70,78025	-11,79674	70,78025	-12,4521
8860	70,78025	-11,14138	70,78026	-12,45209
8880	70,78026	-11,79673	70,78027	-11,79673
8900	70,78026	-11,79673	70,78027	-11,79672
8920	70,78027	-11,14135	70,78027	-11,14135
8940	70,78027	-11,14135	70,78027	-11,14134
8960	70,78027	-10,48598	70,78028	-10,48597
8980	71,43564	-9,83061	71,43564	-9,83061
9000	71,43563	-9,17524	71,43563	-9,17524
9020	71,43563	-8,51987	70,78028	-9,17522
9040	75,36782	-8,51987	83,23227	-7,86451
9060	88,47525	-6,5538	91,09674	-6,5538
9080	91,7521	-5,24307	91,09928	-5,89841
9100	91,09674	-4,58768	91,09675	-3,93231
9120	91,09675	-3,27694	90,4414	-2,62157
9140	91,09675	-1,31084	89,78604	-1,31083
9160	89,78604	-0,00010999999999939	89,78605	-9,9999999996214E-5
9180	89,78605	0,65527	89,78605	0,65528
9200	89,13069	1,966	89,1307	1,31065
9220	88,47534	1,96601	88,47535	1,96602
9240	88,47534	2,62137	88,47535	2,62138
9260	88,47535	3,27674	88,47535	3,9321
9280	87,81999	4,58747	87,82	3,93211
9300	87,16463	4,58748	87,16463	4,58749
9320	87,16463	5,89821	87,16464	5,24285
9340	86,50927	6,55358	86,50927	6,55358
9360	86,50927	7,20894	86,50928	6,55359
9380	86,50927	7,20895	86,50928	6,55359
9400	90,4415	8,51968	96,33987	10,48578
9420	98,96138	11,14114	99,61675	11,14115
9440	100,2721	12,45188	99,61675	11,79653
9460	100,27211	12,45189	99,61675	12,4519
9480	99,61675	13,10726	100,27212	13,10726
9500	-46,52853	13,76263	100,27211	13,10727
9520	100,27211	13,76263	100,27211	13,76264
9540	99,61675	14,418	99,61675	13,76265
9560	100,27211	14,41801	100,27211	13,76265
9580	100,2721	14,41801	100,2721	14,41802
9600	100,2721	14,41802	100,27211	14,41802
9620	100,2721	15,07339	100,2721	14,41803
9640	100,92746	14,41803	100,92746	14,41803
9660	100,92745	15,07339	100,92746	14,41803
9680	100,92746	15,07339	100,92746	14,41804
9700	100,92745	15,0734	101,58282	14,41804
9720	101,58282	15,0734	101,58282	14,41805
9740	101,58282	15,72877	101,58282	15,07341
9760	101,58281	15,72877	101,58282	15,07342
9780	101,58282	15,07342	101,58282	15,07342
9800	101,58281	15,72878	101,58282	15,07342
9820	101,58282	15,72878	101,58282	15,07342
9840	101,58281	15,72878	102,89353	15,07342
9860	102,89353	15,07342	102,89353	15,07342
9880	102,89352	15,72878	102,89352	15,07342
9900	102,89352	15,72878	102,89352	15,72878
9920	102,89351	15,72878	102,89352	15,72878
9940	106,82573	17,03949	111,41336	17,69486
9960	112,06875	17,69553	112,06874	17,69488
9980	112,06873	18,35024	112,06874	18,35024
10000	112,06873	19,0056	112,72409	18,35025
10020	112,72408	19,00561	112,72409	18,35025
10040	112,72408	19,00561	112,72408	18,35025
10060	112,72408	19,66097	112,72407	19,00561
10080	113,37943	19,66097	113,37943	19,00561
10100	113,37943	20,31633	113,37943	19,66098
10120	113,37943	20,31633	113,37943	19,66097
10140	113,37942	20,31633	113,37942	19,66098
10160	114,03478	20,31634	114,03479	19,66098
10180	114,03478	20,97169	114,03478	19,66097
10200	114,03478	20,31633	114,03478	19,66097
10220	114,03478	19,66096	114,03478	17,69487
10240	114,69014	17,69486	114,69014	14,41803
10260	115,34551	13,76264	115,34553	11,14116
10280	115,34554	9,17502	114,69022	5,89817
10300	114,69023	5,24279	114,69025	1,31059
10320	114,0349	-1,96627	113,37955	-3,93237
10340	113,37955	-3,93135	112,72419	-5,24312
10360	112,06883	-5,89849	112,7242	-7,20922
10380	112,06884	-7,20923	112,06884	-7,86459
10400	110,75812	-7,8646	110,75813	-7,86459
10420	110,75812	-7,20923	110,75813	-7,86459
10440	110,10277	-7,8646	109,44741	-9,83069
10460	108,79204	-10,48607	97,65079	-16,38429
10480	76,67903	-19,00569	49,15367	-23,59317
10500	24,90515	-26,86995	14,41929	-26,86995
10520	14,41927	-24,90387	14,41926	-24,24751
10540	13,76388	-22,28241	13,76386	-22,28241
10560	13,10849	-20,97168	13,10848	-20,97167
10580	12,45311	-19,66095	12,4531	-19,66094
10600	12,45309	-18,35022	12,45308	-18,35021
10620	12,45307	-17,69485	12,45307	-18,35022
10640	12,45307	-18,35022	12,45307	-18,35022
10660	12,45306	-17,03949	12,45306	-17,69485
10680	12,45305	-17,69485	13,10841	-19,00558
10700	12,45304	-19,00558	-3,27568	-23,59308
10720	-19,65982	-22,93767	-24,24745	-24,90372
10740	-23,59218	-25,55909	-22,28147	-25,55909
10760	-21,62613	-24,90374	-20,97078	-24,90373
10780	-20,97078	-24,24836	-20,97079	-24,24836
10800	-20,31544	-22,93764	-20,31544	-22,93763
10820	-20,97081	-22,28227	-20,97082	-22,28227
10840	-20,31546	-21,62691	-20,31546	-21,62691
10860	-20,31547	-20,97154	-20,31547	-21,62691
10880	-19,66012	-20,97154	-19,66012	-20,97154
10900	-19,00478	-20,31618	-19,00478	-20,31617
10920	-19,00479	-19,66081	-19,00479	-20,31616
10940	-19,00479	-19,66081	-19,00479	-20,97153
10960	-19,0048	-19,66081	-19,0048	-20,97153
10980	-19,00481	-20,31617	-19,0048	-21,62689
11000	-19,00481	-21,6269	-19,0048	-22,28226
11020	-19,0048	-20,97153	-19,0048	-21,62688
11040	-19,00481	-20,97152	-19,00481	-21,62688
11060	-18,34946	-20,97152	-19,00482	-21,62687
11080	-18,34946	-21,62688	-18,34946	-21,62688
11100	-18,34947	-20,97151	-18,34947	-21,62687
11120	-18,34947	-20,97151	-18,34947	-21,62687
11140	-18,34947	-20,97151	-18,34947	-20,9715
11160	-19,00484	-20,31614	-19,00483	-20,9715
11180	-19,00484	-20,31614	-19,66018	-20,97151
11200	-17,69398	-18,35009	-11,79558	-17,03936
11220	-9,17412	-17,69472	-9,82948	-17,69471
11240	-9,8295	-17,03935	-9,82949	-17,69471
11260	-9,8295	-17,03935	-9,17413	-17,69471
11280	-9,17414	-17,69472	-9,17413	-17,69472
11300	-9,17414	-17,03936	-9,17414	-17,69472
11320	-8,51878	-17,03935	-9,17414	-17,03935
11340	-9,17414	-16,38399	-8,51878	-17,03935
11360	-9,17414	-16,38399	-9,17414	-16,38399
11380	-1,96513	-15,72865	16,38515	-13,76258
11400	26,21566	-12,45186	26,87104	-13,10721
11420	26,21566	-11,79648	26,21565	-11,79647
11440	25,56029	-11,1411	25,56029	-11,79645
11460	25,56028	-10,48573	25,56028	-11,79645
11480	26,21563	-10,48574	26,87099	-11,1411
11500	27,52634	-10,48574	27,52634	-11,1411
11520	27,52633	-11,1411	28,83705	-11,14111
11540	28,83705	-11,14111	29,49241	-11,14111
11560	30,14777	-11,14112	30,80313	-11,79648
11580	30,80312	-11,14112	31,45848	-11,14112
11600	32,11384	-11,14113	32,11384	-11,14111
11620	32,76919	-10,48576	32,76919	-11,14112
11640	33,42454	-10,48576	32,76918	-11,14112
11660	32,76918	-10,48576	37,35673	-9,17504
11680	46,53188	-5,89823	55,70702	-5,24286
11700	57,67311	-4,5875	57,67311	-4,58749
11720	57,6731	-3,93213	57,67311	-3,93212
11740	57,6731	-2,6214	57,6731	-3,27675
11760	57,6731	-1,96603	57,01774	-2,62138
11780	57,01773	-1,96603	57,01773	-1,96602
11800	57,01773	-1,31067	57,01773	-1,96602
11820	56,36237	-0,65531	55,70701	-1,31066
11840	55,70702	-1,31066	55,70702	-1,31066
11860	55,70702	-1,31066	55,70702	-1,96601
11880	55,05166	-1,96602	59,63922	-1,31066
11900	65,53754	6,0000000004834E-5	67,50365	6,0000000004834E-5
11920	68,15901	0,65543	67,50365	7,0000000000903E-5
11940	67,50365	1,31079	66,84829	0,65544
11960	67,50365	1,31079	67,50365	0,65543
11980	67,50365	1,31079	67,50366	0,65543
12000	67,50365	0,65543	67,50366	0,65543
12020	68,15901	0,65543	67,50365	0,65543
12040	67,50365	0,65543	67,50366	0,65543
12060	67,50365	1,31079	67,50366	0,65543
12080	67,50366	0,65542000000001	67,50366	6,0000000004834E-5
12100	67,50366	0,65542000000001	67,50367	6,0000000004834E-5
12120	67,50366	5,000000000166E-5	67,50367	6,0000000004834E-5
12140	67,50367	0,65541	67,50367	5,000000000166E-5
12160	67,50367	0,65541	66,84831	6,0000000004834E-5
12180	67,50367	5,000000000166E-5	66,84832	-0,65531
12200	67,50367	5,000000000166E-5	66,84831	-0,6553
12220	66,8483	6,0000000004834E-5	66,84831	-0,6553
12240	67,50367	6,0000000004834E-5	66,84831	-0,6553
12260	67,50367	5,000000000166E-5	67,50367	-0,65531
12280	68,15902	-0,65531	68,81438	-1,31067
12300	68,81437	-0,65532	69,46973	-1,31068
12320	70,12508	-0,65532	70,12508	-1,31068
12340	70,78043	-1,31069	70,78042	-1,96605
12360	71,43578	-1,31069	78,64482	1,9999999999243E-5
12380	87,82001	2,62146	91,09689	1,9661
12400	92,40762	2,62146	92,40761	2,62147
12420	93,06296	3,27684	93,71832	3,27684
12440	93,71831	3,9322	93,71831	3,27684
12460	93,7183	3,9322	93,7183	3,9322
12480	93,71829	5,24293	93,71829	4,58757
12500	93,71828	5,24292	93,71828	4,58756
12520	93,71827	5,24293	93,71828	5,24293
12540	93,71827	5,89828	93,71827	5,24292
12560	93,71826	5,89828	94,37362	5,24292
12580	93,71826	5,89827	93,71826	5,24291
12600	93,71825	5,89828	93,71825	5,24291
12620	93,71825	5,89827	93,71825	5,24291
12640	93,71824	5,89827	93,71824	5,24291
12660	93,71824	5,89827	93,71824	4,58755
12680	93,71823	4,58754	96,99507	4,58753
12700	101,58267	5,89825	102,89343	5,24289
12720	102,89342	5,89825	102,89342	5,2429
12740	102,89342	6,55362	102,89342	5,89826
12760	102,89342	6,55362	102,89341	5,89826
12780	102,89341	5,89827	102,23805	5,89827
12800	102,89341	6,55363	102,89341	5,89827
12820	102,89341	6,55363	102,89341	5,89827
12840	102,23805	6,55363	102,23805	5,89827
12860	102,89341	5,89826	102,89341	5,24291
12880	102,89341	5,89826	102,89341	4,58754
12900	102,89341	5,24289	102,89342	3,93218
12920	103,54878	4,58753	103,54878	3,93217
12940	103,54878	3,93216	104,20414	3,27681
12960	104,20414	3,93216	104,20414	3,27681
12980	104,20414	3,93216	104,20415	3,27681
13000	104,20414	3,93216	104,20415	3,27681
13020	104,20414	3,93217	104,20415	3,27681
13040	104,20414	3,93217	103,54878	3,27681
13060	104,20414	3,93217	104,20414	3,27682
13080	104,20413	3,93217	104,20414	3,27682
13100	104,20414	3,93217	104,20414	3,27681
13120	103,54877	3,27681	104,20414	2,62145
13140	104,20414	3,93217	104,85949	3,27681
13160	104,85949	3,93217	104,85949	3,27681
13180	105,51484	3,93217	106,1702	3,27681
13200	106,1702	3,93217	106,1702	3,27681
13220	106,1702	3,93216	106,1702	3,93217
13240	106,1702	3,93216	106,1702	3,2768
13260	105,51483	3,2768	106,1702	3,2768
13280	106,82555	3,2768	109,44702	3,2768
13300	116,65611	6,55361	120,58839	6,55362
13320	121,24378	7,86434	121,24376	7,86435
13340	121,24375	9,17508	121,24376	8,51972
13360	121,24375	9,17508	121,24374	9,17508
13380	121,24374	9,83044	120,58838	9,17509
13400	121,24373	11,14117	121,24373	10,48582
13420	121,24372	11,14118	121,24373	11,14119
13440	121,24372	12,45191	121,24372	11,79656
13460	121,24372	13,10727	121,24372	12,45193
13480	121,24371	13,76265	121,24371	13,10729
13500	121,24371	14,41801	121,24371	14,41802
13520	121,24371	15,07338	121,24371	14,41802
13540	120,58835	15,72874	121,24371	15,07339
13560	121,2437	15,07338	117,31151	12,45194
13580	112,72392	12,45195	110,10245	11,7966
13600	110,10244	13,10732	110,10244	13,10732
13620	110,10244	13,76269	109,44708	13,10733
13640	109,44708	14,41805	109,44708	13,7627
13660	109,44708	14,41806	109,44708	14,41807
13680	109,44708	14,41806	109,44708	14,41807
13700	109,44708	15,07343	108,79173	15,07343
13720	108,79173	15,7288	108,79173	15,07344
13740	108,79173	15,7288	108,13638	15,07344
13760	108,79173	15,72879	108,79174	14,41808
13780	108,79174	15,7288	108,79175	15,07344
13800	108,13639	15,7288	108,13639	15,07345
13820	108,13639	15,7288	108,13639	15,72881
13840	107,48104	15,72881	107,48104	15,72881
13860	107,48104	16,38418	107,48105	16,38418
13880	107,48105	17,03954	107,48105	17,03955
13900	107,48105	17,69491	106,82569	17,03955
13920	108,13641	17,69491	107,48105	17,03955
13940	107,48105	18,35028	107,48105	17,69493
13960	107,48105	19,00565	107,48105	18,35029
13980	106,82569	19,00565	106,8257	19,00566
14000	107,48106	19,66102	106,8257	19,00566
14020	107,48106	19,66102	106,82571	19,00567
14040	107,48107	20,31639	107,48108	19,66104
14060	106,82571	20,97176	106,82572	20,97177
14080	106,82572	21,62713	106,82572	20,97177
14100	106,82572	21,62714	106,17036	20,97178
14120	106,17036	21,62714	107,4811	20,97178
14140	112,72409	23,59321	116,65638	24,90396
14160	116,00103	24,90396	116,00102	24,90398
14180	116,00102	26,21471	116,00102	26,21472
14200	116,00102	27,52545	116,65639	27,52545
14220	116,00102	28,18081	116,65639	28,18082
14240	116,65639	28,18082	116,00103	28,18082
14260	116,00103	28,83618	116,00104	28,83619
14280	116,00104	29,49155	114,69032	28,18084
14300	101,58296	21,62725	73,4022	14,41834
14320	35,39104	5,89871	-11,13981	0,00052000000000163
14340	-32,11154	-1,96554	-34,73305	-3,27627
14360	-33,42236	-1,31019	-33,42238	-1,31018
14380	-33,4224	0,6559	-33,4224	1,31126
14400	-33,42242	1,96662	-33,42242	2,62198
14420	-32,76707	3,27734	-32,76708	3,27735
14440	-32,76709	4,58808	-32,76709	5,24345
14460	-32,7671	6,55418	-32,7671	6,55419
14480	-32,76711	7,86492	-32,76711	8,52029
14500	-33,42248	9,17566	-32,76711	9,83103
14520	-33,42248	11,14176	-33,42248	10,48641
14540	-33,42248	11,79713	-34,07784	11,79714
14560	-33,42248	12,4525	-34,07784	11,79715
14580	-34,07786	11,79715	-33,42252	11,79717
14600	-34,07788	13,76326	-34,07787	14,41863
14620	-34,07788	15,074	-34,73324	15,72937
14640	-34,73324	16,38473	-34,73324	16,38474
14660	-35,38861	17,69547	-35,3886	17,04012
14680	-35,38861	18,35085	-35,38862	17,69549
14700	-35,38863	18,35085	-34,73327	18,35085
14720	-34,73328	19,00621	-34,07793	19,00622
14740	-34,07794	19,66158	-34,07795	19,00623
14760	-34,07796	19,6616	-34,07796	19,6616
14780	-34,07797	20,31696	-34,07798	20,31697
14800	-34,07799	20,97233	-34,07799	20,97233
14820	-34,078	20,97233	-34,07801	20,97233
14840	-33,42266	21,62769	-33,42266	21,62769
14860	-34,07803	22,93841	-33,42268	22,93841
14880	-33,42269	22,93841	-33,42269	22,93841
14900	-33,42271	23,59377	-32,76736	23,59377
14920	-32,76737	23,59377	-32,11201	23,59377
14940	-32,11202	24,90449	-32,11203	24,24913
14960	-31,45668	24,90449	-31,45668	24,90449
14980	-30,80133	25,55985	-30,80133	25,55985
15000	-30,80134	26,21521	-30,14598	26,21521
15020	-30,14598	26,21521	-30,14598	26,21521
15040	-30,14599	26,21521	-29,49063	24,90449
15060	-29,49063	25,55985	-23,59226	27,52593
15080	-10,48489	29,49201	-5,8973	28,18129
15100	-6,55268	28,83665	-6,55269	29,49201
15120	-6,5527	30,80273	-6,5527	30,14737
15140	-5,89734	30,80273	-5,89734	30,80273
15160	-5,89735	32,11345	-5,89735	32,11345
15180	-5,89735	32,76881	-5,24199	32,76881
15200	-5,24199	33,42417	-5,24199	33,42417
15220	-5,24199	34,73489	-5,24198	34,07953
15240	-5,24198	34,73489	-4,58661	34,73489
15260	-4,58661	36,04561	-4,5866	35,39025
15280	-4,5866	36,04561	-4,58659	36,04561
15300	-3,93123	36,04561	-3,93121	36,70097
15320	-3,9312	37,35633	-3,27583	36,70097
15340	-3,27582	38,01169	-3,27581	37,35633
15360	-2,62045	38,01169	-3,2758	38,66705
15380	-2,62043	38,66705	-1,3097	38,01169
15400	17,0405	40,63313	30,80324	40,63313
15420	36,04619	41,28849	36,70156	40,63313
15440	37,35691	41,28849	36,70156	40,63313
15460	37,35692	41,28849	37,35693	40,63313
15480	37,35693	41,28849	37,35694	40,63313
15500	37,35694	41,28849	37,35695	40,63313
15520	38,66766	41,28849	38,66767	40,63313
15540	39,32303	41,28849	39,32304	40,63313
15560	39,97839	41,28849	39,97839	40,63313
15580	39,9784	41,28849	39,9784	40,63313
15600	40,63376	41,28849	40,63377	40,63313
15620	40,63377	41,28849	39,97841	40,63313
15640	39,97841	41,28849	39,97842	40,63313
15660	39,32306	41,28849	39,32307	40,63313
15680	38,66771	41,28849	38,66772	40,63313
15700	39,32308	41,28849	42,59994	40,63313
15720	46,53216	41,28849	48,49827	40,63313
15740	49,15363	41,28849	49,81154	40,63313
15760	49,15363	41,28849	49,15364	40,63313
15780	49,15363	41,28849	49,15364	40,63313
15800	49,15363	41,28849	48,49828	40,63313
15820	49,15364	41,28849	49,15364	40,63313
15840	49,80899	41,28849	49,80899	40,63313
15860	50,46435	41,28849	50,46435	40,63313
15880	51,11971	41,28849	51,77508	40,63313
15900	51,77507	41,28849	51,77507	40,63313
15920	51,77507	41,28849	54,39655	40,63313
15940	62,26096	41,28849	67,50394	40,63313
15960	71,43614	41,28849	70,78079	40,63313
15980	70,78078	41,28849	70,78078	40,63313
16000	70,78078	41,28849	70,78078	40,63313
16020	70,78078	41,28849	70,78079	40,63313
16040	70,78079	41,28849	70,78079	40,63313
16060	70,78078	41,28849	70,78079	40,63313
16080	70,78079	41,28849	70,78079	40,63313
16100	70,78079	41,28849	71,43615	40,63313
16120	71,43615	41,28849	71,43615	40,63313
16140	71,43615	41,28849	71,43615	40,63313
16160	71,43615	41,28849	71,43615	40,63313
16180	71,43614	41,28849	62,91642	40,63313
16200	47,84304	41,28849	34,08039	40,63313
16220	24,24992	41,28849	22,93919	40,63313
16240	24,2499	41,28849	24,24989	40,63313
16260	24,24988	41,28849	24,24987	40,63313
16280	24,24987	41,28849	24,24986	40,63313
16300	24,24986	41,28849	24,24986	40,63313
16320	24,24985	41,28849	24,24984	40,63313
16340	24,9052	41,28849	25,56055	40,63313
16360	24,90519	41,28849	25,56055	40,63313
16380	25,56053	41,28849	25,56054	40,63313
16400	24,90518	41,28849	25,56054	40,63313
16420	24,90517	41,28849	25,56054	40,63313
16440	25,56053	41,28849	25,56053	40,63313
16460	26,21588	41,28849	25,56053	40,63313
16480	25,56052	41,28849	25,56052	40,63313
16500	25,56052	41,28849	25,56052	40,63313
16520	25,56051	41,28849	26,21587	40,63313
16540	25,56051	41,28849	25,56051	40,63313
16560	25,56051	41,28849	24,90515	40,63313
16580	24,90514	41,28849	24,90515	40,63313
16600	25,5605	41,28849	34,08026	40,63313
16620	43,25544	41,28849	47,84303	40,63313
16640	48,4984	41,28849	47,84303	40,63313
16660	48,49838	41,28849	48,49838	40,63313
16680	48,49838	41,28849	47,84302	40,63313
16700	47,84301	41,28849	47,84301	40,63313
16720	47,84301	41,28849	47,84302	40,63313
16740	47,84302	41,28849	47,84302	40,63313
16760	47,84302	41,28849	48,49838	40,63313
16780	48,49837	41,28849	49,15373	40,63313
16800	48,49837	41,28849	48,49837	40,63313
16820	49,15373	41,28849	57,01813	40,63313
16840	66,19331	41,28849	70,12555	40,63313
16860	70,78092	41,28849	70,7809	40,63313
16880	70,12554	41,28849	70,12554	40,63313
16900	70,12553	41,28849	70,12554	40,63313
16920	70,12553	41,28849	70,12553	40,63313
16940	70,78089	41,28849	70,12553	40,63313
16960	70,12553	41,28849	70,12553	40,63313
16980	70,12552	41,28849	70,12553	40,63313
17000	70,12552	41,28849	70,78088	40,63313
17020	70,12552	41,28849	70,78088	40,63313
17040	70,12552	41,28849	70,12552	40,63313
17060	70,12551	41,28849	72,09161	40,63313
17080	79,30067	41,28849	83,88828	40,63313
17100	85,85438	41,28849	87,16509	40,63313
17120	87,16508	41,28849	87,16508	40,63313
17140	87,82044	41,28849	87,82044	40,63313
17160	88,47579	41,28849	88,47579	40,63313
17180	87,82043	41,28849	88,47578	40,63313
17200	88,47578	41,28849	89,13114	40,63313
17220	88,47577	41,28849	89,13113	40,63313
17240	89,13112	41,28849	89,13112	40,63313
17260	89,13112	41,28849	89,13112	40,63313
17280	89,1311	41,28849	89,1311	40,63313
17300	89,13109	41,28849	89,78645	40,63313
17320	89,13108	41,28849	89,13108	40,63313
17340	89,13107	41,28849	89,13106	40,63313
17360	89,13106	41,28849	89,13106	40,63313
17380	89,13105	41,28849	89,78641	40,63313
17400	89,13105	41,28849	89,78641	40,63313
17420	89,7864	41,28849	89,7864	40,63313
17440	89,7864	41,28849	89,7864	40,63313
17460	89,7864	41,28849	89,7864	40,63313
17480	90,44176	41,28849	90,44177	40,63313
17500	90,44176	41,28849	90,44177	40,63313
17520	89,78641	41,28849	90,44178	40,63313
17540	90,44178	41,28849	90,44178	40,63313
17560	90,44178	41,28849	90,44178	40,63313
17580	90,44178	41,28849	90,44179	40,63313
17600	90,44179	41,28849	90,4418	40,63313
17620	90,4418	41,28849	90,4418	40,63313
17640	90,4418	41,28849	90,44181	40,63313
17660	90,44181	41,28849	90,44182	40,63313
17680	90,44181	41,28849	90,44182	40,63313
17700	90,44182	41,28849	90,44182	40,63313
17720	90,44183	41,28849	90,44183	40,63313
17740	90,44183	41,28849	90,44184	40,63313
17760	91,0972	41,28849	90,44184	40,63313
17780	91,09721	41,28849	91,0972	40,63313
17800	91,09721	41,28849	90,44186	40,63313
17820	90,44186	41,28849	91,09722	40,63313
17840	90,44186	41,28849	90,44187	40,63313
17860	90,44186	41,28849	90,44187	40,63313
17880	90,44187	41,28849	90,44187	40,63313
17900	86,50969	41,28849	81,26678	40,63313
17920	77,98993	41,28849	77,33455	40,63313
17940	77,33454	41,28849	77,33454	40,63313
17960	77,33453	41,28849	76,67916	40,63313
17980	76,67916	41,28849	76,67916	40,63313
18000	76,67916	41,28849	76,67915	40,63313
18020	76,67915	41,28849	76,67915	40,63313
18040	76,67914	41,28849	76,67915	40,63313
18060	76,67914	41,28849	76,67915	40,63313
18080	76,67914	41,28849	77,3345	40,63313
18100	77,33449	41,28849	77,33449	40,63313
18120	77,33449	41,28849	77,3345	40,63313
18140	77,98985	41,28849	77,98985	40,63313
18160	77,98985	41,28849	77,98985	40,63313
18180	77,98985	41,28849	78,64522	40,63313
18200	79,30058	41,28849	78,64523	40,63313
18220	79,30059	41,28849	79,3006	40,63313
18240	79,3006	41,28849	79,30061	40,63313
18260	79,30061	41,28849	79,30062	40,63313
18280	79,30063	41,28849	78,64528	40,63313
18300	78,64528	41,28849	78,64528	40,63313
18320	79,30064	41,28849	79,30065	40,63313
18340	79,30065	41,28849	79,30065	40,63313
18360	79,30065	41,28849	78,64529	40,63313
18380	66,84871	41,28849	43,25558	40,63313
18400	17,69635	41,28849	-5,89674	40,63313
18420	-9,17359	41,28849	-7,86289	40,63313
18440	-7,8629	41,28849	-8,51827	40,63313
18460	-8,51828	41,28849	-8,51829	40,63313
18480	-7,86294	41,28849	-8,5183	40,63313
18500	-8,51831	41,28849	-8,51831	40,63313
18520	-8,51831	41,28849	-8,51832	40,63313
18540	-8,51832	41,28849	-8,51831	40,63313
18560	-7,86296	41,28849	-7,86295	40,63313
18580	-7,20759	41,28849	-15,07194	40,63313
18600	-28,83459	41,28849	-34,73289	40,63313
18620	-36,04364	41,28849	-34,73291	40,63313
18640	-34,73291	41,28849	-34,73292	40,63313
18660	-34,73292	41,28849	-34,07756	40,63313
18680	-33,4222	41,28849	-33,4222	40,63313
18700	-33,4222	41,28849	-33,4222	40,63313
18720	-33,42221	41,28849	-33,4222	40,63313
18740	-32,76685	41,28849	-33,4222	40,63313
18760	-33,42221	41,28849	-32,76685	40,63313
18780	-32,1115	41,28849	-31,45615	40,63313
18800	-31,45615	41,28849	-31,45615	40,63313
18820	-30,14543	41,28849	-22,93636	40,63313
18840	-14,41656	41,28849	-7,20754	40,63313
18860	-5,24146	41,28849	-5,24147	40,63313
18880	-4,58611	41,28849	-5,24146	40,63313
18900	-5,24147	41,28849	-4,58611	40,63313
18920	-4,58611	41,28849	-5,24147	40,63313
18940	-5,24148	41,28849	-5,24148	40,63313
18960	-5,89684	41,28849	-5,89684	40,63313
18980	-6,5522	41,28849	-7,20756	40,63313
19000	-7,20756	41,28849	-7,86292	40,63313
19020	-8,51828	41,28849	-9,17363	40,63313
19040	-9,17363	41,28849	-9,17363	40,63313
19060	-9,17362	41,28849	-9,82898	40,63313
19080	-9,82899	41,28849	-9,17363	40,63313
19100	-9,82899	41,28849	-9,82899	40,63313
19120	-8,51827	41,28849	3,2783	40,63313
19140	11,79805	41,28849	13,76414	40,63313
19160	14,41951	41,28849	15,07488	40,63313
19180	15,73024	41,28849	16,3856	40,63313
19200	17,69632	41,28849	17,69633	40,63313
19220	17,69632	41,28849	17,69632	40,63313
19240	18,35168	41,28849	17,69632	40,63313
19260	17,69632	41,28849	17,04096	40,63313
19280	16,3856	41,28849	16,3856	40,63313
19300	15,73023	41,28849	15,73024	40,63313
19320	15,73023	41,28849	15,73023	40,63313
19340	19,66242	41,28849	27,52684	40,63313
19360	31,45904	41,28849	31,45905	40,63313
19380	31,45904	41,28849	31,45905	40,63313
19400	32,11441	41,28849	32,11441	40,63313
19420	32,76977	41,28849	32,76978	40,63313
19440	33,42513	41,28849	32,76978	40,63313
19460	33,42514	41,28849	33,42514	40,63313
19480	33,42514	41,28849	33,42514	40,63313
19500	33,42513	41,28849	34,08049	40,63313
19520	34,08048	41,28849	34,73584	40,63313
19540	34,73583	41,28849	34,73584	40,63313
19560	34,08046	41,28849	33,4251	40,63313
19580	34,08045	41,28849	34,08046	40,63313
19600	33,42509	41,28849	33,42509	40,63313
19620	33,42509	41,28849	33,42509	40,63313
19640	33,4251	41,28849	33,4251	40,63313
19660	33,4251	41,28849	33,42512	40,63313
19680	32,76976	41,28849	32,76978	40,63313
19700	32,11443	41,28849	32,11444	40,63313
19720	32,11446	41,28849	32,11447	40,63313
19740	31,45912	41,28849	30,80377	40,63313
19760	30,80377	41,28849	31,45913	40,63313
19780	30,80377	41,28849	31,45913	40,63313
19800	30,80376	41,28849	31,45912	40,63313
19820	31,45911	41,28849	31,45911	40,63313
19840	31,4591	41,28849	31,4591	40,63313
19860	32,11444	41,28849	40,6342	40,63313
19880	54,39696	41,28849	60,29533	40,63313
19900	60,29533	41,28849	60,29532	40,63313
19920	60,29531	41,28849	60,2953	40,63313
19940	60,29529	41,28849	-46,5284	40,63313
19960	60,95063	41,28849	60,95063	40,63313
19980	60,95061	41,28849	60,9506	40,63313
20000	60,95059	41,28849	61,60595	40,63313
20020	61,60594	41,28849	61,60594	40,63313
20040	60,95056	41,28849	61,60592	40,63313
20060	62,26128	41,28849	62,26127	40,63313
20080	62,26127	41,28849	62,91663	40,63313
20100	62,91662	41,28849	62,91662	40,63313
20120	62,91662	41,28849	62,91662	40,63313
20140	62,91661	41,28849	62,91661	40,63313
20160	62,26125	41,28849	63,57198	40,63313
20180	62,91661	41,28849	62,91662	40,63313
20200	62,91661	41,28849	62,91662	40,63313
20220	62,26126	41,28849	62,26126	40,63313
20240	62,26126	41,28849	63,572	40,63313
20260	70,1257	41,28849	75,36868	40,63313
20280	77,99016	41,28849	77,99016	40,63313
20300	78,6455	41,28849	78,6455	40,63313
20320	78,64549	41,28849	78,64549	40,63313
20340	77,99013	41,28849	77,99012	40,63313
20360	77,99012	41,28849	77,99012	40,63313
20380	77,99011	41,28849	78,64547	40,63313
20400	77,99011	41,28849	77,99011	40,63313
20420	77,9901	41,28849	77,9901	40,63313
20440	78,64546	41,28849	82,57767	40,63313
20460	89,13137	41,28849	91,09749	40,63313
20480	91,09749	41,28849	91,09748	40,63313
20500	91,09748	41,28849	91,09748	40,63313
20520	91,09748	41,28849	91,09748	40,63313
20540	91,09747	41,28849	91,09748	40,63313
20560	90,44211	41,28849	91,09748	40,63313
20580	90,44212	41,28849	90,44212	40,63313
20600	90,44213	41,28849	90,44214	40,63313
20620	90,44214	41,28849	89,78679	40,63313
20640	90,44215	41,28849	90,44216	40,63313
20660	90,44216	41,28849	91,09754	40,63313
20680	98,30662	41,28849	102,89428	40,63313
20700	107,48186	41,28849	108,13725	40,63313
20720	108,13724	41,28849	108,13725	40,63313
20740	108,13725	41,28849	108,13725	40,63313
20760	108,13724	41,28849	108,79261	40,63313
20780	108,79261	41,28849	108,7926	40,63313
20800	108,7926	41,28849	108,79261	40,63313
20820	108,7926	41,28849	109,44797	40,63313
20840	108,79261	41,28849	108,79261	40,63313
20860	108,79261	41,28849	108,13726	40,63313
20880	108,79262	41,28849	110,10337	40,63313
20900	115,34637	41,28849	117,96791	40,63313
20920	119,93403	41,28849	119,93404	40,63313
20940	119,27869	41,28849	119,27872	40,63313
20960	119,27872	41,28849	119,27874	40,63313
20980	119,27876	41,28849	118,62342	40,63313
21000	118,62343	41,28849	117,31273	40,63313
21020	117,9681	41,28849	117,96811	40,63313
21040	117,96812	41,28849	117,31277	40,63313
21060	117,31277	41,28849	117,31278	40,63313
21080	117,31277	41,28849	117,31278	40,63313
21100	117,96813	41,28849	117,96813	40,63313
21120	116,65739	41,28849	112,7252	40,63313
21140	111,41444	41,28849	111,41443	40,63313
21160	111,41442	41,28849	111,41441	40,63313
21180	110,75905	41,28849	111,41441	40,63313
21200	110,75904	41,28849	110,75904	40,63313
21220	110,75903	41,28849	110,75903	40,63313
21240	111,41438	41,28849	111,41438	40,63313
21260	110,75901	41,28849	111,41437	40,63313
21280	111,41436	41,28849	111,41436	40,63313
21300	112,06971	41,28849	113,38044	40,63313
21320	119,27881	41,28849	126,48792	40,63313
21340	130,42013	41,28849	130,42012	40,63313
21360	130,4201	41,28849	130,42011	40,63313
21380	130,42009	41,28849	131,07545	40,63313
21400	130,42008	41,28849	131,7308	40,63313
21420	131,73079	41,28849	131,73078	40,63313
21440	131,73077	41,28849	132,38613	40,63313
21460	132,38612	41,28849	132,38612	40,63313
21480	132,38611	41,28849	133,04147	40,63313
21500	133,04146	41,28849	134,35218	40,63313
21520	134,35218	41,28849	135,00754	40,63313
21540	135,66289	41,28849	135,6629	40,63313
21560	136,31825	41,28849	135,6629	40,63313
21580	136,97361	41,28849	136,97361	40,63313
21600	136,97361	41,28849	136,97361	40,63313
21620	136,31824	41,28849	122,55552	40,63313
21640	99,61766	41,28849	71,43692	40,63313
21660	47,84373	41,28849	31,45955	40,63313
21680	28,18268	41,28849	29,49337	40,63313
21700	30,1487	41,28849	30,14869	40,63313
21720	30,80403	41,28849	30,80401	40,63313
21740	30,804	41,28849	31,45935	40,63313
21760	31,45934	41,28849	31,45933	40,63313
21780	32,11468	41,28849	32,11468	40,63313
21800	32,11467	41,28849	32,11467	40,63313
21820	32,11467	41,28849	32,77002	40,63313
21840	32,77002	41,28849	32,11467	40,63313
21860	32,77002	41,28849	24,25031	40,63313
21880	9,83231	41,28849	-9,82856	40,63313
21900	-20,96975	41,28849	-22,28049	40,63313
21920	-20,96977	41,28849	-21,62513	40,63313
21940	-20,96978	41,28849	-21,62514	40,63313
21960	-21,62514	41,28849	-21,62514	40,63313
21980	-21,62515	41,28849	-21,62514	40,63313
22000	-21,62514	41,28849	-21,62515	40,63313
22020	-21,62515	41,28849	-21,62515	40,63313
22040	-21,62516	41,28849	-21,62515	40,63313
22060	-21,62516	41,28849	-21,62516	40,63313
22080	-21,62517	41,28849	-21,62517	40,63313
22100	-21,62517	41,28849	-21,62517	40,63313
22120	-21,62518	41,28849	-21,62518	40,63313
22140	-21,62519	41,28849	-21,62519	40,63313
22160	-20,96984	41,28849	-12,45012	40,63313
22180	11,79834	41,28849	23,59495	40,63313
22200	26,87177	41,28849	27,52712	40,63313
22220	26,87175	41,28849	27,52711	40,63313
22240	28,18246	41,28849	28,18246	40,63313
22260	28,18245	41,28849	28,18245	40,63313
22280	28,18244	41,28849	28,18244	40,63313
22300	28,18244	41,28849	28,18244	40,63313
22320	28,18243	41,28849	28,18243	40,63313
22340	28,83778	41,28849	28,83778	40,63313
22360	28,83777	41,28849	28,83777	40,63313
22380	28,83776	41,28849	28,83776	40,63313
22400	29,49311	41,28849	29,49311	40,63313
22420	29,4931	41,28849	29,49309	40,63313
22440	31,45918	41,28849	41,28969	40,63313
22460	47,18803	41,28849	49,15414	40,63313
22480	49,15412	41,28849	49,15412	40,63313
22500	49,15411	41,28849	49,15411	40,63313
22520	49,80946	41,28849	49,80946	40,63313
22540	49,80945	41,28849	49,80946	40,63313
22560	49,80945	41,28849	49,80945	40,63313
22580	50,4648	41,28849	49,80945	40,63313
22600	49,80944	41,28849	49,80946	40,63313
22620	50,46482	41,28849	49,80948	40,63313
22640	49,80952	41,28849	50,46494	40,63313
22660	50,46499	41,28849	49,80969	40,63313
22680	49,80974	41,28849	49,8098	40,63313
22700	49,80984	41,28849	49,15452	40,63313
22720	49,15455	41,28849	48,49921	40,63313
22740	47,84388	41,28849	47,8439	40,63313
22760	47,8439	41,28849	47,8439	40,63313
22780	48,49926	41,28849	51,12073	40,63313
22800	53,7422	41,28849	53,7422	40,63313
22820	54,39753	41,28849	54,39751	40,63313
22840	54,39749	41,28849	54,39746	40,63313
22860	54,39743	41,28849	54,39742	40,63313
22880	54,3974	41,28849	54,39739	40,63313
22900	54,39737	41,28849	54,39737	40,63313
22920	54,39736	41,28849	55,05272	40,63313
22940	55,05271	41,28849	55,0527	40,63313
22960	55,05269	41,28849	55,05269	40,63313
22980	55,05267	41,28849	55,70803	40,63313
23000	55,70801	41,28849	55,70801	40,63313
23020	55,05263	41,28849	55,70798	40,63313
23040	55,70796	41,28849	55,70796	40,63313
23060	55,70794	41,28849	56,3633	40,63313
23080	57,01863	41,28849	56,36327	40,63313
23100	57,01861	41,28849	57,0186	40,63313
23120	57,01858	41,28849	57,01858	40,63313
23140	57,01856	41,28849	57,01857	40,63313
23160	57,01856	41,28849	57,01855	40,63313
23180	57,01854	41,28849	56,36318	40,63313
23200	56,36317	41,28849	56,36316	40,63313
23220	55,70779	41,28849	55,70779	40,63313
23240	55,70779	41,28849	55,05242	40,63313
23260	55,05241	41,28849	55,05241	40,63313
23280	55,0524	41,28849	54,39704	40,63313
23300	54,39702	41,28849	54,39702	40,63313
23320	54,39701	41,28849	54,39701	40,63313
23340	55,05236	41,28849	55,05235	40,63313
23360	54,39698	41,28849	54,39698	40,63313
23380	55,05233	41,28849	55,05232	40,63313
23400	55,05232	41,28849	55,05232	40,63313
23420	55,05231	41,28849	55,0523	40,63313
23440	55,05229	41,28849	55,70765	40,63313
23460	55,05228	41,28849	55,05228	40,63313
23480	55,05227	41,28849	55,05227	40,63313
23500	55,05226	41,28849	54,3969	40,63313
23520	55,05225	41,28849	57,01836	40,63313
23540	61,60594	41,28849	62,26132	40,63313
23560	62,2613	41,28849	62,91666	40,63313
23580	63,57201	41,28849	63,57201	40,63313
23600	64,22736	41,28849	64,22736	40,63313
23620	64,8827	41,28849	64,8827	40,63313
23640	64,8827	41,28849	64,8827	40,63313
23660	64,88269	41,28849	65,53805	40,63313
23680	65,53805	41,28849	65,53804	40,63313
23700	65,53804	41,28849	65,53805	40,63313
23720	65,53804	41,28849	66,1934	40,63313
23740	66,1934	41,28849	66,19339	40,63313
23760	66,19339	41,28849	66,1934	40,63313
23780	66,84875	41,28849	66,84875	40,63313
23800	66,84875	41,28849	66,84875	40,63313
23820	66,84875	41,28849	66,84875	40,63313
23840	67,50411	41,28849	67,50411	40,63313
23860	67,50411	41,28849	67,50411	40,63313
23880	68,15947	41,28849	67,50411	40,63313
23900	67,50411	41,28849	68,15947	40,63313
23920	67,50412	41,28849	65,5381	40,63313
23940	64,22742	41,28849	64,22742	40,63313
23960	64,88277	41,28849	64,88277	40,63313
23980	64,88277	41,28849	64,88277	40,63313
24000	64,88277	41,28849	65,53813	40,63313
24020	65,53813	41,28849	64,88278	40,63313
24040	65,53813	41,28849	65,53814	40,63313
24060	65,53814	41,28849	65,53815	40,63313
24080	64,88278	41,28849	65,53815	40,63313
24100	64,88279	41,28849	64,8828	40,63313
24120	64,88281	41,28849	64,88281	40,63313
24140	64,88281	41,28849	64,88282	40,63313
24160	64,88282	41,28849	64,88282	40,63313
24180	64,88283	41,28849	64,88284	40,63313
24200	64,88284	41,28849	64,88284	40,63313
24220	64,88284	41,28849	64,22749	40,63313
24240	64,88285	41,28849	64,88286	40,63313
24260	64,88286	41,28849	64,2275	40,63313
24280	64,88286	41,28849	64,88287	40,63313
24300	66,1936	41,28849	76,6795	40,63313
24320	85,85474	41,28849	93,7192	40,63313
24340	96,99606	41,28849	96,34069	40,63313
24360	96,99604	41,28849	97,65141	40,63313
24380	97,65141	41,28849	97,6514	40,63313
24400	98,30676	41,28849	98,30676	40,63313
24420	98,30675	41,28849	98,96211	40,63313
24440	99,61747	41,28849	99,61746	40,63313
24460	100,27281	41,28849	100,92816	40,63313
24480	100,92815	41,28849	101,58351	40,63313
24500	101,58349	41,28849	100,92813	40,63313
24520	102,23884	41,28849	101,58348	40,63313
24540	102,23883	41,28849	102,23883	40,63313
24560	102,23883	41,28849	102,23882	40,63313
24580	102,89418	41,28849	102,89417	40,63313
24600	103,54953	41,28849	102,89416	40,63313
24620	103,54952	41,28849	103,54951	40,63313
24640	103,5495	41,28849	103,5495	40,63313
24660	103,5495	41,28849	102,89414	40,63313
24680	95,02974	41,28849	83,23315	40,63313
24700	74,05802	41,28849	70,78118	40,63313
24720	71,43652	41,28849	71,43651	40,63313
24740	71,4365	41,28849	70,78113	40,63313
24760	71,43648	41,28849	71,43648	40,63313
24780	71,43646	41,28849	71,43646	40,63313
24800	71,43646	41,28849	71,43646	40,63313
24820	72,09181	41,28849	72,09181	40,63313
24840	72,09181	41,28849	72,74717	40,63313
24860	72,74716	41,28849	72,74716	40,63313
24880	73,40252	41,28849	73,40252	40,63313
24900	73,40251	41,28849	72,74716	40,63313
24920	73,40251	41,28849	73,40251	40,63313
24940	72,74715	41,28849	72,74715	40,63313
24960	72,74715	41,28849	72,74716	40,63313
24980	75,36861	41,28849	83,23307	40,63313
25000	92,40828	41,28849	100,92811	40,63313
25020	106,82646	41,28849	107,48183	40,63313
25040	107,48181	41,28849	107,48182	40,63313
25060	107,48181	41,28849	107,48181	40,63313
25080	108,13717	41,28849	107,48182	40,63313
25100	108,13717	41,28849	107,48181	40,63313
25120	107,48181	41,28849	107,48181	40,63313
25140	107,48181	41,28849	106,82645	40,63313
25160	106,82645	41,28849	106,82646	40,63313
25180	106,82645	41,28849	106,82646	40,63313
25200	106,82645	41,28849	106,1711	40,63313
25220	106,1711	41,28849	106,82645	40,63313
25240	106,1711	41,28849	106,1711	40,63313
25260	106,17109	41,28849	105,51574	40,63313
25280	106,17109	41,28849	105,51574	40,63313
25300	105,51573	41,28849	105,51574	40,63313
25320	-46,52779	41,28849	106,17109	40,63313
25340	106,17108	41,28849	106,82644	40,63313
25360	106,82643	41,28849	106,82643	40,63313
25380	106,82643	41,28849	106,82642	40,63313
25400	106,82642	41,28849	106,82642	40,63313
25420	106,82641	41,28849	106,82642	40,63313
25440	106,82641	41,28849	106,82642	40,63313
25460	106,17105	41,28849	106,17105	40,63313
25480	106,17105	41,28849	106,17105	40,63313
25500	104,20495	41,28849	93,7191	40,63313
25520	81,26714	41,28849	70,12592	40,63313
25540	66,84907	41,28849	67,50442	40,63313
25560	67,50441	41,28849	66,84904	40,63313
25580	67,50439	41,28849	67,50438	40,63313
25600	67,50438	41,28849	67,50437	40,63313
25620	68,15972	41,28849	68,15973	40,63313
25640	68,15972	41,28849	68,15972	40,63313
25660	68,15971	41,28849	68,15971	40,63313
25680	68,15971	41,28849	68,15971	40,63313
25700	68,1597	41,28849	68,15971	40,63313
25720	68,81506	41,28849	68,81507	40,63313
25740	68,81506	41,28849	68,81507	40,63313
25760	68,81506	41,28849	68,81506	40,63313
25780	68,81506	41,28849	68,81506	40,63313
25800	68,81505	41,28849	68,81505	40,63313
25820	69,47041	41,28849	69,47041	40,63313
25840	69,47041	41,28849	69,47041	40,63313
25860	68,81505	41,28849	69,47042	40,63313
25880	68,81505	41,28849	68,81505	40,63313
25900	68,81505	41,28849	68,81506	40,63313
25920	68,81506	41,28849	68,81506	40,63313
25940	68,81506	41,28849	68,81506	40,63313
25960	68,81506	41,28849	68,81506	40,63313
25980	61,60606	41,28849	48,49877	40,63313
26000	39,32366	41,28849	38,01294	40,63313
26020	38,01292	41,28849	38,01291	40,63313
26040	38,66826	41,28849	38,0129	40,63313
26060	38,0129	41,28849	38,01289	40,63313
26080	38,01289	41,28849	37,35753	40,63313
26100	38,01288	41,28849	38,01288	40,63313
26120	38,01288	41,28849	38,01288	40,63313
26140	38,01288	41,28849	38,01288	40,63313
26160	38,01288	41,28849	38,01288	40,63313
26180	38,01287	41,28849	-46,52857	40,63313
26200	38,66822	41,28849	39,32357	40,63313
26220	39,32356	41,28849	39,32356	40,63313
26240	39,32355	41,28849	39,32354	40,63313
26260	39,9789	41,28849	39,97889	40,63313
26280	39,97889	41,28849	38,01281	40,63313
26300	33,42529	41,28849	29,49312	40,63313
26320	28,18238	41,28849	27,52701	40,63313
26340	27,52701	41,28849	27,52701	40,63313
26360	26,87165	41,28849	26,87165	40,63313
26380	26,87165	41,28849	26,87164	40,63313
26400	26,87164	41,28849	26,87164	40,63313
26420	26,87164	41,28849	26,21627	40,63313
26440	26,87164	41,28849	26,21628	40,63313
26460	26,21628	41,28849	26,21628	40,63313
26480	26,21628	41,28849	26,87165	40,63313
26500	26,87165	41,28849	26,87165	40,63313
26520	26,87165	41,28849	26,87165	40,63313
26540	26,87165	41,28849	26,87165	40,63313
26560	27,52701	41,28849	27,52702	40,63313
26580	26,87165	41,28849	27,52701	40,63313
26600	27,52702	41,28849	26,87166	40,63313
26620	34,73605	41,28849	43,91123	40,63313
26640	49,80956	41,28849	52,43103	40,63313
26660	52,43102	41,28849	52,43102	40,63313
26680	52,43102	41,28849	52,43102	40,63313
26700	52,43101	41,28849	52,43102	40,63313
26720	52,431	41,28849	52,431	40,63313
26740	52,431	41,28849	52,431	40,63313
26760	52,431	41,28849	52,431	40,63313
26780	53,08635	41,28849	52,431	40,63313
26800	52,43099	41,28849	53,08635	40,63313
26820	53,08635	41,28849	52,43099	40,63313
26840	53,08634	41,28849	54,39707	40,63313
26860	63,57222	41,28849	69,47057	40,63313
26880	72,09204	41,28849	72,74741	40,63313
26900	72,7474	41,28849	72,7474	40,63313
26920	73,40276	41,28849	72,7474	40,63313
26940	73,40275	41,28849	73,40275	40,63313
26960	73,40274	41,28849	73,40274	40,63313
26980	73,40274	41,28849	74,0581	40,63313
27000	74,05809	41,28849	73,40274	40,63313
27020	73,40273	41,28849	73,40274	40,63313
27040	73,40273	41,28849	73,40273	40,63313
27060	72,74737	41,28849	72,74737	40,63313
27080	76,67958	41,28849	81,92256	40,63313
27100	85,19941	41,28849	85,19941	40,63313
27120	85,19938	41,28849	85,85474	40,63313
27140	85,85473	41,28849	85,85473	40,63313
27160	85,85472	41,28849	85,19936	40,63313
27180	85,85471	41,28849	85,85471	40,63313
27200	85,19934	41,28849	85,19934	40,63313
27220	85,8547	41,28849	84,54397	40,63313
27240	70,78129	41,28849	43,91131	40,63313
27260	11,14307	41,28849	-23,59121	40,63313
27280	-27,52344	41,28849	-26,21274	40,63313
27300	-25,55742	41,28849	-25,55743	40,63313
27320	-24,90209	41,28849	-24,9021	40,63313
27340	-24,24676	41,28849	-24,24677	40,63313
27360	-23,59142	41,28849	-24,24679	40,63313
27380	-24,2468	41,28849	-23,59144	40,63313
27400	-23,59145	41,28849	-23,59145	40,63313
27420	-23,59145	41,28849	-22,9361	40,63313
27440	-22,9361	41,28849	-22,93611	40,63313
27460	-23,59148	41,28849	-22,93612	40,63313
27480	-23,59148	41,28849	-23,59149	40,63313
27500	-23,59149	41,28849	-23,59149	40,63313
27520	-23,59149	41,28849	-23,59149	40,63313
27540	-23,5915	41,28849	-22,93613	40,63313
27560	-22,93613	41,28849	-22,93613	40,63313
27580	-22,93614	41,28849	-22,93613	40,63313
27600	-22,93613	41,28849	-22,28078	40,63313
27620	-22,28078	41,28849	-22,28077	40,63313
27640	-21,62541	41,28849	-21,6254	40,63313
27660	-21,6254	41,28849	-21,6254	40,63313
27680	-20,31468	41,28849	-13,761	40,63313
27700	-7,20731	41,28849	-3,27512	40,63313
27720	-1,30903	41,28849	-0,65367	40,63313
27740	0,0016900000000035	41,28849	0,65705000000001	40,63313
27760	1,31241	41,28849	1,96777	40,63313
27780	2,62313	41,28849	3,2785	40,63313
27800	3,93385	41,28849	4,58922	40,63313
27820	5,89993	41,28849	6,5553	40,63313
27840	7,86602	41,28849	8,52138	40,63313
27860	9,17674	41,28849	10,48746	40,63313
27880	11,14282	41,28849	11,14282	40,63313
27900	12,45353	41,28849	13,10889	40,63313
27920	14,41961	41,28849	15,73033	40,63313
27940	17,04103	41,28849	18,35175	40,63313
27960	19,66246	41,28849	19,66245	40,63313
27980	18,35172	41,28849	28,83752	40,63313
28000	49,15388	41,28849	62,26128	40,63313
28020	68,15962	41,28849	69,47034	40,63313
28040	68,81495	41,28849	68,81495	40,63313
28060	67,50422	41,28849	67,50422	40,63313
28080	66,84885	41,28849	66,19348	40,63313
28100	66,19348	41,28849	65,53811	40,63313
28120	65,53811	41,28849	65,53811	40,63313
28140	65,5381	41,28849	65,53811	40,63313
28160	65,5381	41,28849	65,5381	40,63313
28180	65,53809	41,28849	65,53809	40,63313
28200	65,53809	41,28849	65,53809	40,63313
28220	65,53808	41,28849	64,88272	40,63313
28240	64,88272	41,28849	64,88272	40,63313
28260	65,53807	41,28849	64,88271	40,63313
28280	64,22734	41,28849	64,22734	40,63313
28300	64,8827	41,28849	64,22733	40,63313
28320	64,22733	41,28849	64,22732	40,63313
28340	64,22732	41,28849	63,57196	40,63313
28360	63,57195	41,28849	63,57196	40,63313
28380	63,57196	41,28849	63,57196	40,63313
28400	63,57195	41,28849	62,9166	40,63313
28420	63,57196	41,28849	62,9166	40,63313
28440	62,26124	41,28849	62,26124	40,63313
28460	61,60588	41,28849	62,26124	40,63313
28480	61,60588	41,28849	60,95053	40,63313
28500	60,95052	41,28849	60,29517	40,63313
28520	60,95052	41,28849	60,29516	40,63313
28540	59,6398	41,28849	59,6398	40,63313
28560	59,6398	41,28849	59,6398	40,63313
28580	59,6398	41,28849	58,98444	40,63313
28600	60,29517	41,28849	64,88276	40,63313
28620	66,84888	41,28849	66,84887	40,63313
28640	66,84887	41,28849	66,19351	40,63313
28660	66,84887	41,28849	66,19351	40,63313
28680	66,19351	41,28849	66,19351	40,63313
28700	66,19351	41,28849	66,1935	40,63313
28720	66,1935	41,28849	66,1935	40,63313
28740	66,1935	41,28849	66,1935	40,63313
28760	66,1935	41,28849	66,1935	40,63313
28780	66,1935	41,28849	66,84886	40,63313
28800	66,1935	41,28849	66,1935	40,63313
28820	66,19349	41,28849	66,84886	40,63313
28840	66,1935	41,28849	64,2274	40,63313
28860	53,08619	41,28849	41,28963	40,63313
28880	32,76989	41,28849	31,45914	40,63313
28900	32,1145	41,28849	32,11448	40,63313
28920	33,4252	41,28849	33,42519	40,63313
28940	34,08055	41,28849	34,73591	40,63313
28960	35,39127	41,28849	36,04664	40,63313
28980	36,04663	41,28849	36,04664	40,63313
29000	36,04664	41,28849	36,702	40,63313
29020	36,702	41,28849	36,70199	40,63313
29040	36,70199	41,28849	36,70199	40,63313
29060	36,70199	41,28849	37,35735	40,63313
29080	37,35734	41,28849	37,35734	40,63313
29100	37,35734	41,28849	37,35734	40,63313
29120	38,0127	41,28849	37,35733	40,63313
29140	38,01269	41,28849	38,0127	40,63313
29160	38,01269	41,28849	38,0127	40,63313
29180	34,08051	41,28849	32,11442	40,63313
29200	31,46152	41,28849	32,11442	40,63313
29220	32,11441	41,28849	31,45905	40,63313
29240	31,45905	41,28849	31,45905	40,63313
29260	31,45905	41,28849	31,45905	40,63313
29280	31,45904	41,28849	31,45904	40,63313
29300	31,45904	41,28849	31,45904	40,63313
29320	31,45904	41,28849	31,45904	40,63313
29340	42,60024	41,28849	58,3291	40,63313
29360	67,5043	41,28849	73,40263	40,63313
29380	74,05799	41,28849	74,71333	40,63313
29400	75,36869	41,28849	75,36869	40,63313
29420	74,71332	41,28849	75,36868	40,63313
29440	75,36867	41,28849	76,02403	40,63313
29460	76,02402	41,28849	76,02402	40,63313
29480	76,02402	41,28849	76,67938	40,63313
29500	76,02401	41,28849	76,02401	40,63313
29520	76,67937	41,28849	76,67937	40,63313
29540	76,67937	41,28849	76,67937	40,63313
29560	76,67938	41,28849	77,33473	40,63313
29580	76,67937	41,28849	77,33473	40,63313
29600	77,33473	41,28849	77,33473	40,63313
29620	77,33473	41,28849	76,67937	40,63313
29640	78,64546	41,28849	87,82063	40,63313
29660	96,34048	41,28849	97,65126	40,63313
29680	98,96199	41,28849	98,96198	40,63313
29700	98,96197	41,28849	98,96197	40,63313
29720	98,96197	41,28849	98,96196	40,63313
29740	98,96196	41,28849	98,96195	40,63313
29760	99,6173	41,28849	99,6173	40,63313
29780	99,61729	41,28849	99,61729	40,63313
29800	99,61728	41,28849	99,61728	40,63313
29820	99,61727	41,28849	99,61727	40,63313
29840	99,61726	41,28849	100,27264	40,63313
29860	105,5156	41,28849	110,10322	40,63313
29880	112,06934	41,28849	112,06933	40,63313
29900	112,06933	41,28849	112,06933	40,63313
29920	112,06933	41,28849	112,06932	40,63313
29940	112,06932	41,28849	112,06932	40,63313
29960	112,06932	41,28849	112,06931	40,63313
29980	111,41395	41,28849	111,41395	40,63313
