T	LX	LY	RX	RY
0	0	0	0	0
20	1,0000000003174E-5	-0,65536	0	-9,9999999960687E-6
40	1,0000000003174E-5	-1,31072	0	-0,65537
60	1,0000000003174E-5	-1,31072	-0,65536	-0,65537
80	-0,65535	-1,31072	-0,65536	-1,31073
100	1,0000000003174E-5	-1,31072	0	-1,31072
120	1,0000000003174E-5	-1,96609	0,65535	-1,96609
140	0,65536	-2,62144	0,65535	-1,96609
160	0,65536	-2,62144	-1,0000000003174E-5	-1,96609
180	0,65536	-2,62144	0,65535	-1,96608
200	0,65536	-2,62144	-1,0000000003174E-5	-1,96608
220	-0,65535	-2,62144	-0,65536	-2,62144
240	-0,65535	-3,2768	-0,65536	-3,27681
260	-0,65535	-3,93217	-0,65536	-3,27681
280	1,0000000003174E-5	-3,93217	-0,65537	-3,93217
300	-0,65535999999999	-4,58753	-1,0000000003174E-5	-3,93217
320	-0,65535	-4,58753	-0,65536	-3,27682
340	-0,65535	-4,58753	-0,65537	-3,93218
360	-0,65535	-5,2429	-0,65536	-4,58754
380	-1,31072	-5,2429	-0,65537	-4,58754
400	-0,65535999999999	-5,2429	-0,65537	-4,58754
420	-1,31072	-5,2429	-0,65538	-4,58753
440	-1,31072	-5,24289	-1,31073	-4,58754
460	-1,96608	-5,89825	-1,31073	-4,58753
480	-1,31072	-4,58752	-1,31073	-3,27681
500	-1,96608	-3,93216	-1,96609	-3,2768
520	-1,96608	-3,2768	-1,96609	-2,62144
540	-1,96608	-3,2768	-1,96608	-1,96607
560	-2,62143	-2,62143	-2,62145	-1,96607
580	-3,2768	-2,62142	-3,2768	-1,3107
600	-3,27679	-1,96606	-3,2768	-1,31069
620	-3,27679	-1,96605	-3,2768	-0,65533
640	-3,27679	-1,31068	-3,27425	-0,65532
660	-3,27678	-1,31068	-3,2768	-0,65532
680	-3,27678	-1,31068	-2,62143	-0,65533
700	-3,27678	-1,31069	-2,62143	-1,31069
720	-2,62142	-2,62141	-2,62143	-3,93214
740	-2,62142	-5,89822	-1,96607	-5,24288
760	-1,96606	-6,55359	-1,96606	-6,5536
780	-1,96605	-7,20896	-1,96606	-8,51969
800	-1,96604	-9,83042	-1,31068	-9,17506
820	-1,31066	-10,48578	-1,31066	-9,17506
840	-0,65526999999999	-9,83041	-0,65528	-9,17506
860	-0,65526	-9,17505	9,0000000000146E-5	-8,51969
880	0,00010000000000332	-9,17504	9,0000000000146E-5	-8,51968
900	-0,65526	-8,51968	-0,65526	-7,20895
920	-1,31061	-8,51967	-1,31062	-7,20896
940	-1,31061	-7,20894	-1,31062	-7,20895
960	-1,96596	-7,8643	-1,96598	-6,55358
980	-1,96597	-7,20894	-1,96598	-5,89822
1000	-2,62132	-7,20894	-2,62134	-6,55358
1020	-2,62133	-7,20894	-1,96598	-6,55358
1040	-2,62134	-7,20893	-1,96598	-6,55357
1060	-2,62133	-7,20893	-2,62134	-5,89822
1080	-2,62133	-6,55357	-2,62134	-6,55357
1100	-2,62133	-7,20893	-2,62134	-6,55357
1120	-3,2767	-7,20893	-2,62135	-6,55357
1140	-3,27669	-7,20893	-2,62135	-6,55357
1160	-3,27669	-7,20893	-2,62134	-7,20893
1180	-2,62134	-7,20893	-2,62135	-6,55357
1200	-2,62133	-7,20892	-2,62135	-6,55357
1220	-3,27669	-7,20892	-3,27671	-6,55357
1240	-3,2767	-7,20892	-3,27671	-6,55357
1260	-3,2767	-7,20892	-3,27671	-7,20892
1280	-3,2767	-7,86429	-3,27672	-7,20893
1300	-3,27671	-7,86429	-3,27673	-7,20893
1320	-2,62136	-7,86429	-2,62138	-6,55357
1340	-1,96601	-5,89821	-0,6553	-4,58749
1360	1,96617	-3,27678	8,51983	-0,65535
1380	9,83059	1,9999999999243E-5	9,83057	1,31074
1400	9,83058	1,31074	9,83057	1,96611
1420	9,83058	1,31075	9,83057	1,96611
1440	9,83058	1,31075	9,17521	1,96611
1460	9,17522	1,31075	8,51985	1,31075
1480	8,51986	0,6554	7,86449	0,6554
1500	8,51986	-0,65533	8,51985	3,0000000002417E-5
1520	8,51987	-0,65533	8,51986	-0,65534
1540	8,51987	-2,62142	9,17522	-1,96607
1560	11,7967	-1,96607	20,97184	0,65536
1580	24,90407	0,65536	24,2487	1,31072
1600	24,90406	1,31072	25,55941	2,62145
1620	26,21477	2,62145	26,87011	3,27681
1640	27,52548	3,27681	27,52547	3,93217
1660	27,52547	3,27681	27,52546	4,58754
1680	28,18083	3,93217	28,18082	4,58753
1700	27,52547	3,93218	27,52546	4,58753
1720	27,52547	3,27681	27,52545	4,58753
1740	27,52547	3,27681	27,52545	3,93216
1760	26,87011	2,62144	27,52546	3,93216
1780	27,52547	2,62144	27,52545	2,62144
1800	27,52546	2,62144	28,18081	2,62144
1820	27,52546	1,96608	28,18081	3,2768
1840	27,52547	2,62144	27,52546	2,62144
1860	27,52547	2,62145	27,52546	3,2768
1880	29,49156	2,62144	41,28814	5,89824
1900	53,08479	7,20897	56,36167	7,86434
1920	54,3956	7,20899	53,74021	7,20898
1940	53,74022	6,55362	53,74021	6,55362
1960	53,74023	5,2429	53,74022	5,24289
1980	53,74023	3,2768	54,39558	2,62143
2000	53,74023	0,65535	54,39558	1,3107
2020	53,74023	-1,9999999999243E-5	54,39558	0,65534
2040	53,74023	-0,65538	53,74022	-2,9999999995312E-5
2060	53,74023	-1,31075	50,46337	-2,62148
2080	45,22044	-3,93219	44,56506	-2,62147
2100	44,56508	-3,27683	45,22043	-2,62147
2120	44,56508	-3,27682	44,56507	-1,9661
2140	44,56509	-3,27681	44,56508	-1,9661
2160	43,90972	-2,62145	43,90972	-2,62145
2180	43,90973	-2,62145	43,90972	-1,96609
2200	43,25437	-2,62144	43,25436	-2,62144
2220	43,25437	-2,62144	43,25437	-2,62143
2240	43,25438	-3,27679	43,25437	-2,62142
2260	42,59903	-3,27678	45,87584	-1,96607
2280	56,36174	-1,31071	62,91546	0,65538
2300	62,9155	-0,65534	61,60475	3,0000000002417E-5
2320	61,60476	-0,65532	61,60475	3,0000000002417E-5
2340	61,60476	-1,31068	61,60475	-0,65533
2360	60,9494	-1,96604	61,60475	-1,31069
2380	61,60476	-1,96605	61,60476	-1,96605
2400	60,94941	-3,27677	61,60476	-1,96605
2420	61,60477	-3,27677	62,26012	-2,62142
2440	62,91549	-3,27677	63,57084	-3,27677
2460	60,29401	-5,24284	50,46346	-6,55355
2480	43,90978	-7,86426	41,28829	-7,2089
2500	41,94368	-5,89818	41,94368	-4,58745
2520	41,28832	-4,58744	41,94367	-3,27672
2540	41,94368	-3,27671	41,94367	-1,96598
2560	41,94368	-1,96598	41,94367	-1,96598
2580	41,28833	-2,62134	41,94367	-1,96598
2600	41,94369	-2,62134	41,94367	-1,96598
2620	41,94368	-2,62133	41,94367	-1,96597
2640	41,94368	-2,62133	42,59903	-1,96597
2660	41,94369	-2,62132	41,94367	-1,96597
2680	41,94369	-2,62134	42,59904	-1,96598
2700	41,94369	-2,62134	42,59904	-3,2767
2720	42,59905	-3,2767	42,59904	-3,27671
2740	41,94369	-4,58743	39,3222	-5,2428
2760	38,01148	-5,2428	38,66683	-4,58744
2780	38,66685	-5,2428	39,3222	-4,58744
2800	38,66685	-5,2428	39,3222	-4,58744
2820	38,66685	-5,2428	39,3222	-3,93208
2840	39,32221	-4,58744	39,3222	-3,93208
2860	39,32221	-4,58743	38,66684	-3,27671
2880	38,66685	-4,58743	39,32221	-3,27671
2900	48,49736	-1,31062	57,01717	1,31083
2920	58,98332	1,31084	58,98331	1,9662
2940	58,32796	1,31084	58,32795	2,62157
2960	58,32795	1,96621	58,32795	2,62157
2980	57,6726	2,62157	58,32795	3,27693
3000	57,67259	2,62158	57,67258	2,62158
3020	57,67259	1,96622	57,67258	2,62158
3040	57,67259	1,96622	57,67258	2,62158
3060	57,01723	1,31086	57,01722	1,31086
3080	57,01724	0,65551	57,67258	1,31086
3100	57,01723	0,65551	57,01722	0,6555
3120	56,36188	-0,65521	56,36186	0,00015000000000498
3140	56,36187	-1,31057	57,01724	-0,65521
3160	64,88168	-0,65523	70,12465	0,65549
3180	70,12468	0,00014000000000181	68,81394	0,65551
3200	68,81396	0,00014999999999787	68,81394	0,65552
3220	68,1586	-0,6552	68,15859	0,00016000000000105
3240	67,50324	-0,65519	67,50323	0,00017000000000422
3260	67,50324	-0,65518	67,50323	0,00018000000000029
3280	68,1586	-0,65518	68,15859	-0,65517999999999
3300	68,1586	-1,31054	67,50322	-1,31053
3320	67,50324	-1,31053	68,15858	-0,65517
3340	68,1586	-1,96588	67,50323	-1,31052
3360	68,15859	-1,96588	68,15858	-1,31052
3380	68,15859	-1,96588	68,15858	-1,31052
3400	67,50323	-1,96587	67,50322	-1,31051
3420	67,50323	-1,96588	67,50321	-1,31052
3440	67,50322	-1,96587	67,50321	-1,31051
3460	67,50322	-1,96587	67,5032	-1,96588
3480	67,50321	-2,62124	68,15855	-1,96587
3500	68,15857	-2,62124	68,15855	-2,62124
3520	68,15856	-3,27659	68,15855	-3,2766
3540	68,15855	-3,2766	68,81391	-3,27661
3560	72,74614	-2,62124	72,74615	-1,96588
3580	72,74615	-2,62124	72,74614	-1,31052
3600	72,74615	-2,62124	72,74614	-1,31052
3620	72,74615	-1,96588	72,09078	-1,31052
3640	72,74614	-1,31051	72,09077	-0,65516
3660	72,09079	-1,31051	72,09078	-0,65515
3680	72,09079	-1,3105	72,09078	0,00022000000000588
3700	72,09079	-1,3105	72,09077	-0,65514
3720	72,09078	-1,3105	72,09077	-0,65514
3740	77,33373	-0,65515	85,85352	1,9663
3760	88,47504	1,31095	87,81967	1,96632
3780	87,16432	1,96633	87,81966	2,62168
3800	87,81967	1,96633	87,81967	2,62169
3820	87,81967	2,62169	87,81966	3,93241
3840	87,81967	2,62169	87,1643	3,27706
3860	87,81967	2,62169	87,81966	3,27706
3880	87,81967	2,6217	87,81966	2,62169
3900	87,16431	1,96634	87,81966	2,6217
3920	87,16431	1,96634	87,1643	1,96633
3940	86,50895	1,31097	86,50894	1,96632
3960	87,16432	1,31096	90,44117	1,96631
3980	92,40732	1,31095	92,40731	2,62167
4000	92,40732	1,96631	92,4073	2,62166
4020	91,75196	1,96631	92,40731	2,62166
4040	92,40732	1,9663	91,75195	1,96631
4060	92,40732	1,31094	92,4073	1,9663
4080	92,40731	1,31094	92,4073	1,31094
4100	92,40731	1,31095	92,4073	1,96631
4120	93,06267	1,96631	93,71801	2,62167
4140	93,71802	1,96631	93,06262	1,96631
4160	78,64449	-1,96582	51,77431	-7,20867
4180	23,59346	-13,76226	3,27706	-15,07298
4200	-1,31049	-12,45154	0,00025000000000119	-9,8301
4220	0,00027000000000044	-8,51937	0,00025999999999726	-6,55329
4240	0,00026000000000437	-6,55329	0,00025000000000119	-5,89794
4260	0,00026000000000437	-5,89794	-0,65512	-4,58722
4280	0,00025000000000119	-5,24258	0,00023000000000195	-4,58722
4300	0,00024000000000513	-5,24258	0,65559	-5,24259
4320	0,65560000000001	-5,89795	1,31094	-5,24259
4340	1,31095	-5,89795	1,31094	-5,2426
4360	1,31095	-5,89796	1,9663	-5,2426
4380	1,96631	-5,89796	-1,31054	-6,55333
4400	-3,932	-7,86405	-3,93202	-6,55333
4420	-3,27665	-5,89796	-3,27667	-5,89796
4440	-3,27666	-6,55332	6,5538	-4,58724
4460	34,73455	1,31103	64,22615	7,2093
4480	80,6105	8,52005	81,26595	11,14152
4500	78,6445	12,45226	78,64447	13,76298
4520	79,29984	13,76299	79,95519	14,41834
4540	79,95519	14,41834	80,61054	15,0737
4560	83,23201	14,41833	90,44105	18,35051
4580	89,78573	18,35052	88,47498	18,35052
4600	88,47499	17,69515	88,47497	17,69515
4620	89,13034	17,03978	88,47496	17,03977
4640	89,13033	15,07368	89,13032	15,72904
4660	89,78568	14,41831	89,78567	14,4183
4680	89,78568	13,10758	89,78567	13,76294
4700	89,78568	13,10757	90,44103	13,76292
4720	90,44104	13,10756	89,78567	13,76292
4740	89,78568	13,10756	85,19808	11,14147
4760	66,19236	4,58789	38,66682	0,000390000000003
4780	13,76286	-5,89785	1,31087	-5,89787
4800	1,96627	-4,58716	3,27701	-1,96572
4820	2,62166	-1,96571	1,96628	-1,31036
4840	2,62165	-1,31036	2,62163	-0,65501
4860	2,62164	-1,31037	2,62162	-0,65501
4880	2,62162	-1,96573	3,27697	-1,31038
4900	3,27698	-1,96574	3,27696	-1,96574
4920	3,93233	-2,62111	4,58768	-2,62111
4940	4,58769	-3,27648	4,58767	-3,27648
4960	4,58768	-4,5872	5,24303	-3,93184
4980	5,24304	-5,24256	3,93229	-5,89793
5000	-0,65528	-7,8637	-1,31067	-7,20865
5020	-0,65528999999999	-7,86402	-0,65531	-7,86402
5040	-0,65528999999999	-8,51937	-0,6553	-7,20866
5060	-0,65528999999999	-8,51938	-0,65531	-7,86402
5080	-0,65528999999999	-7,86401	-0,65531	-7,20865
5100	1,96616	-7,86402	22,28249	0,00034000000000134
5120	50,46326	9,17546	74,71195	15,07376
5140	89,78557	15,72915	96,9947	13,76306
5160	96,33938	13,10769	93,71789	15,72915
5180	93,06253	15,0738	93,71788	15,72915
5200	93,06252	14,41843	93,0625	15,07378
5220	92,40715	14,41842	92,40713	15,07377
5240	92,40714	13,76305	92,40713	14,4184
5260	91,75178	13,76303	92,40712	13,76303
5280	92,40713	13,10766	92,40712	13,76301
5300	91,75177	12,45229	91,75176	12,45227
5320	91,75177	11,79691	92,40712	11,7969
5340	92,40713	11,14154	91,75175	11,79689
5360	92,40713	11,14153	91,75175	11,14153
5380	92,40713	10,48617	92,40712	11,79688
5400	92,40713	10,48616	92,40712	11,14152
5420	92,40713	10,48616	91,75175	11,79688
5440	92,40712	11,14152	92,40712	11,79688
5460	92,40713	11,79688	92,40712	13,1076
5480	92,40713	13,1076	92,40711	13,76296
5500	91,75178	13,76297	91,75177	14,41832
5520	91,75178	13,76296	81,92122	9,83081
5540	56,36181	2,62188	25,55946	-3,9317
5560	1,31085	-10,48531	-7,86431	-8,51925
5580	-6,55352	-6,55317	-5,24277	-3,93173
5600	-5,24277	-3,93172	-4,58743	-2,62101
5620	-4,58742	-2,62101	-3,93208	-1,31029
5640	-3,93207	-2,62101	-3,27674	-1,3103
5660	-3,27673	-1,96566	-3,27674	-1,3103
5680	-2,62138	-1,96566	-2,62139	-1,96566
5700	-3,27674	-2,62103	-2,6214	-2,62103
5720	-2,62139	-3,2764	-1,96604	-3,27641
5740	-1,96603	-3,93177	-1,96604	-3,93177
5760	-1,96603	-4,58714	-1,96605	-3,93178
5780	-1,31068	-5,2425	-1,31069	-4,58715
5800	-1,31068	-5,24251	-1,30814	-5,24252
5820	-0,65533	-6,55324	-0,65533	-5,89789
5840	-0,65532	-6,55324	-0,65534	-5,89789
5860	-1,31068	-6,55324	-0,65534	-6,55325
5880	-0,65532	-7,20861	-0,65534	-6,55326
5900	-0,65533	-7,86397	-0,65534	-6,55326
5920	-0,65533	-7,20862	-0,65534	-6,55326
5940	-0,65533	-7,86397	1,9999999999243E-5	-6,55326
5960	3,0000000002417E-5	-7,20862	1,9999999999243E-5	-6,55326
5980	-0,65532	-7,20861	-0,65533	-5,89789
6000	4,0000000005591E-5	-6,55326	9,17516	-5,24255
6020	17,69498	-4,58718	19,6611	-3,93182
6040	18,35038	-4,58718	18,35036	-3,27645
6060	17,69502	-4,58717	18,35036	-3,93182
6080	17,69502	-3,93181	17,695	-3,93182
6100	17,69501	-4,58718	17,695	-3,93182
6120	17,69501	-4,58718	17,695	-3,93182
6140	17,03965	-4,58718	17,03964	-3,93182
6160	17,69501	-4,58718	17,03964	-3,93182
6180	17,03965	-3,93182	17,03964	-3,93182
6200	17,03966	-4,58718	17,03964	-3,93182
6220	17,03965	-4,58718	17,03964	-3,93182
6240	16,38429	-4,58717	16,38428	-3,27646
6260	16,3843	-3,93182	16,38429	-3,27646
6280	15,72893	-4,58718	15,72893	-3,93182
6300	15,07358	-4,58717	15,07357	-3,93182
6320	19,00577	-4,58718	28,83626	-1,96576
6340	33,42387	-1,96575	32,11314	-1,31039
6360	30,80243	-2,6211	31,45777	-1,96575
6380	31,45778	-2,6211	31,45776	-2,62111
6400	32,11313	-3,93182	32,11311	-3,27647
6420	32,11312	-3,93183	32,11311	-3,27647
6440	31,45776	-3,93183	32,11311	-3,27647
6460	32,11312	-3,93183	32,11311	-3,27647
6480	32,11312	-3,93183	32,76846	-3,27647
6500	32,11311	-3,93183	32,76846	-3,27647
6520	32,11311	-3,93183	32,1131	-3,27647
6540	31,45774	-3,93183	32,11309	-3,27647
6560	31,45774	-3,93183	32,11308	-3,27647
6580	32,1131	-3,93183	32,11309	-3,27647
6600	31,45773	-3,93183	31,45772	-3,27647
6620	35,38992	-3,27647	45,22043	-1,3104
6640	48,49732	-1,3104	47,84195	-0,65503
6660	47,1866	-1,31038	47,18658	0,00033000000000527
6680	46,53123	0,00034000000000134	-42,59774	0,00034000000000134
6700	46,53123	-0,65502	46,53122	0,65569
6720	46,53123	0,00034000000000134	46,53122	0,00034000000000134
6740	46,53123	0,00034000000000134	45,87585	0,00034000000000134
6760	45,87587	-0,65502	45,87586	0,00034000000000134
6780	45,87586	-1,31038	45,87585	0,00034000000000134
6800	45,87586	-0,65502	45,87585	0,00034000000000134
6820	45,87586	-1,31038	45,87584	-0,65503
6840	45,87585	-1,31039	45,87584	-0,65504
6860	47,84195	-1,3104	51,77415	0,00031000000000603
6880	52,42955	-0,65504	52,42953	-0,65504
6900	52,42953	-1,3104	52,42953	-0,65505
6920	51,77418	-1,31041	51,77416	-1,31041
6940	51,77418	-1,96577	51,77416	-1,31041
6960	51,77417	-2,62113	51,77416	-1,96577
6980	51,77417	-2,62113	51,77416	-1,31041
7000	51,77418	-2,62113	52,42952	-1,96577
7020	52,42954	-2,62113	52,42953	-1,31041
7040	51,77418	-2,62113	52,42953	-1,96578
7060	52,42954	-1,96577	53,08489	-1,96577
7080	52,42954	-2,62114	51,77416	-1,96579
7100	49,1527	-2,62115	49,80805	-1,96579
7120	50,46343	-1,96578	51,11877	-1,96578
7140	51,77414	-1,96578	51,77413	-1,31043
7160	52,42949	-1,96579	53,08484	-0,65506999999999
7180	53,08485	-0,65508	53,08484	0,65564000000001
7200	53,08485	0,65564	53,08484	1,96636
7220	53,08485	1,311	53,08484	2,62172
7240	53,74021	1,96636	53,7402	3,27707
7260	53,08485	2,62171	53,7402	3,27707
7280	53,08485	2,62171	53,08483	3,27707
7300	53,08484	2,62171	61,60459	5,24315
7320	72,09052	6,55388	76,02277	8,51997
7340	75,36744	7,86463	74,71205	8,51999
7360	73,40134	7,86464	73,40132	8,52
7380	72,74597	7,2093	71,43524	6,55396
7400	70,12452	2,62183	70,12452	-0,65494
7420	68,15844	-5,24242	67,50306	-7,86383
7440	64,88161	-11,79596	62,91549	-13,10667
7460	60,29403	-15,07274	58,32791	-15,07272
7480	55,70646	-15,72807	53,08498	-16,38342
7500	51,1189	-18,3495	51,11887	-17,69414
7520	50,4635	-18,34951	50,46347	-17,69417
7540	49,80811	-17,03882	49,15274	-15,7281
7560	49,15275	-15,07274	47,84202	-13,10667
7580	47,18668	-12,45131	46,53132	-10,48524
7600	46,53133	-11,1406	46,53133	-10,48525
7620	47,18671	-11,79596	47,84206	-11,14061
7640	47,18671	-11,79596	46,53133	-11,1406
7660	46,53134	-12,45132	47,18669	-12,45133
7680	46,53134	-13,76204	46,53132	-13,76204
7700	46,53133	-15,07277	47,18667	-14,41741
7720	47,18669	-14,41741	47,18667	-13,76205
7740	47,18669	-13,10669	47,84204	-11,79598
7760	47,18669	-11,79599	49,15277	-9,82992
7780	56,36184	-8,51922	62,26018	-6,55315
7800	63,57094	-6,55314	62,91557	-5,24242
7820	62,26021	-5,24242	62,91557	-3,93171
7840	62,91558	-4,58707	62,91557	-3,93171
7860	62,91558	-4,58707	63,57093	-3,93171
7880	63,57094	-4,58708	63,57093	-3,93172
7900	63,57094	-3,93172	64,22629	-2,62101
7920	64,2263	-3,27637	64,88165	-1,96565
7940	65,53702	-1,96566	66,19238	0,00042000000000542
7960	66,84775	-0,65494	67,50311	1,31114
7980	68,15848	1,31113	68,15645	1,96648
8000	55,70644	-3,27638	31,45777	-9,1746
8020	4,58769	-14,41746	-12,45188	-15,72818
8040	-15,07332	-13,10674	-13,10722	-9,82993
8060	-11,79647	-9,17456	-11,14112	-7,20848
8080	-10,48575	-7,20848	-9,8304	-5,24241
8100	-9,17502	-5,2424	-9,17503	-3,27633
8120	-9,17502	-3,93168	-8,51967	-2,62097
8140	-8,51966	-2,62097	-8,51967	-1,96561
8160	-7,8643	-2,62097	-7,8643	-1,96562
8180	-7,86429	-2,62098	-7,20894	-2,62098
8200	-7,86429	-3,27634	-7,20894	-2,62098
8220	-7,20893	-3,27634	-7,20895	-3,27634
8240	-6,55357	-3,9317	-6,55358	-2,62099
8260	-6,55357	-3,27635	-5,89822	-3,27636
8280	-7,86431	-3,93172	-12,45188	-2,62099
8300	-13,7626	-3,93172	-12,45189	-2,621
8320	-12,45188	-3,93172	-12,45189	-2,62101
8340	-12,45188	-3,93172	-12,4519	-3,93173
8360	-12,45188	-4,58709	-11,79653	-3,93173
8380	-11,79653	-4,58709	-11,79654	-3,93174
8400	-11,79653	-5,24246	-11,79654	-4,58711
8420	-11,79653	-5,24247	-11,79654	-5,24247
8440	-11,79654	-5,89783	-11,79655	-5,24248
8460	-11,79654	-5,89784	-11,14119	-5,89785
8480	-11,14118	-5,89785	-11,1412	-5,89786
8500	-11,14119	-6,55322	-10,48584	-6,55323
8520	-11,1412	-7,2086	-9,8305	-7,20861
8540	-9,83049	-8,51934	-9,83051	-7,86399
8560	-9,17514	-9,17472	-9,17516	-9,17473
8580	-8,51979	-9,83009	-8,51981	-9,8301
8600	-9,17516	-11,14082	-7,86446	-10,48547
8620	-7,86445	-11,79619	-8,51982	-11,14084
8640	-8,51982	-11,79621	-7,86447	-11,14085
8660	-7,86446	-11,79622	-7,20912	-11,14086
8680	-7,20911	-12,45159	-6,55122	-11,79623
8700	-6,55376	-12,45159	-6,55378	-11,79623
8720	-6,55377	-12,45159	-6,55378	-11,79623
8740	-6,55377	-12,45158	-5,89842	-11,14087
8760	-5,89841	-12,45159	-5,89842	-11,79622
8780	-5,89841	-12,45159	-5,89843	-11,79623
8800	-5,89842	-13,10695	-5,89843	-11,79624
8820	-5,89842	-12,4516	-5,89843	-11,79624
8840	-6,55378	-12,4516	-6,55379	-11,79623
8860	-7,20914	-12,45159	-7,20916	-11,79623
8880	-7,20915	-12,45159	-7,20916	-11,79623
8900	-7,86451	-12,45158	-7,20916	-11,79622
8920	-7,20914	-12,45159	-7,86452	-11,79623
8940	-7,86451	-12,45159	-7,86452	-11,14087
8960	-7,86451	-11,79624	-7,86452	-11,14088
8980	-8,51987	-11,79624	-8,51989	-11,14088
9000	-8,51987	-11,79624	-9,17525	-11,14088
9020	-8,51987	-11,79624	-0,00014999999999787	-10,48554
9040	11,14111	-10,48555	15,07334	-9,8302
9060	15,07337	-10,48555	13,76263	-9,17484
9080	13,76264	-10,48556	13,76262	-9,8302
9100	13,76263	-11,14092	13,76261	-10,48556
9120	13,10727	-11,14092	13,10726	-11,14092
9140	13,10727	-11,79629	12,4519	-11,14093
9160	12,45191	-12,45164	12,4519	-11,79629
9180	12,45191	-13,10701	12,4519	-12,45165
9200	17,03946	-12,45165	26,86997	-9,83022
9220	30,80221	-10,48558	30,80221	-9,83022
9240	29,4915	-10,48558	29,49148	-9,83022
9260	29,49149	-11,14093	29,49147	-10,48558
9280	29,49149	-10,48558	29,49147	-10,48558
9300	28,83612	-11,14094	28,83611	-10,48558
9320	28,83612	-11,14094	28,83611	-11,14094
9340	28,83612	-11,7963	28,18075	-11,14095
9360	27,5254	-11,7963	28,18075	-11,14095
9380	28,18076	-11,7963	27,52539	-11,7963
9400	31,45759	-11,79631	43,90956	-9,83024
9420	50,46329	-10,4856	50,46329	-9,17486
9440	49,80793	-10,48558	49,80792	-9,17486
9460	49,15257	-9,83022	49,15256	-9,17485
9480	49,15257	-9,83022	49,80791	-9,17486
9500	49,15256	-9,83022	49,80791	-9,17486
9520	49,80792	-10,48558	49,8079	-9,83022
9540	49,80792	-10,48558	49,8079	-9,17486
9560	49,80791	-10,48558	49,8079	-9,83022
9580	49,80791	-10,48558	49,8079	-10,48559
9600	51,77401	-11,14095	57,01693	-9,83024
9620	58,3277	-10,48559	58,32768	-9,83024
9640	58,32769	-10,48559	58,32768	-9,83023
9660	58,32769	-10,48559	58,32768	-9,83023
9680	58,32768	-10,4856	58,32768	-9,83023
9700	57,67232	-10,48559	58,32767	-9,83024
9720	58,32768	-10,48559	58,32767	-10,4856
9740	58,32768	-11,1405	58,32767	-10,48559
9760	58,32768	-11,14095	58,32767	-10,48559
9780	58,98304	-10,48559	58,98304	-10,48559
9800	-42,59775	-11,14095	58,98304	-11,14095
9820	58,98305	-11,14094	58,98304	-10,48558
9840	58,32769	-10,48558	58,32768	-9,83022
9860	58,32769	-10,48558	58,32768	-9,83022
9880	62,25989	-9,83022	72,0904	-7,20879
9900	79,29952	-6,55343	80,61028	-5,89806
9920	79,95493	-6,55341	79,95491	-5,24269
9940	79,95492	-5,89805	79,95491	-5,24269
9960	79,95492	-5,89805	79,95491	-5,89805
9980	79,95492	-6,55341	79,95491	-5,89805
10000	79,29957	-5,89804	79,95491	-5,24269
10020	79,29956	-5,89805	79,29955	-5,24226
10040	79,29956	-6,55341	79,95491	-5,89806
10060	79,29956	-6,55342	79,29955	-5,89806
10080	79,95492	-5,89806	79,29955	-5,89806
10100	79,29956	-6,55342	79,95491	-5,89806
10120	78,6442	-6,55342	79,29955	-5,89806
10140	81,92102	-6,55342	89,78543	-3,93199
10160	93,71769	-4,58733	94,37305	-3,93197
10180	93,7177	-4,58733	94,37304	-3,93197
10200	94,37305	-4,58733	95,0284	-3,93197
10220	94,37305	-4,58732	94,37304	-3,93196
10240	94,37305	-3,93196	94,37304	-3,2766
10260	94,37305	-3,93196	95,0284	-3,93196
10280	94,37305	-3,93196	94,37304	-3,27661
10300	95,02841	-3,93196	95,0284	-2,62124
10320	95,02841	-3,2766	95,0284	-2,62124
10340	95,02841	-3,2766	95,0284	-1,96588
10360	95,02842	-2,62124	95,68376	-1,96589
10380	95,02841	-2,62124	95,0284	-1,31053
10400	95,02841	-1,96589	95,0284	-0,65517
10420	95,02841	-1,31053	95,02841	-0,65517
10440	95,02842	-1,31053	95,02841	-0,65517999999999
10460	95,02842	-1,31053	92,40692	-1,96589
10480	74,71193	-8,51948	47,84178	-12,45161
10500	20,31633	-18,34982	0,65529	-20,3159
10520	-5,24299	-20,31592	-3,93225	-17,03912
10540	-3,27687	-16,38375	-3,27688	-15,72839
10560	-3,27687	-16,38375	-3,27688	-15,07303
10580	-2,62152	-15,72839	-2,62153	-14,41768
10600	-2,62153	-15,07304	-2,62154	-15,07304
10620	-2,62152	-15,7284	-1,96618	-15,07305
10640	-1,96617	-16,38377	-1,96617	-15,07305
10660	-1,96617	-15,72842	-1,31082	-15,07307
10680	-1,31081	-15,72844	-0,65546	-15,0731
10700	-0,65544999999999	-15,72846	-0,00010999999999939	-14,41775
10720	-9,9999999996214E-5	-14,41776	-0,00010999999999939	-13,7624
10740	-9,9999999996214E-5	-14,41776	-0,00010999999999939	-13,76241
10760	-8,999999999304E-5	-14,41777	-9,9999999996214E-5	-13,10705
10780	-8,999999999304E-5	-13,76241	-9,9999999996214E-5	-13,10705
10800	-7,9999999996971E-5	-13,76241	-9,0000000000146E-5	-13,10705
10820	-7,9999999996971E-5	-13,76241	-0,65545	-13,10705
10840	-0,65544	-13,76239	-0,65545	-13,76239
10860	-0,65543	-13,76239	-0,65544	-13,10703
10880	-0,65543	-13,76238	-0,65544	-13,10703
10900	-1,31078	-13,76239	-0,65544	-13,10703
10920	-0,65542	-13,7624	-0,65544	-13,76241
10940	-1,31079	-14,41777	-7,9999999996971E-5	-14,41778
10960	-7,9999999996971E-5	-15,7285	0,65527	-15,7285
10980	0,65527	-17,69459	1,31062	-19,00534
11000	1,96599	-19,66069	1,96598	-19,00534
11020	1,96598	-20,31606	1,96597	-19,6607
11040	1,96598	-20,31606	2,62133	-20,31607
11060	2,62134	-20,97143	2,62133	-19,66072
11080	2,62134	-20,31608	2,62132	-19,66073
11100	3,27669	-20,97145	3,27668	-20,3161
11120	3,27669	-20,97146	3,27667	-20,3161
11140	3,27669	-20,97146	3,27668	-20,97146
11160	3,27668	-21,62681	3,27667	-20,31609
11180	3,27668	-21,62681	3,27667	-20,97145
11200	3,27668	-22,28217	3,27667	-20,97145
11220	3,27668	-21,62681	3,27667	-20,97146
11240	10,48571	-20,97147	20,31621	-17,69467
11260	22,28235	-19,00539	22,28234	-18,35003
11280	22,28235	-19,00539	22,28233	-17,69467
11300	21,62699	-19,00538	22,28234	-18,35003
11320	22,28234	-19,00538	21,62697	-17,69467
11340	21,62699	-18,35002	21,62952	-18,35002
11360	21,62699	-19,00538	20,97162	-18,35002
11380	21,62699	-19,00538	21,62698	-18,35002
11400	21,62699	-19,00539	21,62698	-19,00538
11420	21,62698	-19,00538	21,62698	-19,00539
11440	20,97163	-19,66074	21,62698	-19,00538
11460	21,62699	-19,66074	20,97162	-19,00538
11480	20,97163	-19,66074	20,31626	-19,00538
11500	20,31627	-19,66074	20,31626	-19,66074
11520	19,66091	-19,66073	21,62699	-19,00538
11540	29,49141	-19,0054	36,70046	-17,03932
11560	38,01123	-18,35003	37,35585	-17,03931
11580	37,35586	-18,35003	37,35585	-17,69467
11600	37,35586	-18,35003	37,35585	-17,69468
11620	37,35586	-18,35003	37,35585	-18,35004
11640	37,35586	-19,00539	37,35585	-18,35003
11660	37,35586	-19,0054	37,35585	-18,35003
11680	37,35586	-19,66075	37,35585	-19,00539
11700	36,7005	-19,66075	36,70049	-19,0054
11720	37,35586	-19,66076	43,25415	-19,00542
11740	49,15248	-19,66078	49,80786	-19,00542
11760	49,80786	-19,66078	50,4632	-19,00542
11780	50,46321	-19,66078	50,4632	-19,66078
11800	50,46321	-20,31613	51,11856	-19,66078
11820	51,11857	-20,31614	51,11855	-19,66078
11840	51,11857	-20,31614	51,11856	-19,66078
11860	51,11857	-20,31614	51,11856	-19,66078
11880	51,11858	-20,97149	51,77393	-20,31614
11900	57,67225	-20,31615	64,8813	-19,00543
11920	67,50281	-19,66078	66,84743	-19,00542
11940	66,84744	-19,66077	66,19207	-19,66077
11960	66,84744	-20,31613	66,84743	-19,66078
11980	66,19208	-20,31614	66,19207	-19,66078
12000	66,19208	-19,66077	66,19207	-19,00542
12020	66,19208	-19,66077	66,19207	-17,69469
12040	66,19208	-18,35005	66,19207	-17,69468
12060	66,19208	-17,03932	66,19208	-17,03932
12080	65,53673	-17,03931	65,53672	-15,72859
12100	65,53673	-16,38395	65,53672	-15,72859
12120	64,88137	-17,0393	65,53672	-16,38395
12140	64,88137	-17,69466	68,81356	-17,03931
12160	72,74578	-18,35004	72,09042	-17,69468
12180	71,43506	-19,00539	72,0904	-17,69468
12200	71,43505	-19,00539	72,0904	-19,0054
12220	71,43506	-19,00539	71,43505	-18,35003
12240	72,09042	-19,00539	71,43505	-17,69467
12260	71,43506	-18,35003	71,43505	-18,35003
12280	71,43507	-18,35003	71,43505	-17,69467
12300	72,09042	-18,35003	72,09041	-18,35003
12320	72,09042	-19,00539	72,09041	-18,35003
12340	72,09042	-19,66074	72,74577	-19,00539
12360	72,74577	-19,66075	72,74577	-19,00538
12380	72,74578	-19,66075	73,40112	-19,00539
12400	72,74577	-20,31612	72,74576	-19,66076
12420	73,40113	-20,31612	73,40112	-19,66077
12440	72,74576	-20,31613	73,40111	-19,66078
12460	73,40113	-20,9715	73,40111	-19,66078
12480	73,40112	-20,9715	74,05647	-20,31613
12500	74,05648	-20,31613	74,05646	-19,66077
12520	73,40111	-19,66076	73,4011	-18,35004
12540	73,40111	-19,0054	73,4011	-17,69469
12560	72,74575	-18,35004	72,74574	-17,69468
12580	72,09038	-18,35004	72,74573	-17,69468
12600	72,74574	-18,35004	73,40109	-18,35005
12620	72,74574	-19,0054	73,40109	-18,35004
12640	73,4011	-19,0054	73,40108	-18,35005
12660	73,40109	-18,35004	73,40108	-17,69468
12680	73,40109	-18,35004	73,40108	-17,69468
12700	73,4011	-17,69469	72,74572	-17,03933
12720	74,71182	-17,69469	83,23159	-15,07326
12740	88,4746	-15,07325	89,12997	-13,76253
12760	87,81926	-14,41788	88,4746	-13,76252
12780	88,47461	-14,41788	88,4746	-14,41789
12800	88,47461	-15,7286	89,12995	-14,41788
12820	89,12996	-15,7286	89,12995	-15,07325
12840	89,12996	-15,72861	89,78531	-15,07325
12860	89,78532	-15,72861	89,78531	-15,07326
12880	89,78532	-15,72862	89,78531	-15,72862
12900	89,78532	-16,38398	89,78532	-15,72862
12920	89,78533	-17,03934	89,78532	-16,38398
12940	90,4407	-17,03934	95,02827	-16,384
12960	96,9944	-17,03936	96,33902	-16,384
12980	96,33903	-17,03936	96,33902	-17,03936
13000	96,33904	-17,69472	96,99438	-16,384
13020	96,33904	-17,69472	96,99439	-17,03936
13040	96,33904	-17,69472	96,33903	-17,69472
13060	96,33904	-18,35008	96,99438	-17,03936
13080	96,33904	-18,35008	96,33903	-17,69473
13100	96,33904	-18,35009	96,33902	-17,03936
13120	96,33904	-18,35008	95,68366	-17,03937
13140	95,68367	-17,69473	96,33902	-17,69473
13160	95,68367	-18,35009	95,68365	-17,03937
13180	95,68367	-17,69472	95,68366	-17,03936
13200	95,68367	-17,69472	95,02829	-17,03936
13220	95,68366	-18,35008	96,33901	-17,69472
13240	98,96048	-17,69473	104,85879	-15,72866
13260	107,4803	-15,72864	106,82493	-15,07327
13280	106,82493	-15,72863	107,48028	-15,07327
13300	107,48029	-15,07327	107,48027	-14,41791
13320	107,48028	-15,07327	107,48027	-14,41791
13340	104,20343	-17,03935	85,85305	-20,97149
13360	57,0168	-26,86969	26,86985	-32,11255
13380	5,89811	-38,01082	2,62126	-37,3555
13400	5,24275	-35,38942	5,89811	-32,76797
13420	5,24275	-32,11259	5,24274	-30,14652
13440	5,24275	-30,14651	4,58738	-28,83579
13460	4,58739	-28,83578	4,58737	-28,18043
13480	4,58738	-28,18042	4,58737	-27,52506
13500	3,93202	-28,18042	4,58737	-27,52506
13520	4,58738	-28,83578	4,58737	-28,18042
13540	4,58738	-28,83578	5,24273	-28,18042
13560	5,24274	-29,49114	5,89809	-28,18043
13580	5,8981	-28,83579	6,55345	-28,18044
13600	6,55346	-28,8358	6,55344	-27,52509
13620	6,55346	-28,83581	6,55344	-28,18046
13640	7,20882	-28,83581	7,20881	-27,5251
13660	7,20882	-28,83582	7,20881	-28,18046
13680	7,20882	-28,83581	7,20882	-28,18045
13700	7,20883	-28,83581	7,20882	-28,18045
13720	7,20884	-28,18045	7,20882	-28,18045
13740	7,20884	-28,83581	7,20883	-28,18046
13760	7,20884	-28,83581	8,51956	-28,18046
13780	13,76251	-28,18048	17,6947	-27,52512
13800	17,03936	-28,18047	17,03934	-27,52511
13820	17,03936	-28,18047	17,03935	-27,52511
13840	17,03936	-28,18047	16,38399	-26,86974
13860	17,03937	-27,5251	17,03936	-26,86974
13880	16,38401	-27,5251	16,38401	-26,86974
13900	16,38402	-26,86974	17,03937	-26,86975
13920	17,03938	-26,86976	17,03937	-26,2144
13940	16,38402	-27,52512	17,03937	-26,86976
13960	16,38403	-27,52512	17,03938	-26,86976
13980	17,69474	-28,18047	18,35009	-27,52511
14000	18,35011	-27,5251	19,00546	-26,86974
14020	19,00547	-27,5251	19,66081	-26,86975
14040	19,00546	-27,5251	19,66081	-26,21438
14060	19,66082	-26,86975	19,66081	-26,21439
14080	19,66082	-26,86974	19,66081	-26,21438
14100	19,66082	-26,86974	19,66081	-26,86974
14120	19,66082	-27,5251	25,55911	-25,55904
14140	33,42354	-24,90368	35,38966	-24,24832
14160	35,38966	-24,90368	35,38965	-24,24832
14180	36,04502	-24,90367	36,045	-24,24832
14200	35,38966	-24,90368	35,38964	-24,24832
14220	36,04501	-24,90368	36,04499	-24,2477
14240	36,04501	-24,90368	35,38964	-24,24832
14260	35,38965	-24,90369	36,04499	-23,59297
14280	36,045	-24,90369	36,04499	-24,24833
14300	35,38964	-24,9037	36,04498	-23,59298
14320	36,04499	-24,9037	36,04497	-24,24834
14340	36,04499	-24,9037	36,70034	-24,24834
14360	36,04499	-24,90371	32,11276	-26,86979
14380	22,93763	-28,83586	19,0054	-28,1805
14400	19,00541	-27,52514	19,66077	-26,21441
14420	19,66078	-26,86977	19,0054	-25,55905
14440	19,66078	-26,21441	19,66076	-25,55905
14460	19,66078	-26,21441	19,0054	-25,55905
14480	19,00542	-26,21441	19,66077	-25,55905
14500	19,00542	-26,21441	19,66077	-26,21442
14520	19,66078	-26,86977	19,00541	-26,21441
14540	19,66078	-27,52513	19,66077	-26,86977
14560	19,00542	-27,52512	19,00541	-26,86976
14580	19,00542	-27,52512	19,00541	-27,52512
14600	19,00543	-28,18048	19,00541	-27,52512
14620	19,00542	-28,83584	19,00541	-28,18048
14640	18,35006	-29,4912	22,28225	-28,1805
14660	32,76814	-26,86978	36,70037	-26,21443
14680	36,70039	-27,52514	36,04501	-26,86978
14700	36,04502	-27,52514	36,04501	-26,86979
14720	36,04502	-27,52514	37,35573	-26,86979
14740	37,35573	-28,18051	37,35572	-27,52515
14760	37,35573	-28,18051	38,01107	-27,52515
14780	38,01108	-28,1805	38,01107	-27,52515
14800	38,01108	-28,18051	38,66643	-27,52515
14820	38,01108	-28,1805	38,66643	-27,52514
14840	38,66644	-28,18051	39,32179	-27,52515
14860	39,3218	-27,52516	39,32178	-26,8698
14880	39,32179	-26,86981	39,97713	-26,21446
14900	39,97715	-26,86982	40,63249	-25,55911
14920	41,28786	-25,55912	54,39517	-22,28232
14940	79,29915	-17,69478	95,02806	-14,41796
14960	98,305	-13,76258	96,3389	-12,45185
14980	95,02817	-13,10721	95,68351	-12,45185
15000	95,68351	-13,76257	95,68349	-13,10721
15020	96,33885	-14,41794	96,33883	-13,76258
15040	96,33883	-14,41794	96,33882	-13,7626
15060	96,33882	-13,7626	96,99417	-12,45189
15080	96,33881	-12,45189	96,3388	-11,79654
15100	96,33881	-12,4519	96,3388	-12,45191
15120	96,33881	-13,10727	98,30489	-11,79656
15140	104,8586	-10,48582	108,79083	-8,51973
15160	109,44623	-9,83044	109,44621	-9,17508
15180	109,44621	-10,4858	109,4462	-9,17508
15200	109,44622	-10,4858	110,10157	-9,83045
15220	109,44622	-10,48581	110,10157	-9,83045
15240	110,10158	-10,4858	110,10158	-9,17508
15260	110,10159	-9,83043	110,10159	-9,17507
15280	110,1016	-9,83043	110,10159	-8,51971
15300	110,10161	-9,17506	110,1016	-8,5197
15320	110,10161	-10,48577	110,1016	-9,17505
15340	110,10162	-10,48576	110,10161	-9,8304
15360	110,10162	-11,14111	110,10161	-11,14111
15380	110,10162	-12,45183	110,10162	-11,79647
15400	110,10163	-13,1072	110,10162	-12,45184
15420	110,75699	-13,76256	112,06771	-13,10721
15440	115,99994	-13,10722	117,31069	-12,45186
15460	117,3107	-13,10721	117,96604	-12,45186
15480	117,96605	-13,10721	118,62139	-12,45186
15500	118,6214	-13,10722	117,96603	-13,10723
15520	109,4462	-18,35011	85,19747	-25,55906
15540	54,39514	-36,04481	26,2143	-44,5645
15560	5,89794	-49,80741	1,96576	-46,53064
15580	3,27652	-43,25383	2,62115	-40,63238
15600	2,62116	-39,97701	2,62114	-37,35558
15620	2,62115	-36,70021	2,62114	-34,73413
15640	3,2765	-34,73413	3,27649	-33,4234
15660	2,62114	-33,4234	2,62113	-32,11268
15680	9,17477	-32,11269	23,5928	-28,83591
15700	26,86969	-28,83591	26,21431	-28,83591
15720	26,21431	-29,49126	26,2143	-28,8359
15740	26,21431	-29,49127	26,86966	-28,83592
15760	26,2143	-29,49127	26,21429	-28,18055
15780	26,2143	-29,49128	26,21429	-28,83592
15800	26,86966	-29,49127	26,21429	-28,83592
15820	26,2143	-29,49127	26,86965	-28,83592
15840	26,2143	-30,14664	26,21429	-29,49128
15860	29,49113	-28,83592	38,01089	-25,55911
15880	40,63242	-24,90374	40,63241	-24,90374
15900	39,97705	-25,5591	39,97704	-25,5591
15920	39,97705	-26,21446	39,97703	-26,21446
15940	39,97705	-26,86983	39,97703	-26,21447
15960	39,32168	-26,86983	39,97703	-26,86983
15980	39,97704	-27,5252	39,97703	-26,86983
16000	39,97704	-27,5252	39,97703	-27,5252
16020	39,97704	-28,18056	39,97703	-28,18057
16040	39,97705	-28,83593	45,21996	-28,18058
16060	48,49683	-28,83594	49,15219	-28,18059
16080	48,49684	-28,83595	48,49682	-28,18059
16100	48,49683	-29,49131	48,49682	-28,83596
16120	48,49683	-29,49132	48,49682	-30,14668
16140	49,15219	-30,14668	49,15217	-30,14668
16160	49,15218	-30,80204	49,15216	-30,14668
16180	49,15217	-31,4574	49,80752	-30,80205
16200	49,15217	-30,80204	49,80752	-30,80204
16220	49,80753	-31,4574	49,15216	-30,80205
16240	49,80753	-31,45741	51,11825	-30,80206
16260	60,2934	-30,80208	66,19173	-29,49136
16280	66,84713	-30,14672	66,19175	-28,83599
16300	64,88104	-30,14671	64,88103	-29,49135
16320	64,88104	-30,1467	64,88102	-29,49135
16340	64,88103	-30,80207	64,88101	-30,14672
16360	64,88103	-30,80208	64,22565	-30,14673
16380	64,22566	-30,80209	64,88101	-30,14673
16400	64,88102	-30,80209	64,88101	-30,14673
16420	64,88102	-30,80209	64,88101	-30,80209
16440	65,53637	-31,45745	65,53636	-30,80209
16460	64,88102	-31,45745	65,53637	-30,80209
16480	64,88102	-31,45745	65,53636	-30,80209
16500	65,53638	-31,45745	65,53637	-31,45745
16520	72,09004	-30,80211	83,88665	-29,49058
16540	87,16354	-29,4914	87,16354	-28,83604
16560	85,85282	-29,4914	86,50817	-28,83604
16580	85,85282	-29,4914	87,16352	-29,49141
16600	85,85536	-30,14677	86,50816	-29,49141
16620	86,50818	-30,80213	86,50817	-30,14677
16640	85,85282	-30,80213	86,50816	-30,14677
16660	86,50818	-30,80213	86,50817	-30,14678
16680	86,50818	-30,14678	86,50817	-30,14678
16700	86,50818	-30,80214	86,50817	-30,14678
16720	86,50819	-30,80213	86,50817	-30,14677
16740	86,50819	-31,45749	86,50818	-30,80214
16760	82,57598	-32,11286	81,26522	-32,11286
16780	81,26524	-32,11286	81,26524	-31,4575
16800	81,26525	-32,11286	81,26524	-31,45749
16820	80,60989	-32,11286	81,26524	-32,11286
16840	80,60989	-32,76822	81,9206	-31,45749
16860	81,92061	-32,11286	81,9206	-30,80214
16880	82,57597	-31,45749	83,23132	-31,4575
16900	82,57597	-32,11286	82,57595	-31,4575
16920	82,57596	-32,76821	83,23131	-32,11285
16940	82,57596	-32,76821	83,88667	-32,11285
16960	93,71718	-30,80213	102,23698	-28,83605
16980	103,54776	-28,83604	102,23702	-28,18067
17000	101,58167	-28,83603	101,58165	-28,18067
17020	101,58167	-27,5253	100,9263	-26,86994
17040	100,27096	-27,52529	100,27095	-26,86992
17060	99,6156	-28,18064	99,61559	-27,52528
17080	98,96024	-28,83599	95,68337	-31,45743
17100	76,02231	-41,94319	47,84144	-50,46285
17120	22,93747	-57,67182	13,76231	-58,98258
17140	16,38379	-58,98261	19,00524	-59,638
17160	19,6606	-61,60409	20,31595	-58,3273
17180	20,31595	-55,70585	20,31593	-51,77368
17200	20,31594	-49,15223	20,97128	-45,87543
17220	20,31592	-43,90935	20,31591	-41,2879
17240	19,66055	-41,28789	19,00518	-39,97717
17260	19,00519	-40,63252	18,34982	-39,97716
17280	18,34984	-40,63251	17,69446	-39,97714
17300	17,03912	-39,97714	16,38374	-39,32177
17320	16,38376	-39,97713	16,38374	-39,32178
17340	16,38375	-39,32177	16,38374	-38,66642
17360	16,38376	-39,32178	16,38375	-38,01106
17380	16,38376	-38,01106	15,72839	-36,70034
17400	15,72841	-37,35569	15,07304	-36,70033
17420	18,34986	-36,70034	30,80182	-34,73426
17440	38,0109	-34,07889	37,35556	-34,73424
17460	36,04484	-36,04494	36,04482	-36,04494
17480	35,38948	-37,35564	35,38946	-37,35564
17500	34,07876	-38,66635	33,42338	-38,01098
17520	32,76803	-39,32169	32,76803	-39,32169
17540	32,11268	-39,97705	31,45731	-39,97704
17560	31,45732	-40,6324	31,45731	-39,97704
17580	30,80195	-40,6324	31,4573	-39,97705
17600	31,45731	-39,97705	32,11265	-39,32169
17620	32,76802	-40,63241	33,42337	-39,97706
17640	27,52508	-41,94314	17,69455	-42,59847
17660	12,45162	-43,25383	13,10697	-41,94311
17680	13,76235	-42,59847	14,4177	-41,94311
17700	13,76234	-42,59847	13,76234	-41,94311
17720	14,41771	-42,59847	14,41769	-41,94312
17740	14,4177	-42,59848	14,41769	-41,94312
17760	14,4177	-41,94312	13,76233	-41,94312
17780	14,4177	-41,94312	20,31598	-39,97705
17800	34,0787	-38,66634	40,63241	-37,35561
17820	41,28782	-38,01096	39,97708	-37,3556
17840	38,66636	-38,66632	39,32171	-38,01095
17860	38,66636	-39,32167	38,66634	-39,32167
17880	38,01099	-39,97703	38,01097	-39,97703
17900	37,35562	-41,28775	36,70025	-41,28775
17920	36,70026	-41,94311	36,70024	-41,94311
17940	36,70025	-42,59848	36,70023	-42,59848
17960	36,70024	-43,25385	37,35559	-42,5985
17980	36,70023	-43,90922	36,70022	-43,90922
18000	36,70023	-44,56459	37,35558	-43,90923
18020	36,70023	-44,56459	36,70022	-44,56459
18040	36,70023	-45,21995	36,70021	-44,5646
18060	38,66633	-45,87532	46,53072	-44,56463
18080	48,49686	-44,56462	48,49686	-43,90926
18100	47,84151	-44,56462	47,84149	-43,90926
18120	47,84151	-44,56462	47,84149	-43,90926
18140	47,18614	-45,21998	47,18614	-43,90925
18160	47,18615	-44,56461	47,18613	-44,56462
18180	47,18615	-45,21998	47,8415	-44,56462
18200	47,18615	-45,21998	47,84149	-45,21998
18220	47,84151	-45,87534	47,18614	-45,21998
18240	47,84151	-46,53071	47,84149	-45,87535
18260	47,18614	-46,53072	47,8415	-45,87536
18280	47,18614	-46,53073	47,84149	-45,87537
18300	47,84151	-47,18609	47,84149	-46,53073
18320	48,49687	-47,1861	48,49686	-46,53073
18340	48,49687	-47,1861	47,84149	-46,53073
18360	48,49687	-47,84146	43,25391	-47,84145
18380	34,73414	-49,15215	32,11264	-47,84143
18400	32,76802	-48,49679	33,42337	-47,18607
18420	34,07873	-48,49679	34,73408	-47,18607
18440	34,73409	-47,84143	34,73408	-47,18607
18460	34,73409	-47,18607	35,38944	-47,18607
18480	35,38945	-47,84143	35,38945	-47,18607
18500	35,38946	-47,84143	36,04481	-47,18607
18520	35,38946	-48,49679	36,04481	-47,18608
18540	36,04482	-47,84143	35,38945	-47,84143
18560	35,38946	-48,49679	35,38945	-47,84143
18580	36,04482	-48,49679	36,04481	-47,84143
18600	36,04482	-48,49679	36,04481	-47,84143
18620	35,38946	-48,49679	36,04481	-47,84144
18640	36,04482	-49,15216	36,04481	-48,4968
18660	36,04482	-49,15216	36,04481	-48,49681
18680	36,04483	-49,15217	36,70018	-48,4968
18700	36,7002	-48,4968	37,35556	-47,18606
18720	37,35558	-46,53069	37,35558	-45,21995
18740	37,3556	-44,56457	37,3556	-43,25384
18760	37,35562	-43,25383	37,35562	-41,9431
18780	37,35563	-41,94309	37,35563	-40,63236
18800	37,35564	-41,28771	36,70027	-40,63235
18820	37,35564	-41,2877	32,76805	-41,94305
18840	20,31609	-45,21983	11,14093	-45,21981
18860	9,17484	-44,56445	9,83019	-43,25374
18880	9,8302	-43,90909	9,83018	-41,94302
18900	9,83019	-43,25374	10,48553	-41,94303
18920	11,14089	-42,59841	11,14088	-41,94305
18940	11,14089	-42,59842	11,79624	-41,94307
18960	11,79624	-42,59844	11,79623	-41,94308
18980	11,79624	-42,59844	11,79622	-41,94308
19000	11,79624	-42,59843	11,79622	-42,59843
19020	11,79623	-43,25379	11,14086	-43,25379
19040	11,14087	-43,90914	11,14086	-43,25379
19060	10,4855	-44,5645	10,48549	-43,90914
19080	10,4855	-44,56451	9,83012	-44,56451
19100	10,48549	-45,21988	10,48547	-44,56452
19120	10,48548	-45,21989	11,14083	-44,56452
19140	10,48548	-44,56452	11,14083	-43,90916
19160	11,14084	-44,56452	10,48547	-43,2538
19180	10,48548	-43,2538	11,14083	-43,2538
19200	10,48548	-43,90916	10,48547	-42,59845
19220	11,14084	-43,25382	16,38375	-41,94311
19240	28,83574	-39,97704	34,73405	-38,66632
19260	34,07871	-39,32167	33,42333	-39,32168
19280	33,42334	-39,97704	34,07868	-39,32169
19300	34,07869	-40,63242	34,73404	-39,97706
19320	34,73405	-40,63243	34,73403	-39,97707
19340	34,73404	-40,63243	34,73402	-39,97707
19360	34,73403	-41,28779	34,73403	-40,63243
19380	34,73403	-41,94314	34,73402	-41,94314
19400	34,07868	-42,5985	34,07867	-42,59849
19420	33,42332	-43,25384	33,4233	-43,25384
19440	33,42331	-44,56455	33,42331	-44,56455
19460	33,42331	-45,87527	32,76794	-45,21991
19480	32,76795	-45,87527	32,76793	-45,21991
19500	32,76795	-45,87527	32,76794	-45,21992
19520	32,76795	-45,87528	32,76794	-45,21992
19540	32,11259	-45,87528	32,76794	-45,21993
19560	32,76795	-45,87529	32,11258	-45,21993
19580	32,11259	-45,87529	32,11257	-45,21994
19600	32,11259	-45,8753	32,11257	-45,8753
19620	32,11258	-45,8753	31,45722	-45,8753
19640	32,11258	-46,53066	32,11257	-45,8753
19660	31,45723	-46,53065	31,45722	-45,8753
19680	31,45723	-47,18601	31,45721	-46,53066
19700	31,45723	-47,18602	32,11257	-46,53067
19720	31,45723	-47,18602	31,45722	-46,53067
19740	31,45723	-47,18603	31,45722	-46,53067
19760	31,45723	-47,18603	31,45722	-47,18603
19780	31,45723	-47,18603	31,45722	-46,53068
19800	32,1126	-47,18603	32,11258	-46,53068
19820	32,76796	-47,8414	43,25379	-44,56461
19840	55,7058	-43,25389	61,60412	-43,2539
19860	60,94878	-43,25389	60,29339	-41,94316
19880	59,63804	-41,2878	59,63803	-40,63244
19900	60,2934	-41,94316	59,63803	-41,2878
19920	60,2934	-41,2878	60,29338	-40,63244
19940	59,63803	-41,2878	59,63802	-40,63244
19960	60,29339	-41,28779	59,63803	-40,63244
19980	59,63804	-41,2878	59,63802	-41,2878
20000	60,29339	-41,28781	60,29592	-41,28782
20020	60,29338	-41,28782	60,29337	-40,63246
20040	60,29338	-41,94318	60,29337	-41,28782
20060	60,29338	-41,28782	60,29337	-41,28782
20080	60,29338	-41,94318	60,94873	-40,63246
20100	60,29338	-41,94318	60,29337	-41,28782
20120	60,29338	-41,94318	60,29337	-41,28783
20140	60,29338	-41,94319	60,29337	-41,28783
20160	60,29338	-41,28782	60,29337	-41,28783
20180	59,63802	-41,94318	59,63801	-41,28782
20200	59,63802	-41,94318	59,63801	-41,28783
20220	60,29338	-41,94319	60,29337	-41,28783
20240	60,29338	-42,59855	60,29337	-41,9432
20260	60,29338	-42,59855	60,29337	-41,9432
20280	60,29338	-42,59855	60,29337	-41,9432
20300	59,63803	-43,25391	59,63801	-41,94319
20320	59,63802	-42,59856	59,63802	-41,9432
20340	59,63802	-42,59857	59,63801	-41,9432
20360	59,63802	-42,59857	59,63801	-41,94321
20380	59,63802	-43,25392	-42,59814	-42,59856
20400	59,63803	-43,25392	59,63801	-42,59856
20420	59,63803	-43,25392	59,63801	-42,59857
20440	59,63803	-43,90929	59,63802	-43,25393
20460	59,63802	-43,90929	59,63801	-42,59857
20480	59,63803	-43,90929	59,63802	-43,25394
20500	58,98267	-43,90929	59,63802	-43,25393
20520	58,98267	-43,90929	58,98266	-43,25393
20540	58,98267	-43,90929	58,98266	-43,25393
20560	58,98267	-43,90929	59,63802	-43,90929
20580	59,63803	-44,56465	59,63801	-43,90928
20600	60,29338	-43,90928	60,29337	-43,90928
20620	60,29339	-43,90927	60,29337	-43,25391
20640	59,63803	-43,90927	59,63802	-42,59855
20660	59,63802	-43,2539	59,63801	-41,94319
20680	59,63802	-42,59854	64,88094	-41,28783
20700	75,36684	-39,32175	79,95444	-38,01102
20720	79,95446	-38,01101	78,64373	-36,70028
20740	78,64374	-37,35563	78,64372	-36,70028
20760	78,64373	-36,70027	78,64372	-36,04491
20780	78,64372	-36,70027	77,98835	-35,38954
20800	77,98836	-36,0449	77,98835	-34,73418
20820	77,333	-35,38954	77,33299	-34,73418
20840	77,333	-35,38954	77,33299	-34,73418
20860	76,67764	-35,38954	76,67762	-34,73419
20880	76,67763	-35,38955	77,33298	-34,7342
20900	81,2652	-35,38956	84,54204	-34,73421
20920	84,54206	-35,38956	84,54204	-34,7342
20940	84,54205	-35,38955	84,54204	-34,7342
20960	83,88669	-35,38955	84,54204	-34,7342
20980	84,54205	-35,38955	84,54204	-34,7342
21000	84,54205	-35,38956	84,54204	-34,7342
21020	84,54205	-35,38956	84,54204	-34,7342
21040	83,88669	-35,38955	83,88668	-34,73419
21060	83,88669	-35,38954	86,50815	-34,07883
21080	95,02795	-32,76811	100,27091	-31,45739
21100	100,92631	-32,11274	100,27093	-31,45738
21120	100,9263	-32,11274	100,92629	-30,80202
21140	100,9263	-31,45738	100,92629	-30,80202
21160	100,9263	-31,45738	100,92629	-30,80203
21180	100,9263	-31,45738	100,27093	-30,80202
21200	100,27094	-31,45738	100,27094	-30,80202
21220	100,27095	-31,45738	100,27094	-30,80202
21240	100,27095	-31,45737	99,61558	-30,14665
21260	99,61559	-31,45738	99,61558	-30,14666
21280	98,96023	-30,80202	100,27093	-30,14667
21300	107,48	-30,14669	118,62128	-27,52526
21320	123,20892	-27,52524	122,55355	-27,52524
21340	122,55355	-28,18059	122,55353	-26,86988
21360	122,55354	-27,52523	122,55353	-26,86988
21380	122,55354	-27,52523	122,55352	-27,52523
21400	122,55353	-28,18059	122,55351	-27,52523
21420	121,89817	-28,18058	121,89815	-27,52522
21440	121,89816	-28,83594	121,89815	-28,18057
21460	121,2428	-28,83593	121,24279	-28,18057
21480	121,24279	-28,83593	121,24278	-28,18057
21500	121,24278	-28,83593	120,58741	-28,18057
21520	120,58742	-28,83593	120,5874	-27,52521
21540	119,93206	-28,18056	119,93205	-26,86984
21560	119,2767	-27,5252	119,93205	-26,86984
21580	119,2767	-26,86983	118,62132	-26,86983
21600	105,51393	-31,45734	81,26521	-36,7002
21620	51,77363	-43,90914	26,21426	-48,49667
21640	15,07303	-49,15204	15,72841	-45,87524
21660	17,03916	-45,21988	17,03915	-44,56452
21680	17,69451	-45,21989	17,6945	-44,56453
21700	17,69451	-45,21989	19,00522	-44,56454
21720	19,00523	-45,87526	19,66058	-45,2199
21740	19,66059	-45,21991	19,66058	-43,90919
21760	19,00524	-44,56454	19,00523	-43,90918
21780	19,00524	-43,90918	18,34987	-42,59845
21800	18,34988	-43,2538	19,00523	-41,94308
21820	19,00524	-43,2538	19,00523	-42,59844
21840	19,00525	-43,2538	19,00524	-42,59844
21860	19,00524	-44,56453	15,7284	-46,53062
21880	14,41768	-47,18597	15,07304	-45,87525
21900	15,07306	-47,18596	15,07304	-46,5306
21920	15,07305	-47,84131	15,07305	-47,84131
21940	15,07306	-48,49667	14,41769	-47,84131
21960	14,4177	-49,15203	14,41769	-47,84131
21980	14,4177	-48,49667	14,41769	-47,84131
22000	15,07306	-49,15203	15,07306	-48,49668
22020	14,4177	-49,15204	15,07306	-48,49669
22040	14,41771	-49,80741	15,07306	-49,15206
22060	21,62672	-49,80743	32,76796	-47,186
22080	38,6663	-47,84136	39,97703	-47,84137
22100	39,32167	-48,49673	39,97701	-47,84137
22120	39,97702	-49,15209	40,63237	-48,49673
22140	40,63238	-49,15209	40,63237	-48,49674
22160	41,28773	-49,80746	40,63236	-49,1521
22180	40,63237	-50,46282	39,977	-49,80747
22200	40,63237	-50,46283	41,28772	-50,46284
22220	41,28773	-51,1182	41,28772	-51,1182
22240	41,28773	-51,77356	41,28772	-51,77356
22260	41,28773	-52,42892	41,28772	-52,42893
22280	41,28773	-53,08428	41,28771	-52,42893
22300	41,28772	-53,08429	41,28772	-53,0843
22320	41,28773	-53,73966	41,28772	-53,0843
22340	41,28773	-53,73967	41,28771	-53,08431
22360	41,28773	-54,39502	41,94307	-53,73967
22380	41,28773	-55,05039	41,94307	-54,39503
22400	41,94308	-55,70576	47,186	-54,39506
22420	55,7058	-53,73971	60,29338	-53,73972
22440	60,94877	-54,39508	60,2934	-53,73972
22460	60,29341	-55,05044	60,2934	-54,39508
22480	60,29341	-54,39508	60,2934	-54,39508
22500	60,2934	-55,05044	60,2934	-54,39508
22520	60,94877	-55,05044	60,2934	-54,39509
22540	60,29341	-55,05045	60,2934	-54,39509
22560	59,63806	-55,70581	60,2934	-54,39509
22580	60,29342	-55,05044	60,29341	-54,39509
22600	60,29342	-55,05044	60,29341	-54,39509
22620	60,29342	-55,05044	59,63805	-54,39508
22640	59,63806	-54,39508	59,63806	-54,39508
22660	59,63807	-55,05044	67,50244	-52,42901
22680	76,02225	-52,42901	78,64374	-51,11829
22700	77,98839	-51,77365	77,98838	-51,11829
22720	77,98838	-51,77365	77,98838	-51,77365
22740	77,98839	-52,42901	77,98838	-51,77365
22760	77,98839	-52,42901	77,33302	-52,42902
22780	77,33302	-53,08438	77,98837	-52,42902
22800	77,98838	-53,08438	78,64373	-53,08438
22820	77,98838	-53,73974	78,64372	-53,08439
22840	80,60983	-54,39511	85,85277	-53,0844
22860	88,47427	-53,0844	88,47426	-52,42904
22880	88,47427	-53,0844	88,47426	-52,42904
22900	88,47427	-53,73976	88,47426	-53,0844
22920	88,47428	-53,73977	88,47426	-53,08441
22940	88,47427	-54,39513	88,47426	-53,73977
22960	88,47427	-54,39513	87,8189	-54,39514
22980	88,47427	-54,39513	88,47426	-53,73978
23000	87,81891	-54,39514	87,16354	-53,73978
23020	87,16355	-54,39514	87,16354	-53,73978
23040	87,16355	-55,0505	89,12964	-54,39515
23060	94,37261	-53,7398	96,33872	-53,08444
23080	96,33873	-53,7398	95,68335	-52,42908
23100	95,68337	-53,7398	96,33872	-53,08444
23120	96,33873	-53,08444	95,68336	-52,42907
23140	95,68337	-53,08443	95,68336	-52,42907
23160	95,68338	-53,08443	95,028	-52,42907
23180	95,02802	-53,08443	95,02801	-52,42907
23200	96,99412	-53,08443	108,79075	-50,463
23220	117,96597	-49,80764	119,9321	-47,84154
23240	117,96602	-48,49689	117,966	-47,84154
23260	117,96601	-47,84153	117,31064	-47,18617
23280	117,31065	-47,18617	117,31063	-46,53081
23300	117,966	-47,18617	117,96599	-45,87545
23320	117,31064	-46,5308	117,31062	-45,87545
23340	117,31064	-45,87544	117,31062	-44,56472
23360	117,31063	-45,87544	116,65526	-44,56472
23380	116,65526	-45,22008	116,65525	-43,90936
23400	116,65526	-44,56472	115,99989	-43,254
23420	115,9999	-44,56472	115,99988	-42,59864
23440	115,9999	-42,59863	115,99989	-41,94328
23460	115,34454	-42,59863	115,99989	-41,28791
23480	115,9999	-41,28791	115,99988	-40,63255
23500	116,65525	-40,63255	117,3106	-40,63255
23520	116,65524	-41,2879	106,16929	-45,87541
23540	80,60988	-55,05042	50,46292	-61,60398
23560	25,55894	-68,15759	15,07306	-66,19152
23580	15,07309	-63,57008	16,38382	-61,604
23600	15,72846	-61,60398	16,3838	-59,63791
23620	16,38381	-60,29328	16,3838	-58,98257
23640	16,3838	-58,98257	16,38379	-58,32721
23660	16,3838	-58,98257	17,03915	-57,67185
23680	16,3838	-58,32721	16,38379	-57,67185
23700	17,03916	-58,98258	17,03914	-58,32722
23720	17,03915	-58,32722	17,6945	-58,32722
23740	15,07305	-60,29331	11,79621	-60,94868
23760	11,79622	-60,94868	12,45157	-60,29332
23780	12,45158	-61,60404	12,45157	-60,29333
23800	12,45158	-60,94868	12,45156	-60,29333
23820	12,45157	-60,94869	12,45157	-60,29333
23840	12,45158	-60,94869	12,45156	-60,29333
23860	12,45158	-60,94869	12,45157	-60,29333
23880	12,45158	-60,94869	12,45157	-60,94869
23900	12,45158	-61,60405	12,45157	-60,94869
23920	12,45158	-61,60405	13,10693	-60,9487
23940	13,10694	-62,25942	13,10693	-60,9487
23960	13,10694	-62,25942	13,10694	-61,60406
23980	13,10695	-62,25943	13,7623	-62,25943
24000	13,76231	-62,91479	13,7623	-62,25944
24020	13,76231	-63,57015	13,7623	-62,9148
24040	13,76231	-63,57016	14,41766	-62,9148
24060	13,76231	-63,57017	17,69449	-62,25945
24080	26,86963	-60,29338	31,45722	-59,63801
24100	30,80187	-60,29337	30,14649	-60,29337
24120	30,1465	-60,94872	30,80185	-60,29336
24140	29,49114	-60,94873	30,14649	-60,29337
24160	30,14651	-61,6041	29,49113	-60,94874
24180	29,49114	-61,6041	30,14649	-61,6041
24200	30,1465	-62,25946	30,14649	-62,25946
24220	30,80186	-62,25946	31,45721	-62,25946
24240	31,45722	-62,91482	31,45721	-62,25945
24260	31,45722	-62,91481	31,45721	-62,25945
24280	31,45722	-62,91481	31,45721	-62,91482
24300	37,35551	-62,91483	43,90918	-61,60413
24320	45,21994	-62,25948	44,56456	-62,25948
24340	44,56457	-62,25948	44,56456	-62,25948
24360	43,90921	-62,25947	44,56456	-62,25947
24380	44,56457	-62,91483	43,9092	-62,25947
24400	43,9092	-62,91483	43,90918	-62,25947
24420	43,9092	-62,91483	43,25382	-62,91484
24440	49,15213	-62,25949	57,67191	-59,63806
24460	60,29341	-60,29341	60,2934	-60,29341
24480	59,63804	-61,60413	60,29339	-60,29341
24500	60,2934	-60,94877	60,29339	-60,29342
24520	60,29339	-60,94877	60,29338	-60,29341
24540	60,29339	-60,94878	60,29337	-60,94877
24560	59,63803	-61,60414	59,63801	-60,94878
24580	59,63802	-61,60414	59,63801	-60,94877
24600	59,63802	-61,60413	58,98265	-60,94877
24620	58,98266	-61,60412	58,98265	-60,29341
24640	59,63802	-61,60412	58,98264	-60,94877
24660	58,98266	-61,60412	58,32728	-60,94877
24680	58,32729	-62,25949	60,29338	-61,60413
24700	69,46853	-60,29343	77,98833	-58,32736
24720	81,92056	-58,98271	81,2652	-57,67198
24740	79,95449	-58,32734	80,60983	-57,67198
24760	80,60984	-58,32734	80,60983	-57,01662
24780	80,60984	-58,32734	79,95447	-57,67199
24800	80,60984	-58,32734	79,95447	-58,32735
24820	79,29912	-58,32734	79,29911	-57,67198
24840	79,29912	-58,32734	78,64375	-57,67198
24860	78,64376	-58,32734	78,64375	-58,98271
24880	79,29912	-59,63807	79,29911	-60,29345
24900	79,95449	-64,22563	81,2652	-72,74538
24920	81,9206	-93,0617	85,85286	-128,45142
24940	89,12981	-171,70554	86,50849	-201,19707
24960	80,61039	-226,75634	74,05695	-248,38335
24980	68,1588	-262,14596	66,84805	-262,80133
25000	69,4694	-252,31554	73,40141	-234,62077
25020	74,05664	-218,23671	73,40113	-205,78478
25040	75,36718	-201,85258	76,67798	-216,27063
25060	66,19263	-243,79599	62,26064	-262,14613
25080	58,32883	-279,18548	53,74149	-291,63724
25100	47,84341	-292,2924	43,91137	-291,63676
25120	41,29001	-292,2919	41,28992	-291,63646
25140	41,28976	-292,29181	39,97876	-291,63654
25160	40,63369	-292,29208	34,73496	-291,63696
25180	24,24881	-292,29244	9,83054	-291,63713
25200	1,31062	-279,18532	-0,65556	-260,1799
25220	-0,00030999999999892	-241,17438	2,62101	-223,47957
25240	3,27628	-207,09545	3,27618	-190,71136
25260	5,24221	-176,9487	8,51894	-165,15214
25280	12,45106	-157,28774	17,03852	-151,38944
25300	19,65993	-147,45724	20,31527	-142,86968
25320	20,97062	-140,2482	19,65988	-136,31603
25340	19,65989	-134,34993	17,69381	-133,03921
25360	17,03847	-132,38384	17,03847	-131,72848
25380	15,07241	-135,00529	2,62053	-141,55892
25400	-12,45278	-146,14646	-17,04032	-145,49112
25420	-16,38492	-144,83576	-17,04028	-144,18041
25440	-18,35097	-144,1804	-19,66168	-143,52504
25460	-19,66166	-144,18039	-20,97237	-142,21431
25480	-21,62769	-142,21429	-22,28304	-140,24819
25500	-22,93838	-140,24818	-22,28301	-138,93744
25520	-22,93835	-139,59279	-22,283	-138,93742
25540	-22,28298	-138,9374	-22,283	-138,93739
25560	-21,62762	-139,59274	-0,00068000000000268	-131,07304
25580	31,45685	-114,68891	63,56984	-98,96016
25600	85,19708	-88,47426	89,12941	-77,98836
25620	83,88656	-74,05613	80,60973	-70,77929
25640	79,95438	-69,46855	79,29901	-68,15783
25660	78,64366	-68,81318	77,98829	-67,50247
25680	77,33294	-68,15783	77,33294	-68,15784
25700	77,98831	-69,46857	78,64367	-69,46857
25720	78,64368	-70,77929	78,64367	-70,12394
25740	79,29904	-67,50247	80,60977	-60,94879
25760	79,29908	-60,2934	78,64371	-60,2934
25780	78,64372	-61,60412	77,98835	-60,94876
25800	77,98837	-61,60412	77,98836	-61,60412
25820	77,33301	-62,25948	77,333	-61,60411
25840	76,67765	-62,91484	76,67764	-62,25948
25860	76,0223	-63,57019	76,02229	-63,57019
25880	76,0223	-64,22554	75,36693	-64,22554
25900	76,02231	-65,53625	75,36694	-64,8809
25920	76,02232	-66,19161	76,02231	-65,53626
25940	79,95452	-65,53626	82,57599	-64,88091
25960	81,92064	-65,53626	81,92063	-64,8809
25980	81,26528	-64,8809	81,26528	-64,22554
26000	80,60993	-64,22554	80,60992	-63,57018
26020	80,60994	-63,57018	80,60992	-62,25946
26040	79,29922	-62,25946	79,29921	-60,94874
26060	78,64387	-60,94874	78,64386	-59,63802
26080	77,98851	-59,63803	77,98851	-57,67195
26100	76,6778	-58,98266	76,67779	-57,67195
26120	76,6778	-58,32731	76,67779	-57,01659
26140	76,02244	-57,67195	76,02243	-57,67196
26160	76,02244	-58,32731	75,36707	-57,67194
26180	75,36708	-58,3273	75,36707	-58,3273
26200	76,02244	-59,63802	76,02243	-59,63802
26220	76,02244	-60,94874	76,02244	-60,94875
26240	76,02245	-61,60411	76,6778	-61,60411
26260	76,67782	-62,91484	76,67781	-62,25948
26280	76,67782	-63,5702	77,33317	-62,91485
26300	77,33318	-64,22557	77,98853	-63,57022
26320	77,33318	-64,88094	77,98853	-64,22558
26340	77,98854	-65,53631	77,98853	-64,88095
26360	78,6439	-66,19167	78,64389	-66,19168
26380	77,98853	-66,84703	77,98853	-66,19168
26400	77,98854	-66,84704	77,98852	-66,84704
26420	77,98854	-66,84704	77,98853	-66,84704
26440	78,64389	-67,5024	78,64388	-67,5024
26460	79,29925	-68,15776	79,9546	-67,5024
26480	79,95462	-69,46848	80,60996	-68,15776
26500	80,60997	-69,46847	80,60996	-68,81312
26520	81,26533	-69,46847	81,26533	-68,81312
26540	81,26534	-68,81312	81,92068	-68,15775
26560	81,26533	-68,81311	81,92068	-68,15775
26580	81,26533	-68,15775	81,26531	-67,50239
26600	80,60996	-67,50239	80,60994	-66,84703
26620	81,26531	-66,84702	80,60994	-66,19166
26640	81,26531	-66,19166	80,60994	-64,88094
26660	80,60994	-66,19165	81,26529	-61,6041
26680	80,60991	-52,42891	78,64379	-38,66617
26700	76,02236	-26,86952	73,40092	-18,34974
26720	70,7795	-14,41751	70,12412	-9,82997
26740	69,46877	-9,17459	68,8134	-7,86386
26760	68,15805	-7,20849	67,50268	-5,89777
26780	68,1606	-5,89777	68,15804	-5,89778
26800	67,50269	-6,55314	67,50268	-5,24242
26820	67,50524	-6,55314	67,50267	-5,24242
26840	67,50269	-5,89778	67,50268	-5,24243
26860	66,84733	-5,24242	66,84732	-5,24242
26880	66,84733	-5,24242	66,19196	-4,58706
26900	66,19197	-4,58705	66,19196	-3,9317
26920	66,19197	-4,58705	66,19196	-3,9317
26940	66,19197	-3,93169	65,5366	-3,27633
26960	65,53661	-3,93169	65,5366	-3,27633
26980	64,88125	-3,93169	64,88124	-3,27632
27000	64,88125	-3,93168	64,88124	-3,27632
27020	64,22589	-3,93168	64,22588	-3,27632
27040	63,57053	-3,93167	64,22588	-2,62096
27060	64,22589	-3,27632	63,57052	-3,27632
27080	64,22589	-3,93168	63,57052	-3,27631
27100	63,57053	-3,93167	64,22588	-3,93167
27120	64,22589	-3,93167	64,22588	-3,27631
27140	64,22589	-3,93167	64,22588	-3,93167
27160	58,98293	-4,58701	45,22018	-3,9316
27180	32,11282	-3,93154	22,2823	-3,27618
27200	18,35012	-2,62082	19,00548	-1,3101
27220	19,00549	-1,3101	19,66084	0,00062000000000495
27240	19,66085	-0,65474	19,66084	0,00062000000000495
27260	19,66085	0,00061999999999784	19,66083	0,00062000000000495
27280	19,66085	0,00061999999999784	19,66084	0,00062000000000495
27300	19,66085	-0,65474	19,00548	0,00062000000000495
27320	19,66085	0,00061999999999784	19,66083	0,65598
27340	19,66084	0,00061999999999784	16,38401	0,00062000000000495
27360	2,62138	-1,3101	-13,76272	-1,3101
27380	-20,31635	-1,96546	-19,661	-0,65474
27400	-19,66098	-0,65474	-19,00564	-0,65474
27420	-19,66099	-0,65474	-19,00564	0,00062000000000495
27440	-19,00563	-0,65474	-19,00564	-0,65474
27460	-18,35027	-0,65474	-18,35028	-0,65474
27480	-18,35027	-1,3101	-18,35028	-0,65474
27500	-18,35027	-1,3101	-18,35028	-0,65474
27520	-18,35027	-1,3101	-18,35028	-1,3101
27540	-18,35027	-1,3101	-17,69492	-0,65474
27560	-18,35026	-1,96546	-18,35028	-1,3101
27580	-18,35026	-1,3101	-18,35027	0,00062000000000495
27600	-19,00563	-0,65474	-19,00563	1,31134
27620	-19,00562	0,65598	-19,66099	1,9667
27640	-13,76017	0,00061999999999784	5,89817	-3,27618
27660	11,79648	-5,24226	11,79648	-3,27618
27680	11,14113	-3,27618	11,14111	-1,96546
27700	10,48577	-1,96546	11,14112	-1,3101
27720	10,48577	-1,3101	11,14112	0,65598
27740	10,48577	0,65598	9,83039	1,9667
27760	9,8304	1,9667	9,83039	3,27742
27780	9,17504	2,62206	8,51967	3,27742
27800	8,51968	2,62206	9,17503	3,93278
27820	8,51967	3,27742	9,17501	3,27742
27840	9,17503	2,62206	9,83037	3,27742
27860	9,17501	2,62206	18,35009	3,93278
27880	39,32184	5,89886	60,949	8,52027
27900	70,7796	7,86491	71,43499	9,17564
27920	69,46891	7,86492	70,12425	8,52028
27940	70,12426	7,86492	70,12424	8,52028
27960	70,77961	7,86492	70,77959	8,52028
27980	70,7796	7,86492	70,77959	8,52027
28000	70,7796	7,86492	70,77959	8,52028
28020	70,7796	7,86492	70,77958	8,52028
28040	70,77959	7,86492	70,77959	8,52028
28060	71,43496	7,86492	71,43495	8,52028
28080	71,43496	7,86492	71,43495	8,52028
28100	71,43496	7,86492	70,7796	8,52027
28120	70,77961	7,20956	71,43496	7,86491
28140	71,43497	7,20956	71,43496	7,20956
28160	78,64403	5,24345	89,12996	4,58805
28180	94,37295	2,62197	93,7176	3,27734
28200	93,06224	1,96663	93,06222	1,96664
28220	93,06223	0,00057000000000329	93,06221	0,00057000000000329
28240	93,06222	-1,9655	93,0622	-1,9655
28260	93,06221	-2,62086	92,40684	-1,9655
28280	93,0622	-3,27622	93,06219	-2,62087
28300	93,06219	-2,62087	93,06219	-1,96551
28320	93,0622	-2,62088	93,06219	-1,31016
28340	93,71756	-1,31017	93,71755	-0,65481
28360	93,71756	-1,31017	93,71755	-0,65481999999999
28380	93,71756	-1,31018	93,71754	-0,65481999999999
28400	94,37292	-1,31018	94,37291	-0,65483
28420	94,37292	-1,31019	94,3729	-1,96555
28440	95,02827	-2,62091	95,02826	-1,96555
28460	94,37291	-2,62091	95,02826	-1,96555
28480	95,02827	-2,62092	95,02826	-2,62092
28500	95,68363	-3,93164	95,68361	-3,27628
28520	95,68617	-3,27628	96,33897	-2,62092
28540	95,68362	-3,27628	96,33898	-1,96556
28560	96,33899	-3,27628	96,33897	-2,62092
28580	96,33898	-2,62092	96,99433	-2,62092
28600	96,99434	-3,27628	96,99433	-3,27629
28620	95,02823	0,00054000000000087	89,78526	6,55422
28640	86,50845	9,17566	85,85309	11,14174
28660	85,8531	10,48638	85,85307	11,7971
28680	85,85308	11,7971	85,19771	12,45246
28700	84,54235	13,10782	84,54233	13,76318
28720	83,23162	13,76318	83,2316	14,41854
28740	82,57624	13,76318	81,92086	14,41854
28760	80,61013	13,76318	79,29939	15,0739
28780	77,98865	14,41854	76,02254	15,0739
28800	74,05645	14,41854	73,40106	15,0739
28820	71,43497	13,76318	70,12421	15,0739
28840	68,15813	14,41854	66,19201	15,72926
28860	64,88129	14,41854	63,57054	15,0739
28880	62,25981	14,41854	60,94907	15,0739
28900	59,63834	15,0739	58,98296	15,72926
28920	57,67225	15,0739	57,01686	16,38462
28940	55,05078	15,72926	53,74002	17,03998
28960	52,4293	16,38462	51,7739	17,69534
28980	51,11854	17,03998	50,46315	17,69534
29000	50,46314	17,69534	49,80774	18,3507
29020	49,15237	18,3507	49,15234	19,00606
29040	48,49698	19,00606	48,49695	20,31678
29060	47,8416	19,66142	47,84158	20,31678
29080	47,84159	19,66142	47,84158	20,31678
29100	47,84158	19,66142	47,18621	20,31678
29120	47,84159	19,00606	47,84157	20,31678
29140	47,18623	19,66142	47,84158	20,31678
29160	47,18623	19,00606	47,84157	20,31678
29180	47,84158	19,00606	47,84157	19,00606
29200	48,49693	17,03998	49,15227	16,38462
29220	49,15228	14,41854	49,80762	13,76318
29240	49,80763	11,14174	51,11833	9,17566
29260	51,7737	1,9667	53,73975	-7,86378
29280	55,70583	-17,69427	58,32726	-26,21405
29300	67,50242	-53,08411	83,23125	-86,50788
29320	96,99399	-113,37797	105,51375	-125,17464
29340	106,82447	-123,20855	107,4798	-122,55322
29360	108,13516	-123,86395	108,13514	-123,20861
29380	108,7905	-123,20861	109,44584	-122,55326
29400	108,79048	-123,86399	109,44582	-123,20864
29420	109,44583	-124,51938	109,44581	-123,86403
29440	109,44582	-125,17476	110,10116	-125,17477
29460	110,10117	-124,51942	109,4458	-124,51944
29480	110,10116	-125,83017	109,44579	-125,83018
29500	110,10116	-127,79627	118,62092	-132,38385
29520	140,90345	-140,24832	159,25384	-143,52519
29540	165,80762	-148,11276	165,80761	-146,80204
29560	164,49688	-147,45741	165,15221	-147,45742
29580	164,49686	-148,11278	165,15221	-148,11279
29600	165,15222	-148,76816	165,1522	-147,45744
29620	164,49685	-148,76817	163,84146	-148,11281
29640	163,84148	-149,42353	163,18611	-148,76818
29660	162,53077	-149,42354	162,53075	-149,42354
29680	161,87541	-150,73426	161,87539	-150,0789
29700	161,8754	-151,38963	161,87539	-151,38963
29720	161,22005	-153,35572	159,90928	-154,66644
29740	140,90354	-163,18607	106,82435	-170,39491
29760	65,53623	-177,60375	24,90353	-183,50191
29780	-11,79693	-188,74471	-42,59936	-192,67681
29800	-42,59938	-193,98738	-42,59938	-188,74421
29820	-42,59938	-184,1567	-42,59939	-179,5692
29840	-42,59938	-178,91386	-42,59939	-176,94778
29860	-42,59938	-176,94779	-42,59939	-176,29245
29880	-42,59938	-176,29246	-42,59939	-175,6371
29900	-42,59938	-176,94783	-42,59939	-174,98176
29920	-42,59938	-176,29249	-42,59939	-175,63714
29940	-42,59938	-176,2925	-42,59939	-175,63715
29960	-42,59938	-176,94788	-42,59939	-174,98181
29980	-42,59938	-176,29253	-42,59939	-175,63718
30000	-42,59938	-176,9479	-42,59939	-176,29255
30020	-42,59938	-181,53569	-42,59939	-173,01625
30040	13,76201	-159,25369	58,98232	-143,52499
30060	89,12929	-130,41766	96,33847	-123,86399
30080	92,40633	-123,86398	91,09556	-122,55326
30100	91,75092	-122,55326	91,7509	-121,24255
30120	91,75091	-122,55328	92,40624	-121,24257
30140	91,75089	-121,24258	92,40623	-121,24259
30160	91,75087	-121,2426	92,40622	-121,2426
30180	92,40622	-121,24261	92,4062	-120,58725
30200	93,06157	-121,89798	93,71692	-121,24263
30220	93,71693	-121,89799	93,71692	-121,89799
30240	93,71693	-122,55336	93,71691	-121,898
30260	93,06156	-123,20873	94,37227	-123,8641
30280	93,71692	-125,17482	93,71691	-124,51947
30300	93,71691	-126,48555	93,06153	-125,83019
30320	93,06155	-126,48556	92,40617	-125,8302
30340	91,75082	-127,14093	91,75081	-126,48557
30360	91,09546	-127,14094	90,44009	-125,83023
30380	89,78474	-126,48559	89,78473	-125,83024
30400	89,78474	-127,14097	90,44009	-127,14098
30420	91,09546	-128,45171	91,09544	-128,45172
30440	91,75081	-129,76244	92,40616	-129,10709
30460	92,40617	-131,07318	93,06152	-131,07318
30480	93,06152	-132,3839	93,71687	-132,38391
30500	93,71688	-133,03928	93,71687	-132,38391
30520	93,71688	-133,69463	94,37223	-133,03928
30540	93,71688	-133,69463	93,71687	-133,03928
30560	93,71688	-133,69463	94,37223	-133,03928
30580	93,71688	-134,34999	93,71687	-133,69464
30600	94,37224	-136,31608	94,37223	-136,97144
30620	94,37225	-138,93752	93,71686	-142,21434
30640	76,02195	-155,97688	44,56432	-171,70551
30660	8,51925	-183,50194	-39,97767	-187,43403
30680	-42,59938	-184,15715	-42,59939	-174,32662
30700	-42,59938	-163,84076	-42,59939	-155,32102
30720	-42,59938	-148,76735	-42,59939	-144,83516
30740	-42,59938	-143,52443	-42,59939	-141,55835
30760	-42,59938	-140,90299	-42,59939	-140,24764
30780	-42,59938	-141,55838	-42,59939	-141,55838
30800	-42,59938	-142,86911	-42,59939	-142,86912
30820	-42,59938	-144,17985	-42,59939	-144,17985
30840	-42,59938	-145,49058	-42,59939	-145,49059
30860	-42,59938	-146,80132	-42,59939	-146,80133
30880	-42,59938	-146,80134	-42,59939	-146,80135
30900	-42,59938	-148,11207	-42,59939	-147,45673
30920	-42,59938	-148,11209	-42,59939	-147,45674
30940	-42,59938	-148,1121	-42,59939	-148,76747
30960	-42,59938	-149,42283	-42,59939	-150,0782
30980	-42,59938	-151,38893	-42,59939	-150,07821
31000	-42,59938	-152,0443	-42,59939	-151,38894
31020	-42,59938	-152,69966	-42,59939	-152,04431
31040	-42,59938	-152,69967	-42,59939	-152,69968
31060	-42,59938	-152,04437	-28,18147	-136,31571
31080	29,49069	-121,24238	59,63761	-104,85826
31100	68,81293	-93,06164	64,8808	-88,47408
31120	62,91469	-88,47406	62,91466	-85,19726
31140	62,25931	-85,19726	62,25929	-83,88654
31160	62,2593	-83,88655	61,60392	-82,57583
31180	60,94856	-82,57584	60,94855	-81,92047
31200	60,94856	-83,23119	60,29319	-81,92047
31220	60,2932	-83,23118	60,94854	-83,23118
31240	60,2932	-83,88654	60,29318	-82,57581
31260	59,63783	-83,88652	59,63781	-83,23116
31280	59,63783	-83,88652	59,63781	-83,23115
31300	58,98246	-83,23115	58,98245	-81,92043
31320	62,25927	-80,6097	81,26487	-64,22558
31340	102,23667	-45,21993	112,06735	-26,86962
31360	111,41219	-12,45148	109,44617	-3,27633
31380	108,13545	1,31124	107,48008	7,20952
31400	106,16936	9,17563	105,51399	12,45245
31420	104,85864	13,10782	104,85863	14,41854
31440	104,85864	14,41854	104,20326	16,38462
31460	104,20327	15,72926	103,54789	17,03998
31480	103,5479	16,38462	103,54789	17,69534
31500	102,89254	17,69534	102,89252	19,00606
31520	102,23717	19,00606	102,23716	20,31678
31540	102,23717	19,66142	101,5818	20,97214
31560	101,58181	20,31678	101,5818	21,6275
31580	100,92645	20,97214	100,92644	21,6275
31600	100,92644	21,6275	100,92643	22,28286
31620	100,27108	21,6275	100,27107	22,28286
31640	99,61572	21,6275	100,27107	21,6275
31660	100,27108	20,31678	100,27107	19,00606
31680	100,92644	10,48636	103,5479	-22,93732
31700	108,13542	-73,40055	115,34443	-117,96554
31720	123,86416	-138,282	125,17484	-134,34984
31740	125,17481	-133,69448	125,17478	-133,03914
31760	125,17477	-133,03915	125,17475	-131,72844
31780	125,83011	-133,03916	125,83009	-132,38381
31800	125,8301	-133,69454	125,83008	-132,38382
31820	126,48545	-133,69455	125,83007	-133,69456
31840	125,83008	-135,66065	126,48543	-135,0053
31860	127,1408	-135,00531	126,48542	-135,66067
31880	126,48544	-135,66068	127,14333	-134,34997
31900	127,79616	-135,00533	128,4515	-135,6607
31920	128,45151	-136,31606	129,76222	-136,31607
31940	129,76222	-137,62679	130,41758	-136,97144
31960	129,76222	-138,28216	115,34407	-142,86963
31980	85,85252	-146,80168	52,42876	-148,76766
32000	24,90337	-152,0444	4,58653	-150,0783
32020	1,96559	-147,45688	3,93167	-145,49082
32040	3,93167	-146,14618	3,93165	-145,49083
32060	3,93166	-145,49084	4,587	-144,18013
32080	4,58701	-144,83549	4,58699	-143,52477
32100	5,24236	-144,18013	5,24234	-144,18014
32120	5,24236	-144,18014	5,24234	-143,52479
32140	5,24236	-144,83551	5,8977	-144,18016
32160	5,89771	-144,83552	5,8977	-144,18017
32180	5,89771	-144,83553	6,55306	-144,18017
32200	5,89771	-144,83554	6,55306	-144,18018
32220	7,8638	-143,52483	25,55861	-127,14073
32240	51,77323	-102,23682	72,74506	-78,64361
32260	81,92034	-60,29328	81,92044	-47,18592
32280	79,95437	-44,56445	79,29897	-41,943
32300	79,29898	-39,9769	79,29897	-38,66619
32320	78,64362	-39,32155	79,29897	-37,35547
32340	78,64361	-37,35547	78,6436	-36,04475
32360	77,98825	-36,7001	78,6436	-35,38939
32380	78,64361	-36,04475	77,98824	-34,73403
32400	77,98825	-35,38939	77,98824	-34,73403
32420	77,98825	-34,73403	77,33289	-34,07867
32440	77,3329	-34,73402	77,33288	-33,4233
32460	77,3329	-33,42329	76,67753	-32,11257
32480	76,67754	-33,42329	76,67753	-32,11257
32500	76,67754	-32,11256	76,02217	-31,45721
32520	76,02218	-32,11256	76,02218	-30,80184
32540	75,36683	-30,80183	75,36683	-29,49111
32560	75,36684	-30,14647	75,36683	-29,49111
32580	75,36684	-30,80183	75,36683	-29,49111
32600	74,71149	-30,14647	74,71148	-28,83574
32620	74,71149	-29,4911	74,71148	-28,18038
32640	75,36685	-29,4911	75,36683	-28,83574
32660	74,71148	-28,83574	75,36683	-28,18037
32680	75,36684	-28,83573	75,36682	-28,18038
32700	75,36684	-29,4911	75,36683	-28,18037
32720	75,36684	-28,83572	75,36683	-27,52501
32740	75,36684	-28,18036	74,71147	-27,525
32760	74,71148	-28,18036	75,36683	-27,52501
32780	75,36684	-28,18036	75,36683	-26,86964
32800	74,71148	-27,525	75,36683	-27,52501
32820	75,36684	-29,49109	78,64365	-34,73403
32840	96,33862	-58,98262	116,65507	-87,16344
32860	128,45176	-112,72275	133,03933	-119,27649
32880	133,69466	-117,31038	134,34999	-117,31041
32900	134,35	-117,96577	135,00534	-117,31042
32920	135,00533	-117,96579	135,00532	-117,31043
32940	135,00532	-117,9658	135,66067	-117,96581
32960	135,00532	-119,27653	135,66067	-118,62118
32980	135,66068	-119,27654	135,66066	-119,27655
33000	135,66068	-120,58728	135,66066	-119,93192
33020	135,66067	-120,58729	136,31602	-120,5873
33040	135,66068	-121,89802	136,31602	-121,89803
33060	136,31603	-122,55339	136,31603	-121,89804
33080	136,31603	-122,5534	136,31602	-122,5534
33100	135,66068	-123,20876	136,97138	-123,20877
33120	136,9714	-123,86413	136,31602	-124,51949
33140	122,55325	-125,83014	93,06163	-125,17463
33160	55,70567	-127,14057	19,6605	-124,51898
33180	-19,00605	-124,51885	-42,59934	-121,24196
33200	-42,59938	-115,3437	-42,59939	-112,06691
33220	-42,59938	-111,41154	-42,59939	-109,44546
33240	-42,59938	-110,10083	-42,59939	-109,44547
33260	-42,59938	-110,10084	-42,59939	-108,79013
33280	-42,59938	-110,10085	-42,59939	-108,79014
33300	-42,59938	-109,4455	-42,59939	-109,4455
33320	-42,59938	-110,10086	-42,59939	-109,44551
33340	-42,59938	-110,10087	-42,59939	-109,44551
33360	-42,59938	-110,10088	-42,59939	-109,44553
33380	-42,59938	-110,75624	-42,59939	-109,44552
33400	-42,59938	-110,10089	-42,59939	-110,10089
33420	-42,59938	-110,75625	-42,59939	-110,10089
33440	-42,59938	-110,10089	-42,59939	-110,10089
33460	-42,59938	-110,75625	-42,59939	-110,1009
33480	-42,59938	-111,41161	-42,59939	-110,75626
33500	-42,59938	-110,75626	-42,59939	-110,1009
33520	-42,59938	-110,75627	-42,59939	-110,75627
33540	-42,59938	-111,41163	-42,59939	-110,75627
33560	-42,59938	-112,067	-42,59939	-111,41164
33580	-42,59938	-112,72236	-42,59939	-112,06701
33600	-42,59938	-112,72237	-42,59939	-112,067
33620	-42,59938	-113,37772	-42,59939	-112,72237
33640	-42,59938	-113,37773	-42,59939	-112,72238
33660	-42,59938	-117,30994	-42,59676	-126,48513
33680	-42,59918	-131,7281	-42,5992	-130,41736
33700	-42,59921	-131,72808	-42,59922	-131,07273
33720	-42,59922	-132,38345	-42,59923	-131,7281
33740	-42,59922	-132,38346	-42,59924	-131,7281
33760	-42,59923	-132,38346	-42,59924	-132,38347
33780	-42,59923	-133,69418	-42,59925	-133,03883
33800	-42,59923	-133,69419	-42,59925	-133,69419
33820	-42,59924	-133,6942	-42,59925	-133,6942
33840	-42,59924	-134,34956	-42,59925	-133,6942
33860	-42,59924	-134,34956	-42,59926	-133,6942
33880	-42,59924	-134,34956	-42,59925	-133,6942
33900	-42,59924	-133,69419	-42,59925	-133,03883
33920	-42,59924	-133,69419	-42,59925	-133,03883
33940	-42,59924	-133,69419	-42,59925	-133,03884
33960	-42,59924	-133,6942	-42,59925	-133,03883
33980	-42,59924	-133,03884	-42,59925	-133,03884
34000	-42,59923	-133,6942	-42,59925	-133,6942
34020	-42,59924	-133,6942	-42,59925	-133,03884
34040	-42,59924	-133,6942	-42,59925	-133,6942
34060	-42,59925	-131,7281	-42,59935	-117,31003
34080	-42,59938	-101,58114	-42,59939	-80,60938
34100	-41,28866	-61,60372	-41,28867	-49,80712
34120	-39,32258	-47,18562	-36,04579	-50,46242
34140	-35,39042	-56,36071	-34,73507	-53,73929
34160	-34,73506	-49,80711	-35,39043	-43,25347
34180	-36,04578	-38,01055	-36,70115	-31,4569
34200	-38,01186	-26,21396	-38,66723	-20,97104
34220	-39,97794	-18,34956	-39,97795	-13,10664
34240	-39,97794	-10,48517	-39,97795	-7,20834
34260	-41,28866	-5,24226	-41,94403	-4,5869
34280	-42,59938	-7,20834	-23,59395	-15,72808
34300	3,93162	-31,45694	70,7789	-55,7056
34320	118,62084	-77,98816	157,28772	-95,02777
34340	188,74556	-113,37808	217,58192	-125,83009
34360	245,10763	-135,66062	263,45797	-140,90357
34380	283,11907	-148,76796	289,6727	-147,45726
34400	287,70661	-146,80192	287,0512	-145,49125
34420	287,70655	-147,45736	289,6726	-147,45741
34440	289,67259	-148,76816	291,63863	-148,76821
34460	291,63862	-151,38969	291,63859	-152,0451
34480	291,63858	-154,01121	291,63855	-155,32197
34500	291,63855	-157,28809	291,63852	-157,94347
34520	291,63851	-159,90959	291,63849	-159,25426
34540	291,63848	-161,22036	291,63845	-161,2204
34560	291,63844	-162,53113	291,63841	-162,53117
34580	291,63842	-167,11872	291,63847	-178,91527
34600	291,6385	-190,71186	291,63852	-192,67796
34620	291,63852	-192,02259	291,63849	-191,36724
34640	291,6385	-191,36725	291,63848	-190,05653
34660	291,6385	-190,05652	291,63847	-189,40116
34680	291,63849	-188,74579	291,63848	-188,09042
34700	291,6385	-188,09041	291,63848	-186,12432
34720	291,6385	-186,12431	291,63849	-184,81359
34740	291,63851	-184,81358	291,63851	-183,50284
34760	291,63853	-184,81358	291,63853	-187,43504
34780	291,63856	-193,33331	291,63856	-198,57622
34800	287,70634	-200,54225	262,80222	-193,33313
34820	226,1015	-190,71155	191,36705	-196,60979
34840	156,63268	-204,47406	125,17513	-211,0276
34860	100,27122	-217,58115	84,54241	-214,95968
34880	77,98867	-201,19709	74,71166	-175,6379
34900	71,43465	-149,42326	70,77912	-128,45151
34920	69,46836	-114,68878	67,50225	-102,23683
34940	-42,59823	-94,37241	64,88079	-87,16337
34960	62,25936	-82,57578	59,6379	-76,67749
34980	57,67183	-73,40066	56,36111	-70,77919
