T	LX	LY	RX	RY
0	0	0	0	0
20	0,65536	0	0	0,65537
40	0,65536	1,0000000003174E-5	9,9999999960687E-6	1,0000000003174E-5
60	0,65536	0,65536	3,93222	0,65537
80	6,55371	0,65537	5,89835	0,65537
100	5,89834	1,31073	5,89835	1,31073
120	5,89834	1,31073	5,24298	1,9661
140	5,89834	1,96609	4,58763	1,96609
160	5,24298	1,96609	3,93226	1,96609
180	3,93225	1,31073	2,62153	1,9661
200	2,62152	1,31073	1,96616	1,31074
220	1,31078	1,31073	0,65543	1,31073
240	0,65541	1,31073	-2,62143	1,31073
260	-2,62144	1,31073	-3,27679	1,9661
280	-1,96606	1,9661	-2,62142	1,9661
300	-1,3107	1,9661	-2,62141	2,62146
320	-1,31069	2,62146	-1,96605	2,62146
340	-1,31069	2,62146	-1,96604	2,62146
360	-1,96605	2,62146	-2,6214	2,62146
380	-1,96605	2,62146	-3,27676	2,62146
400	-2,62141	2,62146	-1,96604	2,62146
420	12,45205	2,62145	32,76853	2,62145
440	39,97767	1,31071	36,04549	2,62144
460	35,39008	2,62144	34,73474	2,62145
480	35,39009	2,62145	34,73472	2,62145
500	34,73471	2,62145	34,07935	2,62145
520	34,7347	2,62145	34,07935	2,62145
540	34,7347	2,62145	34,7347	2,62146
560	35,39006	2,62145	32,7686	2,62146
580	27,52564	2,62146	24,90416	3,27683
600	25,55952	3,27683	25,55953	3,27684
620	26,21488	3,27684	25,55952	3,9322
640	26,21488	3,27684	26,21489	3,27684
660	27,52561	3,27684	26,87025	3,27685
680	28,18097	3,27685	26,21489	3,27685
700	19,00582	3,93222	15,729	3,27686
720	17,03973	3,27686	16,38438	3,93223
740	17,69509	3,93224	17,03974	3,93224
760	18,35045	3,27688	17,6951	3,27688
780	19,00583	3,27687	19,00583	2,62151
800	19,6612	3,27687	19,66121	3,27687
820	19,66121	3,27687	19,00586	3,27687
840	19,66122	3,27687	18,3505	3,27687
860	18,35049	3,27688	17,03977	3,27688
880	17,03976	3,27688	16,3844	3,27689
900	17,03974	3,27689	16,38438	3,27689
920	16,38437	2,62153	15,729	3,2769
940	16,38436	2,62153	15,729	3,2769
960	16,38436	3,2769	16,38437	3,2769
980	17,03972	3,93226	16,38438	3,93226
1000	16,38438	3,93226	17,03975	4,58762
1020	27,52565	4,58762	37,35623	4,58763
1040	41,94382	4,58763	40,63309	4,58763
1060	41,28844	4,58763	39,97772	4,58763
1080	41,28843	4,58763	39,97771	4,58763
1100	40,63306	4,58762	40,63306	4,58763
1120	40,63306	3,93226	39,9777	4,58763
1140	40,63306	4,58762	40,63307	3,93226
1160	41,28842	3,93226	40,63307	4,58762
1180	41,28842	3,93226	40,63307	3,93226
1200	41,28843	3,93225	40,63307	3,93226
1220	40,63307	4,58762	40,63307	4,58762
1240	41,28842	3,93226	40,63308	4,58762
1260	41,28842	3,93226	39,97771	3,93226
1280	41,28842	3,93225	39,97771	3,93226
1300	41,94379	3,93225	49,15288	5,24368
1320	57,67272	4,58764	58,32812	4,58764
1340	58,3281	4,58763	57,01739	4,58764
1360	58,3281	4,58764	57,67275	4,58764
1380	57,67274	4,58764	57,01738	4,58764
1400	57,67273	4,58763	57,01738	4,58764
1420	57,67274	4,58763	57,01738	3,93228
1440	57,67274	3,93227	57,01738	3,93227
1460	57,67274	3,93227	56,36203	3,93227
1480	57,67274	3,93227	-57,01526	3,93228
1500	57,01738	3,93228	57,01739	3,93227
1520	65,53718	3,93228	76,67849	3,9323
1540	83,23223	3,9323	81,92151	3,9323
1560	81,92149	3,9323	81,26614	3,9323
1580	81,92149	3,9323	80,61077	3,9323
1600	81,26612	3,9323	80,61076	3,27694
1620	81,26611	3,27694	80,61075	3,27694
1640	81,2661	2,62158	80,61075	3,27694
1660	81,26611	3,27694	80,61075	3,27694
1680	81,2661	3,27694	80,61075	3,27694
1700	81,2661	3,27694	81,26611	2,62158
1720	84,54293	3,27694	88,47519	2,6216
1740	89,78591	3,27695	88,47519	3,27696
1760	89,13054	3,93232	87,81983	3,27696
1780	89,13054	3,27696	89,13054	3,27696
1800	89,78589	2,62159	89,13053	2,6216
1820	89,78588	2,6216	89,13052	3,27696
1840	90,44124	3,27696	89,78588	2,62161
1860	90,44123	2,6216	90,44124	2,62161
1880	91,0966	3,27696	90,44125	3,27697
1900	91,0966	3,27697	90,44125	3,27697
1920	91,09661	2,62161	91,09661	2,62161
1940	91,09661	2,62161	91,75198	3,27697
1960	92,40733	2,6216	91,09661	2,6216
1980	77,33385	1,31085	49,15297	-0,65528
2000	22,93819	-2,62138	-0,65505	-3,27676
2020	-6,55338	-3,27677	-4,58727	-2,62139
2040	-3,27655	-2,6214	-3,93192	-1,96604
2060	-2,62121	-1,96603	-3,27657	-1,96604
2080	-1,96586	-1,96604	-2,62122	-1,96604
2100	-1,96588	-1,96604	-3,27659	-1,96604
2120	-1,96589	-1,96604	-2,62125	-1,96604
2140	-1,96589	-1,96605	-3,93199	-1,96603
2160	-6,55348	-1,31067	-7,86422	-1,31066
2180	-6,55349	-0,65531	-7,86421	-0,65531
2200	-7,20886	-0,65531	-7,86422	-1,31067
2220	-7,20887	-1,31067	-7,86423	-1,31067
2240	-7,20889	-1,31068	-8,5196	-1,31067
2260	-7,20889	-1,31067	-7,86424	-1,31067
2280	-7,20889	-1,31067	-8,5196	-1,31067
2300	-7,20889	-1,31068	-7,86423	-1,31068
2320	-6,55352	-1,31068	-7,20887	-1,31068
2340	-6,55352	-1,31068	-7,20887	-1,31068
2360	-6,55352	-1,31068	-7,20887	-1,31068
2380	-6,55352	-1,31069	-6,55351	-1,31068
2400	0,00016999999999712	-1,31068	6,5539	-1,31068
2420	9,83074	-1,31068	9,17537	-1,31067
2440	9,17537	-1,31068	9,17538	-1,31068
2460	9,83073	-1,31068	9,17538	-1,31068
2480	9,83073	-1,31068	9,17538	-1,31068
2500	9,83073	-1,31068	9,83073	-1,31068
2520	10,48609	-1,96605	9,83073	-1,96605
2540	10,48607	-1,96605	12,45218	-1,96605
2560	24,90417	-1,96605	31,45791	-1,96605
2580	33,424	-1,96605	32,11327	-1,96605
2600	33,42399	-1,96605	32,76864	-1,31068
2620	34,07934	-1,31068	32,76863	-1,31068
2640	34,07934	-1,96604	33,42399	-1,96605
2660	34,07934	-1,31069	34,07935	-1,96605
2680	34,07934	-1,96605	33,42399	-1,96605
2700	34,07934	-1,96606	33,42398	-1,96605
2720	34,07934	-1,96606	33,42398	-1,96606
2740	34,07934	-1,96606	33,42398	-1,96606
2760	33,42397	-2,62142	32,76862	-2,62142
2780	34,07933	-2,62143	31,45788	-2,62142
2800	27,52565	-2,62143	24,90418	-2,62144
2820	26,2149	-3,27679	26,21491	-3,27679
2840	26,87027	-3,2768	26,21491	-2,62143
2860	26,87026	-2,62143	26,21491	-3,27679
2880	26,87026	-2,62143	26,21491	-3,27679
2900	26,87026	-2,62143	26,2149	-2,62143
2920	26,87026	-3,27679	26,21491	-2,62143
2940	26,87026	-2,62143	26,21491	-2,62143
2960	26,2149	-2,62143	25,55955	-2,62143
2980	26,2149	-2,62143	25,55955	-2,62143
3000	30,1471	-2,62143	39,32232	-2,62142
3020	44,56529	-2,62142	44,5653	-2,62142
3040	43,90993	-2,62142	43,90994	-1,96605
3060	44,5653	-1,96606	43,90993	-2,62142
3080	44,56529	-2,62142	43,90993	-2,62142
3100	44,56528	-2,62142	43,25456	-1,96606
3120	43,90991	-2,62142	43,90992	-2,62142
3140	43,90991	-2,62142	42,59919	-2,62142
3160	43,90991	-3,27678	44,56528	-2,62142
3180	55,70656	-1,96604	65,53718	-2,62139
3200	68,15866	-2,6214	66,19255	-2,62139
3220	66,19254	-2,62139	65,53719	-2,62139
3240	66,84789	-2,62139	66,84789	-2,62139
3260	67,50324	-3,27676	66,84787	-2,6214
3280	68,15858	-3,27676	67,50323	-3,27675
3300	68,15858	-3,27676	67,50322	-3,27675
3320	68,15857	-3,27675	67,50322	-3,27675
3340	68,15857	-2,62139	67,50321	-2,62138
3360	68,15857	-3,27675	67,50321	-3,27675
3380	68,15856	-3,27675	67,50321	-3,27675
3400	68,81392	-3,27676	67,50321	-3,27675
3420	68,15856	-3,27675	67,5032	-3,27675
3440	68,15855	-3,27676	67,5032	-3,27675
3460	68,15855	-3,27676	69,46929	-2,62139
3480	77,9891	-2,62138	82,57673	-2,62137
3500	84,54283	-2,62137	82,57675	-2,62136
3520	83,88746	-2,62136	83,2321	-2,62136
3540	83,88745	-2,62137	83,23209	-2,62136
3560	83,88745	-2,62137	83,23209	-2,62136
3580	83,88744	-3,27673	83,23209	-2,62136
3600	84,5428	-2,62137	83,23209	-2,62136
3620	84,5428	-2,62136	83,23208	-2,62136
3640	83,88744	-2,62136	77,98913	-3,93209
3660	57,67267	-5,24285	32,11325	-5,89824
3680	7,20928	-6,5536	-4,58734	-6,55362
3700	-1,31052	-5,89825	-1,3105	-5,89824
3720	-0,65515	-5,24289	-0,65515000000001	-5,24288
3740	0,00018999999999636	-5,24289	-0,65516	-5,24288
3760	0,65555	-5,24289	0,00018999999999636	-5,24289
3780	0,65553999999999	-5,24289	0,65553	-5,24289
3800	1,31089	-5,89826	0,65553	-5,89825
3820	1,31089	-5,89826	0,65553	-5,2429
3840	-4,58743	-5,89826	-8,51965	-5,24291
3860	-7,8643	-5,89827	-7,86428	-5,2429
3880	-7,86429	-5,24291	-57,01629	-5,89826
3900	-7,20893	-5,24291	-7,86429	-5,24291
3920	-7,20894	-5,24291	-7,86429	-5,89827
3940	-7,20894	-5,24291	-7,20893	-5,24291
3960	-6,55358	-5,24291	-7,20893	-5,24291
3980	-6,55358	-5,24291	-7,20893	-5,24291
4000	-5,89822	-5,24292	-6,55358	-5,89827
4020	-5,24286	-5,89828	-5,24286	-5,89827
4040	-4,58751	-5,89828	-5,24286	-5,89828
4060	-3,93215	-5,89828	-4,5875	-5,89828
4080	-3,27679	-5,89828	-3,93213	-5,89827
4100	-3,27678	-5,89828	-5,24287	-5,89828
4120	-5,89825	-5,89828	-5,89825	-5,24292
4140	-56,36097	-5,24292	-5,89825	-5,24292
4160	-5,24289	-5,24292	-5,89825	-5,24292
4180	-4,58753	-5,24292	-5,24289	-5,24292
4200	-4,58754	-5,24292	-5,24289	-5,24292
4220	-4,58753	-5,24292	-5,24289	-5,24292
4240	-4,58753	-5,24293	-5,24289	-5,24293
4260	-4,58754	-5,8983	-2,62143	-5,24293
4280	5,89838	-5,24293	10,48599	-5,24294
4300	11,14135	-5,24294	10,48599	-5,24293
4320	11,7967	-5,24294	11,14135	-5,8983
4340	11,7967	-5,89831	11,7967	-6,55367
4360	13,10741	-6,55367	11,7967	-6,55367
4380	12,45205	-6,55367	11,79669	-6,55367
4400	12,45205	-6,55368	11,14134	-6,55367
4420	11,79669	-6,55367	11,14134	-6,55368
4440	11,7967	-6,55368	10,48598	-6,55368
4460	11,14133	-6,55368	12,45208	-6,55367
4480	25,55944	-6,55368	32,11318	-6,55367
4500	32,76854	-6,55368	31,45781	-5,89831
4520	32,11317	-5,89831	31,45781	-5,89831
4540	32,76853	-5,89831	31,45781	-5,89831
4560	32,11316	-5,89831	31,45781	-5,89831
4580	31,4578	-5,89831	30,80245	-5,89831
4600	31,4578	-5,89831	30,80245	-5,89831
4620	31,4578	-5,89831	30,80244	-5,89831
4640	30,80244	-5,89831	30,14709	-5,8983
4660	30,14708	-6,55367	29,49173	-6,55367
4680	30,14708	-6,55368	28,83637	-5,8983
4700	29,49172	-6,55367	28,83637	-5,89831
4720	29,49173	-5,89831	28,83637	-6,55366
4740	29,49173	-6,55367	30,1471	-5,8983
4760	39,32226	-5,24294	49,15287	-5,89829
4780	53,74047	-5,89829	53,08511	-5,89828
4800	53,74045	-5,89829	53,74045	-5,89829
4820	55,05117	-5,89829	54,39581	-6,55365
4840	55,70653	-5,89829	54,39581	-5,89829
4860	55,05117	-5,89829	54,39581	-5,89828
4880	55,70653	-5,89828	54,39581	-5,89828
4900	55,05117	-5,89828	55,05117	-5,89828
4920	55,70653	-5,89828	54,39581	-5,89828
4940	55,70652	-5,89828	55,05117	-5,89827
4960	54,3958	-5,89828	54,39581	-5,89827
4980	55,05116	-5,89828	54,39581	-5,89828
5000	55,05116	-5,89828	62,91561	-5,24291
5020	77,98914	-5,89825	85,19828	-5,24287
5040	86,50902	-5,24287	85,19828	-5,24286
5060	85,85363	-5,24287	85,19828	-5,24286
5080	85,85363	-5,24287	85,19827	-5,24286
5100	85,85362	-5,24287	85,19826	-5,24286
5120	85,85362	-5,24286	85,85363	-5,24286
5140	85,85361	-5,24286	85,19826	-5,24286
5160	86,50897	-5,24287	85,85362	-5,24286
5180	85,85362	-5,24286	85,85362	-5,24286
5200	86,50898	-5,24286	85,85362	-5,24286
5220	85,85362	-5,24287	85,19826	-5,24286
5240	85,19825	-5,24286	85,19826	-5,24286
5260	85,19825	-5,24286	85,19826	-5,24286
5280	85,19826	-5,24286	78,64459	-5,89822
5300	72,09087	-5,89823	68,15867	-5,89823
5320	69,46939	-5,89823	68,81404	-5,89823
5340	69,46939	-5,24287	68,81403	-5,89823
5360	69,46939	-5,89823	68,81403	-5,89823
5380	69,46938	-5,89823	68,81403	-5,24287
5400	68,81403	-5,89823	68,81403	-5,89823
5420	69,46938	-5,89823	68,15867	-5,89823
5440	69,46939	-5,89823	68,15867	-5,89823
5460	70,78013	-5,89823	79,29996	-5,89821
5480	87,81979	-5,89821	90,4413	-6,55356
5500	90,44129	-5,8982	89,78592	-5,8982
5520	91,09664	-5,8982	90,44127	-5,8982
5540	91,75198	-5,8982	91,09663	-5,89819
5560	92,40734	-5,89819	91,75198	-5,89819
5580	91,75197	-5,89819	77,33386	-7,8643
5600	49,80831	-8,51969	21,62745	-8,51969
5620	-0,65505	-9,17507	-2,62115	-7,86434
5640	0,00030999999999892	-6,5536	-0,65505	-6,5536
5660	0,65566	-5,89824	0,00030999999999892	-5,89824
5680	1,31101	-5,24288	0,65564999999999	-5,24288
5700	1,31101	-5,24289	0,65564	-5,89824
5720	1,96635	-5,89825	1,311	-5,24289
5740	1,96635	-5,24289	1,96635	-5,89825
5760	2,6217	-5,2429	1,96635	-5,89825
5780	-3,93198	-5,89826	-9,83029	-6,55363
5800	-9,17495	-6,55363	-8,51958	-5,89827
5820	-7,86423	-5,89826	-8,51958	-5,89826
5840	-7,86423	-6,55362	-8,51959	-5,89827
5860	-7,86423	-5,89827	-7,86423	-5,89826
5880	-7,20887	-5,89826	-7,86423	-5,89826
5900	-7,86423	-5,89827	-7,86423	-5,89827
5920	-7,20887	-5,89827	-7,20887	-5,89827
5940	-6,55351	-5,89827	-7,20887	-5,89827
5960	-7,20887	-5,89827	-7,20887	-5,89827
5980	-7,20888	-5,89828	-7,86423	-5,89827
6000	-7,20888	-5,89828	-7,86424	-5,89828
6020	-7,20888	-5,89828	-7,86424	-6,55364
6040	-7,20889	-5,89828	-7,86424	-5,89828
6060	-7,20889	-5,89828	-7,86424	-6,55364
6080	-7,20889	-5,89828	-7,86424	-5,89828
6100	-7,20888	-6,55365	-7,86424	-5,89829
6120	-7,20888	-6,55365	-7,86423	-6,55365
6140	-7,20888	-6,55366	-7,86423	-6,55366
6160	-7,20888	-6,55366	-7,86424	-6,55366
6180	-6,55353	-7,20903	-7,20888	-7,20903
6200	-5,89817	-7,20903	-6,55353	-7,20903
6220	-5,89817	-7,20903	-6,55353	-7,20903
6240	-5,24281	-7,20903	-1,96595	-6,55367
6260	9,17534	-6,55366	13,76296	-7,20903
6280	15,07368	-6,55367	13,76296	-6,55366
6300	14,41832	-6,55367	13,76296	-6,55366
6320	14,41831	-6,55367	13,76295	-6,55367
6340	13,76293	-7,20903	13,76294	-6,55367
6360	14,41829	-7,20903	13,10757	-7,20903
6380	13,76293	-7,20904	13,10757	-6,55368
6400	13,76293	-6,55367	12,45221	-7,20903
6420	13,76292	-7,20904	12,45221	-7,20904
6440	13,76292	-7,20904	13,10757	-7,8644
6460	13,76292	-7,20905	12,4522	-7,20904
6480	13,10755	-7,20904	13,10756	-7,20904
6500	13,10755	-7,86441	12,45219	-7,20905
6520	13,76291	-7,20905	13,10755	-7,8644
6540	13,76291	-7,86441	12,45219	-7,20905
6560	13,10754	-7,86441	13,10755	-7,86441
6580	13,10755	-7,86441	13,10755	-7,86441
6600	13,76291	-7,86442	20,97196	-7,20905
6620	33,42398	-7,8644	36,04549	-7,8644
6640	36,70085	-7,8644	36,04548	-7,8644
6660	36,70084	-7,8644	36,04548	-7,8644
6680	36,70083	-7,86441	36,04548	-7,8644
6700	36,70083	-8,51977	36,04547	-7,86441
6720	36,70082	-8,51978	36,04547	-8,51977
6740	36,70083	-8,51978	36,04547	-8,51977
6760	36,70082	-8,51978	35,39011	-8,51977
6780	36,04546	-8,51978	35,39011	-9,17514
6800	36,04546	-8,51978	35,39011	-9,17515
6820	36,04546	-9,17514	35,39011	-9,17515
6840	36,04546	-9,17515	35,39011	-9,83051
6860	36,04546	-9,83051	35,3901	-9,17515
6880	36,04546	-9,83051	36,04546	-9,83052
6900	37,35617	-10,48588	36,70082	-10,48588
6920	37,35617	-10,48588	37,35617	-10,48588
6940	38,01153	-10,48589	36,04544	-10,48588
6960	29,49175	-10,48588	24,2488	-10,48588
6980	24,90416	-10,48588	24,90417	-9,83051
7000	25,55953	-10,48587	24,90417	-9,83052
7020	25,55952	-10,48588	25,55952	-9,83052
7040	26,21488	-10,48588	25,55952	-10,48588
7060	26,21487	-10,48589	25,55951	-10,48588
7080	26,21487	-10,48589	25,55951	-10,48589
7100	26,87022	-10,48589	26,21487	-10,48589
7120	26,87022	-10,48589	25,55951	-10,48589
7140	26,87022	-10,48589	26,87023	-10,48589
7160	26,87022	-10,48589	19,00582	-10,48589
7180	11,79675	-10,4859	10,48602	-10,48589
7200	12,45211	-10,48589	11,79676	-10,48589
7220	12,4521	-10,48589	11,79675	-10,48589
7240	12,4521	-10,48589	12,45211	-10,48589
7260	13,10746	-10,48589	12,45211	-10,48588
7280	13,10747	-10,48589	13,10747	-10,48589
7300	13,76282	-10,48589	13,76283	-10,48588
7320	14,41819	-10,48589	13,76283	-10,48589
7340	14,41819	-11,14125	14,4182	-10,48589
7360	14,4182	-10,48589	13,76284	-10,48589
7380	14,41819	-11,14126	13,76284	-10,4859
7400	14,41819	-10,4859	13,10748	-10,4859
7420	14,41819	-11,14126	13,10748	-11,14126
7440	13,76282	-11,14126	13,10747	-10,4859
7460	13,76282	-10,4859	13,10747	-10,4859
7480	13,10747	-11,14126	12,45211	-11,14126
7500	13,10747	-10,4859	12,45211	-11,14126
7520	12,4521	-11,14127	-57,01605	-11,14126
7540	19,00578	-10,4859	26,21488	-11,14126
7560	28,83635	-11,14126	27,52563	-11,14125
7580	28,18098	-11,14126	27,52563	-10,48589
7600	28,18098	-11,14125	27,52563	-11,14125
7620	28,83634	-10,4859	27,52563	-11,14125
7640	28,18097	-11,14126	27,52563	-11,14126
7660	28,83633	-11,14126	28,18098	-11,79662
7680	29,49169	-11,79663	28,83633	-11,79663
7700	37,3561	-11,79663	46,53131	-11,79662
7720	48,49743	-12,45198	47,84206	-11,14125
7740	48,49742	-11,79661	48,49742	-11,14124
7760	49,15277	-11,14125	48,49741	-11,14124
7780	49,80813	-11,14124	49,15277	-11,14124
7800	49,80812	-11,14125	49,15277	-11,14125
7820	49,80813	-11,14125	49,80813	-10,48589
7840	50,46349	-10,48589	49,80813	-11,14125
7860	51,11885	-10,48589	50,46349	-10,48589
7880	51,11885	-11,14125	49,80814	-10,48589
7900	51,11885	-10,48589	50,4635	-11,14125
7920	51,11885	-11,14125	50,4635	-11,14125
7940	51,11885	-11,14125	49,80814	-11,14125
7960	53,74032	-11,14126	62,26017	-11,14124
7980	69,46924	-10,48587	69,46927	-10,48587
8000	70,12462	-10,48587	68,8139	-10,48586
8020	70,77997	-10,48586	69,46926	-10,48586
8040	70,12461	-10,48587	70,12462	-10,48586
8060	70,77997	-10,48587	69,46925	-10,48586
8080	70,12461	-10,48586	69,46926	-10,48586
8100	70,12461	-10,48586	69,46925	-10,48586
8120	70,12461	-10,48586	72,09073	-9,8305
8140	81,26592	-9,83048	85,85355	-9,17511
8160	86,50891	-9,17511	85,19818	-9,17511
8180	85,85353	-9,17511	85,19818	-9,1751
8200	85,85353	-9,1751	85,19818	-9,17509
8220	85,19817	-9,1751	85,19817	-9,1751
8240	85,85352	-9,1751	84,54281	-9,17509
8260	85,19817	-8,51973	84,54281	-8,51973
8280	85,19817	-9,17509	84,54282	-8,51973
8300	84,54281	-8,51973	83,2321	-8,51973
8320	84,54281	-8,51973	84,54281	-8,51972
8340	84,54281	-8,51973	83,88745	-8,51972
8360	84,54281	-9,17508	83,2321	-9,17508
8380	85,85355	-8,51972	89,7858	-8,51971
8400	93,06265	-8,5197	92,4073	-7,86434
8420	93,06265	-8,5197	92,40729	-8,5197
8440	92,40729	-9,17506	91,75193	-9,17506
8460	92,40729	-9,17507	91,75193	-9,17507
8480	93,06264	-9,17507	93,06263	-9,83043
8500	93,06263	-9,83043	93,06263	-9,83042
8520	93,71798	-9,83043	93,06263	-9,17506
8540	94,37335	-9,83042	93,71799	-9,83041
8560	93,71798	-9,83042	93,71799	-9,83042
8580	84,54282	-11,14116	57,67268	-12,45193
8600	28,83642	-13,76266	1,9689	-14,41804
8620	-8,51955	-14,41806	-6,55345	-13,10732
8640	-5,24272	-13,10732	-5,89808	-12,45196
8660	-4,58737	-12,45196	-5,24273	-11,7966
8680	-3,93201	-12,45196	-4,58737	-11,7966
8700	-3,27666	-11,7966	-3,93202	-11,7966
8720	-2,62131	-11,79661	-3,93203	-11,79661
8740	-2,62131	-11,79661	-3,27667	-11,79661
8760	-2,62131	-11,79661	-3,27667	-11,79662
8780	-1,96595	-11,79662	-5,24279	-11,14125
8800	-6,55355	-11,14125	-7,20891	-11,14125
8820	-5,89819	-11,14124	-6,55354	-10,48589
8840	-5,89819	-10,48589	-6,55353	-11,14125
8860	-5,89818	-10,48589	-6,55354	-11,14124
8880	-5,89818	-10,48589	-6,55353	-10,48589
8900	-5,24282	-10,48589	-6,55353	-10,48589
8920	-5,89818	-10,48589	-7,20889	-10,48589
8940	-5,89817	-10,48589	-6,55353	-10,48589
8960	-5,89817	-10,48589	-6,55353	-10,48589
8980	-5,89817	-10,48589	-6,55352	-10,48588
9000	-5,89817	-10,48588	-6,55352	-10,48589
9020	-5,89817	-10,48588	-6,55352	-10,48589
9040	-5,89817	-10,48589	-1,31058	-9,83052
9060	11,14145	-9,17514	17,03982	-9,83052
9080	17,69518	-9,83052	16,38445	-9,83051
9100	17,03981	-9,83052	16,38445	-9,83052
9120	17,03979	-9,83052	17,0398	-9,83052
9140	17,69515	-10,48588	17,03979	-10,48588
9160	18,35051	-10,48588	17,69515	-10,48588
9180	19,00586	-10,48589	18,3505	-10,48588
9200	19,00586	-10,48589	18,35051	-10,48588
9220	19,00586	-10,48589	19,00586	-10,48588
9240	19,00586	-9,83052	18,3505	-9,83052
9260	19,00586	-9,83052	18,3505	-10,48588
9280	18,3505	-10,48589	17,69514	-10,48588
9300	18,35049	-10,48589	17,03978	-10,48589
9320	18,35049	-10,48589	20,3166	-10,48589
9340	32,11325	-10,48589	39,32235	-10,48588
9360	41,28846	-10,48589	39,97772	-10,48588
9380	40,63308	-9,83052	39,97772	-0,00011999999999546
9400	40,63308	-9,83052	39,97772	-9,83051
9420	40,63307	-9,83052	39,97772	-9,83051
9440	40,63307	-9,83051	39,97771	-9,83051
9460	40,63307	-9,83051	39,97771	-9,83052
9480	40,63306	-9,83052	39,9777	-9,83051
9500	40,63306	-9,83051	39,9777	-9,83051
9520	40,63306	-9,83051	39,97771	-10,48588
9540	39,9777	-10,48588	30,14719	-9,83051
9560	22,93812	-10,48588	20,31666	-10,48587
9580	20,97202	-9,83051	20,31666	-10,48587
9600	20,97202	-9,83051	20,31666	-9,83051
9620	20,97201	-10,48587	20,31666	-10,48587
9640	20,97201	-9,83051	20,31665	-10,48587
9660	20,97201	-9,83052	20,31665	-10,48588
9680	20,97201	-9,83052	19,66129	-10,48587
9700	20,97201	-10,48588	20,31665	-10,48588
9720	20,972	-10,48588	20,31665	-10,48588
9740	30,14715	-10,48588	42,59921	-10,48587
9760	49,8083	-11,14123	49,15295	-10,48587
9780	49,80829	-10,48587	49,80829	-10,48587
9800	50,46364	-11,14124	50,46364	-11,14124
9820	51,11899	-11,14124	51,11899	-11,14124
9840	51,77435	-11,14124	51,11899	-11,7966
9860	52,4297	-11,14124	51,77435	-11,14124
9880	52,4297	-11,7966	51,77435	-11,7966
9900	52,4297	-11,14124	51,77434	-11,14124
9920	54,3958	-11,14125	61,6049	-11,14124
9940	66,84786	-11,14123	64,88177	-11,14123
9960	65,53711	-11,14123	65,53712	-10,48587
9980	66,19247	-11,14123	64,88176	-11,14122
10000	65,53711	-11,14123	65,53712	-10,48587
10020	66,19246	-11,14123	65,53712	-11,14123
10040	66,19247	-10,48588	65,53711	-11,14123
10060	66,19247	-11,14124	65,53711	-11,14123
10080	66,19247	-11,14124	-57,01521	-11,7966
10100	68,15857	-11,14124	71,43545	-11,7966
10120	73,40154	-11,7966	72,09081	-11,79659
10140	73,40153	-11,79659	72,09081	-11,14123
10160	72,74616	-11,7966	71,43545	-11,79659
10180	72,74617	-11,79659	72,0908	-11,79659
10200	72,74616	-11,79659	72,09081	-11,79659
10220	72,74616	-11,79659	72,09081	-11,79659
10240	72,74617	-11,14123	72,09082	-11,14122
10260	72,74618	-10,48586	72,09082	-10,48586
10280	72,74618	-10,48586	71,43547	-10,48586
10300	72,74618	-10,48586	72,09083	-10,48586
10320	72,74618	-10,48586	72,09083	-10,48586
10340	72,74618	-10,48585	72,09082	-10,48585
10360	72,74617	-9,83049	72,09081	-9,83048
10380	72,09081	-10,48585	71,43545	-9,83048
10400	72,74617	-9,83049	64,88177	-9,83048
10420	57,67268	-9,83049	53,0851	-10,48585
10440	54,39582	-9,83049	53,74047	-9,83049
10460	54,39582	-9,83049	53,74047	-9,83048
10480	55,05118	-9,83049	54,39583	-10,48585
10500	55,05117	-10,48586	55,05118	-10,48586
10520	56,36189	-11,14122	55,70653	-10,48586
10540	57,01725	-10,48586	56,36189	-10,48586
10560	57,01725	-10,48586	56,3619	-11,14122
10580	57,01725	-11,14122	58,328	-10,48585
10600	69,46929	-10,48585	76,67841	-11,14121
10620	77,33377	-11,14121	75,36768	-10,48584
10640	76,6784	-10,48584	76,6784	-10,48584
10660	76,67839	-10,48584	76,02303	-11,1412
10680	77,33374	-10,48584	76,02303	-11,1412
10700	76,67839	-10,48584	76,67839	-10,48584
10720	77,33375	-10,48585	76,02303	-10,48584
10740	77,33374	-11,1412	76,02303	-10,48585
10760	77,33375	-10,48585	76,02303	-10,48585
10780	76,67839	-10,48585	76,02303	-10,48585
10800	76,67839	-10,48585	76,02303	-10,48584
10820	76,67839	-10,48585	76,02303	-10,48585
10840	76,67839	-10,48585	67,50324	-11,79658
10860	41,94381	-13,76271	13,76298	-14,41808
10880	-6,55341	-15,72881	-11,14099	-15,72882
10900	-7,86417	-14,41808	-8,51952	-15,07345
10920	-7,20881	-14,41809	-7,86417	-14,41809
10940	-6,55347	-14,41809	-7,20883	-15,07346
10960	-6,55347	-15,07346	-6,55347	-15,07346
10980	-5,24276	-15,07347	-5,89812	-15,07347
11000	-5,24277	-15,72883	-5,89812	-15,07348
11020	-5,24276	-15,72884	-7,86422	-15,07347
11040	-9,83035	-15,07347	-11,14108	-15,07347
11060	-9,83035	-15,07348	-10,48571	-15,07347
11080	-9,17499	-15,07348	-10,4857	-14,41812
11100	-9,17499	-14,41812	-10,48571	-15,07248
11120	-9,17498	-15,07348	-9,83034	-15,07348
11140	-9,17498	-14,41812	-10,4857	-15,07348
11160	-9,17498	-15,07348	-9,83034	-15,07348
11180	-9,17498	-15,07348	-10,48569	-15,07348
11200	-9,17497	-15,07348	-9,83033	-15,07348
11220	-9,17497	-15,07348	-9,17497	-14,41812
11240	-9,17497	-14,41812	-9,17497	-15,07348
11260	-7,86425	-15,07349	-7,86425	-15,07348
11280	-7,20889	-15,72885	-7,20889	-15,72884
11300	-5,89817	-15,07348	-6,55352	-15,07348
11320	-5,89816	-15,07348	-6,55351	-15,07347
11340	-5,2428	-15,07348	-5,89814	-15,07347
11360	-4,58742	-14,41811	-5,24277	-15,07347
11380	-3,93205	-15,07348	-4,5874	-14,41812
11400	-3,93205	-15,07348	-0,6552	-14,41812
11420	15,07367	-15,07347	26,215	-15,07346
11440	30,14722	-15,72883	28,18112	-15,07347
11460	28,83647	-15,07347	28,18111	-15,07347
11480	28,83646	-15,07346	27,52574	-15,72882
11500	28,18109	-15,07347	27,52573	-15,72883
11520	28,18108	-15,72883	27,52572	-15,72883
11540	28,18108	-15,72883	27,52572	-15,72883
11560	28,18107	-16,3842	27,52572	-16,3842
11580	28,18107	-15,72884	27,52572	-15,72883
11600	27,52571	-15,72883	26,87035	-15,72884
11620	29,49181	-16,3842	38,66699	-16,3842
11640	42,59921	-17,03957	40,63313	-17,03956
11660	41,28847	-17,03956	39,97776	-17,03956
11680	40,63311	-17,03956	39,97775	-17,03956
11700	40,63311	-17,03957	39,32239	-17,03957
11720	39,97775	-17,03957	39,97775	-17,03957
11740	39,97775	-17,03957	38,66703	-17,03957
11760	39,97775	-17,69494	35,39019	-17,69493
11780	25,55966	-17,03958	19,66135	-17,03958
11800	20,97208	-17,03958	20,97209	-17,03958
11820	20,97208	-17,03958	20,31673	-17,03958
11840	20,97208	-17,03958	20,31672	-17,69494
11860	21,62743	-17,03959	20,31672	-17,69495
11880	20,97208	-17,69495	20,31672	-17,69495
11900	21,62744	-17,69495	20,97208	-17,69495
11920	21,62743	-18,35031	20,97207	-18,35032
11940	22,28279	-18,35032	22,28279	-18,35032
11960	22,93815	-18,35032	22,93815	-18,35032
11980	23,5935	-18,35032	22,93815	-19,00568
12000	23,5935	-19,00568	22,93815	-19,00568
12020	23,5935	-18,35032	22,93815	-18,35032
12040	22,93814	-18,35032	22,93814	-18,35032
12060	23,5935	-18,35033	22,93814	-19,00569
12080	23,5935	-19,00569	22,93814	-19,00569
12100	22,93813	-19,00569	22,93814	-19,00569
12120	22,93813	-19,0057	22,93813	-19,0057
12140	22,93813	-19,0057	22,28277	-18,35034
12160	22,93812	-19,0057	21,62741	-19,0057
12180	22,28277	-19,00571	22,28277	-19,00571
12200	22,93811	-19,00572	25,55958	-19,00571
12220	38,66696	-19,66105	46,53143	-19,66104
12240	47,18681	-19,66104	46,53143	-19,66104
12260	47,18679	-19,66104	46,53143	-19,66103
12280	47,18678	-19,66104	46,53143	-19,66104
12300	47,18678	-19,66104	46,53142	-19,66103
12320	46,53142	-19,66104	45,22071	-19,66103
12340	46,53142	-19,66103	45,87606	-19,00568
12360	46,53142	-19,00568	45,22071	-19,66104
12380	45,87606	-19,66104	44,56535	-19,00568
12400	45,2207	-19,00568	45,87608	-19,66105
12420	58,32809	-19,00568	70,12481	-19,00567
12440	73,40169	-19,00567	72,09095	-18,3503
12460	72,09095	-18,3503	72,09094	-18,3503
12480	72,7463	-18,3503	72,09095	-18,35029
12500	72,74632	-18,35029	72,09099	-17,69492
12520	72,74638	-17,69492	72,74641	-17,69491
12540	73,40177	-17,03955	72,74642	-17,03954
12560	73,4018	-15,07346	73,40182	-13,76274
12580	74,71256	-11,79665	74,05723	-9,83055
12600	74,7126	-7,86446	73,40191	-5,89836
12620	73,40193	-4,58763	74,05733	-2,62153
12640	83,23254	-1,96614	86,50946	-1,31076
12660	87,16482	-0,65539	86,50945	-0,65539
12680	86,50945	-0,65538	86,50945	-1,31075
12700	87,82016	-1,31076	87,1648	-1,96613
12720	87,82015	-2,62151	87,82015	-3,27687
12740	89,13086	-3,93225	88,4755	-4,58761
12760	89,13084	-5,24298	87,82012	-5,89834
12780	88,47547	-6,55371	87,16475	-7,20908
12800	91,75232	-7,86443	100,27219	-8,51978
12820	105,51515	-9,17513	105,51515	-8,51976
12840	105,51513	-8,51976	104,85977	-9,17512
12860	106,17047	-8,51976	105,51511	-9,17513
12880	105,5151	-9,17513	104,85973	-9,83048
12900	105,51508	-9,83048	104,85972	-9,83048
12920	105,51508	-9,83048	105,51508	-9,83048
12940	106,17043	-9,83048	105,51508	-9,83048
12960	106,17043	-9,83048	104,85972	-9,83047
12980	106,17043	-9,83048	104,85972	-9,83047
13000	106,17044	-9,1751	105,51508	-9,1751
13020	106,17045	-7,86437	106,17045	-7,86436
13040	106,82581	-7,209	105,51509	-7,20899
13060	106,82581	-7,20899	106,17045	-7,20899
13080	100,92748	-7,86437	74,05732	-9,17514
13100	40,63346	-10,48589	5,24358	-11,14125
13120	-17,03895	-10,48589	-20,97116	-9,83053
13140	-17,03897	-9,17515	-17,69432	-9,17515
13160	-17,03897	-8,51978	-17,69433	-8,51978
13180	-16,38362	-7,86442	-17,03898	-7,86441
13200	-16,38363	-7,20904	-17,03899	-7,20904
13220	-15,72829	-6,55368	-16,38365	-5,89831
13240	-15,7283	-5,24296	-16,38367	-4,58759
13260	-15,07296	-4,5876	-57,01601	-3,93224
13280	-14,41761	-3,93224	-13,10687	-3,27688
13300	-7,8639	-2,62151	-5,2424	-2,6215
13320	-3,93169	-1,96615	-5,24241	-1,96614
13340	-4,58706	-1,96614	-5,24242	-1,96614
13360	-4,58707	-1,96614	-5,24242	-1,31078
13380	-4,58708	-1,96614	-5,24243	-1,31078
13400	-4,58708	-1,96614	-5,24244	-1,96614
13420	-4,58708	-1,96614	-5,24244	-1,96614
13440	-4,58709	-1,96614	-5,24244	-2,62151
13460	-3,93172	-1,96615	7,20956	-1,96614
13480	22,93843	-2,6215	28,18144	-2,6215
13500	28,83679	-2,6215	28,18141	-3,27686
13520	28,83677	-3,27687	28,83677	-3,93222
13540	29,49211	-3,93223	28,18139	-4,5876
13560	28,83674	-4,5876	28,83674	-4,5876
13580	29,4921	-4,5876	28,18138	-5,24296
13600	29,49209	-5,89833	28,18137	-5,89832
13620	29,49209	-5,89833	28,83673	-5,89833
13640	29,49208	-6,5537	28,83672	-5,89834
13660	29,49208	-6,5537	28,83672	-6,5537
13680	29,49207	-6,55371	28,18135	-6,55371
13700	29,49207	-7,20907	28,18135	-7,20907
13720	28,8367	-7,20908	28,18135	-7,86444
13740	29,49207	-7,86444	25,55988	-8,5198
13760	17,04008	-7,86445	11,79714	-8,51981
13780	12,45249	-7,86445	12,4525	-8,5198
13800	13,10785	-8,51981	11,79714	-8,51981
13820	13,10785	-8,51982	12,4525	-9,17518
13840	13,10785	-9,17518	12,45249	-9,17518
13860	12,45248	-9,17518	11,79713	-9,17519
13880	12,45248	-9,83055	11,79713	-9,83055
13900	12,45248	-10,48591	11,79713	-10,48591
13920	12,45249	-9,83056	11,79713	-10,48592
13940	12,45249	-10,48592	11,79713	-10,48592
13960	12,45248	-10,48592	11,14177	-10,48592
13980	11,79712	-10,48592	11,14176	-11,14129
14000	11,14176	-11,14129	11,79712	-11,14129
14020	22,93837	-11,14128	38,6673	-11,14127
14040	52,43007	-11,79662	57,01769	-11,79662
14060	57,67303	-11,79662	57,01766	-11,79662
14080	58,98373	-12,45198	58,32837	-11,79662
14100	59,63907	-12,45198	58,98371	-12,45198
14120	59,63906	-12,45198	59,63907	-12,45198
14140	60,29442	-12,45198	59,63906	-12,45198
14160	60,29441	-12,45198	59,63905	-12,45198
14180	60,29441	-12,45199	58,98369	-12,45198
14200	60,2944	-12,45199	59,63904	-12,45199
14220	59,63904	-13,10735	59,63904	-13,10735
14240	60,2944	-13,10735	58,98368	-13,10735
14260	62,91587	-13,10735	68,81422	-13,10734
14280	70,78034	-13,10734	70,12497	-13,10734
14300	70,78032	-13,10734	70,12497	-13,10734
14320	70,78032	-13,10734	70,12496	-13,10734
14340	70,78031	-13,10735	70,12495	-13,10734
14360	70,78031	-13,10735	70,12495	-13,10735
14380	70,78031	-13,76271	70,12494	-13,76271
14400	70,78029	-13,76271	70,12494	-14,41807
14420	70,7803	-14,41807	74,71252	-13,76271
14440	89,13065	-13,76269	96,99518	-13,76267
14460	98,96129	-13,76267	97,65055	-13,76266
14480	98,30591	-13,76267	97,65055	-13,76267
14500	98,96126	-13,76267	97,65054	-13,76266
14520	98,30589	-13,76266	97,65053	-13,76266
14540	98,30588	-13,76267	98,30589	-14,41803
14560	98,96124	-13,76267	98,30588	-14,41803
14580	98,30587	-14,41803	98,30587	-14,41802
14600	98,96123	-14,41803	97,65051	-14,41803
14620	98,96122	-14,41803	97,65051	-14,41803
14640	93,71828	-15,72876	70,12498	-19,00562
14660	38,01188	-20,31639	11,14179	-20,31638
14680	-4,58705	-20,31639	-7,20852	-19,66102
14700	-4,58706	-18,35029	-5,89779	-19,00566
14720	-4,58708	-18,3503	-4,58707	-17,69493
14740	-3,93173	-17,69493	-4,58709	-17,69493
14760	-3,27638	-17,69494	-3,93174	-17,03957
14780	-3,27639	-17,03957	-3,27639	-17,03957
14800	-1,96568	-17,03958	-1,96568	-17,03958
14820	-1,31033	-17,03958	-1,31033	-17,69494
14840	0,00037999999999982	-17,03958	-0,65497000000001	-17,69494
14860	0,65574	-17,69494	-3,93181	-17,69494
14880	-10,48552	-17,03958	-13,76237	-17,69494
14900	-13,10701	-17,03957	-13,10701	-17,03957
14920	-13,10701	-17,03957	-13,10702	-16,38421
14940	-11,79631	-17,03958	-12,45166	-17,03957
14960	-11,79631	-17,03957	-12,45167	-17,03957
14980	-12,45167	-16,38422	-12,45167	-17,03958
15000	-11,79631	-17,03958	-12,45167	-16,38422
15020	-11,79631	-17,03958	-12,45166	-17,03958
15040	-11,79631	-17,03958	-12,45167	-17,03959
15060	-11,79631	-17,03959	-11,79631	-17,03959
15080	-11,14095	-17,03959	-11,79631	-17,0396
15100	-11,14095	-17,0396	-11,14095	-17,03959
15120	-11,14096	-17,03959	-11,14095	-17,03959
15140	-10,48559	-17,0396	-11,14095	-17,0396
15160	-9,17486	-17,0396	2,62181	-17,03959
15180	22,2829	-17,03959	34,73499	-17,69495
15200	39,97796	-18,35031	38,01186	-18,35031
15220	38,66721	-18,35031	38,01185	-18,35031
15240	38,6672	-19,00568	38,01184	-19,00568
15260	39,32255	-19,66104	38,66719	-19,66105
15280	39,32254	-19,66105	38,66718	-19,66104
15300	39,9779	-20,31642	39,32253	-20,31642
15320	39,32253	-20,31642	39,32253	-20,97178
15340	40,63325	-20,97178	39,9779	-20,97178
15360	39,97789	-20,97179	39,9779	-20,97179
15380	41,94399	-20,97179	47,18697	-20,97178
15400	51,77456	-20,97178	50,46383	-20,97178
15420	51,11918	-20,97178	50,46382	-20,97178
15440	51,11918	-20,97179	50,46382	-21,62715
15460	51,11917	-21,62715	50,46381	-21,62715
15480	52,42988	-22,28252	49,80843	-22,28252
15500	38,01178	-22,28252	26,21515	-22,28252
15520	24,90439	-22,28252	25,55977	-21,62715
15540	26,87048	-21,62715	26,21512	-20,97178
15560	26,87048	-20,97176	26,21513	-20,31639
15580	27,52584	-20,31639	26,87048	-20,31637
15600	27,52584	-19,661	26,87048	-19,00563
15620	28,1812	-18,35026	27,52585	-17,69489
15640	28,18121	-17,69488	26,87049	-17,69488
15660	27,52585	-17,69488	27,52585	-17,69488
15680	27,52584	-18,35024	26,87048	-18,35024
15700	22,93827	-18,35024	10,48629	-18,35024
15720	7,20943	-18,35024	6,55408	-18,35023
15740	7,8648	-18,35024	7,20944	-18,35023
15760	7,20943	-18,35024	7,20943	-19,0056
15780	7,86478	-19,0056	6,55406	-19,00561
15800	7,20941	-19,66098	7,20942	-19,00562
15820	7,86477	-19,66099	7,20941	-19,66099
15840	7,86477	-19,66099	7,20941	-19,66099
15860	7,86476	-19,661	6,55405	-19,661
15880	7,2094	-20,31637	6,55405	-20,31638
15900	7,86477	-20,31639	7,20941	-20,3164
15920	7,2094	-20,3164	7,20941	-20,3164
15940	7,2094	-20,3164	6,55405	-20,3164
15960	7,86476	-20,97176	7,20941	-20,97177
15980	7,2094	-20,97177	6,55405	-20,97178
16000	7,2094	-20,97178	6,55404	-20,97178
16020	7,86476	-20,97179	6,55405	-20,97179
16040	8,52013	-20,9718	18,35069	-20,31643
16060	34,73492	-20,97178	45,22089	-20,31641
16080	45,87625	-20,97177	43,91016	-20,31641
16100	45,22087	-20,97177	44,56551	-20,97177
16120	45,22086	-20,97178	45,22087	-20,97178
16140	45,22085	-20,97178	45,22086	-20,97179
16160	45,87621	-20,97179	45,87621	-21,62715
16180	47,18693	-21,62716	47,18693	-21,62716
16200	47,84228	-21,62716	47,18692	-21,62716
16220	47,84228	-21,62716	49,8084	-20,97179
16240	56,36207	-21,62715	55,70673	-21,62714
16260	56,36207	-21,62715	55,70672	-20,97178
16280	56,36207	-20,97179	55,70671	-20,97178
16300	56,36206	-20,97179	55,70671	-20,97178
16320	56,36207	-20,97179	55,70671	-20,97179
16340	56,36206	-20,97179	55,7067	-20,97179
16360	57,01741	-20,9718	55,7067	-20,9718
16380	56,36205	-20,97179	56,36206	-20,97179
16400	56,36206	-20,97179	55,70669	-20,9718
16420	56,36205	-20,9718	55,7067	-20,97179
16440	55,70669	-21,62716	55,7067	-20,9718
16460	56,36205	-21,62716	55,70669	-21,62716
16480	56,36205	-21,62717	55,70669	-21,62717
16500	57,0174	-21,62717	55,70669	-21,62717
16520	56,36204	-21,62717	55,70669	-21,62717
16540	56,36204	-21,62717	56,36204	-22,28253
16560	57,0174	-22,28254	55,70668	-21,62717
16580	56,36203	-21,62718	55,70668	-21,62718
16600	56,36204	-22,28254	56,36205	-22,28254
16620	61,60499	-21,62718	63,57113	-22,28253
16640	62,91575	-21,62717	62,26039	-21,62717
16660	62,91575	-21,62717	62,26039	-21,62717
16680	62,91574	-21,62717	62,26039	-22,28253
16700	62,91574	-21,62718	62,26038	-21,62717
16720	62,91574	-21,62718	62,26038	-21,62718
16740	62,91574	-21,62718	62,26038	-21,62718
16760	62,26038	-22,28254	62,26038	-22,28254
16780	62,91573	-22,28254	61,60501	-22,28254
16800	62,26037	-22,28255	61,60501	-22,28254
16820	62,26037	-22,28255	61,60502	-22,28255
16840	62,26037	-22,93791	61,60502	-22,28255
16860	60,29427	-22,93791	56,36207	-22,93792
16880	56,36205	-22,93792	56,36207	-22,93792
16900	57,01742	-22,93792	55,70671	-22,93791
16920	57,01742	-22,93792	55,7067	-22,93791
16940	56,36206	-22,93792	55,70671	-22,93792
16960	56,36206	-22,93792	55,70671	-22,93791
16980	56,36206	-22,93792	55,05135	-22,93791
17000	56,36207	-22,93792	55,70671	-22,93792
17020	56,36207	-22,93792	55,70671	-22,93792
17040	56,36206	-22,93792	57,01742	-23,59328
17060	57,67278	-23,59328	57,01742	-23,59328
17080	58,32814	-23,59328	57,67278	-23,59327
17100	58,32814	-22,93791	57,67279	-22,9379
17120	58,32814	-22,28254	57,67279	-22,28254
17140	58,32814	-22,9379	57,67279	-22,28254
17160	58,32815	-22,93791	57,67279	-23,59328
17180	58,32814	-23,59328	57,01742	-20,31644
17200	57,67278	-13,76274	56,36208	-11,14126
17220	57,67288	-15,07352	58,32832	-21,62726
17240	62,26054	-26,87024	60,94995	-31,45783
17260	58,98397	-35,39	50,46435	-39,97746
17280	42,6	-42,59877	39,97858	-41,2879
17300	38,66788	-40,63242	33,42501	-41,28766
17320	30,14819	-42,59836	29,49279	-43,90916
17340	29,49274	-43,25395	29,49271	-43,90943
17360	34,73556	-43,25418	36,70159	-41,28816
17380	38,01227	-39,32211	39,32295	-38,01141
17400	42,59971	-36,70069	44,56575	-34,73456
17420	47,18714	-33,42382	47,84245	-32,11309
17440	50,46385	-30,80235	50,46381	-28,83624
17460	51,7745	-27,52551	51,11913	-25,5594
17480	51,77447	-24,24866	51,1191	-22,93793
17500	51,77445	-21,62719	50,46373	-20,31644
17520	51,11908	-19,66106	50,46372	-18,35032
17540	51,11908	-17,69495	50,46372	-16,38421
17560	51,11907	-15,72884	50,46372	-15,07346
17580	51,11907	-14,41809	50,46371	-13,76272
17600	50,46371	-13,76272	50,46371	-12,45199
17620	51,11907	-12,45198	50,46371	-11,79661
17640	51,11907	-11,14124	50,46371	-11,7966
17660	51,11907	-11,14124	49,80836	-11,79659
17680	51,11907	-11,7966	49,80836	-12,45197
17700	50,46373	-17,03956	50,46384	-28,18084
17720	51,11923	-36,70066	51,11921	-37,35605
17740	52,42992	-36,70069	51,77456	-38,66679
17760	53,74065	-39,97755	56,3621	-43,90977
17780	61,6051	-50,46349	56,36247	-59,63861
17800	45,22153	-64,22597	38,66793	-58,32709
17820	24,24998	-40,63152	13,10891	-19,66
17840	5,24472	-1,96528	-2,61953	8,52048
17860	-8,51771	14,41872	-13,10517	19,6616
17880	-14,41584	22,9384	-17,69259	26,2152
17900	-17,69255	28,83664	-17,69252	29,492
17920	-17,69252	26,87056	-13,76034	19,6616
17940	-3,92998	9,17584	3,93429	-5,24208
17960	11,79843	-18,34928	17,69649	-30,14576
17980	25,56068	-40,63152	30,14816	-49,15154
18000	36,70176	-55,05011	41,28929	-59,63789
18020	45,87681	-62,9149	49,15361	-64,88115
18040	53,08573	-66,84736	53,74106	-69,4689
18060	59,63925	-70,7797	63,57136	-70,77975
18080	67,50345	-70,77979	68,81413	-70,12446
18100	72,09089	-69,46912	75,36765	-68,81376
18120	77,98906	-67,50305	78,6444	-66,8477
18140	83,88724	-66,8477	85,8533	-66,19234
18160	87,164	-65,53697	88,47469	-64,22624
18180	90,44074	-62,91551	91,0961	-62,26013
18200	91,75144	-61,60476	91,09607	-61,60475
18220	91,09606	-60,94938	89,78533	-60,94937
18240	89,7853	-60,294	88,47457	-60,94936
18260	87,16381	-60,94935	84,54236	-60,29399
18280	84,54233	-60,94934	83,2316	-60,29397
18300	82,57622	-60,94933	80,61013	-60,94932
18320	80,61011	-60,94932	79,29938	-60,29394
18340	79,95471	-59,63858	78,64399	-58,98321
18360	78,64398	-58,9832	77,33326	-58,98319
18380	77,33326	-58,32783	76,02255	-57,67246
18400	76,02256	-57,0171	75,36722	-57,01709
18420	74,71187	-56,36173	73,40117	-55,70635
18440	74,05655	-54,39561	72,0905	-53,08488
18460	70,12442	-52,42951	61,60467	-51,77414
18480	60,29394	-51,11877	59,63862	-49,15266
18500	58,32792	-48,49729	56,36186	-47,84192
18520	56,36187	-47,18655	54,39581	-46,53118
18540	54,3958	-46,53117	52,42973	-45,87581
18560	52,42973	-45,8758	50,46365	-45,22043
18580	50,46365	-44,56507	49,8083	-44,56505
18600	49,8083	-44,56505	48,49759	-43,90968
18620	49,15296	-43,90967	49,15297	-43,2543
18640	50,4637	-42,59892	49,80837	-41,94353
18660	50,46375	-41,28814	50,46376	-40,63275
18680	51,77448	-39,97737	50,46377	-39,97736
18700	51,11912	-39,97735	50,46377	-39,97735
18720	51,11911	-39,97735	49,80839	-40,63272
18740	50,46373	-40,63273	49,80836	-41,2881
18760	51,11907	-41,28811	50,4637	-41,2881
18780	51,11905	-41,28812	50,46369	-41,28812
18800	51,11905	-41,28813	50,46369	-41,28813
18820	51,11904	-41,28812	50,46369	-41,28813
18840	50,46367	-40,63276	51,77443	-40,63277
18860	60,94963	-41,94351	64,88189	-41,94351
18880	64,22651	-41,28816	64,2265	-40,6328
18900	65,53723	-39,32209	64,88187	-39,32208
18920	66,19258	-39,32208	66,84795	-38,66672
18940	68,81403	-38,01136	70,12479	-34,7346
18960	77,33377	-28,83646	83,23198	-22,28307
18980	87,81952	-17,04026	87,16421	-11,14202
19000	83,88745	-5,24373	79,29994	-0,00074999999999648
19020	76,6785	4,58687	72,7464	9,1745
19040	70,12501	13,10675	66,84826	16,38364
19060	64,88222	19,00518	62,26084	21,62672
19080	60,29479	23,59288	57,01801	24,90367
19100	56,36266	24,90373	54,39659	24,90378
19120	54,39659	24,90382	51,1198	25,55921
19140	49,80908	25,55923	47,18765	25,55924
19160	47,18765	25,55926	45,22158	25,55927
19180	44,56622	24,90391	42,60015	24,90391
19200	42,60016	26,21459	40,6341	26,21458
19220	40,63413	27,52525	40,63415	27,52513
19240	42,60022	26,21424	45,22167	23,59263
19260	51,77551	19,66047	51,12035	12,45172
19280	47,18819	6,55399	40,63465	4,58832
19300	32,1151	5,89904	26,87228	9,17584
19320	27,52765	13,76336	25,56161	17,69539
19340	21,62951	20,97192	19,00813	24,24852
19360	16,38671	27,5252	12,45452	30,14662
19380	10,48833	33,42343	7,21148	35,38956
19400	6,55605	38,6664	4,58992	40,63253
19420	3,93452	41,94329	1,96843	41,94335
19440	1,31305	41,9434	0,65767	41,94345
19460	1,31301	41,94352	0,002289999999995	41,94356
19480	0,65763	41,9436	0,65763	41,94363
19500	1,96832	41,94364	1,9683	41,94366
19520	3,27899	41,94366	3,93434	41,94366
19540	5,9004	41,94366	5,90039	41,94365
19560	7,86645	41,94362	9,83251	41,9436
19580	12,45392	41,94357	13,76462	39,32211
19600	16,38603	36,70065	18,35208	33,42383
19620	22,28419	30,80236	24,25024	26,87017
19640	28,18234	22,93798	30,80374	19,66114
19660	34,73585	15,72892	36,70189	12,45206
19680	40,63402	9,83059	40,63399	7,20912
19700	42,60005	5,24303	38,01246	5,89841
19720	24,90505	7,86455	13,76378	7,86457
19740	9,83152	7,86456	11,79759	7,2092
19760	13,10829	5,2431	13,10827	3,93235
19780	14,41895	1,96624	15,07429	0,00012999999999863
19800	16,38498	-1,96598	16,38496	-3,93207
19820	17,69565	-5,24282	17,04028	-6,55356
19840	18,35098	-7,8643	17,69562	-9,17503
19860	19,00632	-10,48577	19,00631	-11,14115
19880	20,31702	-13,10725	20,31701	-13,76262
19900	20,97236	-15,07336	20,97235	-16,3841
19920	22,28306	-18,3502	22,28305	-19,66093
19940	23,59376	-20,97168	24,2491	-21,62705
19960	25,5598	-22,93778	24,90444	-23,59315
19980	26,21514	-24,90387	22,93831	-27,52532
20000	3,27728	-36,04512	-25,55886	-46,53101
20020	-42,59846	-51,77397	-43,90922	-51,77399
20040	-36,70019	-49,80791	-34,73406	-48,4972
20060	-30,14649	-47,84186	-26,86963	-47,18651
20080	-23,5928	-47,18653	-22,28205	-47,18654
20100	-20,31597	-47,8419	-20,97133	-47,8419
20120	-21,62672	-48,49726	-24,24819	-49,15262
20140	-26,21432	-49,80797	-29,49116	-51,11868
20160	-30,80192	-51,77404	-33,42339	-51,77403
20180	-36,04487	-53,08476	-45,22	-55,70623
20200	-49,15224	-57,01698	-49,15222	-55,05089
20220	-47,8415	-54,39554	-47,84149	-53,08482
20240	-45,87541	-52,42947	-45,87539	-52,42949
20260	-43,90931	-52,42951	-43,90928	-53,08489
20280	-41,9432	-53,74028	-42,59855	-53,74029
20300	-41,9432	-53,74031	-43,90928	-54,39567
20320	-44,56466	-54,39568	-47,18612	-55,05104
20340	-47,18616	-55,05105	-49,80762	-55,70641
20360	-51,11837	-55,70641	-53,73983	-55,70641
20380	-55,05059	-55,70641	-57,0167	-55,7064
20400	-56,36137	-56,36176	-57,01675	-56,36176
20420	-56,36142	-56,36175	-57,0168	-55,70638
20440	-56,36147	-55,70638	-57,01685	-55,70637
20460	-56,36151	-56,36174	-57,01687	-56,36174
20480	-56,36152	-55,70638	-57,01687	-55,70638
20500	-56,36152	-55,70637	-57,01686	-55,05101
20520	-56,3615	-55,05101	-57,01685	-54,39565
20540	-56,36149	-54,39566	-57,01684	-54,39566
20560	-56,36149	-54,39566	-57,01683	-53,74029
20580	-56,36148	-53,7403	-57,01683	-53,08492
20600	-56,36148	-53,74028	-57,01684	-53,08491
20620	-56,36148	-53,0849	-57,01684	-51,77417
20640	-56,36149	-51,77416	-57,01685	-50,46341
20660	-56,36149	-49,15268	-57,01686	-48,4973
20680	-56,36151	-46,5312	-57,01687	-45,22046
20700	-56,36151	-44,56509	-57,01685	-44,56509
20720	-56,36148	-43,90974	-57,01683	-43,90974
20740	-56,36147	-44,56511	-57,01681	-44,56511
20760	-56,36145	-44,56512	-57,0168	-44,56512
20780	-56,36144	-44,56512	-57,0168	-43,90975
20800	-56,36145	-43,90975	-57,0168	-43,90975
20820	-56,36145	-43,25439	-57,01682	-43,25438
20840	-56,36147	-43,90975	-57,01683	-43,90974
20860	-56,36149	-43,90975	-57,01686	-44,56511
20880	-56,36152	-45,22048	-57,01688	-46,53122
20900	-55,70604	-45,22048	-32,11278	-41,94363
20920	-15,72847	-41,9436	-3,93171	-40,63286
20940	12,45255	-39,97746	25,56001	-36,7006
20960	41,28889	-32,76837	49,80873	-27,52538
20980	56,36244	-22,93775	57,67321	-19,66087
21000	59,63929	-16,38401	59,63928	-14,41788
21020	59,63925	-12,45178	58,98387	-11,14103
21040	58,98384	-9,83029	58,32847	-9,1749
21060	58,98381	-7,86417	57,67308	-7,20879
21080	58,98378	-6,55342	57,67305	-5,89805
21100	58,98376	-5,24268	57,67304	-5,24267
21120	58,32838	-4,58731	57,67302	-4,5873
21140	58,98374	-5,24267	58,32838	-5,89805
21160	58,98374	-6,55343	58,3284	-8,51955
21180	60,29457	-12,45182	58,32862	-17,03951
21200	50,46425	-16,3842	35,39096	-14,41807
21220	20,3176	-15,72872	4,58883	-15,72861
21240	-6,55238	-13,10706	-13,76146	-9,83024
21260	-20,3153	-4,58736	-25,55842	0,65554
21280	-31,45688	6,55384	-39,97674	11,14145
21300	-41,2876	13,76293	-41,94304	17,03979
21320	-41,28776	19,66128	-42,59852	21,6274
21340	-41,94317	24,24888	-43,90923	26,215
21360	-43,25387	28,18111	-44,56456	30,14722
21380	-43,90919	30,8026	-45,2199	32,11334
21400	-44,56453	32,76872	-45,21986	34,07946
21420	-45,21985	34,07947	-46,53058	35,39021
21440	-56,36112	39,3224	-57,01668	41,94384
21460	-56,36147	41,94384	-57,01682	41,94384
21480	-56,36142	41,94384	-57,01676	41,94384
21500	-56,36139	41,94384	-57,01673	41,94384
21520	-56,36137	41,94384	-57,01671	41,94384
21540	-56,36135	41,94384	-57,01669	41,94384
21560	-56,36133	41,94384	-57,01668	41,94384
21580	-56,36132	41,94384	-57,01666	41,94384
21600	-56,3613	41,94384	-57,01665	41,94384
21620	-56,36129	41,94384	-57,01664	41,94384
21640	-56,36128	41,94384	-57,01663	41,94384
21660	-56,36127	41,94384	-57,01658	41,94384
21680	-56,36115	41,94384	-57,01651	41,94384
21700	-56,36116	41,94384	-57,0165	41,94384
21720	-56,36115	41,94384	-57,01651	41,94384
21740	-56,36115	41,94384	-57,01652	41,94384
21760	-56,36117	41,94384	-57,01653	41,94384
21780	-56,36118	41,94384	-57,01654	41,94384
21800	-56,36119	41,94384	-57,01655	41,94384
21820	-56,36121	41,94384	-57,01657	41,94384
21840	-56,36122	41,28848	-57,01658	41,28848
21860	-56,36124	41,28848	-57,0166	41,28848
21880	-56,36125	41,28848	-57,01661	40,63312
21900	-56,36126	40,63312	-57,01662	40,63312
21920	-56,36126	41,94384	-57,0165	41,94384
21940	-56,36103	41,94384	-57,01637	41,94384
21960	-56,36101	41,94384	-57,01636	41,94384
21980	-56,36101	41,94384	-57,01637	41,94384
22000	-56,36102	41,94384	-57,01638	41,94384
22020	-56,36103	41,94384	-57,01638	41,94384
22040	-56,36103	41,94384	-57,01639	41,94384
22060	-56,36104	41,94384	-57,01639	41,94384
22080	-56,36104	41,94384	-57,01642	41,94384
22100	-56,36113	41,94384	-57,01654	41,94384
22120	-56,36119	41,94384	-57,01654	41,94384
22140	-56,36119	41,94384	-57,01655	41,94384
22160	-56,3612	41,94384	-57,01656	41,94384
22180	-56,3612	41,94384	-57,01655	41,94384
22200	-56,36119	41,94384	-57,01653	41,94384
22220	-56,36118	41,94384	-57,01653	41,94384
22240	-56,36117	41,94384	-57,01651	41,94384
22260	-56,36116	41,94384	-57,01651	41,94384
22280	-56,36115	41,94384	-57,01651	41,94384
22300	-56,36116	41,94384	-57,01653	41,94384
22320	-56,36118	41,94384	-57,01654	41,94384
22340	-56,36119	41,94384	-57,01655	41,94384
22360	-56,3612	41,94384	-57,01657	41,94384
22380	-56,36121	41,94384	-57,01657	41,94384
22400	-56,36122	41,94384	-57,01658	41,94384
22420	-56,36123	41,94384	-57,01658	41,94384
22440	-56,36123	41,94384	-57,01658	41,94384
22460	-56,36123	41,94384	-57,01659	41,94384
22480	-56,36123	41,94384	-57,01658	41,94384
22500	-56,36122	41,94384	-57,01656	41,94384
22520	-56,36111	41,94384	-57,01638	38,66704
22540	-56,36102	37,35632	-57,01639	38,01168
22560	-56,36104	38,01168	-57,0164	38,01168
22580	-56,36105	38,66704	-57,0164	38,66704
22600	-56,36105	38,66704	-57,0164	38,66704
22620	-56,36106	38,66704	-57,01642	38,01168
22640	-56,36107	37,35632	-57,01644	36,70096
22660	-56,36111	34,73483	-57,01652	30,80257
22680	-56,36124	22,93808	-57,01665	15,07356
22700	-56,36127	8,51977	-57,01665	1,96602
22720	-56,36129	-5,24305	-57,01668	-11,79663
22740	-56,36135	-15,72863	-57,01676	-17,039
22760	-56,36148	-19,00464	-57,0169	-14,41712
22780	-56,36161	-5,24208	-57,01693	8,52048
22800	-56,36156	22,9384	-57,01694	32,11344
22820	-56,36157	39,97776	-57,01689	41,28848
22840	-56,3615	39,3224	-57,01679	38,01168
22860	-55,70598	35,39024	-51,11831	34,07952
22880	-48,49676	33,42416	-53,08417	33,42416
22900	-53,08405	32,7688	-50,4624	31,45808
22920	-46,53007	31,45808	-43,25306	30,14736
22940	-36,0439	29,492	-33,42229	29,492
22960	-27,52392	28,18128	-22,93622	27,52592
22980	-18,34858	26,87056	-17,69317	25,55984
23000	-13,76096	23,59376	-12,45019	22,28304
23020	-8,51799	20,97232	-7,20725	19,6616
23040	-5,24118	18,35088	-5,24119	17,69552
23060	-1,30903	17,04016	-1,9644	16,3848
23080	-2,6198	16,3848	-3,9305	15,72944
23100	-2,61978	15,72944	-1,96441	14,41872
23120	-0,65368	14,41872	-1,30903	14,41872
23140	-0,65368	13,76336	-0,65367000000001	13,76336
23160	1,3124	13,76336	0,65705999999999	13,76336
23180	0,65705	13,108	-0,65366	13,108
23200	-0,65367	13,108	1,96776	12,45264
23220	5,24451	12,45264	7,2106	12,45264
23240	9,83205	13,108	7,86597	14,41872
23260	5,24453	15,07408	0,0016399999999948	15,72944
23280	-3,2752	15,72944	-9,82892	16,3848
23300	-22,28099	17,04016	-33,42232	18,35088
23320	-39,3207	19,00624	-42,59756	18,35088
23340	-42,59756	18,35088	-43,90827	18,35088
23360	-45,21898	19,00624	-45,87433	18,35088
23380	-45,21899	18,35088	-45,21899	18,35088
23400	-44,56362	17,69552	-45,21895	17,69552
23420	-44,56359	17,69552	-45,21893	17,69552
23440	-44,56358	17,04016	-43,90822	17,04016
23460	-42,59749	17,04016	-42,59748	17,69552
23480	-41,94212	17,04016	-41,94211	17,04016
23500	-40,63138	17,04016	-40,63137	17,04016
23520	-39,32065	17,04016	-39,32064	17,04016
23540	-38,00992	17,04016	-36,6992	17,69552
23560	-34,07777	19,6616	-29,49023	23,59376
23580	-24,90268	28,83664	-25,55797	32,7688
23600	-26,86864	37,35632	-30,80071	41,94384
23620	-36,04355	41,94384	-42,59709	41,94384
23640	-46,5292	41,94384	-50,46132	41,94384
23660	-53,08273	41,94384	-56,3595	41,94384
23680	-56,3595	41,94384	-57,01484	41,94384
23700	-56,35946	41,94384	-57,01479	41,94384
23720	-56,35942	41,94384	-57,01475	41,94384
23740	-56,35937	41,94384	-57,01471	41,94384
23760	-56,3593	41,94384	-57,0146	41,94384
23780	-56,35917	41,94384	-57,01445	41,94384
23800	-56,35894	41,94384	-57,0141	41,94384
23820	-56,35854	41,94384	-57,01367	41,94384
23840	-56,35803	41,94384	-57,01311	41,94384
23860	-56,35755	41,94384	-57,01275	41,94384
23880	-56,35732	41,94384	-57,01265	41,94384
23900	-56,35723	41,94384	-57,01248	41,94384
23920	-56,35706	41,94384	-57,01236	41,94384
23940	-56,35701	41,94384	-57,01233	41,94384
23960	-56,35695	41,94384	-57,01232	41,94384
23980	-56,35694	41,94384	-57,01226	41,94384
24000	-56,35688	41,94384	-57,01222	41,94384
24020	-56,35685	41,94384	-57,0122	41,94384
24040	-56,35685	41,94384	-57,01222	41,94384
24060	-56,35688	41,94384	-57,01227	41,94384
24080	-56,35696	41,94384	-57,01238	41,94384
24100	-56,35708	41,94384	-57,01246	41,94384
24120	-56,35712	41,94384	-57,01254	41,94384
24140	-56,35722	41,94384	-57,01256	41,94384
24160	-56,35719	41,94384	-57,01253	41,94384
24180	-56,3571	41,94384	-57,01243	41,94384
24200	-56,35709	41,94384	-57,01248	41,94384
24220	-56,35714	41,94384	-57,01251	41,94384
24240	-56,35718	41,94384	-57,01255	41,94384
24260	-56,35722	41,94384	-57,01258	41,94384
24280	-56,35724	41,94384	-57,01261	41,94384
24300	-56,35727	41,94384	-57,01262	41,94384
24320	-56,35728	41,94384	-57,01264	41,94384
24340	-56,35728	41,94384	-57,01265	41,94384
24360	-56,3575	41,94384	-57,01324	41,94384
24380	-56,35823	41,94384	-57,01372	41,94384
24400	-56,35838	41,94384	-57,01377	41,94384
24420	-56,35845	41,94384	-57,01384	41,94384
24440	-56,3585	41,94384	-57,01388	41,94384
24460	-56,35856	41,94384	-57,01395	41,94384
24480	-56,35862	41,94384	-57,014	41,94384
24500	-56,35866	41,94384	-57,01403	41,94384
24520	-56,35868	41,94384	-57,01405	41,94384
24540	-56,3587	41,94384	-57,01406	41,94384
24560	-56,35871	41,94384	-57,01409	41,94384
24580	-56,35875	41,94384	-57,01414	41,94384
24600	-56,35882	41,94384	-57,01421	41,94384
24620	-56,3589	41,94384	-57,01431	41,94384
24640	-56,35901	41,94384	-57,01441	41,94384
24660	-56,35911	41,94384	-57,01451	41,94384
24680	-56,35921	41,94384	-57,01462	41,94384
24700	-56,35933	41,94384	-55,04866	41,94384
24720	-48,49513	41,94379	-43,25232	41,94376
24740	-37,35416	41,94372	-34,73277	41,94368
24760	-30,80066	41,94364	-28,83461	41,94361
24780	-24,9025	41,94358	-24,24716	41,94356
24800	-22,28112	39,97746	-20,97043	37,356
24820	-17,69366	35,3899	-18,34904	34,07917
24840	-17,03834	32,11307	-16,383	30,80235
24860	-15,0723	29,49163	-15,72767	28,83626
24880	-15,07233	28,18089	-14,41697	27,52553
24900	-13,10627	26,87016	-15,07237	25,55944
24920	-21,62608	23,59332	-26,86906	22,93795
24940	-25,55836	22,93795	-26,21372	22,28259
24960	-24,90302	21,62722	-25,55839	20,97186
24980	-24,90304	20,97185	-24,90305	19,66112
25000	-23,59235	19,00576	-23,59235	18,35039
25020	-22,28165	17,69502	-22,28165	17,03966
25040	-21,6263	17,03965	-21,6263	16,38429
25060	-19,66024	15,72892	-19,66024	15,07355
25080	-18,34953	14,41818	-18,34953	14,41819
25100	-17,03882	13,76282	-17,69418	13,76282
25120	-16,38347	13,10746	-16,38348	13,10745
25140	-15,72812	13,10745	-16,38348	13,10745
25160	-15,07276	12,45208	-15,72812	11,79672
25180	-14,41741	11,79671	-15,72813	11,79671
25200	-24,24796	18,3504	-38,66605	23,59341
25220	-53,73955	26,2149	-57,01651	26,87026
25240	-56,36118	28,18099	-57,01652	29,49173
25260	-56,36116	29,49172	-57,01652	30,14709
25280	-56,36116	30,80246	-57,01652	31,45782
25300	-56,36117	31,45782	-57,01652	31,45782
25320	-56,36118	31,45782	-57,01654	31,45783
25340	-56,36119	30,80246	-57,01655	30,80246
25360	-56,36121	30,80246	-57,01658	30,14709
25380	-56,36124	29,49172	-57,0166	29,49172
25400	-56,36125	28,83635	-57,01661	28,18099
25420	-56,36126	28,18098	-57,01661	27,52562
25440	-56,36125	27,52561	-57,01661	27,52561
25460	-56,36125	26,87024	-57,0166	26,87024
25480	-56,36125	26,21487	-57,0166	26,21487
25500	-56,36124	25,5595	-57,0166	25,5595
25520	-56,36124	26,21485	-57,0166	25,5595
25540	-56,36125	26,21485	-57,01661	25,55949
25560	-56,36125	24,90413	-57,01661	24,90412
25580	-56,36126	24,24875	-57,01663	23,59338
25600	-56,36128	22,28264	-57,01665	20,9719
25620	-56,36131	18,35043	-57,01669	13,76285
25640	-56,36136	8,51987	-54,39501	-3,93217
25660	-47,18571	-19,66096	-43,25318	-26,86962
25680	-37,35472	-19,00464	-42,59744	-7,86352
25700	-45,87413	-1,96528	-44,56331	-2,62064
25720	-39,32037	-8,51888	-34,7328	-15,07249
25740	-27,52375	-19,66046	-25,55763	-20,31611
25760	-17,69338	-19,0055	-14,41667	-15,07339
25780	-11,13995	-11,79654	-7,86323	-7,20898
25800	-5,89721	-3,27677	-7,20796	0,65545
25820	-7,208	3,9323	-8,51875	6,55378
25840	-8,51878	8,51989	-10,48488	10,486
25860	-11,14027	12,45211	-13,10636	14,41822
25880	-12,45101	15,72897	-13,76173	17,03971
25900	-12,45102	17,69508	-13,76173	19,66119
25920	-15,72785	19,66119	-34,07818	22,93803
25940	-56,36079	25,55954	-57,01644	28,83639
25960	-56,36115	30,14714	-57,01646	32,76862
25980	-56,3611	34,07936	-57,01645	35,39011
26000	-56,36108	36,70084	-57,01643	37,35622
26020	-56,36107	38,01159	-57,01642	38,66696
26040	-56,36107	38,66696	-57,01642	39,32234
26060	-56,36106	39,9777	-57,01641	40,63307
26080	-56,36105	40,63308	-57,0164	41,28844
26100	-56,36105	41,28845	-57,0164	41,94382
26120	-56,36104	41,94382	-57,01639	41,94383
26140	-56,36103	41,94383	-57,01639	41,94383
26160	-56,36103	41,94383	-57,01639	41,94383
26180	-56,36104	41,94383	-57,01639	41,94383
26200	-56,36103	41,94383	-57,01639	41,94383
26220	-56,36104	41,94383	-57,01639	41,94383
26240	-56,36103	41,28846	-57,01632	41,28847
26260	-56,36095	40,6331	-57,01632	41,28846
26280	-56,36096	41,28847	-57,01631	41,28847
26300	-56,36096	41,28846	-57,01632	41,28846
26320	-56,36096	41,28846	-57,01632	40,6331
26340	-56,36096	40,63309	-57,01632	40,6331
26360	-56,36096	40,63309	-57,01632	40,63309
26380	-56,36097	39,97772	-57,01633	39,97776
26400	-56,36097	39,97772	-57,01633	39,97772
26420	-56,36097	39,32236	-57,01633	39,32236
26440	-56,36098	39,32236	-57,01633	39,32236
26460	-56,36098	38,66699	-57,01634	39,32235
26480	-56,36098	40,6331	-57,01634	39,97774
26500	-56,36098	39,97773	-57,01633	39,97773
26520	-56,36099	39,32237	-57,01634	39,32237
26540	-56,36099	39,32237	-57,01634	39,32237
26560	-56,36098	39,32237	-57,01634	39,32236
26580	-56,36098	38,667	-57,01633	39,32236
26600	-56,36097	38,66699	-57,01633	38,66699
26620	-56,36097	38,01162	-57,01633	38,66697
26640	-56,36098	38,01161	-57,01633	38,01162
26660	-56,36098	38,01161	-57,01634	38,01161
26680	-56,36099	38,01161	-57,01635	38,01161
26700	-56,361	38,01162	-57,01635	38,01162
26720	-56,361	38,01162	-57,01635	38,01162
26740	-56,361	38,66698	-57,01635	39,32235
26760	-56,36099	39,32235	-57,01635	39,97772
26780	-56,36099	39,97772	-57,01634	40,63309
26800	-56,36099	40,63308	-57,01635	40,63309
26820	-56,36099	40,63308	-57,01635	39,97772
26840	-56,36095	38,0116	-57,01598	30,14715
26860	-39,32081	19,00584	-22,28109	8,51991
26880	-15,72736	2,62155	-17,03813	3,93227
26900	-16,3828	4,58763	-17,03816	3,93225
26920	-15,72745	3,27689	-15,72746	4,58761
26940	-15,07212	4,58761	-15,72749	3,93225
26960	-14,41679	3,93224	-14,41679	3,93225
26980	-13,10609	3,93225	-13,76145	3,27689
27000	-12,45075	3,27688	-12,45075	2,62153
27020	-11,7954	3,27689	-12,45077	3,2769
27040	-11,79541	3,2769	-12,45077	3,93226
27060	-12,45078	4,58763	-15,07222	5,89837
27080	-15,07223	5,89837	-16,38294	7,2091
27100	-17,03832	8,51983	-20,31512	9,1752
27120	-19,00439	7,86446	-18,34902	6,55372
27140	-17,0383	5,24298	-17,69366	3,27687
27160	-16,38295	1,96613	-17,03831	0,65539
27180	-15,7276	1,0000000003174E-5	-16,38296	0
27200	-15,72761	-0,65537	-15,07226	-0,65537
27220	-14,41692	-1,9661	-13,76157	-1,96611
27240	-12,45087	-2,62148	-11,79552	-3,9322
27260	-10,48482	-4,58757	-9,82946	-5,24293
27280	-8,51877	-5,24295	-8,51877	-6,55367
27300	-7,20807	-7,20904	-7,20807	-7,8644
27320	-5,89737	-8,51977	-5,89738	-8,51978
27340	-10,48496	-8,51978	-19,00476	-7,86442
27360	-19,0048	-7,86442	-18,34943	-7,8644
27380	-17,69409	-7,86441	-17,69409	-7,8644
27400	-15,72802	-8,51977	-15,72803	-7,86441
27420	-13,76196	-7,86442	-13,1066	-7,86441
27440	-11,79588	-8,51977	-12,45124	-8,51977
27460	-10,48516	-8,51977	-10,48515	-8,51977
27480	-9,17443	-7,86441	-9,82978	-7,86441
27500	-8,51907	-7,8644	-8,51906	-7,8644
27520	-7,20834	-7,8644	-7,8637	-7,8644
27540	-6,55298	-7,8644	-7,20834	-7,8644
27560	-5,89762	-7,86441	-6,55297	-7,8644
27580	-5,89762	-7,8644	-5,89762	-7,8644
27600	-5,89761	-7,86441	-5,89762	-7,8644
27620	-5,24226	-7,8644	-6,55298	-7,8644
27640	-5,24226	-7,8644	-5,89762	-7,8644
27660	-5,24227	-7,8644	-5,89763	-7,8644
27680	-5,24227	-7,20904	-5,24227	-7,8644
27700	-5,24228	-7,86441	-5,89763	-7,8644
27720	-5,24228	-7,8644	-5,89763	-7,8644
27740	-5,24228	-7,86441	-5,89764	-7,8644
27760	-5,89765	-7,86441	-7,86376	-8,51977
27780	-7,2084	-7,86441	-7,86375	-7,8644
27800	-6,55304	-7,86441	-7,20839	-7,86441
27820	-6,55304	-7,86441	-7,20839	-7,86441
27840	-6,55304	-7,86441	-7,20839	-7,86441
27860	-6,55304	-7,86441	-6,55303	-7,86441
27880	-5,89767	-7,86442	-6,55303	-7,86442
27900	-6,55303	-7,86442	-7,20839	-7,86442
27920	-6,55303	-7,20906	-7,20839	-7,86441
27940	-5,89767	-7,86442	-6,55303	-5,89833
27960	-5,89768	-7,20906	-5,89767	-7,86442
27980	-5,89768	-7,86442	-5,89768	-7,86441
28000	-5,24233	-7,20905	-5,89768	-7,86441
28020	-5,24233	-7,86442	-5,24232	-7,86442
28040	-4,58697	-7,86442	-4,58697	-7,86442
28060	-3,93162	-8,51979	-3,93161	-8,51978
28080	-3,27626	-9,17516	-4,58698	-10,48589
28100	-3,27626	-12,45202	-0,65479000000001	-17,03964
28120	3,93286	-24,90413	8,52056	-37,35617
28140	8,52072	-45,8759	3,93331	-47,84184
28160	-7,86315	-45,22011	-15,07219	-41,94304
28180	-20,31514	-37,3553	-27,52416	-33,42305
28200	-30,1457	-32,11238	-34,07795	-30,14643
28220	-41,28702	-27,52514	-41,28713	-24,24843
28240	-41,94269	-20,97167	-47,18573	-17,03952
28260	-45,87517	-12,45194	-45,21992	-8,51973
28280	-44,56464	-4,58754	-45,22005	-1,31069
28300	-45,22009	1,96615	-45,87547	3,93227
28320	-45,8755	5,89839	-47,18624	7,86451
28340	-47,84162	9,83064	-48,49698	11,79677
28360	-48,49698	13,76288	-49,80769	15,729
28380	-49,15231	17,03975	-54,39523	20,3166
28400	-56,36146	23,59347	-57,0169	25,55958
28420	-56,36152	27,5257	-57,01685	29,49181
28440	-56,36149	30,80254	-57,01683	32,11328
28460	-56,36147	33,42403	-57,0168	34,73476
28480	-56,36143	36,70087	-57,01677	38,0116
28500	-56,3614	39,9777	-57,01673	41,9438
28520	-56,36137	41,94382	-57,01669	41,94383
28540	-56,36132	41,94384	-57,01665	41,94384
28560	-56,36128	41,94384	-57,01662	41,94384
28580	-56,36125	41,94384	-57,01656	41,94384
28600	-56,36113	41,94384	-57,01648	41,94384
28620	-56,36113	41,94384	-57,01648	41,94384
28640	-56,36113	41,94384	-57,01648	41,94384
28660	-56,36113	41,94384	-57,01649	41,94384
28680	-56,36113	41,94384	-57,01649	41,94384
28700	-56,36114	41,94384	-57,01649	41,94384
28720	-56,36113	41,94384	-57,01649	41,94384
28740	-56,36113	41,94384	-57,01648	41,94384
28760	-56,36112	41,94384	-57,01647	41,94384
28780	-56,36111	41,94384	-57,01646	41,94384
28800	-56,36109	41,94384	-57,01643	41,94384
28820	-56,36106	41,94384	-57,0164	41,94384
28840	-56,36102	41,94384	-57,01637	41,94384
28860	-56,36099	41,94384	-57,01633	41,94384
28880	-56,36092	41,94384	-57,01623	41,94384
28900	-56,36086	41,94384	-57,01619	41,94384
28920	-56,36082	41,94384	-57,01616	41,94384
28940	-56,36079	41,94384	-57,01613	41,94384
28960	-56,36076	41,94384	-57,01609	41,94384
28980	-56,36072	41,94384	-57,01605	41,94384
29000	-56,36067	41,94384	-57,016	41,94384
29020	-56,36062	41,94384	-57,01595	41,94384
29040	-56,36057	41,94384	-57,01589	41,94384
29060	-56,36049	41,94384	-57,01582	41,94384
29080	-56,36043	41,94384	-57,01576	41,94384
29100	-56,36038	41,94384	-57,01572	41,94384
29120	-56,36035	41,94384	-57,01569	41,94384
29140	-56,36032	41,94384	-57,01566	41,94384
29160	-56,36029	41,94384	-57,01563	41,94384
29180	-56,36026	41,94384	-57,01561	41,94384
29200	-56,36025	41,94384	-57,01559	41,94384
29220	-56,36023	41,94384	-57,01557	41,94384
29240	-56,3602	41,94384	-57,01554	41,94384
29260	-56,36018	41,94384	-57,01551	41,94384
29280	-56,35999	41,94384	-57,01496	41,94384
29300	-56,35916	41,94384	-57,01422	41,94384
29320	-56,35876	41,94378	-57,01409	41,94371
29340	-56,35869	41,94365	-57,014	41,94361
29360	-56,35861	41,94358	-57,01396	41,94359
29380	-56,35858	41,94357	-57,01391	41,94357
29400	-56,35856	41,94359	-57,01391	41,94361
29420	-56,35856	41,94363	-57,01391	41,94366
29440	-56,35853	41,94366	-57,01388	41,94367
29460	-56,35853	41,94367	-57,01388	41,94367
29480	-56,35851	41,94369	-57,01385	41,94369
29500	-56,3585	41,94369	-57,01384	41,94369
29520	-56,35847	41,9437	-57,01383	41,94372
29540	-56,35849	41,94373	-57,01384	41,94374
29560	-56,35848	41,94374	-57,01383	41,94374
29580	-56,35848	41,94375	-57,01383	41,94376
29600	-56,35852	41,94376	-57,01392	41,94376
29620	-56,35857	41,9438	-57,01393	41,94383
29640	-56,35857	41,94384	-57,01393	41,94384
29660	-56,35853	41,94382	-57,01388	41,94381
29680	-56,35852	41,94379	-57,01389	41,94379
29700	-56,35852	41,94379	-57,01387	41,94376
29720	-56,3585	41,94374	-57,01384	41,94373
29740	-56,35848	41,9437	-57,01383	41,94368
29760	-56,35847	41,94364	-57,0138	41,9436
29780	-56,35845	41,9436	-57,01383	41,94363
29800	-56,35849	41,94367	-57,01386	41,94371
29820	-56,35853	41,94376	-57,01391	41,9438
29840	-56,3586	41,9438	-57,01403	41,94376
29860	-56,35892	41,94376	-57,01453	41,94381
29880	-56,35929	41,94384	-57,01468	41,94384
29900	-56,35936	41,94384	-57,01468	41,94384
29920	-56,35935	41,94384	-57,01473	41,94384
29940	-56,35944	41,94384	-57,01479	41,94384
29960	-56,35948	41,94384	-57,01485	41,94384
29980	-56,3595	41,94384	-57,01486	41,94384
