T	LX	LY	RX	RY
0	0	0	0	0
20	0	0	0	0
40	0	0	0	0
60	0	0	0	0,65536
80	0	0	-0,65536	0,65536
100	0	0	0	0,65536
120	-0,65536	0,65536	-0,65536	0,65536
140	-0,65536	0,65536	-0,65535	0,65536
160	-0,65535	0,65537	-0,65535	1,31073
180	-0,65534	1,31073	-0,65534	1,31073
200	-0,65534	1,31073	1,9999999999243E-5	1,31073
220	1,9999999999243E-5	1,31073	-0,65534	1,31073
240	-0,65534	1,31073	1,9999999999243E-5	1,96609
260	-0,65533	1,9661	2,9999999995312E-5	2,62146
280	2,9999999995312E-5	1,9661	2,9999999995312E-5	2,62147
300	1,9999999999243E-5	1,96611	1,9999999999243E-5	2,62147
320	9,9999999960687E-6	2,62148	0,65537	2,62149
340	9,9999999960687E-6	2,62149	9,9999999960687E-6	3,27686
360	9,9999999960687E-6	3,93222	0,65537	4,58759
380	0,65537	4,5876	0,65538	5,89833
400	0,65538	6,5537	0,65539	7,86443
420	0,6554	8,5198	0,6554	9,17517
440	3,9999999998486E-5	9,83054	0,65541	11,14128
460	0,65541	11,14128	5,9999999997729E-5	11,79665
480	0,65541	12,45201	0,65542	12,45202
500	5,9999999997729E-5	13,10738	2,9999999995312E-5	12,45203
520	-0,65534	11,79667	-0,65532	13,1074
540	-0,65532	13,1074	-0,65532	14,41814
560	-0,65532	14,41814	-0,65531	14,41814
580	-0,65532	14,41814	-0,65531	14,41814
600	-0,65532	13,76278	-0,65532	13,76278
620	-0,65532	13,76278	-0,65531	14,41814
640	-1,31067	14,41814	-0,65531	14,41815
660	-1,31067	14,41814	-1,31067	15,07351
680	-1,31067	15,07351	-1,31066	16,38424
700	-1,31066	16,38424	-1,31065	17,03961
720	-1,31065	17,03961	-1,31065	17,69498
740	-1,31065	18,35034	-1,31065	19,0057
760	-1,96601	18,35035	-1,966	19,00571
780	-1,96601	19,00571	-1,96601	19,66108
800	-1,96601	19,66108	-1,31063	20,9718
820	-0,65523	20,97179	-1,31059	20,9718
840	-1,31059	21,62716	-1,31059	22,28253
860	-1,31059	22,93789	-1,31059	22,9379
880	-1,31059	22,93789	-1,31059	23,59325
900	-1,96595	23,59325	-1,31059	23,59325
920	-1,31059	22,93789	-1,31059	23,59325
940	-1,31059	23,59325	-1,31058	23,59325
960	-1,31059	22,93788	-1,31059	22,28252
980	-1,31059	22,28251	-1,31059	22,28251
1000	-1,31059	20,97178	-1,3106	20,97177
1020	-1,3106	20,3164	-0,65525	20,3164
1040	-0,65526	20,31639	-0,65527	20,31639
1060	9,0000000000146E-5	19,66101	9,0000000000146E-5	19,66101
1080	7,9999999996971E-5	19,661	7,9999999996971E-5	19,66099
1100	7,0000000000903E-5	19,66098	0,65543	19,66096
1120	0,65543	19,00559	1,96616	20,97167
1140	7,86449	22,93775	10,48596	22,28237
1160	9,83059	22,28236	9,83059	22,28235
1180	9,83059	21,62699	9,83058	20,97162
1200	9,83058	20,31625	9,83058	19,66088
1220	9,83057	19,0055	9,83057	17,69478
1240	10,48592	17,0394	10,48592	16,38403
1260	10,48591	15,0733	10,48591	14,41793
1280	10,48591	13,1072	10,48591	12,45183
1300	10,4859	11,1411	10,4859	10,48573
1320	10,4859	9,83036	10,48589	9,17498
1340	10,48589	7,86426	10,48589	7,20888
1360	10,48588	5,89815	11,14124	5,24279
1380	10,48588	4,58741	10,48588	3,93204
1400	10,48587	2,62131	10,48588	1,96594
1420	10,48587	1,31058	10,48588	1,31057
1440	13,10734	1,96594	16,38419	1,96593
1460	17,03955	1,96592	17,03956	1,96592
1480	17,03956	1,31056	16,3842	1,31056
1500	16,38421	0,6552	16,3842	0,6552
1520	16,3842	-0,00016999999999712	15,72884	-0,65553
1540	15,72884	-0,65553999999999	15,72884	-1,3109
1560	15,72885	-1,96626	15,07349	-3,27698
1580	15,07348	-3,93235	14,41813	-4,58771
1600	14,41813	-5,24307	14,41812	-5,24307
1620	14,41813	-5,89843	14,41812	-6,5538
1640	13,76276	-7,20915	13,76276	-7,20916
1660	13,76276	-7,86452	15,72886	-7,20916
1680	17,03961	-7,20916	17,0396	-7,20916
1700	17,69496	-7,86452	17,03961	-7,20915
1720	17,0396	-7,86451	17,03961	-7,86451
1740	17,69496	-7,86452	17,69497	-8,51987
1760	17,69496	-8,51987	17,69495	-8,51988
1780	18,3503	-9,17524	18,3503	-9,17524
1800	18,35029	-9,8306	18,35028	-9,8306
1820	18,35028	-9,83061	18,35028	-10,48597
1840	18,35028	-10,48597	19,00564	-10,48597
1860	19,00564	-11,14133	13,10732	-13,76279
1880	7,20899	-16,38425	7,209	-15,72888
1900	8,51974	-15,07351	8,51974	-14,41814
1920	7,86438	-14,41814	8,51974	-14,41814
1940	8,51974	-14,41814	9,1751	-14,41814
1960	9,1751	-14,41814	8,51974	-14,41814
1980	8,51974	-14,41814	8,51974	-15,0735
2000	8,51973	-15,72887	8,51973	-15,07351
2020	8,51973	-15,72887	8,51973	-15,72887
2040	12,45191	-13,76279	24,90389	-14,41815
2060	28,83614	-16,38424	28,18077	-15,07352
2080	27,52541	-14,41814	27,52542	-13,76277
2100	26,87006	-13,1074	26,87005	-13,76276
2120	26,87005	-13,1074	26,21469	-12,45204
2140	26,21469	-13,1074	26,21468	-13,1074
2160	25,55932	-13,1074	25,55932	-13,1074
2180	25,55931	-13,1074	25,55931	-13,1074
2200	24,90395	-13,1074	24,90394	-13,1074
2220	24,90394	-13,76276	24,90393	-13,76276
2240	24,24857	-13,76277	24,24857	-13,76277
2260	23,59321	-13,76277	24,24857	-14,41813
2280	23,5932	-14,41813	23,5932	-14,41813
2300	23,5932	-15,0735	23,5932	-15,0735
2320	23,5932	-15,72886	22,93784	-15,0735
2340	23,5932	-15,72886	23,5932	-15,0735
2360	22,93784	-15,0735	22,93785	-15,72886
2380	23,5932	-15,72886	23,5932	-15,72886
2400	23,59321	-16,38422	23,59321	-15,72887
2420	23,59321	-15,72887	23,59322	-15,72887
2440	23,59321	-15,72887	23,59322	-15,72888
2460	24,24858	-15,72798	24,24858	-15,72887
2480	24,24858	-15,72887	24,24858	-16,38424
2500	24,24858	-16,38424	24,90393	-16,38424
2520	24,90392	-16,38425	24,90392	-17,03961
2540	24,90392	-17,69498	24,90392	-17,03962
2560	24,90392	-17,69497	24,90393	-17,69498
2580	22,28242	-18,35035	16,38409	-20,31644
2600	12,45188	-22,28254	11,79652	-21,62716
2620	12,45189	-20,97179	13,10726	-20,31643
2640	13,10726	-20,31643	13,10726	-19,66107
2660	13,76262	-20,31643	13,76262	-20,31643
2680	15,72871	-19,00572	28,83605	-17,69498
2700	34,73446	-20,31641	34,73449	-19,66105
2720	34,07911	-17,69497	34,07911	-17,03959
2740	34,07912	-17,03958	33,42376	-16,38422
2760	34,07912	-16,38422	34,07912	-15,72886
2780	34,07912	-15,72887	34,07912	-15,72887
2800	34,07912	-15,72887	34,07912	-15,72886
2820	34,07912	-15,72886	34,07913	-15,72887
2840	32,76837	-15,72889	30,80224	-17,03963
2860	30,14687	-16,38427	30,80224	-15,7289
2880	30,80224	-16,38425	30,80225	-15,72889
2900	30,80225	-15,7289	30,80225	-15,72889
2920	30,14689	-15,07354	30,80225	-15,07354
2940	30,80225	-15,07354	30,80225	-15,07354
2960	30,14689	-15,07353	30,14689	-15,07354
2980	30,14689	-15,72889	30,14689	-15,07354
3000	31,45764	-17,69498	36,04527	-21,62713
3020	36,70068	-22,2825	36,04531	-20,31641
3040	36,04531	-20,31641	35,38995	-19,66104
3060	36,04531	-19,66103	35,38995	-19,00567
3080	35,38995	-19,00567	36,04531	-19,00567
3100	35,38995	-19,66104	35,38995	-19,66104
3120	35,38995	-19,66104	35,38995	-19,00568
3140	35,38995	-20,3164	35,38995	-19,66104
3160	35,38995	-20,3164	35,38994	-20,3164
3180	35,38994	-20,97177	36,04529	-20,97177
3200	36,04529	-21,62713	36,04528	-21,62713
3220	36,04528	-22,28249	36,04528	-22,28249
3240	36,04528	-22,28249	36,04528	-22,28249
3260	36,70064	-22,28249	36,70064	-22,28249
3280	36,70064	-22,93786	36,04529	-22,93785
3300	36,04528	-22,93786	36,04528	-22,93786
3320	36,04528	-23,59322	36,04528	-23,59322
3340	35,38992	-23,59323	36,04528	-24,90395
3360	38,01144	-27,52537	39,3222	-28,18073
3380	39,3222	-27,52537	39,3222	-26,87001
3400	39,3222	-26,87001	39,3222	-26,21464
3420	39,32219	-26,87	39,3222	-26,21464
3440	39,32219	-26,87	39,32219	-26,87001
3460	39,32219	-26,87001	39,32219	-26,87001
3480	39,32219	-26,87002	39,32219	-26,87001
3500	39,32219	-26,87001	39,32219	-26,87002
3520	39,32219	-26,87002	39,32218	-26,21466
3540	39,32219	-26,21466	39,32218	-26,21466
3560	38,66683	-26,21465	39,32219	-26,21465
3580	39,32219	-26,21466	39,32219	-26,21466
3600	38,66683	-26,21465	39,32218	-26,21466
3620	39,32218	-26,21466	39,32218	-25,5593
3640	39,32217	-25,5593	39,32217	-25,5593
3660	39,32217	-25,5593	39,32217	-25,55931
3680	39,32216	-26,87004	39,32217	-27,52541
3700	39,32217	-28,83615	38,66681	-29,49151
3720	38,66682	-30,80224	38,66682	-31,45761
3740	38,01147	-32,11298	38,01148	-32,11299
3760	38,01148	-32,11299	38,01149	-31,45763
3780	38,0115	-32,113	38,01148	-30,80229
3800	36,7007	-30,14695	36,70069	-28,83623
3820	36,70069	-28,83623	36,70069	-27,52549
3840	37,35605	-26,87012	37,35604	-25,55939
3860	37,35604	-24,90402	37,35603	-24,24865
3880	37,35602	-24,24864	36,70066	-23,59328
3900	36,70065	-24,24863	36,70064	-24,24863
3920	36,70064	-24,90399	36,70064	-24,90399
3940	36,04527	-25,55935	36,04527	-26,21471
3960	36,04527	-26,87007	35,38991	-26,87006
3980	34,73455	-27,52542	34,73455	-27,52542
4000	34,73455	-27,52542	34,73455	-28,18078
4020	34,73454	-28,18078	35,3899	-28,18078
4040	35,38989	-28,18078	35,38989	-28,18078
4060	35,38989	-28,83614	35,38989	-28,18078
4080	35,38988	-28,83614	35,38988	-28,18078
4100	35,38988	-28,18078	35,38988	-28,18079
4120	36,04526	-30,80223	38,01141	-32,7683
4140	38,01141	-32,76831	37,35604	-32,11295
4160	38,0114	-31,45759	38,01141	-31,45758
4180	38,0114	-30,80222	38,01141	-30,80222
4200	37,35604	-30,80222	38,01141	-30,80222
4220	38,01141	-30,80222	38,01141	-30,80222
4240	38,01141	-30,14686	38,01141	-30,14686
4260	37,35605	-30,14686	37,35605	-30,14687
4280	36,70069	-30,14686	36,7007	-29,4915
4300	37,35606	-29,4915	36,7007	-28,83614
4320	36,7007	-29,4915	36,7007	-28,83613
4340	36,7007	-28,83614	36,7007	-28,83613
4360	36,7007	-28,83614	36,04534	-28,83613
4380	36,04534	-28,83613	37,3561	-31,45756
4400	41,28836	-34,079	41,28837	-34,079
4420	41,28836	-32,76828	40,63301	-32,76827
4440	40,633	-32,11291	40,63301	-32,11291
4460	40,633	-32,76827	41,28836	-32,76827
4480	40,633	-32,76828	40,633	-32,76828
4500	40,633	-32,76828	41,28835	-32,76828
4520	41,28835	-33,42364	41,28834	-33,42364
4540	41,28833	-33,42364	41,28832	-33,42365
4560	41,28832	-33,42365	41,28832	-33,42365
4580	41,28832	-33,42365	41,28832	-33,42365
4600	41,28832	-33,42365	41,28832	-32,76828
4620	41,28832	-33,42364	41,28832	-33,42364
4640	41,28832	-32,76829	41,28832	-32,11293
4660	41,94368	-32,76829	50,46344	-35,38971
4680	73,4012	-37,35578	82,57633	-38,6665
4700	79,95488	-38,01114	79,29952	-37,35578
4720	78,64418	-37,35577	78,64416	-37,35577
4740	78,64415	-38,01115	78,64413	-39,32189
4760	78,64411	-40,63264	78,6441	-40,63266
4780	78,64407	-41,28806	79,29942	-41,94342
4800	79,2994	-41,94343	79,95475	-41,94342
4820	80,61011	-41,94343	80,61011	-41,28805
4840	80,61011	-41,28805	80,61011	-41,28804
4860	80,61011	-41,28804	81,26547	-40,63269
4880	81,92083	-41,28805	81,92084	-39,97732
4900	82,57621	-39,97732	83,23159	-39,97731
4920	78,64404	-39,97733	57,67235	-40,63271
4940	45,87575	-40,63273	43,90965	-40,63273
4960	43,90967	-39,32199	43,90969	-38,01126
4980	43,9097	-37,35588	43,90971	-36,04516
5000	43,90971	-35,38979	43,90972	-35,38979
5020	43,90973	-34,73443	43,90973	-34,73443
5040	43,25438	-34,07906	43,90974	-34,07906
5060	43,25439	-34,07906	43,90976	-33,4237
5080	43,90976	-34,07905	43,90977	-33,42369
5100	43,90977	-33,42369	43,90978	-33,42369
5120	43,90978	-33,42369	43,90979	-33,42369
5140	43,9098	-33,42369	43,90981	-33,42368
5160	43,9098	-33,42369	43,90981	-33,42369
5180	43,90981	-33,42368	43,90981	-33,42368
5200	44,56518	-33,42368	44,56518	-33,4227
5220	44,56517	-33,42368	44,56517	-33,42367
5240	44,56517	-33,42367	44,56516	-33,42367
5260	45,22052	-33,42367	44,56517	-33,42367
5280	44,56516	-34,07903	43,25441	-33,42368
5300	43,25441	-34,07905	43,90978	-34,07904
5320	43,90979	-33,42368	43,90979	-33,42367
5340	43,90979	-32,76831	43,90979	-32,76831
5360	43,90979	-32,76831	43,9098	-33,42367
5380	43,90979	-32,76831	43,90979	-32,76831
5400	44,56515	-32,76831	43,90979	-32,76831
5420	43,90979	-33,42366	43,90979	-32,76831
5440	43,90979	-33,42367	43,9098	-32,7683
5460	43,9098	-32,7683	43,9098	-32,7683
5480	43,9098	-33,42366	43,90979	-32,7683
5500	43,9098	-33,42366	43,9098	-33,42366
5520	43,90979	-32,7683	43,9098	-32,7683
5540	45,8759	-34,07902	55,7064	-35,38973
5560	58,32787	-34,73437	57,01714	-33,42364
5580	56,36177	-33,42363	56,36178	-32,76826
5600	56,36178	-32,76826	55,70642	-32,1129
5620	55,70641	-32,76826	55,70642	-32,1129
5640	55,05106	-32,1129	55,05105	-32,1129
5660	54,39569	-32,76826	53,74033	-32,76826
5680	54,39569	-32,76826	53,74033	-32,76827
5700	53,74033	-33,42363	53,08497	-33,42363
5720	53,08497	-33,42363	52,4296	-33,42363
5740	47,84204	-33,42364	45,87594	-32,76828
5760	45,87594	-32,76828	45,87595	-32,11291
5780	45,87594	-32,11291	45,87595	-32,11291
5800	45,87594	-32,11291	45,22058	-32,11291
5820	45,22058	-32,76828	45,22058	-32,11291
5840	45,22058	-32,76828	45,22058	-32,76828
5860	45,22058	-32,76828	45,22058	-32,76828
5880	45,22057	-33,42363	45,22057	-32,76828
5900	45,22056	-33,42364	45,22055	-32,76828
5920	44,56519	-33,42364	45,22055	-33,42364
5940	45,22055	-33,42364	45,22056	-32,76827
5960	45,22055	-32,76828	45,22056	-32,76827
5980	45,22056	-32,76827	44,5652	-32,76827
6000	45,87592	-32,76827	47,18665	-34,07899
6020	67,50292	-38,01117	84,5424	-39,3219
6040	85,19778	-38,66654	83,23168	-37,35581
6060	83,23168	-36,04508	83,88705	-36,04507
6080	83,23169	-34,73434	83,23169	-34,73434
6100	83,88705	-34,73434	83,88706	-34,73434
6120	83,2317	-34,73434	83,88706	-34,73434
6140	83,23169	-34,73434	83,88705	-34,73434
6160	83,2317	-34,73434	83,88705	-34,07898
6180	83,88705	-34,07898	83,88705	-34,73434
6200	83,88705	-34,73434	83,88706	-34,73434
6220	83,23169	-34,73435	83,23169	-34,73434
6240	83,23169	-34,73435	83,23169	-34,73435
6260	83,23169	-34,73435	83,23169	-34,73435
6280	83,23169	-35,38971	83,23169	-34,73435
6300	82,57633	-34,73435	82,57633	-34,73436
6320	83,23169	-35,38971	83,23169	-34,73436
6340	83,23169	-35,38972	82,57633	-35,38972
6360	83,23169	-35,38972	83,23169	-35,38972
6380	83,23169	-35,38972	83,23169	-35,38973
6400	82,57633	-35,38973	82,57633	-35,38972
6420	82,57633	-36,04508	81,92097	-35,38972
6440	82,57633	-36,04508	82,57633	-36,04508
6460	81,92096	-36,04509	82,57633	-36,04508
6480	82,57633	-36,04509	80,61024	-36,04509
6500	77,98877	-35,38973	79,29951	-35,38972
6520	79,29952	-35,38972	79,29951	-34,73435
6540	79,29951	-34,73435	79,95487	-34,73434
6560	79,95486	-34,73435	79,95486	-34,73435
6580	79,95485	-35,38971	79,29949	-35,38971
6600	79,29949	-36,04508	79,95484	-36,04508
6620	79,95484	-36,04508	79,95484	-36,04508
6640	79,95484	-36,04509	79,95485	-36,04509
6660	79,95485	-36,70045	80,61021	-36,70044
6680	80,61021	-36,04508	80,61021	-36,70044
6700	79,29948	-36,04509	73,40119	-36,04509
6720	72,09046	-36,0451	72,74583	-35,38973
6740	73,40119	-36,04508	72,74583	-34,73436
6760	72,74583	-35,38972	72,74583	-35,38972
6780	72,09047	-36,04508	72,74583	-35,38972
6800	72,74583	-35,38973	72,74583	-35,38972
6820	72,74583	-36,04509	72,74583	-35,38972
6840	72,74583	-36,04509	72,74583	-35,38973
6860	72,74583	-36,04508	72,74583	-36,04508
6880	72,74583	-36,04509	72,74583	-36,70045
6900	72,74583	-36,70045	72,09047	-36,70045
6920	72,74583	-36,70045	72,09047	-36,04509
6940	72,74583	-36,70046	81,92091	-39,3219
6960	89,7853	-41,28798	89,78532	-40,63262
6980	88,47458	-39,97726	89,12994	-38,66653
7000	89,12995	-38,66652	89,12996	-38,01116
7020	89,12996	-37,3558	88,4746	-37,35579
7040	89,12996	-37,35579	89,12997	-36,70043
7060	89,12996	-36,70043	89,78533	-36,04507
7080	89,78534	-36,04506	90,4407	-35,3897
7100	90,44071	-35,3897	91,09608	-34,73434
7120	91,09864	-34,73434	91,75146	-34,07898
7140	91,75147	-34,73434	93,0622	-34,07898
7160	93,0622	-34,73435	78,64411	-36,04512
7180	43,90972	-36,70054	34,07908	-31,45767
7200	28,1807	-30,14695	26,86994	-28,18086
7220	21,62695	-30,80231	17,69473	-30,14695
7240	20,31621	-27,52549	22,28232	-25,55939
7260	22,93769	-24,24866	24,24843	-22,28257
7280	24,9038	-20,97185	25,55919	-20,31649
7300	26,21457	-19,66113	27,5253	-18,3504
7320	27,52531	-18,3504	28,18068	-17,69503
7340	28,18069	-17,69503	28,1807	-17,03967
7360	28,1807	-16,38431	28,1807	-16,38431
7380	28,1807	-16,3843	28,1807	-16,3843
7400	27,52534	-17,69503	22,9377	-25,55942
7420	15,07324	-32,76845	15,72862	-32,76846
7440	16,384	-30,80235	16,384	-29,49161
7460	16,384	-29,49161	16,38401	-28,18087
7480	16,38401	-28,18087	16,38401	-27,5255
7500	16,38401	-27,5255	17,03938	-26,87013
7520	17,03937	-26,87013	17,03938	-26,21477
7540	17,03938	-25,5594	17,69475	-26,21476
7560	15,07328	-26,87012	11,14106	-26,21475
7580	10,4857	-26,21475	10,4857	-25,55938
7600	10,4857	-25,55937	10,4857	-24,904
7620	10,4857	-24,90399	10,4857	-24,90399
7640	10,48569	-24,904	9,83033	-25,55935
7660	9,83033	-25,55936	9,83033	-25,55936
7680	9,17497	-26,21472	9,17497	-26,21472
7700	9,17497	-26,21472	9,17496	-26,87009
7720	9,17497	-27,52545	9,17496	-26,87009
7740	8,5196	-27,52545	8,5196	-27,52545
7760	8,5196	-28,18082	8,5196	-28,18082
7780	8,5196	-28,18082	8,5196	-28,18083
7800	8,5196	-28,83619	7,86424	-28,83619
7820	7,20887	-30,14692	5,24276	-30,14693
7840	5,24275	-30,80229	5,89812	-30,14692
7860	5,89812	-30,14692	5,89812	-30,14692
7880	5,89812	-30,80229	5,24275	-30,80229
7900	5,89811	-31,45765	5,8981	-31,45765
7920	5,8981	-32,11302	5,89809	-31,45766
7940	5,24273	-32,11302	5,24273	-32,76839
7960	5,24272	-32,76839	5,24272	-32,76839
7980	5,24272	-33,42375	5,24273	-33,42376
8000	5,24272	-33,42376	5,24273	-33,42376
8020	5,24272	-33,42376	5,24273	-33,42376
8040	5,24273	-34,07913	5,24272	-34,07913
8060	4,58736	-34,07913	5,24273	-34,73449
8080	4,58736	-34,73449	4,58736	-34,73449
8100	4,58736	-35,38986	4,58736	-35,38986
8120	3,93199	-35,38986	3,93199	-35,38986
8140	3,93199	-36,04522	3,93199	-36,04522
8160	3,93198	-36,04522	3,93199	-36,70058
8180	3,93198	-36,70059	3,93199	-36,70059
8200	3,93198	-36,70059	3,93198	-36,70059
8220	3,93199	-37,35596	3,93198	-36,7006
8240	3,93198	-37,35596	3,27663	-37,35595
8260	3,27662	-38,01132	3,27662	-38,01133
8280	3,27662	-38,66669	4,58736	-37,35597
8300	13,76251	-36,70061	19,66082	-36,04525
8320	22,28229	-36,70061	20,97156	-36,04524
8340	20,31621	-34,73451	19,66086	-34,07914
8360	19,66085	-34,07914	19,66085	-33,42377
8380	19,66085	-33,42378	19,0055	-32,76841
8400	18,35014	-32,76841	19,0055	-32,11305
8420	18,35013	-32,11305	18,35013	-32,11305
8440	18,35014	-32,11305	18,35014	-32,11304
8460	18,35013	-32,11304	17,69478	-31,45768
8480	18,35014	-32,11304	17,69478	-32,11305
8500	17,69478	-32,11305	18,35014	-32,11305
8520	17,69478	-32,11305	18,35014	-32,76841
8540	18,35014	-32,76842	18,35015	-32,11306
8560	18,35014	-32,76842	18,35014	-32,76841
8580	18,35013	-32,76842	18,35013	-32,76842
8600	18,35012	-33,42378	18,35012	-33,42378
8620	18,35012	-33,42378	18,35011	-33,42379
8640	17,69475	-34,07915	18,35011	-33,42379
8660	18,35011	-34,07915	18,35011	-34,07915
8680	18,35012	-34,07915	17,03939	-34,07915
8700	15,72864	-34,07916	16,38402	-33,42379
8720	17,03938	-33,42378	17,03938	-32,76841
8740	17,03938	-33,42377	17,03938	-32,76842
8760	17,03937	-34,07914	16,38401	-33,42378
8780	16,38401	-34,07914	16,38401	-34,07914
8800	16,38401	-34,07915	15,72865	-34,73451
8820	16,38401	-34,73451	15,72865	-34,73451
8840	16,38401	-34,73452	16,38401	-34,73452
8860	15,72865	-35,38988	15,72865	-35,38987
8880	15,72864	-35,38988	16,38401	-35,38987
8900	16,38401	-35,38988	15,72865	-35,38988
8920	15,72865	-35,38988	15,72865	-35,38988
8940	15,72865	-36,04524	15,72865	-35,38988
8960	15,72865	-35,38987	15,72865	-35,38987
8980	15,72865	-34,73451	15,72865	-35,38987
9000	15,72866	-35,38987	15,0733	-34,73451
9020	15,72866	-35,38987	15,72865	-34,73451
9040	15,0733	-35,38987	15,07329	-35,38987
9060	15,07329	-35,38987	15,07329	-34,73451
9080	15,07329	-35,38987	14,41793	-34,73451
9100	15,07329	-35,38987	15,07329	-35,38987
9120	14,41793	-35,38987	14,41793	-35,38987
9140	14,41792	-36,04523	14,41793	-35,38878
9160	14,41793	-36,04523	14,41793	-35,38987
9180	14,41793	-35,38987	14,41792	-35,38986
9200	13,76256	-35,38986	13,76257	-35,38987
9220	13,76257	-35,38986	13,10721	-34,7345
9240	13,1072	-35,38986	13,1072	-34,7345
9260	13,1072	-35,38986	21,62696	-34,73449
9280	27,52533	-36,70056	28,83612	-38,66664
9300	27,5254	-36,70056	27,52538	-35,38983
9320	26,87002	-34,73446	26,87002	-34,0791
9340	27,52538	-34,0791	26,87001	-33,42374
9360	26,87001	-33,42373	26,87001	-32,76837
9380	27,52537	-32,76837	27,52537	-32,76836
9400	27,52538	-32,11301	26,87002	-32,113
9420	27,52538	-32,113	27,52538	-31,45764
9440	27,52538	-31,45764	26,2146	-30,8023
9460	25,55921	-31,45767	26,21458	-31,45767
9480	25,55923	-30,8023	26,21459	-30,14694
9500	25,55923	-30,14694	26,21459	-29,49157
9520	26,2146	-30,14694	25,55924	-30,14694
9540	26,2146	-30,14695	26,2146	-30,14695
9560	26,2146	-30,14695	26,21461	-30,14695
9580	26,21461	-30,14695	25,55925	-30,14696
9600	26,2146	-30,80232	25,55924	-30,14696
9620	25,55924	-30,80232	25,55924	-30,14697
9640	25,55924	-30,80233	25,55924	-30,80233
9660	25,55924	-30,80233	25,55925	-30,80233
9680	26,21463	-32,76841	28,83613	-34,07913
9700	28,83615	-34,73449	28,83615	-33,42377
9720	28,83615	-34,07912	28,83615	-33,42376
9740	28,18079	-34,07912	28,18079	-34,07913
9760	28,18079	-34,07913	28,1808	-34,07913
9780	28,18079	-34,07913	28,18079	-34,07913
9800	28,18079	-34,07913	28,1808	-34,07914
9820	28,1808	-34,07913	28,18079	-34,07914
9840	27,52543	-34,7345	27,52543	-34,7345
9860	28,83617	-38,0113	34,07917	-41,94347
9880	36,04532	-42,59882	36,70069	-41,94346
9900	36,04533	-41,94346	36,04533	-41,2881
9920	36,04533	-41,28809	36,04533	-41,28809
9940	36,04534	-41,28809	36,04534	-40,63273
9960	36,04534	-41,2881	36,04534	-41,2881
9980	36,04534	-41,2881	35,38998	-41,28809
10000	35,39253	-41,2881	35,38998	-41,2881
10020	35,38998	-41,94346	35,38998	-41,94346
10040	35,38998	-41,94346	35,38998	-42,59882
10060	36,04533	-42,59883	36,04532	-42,59883
10080	36,04532	-42,59883	36,04532	-42,59883
10100	36,04531	-43,25419	36,04531	-43,25419
10120	36,0453	-43,2542	36,0453	-43,2542
10140	36,0453	-43,25419	36,0453	-43,25419
10160	36,0453	-43,90955	36,0453	-43,25419
10180	35,38994	-43,90955	38,0114	-45,87563
10200	51,7741	-49,15242	60,29386	-49,15242
10220	58,98313	-48,49706	57,6724	-46,53097
10240	57,67241	-45,8756	57,01705	-45,22023
10260	57,67241	-43,9095	57,67242	-43,25413
10280	57,67242	-42,59877	57,67241	-42,59877
10300	57,67242	-41,94341	57,67242	-41,9434
10320	57,01706	-41,28804	57,01706	-41,28804
10340	57,01705	-41,28804	57,01705	-41,28804
10360	56,36169	-41,28804	56,36169	-41,28804
10380	56,36169	-41,28804	60,29386	-41,28804
10400	64,22606	-41,28803	65,53678	-40,63268
10420	65,53678	-40,63268	65,53678	-40,63267
10440	65,53678	-40,63268	65,53678	-40,63268
10460	65,53678	-40,63268	65,53678	-40,63268
10480	65,53678	-41,28805	65,53677	-40,63269
10500	65,53678	-41,28805	65,53677	-41,28805
10520	65,53677	-41,94342	64,88141	-41,28806
10540	64,88141	-41,94342	64,22605	-41,94343
10560	64,22605	-41,94343	64,22605	-41,94343
10580	64,22606	-41,94343	63,5707	-42,59879
10600	63,5707	-42,5988	62,91534	-42,59879
10620	62,25998	-42,59879	62,25999	-43,25415
10640	61,60463	-43,90951	61,60464	-43,90952
10660	60,94928	-44,56488	60,29392	-45,22023
10680	60,29392	-45,87559	59,63856	-45,22023
10700	58,9832	-46,53095	59,63856	-45,8756
10720	59,63856	-46,53096	60,29392	-46,53095
10740	59,63856	-47,18631	60,29392	-46,53095
10760	60,29392	-46,53096	60,29392	-47,18632
10780	70,77971	-48,49704	81,92092	-49,1524
10800	84,54238	-49,1524	83,88701	-47,84167
10820	83,23164	-48,49703	83,23164	-47,84167
10840	83,23164	-48,49703	83,23164	-47,84167
10860	83,23164	-47,84166	83,23164	-47,84166
10880	83,23164	-47,84167	83,23164	-47,84166
10900	83,887	-47,84167	83,887	-47,84166
10920	83,887	-47,84167	83,23164	-47,84166
10940	83,23163	-47,84167	83,88699	-47,84167
10960	83,23163	-47,84167	83,23163	-47,84166
10980	83,88699	-47,84167	83,23163	-47,84167
11000	83,23163	-47,84167	83,23162	-48,49703
11020	83,23162	-48,49704	83,23162	-48,49704
11040	83,23162	-48,49704	83,23162	-48,49704
11060	83,23162	-48,49704	83,23162	-48,49704
11080	83,23162	-48,49704	83,23162	-48,49704
11100	83,23162	-48,49705	82,57626	-48,49704
11120	82,57625	-48,49704	82,57625	-49,15241
11140	82,57625	-49,15241	82,57625	-49,15241
11160	82,57626	-49,15241	83,23161	-49,15241
11180	88,47454	-49,1524	89,7853	-49,1524
11200	90,44065	-49,1524	90,44065	-48,49703
11220	90,44065	-48,49703	90,44065	-47,84167
11240	90,44064	-47,84167	90,44065	-48,49703
11260	90,44065	-48,49703	90,44064	-48,49704
11280	90,44064	-48,49704	90,44065	-48,49703
11300	90,44064	-48,49703	90,44064	-47,84168
11320	90,44064	-48,49704	90,44064	-48,49704
11340	90,44064	-48,49704	90,44063	-48,49704
11360	90,44063	-47,84168	91,096	-47,84168
11380	90,44063	-48,49704	91,096	-48,49704
11400	93,06209	-49,80776	97,64968	-51,11848
11420	97,64969	-51,11849	96,99431	-50,46312
11440	96,9943	-50,46312	96,33894	-50,46312
11460	96,33894	-49,80775	96,33894	-49,80775
11480	96,33893	-51,11848	96,33893	-50,46311
11500	96,33892	-50,46312	96,33892	-51,11848
11520	96,33892	-51,11848	96,99427	-51,11848
11540	96,99427	-51,77385	96,99426	-51,77385
11560	96,99426	-51,77385	96,99426	-51,77385
11580	96,99426	-51,77385	96,99425	-51,77385
11600	96,99426	-51,77385	96,99425	-51,77385
11620	96,99426	-51,77384	94,37278	-51,77386
11640	88,47444	-52,42923	86,50835	-51,77388
11660	87,16373	-51,77387	87,8191	-51,1185
11680	87,8191	-51,1185	87,81911	-51,1185
11700	87,8191	-51,11849	87,8191	-51,1185
11720	87,8191	-51,1185	87,16375	-51,1185
11740	87,81911	-51,1185	87,81911	-51,1185
11760	87,81911	-51,1185	87,16375	-51,11851
11780	87,16376	-51,11851	87,81913	-51,1185
11800	87,81913	-51,11851	87,81913	-51,11851
11820	87,81913	-51,77387	87,82168	-51,77388
11840	87,81913	-51,77388	87,16378	-51,77387
11860	86,50842	-51,77387	85,85306	-51,1185
11880	85,85306	-51,1185	85,1977	-51,11851
11900	84,54234	-51,77387	83,88698	-51,11851
11920	83,88698	-51,77387	83,23162	-51,11851
11940	83,23163	-51,11851	82,57627	-50,46315
11960	62,91532	-52,42927	38,66672	-53,74005
11980	29,49148	-50,46328	24,24846	-49,80792
12000	22,93768	-49,15254	23,59308	-45,87571
12020	24,24845	-44,56497	23,59309	-42,59888
12040	24,24845	-42,59887	24,24846	-41,28815
12060	24,24846	-40,63278	24,24847	-39,97741
12080	23,59311	-39,32204	23,59311	-38,01131
12100	23,59312	-37,35594	23,59313	-36,04521
12120	24,24849	-36,0452	23,59314	-35,38983
12140	23,59314	-35,38983	23,59314	-34,73446
12160	23,59315	-34,0791	23,59316	-33,42373
12180	23,59316	-33,42373	23,59317	-33,42373
12200	22,93782	-34,73446	20,97165	-39,97738
12220	8,51961	-47,84178	0,65517	-51,77399
12240	0,6552	-49,15252	1,96594	-47,18642
12260	2,62131	-45,22033	2,62132	-43,9096
12280	3,93205	-42,59887	4,58742	-41,9435
12300	5,24279	-41,28814	-62,91465	-39,97741
12320	6,55352	-39,32205	7,20888	-38,66668
12340	7,20888	-38,01132	7,86425	-37,35596
12360	7,86425	-37,35595	8,51962	-36,70059
12380	7,86426	-36,70059	8,51962	-36,04522
12400	8,51962	-36,04522	5,24279	-37,35594
12420	1,31057	-38,0113	1,96594	-36,70058
12440	2,62132	-36,70057	2,62132	-36,04519
12460	2,62132	-35,38983	2,62132	-36,0452
12480	2,62131	-36,0452	2,62131	-36,0452
12500	2,62132	-36,70056	2,62132	-36,0452
12520	2,62132	-36,70057	2,62132	-36,70057
12540	2,62132	-36,70057	2,62132	-37,35593
12560	2,62132	-37,35593	2,62131	-37,35593
12580	3,27667	-37,35594	3,27667	-38,01131
12600	3,93202	-38,01131	3,27666	-38,66668
12620	3,27666	-38,66668	3,27666	-38,66668
12640	3,27666	-38,66668	3,93202	-38,66669
12660	3,93202	-39,32205	3,93202	-39,32205
12680	3,93202	-39,32205	3,93202	-39,32206
12700	3,27667	-39,32206	7,20885	-38,66669
12720	10,48571	-38,01133	11,14108	-38,01133
12740	11,14108	-37,35597	11,14108	-37,35597
12760	11,14108	-36,04525	11,14108	-36,04525
12780	11,14108	-36,04525	11,14108	-35,38989
12800	11,14108	-35,38989	11,14108	-34,73453
12820	11,14108	-34,73454	11,79645	-34,07918
12840	11,79645	-33,42382	11,14109	-33,42382
12860	11,79645	-33,42383	16,38401	-33,42382
12880	22,28233	-34,07919	22,93771	-34,07919
12900	22,93771	-33,42383	22,28236	-32,1131
12920	21,627	-32,11309	21,627	-32,11309
12940	20,97165	-32,1131	20,97165	-32,76845
12960	20,31629	-32,76846	19,66093	-32,76846
12980	19,66093	-33,42383	19,66093	-33,42383
13000	19,66093	-34,07919	19,66093	-34,07919
13020	19,66092	-34,73456	20,31628	-34,73456
13040	20,31627	-35,38992	20,31628	-35,38992
13060	20,31627	-36,04529	20,31627	-36,04529
13080	20,31627	-36,70065	19,66091	-36,70065
13100	19,6609	-37,35602	19,66091	-36,70065
13120	19,66091	-37,35602	19,00555	-37,35602
13140	19,00555	-37,35602	18,35019	-38,01138
13160	17,69483	-38,66674	17,69483	-39,32211
13180	18,35028	-43,90962	21,62718	-48,49715
13200	23,59332	-49,15251	22,93796	-48,49715
13220	22,28261	-47,84178	22,28261	-47,18641
13240	22,28262	-47,18641	22,28516	-47,1864
13260	22,28261	-46,53104	22,93797	-46,53104
13280	22,93797	-46,53104	22,93797	-45,87567
13300	22,93796	-46,53104	22,93796	-45,87568
13320	22,93796	-45,87567	22,93796	-45,87567
13340	22,93796	-45,87567	22,93795	-45,87567
13360	22,93795	-45,87567	22,93795	-45,87567
13380	23,59332	-45,22031	22,93795	-45,87567
13400	23,59331	-45,87567	22,93795	-45,87567
13420	22,93795	-45,87567	22,93795	-45,87567
13440	22,93795	-46,53103	22,93795	-46,53103
13460	22,93795	-46,53103	22,93795	-46,53103
13480	22,93795	-46,53104	22,93795	-46,53104
13500	22,28258	-47,1864	22,28258	-47,18639
13520	22,93794	-47,1864	22,93794	-47,18639
13540	22,93794	-47,1864	22,93794	-47,1864
13560	22,28258	-47,1864	22,28258	-47,1864
13580	22,93794	-47,1864	22,93794	-47,1864
13600	22,93794	-46,53104	22,93794	-46,53104
13620	23,59331	-48,49712	32,11312	-51,11855
13640	38,01147	-51,77389	40,63294	-50,46316
13660	39,97758	-49,8078	39,32222	-49,15243
13680	39,97757	-48,49707	39,97757	-48,49706
13700	39,97757	-48,49706	39,3222	-48,49706
13720	39,32219	-48,49706	39,3222	-48,49706
13740	39,32219	-49,15242	39,32219	-48,49706
13760	39,32219	-49,15243	39,32219	-49,15242
13780	39,32219	-49,15243	39,32219	-48,49707
13800	39,32219	-48,49706	39,32219	-48,49706
13820	39,32219	-49,15242	39,32219	-48,49706
13840	39,32219	-49,15243	39,32218	-48,49707
13860	39,97755	-50,46315	43,25439	-51,77387
13880	43,90976	-51,77388	43,90975	-50,46315
13900	43,25439	-51,11851	43,90976	-50,46315
13920	43,90976	-51,11851	43,90976	-50,46315
13940	43,90975	-50,46315	43,90975	-50,46315
13960	43,90975	-50,46315	43,90975	-51,11851
13980	44,56511	-51,11852	43,90975	-51,11851
14000	44,56511	-51,11852	43,90975	-51,11852
14020	43,90975	-51,77388	43,90975	-51,11852
14040	44,56511	-51,77389	44,56511	-51,11853
14060	44,56511	-51,77389	43,90974	-51,77389
14080	43,90975	-51,77389	43,90975	-51,77389
14100	43,90975	-51,77389	43,90974	-51,77389
14120	43,25438	-51,77389	43,25438	-51,77389
14140	43,25438	-51,7739	43,25438	-51,77389
14160	43,25438	-52,42926	43,25438	-52,42925
14180	43,25438	-52,42926	43,25438	-52,42926
14200	43,25437	-52,42926	43,90974	-53,08461
14220	50,4634	-53,73997	53,08487	-54,39533
14240	51,77414	-53,73997	51,77414	-53,0846
14260	51,77414	-53,0846	51,77415	-52,42923
14280	51,77415	-52,42923	51,77415	-52,42923
14300	51,77415	-52,42923	51,11879	-51,77386
14320	51,11879	-52,42923	51,11879	-52,42923
14340	51,11879	-52,42923	51,11879	-51,77387
14360	51,11878	-51,77387	51,11878	-52,42923
14380	50,46342	-52,42923	51,11877	-52,42923
14400	51,11876	-52,42923	51,11876	-52,42923
14420	51,11876	-52,42923	51,11876	-53,0846
14440	50,46339	-53,08459	50,46339	-53,08459
14460	50,46339	-53,0846	51,11875	-53,0846
14480	50,46339	-53,0846	51,11875	-53,0846
14500	51,11875	-53,0846	51,11875	-53,0846
14520	51,11876	-53,73996	51,11876	-53,0846
14540	51,11875	-53,73996	48,49729	-53,08461
14560	47,84192	-53,08461	47,84193	-53,08461
14580	47,84192	-53,08461	47,84192	-52,42925
14600	47,18656	-52,42925	47,84192	-53,08461
14620	47,84192	-53,73997	47,84192	-53,08461
14640	47,84192	-53,08462	47,84192	-53,73998
14660	47,84192	-53,73998	47,84192	-53,73998
14680	47,84192	-53,73998	48,49728	-53,73998
14700	47,84192	-54,39535	48,49728	-53,73999
14720	48,49728	-54,39535	47,84192	-53,73999
14740	47,84192	-54,39535	48,49728	-53,73999
14760	48,49728	-54,39536	48,49728	-53,73999
14780	48,49728	-54,39536	47,84192	-54,39536
14800	47,84192	-54,39536	58,32774	-55,70606
14820	73,40113	-57,01678	78,64404	-57,67215
14840	77,33332	-56,36143	77,33332	-55,70606
14860	77,33333	-55,70605	77,33333	-55,05069
14880	77,33332	-55,70606	77,33333	-55,70606
14900	77,33333	-55,70606	77,33333	-54,39534
14920	77,33333	-55,70606	77,98869	-55,70606
14940	77,98869	-55,70606	77,98869	-55,70607
14960	77,33333	-56,36143	77,33332	-56,36143
14980	77,33332	-56,36143	77,33333	-56,36142
15000	77,33333	-56,36143	77,33333	-56,36143
15020	77,33333	-57,01679	77,33333	-57,01679
15040	77,33333	-57,0168	77,33333	-57,01679
15060	77,33333	-57,0168	77,33333	-57,67216
15080	77,33333	-57,67216	77,33333	-57,0168
15100	77,33333	-57,67216	77,33332	-57,67216
15120	77,33332	-58,32752	77,33331	-58,32753
15140	77,33331	-58,32753	77,33331	-58,32753
15160	77,33331	-58,32753	77,33331	-58,32754
15180	77,3333	-58,32753	77,3333	-58,32753
15200	77,33331	-58,32754	77,33331	-58,32753
15220	77,98867	-58,32754	77,98867	-57,67218
15240	77,33331	-58,32754	77,33331	-58,32754
15260	77,98867	-58,32754	77,98867	-57,67218
15280	77,33331	-58,32754	77,33331	-58,32754
15300	77,33331	-58,32755	77,33331	-58,32755
15320	77,3333	-58,98291	77,33331	-58,98291
15340	77,3333	-59,63828	77,33331	-59,63827
15360	77,3333	-59,63828	77,3333	-59,63828
15380	77,3333	-60,29364	77,3333	-60,29364
15400	77,98866	-60,29365	77,98866	-60,29365
15420	77,3333	-60,94901	64,226	-60,94903
15440	45,2204	-61,60442	40,63282	-61,60443
15460	41,28821	-60,94906	41,94358	-60,29368
15480	41,28822	-59,63831	41,28822	-59,63832
15500	41,28822	-59,63832	41,28823	-58,98296
15520	41,28822	-58,98295	41,94359	-58,98295
15540	41,28823	-58,98295	41,28823	-58,98294
15560	41,28823	-58,32759	41,28823	-58,32758
15580	41,94359	-58,32759	41,28824	-58,32759
15600	41,28824	-58,98294	41,28824	-58,32759
15620	41,28825	-58,98295	41,28824	-58,32759
15640	41,28824	-58,32759	41,28824	-58,32759
15660	41,28824	-58,98296	41,28825	-58,32759
15680	41,28825	-58,32759	41,94361	-58,98295
15700	41,28825	-58,98296	41,94361	-58,32759
15720	41,94361	-58,98295	41,94361	-58,98295
15740	41,94361	-58,98295	41,28825	-58,32759
15760	41,28825	-58,98296	38,66677	-58,98296
15780	38,01138	-58,98298	38,66676	-58,32761
15800	38,66677	-58,3276	38,66676	-58,3276
15820	38,66677	-58,3276	38,01141	-58,3276
15840	38,66677	-58,3276	38,66676	-58,3276
15860	39,32212	-58,98296	39,32212	-58,3276
15880	39,32212	-58,98296	39,32211	-58,98296
15900	39,32211	-58,98296	39,32211	-58,98296
15920	39,32211	-58,98296	39,97747	-58,98297
15940	39,32211	-58,98297	39,97747	-59,63832
15960	39,97747	-58,98296	39,97748	-58,98297
15980	39,97747	-58,98297	39,97748	-58,98296
16000	39,97747	-59,63833	39,97747	-58,98296
16020	39,97747	-58,98297	39,97747	-59,63832
16040	39,97746	-59,63833	39,97747	-59,63832
16060	41,94357	-59,63833	43,25432	-60,29368
16080	43,90968	-60,29368	43,90968	-58,98296
16100	43,90968	-59,63832	43,90969	-58,32759
16120	43,90968	-58,98295	43,90969	-58,32759
16140	43,90969	-58,32759	43,25433	-57,67223
16160	43,25432	-58,32759	43,90969	-57,67223
16180	43,25433	-57,67223	43,90968	-57,67223
16200	43,25432	-58,32759	43,25432	-58,32759
16220	43,25432	-58,32759	42,59896	-58,32759
16240	43,25432	-58,3276	43,25432	-57,67224
16260	43,25432	-57,67224	43,25433	-57,67224
16280	43,25432	-57,67224	42,59897	-57,67224
16300	42,59896	-57,67224	42,59897	-58,3276
16320	42,59896	-58,3276	42,59896	-57,67224
16340	41,9436	-58,3276	41,94361	-57,67224
16360	41,9436	-58,32761	41,9436	-58,3276
16380	41,9436	-58,32761	41,9436	-58,32761
16400	41,28824	-58,32761	41,28824	-58,32761
16420	41,28824	-58,98297	41,9436	-58,98297
16440	42,59897	-58,98297	45,22044	-58,98297
16460	43,90971	-58,98297	43,90971	-58,3276
16480	44,56507	-58,3276	44,56507	-58,3276
16500	44,56507	-58,98297	44,56508	-58,98297
16520	44,56507	-58,98297	44,56507	-58,98298
16540	44,56507	-59,63834	43,90971	-59,63834
16560	44,56507	-60,2937	43,9097	-59,63834
16580	43,25434	-60,29371	43,25434	-59,63834
16600	43,25434	-60,2937	43,25434	-59,63834
16620	43,25433	-60,2937	43,25432	-60,2937
16640	43,25432	-60,2937	42,59896	-60,2937
16660	42,59895	-60,2937	42,59895	-60,2937
16680	42,59895	-60,2937	45,87577	-60,94906
16700	50,46332	-62,25978	51,11869	-61,60442
16720	50,46333	-61,60442	50,46333	-60,29369
16740	50,46333	-60,29369	50,46333	-60,29369
16760	49,80797	-60,29369	50,46333	-59,63832
16780	50,46332	-60,29368	49,80796	-60,29368
16800	49,80796	-60,29369	49,80796	-60,29368
16820	49,80796	-60,29369	49,1526	-60,29369
16840	49,1526	-60,29369	49,1526	-60,29369
16860	49,1526	-60,94906	49,1526	-60,94905
16880	51,77404	-61,60442	64,88132	-62,91513
16900	71,43497	-63,57049	73,40107	-62,91513
16920	72,7457	-62,25976	72,7457	-62,25976
16940	72,74571	-62,25976	72,74571	-62,25976
16960	72,09035	-62,25976	72,09035	-62,25976
16980	72,09035	-62,25976	71,43498	-62,25976
17000	71,43499	-62,91512	72,09035	-62,25976
17020	72,09035	-62,25977	71,43499	-62,25977
17040	71,43499	-62,25977	72,09035	-62,25977
17060	71,43499	-62,91513	71,43499	-62,25977
17080	70,77963	-62,25978	70,77963	-62,25977
17100	70,77963	-62,25977	70,77962	-62,25977
17120	70,12426	-62,25978	72,74571	-62,91513
17140	85,85301	-64,22585	91,75133	-64,22584
17160	91,75136	-64,22583	92,40672	-62,9151
17180	91,75136	-62,25974	91,75137	-62,25973
17200	91,75137	-62,25973	91,75136	-60,94901
17220	91,75137	-61,60437	91,75137	-60,949
17240	91,75137	-60,949	91,75137	-60,949
17260	91,75137	-60,949	91,75137	-60,949
17280	91,75137	-61,60437	91,75138	-61,60437
17300	91,75137	-62,25974	91,09601	-61,60438
17320	91,75136	-62,91511	91,75136	-62,91512
17340	91,096	-63,57048	91,75134	-64,22585
17360	91,75133	-64,88122	91,75132	-64,88122
17380	91,75131	-65,53659	91,7513	-66,19196
17400	91,09594	-66,84733	91,09593	-66,19197
17420	91,09593	-66,84734	91,09593	-66,84734
17440	91,09593	-67,5027	91,7513	-67,5027
17460	91,09594	-67,5027	91,7513	-67,5027
17480	91,7513	-67,5027	91,7513	-67,5027
17500	91,7513	-67,5027	91,7513	-68,15806
17520	96,33888	-68,81341	99,61574	-68,81339
17540	99,61575	-69,46876	99,61574	-68,8134
17560	99,61574	-68,8134	99,61574	-68,81339
17580	100,2711	-68,8134	100,2711	-68,81339
17600	100,2711	-68,8134	100,2711	-69,46876
17620	100,2711	-68,8134	100,92646	-68,8134
17640	100,92647	-68,8134	100,92647	-68,15804
17660	100,92647	-68,8134	97,64962	-70,77949
17680	95,6835	-74,0563	96,33888	-75,36702
17700	96,99426	-74,05629	97,64965	-72,09018
17720	98,96039	-70,77945	99,61576	-68,81336
17740	100,27114	-68,15799	101,58188	-67,50263
17760	102,23726	-66,84726	102,89263	-66,1919
17780	102,89264	-66,19189	103,548	-65,53653
17800	103,54801	-64,88117	103,54801	-64,88116
17820	102,89265	-65,53652	102,89265	-64,88116
17840	102,89265	-64,88116	102,89264	-64,88116
17860	102,23728	-64,88116	102,23728	-64,22579
17880	102,23728	-64,88116	102,23728	-64,88115
17900	101,58191	-64,88115	102,23728	-64,22579
17920	102,23728	-64,22579	102,89265	-64,22579
17940	102,23729	-64,22579	102,89266	-64,22579
17960	102,89266	-64,22579	102,89266	-64,22579
17980	103,54802	-63,57043	103,54803	-63,57043
18000	103,54803	-64,22579	104,20342	-62,91504
18020	105,51418	-62,91504	105,51418	-62,25968
18040	105,51417	-62,25967	104,85882	-60,94895
18060	104,85882	-61,6043	104,20346	-61,6043
18080	104,85882	-61,6043	105,51417	-61,6043
18100	104,8588	-61,60431	105,51416	-61,60431
18120	105,51416	-62,25968	105,51415	-62,25968
18140	105,51415	-62,25968	105,51415	-62,25967
18160	104,85879	-62,25968	104,85879	-61,60431
18180	105,51415	-61,60432	105,51415	-62,25968
18200	104,85879	-62,25968	104,85879	-62,25968
18220	105,51416	-62,25968	106,8249	-62,25968
18240	107,48026	-62,25968	106,8249	-61,60432
18260	106,8249	-61,60431	106,8249	-61,60431
18280	106,8249	-61,60431	106,16954	-61,6043
18300	106,16954	-61,60431	106,16954	-61,60431
18320	105,51418	-61,6043	104,85882	-61,60431
18340	105,51417	-61,60431	105,51417	-61,60431
18360	105,51417	-62,25967	105,51417	-62,25967
18380	105,51417	-62,25967	106,16953	-62,25967
18400	105,51417	-62,25967	105,51418	-62,25967
18420	105,51418	-62,25967	105,51418	-61,60431
18440	106,16954	-61,60431	106,16955	-61,60431
18460	106,16955	-61,60432	106,16955	-60,94895
18480	106,16955	-61,60431	106,16955	-61,60432
18500	109,44641	-62,91503	110,10179	-62,25968
18520	109,44641	-62,25968	109,44641	-61,60432
18540	109,44642	-61,60431	109,44642	-60,94895
18560	109,44642	-60,94895	108,79106	-60,94895
18580	109,44642	-60,94895	109,44642	-60,94895
18600	109,44642	-60,94895	109,44642	-60,94895
18620	108,79106	-60,94895	108,79107	-60,94895
18640	109,44643	-60,94895	109,44643	-60,94895
18660	109,44643	-60,94895	108,79107	-60,94895
18680	108,79107	-60,94895	108,79107	-60,94895
18700	108,79108	-60,94895	108,79107	-60,94895
18720	108,79107	-60,94895	108,79108	-60,94895
18740	108,79108	-61,60431	106,82495	-60,94896
18760	104,20344	-62,2597	103,54807	-62,2597
18780	104,20343	-62,2597	104,20343	-61,60432
18800	103,54807	-61,60433	103,54806	-61,60433
18820	104,20342	-61,60433	103,54806	-60,94897
18840	104,20341	-61,60433	103,54806	-60,94897
18860	104,85878	-61,60434	104,85878	-60,94897
18880	104,85878	-60,94898	105,51414	-60,94897
18900	105,51414	-60,94898	105,51415	-60,29361
18920	106,1695	-60,29361	106,16951	-60,29361
18940	106,16951	-59,63826	106,16951	-59,63825
18960	106,1695	-59,63826	106,82487	-59,63825
18980	106,16951	-59,63825	106,82487	-58,98289
19000	106,82486	-58,98289	106,82487	-58,32753
19020	106,82486	-58,32753	106,82487	-57,67217
19040	106,82487	-58,32753	106,82487	-57,67217
19060	107,48023	-57,67218	107,48023	-57,67217
19080	107,48022	-58,32754	107,48023	-57,67217
19100	107,48023	-57,67218	107,48023	-57,67218
19120	106,16949	-58,32755	98,30498	-58,32759
19140	79,95462	-60,29372	57,01687	-58,983
19160	53,0847	-58,98299	53,08473	-57,01688
19180	53,7401	-56,36151	53,74011	-56,36151
19200	53,74011	-56,36151	54,39547	-56,36151
19220	54,39548	-56,3615	54,39548	-55,05078
19240	55,05085	-55,05078	55,05085	-54,39541
19260	54,3955	-54,3954	55,05086	-55,05076
19280	55,05086	-54,3954	55,05086	-54,3954
19300	55,70623	-54,3954	55,70624	-54,3954
19320	56,3616	-55,05075	57,01697	-54,39539
19340	57,67234	-54,39539	58,98308	-54,39538
19360	60,29381	-54,39538	62,2599	-55,05074
19380	62,91527	-55,05074	64,22601	-54,39538
19400	65,53675	-54,39537	60,29384	-57,01684
19420	46,53113	-62,25976	41,94354	-64,88122
19440	32,76843	-66,19194	24,24869	-65,53657
19460	22,93795	-64,22584	22,93796	-62,9151
19480	23,59333	-62,25974	24,2487	-61,60437
19500	24,2487	-60,94902	24,90406	-60,94901
19520	24,90406	-60,94901	24,90405	-60,94901
19540	24,90404	-60,94901	24,90404	-60,94901
19560	24,24867	-61,60437	24,24866	-61,60436
19580	23,59329	-61,60436	23,59328	-61,60436
19600	22,93793	-61,60436	22,28256	-61,60436
19620	18,35027	-63,57047	20,97151	-64,88126
19640	15,72854	-62,9152	14,41782	-61,60446
19660	15,0732	-60,29372	15,0732	-58,32762
19680	15,0732	-57,67226	15,0732	-57,01689
19700	15,0732	-57,01689	15,0732	-56,36152
19720	15,0732	-55,70617	15,0732	-55,70616
19740	15,0732	-55,70616	15,0732	-55,70616
19760	15,0732	-55,70617	15,0732	-55,70617
19780	15,07321	-55,70617	15,07321	-55,70616
19800	15,07321	-55,70617	15,07322	-55,70617
19820	15,07322	-55,70617	15,07321	-55,70617
19840	15,07322	-55,70617	15,07322	-55,05081
19860	15,07322	-55,05081	15,07323	-55,05081
19880	15,07323	-55,05081	15,07323	-55,05081
19900	15,07323	-55,05081	15,07324	-55,05081
19920	15,07324	-55,05082	15,07324	-54,39545
19940	15,07324	-54,39546	15,07324	-54,39546
19960	15,07324	-54,39546	14,41789	-54,39546
19980	15,07579	-53,74011	15,07325	-54,39547
20000	15,07325	-53,7401	15,07325	-53,08474
20020	15,72862	-53,08474	15,07326	-52,42938
20040	15,72862	-53,08475	15,07326	-52,42939
20060	15,72862	-53,08476	15,07326	-53,08475
20080	15,07326	-53,08476	15,07326	-53,08476
20100	14,4179	-53,74012	14,41789	-53,08476
20120	14,41789	-53,74013	13,76253	-53,74013
20140	13,76253	-54,39549	13,10717	-54,39549
20160	13,10717	-54,3955	12,45181	-55,05086
20180	11,79644	-55,05086	11,79644	-55,70623
20200	11,14108	-56,36159	11,14108	-56,36159
20220	10,48572	-57,01695	10,48572	-57,01695
20240	9,83036	-57,67231	9,83036	-57,67232
20260	9,83036	-58,32768	13,10717	-60,29376
20280	19,00552	-63,57055	18,35022	-64,88127
20300	17,69486	-64,22592	17,69485	-63,57055
20320	17,69485	-63,57054	17,69485	-62,91518
20340	17,69485	-62,25982	18,35021	-62,25982
20360	17,69485	-62,25982	18,35021	-62,25982
20380	17,69485	-62,25982	18,35022	-62,25981
20400	18,35021	-62,25982	18,35021	-62,25982
20420	18,35021	-62,25982	18,35021	-62,25981
20440	18,35021	-62,25982	18,35021	-62,25982
20460	18,3502	-62,25982	18,3502	-62,25982
20480	19,00556	-62,25982	18,3502	-62,25982
20500	18,3502	-62,25982	19,00556	-62,25982
20520	19,00556	-62,25982	18,35019	-62,25982
20540	19,00555	-62,25982	19,00555	-62,25982
20560	18,35019	-62,91518	19,00555	-62,25983
20580	19,00554	-62,25983	19,00554	-62,91519
20600	19,00554	-62,91519	19,00554	-62,91519
20620	19,00554	-62,9152	19,00554	-62,9152
20640	18,35019	-63,57055	18,35021	-63,57056
20660	18,35021	-63,57056	18,35021	-62,25983
20680	18,35021	-62,91519	18,35021	-62,25983
20700	18,35021	-62,91519	18,35022	-62,25983
20720	18,35021	-62,91519	17,69485	-62,9152
20740	17,69485	-62,9152	17,69485	-63,57056
20760	17,69485	-62,9152	17,69485	-62,9152
20780	17,69485	-62,9152	17,69485	-63,57056
20800	17,03949	-63,57057	17,69485	-62,91521
20820	19,66087	-62,91523	19,00544	-62,91524
20840	19,66082	-63,5706	19,66084	-62,91524
20860	19,66085	-62,91523	19,66084	-63,5706
20880	19,66084	-62,91524	19,66085	-62,91524
20900	19,66085	-62,91524	19,00549	-62,91524
20920	19,00548	-63,5706	19,00548	-62,91524
20940	19,00548	-63,57061	19,66084	-63,57061
20960	19,66083	-64,22598	19,66083	-64,22598
20980	19,66082	-64,22598	19,66082	-64,22598
21000	19,66082	-64,22599	19,66081	-64,88135
21020	19,66082	-64,88135	19,66081	-64,88135
21040	19,66081	-64,88136	20,31618	-65,53672
21060	19,66082	-65,53672	19,66082	-64,88136
21080	19,66081	-65,53673	20,31617	-65,53672
21100	19,66082	-66,19209	19,66082	-66,84745
21120	19,00551	-68,15817	19,66089	-68,81353
21140	19,00552	-68,81354	19,00552	-68,15818
21160	19,00552	-68,15818	18,35016	-68,15817
21180	18,35016	-68,15818	18,35016	-68,15817
21200	18,35016	-68,81354	18,35015	-68,15818
21220	18,35015	-68,81355	18,35015	-68,81355
21240	18,35015	-68,81355	18,35015	-68,81355
21260	18,35015	-69,46891	18,35015	-68,81355
21280	18,35014	-69,46892	18,35014	-70,12428
21300	18,35014	-70,12429	18,35014	-70,77965
21320	19,00553	-71,43501	19,00554	-72,09037
21340	19,00554	-71,43501	19,00554	-71,43501
21360	18,35018	-71,43501	18,35018	-71,435
21380	18,35018	-71,43501	18,35018	-71,43501
21400	18,35018	-72,09037	17,69482	-71,43501
21420	18,35018	-72,09037	17,69482	-72,09038
21440	17,69482	-72,09038	18,35018	-71,43501
21460	17,69482	-72,09038	17,69482	-72,09037
21480	17,69483	-72,09038	17,03947	-71,43502
21500	17,03946	-72,09038	17,03947	-71,43501
21520	17,03947	-72,09038	16,38411	-72,09038
21540	17,03946	-72,09037	17,03947	-72,09037
21560	16,38411	-72,09038	16,3841	-72,09037
21580	16,3841	-72,09038	16,38411	-71,43501
21600	16,3841	-71,43501	15,72874	-72,09037
21620	15,72874	-72,09037	15,72875	-71,43501
21640	15,72875	-72,09037	17,69486	-73,40109
21660	24,24854	-75,36716	25,55929	-74,7118
21680	24,90392	-74,05644	24,90392	-73,40107
21700	24,24856	-73,40107	24,24855	-73,40107
21720	23,59318	-72,74571	23,59318	-72,74571
21740	23,59317	-73,40107	23,59317	-72,74571
21760	23,59317	-72,74571	23,59316	-72,7457
21780	22,9378	-72,74571	22,9378	-72,09034
21800	22,9378	-72,09035	22,9378	-72,74571
21820	22,28244	-72,74571	22,28244	-72,74571
21840	22,93779	-72,74571	22,93779	-72,74571
21860	22,93779	-73,40107	22,93779	-72,74571
21880	22,93778	-73,40108	22,28243	-72,74571
21900	22,28242	-73,40108	22,93778	-72,74572
21920	22,28242	-73,40108	22,93778	-72,74572
21940	22,28242	-73,40108	22,28243	-73,40108
21960	22,28242	-73,40108	22,28242	-73,40108
21980	22,28242	-72,74572	22,28242	-72,74571
22000	22,93778	-73,40108	22,28242	-72,74572
22020	22,28242	-73,40107	22,28242	-72,74572
22040	22,28242	-72,74572	22,28242	-72,74571
22060	22,28242	-73,40108	22,28242	-73,40108
22080	22,28242	-73,40108	22,28242	-73,40108
22100	22,28242	-72,74572	22,28242	-72,74571
22120	22,28242	-72,74572	22,28242	-72,74571
22140	21,62706	-72,74572	22,28242	-72,74571
22160	21,62706	-73,40108	21,62706	-72,74571
22180	21,62706	-73,40108	21,62706	-73,40107
22200	28,83609	-74,71179	35,38977	-74,71178
22220	36,70051	-74,05642	36,04515	-73,40106
22240	35,38979	-72,74569	35,38979	-72,74568
22260	35,38979	-72,09032	35,3898	-72,09032
22280	35,38979	-72,09032	35,38979	-72,09032
22300	34,73443	-71,43496	34,73443	-71,43496
22320	34,73444	-72,09032	34,73444	-71,43496
22340	34,73444	-71,43496	34,73444	-71,43496
22360	34,73444	-71,43496	34,73444	-71,43495
22380	34,07908	-71,43496	34,73444	-71,43496
22400	34,73444	-72,09032	34,73444	-71,43496
22420	34,07908	-72,09032	34,07908	-71,43496
22440	34,07908	-71,43496	34,73444	-72,09032
22460	34,07907	-72,09033	32,76832	-72,09034
22480	32,76832	-72,09034	33,42368	-72,09033
22500	32,76832	-72,09033	33,42368	-71,43497
22520	33,42368	-71,43497	33,42368	-71,43497
22540	33,42367	-72,09033	33,42368	-71,43497
22560	33,42368	-72,09033	33,42368	-71,43497
22580	33,42368	-72,09034	32,76832	-72,09033
22600	33,42368	-72,7457	32,76832	-72,7457
22620	33,42368	-72,7457	32,76831	-72,7457
22640	32,76831	-72,7457	32,76831	-72,7457
22660	32,76831	-72,7457	32,76831	-73,40106
22680	34,73441	-74,05642	45,87565	-74,71176
22700	54,39542	-75,36711	57,67225	-74,05638
22720	57,67226	-73,40101	57,67227	-72,74564
22740	57,67227	-72,74564	57,67227	-72,09028
22760	57,67227	-72,09028	57,67227	-72,09028
22780	57,01691	-72,09028	57,01691	-71,43492
22800	57,01691	-72,09028	57,01691	-71,43492
22820	57,01692	-71,43491	56,36156	-71,43491
22840	57,01692	-71,43491	57,01692	-71,43491
22860	56,36156	-71,43491	57,01692	-71,43491
22880	56,36156	-71,43491	57,01692	-70,77955
22900	56,36156	-70,77955	56,36157	-70,77955
22920	56,36157	-70,77955	56,36157	-70,77955
22940	57,01693	-70,77955	56,36157	-71,43491
22960	55,7062	-72,74565	56,36156	-72,74565
22980	57,01692	-72,09028	57,01692	-72,09027
23000	57,01692	-71,43492	57,01692	-71,43491
23020	57,01693	-71,43492	57,01693	-72,09027
23040	57,01692	-72,09028	57,67228	-72,09027
23060	57,67229	-71,43492	57,67229	-72,09027
23080	57,67229	-72,09027	57,6723	-72,09027
23100	57,67229	-71,43492	57,67229	-71,43491
23120	57,67229	-72,09028	57,6723	-72,09027
23140	57,6723	-72,09028	57,6723	-72,09027
23160	57,6723	-72,09027	57,6723	-72,09027
23180	57,6723	-72,09028	57,67231	-71,43491
23200	58,32767	-72,09028	58,32767	-72,09028
23220	58,32766	-72,09028	58,98303	-72,09027
23240	58,98302	-72,09028	58,98302	-72,74564
23260	58,98301	-72,74564	62,91518	-73,401
23280	66,19201	-74,05637	67,50272	-73,40101
23300	66,84736	-73,401	66,84736	-72,74564
23320	66,84737	-72,74564	66,84737	-72,09027
23340	66,84737	-72,09027	66,84737	-72,09027
23360	66,84737	-72,09027	66,84737	-72,09027
23380	66,84737	-72,09027	66,19201	-72,09027
23400	66,19201	-72,09027	66,192	-72,09027
23420	66,192	-72,74563	66,192	-72,09027
23440	65,53664	-72,74563	65,53664	-72,74564
23460	65,53664	-72,74564	65,53664	-72,74564
23480	65,53664	-72,74564	65,53664	-72,74564
23500	65,53664	-72,74565	65,53664	-72,74564
23520	65,53663	-72,74565	65,53663	-72,74564
23540	65,53663	-72,74565	70,77954	-72,74564
23560	72,09028	-72,74564	72,74564	-72,74564
23580	72,09028	-72,09027	72,74564	-71,43491
23600	72,09028	-71,4349	72,74565	-71,43491
23620	72,09029	-71,43491	72,09029	-71,43491
23640	72,09028	-71,4349	72,09029	-71,43491
23660	72,09028	-71,43491	71,43492	-71,43491
23680	71,43492	-72,09027	71,43492	-71,43491
23700	71,43492	-72,09027	71,43492	-71,43491
23720	70,77956	-72,09027	70,77956	-71,43492
23740	70,77957	-72,09028	70,77956	-72,09028
23760	70,77956	-72,09028	70,77956	-72,09028
23780	70,77956	-72,74564	70,77956	-72,09029
23800	70,1242	-72,09029	70,77956	-72,74565
23820	77,33321	-72,74564	78,64395	-72,74564
23840	78,64394	-72,74564	77,98859	-72,09027
23860	77,98858	-72,09027	77,98859	-72,09027
23880	77,98859	-72,09028	77,98858	-72,09028
23900	77,98859	-72,74564	77,33323	-72,09028
23920	77,33322	-72,74564	77,33323	-72,74565
23940	77,33322	-72,74565	77,33322	-72,74565
23960	77,33322	-73,40101	77,33321	-73,40102
23980	76,67784	-73,40102	77,3332	-74,05639
24000	72,74563	-75,36712	64,88124	-75,36714
24020	64,22588	-75,36714	65,53661	-74,71177
24040	65,53661	-74,71176	65,53661	-74,71176
24060	65,53661	-74,71176	65,53661	-74,71176
24080	65,53661	-74,71177	65,53662	-74,71176
24100	65,53661	-74,71176	65,53661	-74,71176
24120	65,53661	-74,71177	64,88125	-74,71177
24140	65,53661	-75,36713	64,88125	-75,36713
24160	64,88124	-75,36713	64,88124	-75,36713
24180	64,88124	-75,36714	64,88124	-76,0225
24200	64,88124	-76,0225	64,88124	-76,0225
24220	64,88124	-76,02251	64,88124	-76,0225
24240	64,88124	-76,02251	64,22588	-76,0225
24260	64,22587	-76,02251	64,22588	-76,0225
24280	64,22587	-76,0225	64,22587	-76,02251
24300	63,57051	-76,67787	63,57051	-76,67787
24320	63,57051	-76,67787	62,91515	-76,67787
24340	62,91515	-76,67787	62,91515	-76,67787
24360	62,91515	-76,67788	62,91515	-76,67788
24380	62,91515	-77,33324	62,91515	-76,67787
24400	62,91515	-76,67788	62,25979	-76,67788
24420	62,91515	-77,33324	62,91515	-76,67788
24440	62,25979	-76,67788	61,60443	-77,33324
24460	61,60443	-77,33324	62,25979	-77,33325
24480	69,46879	-77,33324	72,09025	-76,67787
24500	70,12416	-76,67787	68,81343	-76,0225
24520	68,81344	-76,0225	68,15808	-75,36713
24540	67,50272	-74,71177	66,84736	-74,71177
24560	66,19199	-75,36713	66,192	-74,71176
24580	65,53664	-74,71176	65,53663	-74,0564
24600	64,88128	-74,71176	64,22592	-74,0564
24620	64,22592	-74,0564	64,22592	-74,05639
24640	63,57056	-73,40103	63,57056	-74,0564
24660	62,91519	-74,05639	62,9152	-74,05639
24680	62,25984	-74,05639	62,25983	-74,05639
24700	61,60447	-74,05639	61,60446	-74,05639
24720	61,60446	-74,05639	61,60445	-74,05638
24740	60,94909	-73,40102	60,94909	-73,40102
24760	60,29373	-74,05638	60,29372	-73,40102
24780	60,29373	-74,05638	59,63837	-73,40102
24800	58,983	-74,05639	62,91518	-74,71174
24820	74,05636	-76,67783	76,02247	-76,67783
24840	73,401	-76,02247	72,09027	-74,71174
24860	72,09028	-74,05638	71,43747	-74,05637
24880	72,09028	-73,40101	71,43492	-73,40101
24900	70,77956	-73,40101	71,43491	-73,40101
24920	70,77955	-73,40101	70,77955	-73,40102
24940	70,77955	-74,05638	70,77955	-74,05637
24960	70,12419	-74,05637	70,12419	-72,74565
24980	69,46883	-73,40101	69,46883	-72,74564
25000	68,81347	-72,74564	68,81347	-72,09028
25020	68,81347	-72,74564	68,81347	-72,09028
25040	68,81347	-72,74564	68,81347	-72,09028
25060	68,81347	-72,09028	69,46884	-72,09027
25080	68,81348	-72,09028	68,81348	-72,09028
25100	68,81347	-72,09027	68,15812	-72,09027
25120	70,77956	-72,09027	82,57612	-73,40098
25140	86,50834	-73,40098	85,85299	-72,74561
25160	85,85298	-72,09025	85,85299	-71,43488
25180	85,85299	-71,43488	85,19763	-71,43488
25200	85,19763	-71,43488	85,85299	-71,43488
25220	85,19762	-71,43488	85,19762	-70,77952
25240	85,19763	-71,43488	85,19762	-70,77952
25260	85,19762	-71,43488	85,19763	-70,77952
25280	84,54227	-71,43488	84,54226	-71,43488
25300	84,54226	-71,43488	84,54226	-71,43488
25320	83,8869	-71,43488	84,54226	-71,43488
25340	83,23153	-71,43488	81,92079	-71,43489
25360	81,9208	-71,43489	82,57616	-71,43489
25380	82,57616	-71,43489	81,9208	-71,43489
25400	82,57616	-71,43488	81,9208	-71,43489
25420	81,9208	-71,43489	82,57616	-71,43489
25440	82,57616	-72,09025	81,92079	-72,09025
25460	82,57615	-72,74561	82,57615	-72,74562
25480	82,57613	-72,74562	82,57613	-72,09026
25500	81,92077	-72,74562	81,92077	-72,74562
25520	81,92077	-73,40098	83,88686	-73,40098
25540	93,06199	-75,36705	99,61571	-76,02239
25560	100,2711	-75,36703	100,2711	-74,0563
25580	100,2711	-73,40093	99,61574	-72,74556
25600	99,61574	-72,74556	99,61574	-72,0902
25620	99,61573	-72,74556	99,61573	-72,74556
25640	99,61572	-72,74556	98,96036	-72,74557
25660	98,96036	-72,74556	98,96035	-72,74557
25680	98,30499	-72,74557	98,96035	-72,74557
25700	98,96035	-73,40094	98,30499	-73,40094
25720	98,30498	-72,74558	98,96034	-72,74558
25740	98,96035	-72,74558	98,96035	-73,40094
25760	98,96035	-73,40094	98,96034	-72,74558
25780	98,96035	-73,40094	98,96035	-72,74558
25800	98,96035	-73,40094	99,61571	-72,74558
25820	100,2711	-72,74557	100,92646	-72,0902
25840	100,92646	-72,74556	100,2711	-72,0902
25860	100,2711	-72,09019	100,92646	-72,0902
25880	100,2711	-72,0902	100,27111	-72,0902
25900	100,2711	-72,74556	100,2711	-72,0902
25920	99,61574	-72,74556	100,2711	-72,0902
25940	100,2711	-72,0902	100,2711	-72,0902
25960	100,2711	-72,0902	99,61574	-72,09021
25980	100,2711	-72,09021	100,2711	-72,74556
26000	100,27111	-72,74557	100,27111	-72,74557
26020	98,96038	-74,0563	89,78514	-78,6439
26040	58,32753	-85,85294	31,45752	-91,09588
26060	17,03947	-90,44052	16,38412	-88,47441
26080	18,35023	-86,50832	17,69487	-85,19758
26100	17,69487	-84,54222	18,35024	-83,23149
26120	18,35024	-83,23149	18,35024	-81,92076
26140	18,35025	-81,2654	18,35025	-80,61003
26160	18,35026	-80,61003	18,35026	-80,61002
26180	17,6949	-79,95467	18,35027	-79,95466
26200	17,69491	-79,2993	18,35026	-78,64394
26220	18,35026	-78,64396	20,97172	-78,64396
26240	20,97172	-77,98862	20,31636	-76,67791
26260	20,97172	-76,02255	20,97172	-75,36717
26280	20,97172	-74,7118	20,97172	-74,05643
26300	20,97173	-74,05642	20,97173	-73,40106
26320	20,97173	-73,40105	20,97174	-72,74568
26340	20,97174	-72,74567	20,97175	-72,74567
26360	20,97175	-72,74566	20,97175	-72,74566
26380	20,97176	-72,74566	20,97176	-72,0903
26400	21,62712	-72,74566	20,97176	-72,74566
26420	14,41801	-75,36715	10,48558	-76,02258
26440	-4,58786	-81,26548	-8,52005	-79,95475
26460	-7,2093	-77,33329	-6,55393	-75,36719
26480	-6,55393	-74,71182	-5,89856	-73,4011
26500	-5,89856	-72,74574	-5,89855	-72,09037
26520	-5,24318	-71,43501	-5,24317	-71,43501
26540	-5,24316	-70,77965	-5,24315	-70,12429
26560	-4,58777	-70,1243	-4,58776	-69,46894
26580	-4,58773	-69,46894	-4,58772	-68,81359
26600	-3,93236	-68,81361	-4,58771	-68,81362
26620	-4,58771	-68,81361	-4,58772	-68,15824
26640	-3,93236	-68,15824	-3,93237	-68,15823
26660	-3,93237	-68,15823	-3,93238	-68,15822
26680	-3,93238	-68,15822	-3,93239	-68,15822
26700	-3,27703	-67,50286	-3,27702	-67,50285
26720	-3,27702	-68,15822	-3,27702	-67,50286
26740	-3,27702	-68,15822	-2,62165	-68,15822
26760	-2,62165	-68,15822	-2,62165	-68,15822
26780	-2,62165	-68,15822	-2,62165	-68,15822
26800	-2,62165	-68,81358	-2,62165	-68,81358
26820	-2,62165	-68,81358	-2,62165	-68,81358
26840	-1,96629	-68,81358	-1,96629	-69,46894
26860	-1,96629	-70,12431	-1,31093	-70,12431
26880	-1,31093	-70,12432	-1,31093	-70,77968
26900	-1,96629	-71,43505	-1,31093	-71,43505
26920	-1,96629	-72,09041	-1,31092	-72,09042
26940	-1,31093	-72,74578	-1,31093	-72,74578
26960	-1,31093	-73,40115	-1,31094	-74,05651
26980	-1,31095	-74,05651	-1,31095	-74,05652
27000	-0,6556	-74,71188	-1,31096	-74,05652
27020	-0,65561	-74,05652	-0,65561	-74,05652
27040	-0,65561	-74,05652	-0,65561	-74,05652
27060	-0,65561	-74,05653	-1,96635	-74,05653
27080	-2,62171	-73,40116	-1,31097	-72,74579
27100	-0,65561	-72,09043	-1,31097	-71,43506
27120	-1,31097	-70,7797	-1,96632	-70,7797
27140	-1,96633	-70,7797	-2,62168	-70,7797
27160	-2,62168	-71,43506	-2,62168	-70,7797
27180	-2,62168	-71,43506	-2,62168	-71,43506
27200	-2,62168	-71,43507	-2,62168	-71,43507
27220	-2,62168	-71,43507	-2,62168	-71,43507
27240	-2,62168	-72,09044	-2,62168	-72,09044
27260	-2,62168	-72,09045	-2,62168	-72,09045
27280	-2,62168	-72,09045	-2,62167	-72,09045
27300	-3,27703	-72,09045	-1,31094	-71,43509
27320	2,62127	-71,43508	3,93201	-72,09044
27340	3,93201	-71,43508	3,27666	-72,09043
27360	3,27666	-72,09044	3,27665	-72,09043
27380	2,62129	-72,09043	2,62129	-72,09043
27400	2,62129	-72,09043	2,62129	-72,09044
27420	2,62129	-72,74579	2,62128	-72,7458
27440	1,96592	-72,7458	1,96592	-72,7458
27460	1,96592	-73,40117	1,96591	-73,40116
27480	1,96591	-73,40117	1,9659	-74,05502
27500	1,9659	-74,05654	1,9659	-74,05653
27520	1,96589	-74,05654	1,31053	-74,7119
27540	1,31053	-74,7119	1,31053	-74,7119
27560	1,31052	-74,7119	1,31052	-75,36726
27580	1,31052	-75,36727	0,65515	-75,36727
27600	-2,62168	-76,678	-2,62169	-76,678
27620	-2,62168	-76,678	-2,62169	-76,678
27640	-2,62169	-76,67799	-2,6217	-76,678
27660	-2,62171	-76,678	-2,62172	-77,33336
27680	-2,62172	-77,33336	-2,62172	-77,33336
27700	-2,62172	-77,98873	-2,62173	-77,98872
27720	-2,62173	-77,98873	-2,62173	-77,98873
27740	-2,62172	-77,98873	-2,62172	-77,98872
27760	-2,62173	-77,98873	-2,62172	-77,98873
27780	-2,62172	-77,98873	-2,62173	-77,98873
27800	-2,62172	-77,98872	-2,62173	-77,98873
27820	-2,62173	-77,98873	-3,27709	-78,6441
27840	-3,27709	-79,29946	-0,65564	-78,6441
27860	9,17486	-81,26553	13,10709	-83,88697
27880	14,41783	-83,23161	13,76247	-81,26552
27900	13,10711	-81,26551	13,10711	-80,61015
27920	13,10711	-81,26551	13,10711	-80,61015
27940	13,10708	-79,95478	13,10711	-79,95478
27960	12,45175	-80,61014	12,45176	-79,95478
27980	12,45176	-79,95478	12,45176	-79,95478
28000	12,45176	-79,95478	11,7964	-79,95478
28020	11,79639	-79,95479	11,7964	-79,95479
28040	11,7964	-79,95479	11,7964	-80,61015
28060	11,79895	-81,26552	13,10718	-82,57622
28080	12,45186	-83,23158	11,7965	-82,57622
28100	11,79649	-82,57622	11,79649	-82,57622
28120	11,79649	-82,57621	11,79649	-82,57622
28140	11,79649	-82,57622	11,79649	-83,23158
28160	11,79648	-82,57622	11,79648	-83,23159
28180	11,79649	-83,23159	11,79648	-83,23158
28200	11,79648	-83,88695	12,45184	-83,23158
28220	11,79648	-83,23159	12,45184	-83,23158
28240	12,45184	-83,23159	11,79648	-83,88695
28260	12,45184	-83,88695	12,45184	-83,88695
28280	12,45184	-84,54231	12,45184	-84,54232
28300	12,45183	-84,54232	12,45184	-85,19769
28320	12,45183	-85,85305	12,45182	-85,85304
28340	13,10718	-85,85305	13,10717	-86,50841
28360	13,10717	-86,50842	13,76252	-86,50842
28380	13,76252	-87,16378	13,76251	-87,16378
28400	13,76251	-87,81914	13,76252	-87,81914
28420	13,10719	-87,81913	12,45185	-88,47449
28440	12,45185	-88,4745	12,45185	-88,47449
28460	12,45184	-88,47449	12,45184	-87,81913
28480	12,45185	-88,47449	12,45439	-87,81913
28500	12,45184	-88,47449	13,1072	-88,47449
28520	12,45184	-88,4745	13,1072	-88,4745
28540	13,10719	-89,12986	13,1072	-88,47449
28560	13,10719	-88,47449	13,1072	-88,47449
28580	13,10719	-88,4745	13,10719	-88,4745
28600	13,10719	-88,4745	13,10719	-88,47449
28620	13,10719	-88,4745	13,10719	-88,47447
28640	13,10719	-88,4745	13,76255	-88,47449
28660	13,76255	-89,12986	13,76254	-88,47449
28680	13,10718	-89,12986	13,76254	-89,12985
28700	13,76254	-89,12986	13,76254	-89,12986
28720	13,76254	-89,12986	13,76254	-89,12986
28740	13,76254	-89,78522	13,10718	-89,12986
28760	13,10718	-89,12986	13,10719	-89,12985
28780	13,10719	-89,12986	12,45183	-89,12986
28800	11,14117	-92,40666	19,66096	-93,71736
28820	23,59317	-93,71736	22,28245	-92,40663
28840	21,62708	-91,09591	21,62709	-91,0959
28860	21,6271	-90,44054	20,97174	-90,44054
28880	20,97173	-90,44054	20,97173	-90,44054
28900	20,97173	-90,44054	20,97173	-90,44054
28920	20,31637	-90,44054	20,31637	-90,44054
28940	20,31637	-90,44054	20,31637	-90,44054
28960	20,31637	-91,09591	19,661	-91,0959
28980	20,31636	-91,09591	19,661	-91,09591
29000	19,00564	-91,75127	19,661	-91,75127
29020	19,661	-91,75128	17,6949	-92,40664
29040	15,72879	-93,06202	16,38416	-92,40665
29060	16,38415	-92,40665	17,03951	-92,40664
29080	17,0395	-92,40665	17,0395	-92,40664
29100	17,0395	-93,06201	16,38414	-93,06201
29120	16,38413	-93,71737	17,03949	-93,71738
29140	17,03949	-93,71738	17,03949	-93,06201
29160	17,03949	-93,71737	17,03949	-93,71738
29180	-62,91443	-93,71738	17,03949	-93,71738
29200	17,03949	-93,71738	17,03949	-94,37274
29220	17,03949	-94,37274	17,03948	-94,37274
29240	17,03948	-95,02811	17,03948	-95,02811
29260	17,03948	-95,02811	17,03948	-94,37275
29280	17,03948	-95,02811	17,03949	-94,37275
29300	17,69485	-95,02811	17,69485	-94,37276
29320	17,69485	-94,37276	17,69485	-95,02812
29340	20,97167	-96,33884	36,04506	-96,33882
29360	42,59873	-96,99418	41,94337	-96,33882
29380	41,288	-95,0281	41,94337	-94,37272
29400	41,28801	-94,37272	41,28802	-93,71736
29420	41,94338	-93,71736	41,94338	-93,71736
29440	41,94338	-93,71736	41,94339	-93,062
29460	41,94339	-93,062	42,59875	-93,062
29480	42,59875	-92,40664	42,59875	-92,40663
29500	42,59876	-92,40664	42,59876	-92,40664
29520	42,59876	-92,40664	42,59876	-92,40664
29540	41,9434	-92,40664	42,59876	-92,40664
29560	42,59876	-92,40664	49,15241	-93,71736
29580	53,73998	-94,37272	55,70607	-93,71736
29600	55,0507	-93,71736	55,05071	-93,06199
29620	55,70607	-93,062	55,05071	-93,062
29640	55,05071	-93,062	55,05071	-93,062
29660	55,05072	-93,062	55,05071	-93,062
29680	55,05071	-93,71736	54,39535	-93,71736
29700	54,39535	-93,71737	53,73999	-93,71737
29720	53,73998	-95,0281	53,08462	-95,02809
29740	53,73997	-95,68346	53,08461	-95,68346
29760	52,42924	-95,68346	52,42925	-96,33882
29780	51,77388	-96,33882	51,77388	-96,99419
29800	51,77387	-96,99419	51,77387	-96,99419
29820	51,77386	-97,64955	51,1185	-97,64955
29840	51,11849	-98,30491	51,11848	-97,64956
29860	56,36139	-97,64955	66,84724	-97,64953
29880	70,77943	-97,64952	72,74553	-96,3388
29900	72,74553	-96,3388	72,74553	-95,68343
29920	72,74553	-95,68343	72,74553	-95,02807
29940	72,74553	-95,68343	72,74553	-95,68343
29960	72,74553	-95,68343	72,74553	-95,68343
29980	72,74552	-95,68344	72,74552	-95,68344
30000	72,74553	-95,68344	72,74552	-96,33879
30020	72,74552	-96,3388	72,09016	-96,3388
30040	72,09016	-96,3388	72,74552	-96,3388
30060	72,74553	-96,33879	72,74553	-95,68344
30080	72,74553	-96,3388	72,74553	-96,3388
30100	73,40089	-96,33879	73,40089	-96,33879
30120	72,74553	-96,33879	73,40089	-95,68343
30140	73,40089	-96,33879	73,40089	-95,68343
30160	73,40089	-96,3388	72,74553	-95,68344
30180	73,40089	-96,3388	73,40089	-95,68343
30200	77,98844	-96,33879	79,29919	-96,99415
30220	79,29919	-96,33879	79,29919	-95,68343
30240	78,64383	-95,68342	79,29919	-95,68342
30260	79,29919	-95,68343	78,64383	-95,68342
30280	79,29919	-95,68343	78,64383	-96,33879
30300	78,64383	-96,33879	78,64382	-96,33879
30320	78,64383	-96,3388	78,64383	-96,33879
30340	77,98847	-96,3388	77,98846	-96,33879
30360	77,98847	-96,3388	78,64383	-96,3388
30380	78,64383	-96,33879	76,02237	-96,99416
30400	68,15798	-97,64954	66,19189	-98,3049
30420	66,84726	-97,64954	66,84727	-96,99417
30440	66,84727	-96,33881	66,84727	-96,33881
30460	66,84727	-96,33882	66,84728	-96,33881
30480	66,84728	-96,33881	67,50264	-96,33881
30500	67,50263	-96,99418	67,50263	-96,33881
30520	67,50263	-96,99418	68,15798	-96,99418
30540	68,15798	-97,64954	67,50262	-96,99418
30560	68,15797	-96,99418	68,15797	-96,99418
30580	68,15797	-96,99418	68,15797	-96,99418
30600	68,15797	-96,99418	68,15798	-96,99418
30620	68,15798	-96,99418	68,15798	-96,33882
30640	68,81334	-96,99418	68,81334	-96,99418
30660	68,81334	-96,99418	68,81334	-96,99418
30680	68,81333	-97,64955	68,81334	-97,64955
30700	68,81333	-97,64955	68,81333	-97,64955
30720	68,81333	-97,64956	68,81333	-97,64956
30740	69,46869	-98,30492	68,81333	-97,64956
30760	68,81333	-97,64956	68,81333	-98,30492
30780	68,81333	-97,64956	72,09015	-98,30492
30800	78,6438	-98,96028	79,95454	-98,96027
30820	79,95454	-98,30491	79,95454	-97,64955
30840	79,95454	-97,64955	79,95455	-96,99418
30860	79,95454	-96,99418	79,29919	-96,99418
30880	79,29918	-96,99418	79,29919	-96,99418
30900	79,95455	-96,99418	79,29919	-96,99418
30920	79,29919	-96,33882	79,29919	-96,33882
30940	78,64383	-96,33882	78,64383	-96,33882
30960	78,64383	-96,33882	78,64383	-96,33882
30980	78,64383	-96,33881	78,64383	-96,33882
31000	78,64383	-96,33882	78,64383	-96,33882
31020	81,2653	-95,68344	81,26531	-96,33881
31040	81,2653	-95,68345	81,26531	-95,02808
31060	81,26531	-95,02808	81,26531	-94,37271
31080	81,26531	-95,02808	81,26531	-94,37271
31100	81,26531	-95,02808	81,26531	-95,02807
31120	81,92068	-94,37271	81,92068	-94,37271
31140	81,26532	-94,37271	81,92068	-93,71735
31160	81,26533	-93,71735	81,92069	-93,71734
31180	81,92069	-93,71734	76,02239	-95,02809
31200	51,77386	-99,61566	28,83604	-104,20323
31220	12,45188	-109,44617	7,86427	-110,10155
31240	9,17498	-109,44619	9,175	-108,13546
31260	9,175	-107,48008	9,175	-107,48008
31280	9,175	-106,82473	9,83035	-107,48008
31300	9,83035	-107,48009	9,83035	-108,13545
31320	9,83035	-108,13546	9,83035	-108,13545
31340	9,83035	-108,79081	9,17499	-108,79082
31360	9,83035	-108,13546	9,83036	-108,13545
31380	9,175	-108,13546	9,175	-107,48009
31400	9,175	-107,48008	9,17501	-106,82472
31420	9,175	-106,82472	9,17501	-106,16936
31440	9,17501	-106,16935	9,17501	-106,82472
31460	11,79642	-108,13546	13,10705	-108,79085
31480	11,79626	-107,48014	9,83016	-106,16942
31500	9,17479	-104,85869	9,1748	-103,54796
31520	9,83016	-103,54795	9,83017	-102,89259
31540	9,83017	-102,23722	9,83017	-101,58186
31560	10,48554	-101,58186	10,48554	-100,9265
31580	9,83018	-100,92649	9,83019	-100,27113
31600	10,48555	-100,92649	10,48556	-100,92649
31620	10,48556	-101,58186	8,51946	-104,20332
31640	2,62112	-108,1355	-2,6218	-109,44623
31660	-3,27717	-111,41232	-2,6218	-109,44623
31680	-1,96644	-108,79086	-1,31108	-108,13549
31700	-0,65572	-107,48013	-0,65571	-106,82477
31720	-0,00034000000000134	-106,82477	-0,00034000000000134	-106,16941
31740	-0,00034000000000134	-106,1694	-0,00032999999999817	-106,1694
31760	-0,00032999999999817	-105,51404	-0,0003200000000021	-104,85868
31780	-0,0003200000000021	-104,85867	-0,0003200000000021	-104,85868
31800	-0,0003200000000021	-104,85868	-0,00030999999999892	-104,20332
31820	-0,00030999999999892	-104,20332	-0,00030999999999892	-104,20331
31840	-0,00030999999999892	-104,20331	-0,00030000000000285	-104,20331
31860	-0,00030000000000285	-104,20331	-0,00030000000000285	-103,54795
31880	-0,00028999999999968	-104,20331	0,65507	-104,20331
31900	0,65508	-104,20331	0,65508	-103,54794
31920	0,65508	-102,89259	0,65508	-102,89258
31940	1,31045	-103,54794	0,65509	-102,89259
31960	1,31045	-103,54795	1,31046	-103,54794
31980	0,65509	-104,2033	1,31046	-103,54795
32000	0,6551	-104,20331	0,65509	-103,54795
32020	1,31045	-104,20331	1,31045	-104,20332
32040	1,31044	-104,20332	1,9658	-104,20332
32060	1,31043	-104,85868	1,96579	-104,85868
32080	1,96579	-104,85868	1,96579	-104,85869
32100	1,96579	-104,85869	-2,62177	-106,16941
32120	-4,58788	-105,51405	-3,9325	-104,85869
32140	-3,9325	-104,20332	-3,27714	-103,54796
32160	-3,9325	-102,8926	-3,9325	-102,89259
32180	-3,93251	-102,8926	-3,93251	-102,89259
32200	-3,93251	-102,89259	-3,93251	-102,23723
32220	-3,93251	-102,8926	-3,93251	-102,8926
32240	-4,58788	-102,89259	-4,58787	-102,89259
32260	-4,58787	-102,89259	-4,58787	-102,89259
32280	-4,58787	-102,8926	-4,58787	-102,89259
32300	-4,58787	-102,89259	-4,58787	-102,8926
32320	-5,24323	-102,8926	-4,58787	-102,89259
32340	-4,58787	-102,8926	-4,58787	-102,23724
32360	-4,58787	-102,8926	-4,58787	-102,8926
32380	-4,58787	-102,23724	-4,58787	-102,23724
32400	-4,58787	-102,23724	-4,58787	-102,23724
32420	-3,93251	-102,8926	-3,9325	-102,23724
32440	-4,58786	-102,23724	-3,9325	-102,89261
32460	-3,93251	-102,89261	-4,58787	-103,54798
32480	-0,65569	-102,89261	3,93188	-102,8926
32500	3,93189	-102,89261	3,93188	-102,89261
32520	3,93188	-102,89261	3,93188	-102,89261
32540	3,27652	-102,89261	3,27651	-102,89261
32560	3,27652	-102,89262	3,27651	-103,54798
32580	3,27651	-102,89262	2,62115	-102,89262
32600	2,62115	-103,54798	2,62115	-103,54798
32620	2,62115	-103,54798	2,62116	-103,54799
32640	2,62115	-104,20335	2,62115	-104,20335
32660	2,62115	-104,85871	1,96579	-104,85872
32680	1,31043	-105,51408	1,31043	-105,51408
32700	1,31042	-106,16945	1,31042	-106,16944
32720	12,45164	-110,10159	14,41787	-113,37838
32740	13,76254	-113,37838	13,10716	-111,4123
32760	13,10716	-110,10157	13,10717	-109,44619
32780	12,45181	-108,79084	12,45181	-108,13547
32800	12,45182	-107,48011	11,79646	-107,48011
32820	11,1411	-106,82475	11,79646	-106,82474
32840	11,1411	-106,16938	11,1411	-106,16938
32860	11,1411	-106,16938	11,1411	-106,16938
32880	11,1411	-106,16938	11,79646	-105,51402
32900	11,1411	-106,16938	11,79645	-105,51403
32920	13,10713	39,97588	13,10711	-105,51404
32940	13,1071	-104,85868	13,1071	-104,20331
32960	13,1071	-104,20331	13,76246	-103,54794
32980	13,1071	-103,54795	13,76246	-104,20331
33000	13,76246	-104,20332	13,10711	-104,20331
33020	13,1071	-104,20332	13,76246	-104,20331
33040	13,76246	-104,20332	13,76246	-104,20332
33060	13,76246	-104,20332	13,76246	-104,20332
33080	13,1071	-104,85868	13,76246	-104,20332
33100	13,76246	-104,85869	13,76246	-104,20333
33120	13,76245	-104,85869	13,76246	-104,85869
33140	13,10709	-104,85868	13,76245	-104,85869
33160	13,10709	-104,85869	13,10709	-105,51405
33180	13,10709	-105,51405	13,10709	-104,85869
33200	13,10709	-105,51405	13,10709	-104,85868
33220	13,10709	-105,51405	12,45175	-106,82477
33240	10,48577	-109,4462	15,07338	-110,10154
33260	18,35023	-110,10154	17,69487	-108,79082
33280	17,0395	-108,79081	17,03951	-107,48009
33300	17,03951	-107,48008	17,03951	-107,48008
33320	16,38415	-107,48008	16,38414	-106,82473
33340	16,38414	-107,48009	16,38414	-107,48009
33360	15,72878	-108,13545	15,72878	-108,13545
33380	15,72878	-108,13546	15,72877	-108,13546
33400	15,72877	-108,79082	15,0734	-109,44619
33420	11,14115	-112,06766	10,48573	-112,06767
33440	11,14108	-111,41232	11,14109	-110,75695
33460	11,14108	-110,75694	11,14108	-110,10158
33480	11,79644	-110,10158	11,14108	-109,44622
33500	11,79644	-109,44621	11,14108	-109,44622
33520	11,79644	-109,44446	11,79644	-109,44621
33540	11,79644	-109,44622	11,79644	-109,44621
33560	11,14108	-109,44622	11,79643	-108,79086
33580	11,79643	-109,44622	11,79643	-109,44622
33600	11,79643	-109,44622	11,79643	-109,44622
33620	11,79643	-109,44622	12,45179	-109,44622
33640	12,45179	-109,44622	12,45178	-110,10158
33660	11,79642	-110,75695	13,10722	-113,37839
33680	25,5592	-113,37836	29,49139	-112,72299
33700	27,52531	-111,41227	27,52531	-110,10154
33720	27,52531	-109,44617	26,86995	-108,79081
33740	26,86995	-108,79081	26,86995	-108,13544
33760	27,52532	-108,13544	26,86995	-107,48008
33780	26,86995	-107,48008	26,86996	-107,48008
33800	26,86996	-107,48008	26,2146	-107,48008
33820	26,21459	-107,48008	26,86995	-106,82472
33840	26,21459	-107,48008	26,86995	-106,82472
33860	26,86995	-108,13545	26,86995	-107,48009
33880	27,52531	-108,13546	27,52531	-108,13546
33900	27,5253	-108,79082	27,5253	-108,79082
33920	28,18066	-108,13547	28,18066	-108,79084
33940	28,18066	-109,44619	28,83601	-109,4462
33960	28,836	-110,10156	28,836	-110,10157
33980	28,836	-110,10157	28,83599	-110,10157
34000	28,83599	-110,75694	28,83599	-110,10157
34020	35,38962	-111,41229	38,66644	-112,06766
34040	39,3218	-112,06766	38,66644	-111,4123
34060	38,01109	-111,41229	38,01109	-110,75693
34080	38,01109	-111,41229	37,35574	-111,41229
34100	37,35574	-111,4123	36,70038	-111,4123
34120	36,70038	-111,41229	36,70037	-111,41229
34140	36,70037	-112,06765	36,04501	-112,06766
34160	36,04501	-112,72302	36,045	-112,72302
34180	35,38964	-113,37838	35,38964	-113,37838
34200	35,38964	-114,03374	35,38964	-113,37839
34220	34,73429	-113,37839	35,38964	-113,37839
34240	35,38965	-114,03375	35,38965	-114,03375
34260	35,38965	-114,68911	35,38965	-114,68911
34280	35,38965	-114,68911	35,38966	-114,68911
34300	35,38965	-114,68911	34,73429	-114,68911
34320	35,38965	-115,34447	35,38965	-115,34448
34340	34,73429	-114,68912	34,73429	-114,68911
34360	34,7343	-114,68912	30,14675	-115,34448
34380	26,86992	-115,34449	28,18065	-115,34449
34400	28,18066	-115,34448	28,18065	-114,68912
34420	28,18065	-114,68912	28,18065	-114,68912
34440	28,83601	-114,03375	28,83602	-114,03375
34460	28,83602	-114,03376	28,83602	-114,03375
34480	28,83602	-114,03375	28,83603	-114,03376
34500	28,83602	-114,03375	29,49139	-113,37839
34520	29,49139	-113,37839	29,49139	-112,72303
34540	29,49139	-112,72302	29,49139	-112,72302
34560	29,49139	-112,72302	28,83604	-112,72302
34580	32,76821	-113,37838	42,59867	-114,03374
34600	48,49695	-114,03373	48,49696	-113,37837
34620	47,8416	-112,72301	47,84161	-112,723
34640	47,84161	-112,06764	47,84161	-112,06764
34660	47,84161	-112,06764	47,84161	-112,06764
34680	47,18624	-112,06764	47,84161	-112,06764
34700	47,84161	-112,06764	47,84161	-112,06765
34720	47,18625	-111,41228	47,84161	-111,41228
34740	47,84162	-111,41227	47,18626	-111,41227
34760	47,18626	-111,41227	47,18626	-111,41227
34780	47,18626	-110,75692	47,18626	-111,41227
34800	47,18626	-110,75691	47,18627	-110,75691
34820	47,18626	-111,41227	47,84163	-110,75691
34840	47,18627	-110,75691	47,84163	-110,75691
34860	47,84163	-111,41227	47,84162	-112,06763
34880	47,84161	-112,06763	47,84161	-112,06763
34900	47,84161	-112,06764	47,8416	-112,06764
34920	47,8416	-112,06764	47,8416	-112,06764
34940	47,8416	-112,723	48,49696	-112,06764
34960	47,8416	-112,06763	48,49697	-112,06764
34980	49,80769	-112,723	58,9828	-111,41226
35000	60,94891	-112,06762	58,98281	-111,41226
35020	58,32744	-110,7569	58,32745	-110,10153
35040	58,32745	-110,10152	58,32745	-110,10152
35060	57,67209	-110,10153	57,67209	-110,10152
35080	57,67208	-110,10153	58,32745	-110,10152
35100	57,67208	-111,41226	51,11842	-112,723
35120	47,18621	-113,37837	47,18622	-112,723
35140	47,84159	-112,06764	47,84158	-112,06763
35160	47,18622	-111,41227	47,84158	-111,41227
35180	47,18622	-111,41227	47,84158	-111,41227
35200	47,18622	-112,06763	47,18622	-111,41227
35220	47,84158	-110,75691	47,18622	-110,75691
35240	47,18622	-111,41227	47,18622	-110,7569
35260	47,18622	-110,75691	47,18623	-110,7569
35280	47,18623	-110,10155	47,18623	-110,75691
35300	47,18623	-110,75691	47,18624	-110,75691
35320	47,18624	-110,7569	47,18623	-110,75691
35340	41,28794	-110,75691	39,32185	-109,44619
35360	39,32186	-109,44619	39,32186	-108,79082
35380	39,32186	-108,13545	38,6665	-108,13545
35400	38,6665	-108,13545	38,6665	-108,13545
35420	38,66905	-108,13545	38,6665	-108,13545
35440	38,01114	-108,79081	38,6665	-108,79082
35460	38,6665	-108,79082	38,01114	-108,79082
35480	38,01115	-108,79082	38,66651	-108,79082
35500	38,01114	-108,79082	38,01115	-108,79083
35520	38,01115	-109,44619	37,35578	-109,44619
35540	37,35579	-109,44619	37,35579	-109,44619
35560	37,35578	-109,44619	37,35578	-109,44619
35580	37,35578	-110,10156	37,35578	-110,10156
35600	37,35577	-110,10156	37,35576	-110,10155
35620	37,35576	-110,75692	37,35576	-110,10156
35640	37,35576	-111,41228	37,35576	-110,75692
35660	37,35575	-110,75693	37,35576	-110,75692
35680	37,35576	-110,75693	37,35576	-110,10156
35700	36,7004	-110,75692	36,7004	-110,10157
35720	36,7004	-110,75692	36,7004	-110,75692
35740	36,04504	-110,75692	36,04504	-110,10156
35760	36,04504	-110,10156	36,04504	-110,10156
35780	35,38968	-110,10156	36,04504	-109,4462
35800	35,38968	-110,10156	35,38968	-110,10156
35820	35,38968	-110,10156	35,38969	-110,10156
35840	35,38968	-110,10156	35,38968	-110,10155
35860	35,38968	-109,4462	35,38968	-109,44619
35880	35,38968	-109,4462	34,73432	-109,44619
35900	34,73432	-109,4462	34,73432	-109,44619
35920	34,73432	-110,10156	35,38968	-109,4462
35940	35,38968	-109,4462	34,73432	-109,4462
35960	35,38968	-109,4462	34,73432	-109,4462
35980	34,73432	-109,4462	34,73432	-109,4462
36000	34,73432	-109,4462	35,38968	-109,4462
36020	35,38968	-109,4462	35,38968	-109,4462
36040	35,38968	-109,4462	35,38968	-109,4462
36060	34,73432	-109,4462	34,73432	-109,44621
36080	34,73432	-109,4462	34,73432	-109,4462
36100	36,04505	-108,79084	36,04506	-107,48011
36120	36,04505	-107,4801	36,04505	-106,82474
36140	36,04505	-106,16938	36,04506	-106,16937
36160	36,04506	-106,16937	36,04506	-106,16937
36180	35,3897	-106,16937	35,3897	-106,16937
36200	35,3897	-106,16938	-62,9143	-106,16938
36220	34,73434	-106,16938	35,3897	-106,16938
36240	35,3897	-106,82474	34,73434	-106,82474
36260	34,73434	-106,82474	34,73434	-106,82474
36280	34,73434	-106,82474	34,73434	-106,82474
36300	34,73434	-107,48011	34,73435	-106,82474
36320	34,73434	-107,4801	34,73434	-108,13547
36340	35,3897	-107,48011	34,73434	-107,48011
36360	34,73433	-108,13547	34,73433	-108,13547
36380	37,35577	-108,79084	41,28795	-110,75692
36400	41,94331	-111,4123	41,94331	-110,75694
36420	41,94331	-110,75694	42,59867	-110,75693
36440	42,59867	-110,10157	42,59867	-110,10157
36460	41,94331	-110,10157	41,94331	-110,10157
36480	42,59867	-110,10158	42,59868	-109,44622
36500	42,59868	-108,79086	43,25404	-108,13549
36520	43,25405	-108,13549	43,25405	-108,13549
36540	43,25405	-108,1355	43,90942	-108,1355
36560	43,90942	-108,13551	43,90941	-108,1355
36580	44,56477	-108,1355	43,90941	-108,1355
36600	44,56478	-108,1355	44,56478	-108,13551
36620	44,56477	-108,13551	44,56477	-108,79087
36640	43,90941	-108,79088	44,56477	-108,79088
36660	44,56477	-108,79088	43,90941	-108,79088
36680	44,56477	-108,79088	44,56477	-108,13552
36700	44,56477	-108,79088	46,53086	-108,79088
36720	55,0506	-109,44625	55,70598	-109,44626
36740	52,42915	-108,13554	51,11842	-107,48018
36760	51,77379	-107,48017	51,77379	-106,82481
36780	51,11843	-106,82481	51,11843	-106,8248
36800	51,11843	-107,48017	51,12098	-106,82481
36820	51,11843	-107,48017	51,11842	-107,48017
36840	51,11842	-107,48018	51,11843	-107,48017
36860	51,11843	-108,13553	51,11842	-107,48017
36880	51,11842	-107,48018	51,11842	-107,48018
36900	51,11842	-108,13553	51,11843	-107,48017
36920	51,11842	-108,13554	51,11842	-108,13553
36940	51,11842	-108,13554	51,11842	-108,13554
36960	50,46306	-108,13554	50,46306	-108,13554
36980	50,46306	-108,7909	50,46305	-108,13554
37000	50,46305	-108,7909	49,80769	-108,13554
37020	49,80769	-108,13554	49,80769	-108,13554
37040	49,80769	-108,13554	49,15233	-108,13554
37060	49,15233	-108,7909	48,49697	-108,13554
37080	48,49698	-108,13554	53,73988	-108,79089
37100	66,84717	-108,13552	72,09011	-108,13551
37120	72,74548	-107,48014	72,74548	-106,82477
37140	72,74548	-106,82477	72,74548	-106,16941
37160	72,09011	-106,16941	72,09011	-106,16941
37180	72,09011	-106,16941	72,09011	-106,16941
37200	71,43474	-106,82477	71,43475	-106,1694
37220	70,77939	-106,16941	70,77939	-106,1694
37240	70,7794	-106,1694	70,7794	-106,1694
37260	70,7794	-106,16941	70,7794	-106,1694
37280	70,7794	-106,16941	70,7794	-106,82476
37300	69,46867	-107,48013	63,57036	-108,1355
37320	61,60427	-108,79087	62,25964	-108,13551
37340	62,915	-108,1355	62,25964	-107,48014
37360	62,25965	-107,48014	62,25965	-106,82477
37380	62,25965	-106,82477	62,25966	-106,82477
37400	62,91502	-106,82478	62,91502	-106,82477
37420	63,57039	-106,82478	64,22575	-107,48014
37440	64,22575	-107,48014	64,22575	-107,48014
37460	64,88111	-108,13551	64,88112	-108,13551
37480	64,88111	-108,13551	64,22576	-108,13551
37500	64,88112	-108,79087	64,22576	-108,13551
37520	64,22575	-108,13551	64,22576	-108,13551
37540	64,22576	-108,79087	64,22576	-108,1355
37560	63,5704	-108,13551	62,91504	-108,79087
37580	62,91503	-108,79087	62,25968	-108,1355
37600	67,50258	-108,79086	72,74552	-109,44622
37620	74,71162	-109,44622	74,05626	-109,44622
37640	73,40089	-108,79085	73,40089	-108,13549
37660	73,40089	-108,13548	72,74553	-108,13548
37680	72,74553	-108,13549	72,74553	-107,48013
37700	72,74553	-108,13549	72,74554	-107,48012
37720	72,74554	-107,48012	72,74554	-106,82476
37740	72,74554	-106,82476	72,09018	-106,1694
37760	72,74554	-106,82476	72,09018	-106,16939
37780	72,09018	-106,16939	72,74554	-106,16939
37800	72,74555	-106,16939	72,09019	-106,16938
37820	72,74555	-106,16939	72,74555	-105,51403
37840	72,74555	-106,16939	72,74555	-106,16939
37860	72,74555	-106,16939	72,74555	-106,16939
37880	72,09019	-106,82476	72,09019	-106,16939
37900	72,09019	-106,16938	-62,91398	-105,51402
37920	72,74554	-105,51402	72,74554	-105,51402
37940	72,74553	-106,16938	72,74553	-105,51402
37960	72,74553	-105,51402	72,74553	-105,51402
37980	72,74553	-105,51401	72,74553	-105,51402
38000	72,74553	-106,16938	73,40089	-105,51402
38020	73,40089	-104,85866	73,40089	-105,51402
38040	73,40089	-105,51402	73,40089	-105,51402
38060	76,02234	-105,51401	81,26529	-104,85864
38080	82,57603	-104,85864	81,92067	-104,20327
38100	81,92066	-104,20326	81,92067	-103,5479
38120	81,92067	-102,89254	81,92067	-102,89254
38140	81,92067	-103,5479	81,92067	-103,5479
38160	81,92067	-103,5479	81,26531	-104,20326
38180	81,2653	-104,20327	81,26531	-103,54791
38200	81,2653	-104,20326	81,92066	-103,54791
38220	81,2653	-104,20326	83,2314	-104,20326
38240	85,85287	-104,85862	86,50824	-104,85862
38260	85,85288	-104,20326	85,85288	-104,20326
38280	86,50825	-103,5479	85,85289	-103,5479
38300	85,85289	-103,54789	85,85289	-103,5479
38320	85,85289	-103,54789	85,85289	-103,54789
38340	85,85289	-103,5479	85,85289	-102,89253
38360	85,19754	-103,54789	85,19754	-102,89254
38380	85,19753	-103,5479	85,19753	-102,89253
38400	85,19753	-103,5479	85,19754	-103,5479
38420	85,19753	-103,5479	84,54218	-103,5479
38440	84,54217	-103,5479	84,54217	-103,5479
38460	84,54217	-104,20326	84,54217	-104,20326
38480	84,54217	-104,20326	84,54217	-104,20327
38500	83,88681	-104,20327	84,54217	-104,20327
38520	83,88681	-104,20327	83,88681	-104,20327
38540	83,88681	-104,85863	83,8868	-104,85863
38560	83,8868	-104,85863	83,23144	-104,85863
38580	83,8868	-105,514	83,23144	-105,514
38600	83,23144	-105,514	83,23144	-105,51399
38620	83,23144	-105,514	83,23143	-106,16936
38640	83,88679	-106,16936	83,88678	-106,16936
38660	83,88678	-106,16937	82,57603	-106,16938
38680	81,92065	-106,82474	-62,9139	-106,82474
38700	82,57602	-106,82474	82,57602	-106,16937
38720	82,57602	-106,16937	82,57602	-106,16937
38740	82,57602	-106,82473	82,57602	-106,16937
38760	82,57602	-106,82473	82,57602	-106,16938
38780	82,57602	-106,82474	82,57601	-106,82473
38800	82,57601	-106,82474	81,92065	-106,82474
38820	82,57601	-107,48011	81,92064	-107,4801
38840	81,92064	-107,4801	81,92064	-108,13547
38860	81,92064	-108,13547	81,26528	-108,13547
38880	81,92064	-108,13547	81,92064	-108,13547
38900	81,92064	-108,79084	81,92064	-108,79084
38920	81,92063	-108,79084	81,92063	-108,79084
38940	81,92063	-108,79084	81,92064	-109,4462
38960	81,92063	-108,79085	81,92063	-108,79084
38980	81,92063	-109,4462	81,92063	-108,79085
39000	81,26527	-109,44621	81,26527	-109,44621
39020	81,26527	-109,44621	81,26527	-109,44621
39040	81,26527	-109,44621	81,26528	-109,4462
39060	81,26528	-109,44621	81,26527	-109,44621
39080	81,26528	-109,44621	81,26528	-109,44621
39100	81,26527	-110,10157	81,26528	-109,44621
39120	81,26528	-109,44621	81,26528	-109,44622
39140	81,26528	-109,44622	81,26528	-109,44622
39160	81,26528	-109,44622	81,26528	-109,44622
39180	81,26528	-109,44622	81,26528	-109,44622
39200	81,26528	-109,44622	81,26528	-109,44622
39220	81,26528	-109,44622	80,60992	-109,44622
39240	81,26528	-109,44622	80,60992	-109,44622
39260	81,26528	-109,44622	81,26529	-109,44622
39280	80,60993	-109,44622	81,26529	-109,44622
39300	80,60993	-109,44622	80,60993	-109,44622
39320	80,60993	-109,44622	81,2653	-109,44622
39340	81,2653	-110,10159	80,60994	-110,10158
39360	80,60993	-110,10159	83,23139	-110,75694
39380	89,1297	-109,4462	91,75118	-108,79083
39400	91,09581	-108,13547	91,0958	-108,13547
39420	91,0958	-107,4801	91,0958	-107,48009
39440	91,0958	-107,48009	91,0958	-107,48009
39460	91,0958	-106,82474	91,0958	-106,82473
39480	91,0958	-106,82473	91,0958	-106,82473
39500	91,0958	-106,82473	90,44044	-106,16937
39520	91,0958	-106,16937	91,0958	-106,16937
39540	91,0958	-106,16937	91,0958	-106,82473
39560	90,44043	-106,82473	91,09579	-106,82473
39580	91,09579	-106,82473	90,44043	-106,82473
39600	90,44043	-107,48009	90,44043	-106,82473
39620	90,44043	-106,82474	90,44043	-107,48009
39640	96,33873	-109,44617	102,23705	-110,75688
39660	102,23707	-110,75689	102,23706	-109,44616
39680	101,5817	-108,7908	102,23707	-108,13543
39700	101,58171	-108,13543	102,23707	-108,13543
39720	102,23707	-108,13543	101,58171	-107,48007
39740	101,58171	-108,13543	101,58171	-108,13543
39760	101,58171	-108,13544	101,58171	-108,79079
39780	101,58171	-108,7908	101,58171	-108,7908
39800	101,5817	-108,7908	101,5817	-108,7908
39820	101,58171	-108,7908	101,58171	-108,79079
39840	101,58171	-108,7908	100,27098	-108,7908
39860	98,30486	-109,44617	98,30487	-109,44617
39880	98,96023	-108,7908	98,30488	-108,13543
39900	98,96024	-108,13543	98,30488	-108,13543
39920	98,30488	-108,13543	98,30488	-108,7908
39940	97,64952	-109,44616	98,30488	-109,44617
39960	98,30487	-110,10154	98,30487	-110,7569
39980	98,96023	-111,41227	98,96023	-111,41226
