T	LX	LY	RX	RY
0	0	0	0	0
20	-0,65536	0,65537	0	0
40	0	1,0000000003174E-5	0,65536	-0,65536
60	0	-0,65535999999999	0	-0,65536
80	-0,65536	0	-1,0000000003174E-5	0
100	-0,65537	0,65537	-0,65537	9,9999999960687E-6
120	-0,65537	1,0000000003174E-5	0	9,9999999960687E-6
140	-0,65536	0,65537	-1,0000000003174E-5	9,9999999960687E-6
160	-0,65537	0,65537	0	0,65537
180	-0,65537	0,65537	0,65534	0,65535999999999
200	0,65534	0,65537	0,65534	0,65537
220	0,65534	0,65538	1,3107	0,65537
240	0,65534	1,31074	1,3107	0,65537999999999
260	0,65534	1,31075	1,3107	1,31074
280	0,65534	1,96611	1,3107	1,9661
300	0,65534	1,96611	1,3107	1,96611
320	0,65534	2,62147	1,3107	1,96611
340	1,3107	3,27684	1,3107	2,62147
360	0,65534	3,27684	1,3107	2,62148
380	0,65533	3,27684	1,3107	3,27684
400	0,65533	3,9322	1,31069	3,27684
420	0,65534	3,93221	1,3107	3,27684
440	0,65534	3,93221	1,3107	3,9322
460	1,31069	4,58757	1,3107	4,58757
480	0,65533	4,58758	1,96605	4,58757
500	1,31069	5,24294	1,96606	5,24293
520	0,65533	5,24295	1,96605	5,24294
540	1,31069	5,24294	1,96606	5,8983
560	1,3107	6,55366	1,96606	5,8983
580	1,3107	6,55366	1,96605	6,55366
600	0,65534	7,86439	1,31069	7,20902
620	1,31069	7,86439	1,31069	7,20902
640	1,31069	7,86439	1,31069	8,51975
660	0,65533	8,51975	1,31069	8,51975
680	0,65533	8,51976	1,31068	8,51975
700	0,65532	8,51975	1,31068	8,51975
720	0,65532	9,17512	1,31068	8,51975
740	0,65533	9,17512	1,31069	9,17512
760	0,65533	9,83049	1,31068	9,83049
780	0,65532	9,83049	1,96604	9,83048
800	1,31068	9,83049	1,96604	9,83048
820	1,96603	9,83049	2,62139	9,83048
840	1,96603	9,83049	2,6214	9,83048
860	2,62139	10,48586	3,27676	9,83048
880	2,62139	10,48585	3,27676	9,83049
900	9,17511	8,51978	18,35032	7,20906
920	18,35034	7,86441	17,03958	9,17513
940	15,72884	10,48588	15,72885	10,48588
960	15,72885	10,48589	16,3842	11,14125
980	15,72884	11,14125	16,3842	10,48589
1000	15,72884	11,79662	16,3842	11,14125
1020	15,72884	11,14125	16,3842	11,14125
1040	15,72884	11,79661	16,3842	11,14125
1060	15,72884	11,79662	16,3842	11,79661
1080	15,72884	11,79662	16,3842	11,79661
1100	15,72884	12,45198	15,72884	11,79661
1120	15,72884	12,45198	15,72884	11,79662
1140	15,07348	12,45198	15,72884	11,79661
1160	11,79666	11,7966	4,5876	10,48585
1180	3,93222	11,14124	5,89833	11,79661
1200	4,58762	13,10734	5,24298	13,10734
1220	4,58762	13,76271	4,58762	13,76271
1240	3,93227	14,41807	4,58763	13,76271
1260	3,2769	14,41807	3,93227	13,76271
1280	3,27691	14,41808	3,2769	13,76271
1300	2,62154	14,41808	3,2769	13,10735
1320	2,62154	13,10736	2,62154	13,10735
1340	1,96618	13,10735	2,62154	12,45199
1360	1,96618	12,45199	2,62154	11,79662
1380	1,96618	12,45199	3,2769	11,79662
1400	1,96618	11,79662	3,2769	11,14125
1420	1,96617	11,79661	-3,93216	11,14122
1440	-6,55366	11,14124	-3,27681	11,14124
1460	-2,62142	11,79662	-1,96606	11,79662
1480	-2,62142	12,45199	-1,96606	12,45198
1500	-2,62142	12,45199	-1,3107	11,79662
1520	-1,96605	12,45199	-1,31069	11,79662
1540	-1,96606	12,45198	-1,3107	11,79662
1560	-1,96606	12,45198	-1,3107	11,79661
1580	-1,96606	12,45198	-1,31069	12,45198
1600	-1,96606	12,45198	-1,31069	11,79661
1620	-1,96605	12,45198	-0,65533	11,14125
1640	-1,31069	11,79661	-0,65533	11,14124
1660	3,9999999998486E-5	11,14125	7,20912	9,83053
1680	12,45213	9,17517	13,76287	9,83053
1700	11,14396	11,14128	11,79677	11,14128
1720	11,14142	12,45201	11,79678	12,45201
1740	11,14142	12,45201	11,14142	12,45201
1760	11,14142	12,45201	11,14142	12,452
1780	10,48606	11,79665	11,14142	11,79664
1800	10,48606	11,79664	11,14142	11,79663
1820	10,48606	11,79664	11,14142	11,14127
1840	10,48605	11,79663	11,14142	11,14127
1860	10,48606	11,14127	11,14142	10,48591
1880	9,8307	11,14127	10,48606	10,4859
1900	9,8307	11,14127	9,8307	10,4859
1920	9,8307	10,4859	10,48605	10,4859
1940	9,83069	10,4859	11,14141	9,83053
1960	9,83069	10,4859	11,14141	9,83054
1980	10,48605	10,4859	11,79676	9,83053
2000	11,1414	10,4859	11,79676	9,83053
2020	11,79676	9,83054	20,31658	8,51983
2040	27,52573	8,52066	30,14724	7,86448
2060	29,49187	9,17521	29,49186	9,17522
2080	28,83651	9,83059	29,49187	9,83058
2100	29,49186	9,83058	30,14722	9,17522
2120	29,49186	9,83058	29,49186	9,83058
2140	29,49186	9,83058	30,14721	9,17522
2160	28,8365	9,83058	30,14721	9,17521
2180	30,14721	9,83058	30,14722	9,17521
2200	29,49185	9,17522	30,80257	9,17521
2220	30,14721	9,17521	30,80257	9,1752
2240	29,49185	9,17521	30,14721	8,51984
2260	29,49185	9,17521	30,1472	8,51985
2280	29,49184	9,17521	29,49184	8,51984
2300	28,83648	8,51984	33,42407	7,20912
2320	39,3225	6,55378	42,59936	5,89841
2340	41,94399	7,20914	42,59934	6,55378
2360	41,28863	7,20915	42,59935	7,20914
2380	41,94399	7,86451	41,94399	7,20915
2400	41,28863	7,86451	41,94399	7,20914
2420	-53,73857	7,86452	41,94398	7,86451
2440	41,28862	8,51987	41,94398	7,86451
2460	41,28863	7,86451	41,94398	7,20915
2480	41,28862	7,86452	41,94398	7,86451
2500	41,94398	7,20915	42,59934	7,20914
2520	42,59934	7,86451	43,2547	7,20915
2540	42,59934	7,86451	43,2547	7,20914
2560	43,2547	7,86452	43,25469	7,20915
2580	43,2547	7,86451	43,2547	7,20915
2600	42,59933	7,86452	43,2547	7,20915
2620	42,59933	7,86451	43,25469	7,20915
2640	42,59933	7,20915	43,25469	7,20915
2660	42,59933	7,86451	43,25469	7,20915
2680	41,94397	7,86451	42,59933	7,20915
2700	42,59933	7,20915	45,87618	6,5538
2720	47,84234	7,20917	48,49771	7,20917
2740	47,18698	7,86454	47,84235	7,86454
2760	47,84235	8,51991	47,84235	8,5199
2780	47,18699	8,51991	48,49771	8,5199
2800	47,84234	8,51991	47,84235	8,51991
2820	47,18699	9,17527	47,84234	8,51991
2840	47,18697	9,17528	47,18698	8,51991
2860	46,53162	9,17528	47,18698	9,17527
2880	46,53161	9,17527	47,84234	8,51991
2900	52,42998	7,86457	55,70684	7,2092
2920	55,05146	7,86457	54,39609	8,51993
2940	53,74073	9,1753	54,39609	8,51994
2960	53,74073	9,17531	53,74072	9,1753
2980	53,74072	9,83067	53,74072	9,1753
3000	53,74071	9,17531	53,74071	9,1753
3020	53,08535	9,17531	53,7407	9,1753
3040	53,08534	9,17531	53,7407	9,1753
3060	53,08533	9,17531	54,39605	8,51994
3080	53,74069	9,17531	54,39605	9,17531
3100	53,74068	9,83068	54,39604	9,17531
3120	53,74068	9,17532	54,39604	9,17531
3140	53,74068	9,17532	54,39604	9,17531
3160	53,74068	9,83068	54,39604	9,17531
3180	53,08532	9,17531	53,74068	9,17531
3200	53,08532	9,17531	53,74068	8,51995
3220	53,74068	9,17531	53,74068	8,51994
3240	53,74068	9,17531	53,74323	8,51994
3260	53,08532	9,17531	53,74068	8,51994
3280	53,08532	8,51994	55,70678	7,86459
3300	55,70682	8,51996	55,70681	8,51996
3320	55,05145	9,17533	55,70681	9,17532
3340	55,05145	9,17533	55,70681	9,17532
3360	55,05145	9,83069	55,70681	9,17532
3380	55,05145	9,17533	55,05145	9,17532
3400	54,39609	9,83069	55,05145	9,17532
3420	54,39609	9,17533	55,05145	9,17532
3440	54,39609	9,17533	55,05145	9,17532
3460	54,39608	9,17532	55,05145	9,17532
3480	54,39609	9,83069	55,05145	9,83068
3500	54,39609	9,83068	55,05145	9,17531
3520	54,39609	9,83068	55,05144	8,51995
3540	54,39609	9,17532	55,05144	8,51995
3560	55,05144	8,51994	61,60514	5,89851
3580	70,78043	3,93242	77,33421	1,96629
3600	76,67885	3,27702	76,67884	4,58777
3620	76,0235	5,89852	77,33423	5,89851
3640	76,67887	7,20925	77,33423	7,20925
3660	76,67887	7,86463	77,33423	7,86462
3680	77,33423	8,52	77,33423	7,86463
3700	77,33423	8,52	77,98959	8,51999
3720	76,67887	8,52	77,33423	8,51999
3740	77,33424	8,51999	77,9896	7,86463
3760	75,36812	9,83073	74,05737	11,14146
3780	72,74666	12,45221	73,40202	11,79685
3800	72,74666	13,10758	73,40202	13,10758
3820	72,74667	13,10759	74,05738	12,45222
3840	73,40202	13,10759	74,05738	12,45222
3860	73,40203	13,10759	74,71275	12,45222
3880	74,05738	13,10758	74,71275	12,45222
3900	74,05738	13,10758	74,71275	12,45222
3920	74,05738	13,10758	75,3681	12,45222
3940	74,05738	13,10758	74,71275	12,45222
3960	74,71274	13,10758	75,3681	12,45222
3980	74,71275	13,10758	75,36811	12,45222
4000	74,71275	12,45222	75,36811	11,79685
4020	75,36811	12,45222	76,02347	11,79684
4040	73,40201	11,14147	53,08546	8,5199
4060	19,00617	3,93228	-2,62117	0,65544
4080	-6,55345	1,9662	-4,58734	4,58767
4100	-4,58732	6,55378	-3,27661	6,55378
4120	-3,93198	8,51988	-3,27662	8,51988
4140	-3,27663	9,17524	-2,62127	9,17524
4160	-3,27663	9,83061	-1,96592	9,17524
4180	-2,62128	10,48597	-1,96593	9,83061
4200	-1,96593	10,48597	-1,31057	10,48596
4220	-1,31057	10,48597	-0,65521	10,48596
4240	-1,31058	10,48596	0,00014999999999787	9,83059
4260	-1,31058	10,48596	-6,55352	10,48596
4280	-9,83038	11,79671	-9,17501	12,45208
4300	-9,175	13,10746	-8,51964	13,10746
4320	-9,175	14,41819	-8,51964	13,76282
4340	-8,51964	13,76283	-8,51964	13,76282
4360	-7,86427	14,41819	-7,86428	13,76282
4380	-7,86428	13,76283	-7,20892	13,76282
4400	-7,86428	13,76283	-7,86428	13,76282
4420	-7,86428	13,76282	-7,20892	13,10745
4440	-7,86428	13,76282	-7,20892	13,10745
4460	-7,86428	13,10746	-7,20892	12,45209
4480	-7,20892	13,10746	-7,20892	13,10745
4500	-7,20892	13,10746	-6,55356	12,45209
4520	-7,20893	13,10746	-6,55356	12,45209
4540	-6,55357	13,10746	-6,55357	12,45209
4560	-6,55357	12,45209	-6,55357	11,79672
4580	-10,48577	12,45208	-11,14116	12,45209
4600	-9,83042	13,10746	-9,17505	12,45209
4620	-9,83041	13,76283	-9,17505	12,4521
4640	-9,17505	13,10746	-9,17505	13,10746
4660	-9,17505	13,10746	-8,51969	13,10746
4680	-9,17505	13,10746	-9,17506	13,10746
4700	-9,17506	13,10746	-8,5197	13,10745
4720	-9,17506	13,10746	-8,5197	13,10745
4740	-9,17506	13,10746	-8,5197	13,10745
4760	-9,17506	13,76281	-7,86435	13,10744
4780	-8,51971	13,10745	-7,86435	13,10744
4800	-7,86435	13,76281	-7,20899	13,7628
4820	-7,86435	13,76281	-2,6214	11,79673
4840	5,89848	11,14139	9,83072	11,14138
4860	8,51997	12,45211	8,51996	13,10748
4880	7,8646	13,10748	8,51997	13,10748
4900	8,51996	13,10748	8,51996	13,76283
4920	8,51996	13,76284	8,51996	13,10747
4940	8,51996	13,76284	9,17532	13,10747
4960	7,86459	13,76284	9,17531	13,10747
4980	8,51995	13,10748	9,17531	12,4521
5000	8,51995	13,10747	9,17531	12,4521
5020	8,51995	13,10746	9,1753	12,45209
5040	8,51995	13,10746	9,17531	12,45209
5060	9,17531	13,10746	9,1753	12,45209
5080	9,17531	13,10745	9,1753	12,45209
5100	8,51994	13,10745	9,1753	12,45209
5120	8,51994	12,45209	9,1753	12,45208
5140	9,1753	12,45209	9,1753	12,45208
5160	8,51994	13,10745	9,1753	12,45208
5180	9,1753	13,10744	9,1753	12,45207
5200	9,1753	12,45208	9,17529	12,45207
5220	8,51993	12,45208	9,17529	12,45206
5240	8,51993	12,45207	9,17529	12,45207
5260	8,51993	12,45207	9,17529	11,7967
5280	8,51993	13,10743	9,17529	12,45206
5300	8,51992	12,45207	9,17529	12,45206
5320	9,17528	13,10743	9,83064	12,45206
5340	9,83064	12,45206	9,83064	12,45206
5360	9,83063	13,10743	10,486	13,10742
5380	9,83063	13,10743	10,48599	12,45206
5400	10,48599	13,10743	10,48599	12,45206
5420	10,48599	13,10743	16,3843	11,14135
5440	24,90416	9,83064	27,52567	10,48598
5460	26,21493	11,79671	26,21492	11,79673
5480	25,55957	12,45209	26,21493	12,45209
5500	26,21492	13,10746	26,21492	12,45209
5520	26,21492	13,10746	26,21492	12,45209
5540	26,21491	13,10746	26,21492	12,45209
5560	26,21491	13,10745	26,21492	12,45209
5580	26,21491	12,4521	26,21491	12,45208
5600	26,21491	13,10746	26,21491	12,45209
5620	25,55955	13,10745	26,21491	12,45208
5640	24,90419	13,10745	25,55955	12,45208
5660	24,90419	13,10745	25,55955	12,45208
5680	24,90419	13,10745	25,55955	12,45208
5700	24,90419	13,10745	25,55954	12,45208
5720	24,90418	13,10745	25,55954	12,45208
5740	30,80253	11,14138	38,0117	9,83065
5760	39,97782	10,48601	39,9778	10,48601
5780	38,66708	11,79674	39,32244	11,14138
5800	38,66708	12,45211	39,32244	11,79675
5820	38,66708	11,79675	38,66708	11,79675
5840	38,01171	12,45211	38,66707	12,4521
5860	38,01171	12,45211	38,66707	12,4521
5880	38,01171	12,45211	38,0117	12,45211
5900	38,0117	12,45211	38,66706	12,4521
5920	38,66706	12,45211	39,32242	12,4521
5940	38,66706	12,4521	39,97778	11,79674
5960	38,66705	12,45211	39,32241	11,79674
5980	39,32242	12,45211	39,97777	11,79674
6000	38,66705	11,79675	39,97778	11,79674
6020	39,32242	11,79675	39,97778	11,14137
6040	39,32241	11,79675	39,97777	11,14137
6060	39,32241	11,79674	39,97777	11,14137
6080	39,97777	11,79674	39,97777	11,14137
6100	39,97777	11,79674	39,97777	11,14138
6120	39,97777	11,79674	40,63313	11,79674
6140	39,32241	11,79674	40,63313	11,14137
6160	43,91	9,83066	52,42988	7,86457
6180	55,70677	7,86458	56,36212	8,51994
6200	55,05139	9,83068	55,70676	9,17531
6220	55,0514	9,83068	55,70675	9,83068
6240	55,05139	10,48604	55,70675	9,83068
6260	54,39602	10,48605	55,05138	9,83068
6280	54,39602	10,48604	55,05138	10,48604
6300	54,39602	11,1414	54,39602	10,48603
6320	54,39602	10,48604	55,05138	10,48603
6340	54,39602	10,48604	55,05138	10,48603
6360	54,39601	10,48604	54,39601	9,83067
6380	54,39602	10,48604	55,05137	9,83067
6400	53,74065	10,48603	54,39601	9,83067
6420	53,74065	10,48603	55,70675	9,17531
6440	60,94974	7,8646	62,2605	7,86459
6460	60,94975	8,51996	60,94975	8,51996
6480	60,2944	9,17533	61,60512	9,17532
6500	60,29439	9,17533	61,60511	9,17532
6520	61,60511	9,17532	61,60511	8,51996
6540	61,60511	9,17532	62,26046	8,51996
6560	61,6051	9,17533	62,26047	9,17532
6580	61,6051	9,17533	62,26046	9,17532
6600	61,6051	9,17533	62,26046	9,17533
6620	61,6051	9,17533	62,26046	9,17533
6640	61,6051	9,17533	62,26046	8,51996
6660	61,6051	9,17533	65,53731	7,20925
6680	68,81421	7,20926	70,12496	7,86462
6700	69,46959	8,51999	70,12495	8,51999
6720	69,46959	9,17536	69,46959	9,17536
6740	68,81423	9,17537	69,46959	9,17536
6760	68,81423	9,17537	70,12495	9,17536
6780	69,46958	9,83073	69,46958	9,17536
6800	68,81423	9,83073	69,46958	9,17537
6820	68,81422	10,48609	69,46958	9,83073
6840	68,81422	10,4861	67,50348	9,83072
6860	62,91586	10,48607	61,60511	10,48607
6880	60,94975	10,48609	60,94976	11,14144
6900	60,29439	11,14145	61,60512	11,14145
6920	60,94976	11,14146	61,60512	11,14145
6940	60,94976	11,79682	61,60512	11,79681
6960	60,29439	11,79682	61,60512	11,14145
6980	60,94976	11,79682	61,60512	11,14145
7000	60,94975	11,79682	61,60512	11,14145
7020	60,94976	11,79682	61,60512	11,14145
7040	60,94976	11,79682	61,60512	11,14145
7060	60,94976	11,79682	61,60512	11,14145
7080	60,94976	11,79681	61,60511	10,48609
7100	65,53737	9,83075	71,43577	8,52003
7120	72,09117	9,1754	72,7465	9,83075
7140	72,09114	10,48612	73,40187	9,83075
7160	72,74651	10,48612	73,40186	10,48612
7180	72,7465	11,14149	73,40186	10,48612
7200	73,40186	11,14149	74,05722	11,14148
7220	73,40186	11,14149	74,05722	10,48612
7240	73,40186	11,14149	74,05723	11,14148
7260	73,40187	11,79685	74,71259	11,14148
7280	74,05722	11,14148	74,7126	10,48611
7300	74,71259	10,48611	72,09108	9,17534
7320	49,15313	5,89842	19,00599	0,65544
7340	-3,27669	-1,96602	-15,0734	-2,62138
7360	-15,72876	0,00010000000000332	-12,4519	2,62157
7380	-11,79651	5,89841	-10,48578	7,20915
7400	-10,48579	9,83062	-53,08419	11,14135
7420	-9,83043	11,79673	-9,17507	13,10745
7440	-9,83043	13,76282	-9,17507	13,76282
7460	-9,83043	14,41819	-9,17507	14,41818
7480	-9,83043	15,07355	-9,17507	15,07355
7500	-9,17506	16,38428	-4,58745	17,69504
7520	-4,58741	19,66114	-4,58742	20,97187
7540	-5,24278	21,62725	-4,58742	22,28261
7560	-5,89814	22,93798	-5,24278	22,28261
7580	-5,24278	22,93798	-4,58742	22,28261
7600	-5,24278	22,93797	-4,58742	22,28261
7620	-5,24278	22,28261	-4,58742	21,62723
7640	-5,24278	22,2826	-4,58742	20,97186
7660	-5,24278	21,62723	-4,58742	20,97186
7680	-5,24023	20,97187	-4,58742	20,31649
7700	-5,24279	20,3165	-4,58743	19,66113
7720	-4,58743	19,66113	-3,93207	19,00576
7740	-3,93207	19,00576	1,31089	17,69504
7760	5,24315	17,03969	5,89851	17,03967
7780	5,8985	17,69504	5,89851	17,03968
7800	5,89851	17,69505	5,89851	17,03968
7820	5,89851	17,03968	6,55387	16,38431
7840	5,89851	16,38431	5,89851	15,72894
7860	5,8985	15,72895	5,8985	15,72894
7880	5,8985	15,72895	5,89851	15,07358
7900	5,24314	15,72894	5,8985	15,07357
7920	5,24314	15,07358	5,8985	14,41821
7940	5,8985	15,07357	5,8985	14,4182
7960	5,8985	14,4182	5,8985	13,76284
7980	5,24314	13,76284	5,8985	13,76283
8000	5,24314	13,76284	5,8985	13,76283
8020	5,24314	13,76284	5,8985	13,10747
8040	5,24314	13,10748	5,8985	13,76283
8060	5,24314	13,76283	5,89849	12,4521
8080	7,20923	12,45211	15,72906	11,14139
8100	21,62746	11,14139	22,93821	10,48602
8120	22,28282	12,45212	22,93819	12,45212
8140	22,28284	12,45213	23,59356	12,45212
8160	22,93819	13,10749	22,93819	12,45213
8180	22,93819	13,10749	23,59354	12,45212
8200	22,93818	12,45213	24,2489	12,45212
8220	22,93818	12,45212	24,2489	11,79675
8240	23,59354	12,45211	24,2489	11,79674
8260	23,59354	12,45211	24,90426	11,79674
8280	24,2489	11,79675	25,55962	11,14138
8300	25,55962	11,14138	26,21498	10,48601
8320	25,55962	11,14138	26,87034	10,48601
8340	26,21497	11,14137	27,5257	10,486
8360	26,87033	11,14137	27,52569	11,14137
8380	26,87033	11,14137	27,52569	10,486
8400	27,52569	11,14137	28,18105	11,14136
8420	30,80254	9,83065	43,25464	6,55385
8440	49,15306	6,55384	51,11915	7,2092
8460	49,80841	8,51994	50,46377	7,86458
8480	49,80842	9,1753	50,46378	8,51994
8500	50,46377	9,17531	51,11914	8,51994
8520	50,46378	8,51994	51,11914	8,51994
8540	51,11914	9,1753	51,7745	8,51994
8560	50,46378	9,1753	51,77449	8,51994
8580	51,11913	9,1753	51,77449	8,51994
8600	50,46378	9,83067	51,11913	9,1753
8620	51,11913	9,1753	51,77449	8,51994
8640	51,11913	9,1753	51,11913	8,51993
8660	50,46377	9,1753	51,11913	8,51993
8680	51,11914	9,1753	51,11914	8,51993
8700	50,46378	9,1753	51,7745	8,51993
8720	-53,73846	9,1753	51,11914	9,17529
8740	50,46378	9,1753	51,11914	8,51993
8760	50,46378	9,17529	51,11914	8,51993
8780	50,46378	9,17529	51,11914	8,51992
8800	51,11914	9,17529	51,7745	8,51992
8820	50,46378	8,51993	51,11914	8,51992
8840	50,46378	9,17528	51,7745	8,51992
8860	51,11915	8,51992	51,77451	8,51991
8880	51,11915	8,51992	51,11914	7,86455
8900	48,49764	7,20916	50,46374	5,89844
8920	51,7745	6,55382	52,42986	7,20918
8940	51,77446	7,86455	53,08522	7,20918
8960	52,42986	7,86455	53,08522	7,20918
8980	52,42986	8,51992	53,08522	8,51991
9000	52,42986	8,51991	53,08522	7,86455
9020	52,42986	8,51992	53,08522	8,51991
9040	52,42986	8,51992	53,08522	8,51991
9060	53,08522	9,17527	53,08522	8,51991
9080	52,42986	8,51991	53,08522	8,51991
9100	52,42986	9,17527	53,08522	8,51991
9120	52,42986	9,17528	53,08522	8,51991
9140	52,42986	9,17527	53,74058	8,51991
9160	53,08522	9,17527	53,74058	8,51991
9180	53,08522	9,17528	53,74058	8,51991
9200	53,08522	9,17528	53,74058	9,17527
9220	52,42986	9,17528	53,74058	9,17527
9240	53,08522	9,17528	53,08522	8,51991
9260	53,08522	9,17527	53,74058	8,51991
9280	52,42986	9,17527	53,08522	8,5199
9300	53,08522	8,5199	56,36207	7,20918
9320	65,53732	5,24313	72,09111	4,58777
9340	72,09112	6,55386	71,43572	7,20922
9360	70,78035	7,8646	70,78036	7,8646
9380	70,78035	7,8646	71,4357	8,51996
9400	-53,73805	7,8646	71,4357	7,8646
9420	70,12498	8,51997	71,4357	7,8646
9440	70,78034	8,51996	71,43569	7,86459
9460	70,78033	7,8646	71,43569	7,86459
9480	70,78033	7,8646	71,43569	7,20923
9500	71,43568	7,86459	72,09105	7,20922
9520	72,09104	7,20923	72,7464	7,20922
9540	72,7464	7,20923	72,7464	7,20922
9560	72,7464	7,20923	73,40176	7,20922
9580	76,67867	5,24315	83,23246	3,93242
9600	84,54321	3,93242	84,54319	4,58779
9620	83,23246	4,5878	83,88784	4,58779
9640	83,23247	5,24316	83,88783	4,58779
9660	83,23248	5,24316	83,88783	5,24315
9680	83,23248	5,24316	84,54319	5,24315
9700	83,88783	5,24316	84,5432	4,58779
9720	83,88784	5,24316	84,5432	4,58779
9740	83,88784	5,24316	84,5432	4,58779
9760	84,5432	5,24316	84,54319	4,58779
9780	84,54319	5,24315	85,19855	4,58779
9800	84,54319	5,24316	84,5432	4,58779
9820	85,19856	4,58779	85,19856	4,58778
9840	87,82006	3,27708	91,0969	2,6217
9860	90,44152	3,93243	90,44152	3,27707
9880	89,13081	3,93244	90,44153	3,93243
9900	89,78617	4,5878	90,44153	3,93243
9920	89,78616	4,5878	90,44153	3,93243
9940	89,78617	4,5878	89,78617	3,93243
9960	89,13081	4,5878	90,44153	3,93243
9980	89,13081	4,5878	89,78617	3,93244
10000	89,78617	4,5878	90,44153	3,93243
10020	89,78618	3,93244	89,78618	3,93243
10040	89,78618	4,58779	90,44153	3,93243
10060	90,44153	3,93243	90,44153	3,27705
10080	86,50934	3,27704	87,82005	2,62168
10100	87,1647	3,27706	88,47542	3,27706
10120	87,82006	3,93242	88,47542	3,93242
10140	87,82006	3,93242	88,47542	3,93242
10160	87,82006	3,93242	87,82006	3,93242
10180	87,1647	3,93243	88,47543	3,93241
10200	87,1647	3,93242	87,82007	3,93241
10220	87,16471	3,93243	87,82007	3,93241
10240	87,16471	3,93242	87,82007	3,93241
10260	86,50935	3,93242	87,16471	3,93242
10280	86,50935	3,93242	87,16471	3,93242
10300	86,50935	3,93242	87,16471	3,27705
10320	87,16471	3,27705	87,16471	3,27705
10340	87,16472	3,27706	87,16471	2,62168
10360	79,95565	2,62165	74,05722	1,96627
10380	71,43573	2,62164	72,0911	2,62165
10400	71,43575	3,93238	72,09111	3,27701
10420	71,43574	3,93238	72,09111	3,27701
10440	71,43575	3,93238	72,0911	3,27701
10460	71,43574	3,93238	72,0911	3,27701
10480	71,43574	3,93238	72,09111	3,27702
10500	71,43575	3,93238	72,09111	3,27701
10520	71,43575	3,93238	72,74647	3,27701
10540	72,09112	3,93238	72,74648	3,27701
10560	72,09112	3,93238	72,74649	3,27701
10580	72,09113	3,93238	72,09113	3,27701
10600	72,09113	3,93238	72,74649	3,27701
10620	72,09114	3,93237	72,09113	3,27701
10640	72,09113	3,93237	72,7465	3,277
10660	72,7465	3,27701	66,84814	2,6216
10680	57,67296	1,96622	57,01755	1,96622
10700	57,67293	2,6216	58,3283	3,27696
10720	57,67293	3,27698	58,98365	3,27697
10740	58,32829	3,27698	58,98365	3,27697
10760	58,32829	3,27698	59,63901	3,27697
10780	59,639	3,93234	59,639	3,27713
10800	59,63901	3,93234	59,639	3,27698
10820	59,639	3,93234	60,29436	3,27697
10840	59,639	3,93234	60,29436	3,93233
10860	59,639	3,93234	60,29436	3,93233
10880	63,57122	2,62162	68,81421	1,3109
10900	69,46959	1,96627	70,12494	1,96626
10920	69,46958	2,62163	70,12494	1,96627
10940	68,81422	2,62164	70,12494	2,62163
10960	69,46957	2,62164	70,12494	2,62163
10980	69,46957	2,62164	70,12493	2,62163
11000	69,46957	2,62163	70,12493	2,62163
11020	68,81421	2,62164	69,46957	2,62163
11040	68,81421	2,62164	69,46957	2,62163
11060	69,46957	3,27699	70,12492	2,62163
11080	69,46956	3,27699	69,46956	1,96627
11100	68,8142	2,62163	69,46956	1,96627
11120	68,81675	2,62163	69,46956	1,96627
11140	68,8142	2,62163	69,46956	1,96627
11160	68,81419	2,62163	69,46956	1,96626
11180	68,8142	2,62163	68,81419	1,96626
11200	68,81419	2,62163	69,46955	1,96626
11220	68,81419	2,62162	68,81419	1,96626
11240	68,81419	1,96626	69,46954	1,31089
11260	70,12492	1,3109	79,30021	-1,31052
11280	85,85402	-1,31051	87,82012	-1,31051
11300	86,50937	0,00021999999999878	87,16716	0,00021999999999878
11320	87,16473	0,65559	87,82008	0,65559
11340	87,82008	1,31095	88,47544	0,65559
11360	87,82008	1,96632	88,47544	1,96631
11380	87,82007	1,96633	87,82007	1,96632
11400	87,82008	2,62169	87,82008	1,96632
11420	87,16471	2,62169	87,16472	2,62169
11440	86,50936	2,6217	87,16472	2,62169
11460	85,854	2,6217	86,50936	2,62169
11480	85,19864	3,27706	85,854	3,27705
11500	85,19865	3,93242	85,19865	3,27705
11520	84,54329	3,93242	85,19865	3,93242
11540	83,88793	4,58778	84,54329	3,27705
11560	83,88794	3,93242	84,5433	3,27705
11580	83,88794	3,93242	84,5433	3,27705
11600	83,88794	3,27705	82,57719	2,62166
11620	68,15897	-0,65524	48,4978	-3,93214
11640	25,55982	-4,58752	12,45235	-5,24287
11660	7,20938	-3,93213	5,89864	-3,27676
11680	5,24327	-2,62139	5,24327	-1,96602
11700	4,5879	-0,65529	5,89862	-0,65529
11720	5,24326	7,0000000000903E-5	5,89862	-0,6553
11740	5,89862	7,0000000000903E-5	6,55398	-0,6553
11760	5,89861	6,0000000004834E-5	5,89862	6,9999999993797E-5
11780	5,24326	0,65543	5,24326	0,65543
11800	4,58789	1,3108	4,5879	0,65543
11820	3,27718	0,65543	-6,55334	4,9999999994554E-5
11840	-15,72851	-0,65531	-15,07317	-0,65531
11860	-14,41778	0,65543	-14,41778	1,31079
11880	-15,7285	1,96616	-15,7285	1,96616
11900	-16,38386	2,62152	-16,38386	1,96615
11920	-17,69457	2,62152	-17,69457	2,62151
11940	-18,34993	2,62152	-18,34993	3,27687
11960	-19,66065	3,93224	-19,00528	3,93223
11980	-20,31601	4,58759	-20,316	4,58758
12000	-20,97135	5,24295	-20,97134	5,24293
12020	-22,93741	6,55366	-22,93741	6,55366
12040	-24,24812	7,86439	-24,24811	7,20901
12060	-25,55882	7,86438	-25,55881	7,86437
12080	-26,86951	8,51974	-26,8695	8,51973
12100	-28,18022	9,17509	-28,83557	9,83044
12120	-30,14628	9,83044	-30,80163	10,4858
12140	-31,45698	10,4858	-32,11233	10,4858
12160	-34,07839	11,79653	-34,73374	11,79652
12180	-36,04444	12,45188	-36,04443	12,45187
12200	-37,35514	13,10724	-38,01048	12,45187
12220	-38,66582	13,76259	-38,01044	13,10722
12240	-38,66579	13,10723	-38,66577	13,10722
12260	-39,32112	13,10722	-39,32111	12,45185
12280	-40,63182	13,10722	-40,63181	12,45186
12300	-41,28717	13,10722	-41,28716	12,45185
12320	-42,59787	13,10722	-41,94251	12,45185
12340	-43,25322	12,45185	-43,25321	12,45185
12360	-43,90857	13,10721	-43,25321	12,45184
12380	-43,90857	13,1072	-43,90857	12,45184
12400	-44,56393	13,1072	-43,90856	12,45183
12420	-44,56392	13,1072	-43,90856	12,45183
12440	-45,21928	13,10719	-44,56392	12,45183
12460	-45,21928	12,45183	-44,56392	12,45182
12480	-45,21927	12,45183	-45,21927	11,79646
12500	-45,87463	11,79646	-38,66558	9,83038
12520	-30,14571	9,83039	-26,86884	8,51965
12540	-28,83494	9,83038	-29,49032	10,48575
12560	-30,14567	11,14112	-28,83495	10,48575
12580	-28,83495	11,14111	-28,83496	11,1411
12600	-28,83497	11,79647	-28,17961	11,1411
12620	-28,83497	11,14111	-27,52426	11,1411
12640	-28,17962	11,1411	-28,17962	11,14109
12660	-28,17963	11,1411	-27,52427	11,1411
12680	-28,17963	11,1411	-27,52428	10,48573
12700	-28,17964	11,1411	-27,52428	11,14109
12720	-28,17964	11,1411	-27,52428	10,48573
12740	-28,17965	11,1411	-27,5243	10,48573
12760	-27,5243	11,1411	-27,52431	10,48573
12780	-28,17967	11,14109	-27,52432	11,14109
12800	-27,52432	11,14109	-26,86896	10,48572
12820	-28,17969	11,14109	-27,52433	10,48572
12840	-27,52433	11,14108	-26,86897	10,48571
12860	-27,52434	11,14108	-26,86898	10,48572
12880	-26,86898	11,14108	-26,86898	10,48571
12900	-27,52434	11,14108	-25,55826	10,48571
12920	-19,00454	9,83036	-13,10616	9,175
12940	-12,45079	10,48571	-12,4508	10,48572
12960	-12,45081	11,79645	-11,79545	11,14109
12980	-11,79544	11,79645	-10,48473	11,14109
13000	-11,14009	12,45181	-10,48473	11,79645
13020	-10,48473	11,79645	-9,82937	11,79645
13040	-10,48473	11,79645	-9,17401	11,79644
13060	-10,48473	11,79645	-9,17401	11,79644
13080	-9,82938	12,4518	-9,17402	11,79644
13100	-9,82938	12,45181	-8,51866	11,79644
13120	-9,17402	12,45181	-8,51866	11,79644
13140	-9,17402	11,79645	-7,86329	11,14108
13160	-1,96494	9,83037	2,62266	9,83035
13180	1,9673	10,48572	2,62266	10,48572
13200	1,9673	10,48573	2,62266	10,48573
13220	2,62266	10,48574	3,27801	10,48573
13240	3,27801	10,48573	3,93337	9,83036
13260	3,93336	9,83037	4,58872	9,175
13280	3,93335	9,83038	4,5887	9,17501
13300	3,93334	9,83037	4,58869	9,17501
13320	3,93332	9,83038	4,58868	9,17501
13340	3,93332	9,17502	4,58868	8,51965
13360	4,58868	8,51966	5,24404	7,86429
13380	0,65647	7,86428	-8,51871	7,20889
13400	-9,1741	7,20891	-6,55265	6,55355
13420	-7,20799	7,86429	-6,55264	7,20892
13440	-6,55265	7,86429	-5,89729	7,20893
13460	-5,89729	7,8643	-5,24193	7,20893
13480	-5,24194	7,20893	-4,58658	7,20893
13500	-4,58658	7,20893	-3,93122	6,55356
13520	-4,58659	7,20893	-3,93123	6,55356
13540	-4,58659	6,55357	-3,93123	5,8982
13560	-4,58659	5,89821	-3,93124	5,8982
13580	-3,93124	5,89821	-3,27588	5,24284
13600	-3,93124	5,89821	-3,27588	5,24284
13620	-3,93124	5,24284	-3,27588	4,58748
13640	-3,27588	5,24285	-3,27588	4,58748
13660	-3,93124	5,24284	-2,62053	4,58747
13680	-3,27589	4,58748	1,31168	3,27675
13700	12,45303	1,96606	19,00681	1,96606
13720	20,31755	3,27679	19,66216	3,2768
13740	19,66216	3,93217	20,31753	3,93216
13760	20,31752	4,58754	20,97288	3,93217
13780	20,31752	4,58754	20,97288	4,58753
13800	20,97287	4,58754	21,62823	4,58753
13820	21,62823	4,58754	22,28359	3,93217
13840	21,62822	4,58754	22,28358	4,58753
13860	22,28358	5,2429	23,59429	3,93217
13880	26,21579	3,93219	32,11413	1,9661
13900	32,11414	2,62146	32,11412	2,62146
13920	32,11412	3,27683	32,76948	3,27682
13940	32,11412	3,27683	32,76948	3,27683
13960	32,11412	3,9322	32,76947	3,27682
13980	32,76947	3,93219	33,42483	3,27683
14000	32,76947	3,27683	33,42483	2,62146
14020	32,76947	3,27683	33,42482	2,62146
14040	33,42482	3,27682	33,42482	3,27682
14060	33,42482	3,27683	34,08018	3,27682
14080	33,42482	3,93218	34,73554	3,27681
14100	34,08018	3,27682	34,73554	3,27681
14120	34,73554	3,27682	35,3909	3,27681
14140	34,73553	3,93218	35,39089	3,27681
14160	35,39089	3,27682	36,04624	3,27681
14180	35,39088	3,27682	36,04623	2,62145
14200	36,04623	2,62145	36,04623	1,96609
14220	36,04623	1,9661	36,70159	1,31073
14240	36,70159	1,9661	36,70159	1,96609
14260	36,70158	1,31074	37,35694	1,31073
14280	36,70158	1,31074	37,35693	0,65537
14300	36,70157	0,65538	37,35692	0,65537
14320	39,32303	1,9999999999243E-5	42,59989	-0,65534
14340	42,59989	3,0000000002417E-5	42,59989	-0,65534
14360	42,59989	3,9999999998486E-5	43,25524	-0,65533000000001
14380	42,59988	3,9999999998486E-5	43,91059	3,9999999998486E-5
14400	43,25522	3,9999999998486E-5	43,91058	-0,65532
14420	43,25522	3,9999999998486E-5	44,56594	-0,65533000000001
14440	44,56593	-0,65532	45,87665	-0,65533000000001
14460	45,87664	-0,65532	46,532	-1,31069
14480	46,532	-0,65532	47,18735	-1,31068
14500	46,53199	-0,65531	47,18735	-1,31068
14520	47,18735	-0,65531	47,84271	-1,31067
14540	47,8427	-0,65531	47,8427	-1,31068
14560	43,91049	-1,3107	39,32288	-2,62144
14580	39,97824	-1,96606	41,94435	-1,96605
14600	41,28899	-0,65533	41,94434	-1,31068
14620	41,94434	-0,65531	42,5997	-0,65532
14640	42,5997	-0,65532	43,25506	-1,31068
14660	43,25505	-0,65531	43,91041	-1,31068
14680	43,25505	-0,65532	44,56577	-1,31068
14700	43,9104	-1,31068	44,56576	-1,96605
14720	44,56576	-1,31068	45,22111	-1,31069
14740	45,22111	-1,31068	45,87647	-1,31069
14760	45,87646	-1,31068	46,53182	-1,31069
14780	47,18718	-1,31068	47,84254	-1,31068
14800	47,18718	-1,31068	48,4979	-1,31069
14820	47,84253	-1,31068	47,84254	-1,31069
14840	47,84253	-1,31068	48,49789	-1,96605
14860	47,84253	-1,31068	48,49789	-1,96605
14880	48,49789	-1,96604	49,15324	-1,96605
14900	48,49788	-1,96604	49,15324	-1,96605
14920	48,49788	-1,96604	49,15324	-1,96605
14940	48,49788	-1,96604	49,15323	-1,96605
14960	48,49788	-1,96604	49,15323	-1,96605
14980	49,15323	-1,96605	50,46395	-2,62141
15000	49,80858	-1,96604	50,46394	-2,62141
15020	50,46394	-1,96605	51,77466	-2,62142
15040	51,1193	-1,96605	51,77465	-2,62142
15060	45,87634	-1,96608	40,63335	-3,27682
15080	41,94408	-2,62144	45,22096	-2,62142
15100	45,221	-1,96604	45,87635	-1,96605
15120	45,22098	-1,31068	45,87634	-1,96605
15140	45,22098	-1,31068	45,87634	-1,96605
15160	45,87634	-1,31068	46,53169	-1,31069
15180	45,87634	-1,31068	46,5317	-1,31069
15200	45,87634	-1,31068	46,53169	-1,96605
15220	45,87633	-1,31068	46,53169	-1,96606
15240	46,53169	-1,31069	46,5317	-1,96605
15260	46,53169	-1,31069	47,18705	-1,96605
15280	46,53169	41,94307	47,18705	-1,96605
15300	46,53168	-1,31068	47,18705	-1,96605
15320	47,18704	-1,31069	46,53168	-1,96605
15340	46,53168	-1,31069	47,18704	-1,31069
15360	47,18704	-1,31069	47,18704	-1,96605
15380	47,18704	-1,96605	47,8424	-1,96605
15400	47,18704	-1,96604	47,18704	-1,96605
15420	47,18704	-1,96605	47,8424	-1,96605
15440	47,18704	-1,96604	47,8424	-1,96606
15460	47,18704	-1,96605	47,84239	-1,96606
15480	47,18703	-1,96605	47,8424	-2,62141
15500	47,18703	-1,96605	48,49775	-2,62142
15520	47,84239	-1,96605	48,49775	-2,62142
15540	48,49775	-2,62141	48,49775	-3,27678
15560	48,49775	-1,96605	49,15311	-2,62142
15580	48,49775	-2,62142	49,1531	-3,27679
15600	49,1531	-2,62142	50,46382	-3,27679
15620	49,80845	-3,27678	50,46381	-3,27679
15640	49,80844	-3,27678	51,11916	-3,27679
15660	50,4638	-3,27678	50,4638	-3,27679
15680	49,80844	-3,27678	50,4638	-3,93214
15700	49,80843	-3,27678	50,46378	-3,27678
15720	49,80843	-3,27677	50,46378	-3,93214
15740	49,15306	-3,27678	49,80842	-3,27678
15760	49,15305	-3,27677	49,80842	-3,27678
15780	49,15305	-2,62141	49,15306	-3,27678
15800	49,15306	-2,62141	49,15306	-3,27677
15820	49,15306	-2,62141	49,80842	-3,27678
15840	48,4977	-2,62141	49,80842	-3,27678
15860	49,15306	-2,62141	49,15306	-3,27678
15880	48,4977	-2,62141	49,15306	-3,27677
15900	48,4977	-3,27676	49,15306	-3,27677
15920	48,4977	-3,27676	49,15306	-3,27677
15940	48,4977	-3,27676	49,80842	-3,93213
15960	49,15306	-3,93212	49,80842	-3,93213
15980	49,15306	-3,93212	49,15561	-3,93213
16000	48,4977	-3,27676	49,80841	-3,93213
16020	48,49769	-3,93212	49,80841	-3,93213
16040	49,15305	-3,27676	49,15305	-3,93212
16060	49,15305	-3,93212	53,74064	-5,8982
16080	58,32828	-6,55356	58,98365	-6,55358
16100	56,36216	-5,24285	55,05142	-4,58748
16120	53,74071	-4,58746	55,05143	-4,58747
16140	54,39606	-3,93209	55,05142	-3,9321
16160	54,39606	-3,27673	55,05142	-3,9321
16180	54,39605	-3,27673	55,05141	-3,9321
16200	55,05141	-3,93209	55,70676	-3,93209
16220	55,0514	-3,27673	55,70676	-3,93209
16240	55,0514	-3,27672	55,70676	-3,27673
16260	55,0514	-2,62136	55,70676	-3,27673
16280	55,0514	-3,27672	-53,08299	-3,27673
16300	55,0514	-2,62136	55,70676	-3,27672
16320	55,05141	-3,27672	55,70676	-3,27672
16340	55,05141	-3,27672	55,70676	-3,27672
16360	55,05141	-3,27672	55,70677	-3,27673
16380	55,70677	-3,27672	58,98365	-3,93206
16400	58,3283	-2,62133	58,32829	-2,62133
16420	57,67293	-1,31059	58,3283	-1,96596
16440	57,01757	-1,31059	58,32829	-1,96596
16460	57,67293	-1,31059	58,32829	-1,96595
16480	57,67293	-1,31059	58,32829	-1,96595
16500	57,67294	-0,65522	58,3283	-1,31059
16520	57,67294	-1,31059	58,32829	-1,3106
16540	57,67293	-1,31059	58,32829	-1,3106
16560	57,67293	-0,65523	58,3283	-1,3106
16580	57,67293	-0,65523	58,32829	-1,3106
16600	57,67293	-0,65523	58,32829	-1,3106
16620	57,67293	-0,65523	58,32829	-1,3106
16640	57,67293	-0,65523	58,32829	-1,3106
16660	57,67292	-0,65523	58,32828	-1,3106
16680	57,67292	-0,65524	58,32828	-0,65525
16700	57,67292	-0,65524	58,32828	-1,31061
16720	58,32827	-1,96597	64,22661	-3,93204
16740	71,43578	-4,58738	74,71268	-5,89812
16760	73,40192	-3,93203	73,40189	-3,93203
16780	73,4019	-3,27665	74,05726	-3,27666
16800	73,4019	-2,62129	74,05726	-3,27666
16820	74,05725	-2,62128	74,05725	-2,62128
16840	74,05725	-1,96592	-53,08259	-2,62128
16860	74,05725	-2,62128	74,05725	-2,62128
16880	74,05725	-1,96592	74,05725	-2,62129
16900	73,40189	-1,96592	74,05725	-2,62128
16920	74,05725	-2,62128	74,05725	-2,62129
16940	74,05725	-2,62128	74,05726	-2,62129
16960	73,40189	-2,62129	74,05726	-3,27665
16980	73,40189	-2,62128	74,05726	-3,27666
17000	73,40189	-2,62129	74,05726	-2,6213
17020	73,4019	-2,62129	74,05726	-3,27665
17040	74,05726	-2,62129	74,71261	-3,27667
17060	74,05725	-3,93202	74,05725	-4,5874
17080	74,05725	-3,93204	74,71261	-4,58741
17100	74,05724	-4,58741	74,7126	-5,89814
17120	78,64487	-7,20885	84,54328	-8,51957
17140	86,50941	-8,51958	86,50939	-7,86423
17160	85,19866	-6,55349	85,85403	-7,20884
17180	84,54332	-6,55347	85,19867	-6,55347
17200	84,54331	-5,8981	84,54331	-5,89811
17220	84,54331	-5,8981	85,19867	-5,8981
17240	84,5433	-5,89809	85,19866	-5,8981
17260	83,88795	-5,24273	84,5433	-5,89809
17280	83,88794	-5,24273	84,5433	-5,89809
17300	83,88794	-5,24272	84,5433	-5,24273
17320	84,5433	-5,24272	84,5433	-5,24273
17340	83,88794	-4,58736	84,5433	-5,24272
17360	84,54329	-5,24272	85,19865	-5,24272
17380	85,19865	-5,24272	85,85401	-5,89809
17400	85,19865	-5,24271	86,50936	-5,24272
17420	85,854	-5,24271	86,50936	-5,24272
17440	85,854	-5,24272	75,36804	-7,20889
17460	41,94413	-10,48581	9,8309	-15,07338
17480	-5,89808	-15,72873	-5,89812	-17,03944
17500	-4,58738	-15,07334	-3,93203	-13,76262
17520	-3,93203	-12,45188	-3,27668	-12,45188
17540	-3,93204	-11,14115	-2,62133	-11,14115
17560	-3,27669	-9,83042	-1,96597	-9,83043
17580	-2,62133	-9,83042	-1,96598	-9,17507
17600	-2,62134	-9,17506	-1,31062	-9,17507
17620	-1,96598	-9,17506	-1,31062	-9,17507
17640	-1,96598	-8,5197	-1,31062	-8,5197
17660	-1,96599	-7,86433	-1,96599	-8,5197
17680	-2,62135	-7,20897	-1,96599	-7,86434
17700	-1,96599	-7,20897	-1,31063	-7,86434
17720	-5,24283	-7,86434	-8,51969	-9,17508
17740	-7,20896	-9,17506	-6,55359	-9,17506
17760	-7,20895	-7,86433	-6,55359	-8,51969
17780	-7,20895	-7,86433	-6,55359	-8,51969
17800	-7,20895	-7,86432	-6,55359	-8,51969
17820	-7,20896	-7,86432	-6,55359	-8,51969
17840	-7,20895	-7,86432	-7,20895	-8,51968
17860	-7,20896	-7,86431	-6,5536	-8,51968
17880	-7,86432	-7,86432	-7,20896	-8,51969
17900	-7,86432	-8,51967	-7,20895	-8,51968
17920	-7,86432	-8,51967	-6,5536	-8,51968
17940	-7,86432	-8,51967	-7,20896	-8,51968
17960	-6,55359	-9,17504	-0,65526	-10,48576
17980	1,31086	-9,8304	1,31085	-9,8304
18000	0,00012999999999863	-9,17503	1,31085	-9,83039
18020	0,65548999999999	-9,17502	1,31084	-9,17502
18040	0,65548	-9,17502	1,31084	-9,17503
18060	0,65548	-9,17502	0,65548	-9,17502
18080	0,65548	-9,17502	1,31084	-9,17502
18100	0,65548	-8,51966	1,31084	-9,17502
18120	1,31084	-8,51966	1,31084	-8,51966
18140	0,65548	-8,51965	1,31084	-9,17502
18160	1,31084	-8,51966	1,9662	-9,17502
18180	-1,31063	-9,17503	-9,83044	-10,48578
18200	-11,79656	-11,14114	-7,86435	-10,48577
18220	-7,20896	-9,17503	-5,89823	-9,17503
18240	-6,5536	-8,51966	-5,89824	-9,17502
18260	-6,5536	-8,51966	-5,89824	-8,51967
18280	-5,89824	-8,51966	-5,89824	-8,51967
18300	-5,89824	-8,51966	-5,24288	-8,51967
18320	-5,89824	-7,8643	-5,24288	-8,51967
18340	-5,24288	-7,8643	-5,24288	-7,86431
18360	-5,24288	-7,86431	-5,24287	-7,86431
18380	-5,24288	-7,8643	-5,24288	-8,51967
18400	-5,89824	-7,8643	-4,58752	-7,86431
18420	-5,24288	-7,86431	-4,58752	-8,51968
18440	-5,24289	-7,8643	-4,58752	-8,51968
18460	-5,24288	-7,86431	-4,58752	-8,51968
18480	-5,24288	-7,86431	-5,24289	-7,86432
18500	-2,6214	-7,86431	1,96622	-8,51967
18520	2,62159	-6,55357	2,62158	-5,89821
18540	1,96623	-4,58747	3,27695	-5,24283
18560	2,62158	-4,58746	3,9323	-4,58747
18580	2,62158	-4,58746	3,93229	-4,58747
18600	3,27693	-3,9321	3,93229	-4,58747
18620	3,27693	-3,9321	3,93229	-4,58747
18640	3,27693	-4,58746	3,27693	-4,58747
18660	2,62157	-4,58747	3,27693	-4,58747
18680	2,62157	-3,93211	7,20915	-5,8982
18700	15,72904	-5,89818	19,66128	-5,89818
18720	19,00591	-4,58745	19,00589	-4,58745
18740	19,0059	-4,58744	19,66126	-4,58745
18760	19,0059	-4,58745	19,66125	-4,58746
18780	19,66126	-4,58745	20,31661	-4,58746
18800	19,66125	-3,93209	20,31661	-4,58746
18820	19,66124	-4,58746	19,66124	-5,24283
18840	19,66124	-4,58746	20,3166	-5,24283
18860	19,66124	-4,58746	19,66124	-5,24283
18880	19,00588	-5,24283	19,66124	-5,8982
18900	18,35052	-5,89819	19,66124	-5,8982
18920	19,00588	-5,24284	19,66124	-6,55357
18940	19,00588	-5,8982	19,00588	-6,55357
18960	18,35053	-6,55357	19,00588	-6,55357
18980	18,35052	-6,55357	19,00588	-7,20894
19000	18,35052	-6,55357	18,35052	-6,55358
19020	17,69517	-6,55357	18,35052	-7,20894
19040	17,69516	-6,55357	18,35053	-7,20894
19060	18,35307	-6,55358	19,00588	-7,20894
19080	18,35053	-6,55358	19,00589	-6,55359
19100	18,35052	-6,55358	19,00588	-7,20895
19120	19,00588	-6,55358	19,66124	-7,20895
19140	19,00588	-6,55358	19,66124	-6,55359
19160	19,66124	-5,89822	19,66124	-6,55359
19180	19,66124	-6,55359	19,66123	-6,55359
19200	19,00587	-5,89823	19,66123	-6,55359
19220	19,00587	-5,89823	19,66123	-5,89823
19240	19,00587	-5,89823	19,66123	-6,55359
19260	19,66123	-5,89823	20,31659	-6,55359
19280	16,38439	-6,55361	16,38438	-6,55361
19300	17,03976	-6,5536	-53,08376	-5,89823
19320	17,03976	-5,24287	17,69512	-5,89823
19340	17,69512	-5,24286	18,35047	-5,89823
19360	17,69512	-5,24286	18,35048	-5,89823
19380	17,69511	-5,24286	18,35048	-5,24287
19400	17,03975	-5,24286	18,35047	-5,24287
19420	17,03975	-5,24286	18,35047	-5,24287
19440	17,69511	-4,5875	17,69511	-5,24287
19460	17,69511	-4,5875	17,69511	-5,24287
19480	17,03975	-5,24286	17,69511	-5,24286
19500	17,03976	-5,24286	17,69512	-5,24287
19520	17,03976	-4,5875	17,03976	-5,24287
19540	16,3844	-5,24286	16,3844	-5,89823
19560	16,3844	-5,89823	16,3844	-5,89824
19580	16,3844	-5,89824	19,66124	-7,86432
19600	30,80259	-9,17504	37,35633	-11,14116
19620	36,04559	-9,17507	35,39021	-8,51969
19640	34,73486	-7,86431	35,39021	-7,86432
19660	35,39021	-7,86431	35,39021	-7,86432
19680	35,39021	-7,86432	36,70092	-7,86433
19700	36,70092	-7,20895	37,35628	-7,86433
19720	36,70092	-7,86432	37,35628	-7,86433
19740	37,35628	-7,20896	38,01163	-7,20896
19760	37,35628	-6,5536	38,667	-7,20896
19780	37,35628	-7,20895	38,01164	-7,20896
19800	38,01164	-6,55359	38,01164	-7,20896
19820	37,35628	-6,55359	38,667	-6,5536
19840	37,35628	-6,55359	38,01164	-6,5536
19860	38,01164	-6,5536	38,01164	-7,20896
19880	37,35628	-6,5536	38,01164	-6,5536
19900	37,35628	-6,5536	38,01163	-7,20897
19920	38,01164	-6,5536	38,01164	-6,55361
19940	38,01163	-6,5536	38,667	-6,5536
19960	38,01164	-6,55359	38,01164	-6,5536
19980	38,01163	-5,89823	38,01164	-6,55361
20000	38,01163	-6,5536	38,66699	-6,55361
20020	38,01163	-6,5536	38,66699	-6,55361
20040	38,01163	-6,5536	38,01163	-6,55362
20060	37,35626	-6,55361	38,66699	-6,55362
20080	37,35626	-6,55361	38,01162	-7,20898
20100	37,35627	-6,55361	38,01162	-7,20898
20120	37,35626	-6,55362	37,35626	-7,20899
20140	36,7009	-6,55362	37,35626	-7,20899
20160	37,35626	-7,20899	37,35881	-7,209
20180	40,6331	-7,86434	50,46369	-9,17505
20200	55,05136	-9,17505	55,05135	-9,17506
20220	53,08523	-7,86433	53,08523	-8,51969
20240	53,08523	-7,86431	53,08523	-7,86432
20260	53,08523	-7,20895	53,74059	-7,86432
20280	53,08522	-7,86431	54,39594	-7,86433
20300	53,74058	-7,86432	54,39594	-8,51968
20320	54,39594	-7,86432	55,05129	-8,51968
20340	54,39594	-7,86431	55,05129	-8,51968
20360	55,05129	-7,86432	55,05129	-8,51968
20380	54,39593	-7,86432	55,0513	-8,51969
20400	55,05129	-7,86432	55,0513	-8,51969
20420	55,05129	-7,86432	55,70665	-8,51969
20440	55,05129	-8,51968	55,70666	-8,51969
20460	54,39594	-8,51969	55,70666	-9,17505
20480	54,39594	-8,51969	55,05129	-9,17505
20500	55,70666	-9,17505	62,91576	-11,79648
20520	67,5034	-11,79648	68,81414	-11,79649
20540	68,15877	-11,79648	68,15876	-11,79648
20560	67,5034	-11,14112	68,15876	-11,14112
20580	67,5034	-11,14111	68,15876	-11,14112
20600	67,5034	-11,14112	67,5034	-11,14112
20620	67,5034	-11,14111	67,5034	-11,14112
20640	66,84804	-11,14112	68,15876	-11,14112
20660	67,5034	-11,14111	67,5034	-11,79648
20680	67,5034	-11,14112	67,5034	-11,14113
20700	66,84804	-11,14112	67,5034	-11,79649
20720	67,50341	-11,79648	67,5034	-12,45185
20740	67,5034	-11,79648	67,5034	-13,10722
20760	64,88193	-13,10724	41,28865	-18,35025
20780	6,55405	-22,28247	-9,8303	-25,55929
20800	-9,83034	-24,24854	-5,89812	-22,9378
20820	-5,24274	-20,9717	-4,58739	-20,9717
20840	-4,58739	-19,66096	-3,93204	-19,00561
20860	-3,93204	-18,35023	-3,27668	-18,35023
20880	-3,27669	-17,0395	-2,62133	-17,69487
20900	-3,2767	-17,0395	-1,96598	-17,0395
20920	-2,62135	-16,38414	-1,31063	-17,0395
20940	-1,96599	-16,38414	-1,31063	-16,38414
20960	-1,31064	-15,72877	-0,65528	-15,72878
20980	-1,31064	-15,07341	-0,65528	-15,72877
21000	-1,31064	-15,07341	-0,65528	-15,07341
21020	-1,31064	-14,41804	-1,31064	-14,41805
21040	-1,30809	-14,41804	-1,31064	-14,41805
21060	-1,966	-14,41804	-1,31064	-14,41805
21080	-1,966	-13,76268	-1,31064	-14,41805
21100	-1,966	-13,76268	-1,31064	-14,41804
21120	-1,966	-13,76268	-0,65528	-14,41804
21140	-1,31063	-13,76268	-0,65528	-14,41804
21160	-0,65527	-13,76268	9,0000000000146E-5	-14,41804
21180	-0,65528	-13,76267	9,0000000000146E-5	-14,41804
21200	-0,65527	-13,76266	0,65545	-14,41803
21220	9,0000000000146E-5	-13,76266	0,65545	-14,41803
21240	9,0000000000146E-5	-13,76266	1,31081	-13,76267
21260	0,65544999999999	-13,76266	1,31081	-14,41803
21280	0,65544999999999	-13,76266	1,31082	-14,41803
21300	1,31082	-13,76267	1,96618	-14,41804
21320	1,31081	-14,41803	-2,6214	-15,07341
21340	-3,27678	-13,76267	-1,31067	-14,41803
21360	-1,96602	-13,76266	-1,31067	-13,76266
21380	-1,96602	-13,10729	-1,31067	-13,76266
21400	-1,96603	-13,10729	-0,65531	-13,1073
21420	-1,31067	-13,10729	-1,31066	-13,76266
21440	-1,31067	-13,1073	-0,65531	-13,1073
21460	-1,31067	-13,1073	-0,65531	-13,1073
21480	-1,96603	-12,45193	-0,65531	-13,1073
21500	-0,65532	-13,10729	-0,65532	-13,10731
21520	-0,65532	-13,1073	3,9999999998486E-5	-13,76267
21540	3,9999999998486E-5	-13,1073	0,6554	-13,1073
21560	3,9999999998486E-5	-12,45194	0,65539	-13,1073
21580	3,9999999998486E-5	-12,45193	0,6554	-13,1073
21600	3,9999999998486E-5	-12,45193	0,6554	-12,45194
21620	3,9999999998486E-5	-12,45194	0,6554	-12,45195
21640	3,9999999998486E-5	-12,45194	3,9999999998486E-5	-12,45194
21660	2,9999999995312E-5	-12,45194	3,9999999998486E-5	-12,45194
21680	2,9999999995312E-5	-11,79658	0,6554	-12,45195
21700	3,9999999998486E-5	-11,79658	2,9999999995312E-5	-11,79659
21720	-0,65533000000001	-11,79658	2,9999999995312E-5	-12,45195
21740	3,27688	-13,1073	11,14134	-13,1073
21760	13,76285	-12,45194	12,4521	-11,79658
21780	11,14138	-10,48584	12,4521	-11,14119
21800	11,79674	-9,83046	11,79673	-9,83047
21820	11,14137	-9,83046	11,79673	-9,83046
21840	11,14137	-9,17509	11,79673	-9,83046
21860	11,14136	-9,1751	11,79672	-9,83046
21880	11,14136	-9,83046	11,79671	-9,83047
21900	11,14136	-9,1751	11,79672	-9,83046
21920	11,14135	-9,1751	11,79671	-9,83047
21940	13,10746	-10,48582	19,66117	-11,14119
21960	20,31657	-11,14119	20,97191	-11,14121
21980	20,31655	-10,48583	20,31655	-11,1412
22000	19,66119	-11,14119	20,31655	-11,1412
22020	19,66119	-11,14119	20,31655	-11,79656
22040	19,66119	-11,1412	20,31655	-11,79656
22060	19,66118	-11,79656	19,66118	-11,79656
22080	19,66118	-11,79656	20,31654	-11,1412
22100	19,66117	-11,79656	20,31654	-11,79657
22120	20,31653	-11,79656	20,97189	-11,79657
22140	20,97188	-11,79657	20,97189	-12,45193
22160	20,31653	-11,79656	20,97189	-12,45193
22180	20,31653	-11,79656	20,97189	-12,45193
22200	20,97189	-11,79656	20,97189	-12,45193
22220	20,97189	-12,45193	21,62725	-12,45194
22240	20,97189	-12,45193	20,9719	-12,45194
22260	20,9719	-12,45193	21,62726	-13,1073
22280	20,31653	-11,79658	21,62726	-12,45195
22300	20,31654	-12,45194	20,9719	-13,10623
22320	20,31654	-12,45194	20,9719	-12,45194
22340	20,31654	-12,45194	20,97191	-13,10731
22360	20,31655	-12,45194	20,9719	-13,10731
22380	20,31655	-12,45194	20,9719	-13,10731
22400	20,31655	-12,45195	20,9719	-13,10732
22420	20,9719	-13,10731	20,9719	-13,10732
22440	23,59338	-14,41803	30,80248	-15,72876
22460	32,11324	-15,72877	32,11322	-15,07341
22480	30,8025	-14,41804	31,45787	-15,0734
22500	31,45786	-14,41804	32,11322	-14,41805
22520	31,45787	-14,41803	32,11323	-14,41804
22540	31,45787	-14,41804	32,11323	-14,41804
22560	31,45787	-14,41804	31,45787	-15,07341
22580	31,45787	-13,76268	32,11323	-14,41805
22600	31,45787	-14,41805	31,45787	-15,07341
22620	31,45787	-14,41805	37,3562	-16,38413
22640	43,25458	-16,38412	46,53141	-16,38414
22660	45,87606	-15,72877	46,53142	-15,72877
22680	45,2207	-14,41804	45,87606	-15,72876
22700	45,2207	-15,0734	45,87605	-15,07341
22720	45,22062	-15,0734	46,53141	-15,07341
22740	45,87605	-15,72876	46,53141	-15,72877
22760	46,53141	-15,72877	47,18677	-15,72877
22780	46,53141	-15,72877	47,18677	-16,38413
22800	46,53141	-15,72876	47,84213	-16,38413
22820	47,18677	-15,72876	47,84213	-16,38414
22840	47,18677	-16,38412	47,84213	-16,38414
22860	47,18677	-16,38413	47,18677	-16,38413
22880	46,53142	-16,38413	47,18678	-17,0395
22900	46,53142	-16,38413	47,18677	-17,0395
22920	46,53141	-16,38413	46,53142	-17,0395
22940	45,87606	-16,38413	47,84215	-17,69486
22960	50,46366	-17,69485	51,11903	-17,69486
22980	50,46366	-17,03949	51,11902	-17,69485
23000	50,46367	-17,03949	51,11903	-17,69485
23020	50,46367	-17,03948	50,46366	-17,03949
23040	50,46366	-17,03948	50,46366	-17,03949
23060	49,8083	-17,03948	50,46366	-17,03949
23080	49,8083	-17,03948	50,46366	-17,03949
23100	49,8083	-17,03949	50,46367	-17,03949
23120	49,8083	-17,03948	49,8083	-17,03949
23140	49,80831	-17,03948	49,80831	-17,03949
23160	49,80831	-17,03948	49,80831	-17,69485
23180	49,15295	-17,03948	49,80832	-16,38413
23200	48,49759	-17,03948	49,15295	-17,03949
23220	49,15295	-16,38412	49,15295	-17,03949
23240	48,4976	-16,38412	49,15296	-17,03948
23260	48,49759	-17,03948	49,15296	-17,03949
23280	48,4976	-17,03948	48,4976	-17,69485
23300	47,18687	-17,03949	37,35636	-18,35025
23320	32,76876	-18,35024	34,73485	-19,0056
23340	34,0795	-18,35023	34,73485	-18,35024
23360	34,73485	-18,35023	35,39021	-18,35023
23380	35,39021	-17,69487	36,04557	-18,35024
23400	36,04557	-17,69487	36,70092	-17,69487
23420	36,04556	-17,69487	36,70092	-17,69487
23440	36,70092	-17,69487	36,70091	-18,35023
23460	36,70092	-17,69487	37,35628	-18,35024
23480	36,70092	-17,69487	37,35628	-18,35024
23500	36,70092	-18,35023	36,70092	-18,35023
23520	36,04556	-18,35023	36,70092	-19,0056
23540	36,04556	-18,35023	36,70092	-18,35024
23560	36,04556	-18,35023	37,35628	-19,66097
23580	48,49756	-21,62703	62,91582	-24,90384
23600	69,46956	-25,55921	66,84809	-23,59313
23620	62,2605	-20,97165	62,91587	-20,97163
23640	62,26052	-19,66089	62,91587	-19,66089
23660	62,91586	-19,00552	62,91586	-19,00553
23680	62,91586	-18,35016	62,91586	-18,35017
23700	62,91585	-18,35015	63,57121	-18,35016
23720	62,26049	-18,35016	62,91584	-18,35016
23740	62,26048	-18,35016	62,91583	-18,35017
23760	61,60512	-18,35016	62,91584	-19,00554
23780	62,26048	-18,35017	62,91583	-19,00554
23800	62,26047	-19,00553	62,91583	-19,00555
23820	62,91583	-19,00554	62,91583	-19,66091
23840	62,26047	-19,66091	63,57119	-19,66091
23860	62,91583	-19,6609	63,57119	-19,66091
23880	62,26047	-19,66091	62,91583	-19,66091
23900	62,26047	-19,6609	62,91583	-19,66091
23920	62,91583	-19,66091	62,91583	-20,31628
23940	62,91583	-19,66091	62,91374	-19,66092
23960	62,26047	-19,66091	63,57119	-20,31628
23980	62,91582	-20,31627	63,57118	-20,31629
24000	62,91582	-20,31628	63,57118	-20,31629
24020	63,57117	-20,31628	64,22653	-20,97165
24040	63,57116	-20,31628	64,22652	-20,97165
24060	63,57116	-20,31628	64,22651	-20,31629
24080	62,91579	-20,31628	63,57115	-20,97165
24100	62,91578	-20,31629	67,50338	-22,28236
24120	76,67868	-22,93768	81,92173	-24,24841
24140	81,26636	-22,93769	81,26632	-21,62696
24160	79,95561	-21,62695	80,61097	-21,62696
24180	79,95561	-20,97159	80,61096	-21,62695
24200	79,9556	-20,97159	80,61096	-20,9716
24220	79,9556	-20,97159	80,61096	-20,9716
24240	79,9556	-20,31623	80,61096	-20,9716
24260	79,9556	-20,31624	81,26632	-20,31624
24280	80,61096	-20,31623	80,61096	-20,9716
24300	80,61096	-20,31518	80,61096	-20,31624
24320	79,9556	-20,31624	80,61096	-20,31624
24340	79,95559	-20,31624	80,61095	-20,31625
24360	79,95559	-20,31624	80,61095	-20,9716
24380	85,1986	-22,28231	91,75233	-23,59304
24400	92,40769	-22,93767	92,40767	-21,62695
24420	91,7523	-21,62694	92,40767	-21,62694
24440	91,7523	-20,3162	-53,08226	-20,97157
24460	91,7523	-20,3162	91,7523	-20,31621
24480	91,7523	-19,66084	92,40766	-20,3162
24500	91,7523	-19,66083	91,7523	-20,3162
24520	91,7523	-19,66083	91,7523	-19,66084
24540	91,09694	-19,66083	91,7523	-19,66083
24560	91,09694	-19,66083	91,75229	-20,3162
24580	91,75229	-19,66083	92,40765	-19,66084
24600	92,40764	-19,66083	93,06301	-20,31619
24620	92,40764	-19,66082	93,063	-19,66083
24640	92,40764	-19,00546	93,063	-19,00546
24660	92,40764	-19,00545	93,063	-19,00546
24680	92,40764	-19,00545	93,06299	-19,00546
24700	92,40763	-19,00545	93,06299	-19,00546
24720	92,40763	-19,00545	93,06299	-19,66082
24740	92,40763	-19,00545	93,06299	-19,00546
24760	92,40762	-19,00545	93,06298	-19,00545
24780	92,40762	-19,00545	93,06298	-18,35009
24800	92,40762	-18,35008	93,06298	-19,00545
24820	92,40762	-18,35008	93,06298	-18,35009
24840	92,40762	-17,69472	93,06298	-18,35008
24860	92,40762	-18,35007	93,06298	-18,35008
24880	92,40761	-17,69471	93,06297	-17,69472
24900	93,06297	-17,69471	94,3737	-19,00447
24920	98,9613	-19,66078	101,58278	-20,31615
24940	100,27204	-19,00542	99,61667	-18,35005
24960	99,61667	-17,69469	100,27204	-18,35005
24980	99,61667	-17,69468	100,27203	-17,69469
25000	99,61667	-17,03932	-53,08221	-17,69469
25020	98,96131	-17,03932	99,61667	-17,69469
25040	99,61668	-17,69469	99,61668	-18,35005
25060	99,61667	-17,69469	85,854	-19,66088
25080	49,15321	-22,9378	12,45243	-25,55928
25100	-8,51946	-26,21462	-8,5195	-25,55925
25120	-5,24265	-23,59314	-3,93193	-22,93778
25140	-4,5873	-21,62704	-3,27659	-20,97168
25160	-3,27659	-20,31631	-1,96588	-20,31632
25180	-1,96588	-19,66095	-0,65517	-19,66095
25200	-1,31053	-18,35022	0,00018000000000029	-19,00559
25220	-1,31054	-18,35022	0,00018000000000029	-19,00559
25240	0,00016999999999712	-18,35022	0,65553	-18,35023
25260	0,00016999999999712	-18,35023	0,65553	-19,0056
25280	0,00016999999999712	-18,35022	0,65553	-19,0056
25300	0,00016999999999712	-18,35023	0,65553	-19,0056
25320	0,65553	-18,35023	0,65553	-18,35023
25340	0,65553	-17,69487	0,65553	-18,35024
25360	0,00016999999999712	-17,69486	0,65553	-18,35023
25380	0,00016999999999712	-17,69486	0,65553	-18,35023
25400	0,00016999999999712	-18,35023	0,65553	-18,35023
25420	0,00016999999999712	-18,35023	0,65553	-18,35023
25440	0,65552	-18,35022	1,31344	-19,00559
25460	0,65553	-18,35023	1,31089	-19,0056
25480	0,65553	-18,35023	1,31089	-19,0056
25500	0,00016999999999712	-18,35023	1,31089	-19,66096
25520	0,00016999999999712	-19,00559	0,65553	-19,0056
25540	0,00016999999999712	-19,0056	0,65553	-19,66096
25560	-53,73935	-19,00559	1,31089	-19,0056
25580	0,65553	-19,00559	1,31089	-19,00561
25600	0,65553	-19,0056	0,65553	-19,66097
25620	0,65553	-19,0056	0,65553	-19,66097
25640	0,65553	-19,66096	1,31089	-20,31633
25660	-53,73922	-20,97168	16,38448	-22,28241
25680	17,03987	-21,62706	17,03984	-20,97169
25700	15,72912	-20,31631	16,38448	-20,31631
25720	16,38448	-19,66094	17,03983	-19,66095
25740	16,38447	-19,00558	17,69518	-19,66095
25760	17,6939	-19,00559	18,35054	-20,31631
25780	18,35054	-19,00558	19,0059	-19,66095
25800	18,35054	-19,00558	19,00589	-19,00559
25820	18,35053	-19,00558	19,00589	-19,66095
25840	19,00589	-18,35022	19,66125	-19,00559
25860	19,00589	-19,00558	19,66125	-19,66095
25880	18,35053	-19,00558	19,66125	-19,66095
25900	19,00589	-19,66095	20,31661	-19,66096
25920	19,66125	-19,66095	20,31661	-20,31632
25940	19,66125	-19,66096	20,3166	-19,66096
25960	19,66125	-19,66095	20,3166	-19,66096
25980	19,66124	-19,66096	22,93807	-20,97169
26000	32,11329	-22,2824	38,66702	-23,59313
26020	39,32239	-22,2824	39,97774	-21,62705
26040	38,66702	-20,97167	39,97774	-20,97168
26060	39,32238	-20,97167	39,97774	-21,62704
26080	39,97773	-20,97168	39,97773	-21,62705
26100	39,32237	-21,62704	39,97773	-21,62705
26120	39,32237	-20,97168	38,66701	-21,62705
26140	38,01165	-20,97168	38,01164	-20,97169
26160	36,70092	-20,31632	37,35628	-20,31633
26180	36,04556	-20,31632	36,70092	-20,31633
26200	36,04556	-19,66096	36,70092	-20,31634
26220	36,04557	-19,66097	36,70093	-20,31634
26240	36,04557	-19,66097	36,70093	-20,31634
26260	36,04557	-19,66097	36,70093	-19,66098
26280	36,04557	-19,66097	36,70093	-19,66098
26300	36,04557	-19,0056	36,70093	-19,66097
26320	36,70093	-19,66097	37,35628	-20,31634
26340	36,70092	-20,31633	38,01164	-20,31634
26360	38,01163	-20,31633	38,66699	-20,31634
26380	38,01163	-19,66098	38,66699	-20,31634
26400	38,01163	-19,66098	39,32235	-20,31635
26420	39,32236	-20,31634	46,53142	-22,93779
26440	50,46368	-22,28242	51,11903	-21,62707
26460	49,8083	-20,31633	50,46367	-20,97169
26480	49,80831	-20,31633	50,46367	-20,31634
26500	49,8083	-19,66098	50,46366	-20,31635
26520	49,8083	-19,66098	49,8083	-20,31635
26540	49,15293	-20,31634	49,15293	-20,31636
26560	48,49756	-19,661	49,80828	-20,97174
26580	48,49756	-20,97174	49,15292	-21,62711
26600	48,49755	-20,31638	48,49755	-20,97175
26620	50,46366	-21,6271	60,29426	-24,9039
26640	63,57117	-24,90392	62,91578	-24,24856
26660	61,60503	-22,93782	61,60504	-23,59318
26680	61,60504	-22,93781	62,26039	-22,93782
26700	61,60503	-22,28245	62,26038	-22,93782
26720	61,60502	-22,28244	62,26038	-22,93781
26740	61,60502	-22,28244	62,26038	-22,93781
26760	61,60502	-22,28244	62,26038	-22,28245
26780	61,60502	-22,28244	62,26038	-22,28244
26800	61,60503	-21,62707	62,26039	-21,62708
26820	61,60503	-20,97172	62,26039	-22,28244
26840	61,60504	-21,62707	62,91576	-22,28244
26860	62,2604	-21,62708	62,2604	-21,62709
26880	62,2604	-21,62708	63,57113	-21,62708
26900	62,91576	-21,62708	63,57112	-22,28245
26920	63,57112	-22,28244	64,22649	-22,28245
26940	64,22648	-22,28244	64,88184	-22,28244
26960	64,22648	-21,62708	64,88184	-22,28244
26980	64,22649	-21,62708	65,53721	-22,28244
27000	64,88184	-21,62708	65,53721	-22,28244
27020	64,88185	-22,28244	65,53721	-22,28245
27040	64,88185	-22,28244	65,53721	-22,9378
27060	64,88184	-22,28244	65,5372	-22,28244
27080	64,88184	-22,28244	65,5372	-22,93781
27100	65,5372	-22,28244	65,5372	-22,28244
27120	65,53719	-22,28244	65,5372	-22,28245
27140	65,5372	-22,28244	66,19255	-22,28245
27160	65,53719	-22,28244	66,19255	-22,28245
27180	65,5372	-22,28245	66,19255	-22,93782
27200	66,19255	-22,28245	72,09089	-24,24852
27220	77,33396	-23,59314	79,30009	-23,59315
27240	77,33397	-22,28241	77,98932	-22,2824
27260	77,33397	-21,62704	78,64469	-22,2824
27280	77,33396	-20,97167	77,98932	-21,62704
27300	77,98932	-20,97167	77,98932	-21,62704
27320	77,33395	-20,97167	77,98931	-21,62704
27340	77,33394	-20,97167	77,98931	-20,97168
27360	77,33395	-20,31631	77,9893	-20,97168
27380	77,33394	-20,97167	77,9893	-20,97168
27400	76,67857	-20,31631	78,64468	-21,62704
27420	84,54318	-22,93773	90,44155	-23,5931
27440	90,44156	-22,93662	89,78616	-22,28237
27460	89,13081	-20,97163	89,78617	-21,627
27480	89,13081	-20,97163	89,78616	-21,62699
27500	89,1308	-20,97163	90,44152	-20,97163
27520	89,78615	-20,31627	90,44152	-20,97163
27540	89,78615	-20,97163	91,09686	-20,97163
27560	89,78614	-20,31626	90,4415	-20,97163
27580	90,4415	-20,31626	91,09686	-20,97162
27600	90,4415	-20,31626	91,09686	-20,97162
27620	90,4415	-20,31626	91,09686	-20,97162
27640	90,44151	-20,31626	91,09686	-20,97163
27660	90,4415	-20,31626	91,09686	-20,97163
27680	90,4415	-20,31626	91,09686	-20,31627
27700	90,4415	-20,31626	91,09686	-20,97163
27720	90,4415	-20,31626	91,09686	-20,97163
27740	90,4415	-20,97163	83,23242	-22,93779
27760	52,42997	-26,87007	20,31681	-30,80228
27780	7,86468	-31,45762	9,17539	-30,80224
27800	9,83077	-28,83614	10,48613	-28,18078
27820	9,83075	-28,18077	11,14147	-27,52541
27840	11,14147	-26,87004	11,79682	-26,87005
27860	11,79682	-26,21468	12,45218	-26,87004
27880	12,45218	-25,55932	13,10753	-26,21468
27900	12,45217	-25,55932	13,10753	-25,55933
27920	13,10753	-24,90396	13,10753	-24,90396
27940	13,10752	-24,90396	13,76288	-24,90396
27960	13,10752	-24,2486	13,76288	-24,90396
27980	13,76288	-24,90395	13,76288	-24,90396
28000	11,14141	-24,90396	-3,27668	-26,87008
28020	-11,7965	-27,52544	-11,14116	-28,18079
28040	-9,83042	-26,87006	-9,17506	-26,2147
28060	-9,17506	-25,55933	-8,5197	-26,21469
28080	-9,17506	-25,55932	-8,5197	-25,55932
28100	-8,51971	-24,90395	-7,20899	-25,55932
28120	-7,20899	-24,90395	-6,55364	-25,55932
28140	-7,209	-24,90395	-5,89828	-24,90396
28160	-5,89828	-24,24859	-5,24292	-24,90395
28180	-5,89828	-24,24858	-5,24292	-24,24858
28200	-5,24292	-23,59322	-5,24292	-24,24858
28220	-5,24292	-24,24857	-4,58756	-24,24858
28240	-5,24292	-23,59321	-4,58756	-24,24858
28260	-5,24292	-23,59321	-4,58756	-24,24858
28280	-5,24292	-23,59321	-4,58757	-24,24857
28300	-5,24293	-23,5932	-4,58756	-23,59321
28320	-5,24293	-23,59321	-4,58757	-23,59321
28340	-5,24293	-23,59321	-4,58756	-24,24857
28360	-4,58756	-23,59321	-3,93221	-24,24858
28380	-4,58757	-23,59321	-3,9322	-24,24858
28400	-4,58756	-23,59321	-3,9322	-23,59322
28420	-3,9322	-23,59321	-3,93221	-24,24858
28440	-3,93221	-23,59322	-3,27685	-23,59322
28460	-3,93221	-23,59322	-3,93221	-24,24859
28480	-3,93221	-23,59322	-3,27685	-24,24858
28500	-3,93221	-23,59322	-3,27685	-24,24859
28520	-3,93221	-24,24858	-3,27685	-24,24859
28540	-1,31074	-24,90395	8,51984	-25,5593
28560	14,41822	-24,90394	17,69506	-25,5593
28580	17,0397	-24,24857	17,69506	-24,24857
28600	17,0397	-23,5932	17,69505	-24,24857
28620	17,03969	-23,5932	17,69505	-24,24857
28640	17,03969	-23,5932	18,3504	-24,24857
28660	17,69504	-23,5932	17,69504	-24,24857
28680	17,69504	-23,59321	17,69503	-24,24857
28700	17,03967	-24,24857	18,35039	-24,24858
28720	18,35039	-23,59321	19,00574	-24,24858
28740	18,35038	-24,24857	19,00574	-24,90394
28760	19,00574	-24,24857	19,6611	-24,90395
28780	19,00573	-24,24857	19,6611	-24,24858
28800	19,66109	-24,24857	19,66109	-24,24857
28820	19,00573	-24,24858	19,66109	-24,24858
28840	19,66109	-24,24858	20,31645	-24,90394
28860	19,66109	-24,24858	19,66109	-24,90395
28880	19,66108	-24,90395	27,52551	-27,52539
28900	37,35613	-28,83613	40,63298	-28,83616
28920	39,32223	-27,52542	39,32221	-27,52542
28940	38,66686	-26,87005	39,32221	-26,87006
28960	39,32221	-26,87006	39,32221	-27,52542
28980	38,66685	-26,87006	39,32221	-26,87006
29000	39,32221	-26,2147	39,97756	-26,87007
29020	39,32221	-26,87006	39,97756	-26,87006
29040	39,3222	-26,87006	40,63292	-26,87007
29060	39,97756	-26,87006	40,63292	-27,52543
29080	39,97757	-26,87007	40,63293	-27,52544
29100	39,97757	-26,87007	40,63293	-27,52544
29120	40,63293	-26,87008	40,63293	-27,52544
29140	39,97757	-27,52544	40,63293	-27,52544
29160	39,97757	-27,52544	40,63293	-27,52545
29180	44,56516	-28,1808	51,11888	-29,49152
29200	51,77426	-28,83615	51,77424	-28,1808
29220	51,11888	-27,52543	51,77425	-28,18079
29240	51,11889	-27,52542	51,77424	-28,1808
29260	51,12144	-27,52543	51,77425	-28,18079
29280	51,11888	-27,52543	51,77424	-27,52543
29300	51,11888	-27,52543	52,4296	-28,18079
29320	51,77424	-27,52543	52,42959	-27,52544
29340	53,08496	-28,18079	60,29404	-30,14687
29360	63,57093	-29,4915	64,22628	-28,83615
29380	62,91554	-28,83614	63,5709	-28,83614
29400	63,57091	-28,18078	63,57091	-28,83614
29420	63,57091	-27,52542	64,22626	-28,83614
29440	63,5709	-28,18078	64,22627	-28,18079
29460	63,5709	-28,18078	64,22626	-28,18079
29480	63,57091	-28,18078	64,22626	-28,83615
29500	63,5709	-28,18078	64,22626	-28,18079
29520	63,5709	-28,18078	64,22626	-28,18079
29540	63,5709	-28,18078	64,22626	-28,18079
29560	64,22626	-28,18079	64,22627	-28,18079
29580	63,57091	-28,18078	64,22626	-28,83615
29600	63,57091	-27,52542	64,22627	-28,18079
29620	63,57091	-28,18079	63,57091	-28,18079
29640	63,57091	-28,18079	64,22627	-28,18079
29660	63,57091	-28,18079	63,57091	-28,1808
29680	62,91555	-27,52543	63,57092	-28,18079
29700	62,91555	-27,52543	63,57091	-28,1808
29720	62,91556	-27,52543	63,57092	-28,1808
29740	62,91555	-27,52543	63,57091	-28,1808
29760	62,26019	-27,52543	63,57092	-28,18079
29780	62,26019	-27,52543	62,91555	-28,18079
29800	61,60484	-27,52543	62,91556	-28,1808
29820	62,26019	-27,52543	62,2602	-28,18079
29840	61,60483	-27,52543	62,2602	-27,52543
29860	62,2602	-26,87007	62,2602	-27,52543
29880	61,60484	-26,87007	62,2602	-27,52543
29900	62,26019	-26,87007	62,91556	-28,1808
29920	62,26019	-27,52543	62,91555	-28,1808
29940	62,91555	-27,52543	63,57091	-27,52544
29960	63,57091	-27,52543	64,22626	-28,1808
29980	64,22626	-27,52543	64,22626	-27,52543
30000	63,5709	-26,87007	64,88162	-26,87008
30020	63,5709	-26,87006	64,22625	-26,87007
30040	64,22626	-26,87006	64,22625	-26,87007
30060	64,22625	-26,87007	64,22625	-26,87007
30080	64,22625	-26,2147	64,22625	-26,87007
30100	63,57089	-26,2147	64,8816	-26,21471
30120	63,57088	-25,55934	64,8816	-26,21471
30140	63,57088	-25,55934	64,8816	-26,21471
30160	64,22624	-25,55935	64,8816	-26,21471
30180	64,22624	-26,2147	64,8816	-26,21471
30200	64,22624	-25,55935	64,8816	-26,21471
30220	64,22624	-26,21471	59,63865	-24,24863
30240	45,22058	-20,31644	35,39003	-17,03957
30260	28,83636	-13,10734	28,83637	-11,7966
30280	28,83636	-9,8305	29,49172	-10,48586
30300	28,83636	-9,83049	29,49171	-10,48586
30320	28,83636	-9,83049	30,14707	-9,8305
30340	28,83635	-9,17512	30,14707	-9,83049
30360	28,83635	-9,17512	30,14707	-9,83049
30380	29,49172	-8,51977	30,14707	-9,83049
30400	28,83635	-9,17513	29,49171	-9,17513
30420	28,83635	-8,51977	29,49171	-9,17513
30440	28,83635	-9,17513	29,49172	-9,17514
30460	28,83636	-9,17514	29,49172	-10,48588
30480	28,83637	-11,79662	30,80245	-15,72884
30500	31,45782	-20,9718	34,07929	-28,83624
30520	37,35613	-38,66679	40,63299	-49,15271
30540	41,94377	-57,67252	41,2884	-64,22623
30560	35,39008	-66,84772	30,1471	-68,15846
30580	28,83637	-68,15846	32,11321	-66,84772
30600	32,11323	-62,26014	30,80248	-58,98328
30620	28,83637	-54,39569	28,83636	-51,77421
30640	27,52563	-49,80809	28,18096	-47,18663
30660	26,87024	-45,2205	26,87023	-43,90977
30680	25,5595	-41,2883	25,55949	-40,63293
30700	24,24876	-38,66682	24,24875	-38,00991
30720	23,59338	-36,70071	24,24874	-36,04534
30740	23,59338	-35,38995	24,24873	-34,73459
30760	22,93801	-33,42385	23,59337	-32,76848
30780	22,93801	-31,45774	23,59336	-31,45774
30800	23,59337	-30,80237	24,24873	-30,80236
30820	22,93801	-29,49163	23,59337	-29,49163
30840	22,938	-28,83626	23,59336	-28,83625
30860	22,28264	-27,52552	22,938	-27,52553
30880	22,28264	-26,21479	22,938	-26,87015
30900	22,28264	-25,55942	22,28264	-25,55942
30920	20,31655	-25,55941	7,86456	-28,83628
30940	-3,93209	-31,45775	-3,27677	-32,11311
30960	-2,6214	-30,147	-2,6214	-29,49163
30980	-2,6214	-28,1809	-1,96605	-27,52555
31000	-2,6214	-27,52553	-1,96605	-26,87017
31020	-1,96605	-26,2148	-1,3107	-26,21481
31040	-2,62141	-25,55944	-1,31069	-25,55944
31060	-1,96605	-24,90407	-1,31069	-25,55943
31080	-2,62141	-24,90407	-1,96605	-24,90407
31100	-1,96605	-24,2487	-1,96605	-24,90406
31120	-2,62141	-24,2487	-1,31069	-24,2487
31140	-2,62141	-24,24869	-1,3107	-24,2487
31160	-1,96606	-23,59334	-1,3107	-24,2487
31180	-1,96606	-24,24869	-0,65534	-24,2487
31200	-1,3107	-24,2487	-0,65534	-24,2487
31220	-0,65534	-23,59333	1,9999999999243E-5	-23,59333
31240	1,9999999999243E-5	-22,93797	0,65538	-23,59333
31260	1,9999999999243E-5	-22,93796	0,65538	-22,93797
31280	1,9999999999243E-5	-22,2826	0,65538	-22,93797
31300	9,9999999960687E-6	-22,2826	0,65537	-22,93797
31320	1,9999999999243E-5	-22,93796	1,31074	-22,93797
31340	0,65537	-22,93797	1,31073	-24,24869
31360	-8,51976	-33,42384	-25,55933	-54,39558
31380	-35,38987	-66,84756	-34,07918	-68,81368
31400	-32,11309	-65,53684	-32,1131	-64,88149
31420	-32,76847	-64,88148	-31,45775	-64,22612
31440	-31,45776	-63,57075	-30,8024	-63,57076
31460	-30,80241	-62,91539	-30,14706	-63,57075
31480	-30,14706	-62,26003	-29,4917	-62,91539
31500	-30,14707	-62,26002	-30,14707	-62,91539
31520	-30,14707	-62,26002	-29,49171	-62,91539
31540	-30,14707	-62,26003	-29,49172	-62,91539
31560	-30,14708	-62,91539	-28,83636	-62,91539
31580	-29,49171	-62,26003	-28,83636	-62,9154
31600	-29,49172	-62,26003	-28,181	-62,91539
31620	-29,49172	-62,91539	-33,42391	-65,53687
31640	-33,42392	-66,8476	-32,11319	-66,8476
31660	-32,76855	-65,53686	-32,76856	-66,19223
31680	-32,76856	-65,53686	-32,76856	-66,19222
31700	-33,42392	-65,53685	-32,76855	-66,19222
31720	-33,42392	-65,53685	-32,1132	-66,19221
31740	-32,76856	-65,53684	-32,11319	-66,19221
31760	-32,76856	-66,1922	-32,1132	-66,19221
31780	-32,1132	-66,1922	-31,45785	-66,19221
31800	-31,45784	-66,1922	-30,80248	-66,84757
31820	-30,80248	-66,1922	-30,80247	-66,84756
31840	-30,80247	-66,19219	-30,14712	-66,84756
31860	-30,80248	-66,19219	-30,14712	-66,84755
31880	-30,80247	-66,19218	-30,14712	-66,19219
31900	-30,80248	-66,19218	-30,14711	-66,84755
31920	-30,80247	-66,84754	-29,49176	-66,84755
31940	-30,80247	-65,53682	-30,14711	-66,19219
31960	-30,1471	-66,84755	-28,83638	-68,81366
31980	-28,83637	-71,43513	-26,87027	-77,33347
32000	-25,5595	-87,16401	-21,62723	-98,96067
32020	-11,79662	-106,16973	8,51991	-105,51435
32040	22,9382	-96,99454	32,76881	-84,54253
32060	34,73495	-74,71198	34,07952	-68,15829
32080	31,45802	-61,60459	30,80261	-55,05091
32100	29,49186	-50,46331	30,1472	-47,84184
32120	30,14718	-45,22036	30,80252	-43,25425
32140	30,14715	-40,63278	31,45786	-39,32204
32160	31,45786	-37,35593	32,11322	-36,70057
32180	31,45786	-34,73447	32,11322	-34,0791
32200	32,76858	-33,42372	33,42394	-33,42372
32220	33,42395	-32,11298	34,07931	-32,76834
32240	34,07931	-31,4576	34,73468	-32,11297
32260	35,39004	-31,45759	36,70078	-32,11297
32280	38,66688	-32,76832	53,08505	-40,63271
32300	64,88181	-45,22028	68,81405	-43,90956
32320	67,5033	-41,28808	67,50329	-39,97735
32340	68,15867	-38,66661	69,4694	-38,66661
32360	69,46941	-36,7005	70,12478	-36,7005
32380	70,12479	-35,38975	71,43552	-34,73439
32400	71,43552	-34,079	72,09089	-33,42364
32420	72,0909	-31,45754	72,74626	-31,45754
32440	72,09091	-30,80216	72,74627	-30,80216
32460	72,09092	-30,80216	72,74629	-30,80217
32480	72,74629	-30,1468	61,60504	-20,97167
32500	41,94658	-4,58741	29,49208	5,89852
32520	24,90451	13,76294	24,90451	17,69517
32540	23,5938	21,62739	23,59635	22,93811
32560	23,5938	23,59349	24,24915	23,59349
32580	22,93843	24,24886	23,59378	24,90421
32600	22,93841	25,55958	23,59377	25,55958
32620	22,28304	26,21495	22,93839	26,21494
32640	22,28303	26,21495	22,28302	26,21495
32660	20,97229	26,87031	21,62764	26,8703
32680	17,04008	27,52566	0,65585	28,83634
32700	-11,14083	29,4917	-11,79625	28,83635
32720	-13,10698	29,49173	-13,76237	28,83636
32740	-16,38386	28,83637	-17,03927	26,87028
32760	-19,66076	26,87028	-20,31617	24,90419
32780	-22,93766	24,90419	-24,24843	23,59346
32800	-26,86992	22,93811	-28,18069	22,93809
32820	-31,45753	22,28274	-32,76829	21,62736
32840	-34,7344	21,62736	-35,38979	20,31663
32860	-37,35589	20,97199	-37,35591	20,31661
32880	-38,66665	20,31661	-38,66667	19,00588
32900	-39,97741	19,00588	-39,97743	18,3505
32920	-40,63281	19,00587	-41,28818	18,3505
32940	-42,59892	18,3505	-42,59894	17,69512
32960	-43,90967	17,69512	-43,90969	17,03975
32980	-45,22043	16,38439	-45,87581	14,41828
33000	-46,53119	13,10754	-46,53121	9,83069
33020	-47,84195	6,55384	-46,53125	2,62161
33040	-47,18662	0,00012999999999863	-45,87589	-5,89821
33060	-41,94356	-20,97173	-24,90373	-49,80798
33080	-9,17429	-87,81927	-13,10571	-128,45159
33100	-19,65885	-144,17961	-24,24603	-141,55738
33120	-30,79934	-137,6248	-35,38674	-133,03712
33140	-42,59555	-130,41566	-49,80446	-126,48351
33160	-53,73658	-123,2067	-53,08121	-119,92991
33180	-53,7366	-115,34238	-53,08124	-110,75487
33200	-53,73662	-106,8227	-53,08127	-105,51199
33220	-53,73673	-101,57982	-53,08143	-99,61375
33240	-53,73677	-96,33694	-53,08147	-93,71551
33260	-53,73685	-89,12798	-53,08164	-82,57439
33280	-53,73709	-77,98686	-53,08185	-72,74399
33300	-53,7373	-68,15646	-53,08196	-65,53503
33320	-53,73741	-60,9475	-53,0821	-57,67071
33340	-53,73745	-56,35998	-53,0821	-57,01535
33360	-53,73744	-57,6707	-53,08212	-56,35999
33380	-53,7375	-57,01534	-53,08209	-61,60287
33400	-53,73745	-63,56894	-53,08204	-66,84575
33420	-53,73735	-70,12254	-53,08195	-72,08863
33440	-53,73728	-73,39934	-53,08188	-78,64223
33460	-53,73718	-82,57438	-53,08181	-83,88511
33480	-53,73717	-84,54046	-53,08174	-87,81727
33500	-53,73704	-89,12798	-53,08169	-89,78335
33520	-53,73705	-90,4387	-53,08162	-93,06015
33540	-53,73696	-95,02622	-53,08157	-97,64767
33560	-53,73687	-100,92446	-53,08141	-106,16735
33580	-53,73669	-110,0995	-53,08126	-113,37631
33600	-53,73653	-117,30846	-52,42572	-121,24063
33620	-49,1489	-124,51742	-46,52739	-127,79423
33640	-44,56126	-129,7603	-41,9398	-133,03711
33660	-40,62902	-133,69246	-38,00754	-136,96927
33680	-36,69678	-138,27998	-34,07531	-142,21215
33700	-31,45383	-144,83358	-28,83234	-146,79967
33720	-26,21086	-150,07646	-22,27864	-154,66399
33740	-16,38035	-159,2515	-6,5499	-164,49439
33760	4,59123	-171,70351	19,66447	-181,53419
33780	36,7038	-190,05417	55,05378	-197,26346
33800	70,78228	-199,88521	85,85545	-198,57478
33820	95,03041	-191,36606	104,20541	-181,53586
33840	112,72506	-166,46269	121,90007	-149,42334
33860	126,48757	-131,72859	135,66262	-115,34454
33880	143,52691	-101,58192	150,73581	-90,44072
33900	154,01255	-80,61023	157,94467	-73,40119
33920	159,91071	-67,50289	162,53212	-63,57068
33940	163,18746	-59,63846	165,80888	-57,01699
33960	165,15351	-55,05087	167,11958	-53,08478
33980	167,77493	-51,77403	168,43028	-50,4633
34000	168,43028	-49,15256	169,741	-48,49719
34020	169,08563	-47,18645	171,0517	-47,18645
34040	171,0517	-46,53109	167,11954	-45,87575
34060	127,14215	-45,87578	77,98953	-38,66676
34080	37,35646	-30,14694	9,83085	-22,28249
34100	2,62174	-12,45196	5,24319	-6,55366
34120	5,2432	-2,62145	5,89855	-0,65535000000001
34140	5,24318	1,31075	6,5539	2,62146
34160	6,55389	3,9322	7,20926	3,9322
34180	7,20925	5,24293	8,51997	4,58756
34200	7,86461	5,89828	8,51997	5,89828
34220	7,86461	6,55365	8,51997	7,20901
34240	7,86461	7,86438	7,8646	7,86437
34260	7,8646	7,86438	8,51997	7,209
34280	7,8646	6,55364	8,51997	6,55363
34300	7,86461	7,20901	8,51997	7,209
34320	8,51997	8,51972	8,51997	7,86436
34340	8,51997	8,51973	9,17533	7,86437
34360	8,51997	8,51973	-5,24272	7,20898
34380	-38,01111	6,55362	-53,08471	5,89829
34400	-53,74013	7,20904	-51,77402	9,17514
34420	-52,42937	10,48587	-51,11866	10,48587
34440	-51,11866	11,14124	-50,46331	11,14123
34460	-50,46331	11,7966	-49,80795	12,45196
34480	-49,80795	13,10734	-49,15259	13,76269
34500	-49,1526	14,41806	-48,49724	14,41806
34520	-49,1526	15,07343	-48,49724	15,07343
34540	-49,1526	15,72879	-47,84188	15,72879
34560	-48,49724	16,38416	-47,84188	16,38415
34580	-48,49724	17,03952	-47,84188	17,03951
34600	-48,49724	17,69488	-47,84188	18,35024
34620	-48,49725	18,35025	-47,84189	19,66096
34640	-49,15261	19,66097	-48,49726	19,66097
34660	-49,15262	20,31634	-48,49726	20,31633
34680	-49,15262	21,62706	-49,15262	21,62705
34700	-49,80799	22,28242	-49,808	22,28242
34720	-51,11873	22,93778	-51,7741	22,93778
34740	-53,7402	23,59316	-53,08485	24,24851
34760	-53,74023	24,24852	-53,0849	24,24851
34780	-53,73774	24,90389	-53,08496	24,90389
34800	-53,74034	25,55926	-53,08498	25,55926
34820	-53,74034	26,21464	-53,08498	26,21464
34840	-53,74034	26,21465	-53,08498	26,21465
34860	-53,74034	26,21466	-53,08498	25,55929
34880	-53,74034	25,5593	-53,08498	24,24857
34900	-53,74034	24,24857	-53,08498	19,00564
34920	-53,74034	9,17507	-26,21481	-4,5877
34940	-1,31072	-15,07364	19,00571	-24,24882
34960	25,5594	-25,55957	24,24862	-21,62737
34980	22,28249	-18,35053	22,93782	-17,69516
35000	21,62709	-15,72905	21,62707	-15,07369
35020	21,62706	-14,41831	21,62705	-13,76295
35040	21,62704	-12,45222	22,2824	-12,45222
35060	22,28239	-11,79685	22,93775	-11,79685
35080	22,28238	-11,14149	22,93774	-11,14149
35100	22,93774	-11,14148	23,5931	-11,14149
35120	22,93774	-10,48612	23,5931	-11,14148
35140	23,59311	-10,48612	24,24847	-11,14149
35160	23,5931	-10,48612	24,24846	-11,14148
35180	23,5931	-10,48612	23,59311	-10,48613
35200	23,59311	-10,48612	24,24847	-11,14149
35220	22,93775	-10,48612	23,59312	-10,48613
35240	22,93776	-10,48612	23,59312	-10,48613
35260	22,93776	-10,48611	23,59312	-10,48612
35280	22,93776	-10,48611	23,59312	41,28732
35300	22,93777	-9,83075	22,93777	-10,48611
35320	22,28241	-10,48611	23,59313	-10,48612
35340	22,93777	-9,83075	22,93777	-10,48611
35360	22,28241	-9,83075	23,59313	-10,48611
35380	22,28241	-10,48611	23,59313	-10,48612
35400	22,93777	-9,83075	23,59314	-10,48612
35420	22,93778	-9,83075	23,59314	-9,83075
35440	22,93778	-9,83074	22,93777	-9,83075
35460	22,93778	-9,83074	23,59314	-9,83075
35480	23,59314	-9,17538	24,2485	-9,83074
35500	22,93778	-9,83074	10,48581	-7,86466
35520	-53,73984	1,96587	-53,08494	12,45184
35540	-53,74034	23,59318	-53,08498	38,01128
35560	-53,74034	41,9436	-53,08498	41,28832
35580	-53,74034	41,94372	-53,08498	41,28837
35600	-53,74034	41,94375	-53,08498	41,28838
35620	-53,74034	41,94375	-53,08498	41,28839
35640	-53,74034	41,94376	-53,08498	41,28839
35660	-53,74034	41,94377	-53,08498	41,2884
35680	-53,74034	41,94377	-53,08498	41,28841
35700	-53,74034	41,94377	-53,08498	41,28841
35720	-53,74034	41,94377	-53,08498	41,28841
35740	-53,74034	41,94377	-53,08498	41,2884
35760	-53,74034	41,94376	-53,08498	41,28839
35780	-53,74034	41,94376	-53,08498	41,28839
35800	-53,74034	41,94376	-53,08498	41,28838
35820	-53,74034	41,94375	-53,08498	41,28837
35840	-53,74034	41,94373	-53,08498	41,28836
35860	-53,74034	41,94371	-53,08498	41,28829
35880	-53,74032	41,94356	-34,07906	41,28814
35900	-20,97158	41,94348	-18,3501	41,28814
35920	-20,31619	41,94353	-19,00547	41,28818
35940	-19,66082	41,94354	-18,3501	41,28818
35960	-18,35011	41,94355	-17,69475	41,28818
35980	-18,35011	41,94356	-17,69475	41,28819
36000	-17,69475	41,94357	-17,03939	41,28819
36020	-17,69475	41,94357	-17,03939	41,2882
36040	-17,69475	41,94357	-17,03939	41,2882
36060	-17,69475	41,94357	-16,38403	41,28821
36080	-17,03939	41,94357	-16,38403	41,28821
36100	-17,03939	41,94357	-15,72868	41,2882
36120	-15,72868	41,94357	-15,07332	41,2882
36140	-14,41796	41,94356	-13,76259	41,28819
36160	-14,41795	41,94356	-13,10723	41,28819
36180	-17,03943	41,94354	-40,63269	41,28815
36200	-53,74031	41,94356	-53,08498	41,28825
36220	-53,74034	41,9437	-53,08498	41,28838
36240	-53,74034	41,94377	-53,08498	41,28842
36260	-53,74034	41,94379	-53,08498	41,28842
36280	-53,74034	41,94379	-53,08498	41,28843
36300	-53,74034	41,9438	-53,08498	41,28844
36320	-53,74034	41,94381	-53,08498	41,28844
36340	-53,74034	41,9438	-53,08498	41,28844
36360	-53,74034	41,9438	-53,08498	41,28843
36380	-53,74034	41,9438	-53,08498	41,28843
36400	-53,74034	41,94379	-53,08498	41,28841
36420	-53,74034	41,94376	-53,08498	41,28824
36440	-53,08492	23,59322	-11,14127	1,96601
36460	20,31646	-15,07361	38,6668	-22,93805
36480	42,599	-20,97195	43,2543	-20,31658
36500	41,94355	-18,35048	43,25427	-18,35048
36520	42,5989	-17,6951	43,90961	-17,03975
36540	43,9096	-17,03973	44,56496	-16,38438
36560	43,90959	-16,38437	45,22031	-16,38438
36580	45,22031	-16,38437	46,53103	-17,03974
36600	45,87567	-17,03974	46,53103	-17,69511
36620	45,87567	-17,6951	46,53103	-17,69512
36640	46,53103	-17,69511	47,18639	-19,00584
36660	46,53103	-18,35047	46,53103	-19,00584
36680	46,53103	-18,35048	-53,08368	-19,00585
36700	46,53103	-19,00584	47,18639	-19,66121
36720	46,53103	-19,66121	47,18639	-20,31658
36740	47,18639	-20,31657	48,49711	-20,97194
36760	47,84175	-20,31657	48,49711	-20,97194
36780	47,84175	-20,31658	48,49711	-20,97194
36800	47,84175	-20,97193	48,49711	-20,97194
36820	47,1864	-20,97193	48,49712	-21,6273
36840	47,84176	-21,6273	48,49712	-22,28267
36860	47,84176	-22,28267	48,49713	-22,93804
36880	47,84178	-22,93804	48,49714	-23,59341
36900	47,84178	-23,59341	48,49714	-24,24878
36920	47,84179	-24,24878	48,49715	-24,90415
36940	47,84179	-24,90415	48,49715	-24,90415
36960	48,49716	-25,55952	48,49716	-26,21489
36980	48,49716	-26,21489	49,15252	-27,52563
37000	34,73449	-38,01152	14,41808	-58,32789
37020	1,3107	-70,7799	1,96603	-75,3675
37040	4,58748	-73,40139	5,89819	-73,4014
37060	5,24282	-73,40139	6,55354	-73,4014
37080	6,55353	-73,4014	7,20889	-73,40141
37100	7,20888	-73,4014	7,86424	-73,40141
37120	7,86423	-73,4014	8,51959	-74,05677
37140	8,51958	-73,40141	9,17494	-74,05678
37160	9,17494	-74,05678	10,48565	-74,71215
37180	9,83029	-74,05677	10,48565	-74,05679
37200	10,48565	-74,0547	11,14101	-74,05679
37220	11,14101	-74,05679	11,79637	-74,71216
37240	11,79636	-74,71216	12,45172	-74,71216
37260	11,79636	-74,71216	12,45172	-74,71217
37280	12,45172	-74,71217	13,10708	-75,36753
37300	12,45172	-75,36753	5,24271	-78,64437
37320	-17,69508	-86,50877	-28,83637	-91,09633
37340	-28,8364	-90,44096	-25,55958	-89,7856
37360	-25,55958	-89,13022	-24,90423	-90,44096
37380	-24,90424	-89,13023	-24,24888	-89,7856
37400	-23,59353	-89,13023	-22,93817	-90,44097
37420	-22,93817	-89,78559	-22,28282	-89,7856
37440	-22,28282	-89,7856	-20,9721	-89,7856
37460	-21,62746	-89,7856	-20,9721	-89,7856
37480	-20,97211	-89,7856	-20,9721	-89,7856
37500	-20,97211	-89,78559	-20,31675	-90,44097
37520	-20,31674	-90,44096	-22,28284	-91,7517
37540	-30,80259	-94,37317	-30,80262	-96,33926
37560	-29,49188	-95,68389	-28,18116	-95,02853
37580	-28,83653	-95,02853	-28,18116	-95,02854
37600	-28,83653	-95,02854	-27,52581	-95,6839
37620	-28,18117	-95,02854	-27,5258	-96,33927
37640	-27,52581	-95,6839	-26,87045	-96,33927
37660	-26,87045	-96,33927	-26,21509	-96,33928
37680	-26,21508	-96,33928	-25,55973	-96,33929
37700	-26,21509	-96,33928	-25,55972	-96,99465
37720	-25,55973	-96,99464	-24,90436	-96,99465
37740	-25,55973	-96,99465	-24,90437	-96,99465
37760	-25,55973	-96,99464	-24,90437	-96,99466
37780	-24,90437	-96,99465	-24,90437	-97,65002
37800	-25,55973	-97,65001	-24,90437	-97,65002
37820	-25,55973	-97,65002	-24,90438	-98,30539
37840	-26,2151	-97,65002	-24,90438	-98,96075
37860	-26,2151	-98,96074	-24,24901	-98,96076
37880	-12,45238	-94,37318	5,89798	-89,13023
37900	12,45174	-83,88728	13,1071	-81,92118
37920	12,45171	-80,61043	13,10707	-80,61044
37940	13,10707	-80,61044	13,76243	-81,26581
37960	13,10707	-81,26581	14,41779	-81,92117
37980	13,76242	-81,92117	14,41778	-81,92117
38000	13,76243	-81,26581	14,41778	-81,92118
38020	13,76242	-81,26582	14,41778	-81,92118
38040	13,76243	-81,26581	14,41778	-81,92117
38060	14,41778	-81,26581	15,07314	-81,26581
38080	15,07315	-80,61045	15,7285	-81,92118
38100	15,72851	-81,26582	16,38386	-81,26582
38120	16,38386	-80,61045	17,03923	-81,26582
38140	16,38387	-81,26581	17,69459	-81,26582
38160	16,38386	-77,98899	14,41774	-62,26016
38180	-0,00029000000000678	-38,66686	-15,72903	-17,03965
38200	-28,18094	0	-32,11311	10,48591
38220	-33,42382	17,69496	-34,07916	21,62716
38240	-35,38988	24,24863	-35,38988	25,55935
38260	-35,38988	26,87009	-35,38988	27,52545
38280	-35,38988	28,18083	-34,73451	28,18083
38300	-35,38987	28,8362	-34,7345	28,83619
38320	-34,73449	28,8362	-34,73449	29,49156
38340	-34,07913	29,49156	-33,42376	29,49156
38360	-34,07912	30,14692	-33,42376	29,49156
38380	-34,07911	30,14693	-33,42375	30,14693
38400	-34,07911	31,45766	-33,42374	31,45766
38420	-33,42374	32,11302	-33,42374	32,76839
38440	-34,0791	34,07912	-33,42373	34,07912
38460	-34,0791	34,73449	-33,42373	34,07912
38480	-38,66664	36,04522	-53,08473	41,28817
38500	-53,7403	41,94363	-53,08498	41,28833
38520	-53,74034	41,94374	-53,08498	41,2884
38540	-53,74034	41,94378	-53,08498	41,28842
38560	-53,74034	41,94379	-53,08498	41,28842
38580	-53,74034	41,9438	-53,08498	41,28843
38600	-53,74034	41,9438	-53,08498	41,28843
38620	-53,74034	41,9438	-53,08498	41,28844
38640	-53,74034	41,9438	-53,08498	41,28844
38660	-53,74034	41,94381	-53,08498	41,28844
38680	-53,74034	41,9438	-53,08498	41,28844
38700	-53,74034	41,94381	-53,08498	41,28844
38720	-53,74034	41,94381	-53,08498	41,28844
38740	-53,74034	41,9438	-53,08498	41,28844
38760	-53,74034	41,9438	-53,08498	41,28843
38780	-53,74034	41,9438	-53,08498	41,28845
38800	-53,74034	41,94383	-53,08498	41,28848
38820	-53,74034	41,94385	-53,08498	41,28849
38840	-53,74034	41,94385	-53,08498	41,28849
38860	-53,74034	41,94386	-53,08498	41,28849
38880	-53,74034	41,94386	-53,08498	41,28849
38900	-53,74034	41,94386	-53,08498	41,2885
38920	-53,74034	41,94386	-53,08498	41,28849
38940	-53,74034	41,94386	-53,08498	41,2885
38960	-53,74034	41,94386	-53,08498	41,28849
38980	-53,74034	41,94386	-53,08498	41,28849
39000	-53,74034	41,94386	-53,08498	41,28849
39020	-53,74034	41,94386	-53,08498	41,28849
39040	-53,74034	41,94386	-53,08498	41,28849
39060	-53,74034	41,94386	-53,08498	41,28849
39080	-53,74034	41,94386	-53,08498	41,28849
39100	-53,74034	41,94385	-53,08498	41,28848
39120	-53,74034	41,94385	-53,08498	41,28848
39140	-53,74034	41,94384	-53,08498	41,28847
39160	-53,74034	41,94383	-53,08498	41,28846
39180	-53,74034	41,94381	-53,08498	41,28844
39200	-53,74034	41,9438	-53,08485	41,28838
39220	-32,76811	41,94368	-7,20855	41,28827
39240	3,93285	41,94364	5,24359	41,2883
39260	3,27749	41,94369	3,93285	41,28833
39280	3,93286	41,9437	4,5882	41,28834
39300	3,93284	41,94371	4,58819	41,28835
39320	3,93283	41,94372	5,24354	41,28835
39340	4,58818	41,94372	5,8989	41,28836
39360	5,24353	41,94373	6,55425	41,28836
39380	6,55426	41,94373	7,20961	41,28836
39400	6,55425	41,94373	7,20962	41,28836
39420	6,55426	41,94373	7,20962	41,28836
39440	7,20962	41,94372	7,86498	41,28835
39460	6,55425	41,94371	-12,45145	41,28829
39480	-52,42902	41,94365	-53,08498	41,28832
39500	-53,74034	41,94374	-53,08498	41,2884
39520	-53,74034	41,94379	-53,08498	41,28844
39540	-53,74034	41,94381	-53,08498	41,28845
39560	-53,74034	41,94381	-53,08498	41,28845
39580	-53,74034	41,94382	-53,08498	41,28846
39600	-53,74034	41,94383	-53,08498	41,28846
39620	-53,74034	41,94383	-53,08498	41,28847
39640	-53,74034	41,94384	-53,08498	41,28846
39660	-53,74034	41,94383	-53,08498	41,28846
39680	-53,74034	41,94383	-53,08498	41,28846
39700	-53,74034	41,94383	-53,08498	41,28846
39720	-53,74034	41,94382	-53,08498	41,28845
39740	-53,74034	41,94382	-53,08498	41,28845
39760	-53,74034	41,94382	-53,08498	41,28846
39780	-53,74034	41,94383	-53,08498	41,28847
39800	-53,74034	41,94384	-53,08498	41,28848
39820	-53,74034	41,94384	-53,08498	41,28847
39840	-53,74034	41,94384	-53,08498	41,28847
39860	-53,74034	41,94384	-53,08498	41,28847
39880	-53,74034	41,94384	-53,08498	41,28847
39900	-53,74034	41,94384	-53,08498	41,28847
39920	-53,74034	41,94402	-53,08498	41,28847
39940	-53,74034	41,94385	-53,08498	41,28849
39960	-53,74034	41,94386	-53,08498	41,28849
39980	-53,74034	41,94386	-53,08498	41,2885
