T	LX	LY	RX	RY
0	0	0	0	0
20	-1,0000000003174E-5	-0,65536	-0,65536	0
40	-1,0000000003174E-5	-0,65535	-1,0000000003174E-5	-9,9999999960687E-6
60	-1,9999999999243E-5	9,9999999960687E-6	-0,65538	-9,9999999960687E-6
80	-0,65538	9,9999999960687E-6	-0,65538	-9,9999999960687E-6
100	-0,65538	0	-1,31074	-9,9999999960687E-6
120	-1,31074	0	-1,31074	0,65535
140	-1,31074	0	-1,31074	0,65535
160	-1,31074	0	-1,9661	0,65535
180	-1,31074	9,9999999960687E-6	-1,96609	0,65535
200	-1,31074	0	-1,96609	0,65535
220	-1,31074	0	-1,31073	-9,9999999960687E-6
240	-1,31074	0	-1,9661	-9,9999999960687E-6
260	-1,9661	0	-2,62146	0,65535
280	-2,62146	0,65536	-3,27675	3,93215
300	-1,31053	5,24287	-0,65514	5,89821
320	-0,65517	5,24288	-0,65516	5,89823
340	-0,65611	5,24288	-0,65516	5,89822
360	-0,65517	5,24288	-0,65517	5,89822
380	-0,65517	5,89822	-1,31053	5,89821
400	-1,31053	5,89823	-1,31053	5,89821
420	-0,65516	5,24286	-1,31052	5,89821
440	-1,31052	5,24286	-1,31052	5,89821
460	-0,65517	5,24286	-1,31053	5,89821
480	-1,31053	5,24285	-1,31054	5,8982
500	-1,31055	5,24286	-1,9659	5,89821
520	-1,96591	5,24286	-1,96591	5,89821
540	-1,96591	5,24286	-1,96591	5,89821
560	-1,96591	5,24286	-1,96591	5,8982
580	-1,31055	5,24286	-1,96591	5,8982
600	-1,96591	5,24285	-1,96591	5,8982
620	-1,96592	5,24286	-1,96592	5,8982
640	-1,96592	5,24285	-1,96592	5,8982
660	-1,96593	5,24285	-1,96591	5,8982
680	0,65561	6,55357	1,31101	6,55355
700	1,31098	6,55357	1,31099	7,20892
720	1,31099	6,55357	1,31099	7,20892
740	1,96635	6,55357	1,31099	7,20892
760	1,31098	6,55357	1,31098	7,20893
780	1,96633	6,55357	1,31098	7,20892
800	1,31097	6,55358	1,31098	7,20893
820	1,31097	6,55358	1,31098	7,20893
840	1,96634	6,55358	1,31099	7,20893
860	1,96635	6,55358	1,31099	7,20893
880	1,96635	6,55358	1,96635	7,20893
900	1,96635	6,55358	1,31099	7,20893
920	1,96635	6,55358	0,65563	7,20893
940	1,31099	6,55358	0,65563	7,20893
960	0,65561	6,55358	0,00021000000000271	6,55355
980	-1,31051	5,89821	-1,31049	6,55356
1000	-1,31051	5,89821	-1,31051	6,55356
1020	-1,3105	5,89821	-1,96586	6,55356
1040	-1,96587	5,89821	-2,62122	6,55356
1060	-1,96586	5,89821	-2,62122	6,55356
1080	-1,96586	5,89822	-1,96585	6,55356
1100	-2,62122	5,89821	-2,62121	6,55356
1120	-2,62122	5,89821	-2,62122	6,55356
1140	0,65567	8,51965	3,9327	10,4857
1160	6,55419	9,83034	5,24342	10,48569
1180	5,24341	9,17499	4,58805	9,83034
1200	4,58804	9,83034	3,93269	10,4857
1220	4,58803	9,83035	4,58804	9,83034
1240	4,58803	9,17498	4,58804	9,83033
1260	4,58803	9,17498	3,93268	9,83034
1280	4,58803	9,17498	3,93267	9,83033
1300	3,93267	9,17498	3,93267	9,83033
1320	3,93266	9,17498	3,93267	9,17497
1340	3,93266	9,17498	3,93266	9,17497
1360	3,93267	9,17498	3,27731	9,83033
1380	3,93266	9,17498	3,27731	9,17497
1400	3,93267	9,17497	3,93267	9,17496
1420	3,93267	9,17497	3,2773	63,56984
1440	3,2773	9,17497	2,62195	9,83032
1460	2,62194	9,17497	1,96658	9,83032
1480	1,96658	9,17497	1,96658	9,83032
1500	1,96658	9,17496	1,96659	9,83032
1520	1,31124	8,5196	-1,31004	7,20886
1540	0,00077000000000282	5,24279	-0,6546	5,89814
1560	-0,65462	5,24279	-1,30997	5,89814
1580	-0,65461	5,24279	-1,30997	5,24278
1600	-1,30998	4,58743	-1,96534	5,24278
1620	-1,30997	4,58743	-1,96533	5,24278
1640	-1,30997	4,58743	-1,30997	5,24278
1660	-1,30997	4,58743	-1,96533	5,24279
1680	-1,30997	5,24279	-1,96532	5,24278
1700	-1,30996	4,58744	-1,96532	5,24278
1720	-1,30996	4,58744	-1,30996	5,24279
1740	-1,30996	5,2428	-1,30995	5,24279
1760	-1,30996	4,58744	-1,30995	5,24279
1780	-0,6546	4,58744	-0,6546	5,89816
1800	0,00074999999999648	5,24281	-0,65461	5,89815
1820	0,00074999999999648	5,24281	-1,30996	5,24281
1840	-2,6206	3,93212	-2,62057	3,93211
1860	-2,6206	3,27676	-2,6206	3,27675
1880	-2,62059	2,62141	-2,6206	3,27676
1900	-1,96523	2,62141	-2,62059	3,27676
1920	-1,96523	2,62141	-1,96523	2,6214
1940	-1,96524	2,62142	-1,96523	2,6214
1960	-1,96524	2,62142	-1,96523	2,62141
1980	-1,30987	1,96606	-1,96523	2,62141
2000	-1,30987	1,96606	-1,96523	1,96605
2020	-1,30987	1,96606	-1,30987	1,96605
2040	-1,30987	1,3107	-1,30987	1,96605
2060	-1,30987	1,96606	-1,30987	1,96605
2080	-1,30987	1,3107	-1,30989	1,96604
2100	-1,30992	1,96606	-1,96526	2,62141
2120	-1,96526	1,31071	-1,96526	2,62142
2140	-1,3099	1,96607	-1,96526	1,96606
2160	-1,96526	1,3107	-1,96526	1,96606
2180	-1,96526	1,3107	-1,96525	1,96605
2200	-1,96526	1,31071	-1,96526	1,96605
2220	-1,96526	1,3107	-1,96525	1,96605
2240	-1,96526	1,3107	-1,96525	1,96605
2260	-1,3099	1,3107	-1,96525	1,96605
2280	-1,96525	1,3107	-1,96525	1,31069
2300	-1,96525	1,3107	-1,96525	1,96605
2320	-1,96525	1,3107	-1,96525	1,96605
2340	-1,96525	1,3107	-2,62061	1,96605
2360	-1,96526	1,3107	-2,62061	1,96605
2380	-1,96525	1,3107	-2,62061	1,31069
2400	-2,62061	1,3107	-2,62061	1,96605
2420	-2,62061	1,3107	-2,62061	1,96605
2440	-2,62061	1,3107	-2,62061	1,96604
2460	-2,62062	1,31069	-2,62061	1,96605
2480	-2,62062	1,31069	-3,27599	1,96604
2500	-2,62063	1,31069	-2,62063	1,96604
2520	-2,62064	1,31069	-3,93128	1,96603
2540	1,96717	1,31068	3,93335	1,31064
2560	3,27795	0,65529	2,62258	1,31065
2580	3,27795	0,6553	1,96723	1,31064
2600	2,62258	0,65529	2,62259	1,31064
2620	2,62259	0,65529	2,62259	1,31064
2640	2,62258	0,65529	1,96722	1,31064
2660	2,62258	0,65529	1,96723	1,31064
2680	1,96722	0,65529	1,96723	1,31063
2700	1,96722	0,65528	1,96723	0,65527
2720	2,62258	-8,0000000004077E-5	1,96723	1,31063
2740	2,62257	0,65528	1,96722	0,65527
2760	2,62258	0,65528	1,96722	0,65527
2780	2,62257	0,65528	1,96721	0,65527
2800	1,96721	0,65528	1,96721	1,31063
2820	1,96722	0,65527	1,31182	1,31062
2840	0,0010399999999962	0,65527	-0,65429	0,65526
2860	0,0010800000000017	-9,0000000000146E-5	-0,65429	1,31062
2880	-0,65429	-8,0000000004077E-5	-1,30964	0,65526
2900	-0,65429	0,65528	-0,65428	0,65526
2920	-0,65429	0,65528	-0,65428	1,31062
2940	0,0010800000000017	-9,0000000000146E-5	-0,65428	1,31062
2960	-0,65428	0,65527	-0,65428	1,31063
2980	0,0010800000000017	0,65528	-0,65428	1,31063
3000	0,0010800000000017	0,65528	0,0010800000000017	0,65527
3020	0,65644	0,65528	0,0010800000000017	1,31063
3040	0,65644	0,65528	0,65644	1,31063
3060	0,65644	0,65529	0,65644	1,31063
3080	0,65644	1,31065	1,31186	1,96602
3100	3,27798	1,31066	1,96724	1,96601
3120	1,96723	1,31067	1,31188	1,31066
3140	1,96723	1,31067	1,31188	1,96602
3160	1,96724	0,65532	1,31189	1,31067
3180	1,31188	1,31068	1,96725	1,96603
3200	1,96724	1,31068	1,96724	1,96603
3220	1,96723	1,31068	1,96723	1,96604
3240	1,96723	1,31069	1,96723	2,6214
3260	1,96722	1,96604	1,96722	2,6214
3280	1,96721	1,96605	1,96721	2,6214
3300	1,96721	1,96605	1,96721	3,27676
3320	2,62257	2,62141	1,96977	2,6214
3340	1,96721	2,62141	1,96722	1,96604
3360	2,62257	1,96604	1,96721	1,96604
3380	3,27797	0,65534	5,89949	0,65534
3400	5,89948	-1,0000000003174E-5	5,2441	0,65534
3420	5,89946	-1,0000000003174E-5	5,89947	0,65534
3440	5,89946	-1,0000000003174E-5	5,89947	0,65534
3460	5,89947	-1,0000000003174E-5	5,89947	0,65534
3480	6,55483	-1,0000000003174E-5	5,89947	0,65533
3500	6,55483	-1,9999999999243E-5	5,89947	0,65534
3520	6,55482	-1,9999999999243E-5	5,89947	0,65534
3540	5,89946	0,65535	5,89946	1,3107
3560	5,89945	0,65535	5,89946	1,3107
3580	5,89946	0,65535	5,89947	1,3107
3600	6,55482	-1,0000000003174E-5	9,83176	-3,27683
3620	19,00696	-4,58755	20,3177	-3,93221
3640	19,66231	-4,58756	20,31767	-3,93221
3660	20,97303	-4,58757	20,97303	-3,93222
3680	20,97303	-3,93221	20,31767	-3,27687
3700	21,62839	-3,93222	20,97303	-3,27687
3720	20,97303	-3,27687	21,6284	-2,62152
3740	21,62839	-3,27687	21,6284	-2,62152
3760	21,6284	-3,27687	21,6284	-2,62152
3780	22,28376	-3,27687	21,6284	-2,62152
3800	22,28376	-3,27687	21,6284	-2,62152
3820	21,62839	-3,27687	-55,70408	-2,62152
3840	21,62839	-2,62151	21,6284	-2,62152
3860	21,62839	-2,62151	20,97304	-2,62152
3880	22,28376	-2,62151	27,52671	-1,96617
3900	30,80355	-2,62153	28,83745	-1,96617
3920	30,14817	-2,62152	30,80354	-2,62153
3940	30,80353	-2,62152	30,80353	-1,96617
3960	30,80353	-2,62152	30,80353	-1,96617
3980	31,45887	-2,62152	31,45887	-1,96617
4000	31,45887	-2,62152	31,45887	-1,96617
4020	32,11423	-2,62152	32,11423	-1,96617
4040	32,11423	-1,96616	32,76959	-1,31081
4060	33,42495	-2,62152	32,76959	-1,96617
4080	32,76959	-1,96616	32,76959	-1,31081
4100	34,08031	-1,96616	33,42495	-1,31081
4120	33,42494	-1,96616	34,08031	-1,31081
4140	34,0803	-1,96615	34,0803	-1,3108
4160	34,73566	-1,96615	34,73566	-1,3108
4180	34,73566	-1,96615	34,73566	-1,3108
4200	35,39102	-1,96614	35,39103	-1,31079
4220	36,04637	-1,96614	36,04638	-1,31079
4240	36,70174	-1,96614	36,04638	-1,31079
4260	36,70173	-1,96614	36,70173	-1,31078
4280	37,35709	-1,31076	37,35709	-1,31078
4300	38,01245	-1,31077	38,66782	-0,65541999999999
4320	38,6678	-1,31078	22,93891	3,27668
4340	11,7973	9,83021	14,41835	15,72833
4360	-0,65493	13,10661	-14,41455	9,17402
4380	-15,07217	0,65394	-11,14007	-3,27834
4400	-7,20821	-3,27813	-4,58698	-3,27792
4420	-1,96567	-1,96697	0,65576	2,62071
4440	2,62181	4,58697	3,93249	5,8978
4460	3,93247	5,24253	4,58782	6,5533
4480	5,24317	5,89798	5,24317	5,89801
4500	5,89853	5,24269	5,89853	5,89805
4520	6,55389	4,58735	6,55389	5,24272
4540	6,55389	3,93202	6,5539	4,58737
4560	7,20925	3,27667	6,5539	3,93202
4580	7,20925	2,62132	5,89839	-1,9662
4600	5,89825	-6,55366	5,24295	-7,86436
4620	5,89833	-8,51969	5,89832	-8,5197
4640	5,89831	-9,17504	5,24296	-8,51968
4660	5,89831	-9,17503	5,24295	-9,17503
4680	5,24295	-9,17502	5,89831	-9,17503
4700	5,8983	-9,83038	5,24295	-9,17502
4720	5,89831	-9,17502	5,24295	-9,17503
4740	5,24295	-9,83038	5,24295	-9,17503
4760	5,24295	-9,1742	4,58759	-9,17502
4780	4,58758	-9,83037	3,93222	-9,17502
4800	3,93222	-9,83037	3,93215	-9,17497
4820	3,93217	-9,17494	3,27683	-9,17495
4840	3,27682	-9,8303	3,27682	-9,17496
4860	3,27682	-9,83031	2,62146	-9,17497
4880	2,62145	-9,17496	2,62146	-8,51961
4900	2,62145	-9,17496	1,96864	-9,17498
4920	2,62145	-9,17497	1,96609	-8,51962
4940	1,96609	-9,17498	1,96608	-8,51962
4960	1,96608	-9,17498	1,96609	-8,51963
4980	1,96608	-8,51962	1,31073	-8,51963
5000	1,96608	-8,51962	1,31073	-7,86427
5020	1,31072	-8,51963	0,65537	-7,86428
5040	0,65536	-8,51963	0,65536	-7,86429
5060	0,65537	-8,51963	0,65536	-7,86429
5080	0,65536	-8,51964	0,65536	-7,86429
5100	0,65536	-8,51963	0	-7,86429
5120	0,65536	-8,51964	0,65536	-7,86429
5140	0	-6,55356	-0,65523	0,65537
5160	5,24575	1,96607	7,20931	3,27676
5180	6,55392	2,62142	6,55393	3,27678
5200	6,55393	2,62143	5,89857	3,27678
5220	6,55392	3,27679	5,89857	3,93214
5240	5,89856	3,27679	5,89857	3,93213
5260	5,89856	3,27678	5,24321	3,93213
5280	5,89857	3,93214	5,89857	3,93214
5300	5,89857	3,27679	5,89857	3,93213
5320	5,89857	3,93214	5,24321	3,93213
5340	5,89857	3,27678	5,2432	3,93213
5360	5,89856	3,27678	5,89855	3,93213
5380	5,89855	3,27677	5,24319	3,93212
5400	5,89854	3,27678	5,24318	3,93212
5420	5,89854	3,27677	4,58782	3,93212
5440	5,24319	3,27677	4,58783	3,93212
5460	4,58782	3,27676	3,27705	2,62138
5480	3,27706	1,96604	1,96636	2,62139
5500	2,62171	2,6214	1,96635	2,62139
5520	2,6217	1,96604	1,96635	2,62138
5540	1,96634	2,6214	1,96634	2,62138
5560	1,96633	1,96603	1,96634	2,62137
5580	1,96634	2,62139	1,31098	2,62137
5600	1,96633	2,62138	1,96634	3,27673
5620	1,96634	2,62138	1,96634	2,62136
5640	1,96634	2,62138	1,31098	3,27672
5660	1,96633	1,96601	1,31097	3,27672
5680	1,96633	2,62137	1,96633	3,27672
5700	1,96632	2,62137	1,31097	3,27671
5720	1,31097	2,62136	0,65561	3,27671
5740	1,31096	2,62136	0,65561	3,27671
5760	1,31096	2,62136	0,6556	3,27671
5780	0,6556	2,62136	0,00023999999999802	3,27671
5800	0,00023999999999802	2,62137	0,00023999999999802	3,27672
5820	0,00023999999999802	2,62136	-0,65512	3,27671
5840	0,00023999999999802	2,62136	-0,65512	3,27671
5860	0,00023999999999802	2,62136	-0,65512	3,27671
5880	-0,65512	3,27672	1,31103	5,89817
5900	4,58793	5,89819	3,93258	5,89817
5920	4,58791	5,89819	4,58791	5,89818
5940	4,58792	5,24282	4,58792	5,89817
5960	4,58792	5,24283	4,58793	5,89818
5980	4,58792	5,89819	4,58793	5,89818
6000	5,24329	5,24283	4,58793	5,89818
6020	4,58793	5,89819	3,93257	5,89818
6040	4,58793	5,89819	3,93257	6,55354
6060	5,24333	6,55354	6,55419	6,55351
6080	7,86493	5,24279	7,20955	5,89814
6100	7,8649	5,2428	7,20954	5,89814
6120	7,20953	5,2428	7,20953	5,89815
6140	7,20952	5,24279	6,55416	5,89814
6160	7,20951	5,2428	6,55415	5,89814
6180	6,55415	5,2428	5,89879	5,89814
6200	5,89879	5,24279	5,24343	5,89814
6220	5,89879	5,24279	5,89879	5,89813
6240	5,24343	5,24278	5,24343	5,89813
6260	5,24343	5,24278	5,24343	5,89813
6280	5,24342	5,24278	4,58806	5,89813
6300	4,58805	5,24278	4,58806	5,89813
6320	4,58805	5,24278	3,9327	5,89812
6340	4,58806	5,24278	3,9327	5,89812
6360	3,9327	5,24277	3,9327	5,89812
6380	3,9327	5,24277	3,9327	5,89811
6400	4,58805	5,24276	3,9327	5,89811
6420	3,93269	5,24276	3,93269	5,89812
6440	3,93269	5,24277	3,27733	5,89811
6460	3,27733	5,24277	3,27733	5,89811
6480	3,9327	5,24276	3,27734	5,8981
6500	1,31132	2,62131	0,65617	0,65521
6520	1,96695	-0,6555	1,31155	-0,00014999999999787
6540	0,65619	-0,6555	0,65619	-0,65550999999999
6560	0,65619	-0,6555	0,65619	-0,65550999999999
6580	0,65619	-1,31086	0,00083000000000055	-0,65550999999999
6600	0,00083000000000055	-1,31086	0,00083000000000055	-0,65550999999999
6620	0,00083000000000055	-0,6555	0,00083999999999662	-0,00014999999999787
6640	0,00083000000000055	-0,6555	-0,65453	-0,00014999999999787
6660	0,00083000000000055	-1,31086	-0,65452	-0,65550999999999
6680	0,00083000000000055	-0,6555	-0,65452	-0,65552
6700	0,00083000000000055	-0,65551	-0,65452	-0,65552
6720	0,00083999999999662	-1,31087	-0,65452	-0,65552
6740	0,00083000000000055	-0,65551	-0,65453	-0,65552
6760	0,00083000000000055	-0,65551	-0,65453	-0,65553
6780	0,00081999999999738	-0,65552	0,00081999999999738	-0,00016999999999712
6800	0,00081000000000131	-0,65552	-0,65454	-0,00016999999999712
6820	0,00081000000000131	-0,65552	-0,65455	-0,00018000000000029
6840	0,00081000000000131	-1,31089	-0,65455	-0,00018000000000029
6860	-0,65455	-1,31089	-0,65454	-0,65555000000001
6880	-0,65454	-1,3109	-0,65454	-0,65555000000001
6900	0,00081000000000131	-0,65554	0,00081000000000131	-0,65555999999999
6920	0,00081000000000131	-1,31091	0,0008499999999998	-0,65555000000001
6940	0,65626	-1,96626	0,65625	-1,31091
6960	0,65623	-2,62162	0,00088000000000221	-1,96627
6980	0,65624	-1,96626	0,00088000000000221	-1,96627
7000	0,65624	-2,62162	0,65624	-1,96627
7020	0,65624	-2,62162	0,65624	-1,96627
7040	0,65624	-2,62162	0,65624	-1,96628
7060	0,65624	-3,27699	0,65624	-2,62164
7080	0,65623	-2,62162	0,65624	-1,96627
7100	0,65623	-2,62162	0,65624	-1,96627
7120	0,65623	-2,62162	0,00086999999999904	-2,62163
7140	0,65623	-2,62162	0,65624	-1,96627
7160	0,65624	-2,62162	0,65624	-1,96627
7180	0,65623	-2,62162	0,65623	-1,96627
7200	0,65623	-2,62162	0,65624	-1,96627
7220	0,65623	-2,62162	0,65624	-2,62163
7240	0,65623	-2,62162	0,65623	-2,62163
7260	0,65623	-2,62162	0,65624	-1,96627
7280	0,65623	-2,62162	0,65623	-1,96627
7300	0,65623	-2,62162	0,65623	-2,62163
7320	-55,70473	-2,62161	0,65624	-1,96626
7340	0,65623	-2,62161	0,65623	-1,96626
7360	0,65623	-2,62161	0,65624	-1,96626
7380	0,65623	-2,62161	0,65624	-1,96626
7400	0,65623	-2,62161	0,00088000000000221	-1,96626
7420	0,65623	-2,62161	0,00088000000000221	-1,96626
7440	0,65624	-2,62161	0,65624	-1,96626
7460	1,31159	-2,62161	0,65623	-1,96627
7480	1,31161	-2,62161	0,65627	-2,62162
7500	1,31162	-3,27697	0,65626	-2,62161
7520	0,65625	-3,27696	0,65626	-2,62162
7540	1,31161	-2,6216	0,65625	-3,27697
7560	1,31161	-3,27697	1,31161	-3,27698
7580	1,31161	-3,27697	1,31161	-3,27698
7600	1,31161	-3,27697	1,31161	-3,27698
7620	1,3116	-3,27697	1,31161	-2,62162
7640	1,96696	-3,27697	1,3116	-2,62162
7660	1,96696	-3,27697	1,3116	-2,62162
7680	1,3116	-3,27697	1,3116	-2,62162
7700	1,3116	-3,27697	1,3116	-2,62163
7720	1,3116	-3,27698	1,3116	-3,27699
7740	1,96696	-3,27698	1,3116	-3,277
7760	1,96696	-3,27698	1,3116	-3,27699
7780	1,96696	-3,93234	1,3116	-2,62163
7800	1,31159	-3,27698	1,3116	-2,62062
7820	1,96696	-3,27698	1,3116	-2,62163
7840	1,3116	-3,27698	1,3116	-2,62163
7860	1,3116	-2,62162	1,31161	-2,62163
7880	1,96696	-3,27698	1,96697	-2,62163
7900	1,96696	-3,27698	1,96696	-1,96627
7920	1,96696	-2,62162	1,3116	-2,62163
7940	1,96696	-2,62163	1,96696	-1,96627
7960	1,96695	-2,62162	1,3116	-2,62163
7980	1,96696	-2,62162	1,96696	-1,96627
8000	1,96696	-2,62162	1,96696	-1,96627
8020	1,96696	-2,62162	1,96697	-1,96627
8040	1,96696	-2,62162	1,96697	-1,96627
8060	2,62235	-2,62162	6,5547	-5,24309
8080	11,79775	-9,17525	12,45313	-8,5199
8100	11,79774	-9,17524	11,79775	-9,17524
8120	12,4531	-9,83059	11,79775	-9,17524
8140	11,79774	-9,17523	11,79775	-8,51988
8160	11,79775	-9,17522	11,79775	-8,51987
8180	11,79775	-9,17522	11,79775	-8,51987
8200	12,45311	-9,17522	11,79776	-8,51987
8220	11,79776	-9,17522	11,79776	-8,51987
8240	11,79775	-9,17522	11,79775	-8,51986
8260	12,45311	-9,17521	11,79775	-8,51986
8280	12,4531	-8,51986	11,79774	-7,86451
8300	11,79773	-8,51986	11,79774	-7,86451
8320	9,8316	-5,89841	7,86549	-4,58769
8340	8,52088	-5,24303	7,86552	-5,24304
8360	8,52087	-5,24303	7,86552	-4,58768
8380	9,17623	-5,24303	7,86552	-4,58768
8400	9,17623	-5,24303	9,17623	-4,58768
8420	9,17623	-4,58767	9,17623	-4,58768
8440	9,17622	-4,58767	9,83159	-3,93232
8460	9,83158	-4,58766	9,83159	-3,27695
8480	10,48694	-3,93229	10,48694	-3,9323
8500	11,1423	-3,93228	10,48694	-3,27693
8520	11,1423	-3,93228	11,1423	-3,27693
8540	11,79765	-3,27691	11,79765	-3,27692
8560	11,79764	-3,2769	11,79765	-2,62156
8580	11,79764	-3,2769	12,453	-2,62154
8600	12,45299	-3,2769	12,453	-2,62154
8620	13,10836	-2,62153	12,453	-1,96618
8640	13,10835	-2,62152	13,10836	-1,96617
8660	13,10835	-2,62152	13,10836	-1,96617
8680	13,76371	-2,62152	13,10835	-1,96617
8700	13,76371	-2,62152	13,10835	-1,96616
8720	13,76371	-2,62151	13,10834	-1,96617
8740	13,1083	-1,3108	11,14219	-9,9999999996214E-5
8760	11,14221	-1,3108	11,14223	-0,65545
8780	11,79758	-0,65543	11,14222	-0,65544
8800	11,79758	-0,65543	11,14223	-0,65544
8820	11,79758	-1,31079	11,79759	-0,65544
8840	11,79759	-0,65543	11,79759	-7,0000000000903E-5
8860	12,45295	-0,65542	11,7976	-7,9999999996971E-5
8880	12,45296	-6,0000000004834E-5	11,7976	-7,0000000000903E-5
8900	11,7976	-0,65541	14,41911	-1,96614
8920	27,52653	-3,27684	32,11412	-3,27685
8940	30,80337	-3,9322	30,148	-3,27684
8960	30,80336	-3,93219	30,14799	-3,27684
8980	30,14799	-4,58756	29,49263	-3,93221
9000	29,49262	-3,9322	28,83727	-3,93221
9020	28,83725	-3,9322	28,83726	-3,93221
9040	29,49262	-3,9322	28,83726	-3,93222
9060	29,49262	-3,93221	28,83727	-3,93222
9080	28,83726	-3,93221	28,1819	-3,93222
9100	28,83726	-4,58757	28,18191	-3,93222
9120	28,1819	-4,58758	27,52655	-3,27686
9140	27,52655	-3,93222	27,52654	-3,93223
9160	27,52654	-4,58758	26,87119	-3,93223
9180	26,87119	-3,93223	26,87119	-3,93224
9200	26,87119	-4,58759	26,21583	-3,93224
9220	26,21583	-4,5876	25,56047	-3,93225
9240	27,52656	-4,5876	31,46132	-3,93226
9260	32,11415	-5,24297	31,45877	-4,58762
9280	31,45877	-5,24296	31,45877	-4,58761
9300	31,45877	-5,24296	31,45877	-3,93226
9320	31,45877	-4,5876	31,45877	-4,58762
9340	31,45877	-4,58761	31,45878	-3,93226
9360	32,11413	-4,5876	31,45878	-4,58761
9380	32,11413	-4,5876	31,45878	-3,93225
9400	32,11413	-4,5876	32,11413	-3,93225
9420	32,76948	-4,5876	32,11413	-3,93225
9440	32,76949	-4,5876	32,11413	-3,93224
9460	32,76949	-4,5876	32,76949	-3,93224
9480	33,42485	-4,58759	33,42485	-4,5876
9500	33,42485	-4,58759	33,42485	-3,93224
9520	33,42485	-4,58759	33,42485	-3,93224
9540	34,08021	-4,58759	34,08021	-3,93224
9560	34,73557	-4,58758	34,08021	-3,93224
9580	34,0802	-4,58759	34,08021	-3,93223
9600	34,73812	-4,58758	34,73557	-3,93223
9620	35,39092	-4,58758	34,73556	-3,93223
9640	35,39092	-4,58758	35,39092	-3,93223
9660	35,39092	-4,58759	34,73555	-3,93223
9680	36,04627	-3,93222	39,97848	-3,27686
9700	42,59996	-3,93222	41,94459	-3,93223
9720	42,59994	-4,58757	41,94459	-3,93223
9740	42,59994	-4,58758	41,94459	-4,58758
9760	42,59994	-4,58758	41,94458	-3,93222
9780	42,59994	-4,58758	41,94459	-4,58759
9800	42,59994	-5,24294	41,94458	-4,58758
9820	41,94457	-4,58757	41,94457	-3,93222
9840	41,94458	-5,24294	41,28922	-4,58758
9860	39,97847	-5,24295	28,83719	-7,20907
9880	17,04043	-4,58764	13,76358	-2,62156
9900	13,76365	-3,93226	13,76365	-3,27691
9920	13,76364	-3,27689	13,10828	-3,2769
9940	13,76364	-3,93225	13,10828	-3,2769
9960	13,76364	-3,93225	13,10829	-3,93226
9980	13,10828	-3,93225	12,45293	-3,2769
10000	13,10829	-4,58761	12,45293	-3,93226
10020	13,10829	-3,93226	12,45294	-3,93226
10040	13,1083	-4,58762	13,1083	-3,93227
10060	13,1083	-4,58762	11,1421	-3,9323
10080	9,83106	0,65519	16,38441	5,2427
10100	9,17533	3,27666	5,89859	2,6213
10120	5,89862	1,3106	5,24324	1,96596
10140	5,24324	1,31062	4,58789	1,3106
10160	5,24324	0,65526	5,24325	1,31061
10180	5,89861	0,65527	5,24325	0,65526
10200	5,89861	0,65528	5,89861	1,31063
10220	6,55397	0,65529	5,89861	0,65528
10240	6,55397	0,65529	4,58787	-0,65544
10260	-1,96592	-5,8983	-5,2428	-8,51971
10280	-4,58735	-9,83041	-4,58733	-9,17505
10300	-3,93198	-9,83039	-4,58733	-9,17503
10320	-4,58733	-9,83038	-5,24269	-9,83039
10340	-4,58733	-9,83038	-4,58733	-9,83039
10360	-4,58733	-10,48573	-5,24269	-9,83038
10380	-4,58733	-10,48572	-5,24268	-9,83038
10400	-4,58733	-9,83036	-5,24268	-9,83038
10420	-4,58734	-10,48572	-4,58733	-9,17502
10440	-4,58735	-9,83037	-4,58734	-9,17502
10460	-4,58735	-9,83037	-5,24271	-9,17502
10480	-5,24272	-9,83038	-5,24272	-9,17502
10500	-5,24272	-9,83038	-5,89808	-9,17503
10520	-5,24272	-9,83038	-5,89808	-9,17503
10540	-5,89809	-9,17503	-5,89808	-9,17504
10560	-5,89809	-9,83039	-5,89809	-9,17504
10580	-5,24279	-10,48574	-5,24281	-10,48573
10600	-5,89814	-11,14108	-5,89815	-9,83037
10620	-5,89816	-10,48572	-5,89815	-10,48573
10640	-5,89816	-10,48573	-6,55352	-9,83038
10660	-5,89816	-10,48573	-6,55352	-9,83039
10680	-6,55352	-11,1411	-7,20888	-10,48575
10700	-6,55352	-11,14111	-7,20889	-10,48576
10720	-7,20889	-11,14111	-7,86425	-10,48576
10740	-7,2089	-11,14111	-7,86426	-10,48576
10760	-7,86426	-10,48575	-7,86426	-9,8304
10780	-7,86426	-10,48576	-8,51962	-10,48577
10800	-7,86427	-10,48492	-8,51962	-10,48577
10820	-8,51963	-10,48577	-8,51963	-9,17505
10840	-6,55347	-5,24289	-3,27656	-4,58756
10860	-2,62121	-5,24291	-3,27658	-4,58756
10880	-2,62122	-5,24291	-3,27658	-3,9322
10900	-3,27659	-5,24291	-3,27659	-4,58757
10920	-2,62123	-4,58756	-3,27658	-3,93221
10940	-2,62123	-4,58756	-3,27659	-3,93221
10960	-3,27659	-3,93221	-3,27659	-3,93222
10980	-3,27659	-4,58757	-3,93195	-3,93222
11000	-3,27659	-4,58757	-3,93195	-3,93222
11020	-3,27659	-4,58758	-3,27659	-3,93223
11040	-3,27659	-3,93222	-3,93195	-3,27687
11060	-3,27659	-3,93222	-3,93194	-3,27688
11080	-3,27659	-3,93222	-3,93195	-3,27688
11100	-3,27659	-3,93223	-3,93195	-3,27688
11120	-3,27659	-3,93224	-3,93195	-3,27689
11140	-3,2766	-3,27689	-1,31047	-1,31082
11160	-1,31046	-2,62153	-1,31048	-1,96618
11180	-1,31048	-1,96618	-1,31048	-1,96619
11200	-1,31048	-1,96618	-1,96584	-1,31084
11220	-1,31048	-1,96619	-1,31048	-1,31084
11240	-1,31048	-1,96619	-1,31048	-1,31085
11260	-1,31048	-1,9662	-1,31048	-1,31085
11280	-1,31048	-2,62156	-1,96584	-1,31085
11300	-1,31049	-1,96621	-1,96585	-1,31086
11320	-1,31049	-1,96621	-1,96585	-1,31086
11340	-1,31049	-1,96622	-2,6212	-1,31087
11360	-1,31048	-1,31086	1,96638	-0,65550999999999
11380	1,9664	-1,31086	1,96638	-0,65550999999999
11400	1,96638	-1,96623	1,96638	-0,65553
11420	1,96638	-1,31087	1,31102	-1,31088
11440	1,31101	-1,31087	1,31101	-1,31088
11460	1,96637	-1,31087	1,31101	-0,65552
11480	1,96637	-1,31087	1,31101	-0,65552
11500	1,31101	-1,31088	1,31101	-0,65552
11520	1,96637	-1,31087	1,31102	-0,65552
11540	1,96637	-1,31088	1,31102	-0,65553
11560	1,96637	-1,31087	1,31102	-0,65553
11580	1,96637	-1,31087	1,31102	-0,65553
11600	1,31101	-1,31088	1,31102	-0,65553
11620	1,96637	-0,65552	0,00027000000000044	-0,65554
11640	-4,58735	-2,6216	-6,55343	-2,6216
11660	-5,89804	-3,27695	-5,89805	-2,62161
11680	-5,89805	-2,62159	-6,5534	-2,6216
11700	-5,89804	-2,62159	-6,5534	-2,62161
11720	-5,89804	-3,27696	-6,5534	-1,96625
11740	-5,89805	-2,6216	-6,55341	-1,96625
11760	-5,89805	-2,6216	-5,89804	-1,96624
11780	-5,89805	-2,6216	-5,89804	-1,96625
11800	-5,24269	-2,6216	-5,89805	-1,96625
11820	-5,24269	-1,96624	-5,2427	-1,96625
11840	-4,58734	-2,6216	-5,24271	-1,96625
11860	-5,24271	-2,6216	-5,89807	-1,96625
11880	-5,24271	-2,6216	-5,24271	-1,96625
11900	-4,58735	-2,62161	-5,24271	-1,96626
11920	-1,31051	-0,00017000000000422	1,96638	-0,00018000000000029
11940	2,62173	-0,00018000000000029	1,96636	-0,00018000000000029
11960	3,27708	-0,65554	2,62172	-0,00018000000000029
11980	2,62171	-0,65554	2,62171	-0,00018999999999636
12000	3,27707	-0,00017000000000422	2,62171	0,65517
12020	3,27707	-0,00017000000000422	3,27707	-0,00018999999999636
12040	3,27706	-0,00017000000000422	3,27707	-0,00018000000000029
12060	3,27707	-0,65553	3,27707	0,65517
12080	3,93243	-0,00018000000000029	3,93243	0,65517
12100	3,93243	-0,00017000000000422	3,27707	0,65518
12120	3,93242	-0,00018000000000029	3,27707	0,65518
12140	3,93242	-0,00017000000000422	3,93242	0,65518
12160	4,58778	-0,00016000000000105	3,93243	0,65519
12180	4,58779	-0,00016000000000105	4,58779	0,65519
12200	5,24314	-0,00016000000000105	4,58779	0,65519
12220	5,24315	-0,00016000000000105	4,5878	1,31056
12240	5,24315	0,65521	5,24315	0,6552
12260	5,24315	0,65521	7,20927	0,65519
12280	9,83078	-0,00018000000000029	9,83078	-0,00018000000000029
12300	9,83076	-0,65553	9,83077	-0,00018000000000029
12320	10,48613	-0,00016000000000105	9,83077	0,65519
12340	10,48613	0,00083999999999662	10,48613	0,65519
12360	11,14149	-0,00015000000000498	11,14149	0,6552
12380	11,14149	-0,00015000000000498	11,1415	0,6552
12400	11,1415	-0,00015000000000498	11,1415	0,6552
12420	11,1415	-0,00015000000000498	11,79687	0,6552
12440	11,79686	-0,00014000000000181	11,79687	1,31057
12460	11,79687	0,65522	11,79687	0,65521
12480	12,45223	0,65522	11,79687	1,31057
12500	12,45223	0,65522	14,41841	1,31058
12520	15,72928	-0,6555	15,72929	-0,65552
12540	15,07389	-1,31086	15,0739	-1,31086
12560	15,72926	-1,31086	15,0739	-1,31086
12580	15,0739	-1,96622	15,0739	-1,31086
12600	15,07389	-1,31085	15,07389	-1,31086
12620	15,07388	-1,31085	15,07387	-0,6555
12640	15,07386	-0,65548	15,07386	-0,65549
12660	15,07385	-0,65548	15,07385	-0,00012999999999863
12680	15,07385	-0,00012000000000256	14,41849	-0,00012000000000256
12700	15,07385	-0,00012000000000256	14,41849	0,65523
12720	15,07385	-0,00012000000000256	15,07386	0,65523
12740	15,07386	-0,00010999999999939	14,4185	-0,00012999999999863
12760	15,07385	-0,00012000000000256	14,41849	0,65523
12780	15,07385	-0,00012000000000256	14,41849	0,65523
12800	14,41848	-0,00012000000000256	14,41848	0,65523
12820	14,41848	0,65525	14,41848	1,31059
12840	15,07384	0,65524	14,41849	1,31059
12860	15,07384	0,65524	14,41849	0,65523
12880	15,07385	0,65524	15,07385	0,65523
12900	15,07384	0,65524	15,07385	0,65523
12920	15,7292	0,65524	15,07385	1,31059
12940	15,07385	1,31062	14,41851	1,96598
12960	14,4185	1,31062	13,76314	1,96598
12980	13,76314	1,96599	13,76314	1,96598
13000	14,4185	1,96599	14,41851	2,62134
13020	14,4185	1,96599	13,76315	2,62134
13040	14,4185	1,96599	13,76315	3,2767
13060	14,4185	1,966	14,4185	2,62134
13080	14,4185	2,62135	13,76314	3,27671
13100	14,4185	2,62136	13,76314	3,2767
13120	13,76313	3,27764	13,76314	3,27671
13140	14,4185	3,27672	13,10778	3,2767
13160	13,76313	3,27671	13,76313	3,93206
13180	13,76313	3,27671	13,10778	3,2767
13200	13,76313	3,27671	13,10778	3,93206
13220	13,10778	3,2767	13,10778	3,93206
13240	13,10778	3,27671	12,45242	3,93206
13260	13,10778	3,2767	12,45242	4,58741
13280	13,10778	3,93206	12,45242	3,93205
13300	13,10778	3,93206	12,45241	4,58741
13320	13,10777	3,93206	13,10777	4,58741
13340	13,10777	3,2767	11,14179	1,31059
13360	12,4526	-1,31084	11,14186	-0,65549
13380	11,14184	-1,31084	11,14185	-0,65549
13400	11,14184	-1,31084	11,14185	-0,65549
13420	11,14185	-1,31084	10,48649	-1,31086
13440	10,48648	-1,31084	10,48649	-1,31086
13460	10,48648	-1,31085	9,83113	-1,31086
13480	10,48648	-1,9662	10,48648	-0,6555
13500	10,48648	-1,31085	9,83112	-0,6555
13520	10,48648	-1,31085	9,83112	-0,6555
13540	9,83112	-1,31086	9,83112	-1,31086
13560	10,48648	-1,31086	9,83112	-1,31087
13580	10,48647	-1,96623	9,83112	-0,65552
13600	10,48653	-1,96624	11,14202	-3,93235
13620	12,45277	-4,5877	11,79739	-4,5877
13640	11,14202	-5,24305	11,14203	-4,5877
13660	11,79738	-4,58769	11,14203	-4,58771
13680	11,14202	-4,5877	11,14202	-3,93235
13700	11,14202	-4,5877	11,14202	-4,58771
13720	11,79738	-5,24307	11,14203	-4,58772
13740	11,79738	-5,24306	11,14202	-3,93235
13760	11,79738	-4,58771	11,14202	-3,93236
13780	11,79738	-4,58771	11,79738	-3,93236
13800	11,79738	-4,58771	11,79738	-3,93235
13820	12,45274	-4,58771	11,79738	-3,93236
13840	12,45273	-4,5877	11,79738	-3,93236
13860	12,45274	-4,58771	11,79738	-3,93236
13880	11,79738	-3,93235	11,79738	-3,277
13900	11,79738	-3,93234	11,79738	-3,27699
13920	11,79738	-3,93234	11,79738	-3,93236
13940	11,79738	-3,27698	11,79739	-3,277
13960	12,45274	-3,27698	12,45274	-3,27699
13980	12,45274	-3,93234	13,1081	-2,62163
14000	13,10809	-3,27699	13,1081	-2,62163
14020	13,10809	-2,62162	13,10808	-1,96627
14040	13,76345	-2,62162	13,76345	-1,96627
14060	13,76345	-2,62162	13,76345	-1,96627
14080	14,4188	-2,62162	14,41881	-1,96627
14100	15,07417	-2,62162	14,41881	-1,96627
14120	15,07416	-2,62162	15,07416	-1,96627
14140	15,72952	-1,96625	15,07416	-1,3109
14160	15,07416	-1,96625	15,07416	-1,3109
14180	15,72952	-1,96625	15,07416	-1,3109
14200	15,72952	-1,96624	15,72952	-1,31089
14220	15,72952	-1,96624	15,72952	-1,31089
14240	16,38488	-1,96624	15,72953	-1,96625
14260	16,38488	-1,96624	15,72953	-1,31089
14280	16,38488	-1,96624	16,38488	-1,31089
14300	16,38488	-1,96624	15,72952	-1,31089
14320	16,38487	-1,96623	15,72952	-1,31088
14340	16,38487	-1,96624	16,38487	-1,31089
14360	16,38487	-1,31088	15,72952	-1,31089
14380	16,38488	-1,31088	15,72952	-1,31089
14400	17,04024	-1,31088	16,38488	-1,31089
14420	16,38488	-1,31088	16,38488	-1,31089
14440	16,38488	-1,31088	15,72952	-0,65553
14460	16,38488	-1,31088	15,72952	-1,31089
14480	15,72952	-1,31088	15,72952	-0,65553
14500	15,72952	-1,31088	15,72952	-0,65554
14520	15,72952	-1,31089	15,72953	-0,65553
14540	15,72952	-1,31088	15,07417	-1,3109
14560	15,07417	-1,31089	15,07417	-0,65554
14580	15,07417	-1,31089	15,07417	-0,65555000000001
14600	15,07417	-1,96626	14,41882	-1,31091
14620	14,41881	-1,3109	14,41881	-1,31091
14640	14,41881	-1,3109	14,41882	-1,31092
14660	14,41882	-1,31091	13,76346	-1,31092
14680	13,76346	-1,96627	13,10811	-1,31092
14700	13,76346	-1,31091	13,10811	-1,31092
14720	13,10811	-1,96627	12,45275	-1,31092
14740	12,45275	-1,31091	12,45277	-0,65555999999999
14760	15,07427	-0,65555000000001	15,72967	-0,65557
14780	15,07429	-1,31092	15,07429	-1,31093
14800	15,72965	-1,31092	15,07429	-1,31093
14820	15,07429	-1,31093	15,07429	-1,31094
14840	15,07428	-1,31093	14,41892	-1,31094
14860	15,07427	-1,31093	14,41892	-0,65558
14880	14,41891	-1,31093	14,41891	-1,31094
14900	14,41891	-1,31093	14,41892	-1,31094
14920	14,41891	-1,31094	13,76356	-1,31095
14940	13,76355	-1,31094	13,76355	-0,65559
14960	13,76355	-1,31094	13,10819	-0,65558
14980	13,76355	-1,31094	13,10819	-0,65559
15000	13,10816	-0,65558	9,83128	-0,65559
15020	8,52058	-1,31093	9,17597	-0,65557
15040	9,17595	-1,31092	9,17596	-0,65558
15060	9,17596	-1,31093	8,5206	-1,31094
15080	9,17596	-1,31094	9,17596	-0,65558
15100	8,5206	-1,31093	8,52059	-0,65558
15120	8,52059	-1,31093	8,52059	-0,65558
15140	8,52059	-1,31093	8,52059	-0,65558
15160	8,52059	-1,31093	7,86524	-0,00021999999999878
15180	8,5206	-0,65557	8,5206	-0,65558
15200	8,5206	-0,65557	7,86525	-0,00021999999999878
15220	8,5206	-0,65557	7,86524	-0,00021999999999878
15240	8,5206	-0,65557	7,86524	-0,65558
15260	7,86524	-0,65557	7,20988	-0,65558
15280	7,86524	-0,65557	7,20988	-0,00021999999999878
15300	7,86524	-0,65557	7,20988	-0,00021000000000271
15320	7,20987	-0,65556	7,20987	-0,00021000000000271
15340	7,20987	-0,65556	7,20988	0,65515
15360	9,17603	-0,00019000000000347	9,83143	-0,00019999999999953
15380	9,83141	-1,31091	9,17605	-0,65555000000001
15400	9,17604	-1,31091	9,17605	-0,65555000000001
15420	9,17604	-1,3109	8,52069	-0,65555000000001
15440	8,52068	-1,31091	8,52068	-0,00018999999999636
15460	7,86532	-1,31091	7,86533	-0,65555999999999
15480	8,52068	-1,31091	7,86532	-0,65555999999999
15500	7,86532	-1,31091	7,86533	-0,65555999999999
15520	7,86532	-1,31091	7,86533	-0,65557
15540	7,86532	-1,31091	7,86532	-0,65557
15560	7,86531	-1,31092	7,20996	-0,65557
15580	7,20995	-1,31092	7,20995	-0,65557
15600	7,86531	-1,31092	7,20995	-0,65557
15620	7,86531	-1,31092	7,20996	-0,65558
15640	7,86531	-1,31093	7,20996	-1,31094
15660	7,20995	-1,31094	7,20995	-1,31095
15680	6,55454	-0,65558	3,93301	-0,65559
15700	3,27768	-1,96629	3,27769	-1,31094
15720	3,27769	-1,31093	3,27769	-1,31094
15740	3,93304	-1,96629	3,27769	-1,31094
15760	3,27769	-1,96629	3,27769	-1,31094
15780	3,27768	-1,96629	3,27769	-1,9663
15800	3,27769	-2,62166	3,27769	-1,31094
15820	3,27768	-1,9663	3,27768	-1,96631
15840	3,27768	-1,96629	2,62232	-1,9663
15860	3,27768	-1,9663	2,62232	-1,96631
15880	2,62232	-2,62165	2,62232	-1,96631
15900	2,62232	-1,9663	2,62233	-1,96631
15920	2,62232	-2,62166	2,62233	-1,96631
15940	2,62232	-2,62166	2,62233	-1,96631
15960	2,62233	-2,62166	4,58847	-1,31094
15980	6,55463	-3,27701	5,89925	-2,62166
16000	5,89923	-3,277	5,24389	-3,27702
16020	5,89924	-3,27701	5,24388	-2,62166
16040	5,89924	-3,27701	4,58852	-3,27702
16060	5,24387	-3,93237	4,58852	-3,27702
16080	5,24388	-3,27701	4,58852	-3,27702
16100	4,58852	-3,27701	4,58852	-3,27702
16120	4,58851	-3,27701	4,58852	-3,27702
16140	4,58851	-3,93237	4,58852	-3,27702
16160	4,58852	-3,93237	4,58852	-3,27702
16180	5,24388	-3,93237	4,58853	-3,27702
16200	5,24388	-3,93237	5,24388	-3,27702
16220	5,24387	-3,93238	5,24387	-3,27702
16240	5,24387	-3,93237	5,24387	-3,27703
16260	3,93307	-3,27703	0,65618	-3,27704
16280	0,00086999999999904	-3,93238	0,65625	-3,27703
16300	0,65623	-3,93238	0,65624	-3,27703
16320	1,3116	-3,93238	1,31415	-3,93239
16340	1,3116	-4,58774	1,3116	-3,93239
16360	1,3116	-3,93238	1,3116	-3,93239
16380	1,96695	-3,93238	1,3116	-3,93239
16400	1,96695	-3,93238	1,96696	-3,27703
16420	1,96695	-3,93238	1,96696	-3,27703
16440	1,96695	-3,93238	1,96696	-3,27703
16460	1,96696	-3,93238	1,96696	-3,27704
16480	2,62231	-3,93238	1,96696	-3,27704
16500	2,62231	-3,93239	1,96696	-3,27704
16520	1,96695	-3,93238	1,96695	-3,27704
16540	2,62231	-3,93239	1,96695	-3,27704
16560	1,96695	-3,93239	1,96695	-3,27704
16580	2,62232	-3,93239	1,96696	-3,27704
16600	2,62232	-3,93239	1,96696	-3,27704
16620	1,96696	-3,93239	1,96696	-3,27705
16640	2,62232	-3,93239	1,96697	-3,27705
16660	2,62232	-3,93239	1,96697	-3,27704
16680	1,96696	-3,9324	1,96696	-3,27705
16700	2,62232	-3,9324	1,96696	-3,27705
16720	1,96697	-3,9324	1,96697	-3,27705
16740	1,96697	-3,9324	1,96697	-3,27706
16760	1,96697	-3,9324	1,96697	-3,27705
16780	1,96697	-3,27704	1,31162	-3,27705
16800	1,96697	-3,27704	1,96697	-3,27705
16820	1,96697	-3,9324	1,31161	-3,27706
16840	1,31161	-3,9324	1,31162	-3,27705
16860	1,31161	-3,9324	0,65625	-2,62169
16880	1,31161	-3,9324	1,31162	-3,27705
16900	1,31161	-3,9324	0,65626	-2,62169
16920	1,31162	-3,27705	0,65626	-3,27705
16940	1,31162	-3,27704	0,65626	-2,6217
16960	1,31162	-3,27704	1,31162	-2,6217
16980	1,96697	-3,27705	1,31161	-3,27706
17000	1,31161	-3,27705	1,31161	-2,6217
17020	1,3116	-3,27705	1,3116	-2,6217
17040	1,31159	-3,27705	1,3116	-2,62169
17060	1,3116	-2,62168	1,3116	-2,6217
17080	1,96696	-3,27705	1,3116	-2,6217
17100	1,96696	-3,27705	1,3116	-2,6217
17120	1,96696	-3,27705	1,3116	-1,96634
17140	3,27771	-2,62168	-55,7046	-3,27705
17160	5,24388	-3,9324	4,58849	-3,27704
17180	4,58849	-3,9324	4,5885	-3,27704
17200	5,24385	-3,27703	4,5885	-3,27704
17220	4,58849	-3,93239	4,5885	-3,27704
17240	4,5885	-3,9324	4,5885	-3,27705
17260	5,24385	-3,9324	4,5885	-3,27705
17280	5,24385	-3,27704	4,58849	-3,27704
17300	4,58848	-3,93239	4,58849	-3,27704
17320	4,58848	-3,27703	4,58848	-2,62169
17340	4,58849	-3,27704	4,58849	-2,62168
17360	5,24384	-3,27703	4,58849	-3,27704
17380	4,58848	-3,27704	4,58849	-2,62169
17400	4,58849	-3,27704	4,58849	-2,62169
17420	4,58849	-3,27704	3,93313	-2,62168
17440	4,58849	-3,27704	4,58849	-2,62169
17460	4,58848	-3,27704	4,58849	-2,62168
17480	4,58848	-2,62167	3,93312	-2,62168
17500	4,58849	-3,27703	3,93313	-2,62169
17520	4,58848	-2,62168	3,93313	-2,62169
17540	4,58849	-3,27704	3,93313	-2,62169
17560	4,58849	-3,27704	-55,70462	-2,62168
17580	4,58849	-3,27703	3,93568	-2,62169
17600	3,93313	-2,62168	3,93314	-2,62169
17620	4,58849	-3,27704	3,93314	-1,96633
17640	4,5885	-2,62168	3,93313	-1,96632
17660	3,93314	-2,62167	3,93314	-1,96632
17680	3,93314	-2,62168	3,93315	-1,96633
17700	4,58851	-2,62168	4,58851	-1,96633
17720	4,58851	-2,62167	3,93315	-1,31096
17740	4,58851	-2,62167	4,58852	-1,96632
17760	4,58851	-2,62167	4,58851	-1,96632
17780	4,5885	-1,96631	4,5885	-1,96632
17800	5,24386	-1,96631	5,24386	-1,31096
17820	5,24385	-1,96631	5,24385	-1,31096
17840	5,89921	-1,96631	5,89922	-1,31096
17860	5,89921	-1,96631	5,89922	-1,96633
17880	6,55458	-1,96631	6,55459	-1,96632
17900	6,55458	-1,96632	6,55459	-1,96633
17920	6,55458	-2,62168	6,55458	-1,96633
17940	6,55457	-1,96632	6,55457	-1,31097
17960	-55,70463	-1,96632	6,55457	-1,31097
17980	7,20993	-1,96632	7,20993	-1,31096
18000	7,86529	-1,96631	7,8653	-1,31096
18020	7,86529	-1,96632	7,8653	-1,31097
18040	7,86529	-1,96632	7,8653	-1,31097
18060	8,52065	-1,96632	7,86529	-1,31097
18080	8,52065	-1,96632	7,8653	-1,31097
18100	8,52065	-1,96632	7,86529	-1,31097
18120	8,52065	-1,96632	8,52066	-1,31097
18140	9,17601	-1,31096	8,52066	-1,31097
18160	8,52066	-1,96633	8,52066	-1,96634
18180	8,52065	-1,96633	8,52066	-1,96634
18200	8,52066	-1,96633	8,52066	-1,31098
18220	8,52066	-1,96633	8,52067	-1,31098
18240	8,52066	-1,96633	7,8653	-1,31098
18260	8,52066	-1,96634	7,86531	-1,31099
18280	7,86531	-1,96634	7,86531	-1,96635
18300	8,52067	-1,96634	7,86531	-1,31099
18320	7,86531	-2,6217	7,86531	-1,31099
18340	7,86531	-1,96634	7,20995	-1,96635
18360	7,86531	-1,96634	7,20995	-1,311
18380	7,86531	-2,6217	7,20995	-1,96635
18400	7,86531	-1,96635	7,20995	-1,311
18420	7,20995	-1,96634	7,20995	-1,31099
18440	7,20995	-1,96634	7,20996	-1,31099
18460	7,20995	-1,96634	7,20996	-1,31099
18480	7,86531	-1,96634	7,20995	-1,31099
18500	7,86531	-1,96634	7,20994	-1,311
18520	7,8653	-1,96634	7,8653	-1,31099
18540	7,86529	-1,96635	7,86529	-1,311
18560	8,52065	-1,31098	7,86529	-1,31099
18580	8,52065	-1,96634	7,86529	-1,311
18600	8,52065	-1,96635	8,52066	-1,311
18620	8,52065	-1,96635	8,52065	-1,311
18640	8,52065	-1,96634	7,86529	-1,311
18660	8,52065	-1,96635	8,52065	-1,311
18680	8,52064	-1,96634	8,52065	-0,65563
18700	8,52064	-1,31098	8,52065	-1,31099
18720	9,176	-1,96634	8,52065	-1,31099
18740	8,52064	-1,96634	8,52064	-1,311
18760	8,52064	-1,96634	8,52065	-1,31099
18780	9,17601	-1,96634	9,17601	-1,96635
18800	9,176	-2,6217	9,17601	-1,96635
18820	9,176	-1,96634	9,176	-1,31098
18840	9,83136	-2,62169	9,176	-1,96634
18860	9,83136	-1,96633	9,83136	-1,96634
18880	11,14212	-3,27705	12,45293	-5,24314
18900	13,1083	-5,24314	12,45291	-4,58778
18920	12,45291	-5,24313	12,45292	-4,58777
18940	12,45291	-5,24312	12,45292	-5,24313
18960	12,45291	-5,24312	12,45292	-4,58777
18980	12,45291	-5,24312	12,45292	-4,58776
19000	13,10828	-5,24311	13,10828	-4,58776
19020	13,10827	-5,24311	13,10828	-4,58775
19040	13,10828	-5,2431	13,10828	-4,58775
19060	13,10828	-5,2431	13,10828	-4,58775
19080	13,10828	-5,2431	13,10828	-4,58775
19100	13,10828	-5,2431	13,10828	-4,58775
19120	14,41905	-6,55382	22,93891	-7,2092
19140	25,56041	-7,86455	24,24966	-7,2092
19160	24,90501	-7,20918	24,24966	-7,20919
19180	24,24966	-7,20917	24,24966	-7,20918
19200	24,24966	-7,20917	23,59431	-7,20918
19220	24,24966	-7,20916	23,5943	-6,55381
19240	24,24966	-7,20916	24,24967	-6,55381
19260	24,90503	-7,20916	24,24967	-6,55381
19280	24,90503	-6,55379	24,90503	-6,55381
19300	24,90502	-6,55379	24,90502	-6,55381
19320	24,90501	-6,5538	24,90501	-5,2431
19340	25,56037	-5,89845	25,56037	-4,58774
19360	25,56036	-5,24309	24,90501	-4,58774
19380	25,56036	-5,24309	25,56037	-4,58774
19400	25,56037	-5,24309	25,56037	-4,58774
19420	26,21573	-5,24309	25,56037	-4,58774
19440	25,56037	-4,58772	25,56037	-4,58773
19460	25,56036	-4,58772	25,56036	-3,93237
19480	26,21572	-4,58772	25,56036	-4,58773
19500	26,21571	-4,58772	26,21572	-3,93237
19520	34,08011	-0,65555000000001	44,56602	0,65515
19540	45,87679	-0,00021000000000271	43,91069	-0,00021999999999878
19560	44,56604	-0,65557	44,56604	-0,00023000000000195
19580	45,2214	-0,00021999999999878	45,2214	0,65512
19600	45,22139	-0,00023000000000195	45,22138	0,65512
19620	45,87674	0,65513	45,22139	0,65512
19640	45,87674	-0,00021999999999878	46,53211	1,31048
19660	46,53211	0,65512	46,5321	1,31047
19680	47,18746	0,65511	46,53211	1,31046
19700	47,18747	0,6551	47,18747	1,31045
19720	47,84282	1,31046	47,84283	1,9658
19740	47,84282	1,31045	47,84282	1,9658
19760	48,49819	1,31045	47,84283	1,9658
19780	47,84283	1,31045	48,49819	1,9658
19800	48,49819	1,96581	48,49819	1,9658
19820	49,15354	1,96581	49,15355	2,62116
19840	49,15355	2,62118	49,15355	2,62117
19860	49,8089	2,62118	49,15355	2,62118
19880	49,8089	2,62118	49,80891	3,27654
19900	49,8089	2,62119	49,8089	3,27654
19920	50,46425	2,62119	50,46426	3,27655
19940	51,11961	2,6212	50,46426	3,27655
19960	51,11964	3,93193	51,11967	4,58729
19980	51,11966	3,93194	50,46429	3,93193
20000	51,11965	3,93195	51,11966	4,5873
20020	51,77501	3,93195	51,77501	3,93194
20040	52,43035	3,93196	52,43036	4,58731
20060	52,43035	3,93196	52,43035	4,58731
20080	52,43034	3,93196	52,43034	4,58731
20100	52,43034	3,93197	52,43034	4,58732
20120	53,0857	3,93197	53,0857	3,93196
20140	53,0857	3,93197	53,0857	4,58732
20160	53,0857	3,93198	51,77505	6,55342
20180	51,77508	6,55342	50,46436	7,20877
20200	50,46434	6,55343	50,46434	7,20878
20220	50,46434	6,55344	49,80898	7,20879
20240	50,46434	5,89808	49,80898	6,55343
20260	49,80897	6,55345	49,80897	7,2088
20280	49,80897	6,55345	49,80898	7,20879
20300	49,80897	6,55345	49,15361	7,2088
20320	49,80897	5,89809	49,15361	6,55343
20340	49,80896	6,55345	49,1536	6,55344
20360	49,1536	6,55345	49,1536	6,55344
20380	49,80896	6,55345	49,1536	6,55344
20400	49,80896	6,55345	49,1536	6,55345
20420	49,80896	6,55346	49,80896	7,20881
20440	49,80896	6,55346	49,80896	6,55345
20460	49,80895	6,55346	49,1536	6,55346
20480	49,80896	6,55347	49,1536	7,20882
20500	49,80895	6,55347	49,15614	7,20882
20520	49,1536	6,55347	49,15359	7,20882
20540	49,15359	5,89812	49,1536	7,20883
20560	49,15359	5,89812	49,15359	6,55347
20580	49,15359	6,55348	49,15359	7,20882
20600	49,15359	5,89812	48,49823	6,55347
20620	48,49823	6,55348	49,15359	6,55347
20640	49,15359	5,89812	48,49823	6,55347
20660	49,15359	5,89812	48,49824	6,55347
20680	49,15359	5,89812	48,49823	6,55347
20700	49,15358	5,89812	49,15359	5,89811
20720	49,80894	5,89812	49,15358	5,89811
20740	51,11958	1,96594	40,63353	-1,31096
20760	24,90449	-0,00033000000000527	21,62747	1,96572
20780	26,215	2,62114	26,21508	2,62116
20800	26,21506	1,96583	25,55971	2,6212
20820	25,55972	1,96587	24,90436	1,96587
20840	25,55971	1,31054	24,90436	1,31054
20860	24,90436	0,65521	24,249	1,31056
20880	24,90436	0,65522	24,24901	0,65522
20900	24,90436	-0,00012999999999863	24,24901	-0,00014000000000181
20920	24,90437	-1,31084	24,24901	-0,65549
20940	24,24901	-1,31084	24,24902	-1,31085
20960	24,24901	-1,96619	24,24902	-1,9662
20980	24,24902	-2,62155	24,24902	-1,9662
21000	24,24902	-2,62155	24,24902	-2,62156
21020	24,24902	-2,62155	23,59367	-2,62156
21040	24,24902	-3,27691	24,24903	-2,62156
21060	24,24903	-3,93227	23,59367	-3,27693
21080	23,59367	-3,93227	23,59368	-3,27693
21100	22,93831	-3,93228	22,93831	-3,27693
21120	22,93831	-3,93228	22,28296	-3,93229
21140	26,21501	1,3106	22,93797	5,89813
21160	13,76278	4,58745	11,14139	3,93211
21180	11,79678	3,27676	11,14141	3,9321
21200	11,79677	3,27676	11,14142	3,27675
21220	11,14142	2,6214	10,48606	3,27676
21240	10,48606	2,6214	10,48606	3,27676
21260	10,48606	2,62141	10,48606	2,62139
21280	10,48606	2,6214	9,8307	3,27675
21300	10,48605	1,96604	9,8307	2,62139
21320	10,48606	1,96604	9,8307	3,27675
21340	10,48606	2,6214	9,83071	3,27675
21360	9,8307	2,6214	9,17535	2,62139
21380	9,8307	2,6214	9,17535	2,62138
21400	9,8307	2,62139	9,17534	2,62139
21420	9,17534	2,62139	9,17535	3,27674
21440	9,17534	2,62138	9,17535	2,62137
21460	9,17534	2,62138	9,17534	3,27673
21480	9,17533	2,62137	9,17533	3,27672
21500	9,17533	2,62137	9,17533	3,27672
21520	9,83068	2,62137	9,17532	3,27671
21540	9,17531	1,96601	3,27696	-1,3108
21560	-1,96606	-4,58756	-3,9321	-5,89828
21580	-3,27671	-6,55363	-3,93207	-5,89829
21600	-3,27671	-6,55364	-3,27671	-5,89829
21620	-3,27671	-5,89828	-3,27671	-5,89829
21640	-3,27671	-5,89828	-3,27671	-5,24293
21660	-3,27672	-5,89829	-3,27671	-5,24293
21680	-3,27672	-5,89829	-3,93207	-5,24294
21700	-3,27672	-5,89829	-3,93208	-5,24294
21720	-3,27672	-5,89829	-3,93208	-5,24294
21740	-3,27672	-5,8983	-3,93208	-5,24295
21760	-3,27672	-5,8983	-3,93208	-5,24295
21780	-3,27672	-5,8983	-3,93209	-5,24296
21800	-3,93209	-5,89831	-3,93209	-4,5876
21820	-3,93209	-5,24295	-4,58745	-4,5876
21840	-3,93209	-5,24295	-4,58745	-4,5876
21860	-3,9321	-5,24295	-4,58745	-3,93225
21880	-3,9321	-5,24296	-4,58746	-4,58761
21900	-4,58746	-4,5876	-4,58745	-4,58761
21920	-4,58746	-4,5876	-5,24282	-4,58762
21940	-5,24283	-4,5876	-5,24282	-4,58762
21960	-5,24283	-4,58761	-5,24282	-3,93226
21980	-5,24283	-4,58761	-5,89818	-3,93226
22000	-5,89819	-4,58762	-6,55354	-3,93226
22020	-5,89819	-4,58762	-6,55355	-3,93227
22040	-5,89818	-4,58762	-6,55355	-4,58763
22060	-6,55355	-4,58762	-5,24283	-3,27689
22080	-4,58747	-3,27684	-4,58746	-2,62148
22100	-5,24281	-3,27682	-5,24282	-2,62148
22120	-4,58746	-3,27682	-5,24282	-1,96612
22140	-4,58747	-2,62146	-5,24281	-2,62148
22160	-5,24282	-2,62147	-5,24281	-1,96612
22180	-5,24282	-2,62147	-5,24281	-1,96612
22200	-4,58746	-2,62147	-5,24281	-1,96612
22220	-4,58745	-1,96611	-5,24281	-1,96612
22240	-5,24282	-1,96611	-5,24281	-1,31076
22260	-5,24281	-2,62147	-5,24281	-1,96612
22280	-5,24281	-1,96611	-5,89816	-1,96613
22300	-5,89817	-1,96611	-5,89817	-1,31077
22320	-5,89818	-1,96612	-5,89818	-1,31077
22340	-5,89819	-1,96612	-5,89819	-1,31077
22360	-5,8982	-1,96612	-6,55356	-1,96614
22380	-5,89821	-1,96613	-6,55356	-1,31078
22400	-5,8982	-1,96613	-6,55356	-1,96614
22420	-5,89821	-1,96613	-6,55356	-1,96614
22440	-5,89821	-1,96613	-5,8982	-1,31079
22460	-6,55357	-1,96614	-6,55356	-1,31079
22480	-6,55357	-2,6215	-6,55357	-1,96616
22500	-6,55357	-2,62151	-6,55357	-1,96616
22520	-6,55358	-2,62152	-6,55357	-1,96616
22540	-6,55358	-2,62152	-7,20893	-1,96618
22560	-5,89822	-2,62153	-7,20893	-1,96618
22580	-6,55358	-1,96618	-6,55357	-1,96619
22600	-6,55358	-2,62155	-6,55358	-1,96621
22620	-5,89821	-1,96621	-5,89821	-1,96623
22640	-5,89822	-2,62157	-6,55357	-1,96622
22660	-5,89822	-2,62156	-5,89821	-1,31085
22680	-5,24285	-1,9662	-5,24285	-1,96621
22700	-5,24284	-1,9662	-5,8982	-1,96621
22720	-5,24284	-1,9662	-5,24284	-1,96621
22740	-5,24284	-2,62156	-5,8982	-2,62159
22760	-9,175	-5,89845	-10,48571	-5,89848
22780	-9,17497	-6,55381	-9,17497	-5,24309
22800	-9,17498	-6,5538	-9,83033	-5,89845
22820	-9,17497	-6,5538	-9,83034	-5,89845
22840	-9,17497	-5,89844	-9,83033	-5,89845
22860	-9,83033	-6,55379	-9,83032	-5,89845
22880	-9,17497	-5,89843	-9,83032	-5,89844
22900	-9,17496	-6,55379	-9,17496	-5,24308
22920	-9,17497	-5,89843	-9,83032	-5,89845
22940	-9,17496	-5,89844	-9,83032	-5,89845
22960	-9,17496	-6,5538	-9,83031	-5,89845
22980	-9,17496	-5,89844	-9,83031	-5,24309
23000	-9,17495	-5,89845	-9,83031	-5,89846
23020	-9,17496	-5,89845	-9,17496	-5,89846
23040	-9,17497	-5,89846	-9,17497	-5,89846
23060	-9,17497	-5,89845	-9,17498	-5,89847
23080	-9,17498	-6,55382	-9,17497	-5,89847
23100	-9,17497	-5,89845	-7,20886	-4,58774
23120	-6,55348	-4,58773	-7,20885	-4,58775
23140	-6,55349	-5,24309	-6,55349	-4,58775
23160	-6,55349	-5,2431	-6,5535	-4,58775
23180	-6,55349	-5,2431	-6,55349	-4,58775
23200	-5,89814	-5,2431	-6,5535	-4,58775
23220	-5,89814	-5,2431	-6,5535	-4,58775
23240	-5,89814	-4,58774	-5,89814	-4,58775
23260	-5,89815	-4,58773	-5,89814	-4,58774
23280	-5,24278	-4,58774	-5,24278	-3,93239
23300	-4,58742	-4,58774	-4,58742	-3,93238
23320	-4,58742	-4,58774	-4,58741	-3,93238
23340	-3,93206	-4,58773	-3,93206	-3,93238
23360	-3,93206	-3,93237	-3,93206	-3,93238
23380	-1,96597	-1,96629	6,55383	-0,65558
23400	10,48609	-1,31094	11,14143	-1,31094
23420	10,48861	-1,96629	11,14142	-1,31094
23440	11,79678	-1,96628	11,14142	-1,31093
23460	11,79678	-1,96628	11,79678	-1,31093
23480	12,45214	-1,96628	11,79677	-1,31092
23500	12,45214	-1,31091	11,79678	-0,65555999999999
23520	12,45214	-1,31091	12,45214	-1,31091
23540	12,45214	-1,31091	13,1075	-1,31091
23560	13,1075	-1,3109	13,10751	-0,65554
23580	13,76286	-1,3109	13,10751	-0,65555000000001
23600	13,76286	-0,65554	13,76287	-0,65554
23620	13,76287	-1,31089	13,10751	-0,65554
23640	13,76287	-1,31089	13,76287	-0,65554
23660	13,76287	-0,65553	13,76287	-0,00018000000000029
23680	14,41823	-0,65552	13,76287	-0,00016999999999712
23700	14,41823	-0,65552	13,76288	-0,00016999999999712
23720	14,42079	-0,65552	14,41824	-0,00016999999999712
23740	14,41823	-0,65552	15,0736	-0,00016999999999712
23760	15,07359	-0,65552	15,07359	0,65519
23780	15,07359	-0,00016000000000105	15,07359	0,65519
23800	15,07358	-0,00016000000000105	15,07358	0,65519
23820	15,72894	-0,00015000000000498	15,07358	0,6552
23840	15,72894	-0,00016000000000105	15,72894	0,65519
23860	16,3843	-0,00016000000000105	15,72895	0,65519
23880	16,3843	-0,00016000000000105	16,38431	0,65519
23900	16,3843	-0,00016000000000105	15,72894	0,65519
23920	16,3843	-0,00016000000000105	15,72894	0,65519
23940	16,38429	-0,00016000000000105	15,72893	0,65519
23960	16,38429	-0,00016000000000105	16,38429	0,65518
23980	16,38429	0,6552	16,38429	0,65518
24000	16,38429	0,6552	16,38429	0,65518
24020	16,38429	-0,00017000000000422	16,38431	0,65518
24040	18,35044	-0,00017000000000422	18,35044	-0,00018000000000029
24060	18,35043	-0,00017000000000422	18,35042	0,65518
24080	18,35043	-0,00017000000000422	18,35043	0,65518
24100	18,35042	-0,00017000000000422	18,35042	0,65519
24120	18,35042	-0,00017000000000422	18,35042	0,65518
24140	18,35042	0,6552	18,35043	0,65518
24160	18,35042	0,6552	18,35042	0,65519
24180	18,35042	0,6552	18,35043	1,31054
24200	18,35042	0,6552	18,35043	1,31054
24220	18,35042	0,65519	17,69507	1,31055
24240	17,69506	0,65519	18,35044	1,96591
24260	19,66128	-0,00015000000000498	20,31669	-0,00016000000000105
24280	19,6613	-0,6555	19,00594	-0,00014999999999787
24300	19,00593	-1,31086	19,00595	-0,65550999999999
24320	19,00594	-0,6555	19,00595	-0,65552
24340	19,00594	-1,31087	18,35059	-0,65552
24360	19,00595	-1,31087	18,35059	-0,65552
24380	19,00595	-1,31087	18,35059	-0,65552
24400	18,35059	-1,31087	18,35059	-0,00016000000000105
24420	18,35059	-0,65551	18,35059	-0,00016000000000105
24440	18,35059	-0,00014000000000181	18,35059	-0,00016000000000105
24460	18,35059	-0,00015000000000498	18,35059	-0,00016000000000105
24480	18,35059	-0,00015000000000498	17,69527	-1,96624
24500	17,03999	-3,93232	17,69535	-3,27698
24520	17,69533	-3,93232	17,03997	-3,27697
24540	17,69532	-3,93232	17,69532	-3,27697
24560	17,69531	-3,93232	17,69531	-3,27697
24580	17,69531	-3,27696	17,69531	-3,27698
24600	17,69531	-3,27697	17,69531	-3,27698
24620	17,69531	-3,27697	17,03995	-2,62162
24640	17,69531	-3,27697	17,69531	-2,62162
24660	17,69531	-3,27697	17,69531	-2,62162
24680	17,6953	-3,27697	17,03994	-2,62162
24700	17,69529	-3,27697	17,03994	-2,62162
24720	17,69529	-3,27697	17,69529	-1,96526
24740	17,69529	-3,27697	17,03995	-2,62163
24760	17,04006	-4,5877	17,6955	-4,58772
24780	17,69548	-5,24307	17,69547	-4,58772
24800	17,69547	-5,24307	17,04011	-5,24308
24820	17,04011	-5,24307	17,0401	-5,24309
24840	17,0401	-5,24307	17,0401	-4,58772
24860	17,0401	-5,24307	16,38474	-4,58772
24880	17,0401	-5,24307	16,38474	-4,58772
24900	16,38474	-5,24307	16,38475	-4,58773
24920	16,38474	-5,24308	15,72938	-4,58773
24940	16,38474	-5,24308	15,72938	-4,58773
24960	15,72938	-5,24308	15,72938	-4,58773
24980	15,72938	-5,24308	15,72939	-4,58774
25000	15,72938	-5,24309	15,07402	-5,2431
25020	15,07402	-5,24309	14,41866	-5,2431
25040	15,07402	-5,24309	14,41867	-4,58775
25060	15,07402	-5,2431	14,41867	-4,58775
25080	14,41866	-5,2431	14,41867	-4,58775
25100	14,41866	-5,2431	13,7633	-4,58775
25120	13,76331	-5,24311	13,76331	-5,24312
25140	13,76331	-5,24311	13,10795	-4,58776
25160	13,76331	-5,89847	13,10795	-5,24312
25180	13,10795	-5,24311	13,10795	-5,24313
25200	13,7633	-5,24312	13,10794	-4,58777
25220	13,10794	-5,24312	13,10794	-4,58777
25240	13,10793	-5,24312	13,10793	-4,58778
25260	13,10792	-5,24313	12,45257	-4,58778
25280	13,10793	-5,24313	12,45257	-5,24314
25300	13,10792	-5,24314	12,45257	-5,24315
25320	13,10792	-5,8985	12,45258	-5,89852
25340	15,72952	-8,51998	19,66185	-9,83071
25360	19,66185	-10,48606	19,00647	-10,48607
25380	19,00647	-10,48606	19,00647	-10,48607
25400	19,00646	-10,48606	18,3511	-10,48608
25420	19,00646	-11,14143	18,3511	-10,48608
25440	18,3511	-11,14143	18,3511	-10,48608
25460	18,3511	-11,14143	18,3511	-10,48608
25480	18,35109	-11,14144	17,69573	-10,48609
25500	18,35109	-11,14144	18,35109	-10,48608
25520	18,35108	-11,14143	18,35108	-10,48609
25540	18,35108	-11,14144	17,69573	-10,48609
25560	18,35108	-10,48608	17,69573	-10,48609
25580	17,69573	-11,14144	17,69573	-9,83073
25600	18,35109	-11,14144	17,69573	-9,83073
25620	18,35109	-11,14144	17,69572	-10,48609
25640	17,69572	-10,48608	17,69573	-10,48609
25660	17,69573	-10,48608	17,69573	-9,83073
25680	17,69572	-10,48608	17,04037	-9,83073
25700	17,69572	-10,48608	17,69573	-10,48609
25720	17,69573	-10,48608	17,69576	-10,48608
25740	18,35117	-11,14142	17,6958	-10,48607
25760	17,69578	-11,14142	17,69579	-11,14142
25780	17,69579	-11,79678	17,69579	-11,14143
25800	17,69579	-11,14141	17,69579	-10,48607
25820	18,35115	-11,14141	17,6958	-11,14142
25840	18,35115	-11,14141	18,35115	-10,48606
25860	18,35115	-11,14141	18,35116	-9,8307
25880	18,35115	-10,48605	18,35116	-10,48606
25900	18,35115	-10,48605	17,6958	-10,48606
25920	18,35116	-10,48605	18,35116	-10,48606
25940	18,35115	-10,48604	18,35116	-10,48605
25960	19,00652	-10,48604	18,35116	-9,8307
25980	19,00651	-10,48604	19,00652	-9,8307
26000	19,00651	-9,83068	19,00651	-9,8307
26020	19,0065	-10,48604	20,31728	-10,48604
26040	22,28339	-11,14139	20,31729	-10,48604
26060	20,97264	-11,14138	20,97265	-10,48603
26080	20,97265	-11,14137	20,97266	-10,48603
26100	-55,70446	-11,14138	20,97266	-11,14139
26120	21,62802	-11,14138	20,97266	-11,14139
26140	21,62801	-11,14137	20,97265	-10,48603
26160	20,97265	-11,14138	20,31729	-10,48603
26180	20,97264	-11,14137	20,97264	-10,48602
26200	20,97264	-10,48601	20,31729	-10,48603
26220	20,97264	-11,14137	20,31729	-10,48602
26240	20,97264	-11,14138	20,31728	-10,48603
26260	20,97265	-11,14137	20,97265	-10,48603
26280	20,97264	-11,14138	20,97264	-10,48603
26300	20,97264	-11,14138	20,31728	-10,48603
26320	20,97264	-11,14138	25,56025	-11,14138
26340	26,87101	-12,45209	24,90491	-11,79674
26360	25,56026	-11,79673	25,56027	-11,79674
26380	25,56027	-12,45209	24,90491	-11,79674
26400	25,56027	-12,45209	24,90491	-11,79674
26420	25,56027	-12,45209	24,90491	-11,79674
26440	25,56027	-12,45209	24,90491	-11,79674
26460	24,9049	-11,79673	24,24955	-11,79674
26480	24,9049	-11,79673	24,24954	-11,79674
26500	24,24954	-11,79673	24,24955	-11,14138
26520	24,24954	-11,79673	24,24955	-11,14138
26540	24,24954	-11,79673	23,59419	-11,14138
26560	23,59418	-11,79672	23,59419	-11,14138
26580	24,24955	-11,79672	23,59419	-11,14138
26600	23,59419	-11,79673	23,59419	-11,14137
26620	23,59419	-11,79673	23,59419	-11,14138
26640	22,93883	-11,79672	22,93883	-11,14138
26660	22,93883	-11,79672	30,14791	-7,86459
26680	37,35702	-8,51994	36,70167	-7,86459
26700	36,04628	-9,1753	36,04629	-8,51995
26720	36,04629	-9,1753	36,04629	-8,51995
26740	36,04629	-8,51994	36,04629	-8,51996
26760	36,04629	-9,1753	35,39094	-8,51996
26780	36,04629	-8,51995	36,0463	-8,51996
26800	36,04629	-8,51995	36,0463	-7,8646
26820	36,0463	-8,51996	35,39094	-8,51997
26840	36,0463	-8,51996	36,0463	-7,8646
26860	36,0463	-8,51995	36,0463	-7,8646
26880	36,04629	-8,51995	36,04629	-7,8646
26900	36,04628	-8,51996	36,04628	-7,86461
26920	36,70164	-8,51996	36,04628	-7,8646
26940	36,70164	-7,86459	36,04629	-7,20925
26960	36,70165	-8,51995	36,04629	-7,86461
26980	36,70164	-8,51996	36,70165	-7,86461
27000	38,01237	-7,86459	37,35701	-7,20924
27020	38,01236	-7,86459	38,01236	-6,55388
27040	38,66772	-7,8646	38,66772	-6,55389
27060	39,97844	-6,55388	39,97844	-6,5539
27080	39,97843	-6,55389	40,6338	-5,89854
27100	41,94451	-6,55389	41,94451	-5,89854
27120	43,25523	-6,55389	43,25523	-5,89854
27140	43,91059	-5,89853	43,91058	-5,89855
27160	44,56594	-6,5539	44,56594	-5,24319
27180	45,2213	-5,89854	45,8767	-3,93248
27200	45,87683	-1,96639	45,22152	-1,96639
27220	44,56612	-1,96638	44,56612	-1,31103
27240	45,22149	-1,96639	45,22148	-1,31104
27260	45,22148	-1,96638	45,22148	-1,31104
27280	45,22148	-1,96638	45,22148	-1,31104
27300	45,87683	-1,31102	45,22147	-0,65567
27320	45,87683	-1,31101	46,53219	-0,65567
27340	46,53218	-1,31102	45,87683	-1,31102
27360	46,53218	-1,31102	45,87682	-1,31102
27380	46,53218	-1,31101	45,87682	-0,65566
27400	46,53218	-1,31101	45,87682	-0,65566
27420	46,5322	1,96581	47,1876	2,62116
27440	46,53222	1,96581	45,87686	2,62117
27460	-55,70394	1,96582	46,53222	2,62117
27480	46,53221	1,96583	46,53222	2,62118
27500	46,53222	2,62119	45,87686	2,62118
27520	46,53221	2,62119	46,53222	2,62119
27540	46,53221	2,62121	45,87686	3,27656
27560	46,53221	2,62121	46,53221	2,6212
27580	47,18756	2,62121	47,18756	2,62121
27600	47,18755	2,62122	47,18755	2,62121
27620	47,8429	2,62122	47,8429	2,62122
27640	47,84289	2,62123	47,8429	2,62123
27660	47,84289	2,62124	48,49826	3,27659
27680	48,49825	2,62125	48,49825	3,2766
27700	48,49825	2,62125	48,49825	2,62124
27720	49,15361	2,62126	48,49824	3,27661
27740	49,1536	2,62127	49,1536	3,27662
27760	49,80895	2,62128	49,15359	3,27663
27780	49,80894	2,62128	49,15359	3,27664
27800	50,4643	2,62129	49,80894	3,27664
27820	50,46429	2,62129	49,80894	3,27665
27840	50,46429	2,6213	50,4643	3,27665
27860	51,11965	2,62131	50,46429	3,27666
27880	51,11965	2,62131	50,46429	3,27666
27900	51,11964	2,62132	51,11964	3,27666
27920	51,11964	2,62132	51,11965	3,27667
27940	51,775	3,27669	51,11965	3,27668
27960	51,775	3,27669	51,775	3,27668
27980	51,775	3,27669	51,775	3,93204
28000	51,77499	3,2767	51,775	3,27669
28020	51,77499	3,2767	51,775	3,2767
28040	51,77499	2,62135	51,775	3,27762
28060	51,77499	2,62136	51,775	3,27671
28080	51,775	3,27672	51,11964	3,27671
28100	51,77499	3,27672	51,775	3,27672
28120	51,77499	3,27673	51,11964	3,93208
28140	51,11963	3,27674	51,11963	3,27673
28160	51,11963	3,27674	50,46428	3,27673
28180	51,11963	3,27675	51,11964	3,27674
28200	51,11963	3,27675	50,46428	3,27674
28220	51,11963	3,27676	51,11964	3,27674
28240	51,11963	2,6214	50,46428	3,27675
28260	51,11964	3,27676	50,46428	3,93211
28280	50,46428	3,27676	50,46428	3,27675
28300	52,43029	-0,65543	52,43001	-5,24303
28320	37,35633	-0,00021999999999878	35,39001	1,96585
28340	39,97742	3,93197	39,32212	5,24269
28360	39,32213	4,58735	38,66677	5,24271
28380	39,32214	5,24273	39,32215	5,24274
28400	39,32214	5,24276	39,32215	5,24276
28420	39,9775	4,58741	39,9775	5,24277
28440	40,63285	4,58742	40,63285	4,58742
28460	41,2882	3,93207	40,63285	4,58743
28480	40,63285	3,93208	41,28821	3,93208
28500	41,28821	3,27673	41,28821	3,93208
28520	41,94357	3,27674	41,28822	3,27674
28540	41,94357	3,27675	41,94357	3,27674
28560	41,94357	2,6214	41,94357	3,27674
28580	41,94357	2,6214	41,94357	3,27675
28600	41,94357	2,62141	41,94357	3,27676
28620	41,94356	2,6214	41,94357	2,62139
28640	41,94357	2,62141	41,94357	2,6214
28660	41,94357	1,96606	41,94357	2,6214
28680	41,94357	1,96606	41,28821	1,96604
28700	38,66665	1,96603	26,21467	1,31065
28720	18,35029	-1,96614	16,38424	-1,96613
28740	17,03961	-1,96611	16,38425	-1,96612
28760	17,03961	-2,62146	16,38426	-1,96612
28780	17,03961	-2,62146	16,38425	-2,62147
28800	17,03962	-2,62146	17,03962	-2,62146
28820	17,69497	-2,62146	17,03962	-1,9661
28840	17,03961	-2,62145	17,03962	-1,9661
28860	17,03962	-2,62145	16,38426	-1,9661
28880	17,03961	-2,62146	16,38426	-2,62146
28900	16,38425	-2,62145	15,7289	-1,96611
28920	16,38425	-2,62146	15,7289	-1,9661
28940	15,72889	-2,62146	15,72889	-1,9661
28960	15,72889	-2,62146	15,07353	-1,96611
28980	11,1413	-5,24292	8,51984	-5,89828
29000	9,17524	-6,55362	8,51988	-5,89827
29020	9,17523	-6,55362	8,51988	-5,89828
29040	8,51987	-6,55363	8,51988	-5,89828
29060	8,51988	-6,55363	8,51988	-5,89828
29080	8,51988	-5,89827	8,51988	-5,89828
29100	8,51988	-6,55363	7,86452	-5,89828
29120	8,51988	-6,55364	7,86452	-5,89828
29140	7,86452	-5,89828	7,20916	-5,89829
29160	7,86451	-6,55364	7,20916	-5,89829
29180	7,20915	-5,89828	7,20916	-5,89829
29200	7,20915	-5,89828	6,5538	-5,24294
29220	7,20915	-5,24293	6,55379	-5,24294
29240	6,5538	-5,89829	6,5538	-5,8983
29260	6,55379	-5,8983	6,55379	-5,24294
29280	6,55378	-6,55366	5,89842	-5,89831
29300	6,55377	-6,55366	6,55377	-5,89832
29320	6,55376	-5,89831	5,8984	-5,89832
29340	5,8984	-6,55367	5,24304	-5,89832
29360	6,55376	-5,89832	5,8984	-5,89833
29380	5,89839	-5,89832	5,24304	-5,24297
29400	5,89839	-6,55368	5,24303	-5,24298
29420	5,89839	-6,55368	5,24302	-5,24297
29440	5,24302	-5,89832	4,58765	-5,24297
29460	5,24301	-6,55368	4,58764	-5,24297
29480	4,58764	-5,89832	3,93228	-5,24297
29500	3,93227	-5,89833	3,27692	-5,89834
29520	3,93227	-6,55369	3,27691	-5,89834
29540	3,27691	-5,89834	3,27691	-5,89835
29560	3,27691	-6,5537	2,62155	-5,89835
29580	3,2769	-5,89835	1,96619	-5,89836
29600	2,62154	-6,55371	1,96618	-5,89836
29620	1,96618	-5,89835	1,31082	-5,24301
29640	4,58765	-3,27692	6,5538	-2,62158
29660	6,55378	-2,62158	5,89842	-1,96622
29680	6,55379	-2,62158	6,55379	-1,96623
29700	6,55379	-1,96623	6,5538	-1,96624
29720	6,55379	-1,96623	6,5538	-1,31089
29740	7,20916	-1,96625	6,55381	-1,3109
29760	6,55381	-1,96626	5,89845	-1,31091
29780	6,55381	-1,96626	5,89846	-1,31093
29800	5,89845	-1,31092	4,58773	-1,96629
29820	4,58773	-1,96629	4,58773	-1,31094
29840	3,93237	-2,62166	3,27701	-1,31094
29860	3,27701	-1,9663	2,62165	-1,96631
29880	2,62165	-2,62166	1,96629	-1,96632
29900	1,96629	-2,62167	1,96629	-1,96632
29920	1,96629	-2,62167	1,31094	-2,62169
29940	1,31093	-3,27704	0,65557	-2,6217
29960	0,65556	-3,27705	0,65556	-2,6217
29980	0,00019999999999953	-3,27706	0,00019999999999953	-2,62171
30000	0,00018999999999636	-3,27706	-0,65517	-3,27707
30020	0,00018999999999636	-3,27706	0,00018999999999636	-3,27708
30040	0,00018999999999636	-3,27707	0,00018999999999636	-2,62171
30060	0,00018999999999636	-3,27707	-0,65517	-3,27708
30080	0,00018999999999636	-3,93244	-0,65517	-3,27709
30100	0,00018999999999636	-3,93244	-0,65517	-3,93245
30120	-0,65518	-3,93244	-0,65517	-3,93246
30140	-0,65518	-3,93245	-1,31054	-3,93246
30160	-0,65518	-4,58781	-0,65517	-3,93246
30180	-0,65518	-3,93245	-0,65518	-3,93246
30200	-0,65518	-4,58781	-1,31054	-3,93246
30220	-0,65518	-4,58782	-0,65518	-3,93247
30240	-0,65519	-4,58782	-0,65518	-4,58783
30260	-0,65519	-5,24318	-0,65519	-4,58783
30280	-0,65519	-4,58782	-0,65519	-3,93247
30300	-0,65519	-5,24318	-0,65519	-3,93247
30320	-0,65519	-4,58782	-0,65518	-4,58783
30340	-0,65519	-5,24318	-0,65518	-4,58783
30360	-0,65519	-5,24318	-0,65518	-4,58783
30380	-0,65519	-5,24318	-1,31055	-4,58783
30400	-0,65519	-5,24318	-1,31054	-4,58784
30420	-0,65519	-5,24319	-1,31054	-4,58784
30440	-1,308	-5,24319	-1,31054	-4,58784
30460	-1,31055	-5,24319	-1,9659	-4,58784
30480	0,6556	-4,58783	1,31098	-4,58785
30500	0,6556	-5,24319	0,6556	-4,58783
30520	0,6556	-5,24319	0,6556	-4,58784
30540	0,6556	-5,24319	0,00023999999999802	-4,58784
30560	0,6556	-4,58783	0,00023999999999802	-4,58784
30580	0,00023999999999802	-5,24319	0,00025000000000119	-4,58784
30600	0,6556	-5,24319	0,0028000000000006	-4,58785
30620	0,00025000000000119	-5,2432	0,00025000000000119	-4,58785
30640	0,65561	-5,2432	0,00025000000000119	-4,58785
30660	0,00023999999999802	-5,2432	0,00025000000000119	-4,58785
30680	0,00025000000000119	-5,2432	-0,65511	-5,24321
30700	0,00025000000000119	-5,2432	-0,6551	-5,24321
30720	-0,65511	-5,2432	-0,65511	-4,58786
30740	-0,65511	-5,89856	-0,6551	-5,24322
30760	0,00025000000000119	-5,24321	-0,65511	-5,24206
30780	0,00025000000000119	-5,24321	0,00025000000000119	-5,24322
30800	0,6556	-5,24321	0,00025000000000119	-5,24322
30820	0,6556	-5,24322	1,31097	-4,58786
30840	5,89856	-5,24321	5,8986	-5,24322
30860	5,89857	-5,89857	6,55393	-5,24322
30880	6,55393	-5,24321	6,55393	-5,24322
30900	6,55393	-5,89858	6,55394	-5,24323
30920	7,20929	-5,89858	6,55394	-5,24323
30940	7,20929	-5,89858	6,55394	-5,24323
30960	6,55393	-5,89858	6,55393	-5,89859
30980	6,55392	-5,89858	6,55393	-5,89859
31000	6,55392	-5,89858	6,55393	-5,89859
31020	7,20929	-5,89858	6,55393	-5,89859
31040	6,55393	-6,55394	7,20929	-5,24323
31060	7,20928	-5,89858	6,55393	-5,24324
31080	6,55393	-6,55395	6,55393	-5,8986
31100	7,20928	-6,55395	7,20929	-5,8986
31120	7,20928	-6,55395	6,55393	-5,24324
31140	7,20928	-5,89859	6,55392	-5,8986
31160	7,20928	-5,89859	7,86465	-5,24324
31180	13,10766	-7,20931	13,76313	-7,86468
31200	13,10773	-7,86467	13,10772	-7,86468
31220	13,10772	-8,52002	13,10772	-7,86467
31240	13,10771	-7,86466	12,45235	-7,86467
31260	12,45235	-8,52002	12,45235	-7,86467
31280	12,45235	-8,52001	11,79699	-7,86467
31300	11,79699	-8,52002	11,79699	-7,86467
31320	12,45235	-7,86466	11,79699	-7,86466
31340	11,79699	-7,86465	11,79699	-7,86466
31360	11,79699	-8,52001	11,14163	-7,86467
31380	11,79699	-7,86466	11,14163	-7,86466
31400	11,14163	-8,52002	11,14163	-7,86466
31420	11,79699	-7,86466	11,14163	-7,2093
31440	11,14163	-8,52002	11,14164	-7,86467
31460	11,14163	-7,86466	11,14165	-7,20931
31480	11,14164	-7,86466	11,14165	-7,2093
31500	11,14165	-7,86466	10,4863	-7,86467
31520	11,14165	-7,86466	10,48629	-7,20931
31540	11,14165	-7,86465	10,48629	-7,20931
31560	11,14165	-7,86465	10,48629	-7,2093
31580	10,48629	-7,86465	10,48629	-7,2093
31600	10,48629	-7,86465	10,4863	-7,20931
31620	10,4863	-7,2093	9,83094	-7,20931
31640	10,4863	-7,86466	10,48631	-7,20931
31660	10,4863	-7,86466	10,48631	-7,20931
31680	10,4863	-7,86466	10,4863	-6,55395
31700	11,14165	-7,2093	11,14165	-7,20931
31720	11,797	-7,2093	11,14164	-6,55395
31740	11,79699	-7,20929	11,14164	-6,55395
31760	11,14163	-7,2093	11,14164	-7,20931
31780	11,797	-7,2093	11,14164	-7,20932
31800	11,797	-7,2093	11,14165	-6,55396
31820	11,797	-7,2093	11,797	-6,55396
31840	11,79699	-7,20931	11,14164	-6,55396
31860	11,79699	-7,20931	11,14163	-6,55396
31880	11,79699	-7,20931	11,14163	-6,55396
31900	11,79698	-7,20931	11,14163	-6,55397
31920	11,14163	-7,20932	11,14163	-6,55397
31940	11,79699	-7,20932	11,14164	-6,55397
31960	11,79699	-7,20932	11,14163	-7,20934
31980	11,79699	-7,20933	11,14163	-6,55398
32000	11,14163	-7,86469	11,14163	-7,20934
32020	11,14162	-7,20933	11,14163	-6,55398
32040	11,14162	-7,86469	11,14163	-7,20934
32060	11,79699	-7,20933	11,14163	-7,20934
32080	11,14163	-7,8647	11,14163	-7,20935
32100	11,14163	-7,20933	11,14163	-7,20934
32120	11,14163	-7,8647	11,14162	-7,20935
32140	11,79698	-7,20934	11,14163	-7,20935
32160	11,14162	-7,20934	11,14162	-7,20936
32180	11,14162	-7,8647	10,48627	-7,20936
32200	11,14163	-7,86471	10,48627	-7,20936
32220	11,14163	-7,86471	10,48627	-7,20936
32240	11,14162	-7,86471	10,48627	-7,20936
32260	11,14163	-7,86471	10,48627	-7,20936
32280	10,48627	-7,86472	10,48627	-7,20936
32300	11,14163	-7,86472	10,48627	-7,20937
32320	10,48627	-7,86472	9,83091	-7,20937
32340	10,48628	-7,86472	9,83092	-7,20937
32360	10,48627	-7,86472	9,83092	-7,20937
32380	10,48628	-7,86472	10,48628	-7,20938
32400	11,14163	-7,86473	10,48627	-7,20938
32420	11,14163	-7,86473	10,48629	-7,86475
32440	11,14168	-8,5201	10,48631	-7,86475
32460	10,4863	-8,52009	10,48631	-8,5201
32480	11,14167	-9,17546	10,48631	-8,52011
32500	10,48631	-9,17546	10,48632	-8,52011
32520	10,48631	-9,17546	11,14167	-8,52011
32540	11,14167	-9,17547	10,48631	-8,52012
32560	10,4863	-9,17546	10,4863	-8,52012
32580	11,14166	-9,17547	10,48631	-8,52012
32600	11,14166	-9,17548	11,14166	-8,52012
32620	11,14166	-9,17547	11,14167	-8,52012
32640	11,14166	-9,17548	11,14166	-8,52013
32660	11,79701	-9,17548	11,14166	-8,52014
32680	11,79702	-9,17548	11,14166	-8,52014
32700	11,79701	-9,17549	11,79702	-8,52014
32720	11,79701	-8,52013	11,79701	-8,52014
32740	11,79701	-8,52013	11,79701	-7,86478
32760	11,79702	-9,17549	11,14166	-8,52014
32780	11,79702	-8,52013	11,79702	-8,52014
32800	11,79702	-8,52013	11,79703	-7,86478
32820	12,45238	-9,17549	11,79703	-8,52014
32840	11,79702	-8,52013	11,79702	-7,86477
32860	12,45238	-8,52012	11,79703	-7,86478
32880	12,45238	-8,52012	11,79703	-7,86477
32900	12,45238	-8,52012	12,45239	-7,86477
32920	13,10775	-8,52012	12,45239	-7,86476
32940	12,45239	-8,52011	13,10776	-7,86476
32960	13,10775	-7,86476	12,4524	-7,86476
32980	13,10776	-8,52011	13,10777	-7,86476
33000	13,76312	-8,52011	13,10777	-7,86475
33020	13,76312	-8,52011	13,10776	-7,86475
33040	13,76312	-8,5201	13,76312	-7,86475
33060	13,76312	-8,5201	13,76312	-7,86475
33080	14,41848	-8,52009	13,76313	-7,86474
33100	14,41848	-7,86473	14,41848	-7,86474
33120	14,41848	-7,86473	14,41849	-7,20938
33140	14,41848	-7,86472	15,07384	-7,20938
33160	15,07384	-7,86473	15,7292	-7,20938
33180	16,38455	-7,86472	16,38455	-7,20937
33200	16,38455	-7,86472	16,38455	-7,20937
33220	16,38454	-7,86472	16,38454	-7,20937
33240	17,0399	-7,86471	17,03991	-7,20936
33260	17,0399	-7,20935	17,03991	-7,20936
33280	17,69527	-7,86471	17,69527	-7,20936
33300	17,69527	-7,86471	17,69527	-7,20936
33320	18,35062	-7,20935	18,35062	-7,20936
33340	19,00598	-7,86471	18,35062	-6,554
33360	19,00597	-7,20934	19,00597	-6,55399
33380	19,66134	-7,20934	19,66134	-6,55398
33400	19,66133	-6,55398	19,66134	-6,55399
33420	20,3167	-6,55398	19,66134	-6,55399
33440	20,3167	-7,20934	20,3167	-6,55399
33460	20,97206	-6,55398	20,97206	-6,55398
33480	21,62742	-6,55397	21,62742	-5,89862
33500	21,62741	-7,20933	22,28278	-6,55398
33520	22,28278	-6,55396	22,28278	-5,89862
33540	22,93813	-6,55396	22,93814	-5,89861
33560	22,93814	-6,55396	22,93814	-5,89861
33580	22,93814	-6,55396	23,59351	-5,8986
33600	23,5935	-6,55395	23,59351	-5,8986
33620	23,5935	-6,55395	23,59351	-5,8986
33640	23,5935	-6,55395	23,59351	-5,8986
33660	24,24887	-6,55394	24,24887	-5,8986
33680	24,24887	-5,89859	24,24887	-5,8986
33700	24,24887	-5,89859	23,59351	-5,8986
33720	24,24887	-5,89858	24,24887	-5,8986
33740	24,25142	-5,89858	24,24888	-5,89859
33760	24,24887	-5,89858	24,24887	-5,8986
33780	24,90423	-5,89859	24,24887	-5,8986
33800	24,90423	-5,89859	24,24888	-5,24324
33820	24,90423	-5,89859	24,24888	-5,24324
33840	24,24887	-5,89859	24,24888	-5,24324
33860	24,24888	-5,89859	24,24888	-5,24324
33880	24,24888	-5,89859	24,24889	-5,24324
33900	24,24888	-5,89859	23,59353	-5,24324
33920	24,24888	-5,89859	23,59352	-5,24324
33940	23,59352	-5,89859	23,59353	-5,24324
33960	23,59352	-5,8986	22,93817	-5,24325
33980	22,93817	-5,8986	22,93817	-5,24326
34000	23,59353	-5,89862	22,93817	-5,24327
34020	22,93817	-5,89862	22,93817	-5,24326
34040	23,59352	-5,89862	22,93816	-5,24327
34060	23,59351	-5,89862	23,59351	-5,24327
34080	23,5935	-5,89862	22,93815	-5,24327
34100	22,93814	-5,89862	22,93814	-5,24327
34120	22,93814	-5,89862	22,93815	-5,89863
34140	22,93815	-5,89863	22,28279	-5,24328
34160	22,28278	-5,89863	22,28279	-5,89865
34180	22,28278	-5,89865	21,62742	-5,24332
34200	22,28278	-5,89867	21,62742	-5,89868
34220	22,28277	-5,89867	21,62741	-5,24331
34240	22,28277	-5,89866	21,62741	-5,24331
34260	21,62741	-5,89865	21,62741	-5,89867
34280	20,97205	-6,55402	20,97206	-5,89867
34300	20,97205	-6,55402	20,97205	-5,89867
34320	20,97205	-5,89867	20,31669	-5,89868
34340	20,31668	-6,55403	20,31669	-5,89868
34360	20,31669	-6,55403	20,31669	-5,89868
34380	19,66132	-6,55403	19,66133	-5,89868
34400	19,66133	-6,55403	19,66388	-5,89867
34420	19,66133	-6,55402	19,66133	-5,89867
34440	19,66132	-6,55402	19,00597	-6,55403
34460	19,00596	-6,55401	19,00597	-5,89866
34480	19,00596	-6,55401	18,35061	-5,89866
34500	18,3506	-7,20937	17,69525	-6,55402
34520	18,35061	-7,20938	17,69525	-6,55402
34540	18,35061	-7,20938	17,69525	-6,55403
34560	17,03989	-7,20937	16,38453	-7,20939
34580	17,03989	-7,20937	17,03989	-7,20938
34600	17,03989	-7,20937	16,38454	-6,55402
34620	17,0399	-7,20937	16,38453	-7,20938
34640	17,03989	-7,20936	16,38454	-7,20938
34660	16,38454	-7,20937	16,38455	-6,554
34680	16,38711	-7,20934	15,7292	-7,20935
34700	15,72919	-7,20934	15,7292	-7,20935
34720	15,7292	-7,20933	15,07384	-6,55398
34740	15,7292	-7,20934	15,7292	-7,20935
34760	16,38455	-7,20934	15,72919	-7,20935
34780	16,38454	-7,20934	16,38454	-7,20936
34800	16,38454	-7,20935	15,72918	-7,20935
34820	16,38454	-7,8647	16,38454	-7,20936
34840	16,38454	-7,86471	16,38455	-7,20936
34860	16,38455	-7,86471	16,38455	-7,20936
34880	15,72918	-7,86472	15,72919	-7,20937
34900	15,72918	-7,86472	15,72918	-7,20936
34920	16,38454	-7,86472	15,72919	-7,20938
34940	15,72918	-7,86472	15,72918	-7,20937
34960	15,72918	-8,52008	15,07382	-7,86473
34980	15,72918	-7,86472	15,07383	-7,86473
35000	15,07382	-8,52009	15,07383	-7,86474
35020	15,07382	-8,52009	15,07382	-7,86474
35040	15,07382	-8,52009	14,41846	-7,86474
35060	15,07382	-8,5201	14,41846	-7,86474
35080	14,41846	-8,5201	14,41846	-7,86475
35100	14,41846	-8,5201	14,41846	-7,86475
35120	14,41847	-8,5201	13,76311	-7,86475
35140	14,41847	-8,5201	13,76311	-7,86476
35160	13,76311	-9,17546	13,76311	-7,86476
35180	13,7631	-8,5201	13,10775	-8,52012
35200	13,76317	-7,86475	14,4186	-8,52012
35220	14,41857	-8,52012	13,76321	-7,86476
35240	13,76321	-9,17547	13,10785	-8,52012
35260	13,76321	-9,17547	13,76321	-7,86476
35280	13,76321	-8,5201	13,76321	-7,86476
35300	13,10784	-9,17547	13,10785	-8,52012
35320	13,10785	-8,5201	13,10785	-8,52011
35340	13,10785	-8,5201	13,10785	-8,52011
35360	13,10785	-9,17546	12,45249	-8,52012
35380	12,45248	-9,17546	12,45249	-8,52011
35400	12,45249	-9,17547	12,45249	-8,52012
35420	12,45249	-9,17547	11,79713	-8,52012
35440	12,45249	-9,17547	11,79713	-8,52012
35460	12,45253	-8,52012	16,38484	-9,1755
35480	18,35096	-10,48621	17,04021	-9,83086
35500	17,0402	-10,4862	17,04021	-9,83086
35520	17,04021	-10,4862	16,38485	-9,83086
35540	17,0402	-10,4862	16,38485	-9,83086
35560	16,38485	-10,4862	15,72949	-10,48621
35580	16,38485	-10,4862	16,38485	-9,83085
35600	16,38484	-10,4862	16,38484	-10,48622
35620	16,38484	-10,48621	15,72948	-9,83086
35640	16,38483	-10,4862	15,72948	-10,48622
35660	15,72947	-10,4862	15,0741	-9,83085
35680	15,72946	-10,4862	15,07411	-9,83085
35700	15,73202	-10,4862	15,07412	-10,48621
35720	15,07412	-10,4862	15,07411	-9,83086
35740	15,07411	-10,48621	15,07412	-9,83086
35760	15,72947	-10,48621	14,41875	-9,83086
35780	15,07411	-10,48621	15,07412	-9,83086
35800	15,07411	-9,83085	15,07411	-9,83086
35820	15,07411	-10,48621	15,07412	-9,83086
35840	15,07411	-10,48621	15,07411	-9,1755
35860	15,07412	-9,83085	15,07412	-10,48623
35880	20,31709	-13,10765	22,28335	-15,72911
35900	22,28339	-16,38446	20,97263	-16,38447
35920	21,62799	-16,38446	20,97264	-16,38447
35940	21,62799	-16,38446	20,31727	-15,72912
35960	20,97263	-16,38447	20,97263	-16,38449
35980	20,97263	-16,38449	21,62799	-16,38451
36000	22,28335	-17,03988	21,628	-16,38454
36020	21,628	-16,38452	21,628	-16,38454
36040	22,28336	-17,03989	21,628	-16,38454
36060	22,28336	-17,0399	21,628	-16,38455
36080	22,28336	-17,0399	22,28336	-16,38456
36100	22,28335	-17,03992	21,628	-16,38456
36120	22,28336	-17,69528	22,28336	-17,03994
36140	22,93872	-17,69528	22,28337	-17,03994
36160	22,93872	-17,03993	22,93873	-17,03994
36180	22,93873	-17,03993	22,93873	-17,03994
36200	22,93873	-17,69529	22,93873	-16,38457
36220	22,93873	-17,03992	22,93874	-17,03993
36240	22,93873	-17,03991	22,93873	-16,38456
36260	23,59409	-17,0399	22,93874	-16,38455
36280	23,59409	-17,0399	23,59409	-16,38455
36300	24,24953	-18,35059	29,49259	-18,3506
36320	30,14797	-19,00595	28,83722	-18,35059
36340	29,49258	-19,00593	28,83723	-18,35058
36360	28,83722	-18,35057	28,83722	-18,35058
36380	29,49258	-19,00592	28,83722	-18,35057
36400	29,49257	-19,00592	29,49258	-17,69521
36420	30,14793	-18,35056	30,14792	-17,69521
36440	30,80328	-18,35056	30,80328	-17,6952
36460	30,80327	-18,35055	30,80327	-17,6952
36480	30,80327	-18,35054	30,80328	-17,69519
36500	31,45863	-18,35054	30,80328	-17,69519
36520	31,45863	-18,35054	31,45864	-17,69518
36540	31,45863	-18,35053	31,45863	-17,69518
36560	32,11399	-18,35053	31,45863	-17,69518
36580	32,11399	-18,35053	31,45862	-17,69517
36600	32,11398	-17,69516	31,45862	-17,03981
36620	32,11398	-17,69516	32,11398	-17,0398
36640	32,76934	-17,69515	32,11398	-17,0398
36660	32,11397	-17,69515	32,11398	-17,69516
36680	32,76933	-18,35051	32,11398	-17,69516
36700	32,76933	-17,69515	32,76933	-17,69516
36720	32,76933	-17,69515	32,11397	-17,0398
36740	32,76933	-17,69514	32,76933	-17,0398
36760	33,42469	-17,69514	32,76933	-17,03979
36780	33,42469	-17,69514	32,76934	-17,69515
36800	33,4247	-17,69514	32,76934	-17,03979
36820	33,42469	-17,69514	32,76934	-17,03979
36840	33,42469	-17,69514	33,4247	-17,03978
36860	32,76933	-17,69514	32,76933	-17,03978
36880	32,76933	-17,69513	32,76934	-17,03978
36900	33,42469	-17,69513	32,76934	-17,03978
36920	32,76933	-17,69513	32,11397	-17,69514
36940	32,76933	-18,3505	32,11398	-17,69514
36960	32,11397	-18,35049	32,11397	-17,69514
36980	32,11397	-18,3505	32,11397	-17,69514
37000	32,11397	-18,3505	31,45862	-17,69514
37020	32,11397	-18,35049	31,45861	-17,69514
37040	32,11397	-18,35049	31,45862	-17,69514
37060	31,45862	-18,3505	31,45861	-17,69515
37080	31,45861	-18,3505	31,45863	-17,69515
37100	32,7694	-18,3505	32,76942	-17,69515
37120	32,7694	-18,35049	32,11404	-17,69514
37140	32,76939	-18,3505	32,7694	-17,69514
37160	32,11403	-18,3505	32,11404	-17,69514
37180	32,76939	-18,3505	32,11404	-17,69515
37200	32,7694	-17,69514	32,11404	-17,69515
37220	32,7694	-18,3505	32,11404	-17,69515
37240	32,76939	-18,3505	32,76939	-17,69515
37260	32,76939	-18,35051	32,76939	-17,69515
37280	32,76939	-18,35051	32,76939	-17,69516
37300	32,76939	-18,35051	32,76939	-17,69516
37320	32,76939	-18,35051	32,11404	-17,69516
37340	32,76939	-18,35052	32,11403	-17,69517
37360	32,11403	-18,35051	32,11403	-18,35053
37380	32,11403	-18,35052	32,11403	-18,35053
37400	32,11403	-18,35052	32,11403	-17,69517
37420	32,11403	-18,35052	32,11403	-17,69517
37440	32,11403	-18,35052	31,45867	-18,35053
37460	32,11403	-18,35052	32,11403	-18,35053
37480	32,11403	-18,35052	31,45868	-18,35053
37500	32,11403	-18,35052	32,11404	-18,35053
37520	32,11403	-19,00588	31,45868	-18,35053
37540	32,11404	-18,35052	31,45868	-18,35053
37560	32,11403	-19,00588	31,45868	-18,35053
37580	32,11403	-18,35052	31,45868	-17,69517
37600	31,45868	-18,35052	31,45868	-18,35052
37620	31,45867	-18,35052	30,80332	-17,69516
37640	31,45868	-18,35052	30,80332	-18,35052
37660	31,45868	-18,35051	30,80332	-18,35052
37680	31,45868	-19,00587	31,45868	-18,35052
37700	31,45868	-19,00587	30,80332	-18,35052
37720	31,45868	-19,00587	30,80332	-18,35051
37740	30,80332	-18,3505	30,80332	-18,35051
37760	30,80332	-18,3505	30,14797	-18,3505
37780	30,14796	-18,35049	30,14797	-18,3505
37800	30,14797	-18,35049	30,14797	-18,3505
37820	30,80333	-18,35049	30,80333	-18,3505
37840	31,45869	-18,35049	30,80333	-18,3505
37860	31,45868	-18,35049	30,80332	-17,69513
37880	31,45867	-18,35048	30,80332	-18,35048
37900	30,80331	-18,35048	30,80331	-17,69513
37920	31,45868	-18,35048	31,45868	-17,69512
37940	30,80328	-20,31657	26,21556	-18,35058
37960	25,56011	-18,35059	26,21554	-17,69522
37980	26,8709	-18,35057	26,87089	-17,69522
38000	26,87089	-17,6952	26,87089	-17,69521
38020	26,87089	-18,35056	26,87089	-17,69521
38040	26,87089	-18,35056	26,21553	-17,6952
38060	26,87089	-18,35055	26,87089	-17,69521
38080	26,87089	-18,35055	26,87089	-17,6952
38100	26,87089	-18,35055	26,87089	-18,35056
38120	26,87089	-19,00591	26,8709	-17,69519
38140	26,87089	-18,35054	26,8709	-17,69519
38160	28,1816	-17,69518	27,52605	-11,79701
38180	15,72924	-11,79706	7,20929	-7,8649
38200	-1,31042	-9,17557	-1,96571	-9,17556
38220	-0,65499	-9,8309	-0,655	-9,17554
38240	-0,655	-9,17552	-1,31035	-9,17553
38260	-0,65499	-9,17551	-0,65499	-8,52015
38280	-0,655	-9,1755	-0,65499	-8,52014
38300	-0,655	-9,17548	-0,65499	-8,52012
38320	-0,65499	-9,17547	-0,65499	-8,52012
38340	0,00036999999999665	-9,17547	-0,65501	-8,52011
38360	-4,58732	-7,20936	-7,2088	-7,20934
38380	-6,55339	-8,52004	-5,89802	-7,86468
38400	-5,89803	-7,86466	-6,55338	-7,86468
38420	-5,89802	-8,52002	-5,89802	-7,86467
38440	-5,24266	-8,52002	-5,89802	-7,86466
38460	-5,24265	-8,52001	-5,24266	-7,86466
38480	-5,2401	-7,86464	-4,58729	-7,86466
38500	-4,5873	-8,52	-4,58729	-7,86466
38520	-4,58729	-7,86464	-4,58729	-7,86465
38540	-3,93193	-8,52	-3,93192	-7,20929
38560	-3,93193	-7,86464	-3,93193	-7,20929
38580	-3,93193	-7,86464	-3,93192	-7,20929
38600	-3,27656	-7,86463	-3,27656	-7,20928
38620	-3,27656	-7,86463	-1,31048	-6,55391
38640	0,00025999999999726	-7,20923	-0,65509	-6,55388
38660	-0,6551	-7,20923	-0,65509	-6,55388
38680	0,00027000000000044	-7,20922	-0,65509	-6,55387
38700	0,00027000000000044	-7,20922	0,00027000000000044	-6,55388
38720	0,65562	-7,20923	0,65562	-6,55388
38740	1,31097	-7,20923	0,65561	-7,20924
38760	1,31097	-7,20923	1,31097	-6,55388
38780	1,31097	-7,20923	1,31097	-6,55388
38800	1,96633	-7,20924	1,96633	-6,55388
38820	1,96633	-7,20923	1,96633	-6,55388
38840	1,96633	-7,20923	1,96633	-5,89852
38860	1,96632	-7,20923	1,96632	-6,55388
38880	2,62168	-6,55387	1,96632	-6,55388
38900	2,62167	-6,55387	1,96632	-6,55388
38920	2,62167	-6,55387	1,96631	-5,89852
38940	2,62167	-6,55387	1,96631	-5,89852
38960	1,9663	-6,55387	1,96631	-6,55389
38980	2,62166	-6,55388	1,96631	-5,89853
39000	2,62166	-6,55388	1,9663	-6,5539
39020	1,9663	-7,20924	1,9663	-6,55389
39040	1,9663	-6,55388	1,31093	-5,89854
39060	1,96629	-6,55389	1,9663	-5,89854
39080	1,9663	-6,5539	1,9663	-6,5539
39100	1,9663	-7,20926	1,31094	-5,89855
39120	1,31094	-7,20927	-1,31052	-6,55394
39140	-1,31051	-7,20928	-1,96587	-6,55393
39160	-1,31052	-7,20928	-1,96587	-6,55393
39180	-1,96588	-7,20929	-1,96587	-7,2093
39200	-1,31052	-7,20929	-2,62123	-7,2093
39220	-2,62124	-7,20929	-2,62123	-7,20931
39240	-2,62123	-7,2093	-2,62123	-7,20931
39260	-2,62124	-7,2093	-2,62124	-6,55396
39280	-2,62124	-7,86466	-3,2766	-6,55396
39300	-2,62124	-7,20931	-3,2766	-7,20932
39320	-3,2766	-7,20932	-3,93196	-7,20933
39340	-1,96584	-7,86468	4,58794	-7,20935
39360	7,86483	-7,8647	7,20945	-7,20935
39380	7,20944	-7,8647	7,20945	-7,86471
39400	7,20944	-8,52006	7,20944	-7,86471
39420	7,86479	-7,86471	7,20943	-7,86472
39440	7,86478	-8,52007	7,20943	-7,86472
39460	7,86478	-7,86472	7,20942	-7,86473
39480	7,20942	-8,52008	7,20942	-8,52009
39500	7,20942	-8,52009	7,20942	-7,86474
39520	7,20942	-8,52009	6,55407	-8,52011
39540	7,20942	-8,5201	6,55406	-8,52012
39560	7,20941	-9,17547	6,55406	-8,52012
39580	6,55405	-9,17548	6,55405	-8,52012
39600	6,55405	-9,17547	6,55406	-8,52013
39620	6,55405	-9,17549	5,89869	-8,52013
39640	6,55405	-9,17549	5,24333	-8,52014
39660	5,89869	-9,1755	5,24333	-9,17551
39680	5,89869	-9,1755	5,24332	-9,17552
39700	5,24332	-9,17551	4,58797	-9,17551
39720	5,24332	-9,17551	4,58796	-9,17552
39740	5,24332	-9,17551	4,58796	-9,17552
39760	4,58795	-9,17551	4,58796	-9,17553
39780	5,24332	-9,83088	4,58796	-9,17553
39800	5,24332	-9,83088	4,58796	-9,17553
39820	5,24332	-9,83088	4,58796	-9,17553
39840	4,58796	-9,83089	4,58796	-9,17554
39860	3,9326	-9,83089	3,9326	-9,17554
39880	4,58796	-9,83089	3,9326	-9,17554
39900	3,9326	-9,8309	3,9326	-9,17555
39920	3,9326	-9,8309	3,9326	-9,17555
39940	3,9326	-9,83091	3,9326	-9,83092
39960	5,24334	-9,83091	6,55415	-10,48628
39980	6,55416	-11,14164	6,55415	-10,48629
