T	LX	LY	RX	RY
0	0	0	0	0
20	0,65535	-1,0000000003174E-5	-1,0000000003174E-5	-0,65535
40	0,65535	0	-1,0000000003174E-5	0
60	0,65535	0,65535	-1,0000000003174E-5	0
80	-9,9999999960687E-6	-1,0000000003174E-5	-0,65537	0,65536
100	-9,9999999960687E-6	0,65536	-0,65537	0,65536
120	-9,9999999960687E-6	0,65536	0	0,65537
140	0	0,65535	-1,31073	0,65536
160	-0,65537	0,65535	-1,96608	1,31072
180	-1,31073	0,65535	-1,96609	0,65536
200	-1,31073	1,31072	-1,96608	1,31072
220	1,0000000003174E-5	1,96607	5,24296	4,58754
240	7,20909	6,55363	5,243	7,20899
260	5,89836	7,20899	5,243	7,20899
280	5,89836	7,20898	4,58764	6,55363
300	5,24299	6,55362	4,58764	6,55442
320	5,243	7,20898	4,58764	7,20899
340	4,58764	7,20898	3,93228	7,20899
360	-0,65528	8,51971	-7,20894	9,17509
380	-6,55358	9,83045	-6,55356	9,83045
400	-5,8982	10,4858	-7,20892	10,48582
420	-6,55356	11,14117	-7,20892	10,48581
440	-7,20892	11,14116	-7,86427	10,48581
460	-6,55356	11,14116	-7,86427	10,48581
480	-7,86427	11,14116	-8,51963	10,48581
500	-7,86428	11,14117	-9,17499	10,48581
520	-8,51963	10,4858	-9,17499	9,83044
540	-9,17499	9,83043	-9,83035	9,83044
560	-9,175	9,17508	-9,83036	9,17508
580	-9,17501	8,51972	-9,17502	8,51973
600	-8,51967	7,86435	-9,17503	7,209
620	-8,51968	7,20899	-9,17505	7,209
640	-7,86434	6,55363	-9,17506	5,89828
660	-8,5197	5,89827	-9,83043	5,24292
680	-9,17507	5,89827	-9,83043	5,24292
700	-9,17508	5,89827	-3,27676	6,55362
720	1,9662	7,20898	0,00012000000000256	7,20898
740	-0,65525	7,86434	-0,65525	7,20899
760	-0,65525	7,86434	-1,96597	7,86435
780	-1,31061	7,86434	-2,62133	7,86435
800	-2,62134	8,51971	-3,27669	7,86435
820	-2,62134	7,86434	-3,2767	7,86435
840	-3,2767	8,5197	-3,93206	8,51971
860	-3,2767	8,5197	-3,93206	8,5197
880	-3,2767	8,5197	-3,93206	8,5197
900	-3,2767	8,5197	-4,58742	8,51971
920	-3,2767	7,86434	-4,58742	7,86434
940	-3,93205	8,5197	-4,58741	7,86434
960	0,65552	8,51969	3,27701	8,5197
980	3,27702	8,51968	2,62165	9,17505
1000	3,27702	9,17505	2,62166	9,17505
1020	2,62166	9,17504	2,62166	9,17505
1040	2,62167	9,17504	1,96631	9,17505
1060	2,62167	9,17504	1,96631	8,51969
1080	1,96631	9,17504	1,31095	9,17505
1100	1,96631	9,17504	1,31096	9,17505
1120	1,31096	9,17504	0,6556	9,17505
1140	1,31096	9,17503	0,6556	9,17505
1160	1,31096	9,17504	0,6556	9,17505
1180	1,31097	9,17505	1,31096	8,51969
1200	2,62168	8,51969	1,96631	7,86433
1220	3,27703	7,20896	2,62167	7,20897
1240	3,27702	7,20896	2,62165	6,5536
1260	3,27701	7,20897	2,62165	6,55361
1280	2,62164	7,20897	1,96629	7,20898
1300	3,27701	7,20897	1,96629	7,20898
1320	2,62165	7,20897	2,62166	7,20898
1340	7,20922	7,86433	8,51998	7,20898
1360	7,86461	7,86432	7,20925	7,86434
1380	7,20925	7,86433	7,20925	7,86434
1400	7,20925	7,86433	6,55389	8,5197
1420	6,55389	8,5197	5,89853	7,86434
1440	6,55389	8,51969	5,89853	8,5197
1460	6,55389	8,51969	5,89853	8,5197
1480	5,89853	8,51969	5,89853	8,5197
1500	6,55389	8,51969	5,89853	8,5197
1520	6,55389	8,51969	5,89853	8,5197
1540	5,89853	8,51969	5,24317	8,5197
1560	5,89853	8,51969	8,51999	9,17505
1580	25,55957	10,48576	30,8026	9,8304
1600	28,18113	11,1411	26,21503	11,14112
1620	27,52575	11,1411	26,87039	10,48575
1640	27,52575	11,14109	26,87039	10,48574
1660	27,52575	11,14109	26,87039	10,48574
1680	27,52574	10,48573	26,87039	10,48573
1700	26,87039	10,48573	26,87038	10,48573
1720	27,52574	10,48573	26,21502	10,48574
1740	26,87037	10,48573	26,87037	10,48573
1760	27,52573	10,48573	26,87037	9,83037
1780	26,87038	9,83036	26,87037	9,83037
1800	27,52574	9,83036	26,87037	9,83037
1820	27,52573	9,83036	26,87037	9,83036
1840	28,18108	9,17499	28,18108	8,51964
1860	29,4918	8,51963	29,49179	8,51964
1880	30,80251	7,86427	30,14714	7,20892
1900	31,45786	7,86427	30,8025	7,86428
1920	31,45785	7,86427	30,80249	7,20892
1940	31,45786	7,86427	31,45785	7,86428
1960	32,11321	7,86427	31,45785	7,86428
1980	32,11321	7,86427	31,45785	7,86428
2000	32,11322	7,20891	31,45786	7,20892
2020	32,11322	7,20891	34,07931	7,20892
2040	44,56522	9,83037	47,84212	10,48574
2060	47,18675	11,14109	46,53138	11,1411
2080	47,18674	11,1411	46,53137	11,1411
2100	47,18674	11,1411	46,53137	11,1411
2120	47,18673	11,1411	46,53138	10,48574
2140	47,18674	10,48573	47,18673	9,83038
2160	47,18673	9,83037	46,53136	9,83038
2180	47,18673	9,83036	46,53136	9,83038
2200	47,18672	9,83037	46,53137	9,17502
2220	47,18672	9,83037	46,53137	9,83037
2240	47,18672	9,83037	46,53137	9,17501
2260	47,18673	9,83036	46,53137	9,17501
2280	47,18673	9,175	46,53137	9,175
2300	47,18673	9,83036	46,53138	9,17501
2320	46,53137	9,175	45,87601	9,175
2340	46,53137	9,175	45,22065	9,175
2360	45,87601	8,51964	45,22065	8,51965
2380	45,22065	8,51964	44,56529	8,51964
2400	45,22065	8,51964	43,25457	8,51964
2420	44,56529	8,51964	43,25457	8,51964
2440	43,90993	8,51964	42,59921	8,51964
2460	43,25458	8,51963	42,59922	8,51964
2480	42,59922	8,51963	41,94386	8,51964
2500	41,94386	7,86428	41,94386	7,86429
2520	43,25459	7,86428	43,25458	7,20892
2540	43,90993	7,20891	43,90993	7,20892
2560	44,56529	7,20891	44,56528	6,55356
2580	44,56528	6,55356	44,56528	6,55356
2600	45,22065	6,55356	43,90992	6,55356
2620	43,90993	7,20892	43,25457	6,55356
2640	43,90993	7,20892	43,25457	6,55357
2660	43,90993	6,55356	43,25457	6,55356
2680	43,25457	6,55355	42,59921	5,8982
2700	43,25457	6,55355	42,59921	5,8982
2720	43,25457	6,55355	42,59921	5,8982
2740	42,59921	6,55355	41,28849	6,55356
2760	44,56532	7,20892	45,87608	7,20893
2780	45,87607	7,20891	45,22071	7,20892
2800	45,22071	7,20892	44,56535	7,20893
2820	45,87607	7,20891	44,56535	6,55356
2840	45,87607	6,55355	45,22071	6,55356
2860	45,87607	5,89819	45,22072	5,89819
2880	46,53144	5,89819	45,22071	5,8982
2900	-43,25289	5,89819	45,22072	5,89819
2920	45,87608	5,89819	44,56536	5,8982
2940	45,87608	5,89818	44,56537	5,8982
2960	45,22072	5,89818	44,56536	5,89819
2980	45,22072	5,89819	47,84221	6,55356
3000	49,15295	6,55355	47,84223	6,55355
3020	47,84222	7,20891	47,18686	7,20892
3040	47,84222	6,55355	47,18686	6,55356
3060	47,84222	6,55355	47,18685	6,55356
3080	47,18685	6,55355	46,5315	6,55356
3100	47,18685	6,55355	46,5315	6,55355
3120	47,18684	6,55354	45,87613	5,89819
3140	47,18685	5,89818	45,87613	5,89819
3160	46,53148	5,89818	45,87613	5,24283
3180	46,53148	5,24282	45,87613	5,24282
3200	46,53149	4,58745	46,53148	3,9321
3220	47,18683	3,93209	47,84219	3,27674
3240	48,49755	3,27672	55,70657	3,27672
3260	67,50324	3,27671	67,50326	2,62135
3280	66,19251	3,2767	65,53715	2,62135
3300	66,84786	3,2767	66,1925	3,27671
3320	66,84786	2,62134	66,84786	2,62134
3340	66,84786	2,62133	66,84787	1,96598
3360	68,15859	1,96597	67,50323	1,96597
3380	68,81394	1,96597	68,15859	1,31061
3400	69,46931	1,3106	68,15859	0,65525
3420	69,46932	1,3106	68,81395	0,65524
3440	69,46931	1,3106	68,81395	0,65524
3460	69,46931	0,65524	68,81395	0,65524
3480	69,46931	1,31059	68,81396	0,65524
3500	69,46931	0,65523	68,81395	0,65524
3520	69,46931	0,65523	68,81395	0,65524
3540	69,46931	0,65523	68,81395	0,65524
3560	69,46931	1,31059	68,81396	1,3106
3580	70,12467	1,31059	69,46932	1,3106
3600	69,46932	1,96595	68,81396	1,3106
3620	70,12468	1,96595	69,46932	1,96596
3640	69,46932	1,96595	68,81396	1,96596
3660	69,46932	1,96595	68,1586	1,96596
3680	69,46932	1,96595	68,1586	1,96596
3700	68,81396	2,62131	67,50324	2,62133
3720	68,1586	2,62131	68,1586	2,62132
3740	68,1586	2,62131	67,50324	2,62132
3760	68,1586	2,62131	66,84788	3,27668
3780	68,1586	3,27667	67,50324	2,62132
3800	68,1586	3,27667	66,84788	3,27668
3820	68,81397	3,93204	70,7801	5,24278
3840	71,43549	5,24277	70,12475	5,24278
3860	70,78011	5,89814	70,78011	5,89814
3880	71,43547	5,89813	71,43547	5,89814
3900	72,09082	5,89813	72,74618	5,89814
3920	73,40153	5,89813	72,74617	5,89814
3940	73,40152	5,24277	72,74615	5,24278
3960	73,40151	5,89813	72,74616	5,89815
3980	73,40151	6,5535	72,09079	5,89815
4000	73,40151	6,55349	72,09079	6,5535
4020	72,74615	6,5535	72,09079	6,5535
4040	72,09079	7,20885	71,43543	6,5535
4060	72,09079	6,5535	71,43542	6,55351
4080	71,43542	7,20886	70,12469	7,20886
4100	70,12469	6,5535	69,46933	7,20887
4120	69,46933	7,86423	68,81396	7,20887
4140	69,46932	7,20887	68,1586	7,20887
4160	68,81396	7,20886	68,1586	7,20888
4180	68,1586	7,20887	67,50324	7,20888
4200	67,50324	7,20887	68,1586	7,20888
4220	74,05693	8,5196	74,71233	9,17497
4240	74,05696	9,17496	72,74623	9,17497
4260	73,40159	9,83032	72,74624	9,17497
4280	73,4016	9,83032	72,74624	9,83033
4300	72,74624	10,48568	72,09088	10,48569
4320	73,4016	10,48568	72,09087	11,14105
4340	72,74624	10,48568	72,09087	11,14105
4360	72,09087	11,14105	71,4355	11,14106
4380	71,4355	11,79642	70,12476	12,4518
4400	70,78011	12,4518	69,46938	12,45182
4420	76,6784	13,76254	88,47509	14,41792
4440	91,75194	14,41791	88,47513	15,07328
4460	88,47512	15,07328	89,13048	14,41792
4480	90,4412	14,41791	90,4412	13,76256
4500	91,75191	13,76255	91,75191	13,10719
4520	93,06263	13,76254	92,40726	13,76255
4540	93,71799	13,76254	92,40726	13,10719
4560	93,71797	13,10718	93,06261	13,10718
4580	93,71798	13,76254	93,06261	13,10718
4600	93,71797	13,10717	93,06262	13,10718
4620	93,71798	13,10717	93,71798	13,10718
4640	94,37335	13,10716	93,06263	12,45181
4660	93,71798	12,4518	93,71799	13,10716
4680	93,71798	12,45179	93,06263	12,45179
4700	93,71799	13,10715	93,06263	12,4518
4720	93,06262	12,45179	92,40727	11,79644
4740	93,71799	12,45179	91,75191	11,79644
4760	93,06263	12,45179	92,40727	11,14107
4780	93,71799	11,79642	93,06263	11,14106
4800	93,06264	11,79641	93,06264	11,14105
4820	93,718	11,14105	93,06264	11,14106
4840	93,718	11,14105	90,44117	11,14106
4860	87,81969	11,79642	87,16434	11,14107
4880	87,81971	11,79641	87,16435	11,79642
4900	87,8197	11,79642	87,8197	11,79642
4920	88,47507	11,79641	87,81971	11,79642
4940	88,47507	11,79641	87,81971	11,14106
4960	87,81971	11,14105	87,16435	11,14106
4980	87,81971	11,79641	86,50898	11,14106
5000	87,16434	11,79641	86,50899	11,79642
5020	86,50899	11,79642	85,85363	11,79642
5040	86,50898	11,79642	85,85362	11,79642
5060	86,50899	11,79642	85,85362	11,79642
5080	86,50899	11,79641	85,85362	11,14106
5100	87,81969	11,14106	87,16433	11,14106
5120	89,1304	11,14105	88,47504	11,14106
5140	89,13039	10,48569	88,47503	10,4857
5160	89,78574	10,48569	89,13038	10,4857
5180	89,78574	10,48569	89,13037	10,4857
5200	89,78573	10,48569	89,13037	10,4857
5220	89,78573	10,48569	89,13037	10,4857
5240	-43,25235	10,48569	89,78573	9,83034
5260	90,44109	10,48569	89,78573	9,83033
5280	90,44109	10,48568	89,78573	9,83033
5300	90,44109	9,83032	89,78573	9,83032
5320	90,44109	9,83031	89,78573	9,17496
5340	90,44108	9,17495	89,78573	8,5196
5360	90,44109	9,17495	89,78573	8,5196
5380	90,44109	8,51958	89,78572	8,51959
5400	90,44108	8,51959	89,78572	7,86423
5420	90,44108	7,86423	89,78572	7,86423
5440	90,44108	7,86423	89,13036	7,86424
5460	90,44107	7,86422	89,13035	7,86423
5480	89,78571	7,86423	89,13036	7,86423
5500	89,78571	7,86423	89,13035	7,86423
5520	89,78571	8,51959	89,13035	7,86423
5540	89,78571	7,86422	88,47499	7,86423
5560	89,13035	7,86422	88,475	7,20887
5580	89,13035	7,86422	88,47499	7,20886
5600	91,75182	7,20886	95,02868	7,20887
5620	94,37332	7,20886	93,71795	7,86422
5640	94,37331	8,51959	94,37332	8,51959
5660	95,02868	9,17495	95,02868	9,83031
5680	95,68405	10,48566	95,68404	10,48567
5700	96,99477	11,14102	96,33941	11,7964
5720	96,99477	12,45175	96,33941	11,7964
5740	96,99477	11,79639	96,99477	11,14104
5760	98,96084	11,14103	98,96083	11,14103
5780	99,61619	11,14103	98,96082	10,48568
5800	100,27154	10,48567	98,96082	10,48568
5820	99,61618	11,14103	98,96081	9,83032
5840	99,61617	9,83031	98,96082	9,83032
5860	99,61617	9,83031	98,96081	9,83032
5880	99,61617	10,48568	98,30545	9,83032
5900	99,61617	9,83031	98,96081	9,83032
5920	98,96081	10,48568	98,30545	9,83033
5940	98,9608	9,83031	98,30544	9,83032
5960	98,9608	10,48568	98,30544	11,14104
5980	98,30544	11,14104	97,65008	11,14105
6000	98,30544	11,14104	97,65007	10,48569
6020	98,9608	10,48568	98,30543	10,48568
6040	98,9608	9,83031	98,30543	9,83032
6060	98,96079	9,83031	98,30543	9,17496
6080	98,30543	9,17495	98,30543	9,17495
6100	98,30543	9,83031	97,65007	9,83032
6120	98,96079	9,83031	98,30543	9,83032
6140	98,30543	9,83031	98,30543	9,17495
6160	98,96079	9,17494	98,30543	9,17495
6180	98,96079	9,17494	98,96079	8,51959
6200	99,61616	8,51958	95,0286	7,86423
6220	71,43536	7,2089	38,66696	7,86431
6240	17,6952	8,51972	9,17544	9,83046
6260	10,48618	11,79653	11,14155	13,10726
6280	11,7969	13,76261	11,14154	14,41798
6300	12,45225	15,07333	12,45226	15,07334
6320	13,10762	15,72869	12,45226	15,72869
6340	13,76298	16,38404	13,10762	16,38405
6360	13,76298	16,38403	13,10762	15,72868
6380	14,41834	16,38403	13,76299	15,72868
6400	14,41835	15,72867	14,41835	15,07332
6420	15,72907	15,07331	16,38443	15,07331
6440	17,03979	14,41795	17,03979	13,76259
6460	18,35051	13,76258	7,20928	13,10726
6480	-7,20882	12,4519	-17,69468	13,10729
6500	-20,31615	13,76266	-19,66077	13,76266
6520	-18,35004	14,41801	-19,00541	13,76265
6540	-17,69468	14,418	-18,35004	13,76265
6560	-17,03932	13,76264	-17,03931	13,76264
6580	-16,38395	13,76263	-16,38394	13,76264
6600	-15,72858	13,76263	-15,72858	13,76264
6620	-15,07322	13,76263	-19,66078	15,07339
6640	-25,55907	17,03948	-26,86979	16,38412
6660	-24,9037	16,38412	-24,9037	17,03948
6680	-24,9037	17,03947	-24,90369	16,38412
6700	-23,59297	16,38411	-24,24833	15,72875
6720	-23,59297	15,72874	-23,59296	15,07339
6740	-22,28225	15,07338	-22,9376	15,07338
6760	-22,28224	15,07337	-22,9376	15,07339
6780	-21,62688	15,07337	-22,9376	14,41802
6800	-21,62687	14,41801	-22,28223	14,41802
6820	-21,62687	14,41801	-22,28224	14,41802
6840	-21,62688	14,41801	-22,28224	14,41802
6860	-21,62688	14,41801	-22,28224	13,76266
6880	-21,62687	13,76265	-22,28224	13,76266
6900	-21,62688	13,76265	-22,9376	13,76265
6920	-22,28224	13,10729	-22,9376	13,1073
6940	-22,28224	13,10729	-22,9376	13,76266
6960	-24,90371	13,10729	-28,18053	13,76266
6980	-26,86981	13,76265	-27,52516	13,76266
7000	-26,8698	13,76265	-28,18052	13,1073
7020	-27,52516	13,76265	-28,18052	13,1073
7040	-27,52516	13,10729	-27,52517	12,45194
7060	-26,21445	12,45192	-26,86982	11,79657
7080	-26,21446	11,1412	-26,21447	11,14121
7100	-25,55911	11,79656	-26,21447	11,14121
7120	-26,21448	11,1412	-26,86984	10,48585
7140	-26,86984	11,1412	-27,5252	11,14121
7160	-27,52521	10,48585	-28,18057	10,48585
7180	-28,83593	11,14121	-29,49129	10,48586
7200	-28,83593	10,48584	-30,14665	10,48585
7220	-26,21447	11,1412	-15,72856	11,1412
7240	-11,79633	10,48582	-14,41779	11,14119
7260	-14,4178	11,14119	-15,07316	11,1412
7280	-14,4178	11,14119	-15,72852	10,48583
7300	-15,07317	10,48582	-15,72853	11,14119
7320	-15,07317	10,48582	-15,72854	9,83046
7340	-15,07318	9,83046	-15,72854	9,83047
7360	-15,72855	9,83046	-16,38391	9,1751
7380	-15,72855	9,17509	-16,38392	8,51974
7400	-15,72856	9,17509	-17,03928	8,51974
7420	-16,38392	8,51973	-17,03928	8,51974
7440	-16,38392	8,51973	-17,03928	8,51974
7460	-16,38392	8,51973	-17,69464	8,51973
7480	-17,03928	7,86437	-17,69464	7,86437
7500	-17,03928	7,86437	-17,69464	7,86437
7520	-17,69464	7,86436	-19,00536	7,86437
7540	-18,35	7,86436	-19,00535	7,20901
7560	-19,00536	7,86436	-19,66071	7,209
7580	-18,34999	7,209	-19,66072	7,209
7600	-19,00535	7,209	-20,31607	7,209
7620	-19,66071	7,86436	-17,6946	8,51974
7640	-17,03922	8,51972	-18,34995	8,51973
7660	-17,6946	8,51973	-18,34997	7,86438
7680	-17,03925	7,86437	-17,69462	7,20902
7700	-16,3839	7,86437	-17,03926	7,20902
7720	-15,72855	7,209	-17,03928	6,55366
7740	-16,38392	7,209	-16,38393	7,20901
7760	-15,72856	7,20901	-16,38393	6,55366
7780	-15,72856	6,55364	-16,38392	6,55366
7800	-15,72857	6,55365	-16,38392	5,89829
7820	-16,38392	6,55364	-16,38393	5,89829
7840	-15,72857	6,55364	-16,38393	6,55365
7860	-15,72857	6,55364	-16,38393	6,55365
7880	-15,72857	6,55365	-16,38393	7,20901
7900	-16,38393	7,20901	-17,03929	7,20902
7920	-15,72857	7,20901	-17,03929	6,55366
7940	-15,72857	7,20901	-16,38393	7,20901
7960	-15,72857	7,209	-16,38393	7,20901
7980	-15,72857	7,86436	-15,72858	7,86438
8000	-15,72858	8,51973	-15,72858	8,5205
8020	-15,72858	9,17509	-16,38394	9,1751
8040	-15,72858	9,83046	-16,38394	9,83046
8060	-15,72858	11,14118	-16,38395	11,14119
8080	-15,72859	11,79654	-16,38395	12,45191
8100	-15,72859	13,10727	-16,38395	13,10728
8120	-16,38395	13,76263	-16,38395	13,76264
8140	-15,7286	14,41799	-16,38395	15,07336
8160	-16,38395	15,07335	-17,03932	15,07337
8180	-16,38396	15,72872	-17,69468	15,72872
8200	-16,38396	16,38408	-17,03932	16,38409
8220	-17,03932	16,38408	-17,69469	16,38409
8240	-17,03933	17,03945	-17,69468	17,03945
8260	-16,38397	17,03944	-17,69468	17,03945
8280	-17,03933	17,03945	-15,07323	17,69482
8300	-9,8303	19,00553	-11,14101	19,00553
8320	-11,14103	19,66088	-11,14104	19,6609
8340	-9,83032	20,31625	-10,48568	20,31625
8360	-9,83032	19,66089	-10,48314	19,6609
8380	-9,83033	20,31625	-10,48569	20,31626
8400	-9,83034	20,97162	-10,48569	20,97163
8420	-9,83033	20,97162	-9,83033	20,97163
8440	-9,83033	20,97162	-10,48569	20,97162
8460	-9,83033	20,97162	-10,48569	20,31626
8480	-9,83033	20,31625	-9,83033	20,31626
8500	-9,83033	20,31626	-10,48569	20,31627
8520	-9,83033	20,31626	-10,48569	20,31627
8540	-9,83033	20,31626	-10,48569	19,6609
8560	-9,17497	19,66089	-9,83033	19,66162
8580	-9,17497	19,00553	-9,83033	18,35018
8600	-9,17497	18,35016	-9,83033	17,69481
8620	-9,17497	17,69481	-9,83032	17,03945
8640	-9,17497	17,03944	-9,83033	17,03944
8660	-9,17496	17,03944	-9,83032	16,38408
8680	-9,83033	16,38408	-10,48569	16,38408
8700	-9,83033	15,72871	-10,48569	15,72872
8720	-10,48569	15,72871	-11,14105	15,0741
8740	-11,14106	15,07335	-11,14105	15,72872
8760	1,31092	17,69479	10,48615	18,35018
8780	10,48616	18,35015	7,20934	19,00553
8800	7,8647	19,00553	7,8647	18,35017
8820	8,52006	19,00552	7,20934	18,35016
8840	7,8647	18,35015	7,20934	17,69554
8860	7,20934	17,69479	7,20934	17,03943
8880	7,20933	17,03942	6,55397	16,38406
8900	7,20933	16,38406	6,55397	16,38406
8920	7,20933	15,72869	6,55397	15,7287
8940	7,20933	15,72868	6,55397	15,07333
8960	7,20933	15,07332	6,55397	14,41797
8980	7,8647	14,41795	7,86469	13,7626
9000	8,52005	13,76259	8,52004	12,45266
9020	10,48612	12,45186	9,83076	12,45187
9040	10,48611	11,7965	10,48611	11,14115
9060	10,4861	11,14114	9,83074	11,14114
9080	11,14146	11,14114	9,83074	11,14115
9100	10,4861	11,14114	9,83074	10,48579
9120	10,4861	10,48578	9,83074	10,48578
9140	11,14146	10,48577	9,83075	9,83042
9160	10,48611	10,48577	9,83075	9,83042
9180	10,48611	9,83041	8,52001	9,83042
9200	7,20926	9,83041	7,20927	9,83042
9220	7,86464	9,83042	7,20928	9,83042
9240	7,86464	9,83041	7,20928	9,83042
9260	7,86464	9,83041	7,20928	9,83042
9280	7,86465	9,83041	7,86465	9,83041
9300	8,52001	9,17504	7,86464	9,17506
9320	8,52001	9,17505	7,86465	9,17505
9340	8,52001	9,17505	7,86465	9,83042
9360	8,52001	9,8304	7,86465	9,17505
9380	8,52001	9,83041	7,86465	9,17506
9400	7,86465	9,17505	7,86466	9,17506
9420	8,52002	9,83041	7,86466	9,17506
9440	8,52002	9,17505	7,2093	9,17506
9460	8,52003	8,51969	7,2093	8,51969
9480	7,86466	8,51969	8,52003	8,51969
9500	19,66129	9,17504	26,21502	8,51967
9520	28,18113	8,51965	26,8704	9,17503
9540	27,52576	8,51967	27,52576	8,51967
9560	28,18113	8,51966	27,52577	8,51967
9580	28,18113	8,51966	27,52577	8,51967
9600	28,18113	8,51966	27,52577	8,51967
9620	27,52576	8,51966	26,87041	8,51967
9640	27,52577	8,51966	26,8704	7,86431
9660	27,52576	7,8643	27,52576	7,86431
9680	28,18112	7,8643	28,18111	7,8643
9700	29,49182	7,8643	29,49182	7,20895
9720	30,14717	7,20894	29,49181	7,20895
9740	30,14717	7,8643	30,14717	7,20895
9760	30,14717	7,8643	30,14717	7,20894
9780	30,80254	7,20894	30,14718	7,20894
9800	31,45791	7,20893	36,04549	7,86431
9820	38,01161	7,8643	36,70088	8,51967
9840	37,35625	9,17502	36,70089	8,51967
9860	37,35625	8,51966	36,70089	8,51966
9880	37,35625	8,51966	36,70089	8,51967
9900	37,35483	8,51966	36,70089	7,86431
9920	37,35625	7,8643	37,35625	7,86432
9940	37,3588	7,8643	36,70089	7,86431
9960	37,35625	7,8643	36,70089	7,20895
9980	37,35625	7,20894	36,70089	7,20895
10000	36,70089	7,20894	36,70089	7,20895
10020	36,70089	7,20894	36,04553	7,20895
10040	36,04552	7,20894	35,39016	6,55359
10060	35,39017	7,20894	34,7348	6,55359
10080	35,39016	6,55358	34,7348	6,55359
10100	35,39017	6,55359	34,73481	6,55359
10120	34,73481	6,55358	34,07945	6,55359
10140	34,73481	6,55358	34,07945	6,55358
10160	34,07946	5,89821	33,42409	5,89822
10180	34,07946	5,89822	36,04557	6,55358
10200	37,35631	6,55358	36,04559	6,55357
10220	36,70095	6,55357	36,04559	6,55358
10240	36,70095	6,55357	36,04559	6,55358
10260	36,70095	6,55357	36,04559	6,55358
10280	36,70095	5,89821	36,70095	5,24286
10300	37,3563	5,8982	37,3563	4,58749
10320	38,66701	4,58749	38,01165	4,58749
10340	38,667	4,58748	38,01163	3,93213
10360	38,66699	4,58749	38,01163	4,5875
10380	38,66699	5,24285	38,01163	4,5875
10400	38,66699	5,89822	38,01164	5,89822
10420	38,667	6,55358	38,01164	6,55359
10440	38,01165	7,20894	37,35628	7,20895
10460	38,01164	8,51966	37,35628	7,86431
10480	38,01164	7,86431	36,70092	7,86432
10500	36,70092	8,51967	36,04556	8,51968
10520	38,01165	9,83039	40,63314	9,83041
10540	40,63315	10,48576	39,97779	11,14113
10560	39,97778	11,79649	39,32242	11,7965
10580	39,32242	12,45185	39,32242	12,45186
10600	39,97779	12,45185	38,66707	12,45186
10620	39,32242	12,45185	38,0117	12,45186
10640	38,66707	13,10722	38,01171	13,10723
10660	38,66707	13,10722	37,35635	13,10723
10680	38,01171	13,76258	36,70099	13,10723
10700	38,01171	13,76259	36,70099	13,7626
10720	37,35635	13,76258	36,701	13,76259
10740	37,35636	13,76258	36,701	13,76259
10760	37,35636	13,76258	36,04565	13,76259
10780	37,35638	14,41794	36,70102	13,76258
10800	36,70102	13,76257	36,70102	13,76258
10820	36,70102	13,10722	36,04566	13,10722
10840	36,70102	13,10721	36,04567	13,76258
10860	36,70103	13,10721	36,04567	12,45186
10880	37,35639	12,45185	37,35639	11,79649
10900	38,01174	11,79648	43,91003	11,14113
10920	55,05131	11,14112	57,67281	11,14112
10940	57,01743	11,79647	56,36206	11,14113
10960	57,67278	11,14112	57,01742	11,14113
10980	57,67277	11,14112	57,01741	11,14113
11000	57,67277	11,14111	57,01741	10,48576
11020	58,32813	11,14111	57,67278	10,48576
11040	58,32813	10,48575	57,67277	9,8304
11060	58,32813	9,83039	57,67277	9,83039
11080	57,67276	9,83038	57,01741	9,83039
11100	57,0174	9,83038	56,36204	9,17503
11120	56,36204	9,17502	56,36204	9,17503
11140	57,0174	9,17502	55,70668	8,51966
11160	56,36203	9,17502	55,70668	8,51966
11180	56,36204	8,51965	55,70668	7,86429
11200	60,29425	8,51964	59,63891	7,86429
11220	58,98355	8,51964	58,98354	7,86429
11240	58,98355	8,51964	58,32819	8,51965
11260	58,98356	8,51964	58,32819	8,51964
11280	58,32821	7,86427	57,67285	7,86428
11300	57,67287	8,51963	57,01751	8,51964
11320	57,67289	8,51963	57,6729	8,51964
11340	58,32827	8,51963	58,32829	9,17499
11360	58,98366	9,83035	58,32831	9,83036
11380	60,29441	9,83034	59,63906	9,83035
11400	60,9498	10,4857	60,29445	10,48571
11420	60,94981	10,4857	60,29446	10,48571
11440	60,94983	10,4857	59,63911	10,48571
11460	60,29446	11,14107	58,32838	10,48572
11480	58,98374	10,48572	58,32836	9,83037
11500	58,32835	9,83037	58,32834	9,83038
11520	58,9837	9,83037	58,32833	9,83038
11540	58,32833	9,83037	58,32833	9,83038
11560	58,98369	9,83037	58,32833	10,48574
11580	59,63906	10,48573	58,9837	10,48574
11600	59,63907	10,48573	58,98371	9,83037
11620	58,9837	10,48573	59,63906	10,48574
11640	67,50348	11,14109	74,05721	11,1411
11660	74,71257	11,14108	72,74647	11,14109
11680	73,40182	11,14109	72,74646	10,48573
11700	72,74645	10,48572	72,09109	10,48573
11720	72,74644	10,48572	72,74644	9,83037
11740	73,4018	10,48572	74,05717	10,48572
11760	74,71253	10,48572	74,71254	10,48572
11780	76,02326	10,48571	75,3679	9,83036
11800	76,67863	9,83035	76,02327	9,83036
11820	76,67863	10,48571	76,67863	10,48572
11840	76,67863	9,83035	76,02327	9,83036
11860	77,33398	9,83036	76,02327	9,83036
11880	76,67862	9,83035	76,02326	9,83036
11900	76,02325	9,83035	75,36789	9,175
11920	76,02326	9,83035	75,3679	9,17499
11940	76,67862	9,83035	76,02326	9,175
11960	76,67862	9,83035	76,02326	9,17499
11980	76,67862	9,83034	76,02326	9,83035
12000	76,02326	9,83034	75,3679	9,83035
12020	76,02326	9,83034	74,71253	9,83035
12040	74,71253	9,83034	74,05717	9,17498
12060	74,05716	9,17498	74,05716	9,17499
12080	74,05715	9,17498	74,05715	8,51963
12100	74,7125	8,51962	75,36785	8,51962
12120	76,02321	8,51961	75,36784	8,51962
12140	76,02319	7,86425	76,02319	7,86426
12160	76,67854	7,86426	76,02317	7,86427
12180	76,67854	7,86426	76,02317	7,86427
12200	76,67852	7,86426	76,02317	7,86426
12220	76,67852	7,86425	76,67853	7,86427
12240	77,33389	7,86425	76,67852	7,2089
12260	76,67852	7,20889	76,67851	7,2089
12280	77,33388	7,20889	76,67851	6,55354
12300	77,33387	7,20889	76,67851	7,2089
12320	77,33386	7,20889	76,02315	7,2089
12340	77,33387	7,20889	76,67851	7,2089
12360	77,33386	7,20889	77,33387	7,2089
12380	77,98923	7,20889	77,33387	7,20889
12400	77,98923	7,20889	77,98923	7,20889
12420	78,64459	7,86424	77,98923	7,86425
12440	79,29995	7,86425	78,64459	7,86425
12460	79,29995	7,86424	78,64459	7,86425
12480	79,29995	8,51961	77,98923	7,86425
12500	79,29995	7,86424	78,64459	7,86425
12520	79,29995	7,86424	82,5768	7,86425
12540	84,54292	8,51961	82,57683	8,51961
12560	83,23218	8,51961	82,57682	8,51962
12580	83,23219	8,51961	82,57682	8,51962
12600	82,57682	8,51961	81,92146	8,51961
12620	81,92146	8,5196	80,61074	7,86425
12640	81,26609	7,86425	80,61074	7,20889
12660	80,61074	7,20889	79,95537	7,20889
12680	79,95537	7,20889	79,30001	7,2089
12700	79,30001	6,55353	78,64466	6,55354
12720	79,95537	6,55353	79,30001	5,89817
12740	80,61073	5,89816	80,61073	5,24281
12760	81,26608	5,89817	80,61073	5,2428
12780	81,92144	5,2428	81,92145	5,24281
12800	82,57681	5,2428	81,92145	5,24281
12820	82,57681	5,2428	81,92145	5,2428
12840	82,57681	5,2428	82,57682	5,2428
12860	83,23219	5,2428	83,23219	4,58744
12880	83,88755	5,24279	83,23219	4,58743
12900	83,88755	5,24279	83,2322	4,58744
12920	84,54291	4,58743	83,88755	4,58743
12940	83,88756	5,24279	83,88755	4,58743
12960	83,88755	4,58743	83,88755	4,58743
12980	83,88755	4,58743	83,88755	4,58744
13000	84,54291	5,24278	87,1644	4,58744
13020	89,1305	5,2428	87,16441	5,2428
13040	87,81977	5,89816	87,16441	5,24281
13060	87,81977	6,55352	87,81977	5,89817
13080	87,81977	6,55353	87,16441	6,55353
13100	87,16441	6,55353	87,16441	6,55353
13120	87,16441	6,55352	86,50905	6,55353
13140	86,50904	6,55352	85,85369	6,55354
13160	86,50905	6,55352	85,85369	5,89817
13180	86,50905	5,24279	86,50905	3,93208
13200	87,81977	2,62134	87,81978	-0,00010999999999939
13220	89,78586	-1,96621	89,78586	-2,62157
13240	91,09659	-3,27693	91,0966	-3,27693
13260	91,75197	-3,9323	91,75197	-3,93229
13280	92,40733	-3,27694	76,02317	-3,93226
13300	39,32259	-4,58759	7,20957	-5,89828
13320	-5,2424	-5,24291	-3,93166	-2,62146
13340	-1,3102	-0,65539	-0,65485	0,65533
13360	0,00052000000000163	1,96605	0,65588	2,62142
13380	1,31125	3,93213	1,96661	3,93214
13400	3,27734	4,58749	3,27733	4,5875
13420	5,24341	5,24285	5,24596	4,5875
13440	6,55413	5,24284	7,20948	5,89821
13460	8,5202	5,8982	7,86484	5,89821
13480	8,5202	7,20893	7,86484	6,55357
13500	9,17556	7,20893	7,20946	8,51967
13520	-5,89787	11,79652	-17,03909	14,41799
13540	-20,97129	16,38409	-21,62664	17,69482
13560	-20,31591	20,31625	-20,3159	21,62697
13580	-19,66054	21,62697	-19,00518	21,62697
13600	-18,34982	22,93769	-19,00518	22,28233
13620	-18,34982	22,93769	-18,34982	22,28233
13640	-17,69446	22,93768	-18,34982	22,28233
13660	-17,69447	22,93768	-18,34983	22,28232
13680	-17,69447	22,93768	-17,69447	22,28232
13700	-17,03911	22,93767	-17,69447	22,28232
13720	-16,38375	22,93768	-17,69447	22,28232
13740	-16,38374	22,93768	-16,38374	22,93769
13760	-15,72838	22,93768	-15,72837	23,59305
13780	-14,41765	23,59304	-15,07301	24,24841
13800	-14,41765	23,59304	-16,38373	23,59305
13820	-24,9035	22,9377	-30,80181	22,28235
13840	-30,14645	22,93771	-30,14643	22,93771
13860	-29,49108	22,28234	-30,14643	22,9377
13880	-29,49107	22,9377	-29,49107	22,28234
13900	-29,49107	22,28233	-29,49106	22,28234
13920	-28,83571	22,28233	-29,49107	22,28234
13940	-28,18034	22,28233	-29,49106	21,62697
13960	-28,18034	22,28232	-28,8357	21,62697
13980	-27,52498	22,28232	-28,8357	21,62697
14000	-27,52498	21,62696	-28,8357	21,62696
14020	-28,18035	21,62695	-28,8357	20,97161
14040	-28,83571	20,97159	-28,83571	20,9716
14060	-28,18035	20,9716	-28,83571	20,31624
14080	-27,525	20,31623	-27,525	19,66088
14100	-26,21428	19,66087	-26,21429	19,00552
14120	-24,90357	19,00551	-25,55893	19,00551
14140	-24,24821	19,00551	-24,90357	18,35015
14160	-23,59285	19,0055	-24,24821	18,35015
14180	-23,59285	18,35014	-24,24821	18,35015
14200	-23,59285	17,69478	-23,59284	18,35015
14220	-22,93748	18,35014	-23,59284	18,35014
14240	-22,93748	18,35013	-22,93748	18,35014
14260	-22,28212	17,69477	-22,93747	17,69478
14280	-22,93748	17,69477	-29,49114	17,69479
14300	-31,45725	17,69479	-30,80187	17,6948
14320	-29,49115	18,35015	-30,1465	18,35015
14340	-29,49114	18,35014	-29,49114	17,69479
14360	-28,83578	17,69478	-28,83578	17,69479
14380	-28,18042	17,69477	-28,83577	17,03942
14400	-27,52506	17,03941	-28,18041	17,03942
14420	-27,52505	16,38405	-28,18041	16,38406
14440	-27,52505	16,38405	-27,52505	16,38405
14460	-26,86969	16,38405	-27,52505	16,38406
14480	-26,86969	16,38404	-27,52504	15,72869
14500	-26,21433	16,38404	-27,52504	15,72869
14520	-26,21432	15,72868	-26,86968	16,38405
14540	-26,21432	16,38404	-26,86968	15,72869
14560	-26,21432	15,72868	-26,86968	15,07332
14580	-26,21432	17,03941	-28,18039	19,00552
14600	-27,52502	18,35015	-27,52502	17,69479
14620	-26,86967	18,35015	-27,52502	17,69479
14640	-26,86967	18,35014	-27,52503	17,69479
14660	-26,86966	17,69478	-27,52503	17,69479
14680	-26,86967	17,69478	-27,52503	17,69478
14700	-26,86967	17,69478	-27,52503	17,69478
14720	-27,52503	17,69477	-26,86968	17,03942
14740	-25,55896	17,03941	-26,21433	17,03942
14760	-25,55898	16,38405	-26,21434	16,38405
14780	-25,55898	16,38404	-24,90362	17,69478
14800	-22,93751	19,00551	-23,59286	18,35015
14820	-22,93751	18,35014	-23,59287	18,35015
14840	-22,93751	18,35014	-22,93751	17,69478
14860	-22,93751	17,69477	-23,59288	17,03942
14880	-22,93752	17,03941	-23,59288	16,38406
14900	-23,59288	16,38405	-24,24824	16,38406
14920	-24,24825	16,38405	-24,90361	16,38406
14940	-24,24825	16,38405	-25,55897	15,7287
14960	-24,90361	17,03941	-25,55897	16,38406
14980	-24,24826	16,38405	-24,90361	16,38405
15000	-25,55897	17,69478	-28,83579	20,31627
15020	-28,83579	20,31625	-28,18042	19,66089
15040	-27,52507	20,31625	-28,18043	19,6609
15060	-27,52507	19,66089	-28,83579	19,00553
15080	-27,52508	19,00553	-28,18044	19,00553
15100	-28,18044	19,00552	-28,8358	19,00553
15120	-28,18044	19,00552	-29,49116	18,35016
15140	-28,18044	18,35016	-29,49116	17,6948
15160	-28,8358	18,35015	-29,49117	18,35016
15180	-28,8358	17,69479	-29,49116	17,6948
15200	-28,8358	18,35015	-29,49116	17,6948
15220	-28,8358	18,35015	-29,49115	18,35016
15240	-28,8358	18,35015	-29,49116	18,35016
15260	-29,49115	18,35015	-30,14652	17,69479
15280	-30,14651	17,69478	-30,80187	17,69479
15300	-30,14651	17,69478	-30,80187	17,69479
15320	-30,14651	17,03942	-30,14652	17,03943
15340	-28,8358	17,03942	-29,49116	16,38407
15360	-28,83581	16,38406	-28,83581	16,38407
15380	-28,83581	16,38406	-28,83581	15,7287
15400	-28,83582	15,7287	-29,49117	16,38407
15420	-28,83581	16,38406	-29,49117	15,72871
15440	-28,83581	16,38406	-29,49117	15,7287
15460	-29,49118	15,72869	-30,14653	15,07334
15480	-29,49117	15,72869	-30,14653	15,07334
15500	-30,14653	15,07333	-30,8019	15,07334
15520	-30,14653	15,07333	-30,80189	14,41797
15540	-30,8019	13,76261	-29,49116	14,41797
15560	-21,62674	15,72869	-19,6606	15,07334
15580	-20,31597	15,07333	-21,6267	14,41798
15600	-20,97133	14,41797	-20,97134	13,76261
15620	-20,97134	13,10724	-20,97134	12,45188
15640	-20,97134	12,45187	-21,6267	11,79652
15660	-20,97134	12,45187	-21,6267	11,79652
15680	-21,6267	11,79651	-22,28206	11,14116
15700	-21,6267	11,14115	-22,28206	11,14117
15720	-22,28205	11,14116	-22,93741	11,14116
15740	-22,28205	11,79652	-22,93741	11,14117
15760	-22,93741	11,14116	-21,62667	11,14117
15780	-17,69446	11,79652	-19,00518	11,79653
15800	-19,00518	11,79651	-19,66055	11,79652
15820	-19,00519	11,79651	-19,66054	11,79652
15840	-19,66055	11,79652	-19,66055	11,79652
15860	-19,66055	11,79652	-20,31591	11,14117
15880	-19,00519	11,79651	-19,66054	11,79652
15900	-19,66054	12,45187	-19,66054	11,79652
15920	-19,00519	11,79651	-19,66055	11,79652
15940	-18,34983	11,79651	-18,34984	11,14116
15960	-17,03912	11,79651	-17,69449	11,14116
15980	-17,03913	11,14115	-17,6945	11,14116
16000	-16,38378	11,14115	-17,03914	11,14116
16020	-16,38378	11,79652	-17,03914	11,14116
16040	-16,38378	11,79651	-17,03914	11,14116
16060	-16,38379	11,79651	-17,03915	11,79652
16080	-16,38378	11,79651	-16,38378	11,79651
16100	-15,72843	11,79651	-16,38378	11,79652
16120	-15,72842	11,79651	-16,38379	11,79652
16140	-15,72843	12,45186	-16,38124	11,79651
16160	-15,72843	11,7965	-16,3838	11,79651
16180	-15,72843	11,79651	-16,38379	11,14116
16200	-15,72843	11,79651	-16,3838	11,14116
16220	-15,72844	11,14115	-16,38379	11,14115
16240	-15,07308	11,79651	-12,45161	11,7965
16260	-3,93182	12,45187	-4,58716	11,79651
16280	-5,24254	12,45186	-5,8979	12,45187
16300	-4,58718	12,45186	-4,58717	12,45187
16320	-3,93182	12,45186	-4,58718	11,79651
16340	-3,93182	12,45186	-4,58718	12,45186
16360	-3,93183	11,79649	-4,58718	11,7965
16380	-4,58719	12,45186	-5,24255	11,7965
16400	-4,58719	11,79649	-5,89792	11,14114
16420	-5,24256	11,14113	-5,89792	11,14114
16440	1,96647	11,79649	15,07387	11,79649
16460	17,04	11,79647	14,41854	12,45184
16480	14,41853	13,10721	14,41853	13,10722
16500	15,72925	13,1072	15,07389	13,10721
16520	15,07388	13,1072	15,07388	13,10721
16540	16,3846	13,1072	15,72923	12,45184
16560	17,69531	12,45184	17,6953	11,79648
16580	19,00601	11,79647	19,00601	11,14112
16600	20,31672	11,14111	19,66135	10,48575
16620	20,97207	10,48574	20,31671	10,48575
16640	20,97207	9,83038	20,31671	9,83039
16660	21,62742	9,83037	20,97206	9,17502
16680	20,97206	9,17501	20,97206	9,83038
16700	19,00595	9,17501	14,41838	9,17502
16720	15,7291	9,17501	15,72911	9,17502
16740	15,72911	9,175	15,07374	8,51965
16760	15,07374	8,51964	15,07374	8,51964
16780	15,07374	7,86427	14,41838	7,20892
16800	15,07374	7,86427	14,41838	7,20892
16820	15,07374	7,20891	13,76302	6,55356
16840	15,07374	7,20891	14,41838	7,20891
16860	14,41838	6,55355	14,41839	6,55355
16880	15,07374	6,55355	13,76302	5,89819
16900	14,41838	5,89818	13,76302	5,89819
16920	14,41838	5,24283	13,76302	5,24283
16940	14,41838	5,24283	13,76302	4,58747
16960	14,41838	4,58747	13,76303	4,58747
16980	13,76302	4,58747	13,10767	4,58748
17000	13,76303	5,24282	13,76303	4,58747
17020	13,76303	4,58746	13,76303	3,93211
17040	13,76303	3,9321	23,59355	4,58747
17060	39,32243	5,24282	41,28858	5,89817
17080	39,32248	6,55353	38,01175	6,55354
17100	39,32248	6,55354	38,66711	6,55354
17120	39,32247	5,89818	38,01176	5,89818
17140	39,32247	5,89817	38,66711	5,89818
17160	38,66711	5,24281	38,01174	5,24282
17180	38,01175	5,24281	38,01174	5,24282
17200	38,01174	5,24281	38,66709	4,58746
17220	38,66708	4,58745	38,66708	3,9321
17240	39,97779	3,93209	39,32243	3,27674
17260	40,63314	3,27673	39,32241	3,27674
17280	40,63313	3,27674	47,18682	4,58746
17300	49,80831	4,58746	47,84222	4,58746
17320	48,49757	5,24282	47,84222	4,58747
17340	49,15294	4,58745	49,15295	4,58745
17360	49,80831	4,58745	49,15296	4,58745
17380	49,80832	5,2428	48,4976	3,93209
17400	49,80832	4,58744	48,4976	4,58745
17420	48,4976	4,58745	47,84223	4,58745
17440	48,49759	5,24281	47,18687	5,24282
17460	47,84223	5,24281	46,5315	5,24282
17480	47,18686	5,24281	46,53149	5,24282
17500	47,18684	4,58745	45,87612	4,58746
17520	46,53147	4,58745	45,8761	4,58746
17540	45,8761	3,93209	44,56538	3,9321
17560	45,22073	3,93209	43,91001	3,9321
17580	44,56537	3,93209	43,25465	4,58746
17600	43,91001	4,58745	43,91001	4,58745
17620	44,56538	5,24281	43,25466	4,58745
17640	43,91002	4,58744	43,25466	4,58745
17660	43,91002	4,58744	43,91002	4,58745
17680	43,91002	4,58744	43,25466	4,58744
17700	43,91002	4,58743	43,25466	4,58744
17720	43,91003	4,58743	42,59931	4,58744
17740	43,25466	4,58743	42,59931	4,58744
17760	43,25467	4,58744	43,25467	5,2428
17780	43,91003	5,2428	43,25468	4,58744
17800	43,25468	5,2428	42,59932	5,24281
17820	43,91004	5,2428	42,59932	5,2428
17840	43,91004	5,24279	43,25469	5,24281
17860	43,25468	5,24279	43,25469	4,58744
17880	44,56541	4,58744	43,91004	4,58744
17900	45,87612	3,93208	45,87612	3,93208
17920	47,18683	3,93207	47,18683	3,93208
17940	47,84219	3,93207	47,18683	3,93208
17960	48,49755	3,93207	47,8422	3,93208
17980	48,49755	4,58743	47,84219	3,93208
18000	48,49756	4,58743	47,8422	3,93208
18020	48,49756	4,58743	47,8422	4,58744
18040	48,49757	4,58743	47,8422	4,58744
18060	48,49756	4,58743	47,8422	3,93208
18080	48,49756	4,58743	47,18684	3,93208
18100	47,8422	3,93207	47,18684	3,93208
18120	47,84219	3,93207	47,18683	3,93208
18140	47,84219	3,27671	47,84219	3,27672
18160	48,49756	4,58744	47,8422	4,58745
18180	48,49757	4,58744	47,8422	4,58744
18200	48,49756	4,58744	47,8422	4,58744
18220	48,49756	3,93207	47,84219	3,93208
18240	48,49755	3,93208	47,18683	3,27672
18260	48,49756	3,93208	47,18684	3,27672
18280	48,49756	3,27671	48,49757	3,27672
18300	48,49757	3,93207	48,49757	3,27672
18320	48,49757	3,93297	47,84221	3,27672
18340	48,49757	3,27671	47,18685	3,27672
18360	47,84221	3,27671	46,53149	3,27672
18380	47,18685	3,27671	45,87613	3,27672
18400	47,1894	3,93208	46,53149	3,27673
18420	46,53149	3,93207	47,18686	4,58744
18440	51,77445	5,2428	51,1191	5,24281
18460	51,11909	5,89817	49,80837	5,89817
18480	51,11909	5,89816	50,46373	5,89818
18500	51,11908	5,89817	50,46371	5,89818
18520	51,11907	5,89817	51,77442	5,89818
18540	52,42977	5,89817	51,77441	5,24281
18560	52,42977	5,89817	52,42976	5,24282
18580	52,42976	5,89817	51,7744	5,89818
18600	52,42976	5,89817	51,7744	5,89817
18620	53,08512	5,89817	52,42976	5,89817
18640	53,08512	5,89816	52,42977	5,89817
18660	53,08512	5,89816	52,42977	5,89817
18680	53,08512	5,89815	52,42976	5,89817
18700	53,08512	5,89816	52,42976	5,89817
18720	53,08512	5,89815	51,7744	5,2428
18740	52,42976	5,2428	52,42976	5,2428
18760	53,08512	5,24279	52,42976	5,2428
18780	53,74048	5,24279	52,42976	5,24279
18800	53,08512	5,24278	49,15292	5,89816
18820	47,84217	6,55352	47,84218	5,89817
18840	49,15291	5,89816	47,84219	6,55353
18860	48,49755	6,55352	47,84219	5,89817
18880	48,49755	6,55352	47,84219	6,55353
18900	48,49755	6,55352	48,49755	5,89817
18920	48,49755	5,89816	47,84219	6,55442
18940	49,15291	6,55352	48,49755	6,55353
18960	49,15291	6,55353	48,49755	7,2089
18980	49,15291	7,20889	49,15291	7,2089
19000	49,15291	7,86425	48,49755	7,86426
19020	49,15291	7,86425	47,8422	7,86426
19040	48,49756	8,51961	47,8422	7,86426
19060	48,49756	8,51961	47,8422	7,86426
19080	48,49756	8,51961	47,8422	7,86426
19100	48,49756	8,51961	48,49756	7,86425
19120	49,80828	7,86425	49,80827	7,20889
19140	51,11899	7,20888	50,46363	7,20889
19160	51,11898	7,20888	51,11898	7,20889
19180	51,11898	7,20888	50,46362	7,20889
19200	51,11898	7,20889	50,46362	7,20889
19220	51,11898	7,86424	50,46362	7,20889
19240	51,77434	7,86425	51,11898	7,20889
19260	51,11898	7,86424	50,46362	7,20889
19280	51,11898	7,86424	50,46363	7,20889
19300	51,11899	7,86425	50,46363	7,86425
19320	51,11898	7,86424	49,80826	8,51961
19340	50,46363	8,51961	50,46362	8,51962
19360	51,11898	8,51961	49,80827	7,86426
19380	51,11899	8,51961	51,11898	7,86425
19400	51,11899	8,5196	50,46363	7,86425
19420	51,11898	8,51961	44,56533	9,17498
19440	42,5992	9,83034	41,94385	9,83035
19460	43,25458	10,4857	42,59922	10,48571
19480	43,25458	10,48571	42,59921	10,48571
19500	43,25458	10,4857	41,94385	9,83035
19520	43,25458	10,4857	42,59922	9,83034
19540	43,25458	10,4857	42,59922	10,48571
19560	43,25458	10,4857	42,59922	10,48571
19580	43,25458	11,14106	42,59922	10,48571
19600	43,25458	10,4857	42,59923	10,48571
19620	43,25458	10,4857	41,94386	10,4857
19640	42,59922	10,4857	41,94387	10,48571
19660	43,25459	10,4857	42,59923	10,4857
19680	43,25459	9,83033	42,59923	9,83034
19700	43,25459	9,83033	43,2546	9,17498
19720	43,90996	9,17496	43,90995	8,51962
19740	45,22067	8,5196	45,22067	8,51961
19760	46,53139	8,5196	46,53138	8,51961
19780	47,8421	9,17496	47,18674	9,17496
19800	48,49745	9,83031	48,49745	9,83032
19820	49,80817	9,83031	49,15281	8,51959
19840	50,46353	5,24276	51,77426	-1,96623
19860	57,6725	-13,10741	62,91543	-29,49143
19880	67,50306	-43,25399	74,71211	-51,77367
19900	83,23191	-52,42901	76,67831	-47,1861
19920	70,12467	-41,28785	64,88177	-36,04495
19940	64,22639	-32,11281	61,60491	-29,49137
19960	60,94951	-26,86994	58,9834	-25,55921
19980	58,98338	-23,59314	57,67264	-21,62705
20000	57,67262	-20,31634	56,36189	-19,00561
20020	57,01725	-17,6949	56,36188	-17,03953
20040	56,36187	-16,38417	55,05115	-16,38417
20060	55,7065	-15,72882	54,39577	-15,72881
20080	54,39578	-15,07345	53,74041	-14,41809
20100	54,39577	-13,76274	53,08504	-13,76273
20120	53,08504	-13,76273	53,08503	-13,10737
20140	53,08503	-13,10737	51,77431	-13,10737
20160	52,42967	-13,10738	51,77431	-12,45201
20180	51,77431	-11,79666	51,11895	-11,79665
20200	51,11895	-11,14129	50,46359	-11,14129
20220	52,42969	-11,1413	55,70655	-11,14129
20240	55,70655	-10,48594	53,74046	-9,83057
20260	53,74045	-9,83057	53,0851	-9,17422
20280	53,74046	-9,17522	53,0851	-8,51984
20300	53,08509	-7,86449	52,42974	-7,86448
20320	52,42974	-7,20913	51,77437	-7,86448
20340	51,77437	-7,86449	50,46365	-7,86448
20360	51,119	-7,86449	50,46364	-7,86448
20380	50,46364	-7,86449	49,80827	-7,86448
20400	50,46363	-7,86448	49,80826	-8,51983
20420	51,11898	-8,51985	51,11898	-8,51984
20440	51,77433	-7,86449	51,11897	-7,86447
20460	52,42969	-7,20912	51,77433	-7,86447
20480	52,43223	-7,20912	51,77432	-7,86446
20500	52,42968	-7,20911	51,77432	-7,2091
20520	52,42968	-7,20911	52,42969	-7,20911
20540	56,36189	-6,55375	57,01727	-5,89838
20560	57,01727	-5,89839	56,3619	-5,24302
20580	57,01726	-5,24303	56,36191	-5,24302
20600	57,01727	-4,58767	56,3619	-5,24302
20620	57,01726	-4,58767	55,70654	-5,24302
20640	56,3619	-4,58767	56,3619	-4,58766
20660	57,01726	-4,58767	56,3619	-4,58767
20680	57,01726	-4,58767	56,3619	-4,58766
20700	57,01726	-4,58767	56,36189	-4,58767
20720	57,01725	-4,58767	56,36189	-4,58767
20740	57,01725	-4,58767	56,36189	-4,58767
20760	57,67261	-3,93231	56,36189	-3,9323
20780	57,01726	-3,93231	56,3619	-3,9323
20800	56,3619	-3,93231	55,70654	-3,9323
20820	57,01726	-3,93231	56,3619	-3,93231
20840	57,01727	-3,27695	56,36191	-3,93231
20860	57,01727	-3,27696	55,70655	-3,93231
20880	56,36191	-3,27696	55,70655	-3,27694
20900	56,36191	-3,27696	55,70656	-3,27695
20920	56,36192	-3,27696	55,05119	-3,27695
20940	55,70656	-3,27696	55,0512	-3,27695
20960	55,70656	-2,62159	55,05121	-2,62159
20980	55,70657	-2,6216	54,39585	-1,96622
21000	55,70657	-1,96623	54,39585	-1,96622
21020	55,05121	-1,31087	54,39586	-1,96622
21040	55,05121	-1,96623	54,39585	-1,96622
21060	55,70657	-1,96623	55,70657	-1,96622
21080	57,01729	-1,96623	57,01728	-2,62158
21100	57,67264	-1,96623	57,67263	-1,96622
21120	58,328	-1,96622	57,67264	-1,96622
21140	58,328	-1,96623	57,67264	-1,96622
21160	58,328	-1,96622	57,67265	-1,96621
21180	58,32801	-1,96622	58,328	-1,96622
21200	58,98337	-1,31086	58,32801	-1,96622
21220	58,32801	-1,96622	57,67265	-1,96622
21240	58,32801	-1,96623	57,67264	-1,96622
21260	58,32801	-1,96623	57,67265	-3,27694
21280	58,32801	-3,93231	57,67265	-4,58767
21300	58,98338	-6,55377	58,98337	-8,51985
21320	58,98338	-8,51986	58,32802	-9,17521
21340	59,63874	-9,17523	58,98338	-9,17522
21360	58,98338	-9,17523	58,98339	-9,17522
21380	58,98339	-9,17522	58,32803	-9,17521
21400	58,98338	-9,17522	58,98339	-8,51986
21420	59,63874	-9,17522	58,32802	-8,51986
21440	59,63875	-8,51987	58,98339	-9,17422
21460	59,63875	-9,17523	58,98339	-9,17522
21480	59,63875	-9,17523	58,32803	-9,17522
21500	59,63875	-9,17523	58,32803	-8,51986
21520	58,98339	-8,51987	58,98339	-8,51986
21540	58,9834	-8,51987	58,32804	-8,51986
21560	58,9834	-8,51986	58,9834	-8,51986
21580	58,9834	-8,51987	58,32804	-8,51986
21600	58,9834	-7,86451	58,32804	-7,8645
21620	58,9834	-7,86451	57,67268	-7,8645
21640	58,32804	-7,86451	58,32804	-8,51986
21660	58,9834	-7,86451	58,32805	-7,8645
21680	58,9834	-7,86451	58,32804	-7,8645
21700	58,9834	-7,86451	59,63876	-8,51987
21720	60,29411	-8,51988	60,2941	-8,51987
21740	60,94946	-8,51988	66,84776	-7,8645
21760	77,33367	-7,20914	79,29982	-7,20912
21780	78,64444	-5,89842	77,33371	-5,89841
21800	78,64444	-5,24305	77,98908	-5,24305
21820	78,64444	-4,58769	77,98908	-4,58769
21840	78,64444	-3,93233	77,33372	-3,27696
21860	77,98908	-3,27697	77,33372	-3,27695
21880	77,33371	-2,6216	76,67836	-2,6216
21900	76,67835	-2,6216	76,02299	-1,96623
21920	76,02299	-2,6216	74,71227	-1,96623
21940	74,71227	-1,96624	74,71227	-1,96623
21960	74,71227	-1,31088	74,05691	-1,96623
21980	74,71227	-1,96624	74,05692	-1,96623
22000	74,05691	-1,96624	73,40155	-1,96624
22020	74,05692	-1,96624	73,40156	-1,96623
22040	73,40156	-1,31088	72,7462	-1,31087
22060	73,40157	-1,31088	72,74621	-1,31087
22080	73,40157	-1,31088	72,74622	-1,31087
22100	72,74623	-0,65552	71,43551	-1,31087
22120	72,74623	-0,65552	71,43551	-0,65551
22140	71,43551	-0,00016000000000105	70,78016	-0,65551
22160	71,43551	-0,00014999999999787	70,1248	-0,0001399999999947
22180	71,43552	-0,00014999999999787	70,12479	-0,0001399999999947
22200	70,12479	-0,00014999999999787	69,46944	-0,0001399999999947
22220	69,46944	0,65521	68,81407	-0,0001399999999947
22240	68,81407	-0,00014999999999787	68,15872	-0,0001399999999947
22260	68,15872	0,00081000000000131	67,50336	-0,00012999999999863
22280	68,15872	0,65522	66,848	-0,00012999999999863
22300	68,15872	0,65522	68,15871	-0,00012999999999863
22320	68,81407	-0,00014000000000181	68,81406	-0,00012999999999863
22340	69,46942	-0,00014000000000181	68,81405	42,59827
22360	69,46941	-0,65549	68,81405	-0,00012999999999863
22380	69,46941	-0,00012999999999863	68,81404	-0,65548
22400	68,81404	-0,00012999999999863	68,15868	-0,00011999999999546
22420	70,12477	-0,00012999999999863	78,64457	0,65524
22440	87,16439	0,65523	87,16441	1,3106
22460	85,85367	1,96595	85,85368	1,3106
22480	86,50904	1,96595	86,50903	1,96596
22500	86,50903	1,96595	85,85367	1,96596
22520	86,50903	1,96595	85,1983	1,96596
22540	86,50902	1,96595	85,85366	1,96596
22560	86,50902	2,62131	85,85366	1,96596
22580	86,50902	1,96595	85,85365	1,96595
22600	86,50902	1,96595	86,50902	1,96596
22620	86,50902	1,96595	86,50902	1,96596
22640	86,50901	1,96596	85,85366	1,96596
22660	86,50901	2,62132	85,85365	1,96597
22680	85,85365	2,62131	85,19829	1,96596
22700	85,85365	2,62131	85,19829	1,96596
22720	85,19829	1,96595	85,1983	1,96596
22740	86,50901	1,96595	88,47514	2,62132
22760	90,44125	3,27668	89,13053	3,27669
22780	89,78588	3,27668	89,13053	3,27669
22800	89,78589	3,27668	89,13053	3,27669
22820	89,78589	3,27668	89,13053	3,27669
22840	89,7859	3,27668	88,47518	3,27669
22860	89,13053	3,27668	89,13054	3,27669
22880	89,7859	2,62132	89,7859	2,62132
22900	91,09661	2,62132	91,0966	1,96596
22920	92,40986	1,96595	91,75195	1,96596
22940	92,40731	1,96596	91,75195	1,96596
22960	92,4073	1,96596	92,40731	1,96597
22980	92,40731	1,96596	91,75195	1,96597
23000	92,40731	1,96595	91,75195	1,96596
23020	92,40731	1,96596	91,09659	1,96596
23040	92,40731	1,96596	91,75194	1,96597
23060	92,4073	1,96595	91,75194	1,96596
23080	92,4073	1,96596	91,75194	1,96597
23100	91,75194	1,96596	91,09658	1,31061
23120	91,75193	1,96596	91,09657	1,96597
23140	91,75193	1,96596	91,09657	1,31061
23160	91,75193	1,96595	91,09658	1,96596
23180	91,75194	1,96595	90,44121	1,3106
23200	91,75194	1,31059	91,09657	0,65524
23220	92,40729	1,31059	91,09658	0,65524
23240	91,75193	0,65523	90,44121	0,65523
23260	91,75193	0,65522	91,09658	-0,00012999999999863
23280	91,09658	-0,00014000000000181	91,09658	-0,00012999999999863
23300	91,09658	-0,00014000000000181	93,06269	-0,00012999999999863
23320	98,96101	-0,00012000000000256	98,96103	-0,00011999999999546
23340	98,96103	0,65524	98,30567	0,65525
23360	98,96104	0,65524	98,96104	0,65525
23380	99,61641	-0,00012000000000256	99,61641	-0,65548
23400	100,27177	-0,65549	100,27178	-0,65548
23420	100,92714	-0,65549	100,92714	-0,65548
23440	101,58251	-1,31085	99,61641	-3,27693
23460	86,50905	-5,243	68,81411	-9,17516
23480	58,32821	-11,7966	53,74065	-13,1073
23500	53,74064	-11,14121	53,74063	-9,83048
23520	56,36205	-7,20905	57,0174	-6,55368
23540	58,98345	-5,89833	59,63879	-5,24296
23560	60,29413	-3,93225	60,29411	-3,93224
23580	60,94946	-3,27689	59,63872	-3,93225
23600	60,29408	-1,96616	60,29411	2,62142
23620	60,94951	5,24288	59,6388	6,55362
23640	59,6388	8,51969	58,98344	9,83043
23660	58,98344	10,48578	58,32808	10,48579
23680	59,6388	10,48578	58,98344	10,48579
23700	59,63881	11,14115	58,98346	10,48579
23720	59,63883	11,14115	58,98347	11,14116
23740	60,2942	11,79651	60,29421	11,79651
23760	60,94959	12,45187	61,60496	12,45188
23780	62,9157	13,10723	63,57107	13,10724
23800	64,8818	13,76259	66,19255	13,7626
23820	67,50329	13,7626	68,15867	13,76261
23840	69,46942	14,41797	70,12479	14,41797
23860	72,09089	15,07333	71,43555	15,07334
23880	72,74629	14,41798	72,7463	13,76262
23900	73,40167	14,41798	74,05705	14,41798
23920	74,71242	14,41798	74,71244	14,41799
23940	76,02317	14,41798	76,02319	13,76262
23960	77,33391	14,41797	77,33393	13,76262
23980	78,64467	13,76261	79,30005	13,76262
24000	79,95543	14,41797	80,6108	13,76261
24020	81,92153	13,7626	81,92154	13,10725
24040	83,23227	13,7626	83,23227	12,45189
24060	83,88764	12,45188	82,57691	11,79653
24080	61,60517	9,83047	29,49214	7,20905
24100	6,55427	6,55373	-3,9316	6,55376
24120	-2,62088	6,55375	-1,96551	5,8984
24140	-1,31017	5,89838	-2,62091	5,89839
24160	-1,96555	5,89838	-2,62092	5,24303
24180	-1,96557	5,24302	-3,27629	5,24303
24200	-3,27631	5,24302	-3,93167	4,58767
24220	-4,58705	5,24303	-5,89778	5,24304
24240	-5,89779	5,24303	-7,20852	5,24304
24260	-7,86389	5,24303	-8,51926	5,24304
24280	-8,51926	5,24302	-9,17462	5,24303
24300	-8,51926	4,58766	-10,48533	3,27694
24320	-11,14068	1,96621	-13,10675	0,65549
24340	-13,7621	0,00010999999999939	-15,07281	-1,31062
24360	-15,07279	-1,31063	-15,72814	-1,966
24380	-15,07277	-2,62137	-19,00495	-2,62136
24400	-21,62643	-1,96601	-20,97107	-1,31064
24420	-18,34962	7,0000000000903E-5	-17,69426	7,0000000000903E-5
24440	-15,72817	0,65542	-15,72817	0,65543
24460	-13,76209	1,31078	-13,10673	1,31078
24480	-11,79601	1,96614	-11,14065	1,96614
24500	-10,48529	2,62149	-9,82993	2,6215
24520	-8,51921	2,62148	-9,17456	2,62149
24540	-8,5192	2,62148	-9,17456	2,62149
24560	-7,86383	2,62148	-8,51919	2,62149
24580	-7,86383	3,27684	-8,51918	2,62149
24600	-7,86382	3,27684	-9,17454	2,62148
24620	-9,17454	3,27684	-13,10672	3,27762
24640	-14,41743	2,6215	-16,38352	1,96614
24660	-16,38352	1,96613	-17,69424	0,65542
24680	-17,69424	1,31077	-19,00496	0,65542
24700	-18,3496	0,65541	-19,00496	0,65542
24720	-18,3496	0,65541	-17,69424	1,31078
24740	-15,72817	1,96613	-14,41745	2,6215
24760	-13,10673	2,62149	-13,10674	3,27686
24780	-11,79602	3,27685	-11,79602	3,93222
24800	-11,14067	4,58757	-11,14067	3,93222
24820	-10,48531	3,93221	-12,45141	5,24296
24840	-14,4175	5,89831	-14,41749	5,24296
24860	-13,76213	5,89831	-13,76213	5,89832
24880	-13,76214	5,89831	-14,4175	5,24296
24900	-13,76214	5,24295	-14,4175	4,5876
24920	-13,76214	5,24294	-15,07287	4,58759
24940	-14,41751	3,93222	-15,07287	3,27687
24960	-15,07287	3,27686	-15,72823	3,27686
24980	-15,07287	3,27685	-15,72823	3,27686
25000	-15,07288	3,27686	-15,07288	2,6215
25020	-14,41752	3,27685	-15,07288	3,27686
25040	-13,76216	3,27685	-14,41751	3,27686
25060	-13,76216	3,27685	-14,41752	3,27686
25080	-13,10681	3,27685	-14,41752	3,27686
25100	-13,76216	3,27685	-14,41752	3,27686
25120	-13,76216	3,27685	-14,41752	3,27686
25140	-13,76216	3,27685	-14,41752	3,27686
25160	-14,41752	3,27685	-15,07288	3,27686
25180	-14,41753	3,27685	-15,07289	3,27686
25200	-15,07289	3,27686	-15,07288	3,27686
25220	-14,41753	3,27685	-16,38361	3,93223
25240	-17,69435	4,58759	-19,00507	4,58759
25260	-17,03899	4,58759	-18,34971	4,5876
25280	-17,69435	4,58759	-18,34971	3,93223
25300	-17,69434	4,58759	-18,34971	3,93224
25320	-17,03899	4,58759	-17,69435	3,93224
25340	-16,38363	3,93222	-16,38364	3,27687
25360	-15,07292	3,27686	-15,72829	3,27686
25380	-14,41757	3,27686	-15,07294	3,27686
25400	-14,41758	3,27685	-14,41758	2,6215
25420	-14,41758	3,27686	-14,41758	3,27687
25440	-13,76222	3,27686	-14,41758	2,6215
25460	-13,76222	3,27685	-14,41758	2,6215
25480	-13,10686	2,62149	-13,76222	2,6215
25500	-13,10686	2,62149	-13,76222	1,96613
25520	-13,10687	1,96613	-13,76223	1,96613
25540	-13,10687	1,96613	-13,76223	1,96614
25560	-13,10687	1,96613	-13,76223	1,31078
25580	-13,10687	1,96613	-13,76223	1,31077
25600	-13,10687	1,31076	-13,76223	0,6554
25620	-13,10687	0,6554	-13,76223	0,6554
25640	-12,45151	0,65539	-13,10687	0,65541
25660	-12,45151	3,0000000002417E-5	-12,45152	-0,65532
25680	-12,45151	-0,65533	-13,10688	-0,65532
25700	-12,45152	-0,65534	-12,45152	-1,31068
25720	-12,45152	-1,31069	-13,10688	-1,31069
25740	-12,45152	-1,3107	-13,10689	-1,96605
25760	-12,45152	-1,96606	-13,10689	-1,96606
25780	-12,45153	-1,96607	-13,10688	-1,96606
25800	-11,79616	-2,62143	-13,10689	-2,62142
25820	-12,45152	-2,62143	-13,10688	-2,62142
25840	-12,45152	-2,62143	-13,10689	-3,27678
25860	-12,45153	-2,62144	-13,10688	-3,27678
25880	-12,45152	-2,62144	-13,10688	-3,27679
25900	-12,45151	-3,2768	-13,10688	-3,93215
25920	-13,76225	-3,93215	-16,38372	-3,93214
25940	-14,41764	-3,93214	-14,41763	-3,93214
25960	-13,10692	-3,93215	-13,76229	-4,5875
25980	-12,45156	-4,58751	-13,10693	-4,58749
26000	-12,45157	-4,5875	-12,45158	-4,5875
26020	-11,79621	-4,58751	-12,45157	-4,5875
26040	-11,14086	-4,58751	-12,45158	-4,58749
26060	-11,14086	-4,58751	-11,79622	-4,5875
26080	-11,14086	-5,24287	-11,79622	-5,24286
26100	-10,48549	-5,24287	-11,14086	-5,24287
26120	-11,14086	-5,24287	-11,14086	-5,89822
26140	-10,4855	-5,24287	-11,79622	-5,24286
26160	-9,83014	-5,24287	-0,65499	-3,93215
26180	8,52019	-3,93216	7,20949	-3,27681
26200	6,55411	-3,27681	5,89875	-3,93215
26220	6,55411	-3,27681	5,89875	-3,2768
26240	6,55411	-3,27681	5,89874	-2,62143
26260	5,89873	-3,27681	5,89873	-3,27679
26280	5,89872	-2,62144	5,24336	-2,62144
26300	5,24336	-3,2768	4,588	-3,27679
26320	5,24336	-1,96608	4,58799	-3,2768
26340	5,24336	-3,2768	4,58799	-3,2768
26360	5,24336	-2,62145	3,93263	-3,2768
26380	4,588	-3,27681	3,93263	-3,2768
26400	4,58799	-3,27681	3,27727	-2,62144
26420	3,93263	-3,27681	3,27727	-3,2768
26440	3,93263	-3,27681	2,62191	-3,93217
26460	3,27727	-3,27681	2,62191	-3,93216
26480	3,27727	-3,93217	2,62191	-3,93217
26500	3,27727	-3,93217	2,62191	-3,93217
26520	2,62191	-3,93217	1,96655	-4,58753
26540	2,62191	-4,58753	2,62191	-5,24288
26560	3,93262	-5,2429	3,93261	-5,89825
26580	4,58797	-5,89743	4,58797	-6,55361
26600	5,24332	-5,89826	5,24332	-6,55361
26620	5,89867	-5,89826	5,24331	-7,20897
26640	6,55403	-6,55362	5,89866	-6,55361
26660	6,55403	-6,55362	5,89867	-6,55361
26680	6,55402	-7,20898	5,89866	-7,20898
26700	6,55402	-7,20898	5,89866	-7,20898
26720	7,20938	-7,20899	6,55402	-7,20898
26740	7,20937	-7,20898	6,55401	-7,20898
26760	7,20937	-7,86435	6,55401	-7,86434
26780	7,86474	-7,20899	5,89864	-7,86434
26800	-5,24259	-7,86432	-13,107	-7,86431
26820	-12,45165	-7,86431	-11,79626	-7,86431
26840	-11,14091	-7,20896	-11,14091	-7,20896
26860	-10,48555	-7,86433	-11,14091	-7,86432
26880	-10,48555	-7,20897	-10,48555	-7,86432
26900	-9,8302	-7,86433	-10,48556	-8,51968
26920	-9,8302	-7,86433	-9,8302	-7,86433
26940	-9,17484	-7,86433	-9,8302	-7,86433
26960	-9,17484	-7,20897	-9,8302	-7,86432
26980	-9,17483	-7,20897	-9,83019	-7,20896
27000	-9,17483	-6,55361	-10,48555	-6,55361
27020	-9,17483	-6,55361	-10,48555	-6,5536
27040	-9,83019	-6,55361	-10,48555	-6,5536
27060	-10,48555	-6,55361	-11,1409	-6,5536
27080	-10,48554	-6,55361	-11,14091	-6,5536
27100	-10,48555	-6,55361	-11,79627	-7,20896
27120	-11,1409	-7,20897	-11,79626	-7,20896
27140	-11,79626	-6,55361	-12,45162	-7,20896
27160	-11,79626	-7,20897	-12,45161	-7,20896
27180	-12,45161	-6,55361	-13,10698	-7,20896
27200	-12,45162	-7,86433	-12,45161	-7,86433
27220	-9,17479	-7,20897	-9,17479	-7,86432
27240	-8,51944	-7,86434	-9,1748	-7,86432
27260	-7,86408	-7,86433	-9,1748	-7,86432
27280	-7,86409	-7,86433	-8,51945	-7,86432
27300	-8,51945	-7,20896	-8,51945	-7,86432
27320	-8,51946	-7,86433	-8,51945	-7,86432
27340	-7,86409	-7,86433	-9,17481	-7,86432
27360	-8,51945	-7,20897	-8,51945	-7,86432
27380	-7,86409	-7,86433	-9,17481	-7,86432
27400	-12,45165	-6,5536	-15,07312	-5,89822
27420	-14,41775	-6,55359	-14,41774	-5,89822
27440	-13,76238	-5,24287	-15,0731	-5,89822
27460	-14,41774	-5,89823	-14,41774	-5,89822
27480	-13,76239	-5,24287	-14,41775	-5,89822
27500	-13,10703	-5,89823	-14,41775	-5,89823
27520	-13,10703	-5,89823	-13,76239	-5,89823
27540	-13,10703	-5,89823	-14,41775	-5,24286
27560	-13,76239	-5,24287	-13,76239	-5,89823
27580	-13,10704	-5,24287	-13,76239	-5,24287
27600	-13,76239	-5,24287	-13,76239	-5,24286
27620	-13,10703	-5,24287	-13,76238	-5,24287
27640	-13,76238	-5,24288	-13,76238	-5,24287
27660	-13,76238	-5,24288	-14,41774	-5,24287
27680	-13,76238	-5,24288	-14,41774	-4,58751
27700	-13,76238	-4,58752	-15,0731	-5,24288
27720	-14,41774	-4,58752	-15,0731	-5,24288
27740	-14,41774	-5,24288	-15,07309	-5,24288
27760	-14,41773	-5,24289	-15,07309	-5,24288
27780	-14,41773	-5,24289	-15,07309	-5,24288
27800	-14,41773	-5,24289	-15,07308	-5,89825
27820	-14,41773	-5,89826	-15,07308	-7,20898
27840	-14,41772	-9,17507	-14,41773	-10,4858
27860	-13,76236	-11,79653	-14,41773	-11,79653
27880	-13,10701	-11,79653	-13,76237	-12,45189
27900	-12,45166	-13,10725	-12,45166	-13,10725
27920	-11,14094	-13,10726	-11,79631	-13,76261
27940	-11,14095	-13,76262	-11,79631	-13,76261
27960	-11,14095	-14,41798	-11,79632	-13,76261
27980	-7,86413	-13,10726	-2,62118	-13,10725
28000	-3,27653	-12,45189	-4,58726	-11,79652
28020	-3,9319	-11,79653	-4,58726	-11,14117
28040	-3,9319	-11,14117	-4,58726	-11,14116
28060	-3,9319	-11,79653	-4,58726	-11,79653
28080	-4,58726	-11,79653	-4,58726	-11,79653
28100	-4,58726	-11,79653	-5,89799	-11,79652
28120	-5,24262	-11,14117	-5,89799	-11,14117
28140	-5,89799	-11,14117	-5,89799	-11,14117
28160	-5,24263	-11,14117	-5,898	-11,14117
28180	-5,24263	-11,14117	-5,89799	-11,14116
28200	-5,24264	-11,14118	-5,89799	-11,14117
28220	-5,24264	-11,14118	-5,24263	-11,14117
28240	-4,58727	-11,14118	-4,58727	-11,14117
28260	-3,93191	-10,48583	-4,58727	-11,14117
28280	-3,93191	-11,14119	-4,58727	-11,14118
28300	-3,9319	-10,48583	-5,24262	-11,14118
28320	-4,58726	-10,48583	-4,58726	-11,14118
28340	-4,58726	-9,83047	-5,24262	-10,48582
28360	-4,58726	-10,48583	-5,24262	-10,48582
28380	-4,58726	-10,48583	-5,89798	-10,48582
28400	-5,24262	-10,48583	-5,89798	-9,83047
28420	-5,24262	-9,83047	-5,89798	-9,83047
28440	-5,89798	-9,83047	-5,89798	-9,83047
28460	-5,89798	-10,48583	-4,58725	-9,83048
28480	3,93252	-8,51976	6,55403	-8,51975
28500	7,20939	-7,86441	6,55402	-8,51976
28520	7,86474	-8,51976	7,86473	-8,51976
28540	8,52008	-8,51977	8,52007	-9,17512
28560	9,17543	-9,17512	9,17542	-9,83048
28580	9,83078	-9,17513	9,17542	-9,17512
28600	9,83077	-9,17512	9,17541	-9,17512
28620	9,83077	-8,51977	9,17541	-8,51976
28640	9,83077	-8,51977	9,17541	-8,51976
28660	9,83077	-8,51977	9,17541	-8,51976
28680	9,83077	-8,51977	9,17541	-8,51977
28700	9,83077	-8,51977	9,17541	-8,51977
28720	9,17541	-8,51977	8,52004	-8,51976
28740	8,52005	-8,51977	7,86469	-9,17512
28760	8,52004	-8,51977	8,52005	-9,17513
28780	9,17541	-9,17514	8,52005	-9,83049
28800	8,52005	-9,17514	8,52004	-9,17513
28820	9,1754	-9,17514	8,52004	-9,83049
28840	9,1754	-9,17514	7,86468	-9,83049
28860	8,52004	-9,17514	7,86468	-9,17513
28880	8,52005	-8,51977	7,86468	-8,51977
28900	8,52004	-8,51978	7,20933	-9,17513
28920	7,86469	-8,51978	7,20933	-8,51977
28940	7,86469	-7,86442	7,20933	-7,20905
28960	7,86469	-6,55369	7,20934	-6,55368
28980	7,8647	-6,5537	7,20934	-7,20905
29000	7,8647	-7,20906	6,55399	-7,20905
29020	7,20934	-6,5537	5,89863	-6,55369
29040	9,17546	-6,5537	11,14158	-5,89833
29060	11,79695	-5,24298	9,83087	-5,24297
29080	11,14159	-4,58761	10,48623	-4,5876
29100	11,14159	-3,93225	10,48623	-3,93224
29120	11,79694	-3,93224	11,79694	-3,27688
29140	13,10765	-3,27689	13,10765	-3,27688
29160	14,41836	-2,62153	13,763	-2,62152
29180	14,41835	-2,62152	13,76299	-2,62151
29200	14,41835	-1,96616	13,76299	-1,96615
29220	14,41835	-1,96616	13,76299	-1,96615
29240	14,41835	-2,62152	13,763	-2,62151
29260	13,763	-2,62152	13,763	-3,27688
29280	13,763	-3,27688	13,10764	-3,27688
29300	13,10763	-3,27688	12,45228	-3,93224
29320	13,10763	-3,27688	11,79692	-3,93223
29340	12,45228	-3,27688	11,14156	-2,6215
29360	11,79692	-1,31079	11,14155	-0,65542
29380	11,79691	0,6553	11,14155	-3,9999999998486E-5
29400	11,79691	0,6553	11,14155	0,65531
29420	11,79691	1,31066	11,79691	1,96603
29440	12,45227	2,62138	12,45227	1,96603
29460	13,763	1,96602	7,20935	1,96604
29480	0,65566	2,6214	0,65568	2,62141
29500	3,27717	3,27677	3,27717	3,27677
29520	3,27717	3,27676	2,62182	2,62141
29540	3,93253	2,6214	2,62182	2,6214
29560	3,93254	2,62139	3,27718	2,6214
29580	3,93253	3,27675	3,27718	2,6214
29600	3,93254	1,96603	3,27718	1,96604
29620	3,27718	1,96603	3,27719	1,31067
29640	3,27718	1,31066	3,27719	1,31067
29660	3,27719	0,6553	2,62183	0,65531
29680	3,93255	1,31067	2,62184	0,65531
29700	3,27719	0,6553	2,62183	-4,9999999994554E-5
29720	3,93255	-5,9999999997729E-5	3,93254	-0,65541
29740	5,24326	-0,65543	5,24326	-1,31077
29760	5,89861	-1,31079	5,24326	-1,31078
29780	6,55398	-1,96615	5,24326	-1,31077
29800	5,89861	-1,31078	5,24326	-1,31078
29820	5,89862	-1,31079	4,5879	-1,31078
29840	5,24325	-1,31079	9,17546	-0,65542
29860	15,07379	-0,65543	13,10772	-0,65543
29880	12,45235	1,31066	11,79699	0,65531
29900	12,45235	1,31066	11,14163	1,96603
29920	11,14163	1,96602	10,48627	1,31067
29940	10,48627	1,96603	9,83091	1,31068
29960	9,83091	1,96603	9,17555	1,96604
29980	9,83091	1,96604	9,17555	1,96604
30000	9,17555	1,96603	9,17555	1,96604
30020	9,17555	1,96604	9,17554	1,96605
30040	9,17554	2,6214	8,52018	1,96605
30060	9,17554	2,6214	8,52018	2,62141
30080	8,52018	2,6214	8,52018	2,6214
30100	9,17555	3,27676	8,52019	3,27676
30120	8,52019	3,27675	8,5202	3,27676
30140	7,20946	4,58748	5,24337	4,5875
30160	5,89874	5,24285	5,24338	5,24286
30180	5,89873	5,89822	4,58802	5,89823
30200	4,58801	6,55358	3,93266	6,5536
30220	4,58802	7,20895	3,93266	7,20896
30240	3,93266	7,20895	3,2773	7,20896
30260	3,93266	7,86431	3,2773	7,20896
30280	3,93266	7,86431	3,27731	7,86432
30300	3,93267	7,86431	3,27731	7,86432
30320	3,93267	7,86432	3,93266	7,20896
30340	5,24338	7,20895	5,24337	6,5536
30360	5,89873	6,55359	5,89873	6,5536
30380	6,55408	6,5536	5,89872	5,89824
30400	6,55407	5,89823	6,55407	5,89824
30420	7,20943	5,89823	6,55407	5,89824
30440	7,20943	5,89823	6,55407	5,89824
30460	7,20943	5,89823	6,55407	5,89823
30480	7,86479	5,89823	11,79701	5,89824
30500	17,69533	6,55359	16,38462	5,89823
30520	17,03996	6,55359	15,72925	6,5536
30540	17,03996	6,55359	15,72925	5,89824
30560	16,38461	6,55359	16,38461	5,89824
30580	17,03996	5,89822	17,03996	5,24287
30600	17,69532	5,89823	17,03997	5,24288
30620	18,35069	5,24286	17,69533	5,24287
30640	18,35068	5,24286	17,69532	5,24287
30660	18,35069	5,24286	18,35068	5,24287
30680	19,00604	5,24286	18,35068	5,24287
30700	19,00605	5,89822	18,35069	5,24286
30720	19,00604	5,24285	18,35069	5,24286
30740	19,00605	5,24285	18,35068	5,24286
30760	19,00604	5,24286	19,00605	4,5875
30780	19,00604	5,24285	18,35068	4,5875
30800	19,00604	5,24285	18,35068	4,5875
30820	22,28288	5,24284	26,21511	4,58749
30840	27,52585	5,24283	26,21512	4,58748
30860	27,52584	4,58748	26,21512	3,93212
30880	26,21512	3,93211	26,21513	3,93212
30900	26,21513	3,27675	25,55976	3,27676
30920	26,87049	3,27675	26,21512	2,6214
30940	27,52583	2,62138	26,87047	1,96603
30960	28,18119	1,96602	27,52583	1,31067
30980	28,18118	1,96602	27,52582	1,31067
31000	28,18118	1,31066	27,52582	0,65531
31020	27,52582	0,6553	27,52582	0,65531
31040	27,52582	0,6553	26,87045	0,6553
31060	26,87046	0,6553	26,2151	-5,9999999997729E-5
31080	26,87046	0,65529	25,55974	-5,9999999997729E-5
31100	26,2151	-5,9999999997729E-5	25,55974	-0,65542
31120	25,55974	-0,65543	26,87048	-0,65542
31140	30,80269	-0,65543	29,49198	-0,65542
31160	29,49197	-7,0000000000903E-5	28,83661	-0,65542
31180	29,49197	-0,65543	28,83661	-0,65542
31200	28,8366	-1,31079	28,18125	-1,31078
31220	28,8366	-1,31079	28,18124	-1,96614
31240	28,8366	-1,96615	28,18124	-1,96614
31260	28,8366	-1,96615	28,18124	-1,96614
31280	28,18124	-1,96615	28,18125	-1,96615
31300	28,18124	-1,96615	27,52589	-2,62151
31320	28,18125	-2,62152	26,87053	-2,62151
31340	27,52589	-2,62151	26,87053	-2,62151
31360	27,52589	-1,96615	26,87053	-2,62151
31380	26,87054	-2,62152	26,21518	-2,62151
31400	26,21517	-2,62152	25,55982	-3,27687
31420	26,21518	-2,62152	24,90446	-3,27687
31440	25,55982	-3,27688	24,90446	-3,27687
31460	25,55983	-3,27688	24,2491	-3,27687
31480	25,55982	-3,27688	25,55982	-3,27688
31500	34,73497	-2,62153	41,94404	-3,27688
31520	42,59941	-2,62154	41,94403	-3,27688
31540	42,59939	-3,27689	42,59939	-3,27688
31560	43,25475	-3,27689	43,25474	-3,27689
31580	43,25474	-3,27689	43,25473	-3,27689
31600	43,25473	-3,2769	43,25473	-3,93225
31620	43,91009	-3,93225	43,25473	-3,93225
31640	43,91009	-3,2769	43,91009	-3,93226
31660	44,56545	-3,93226	43,91009	-4,58762
31680	44,56545	-3,93226	43,91009	-4,58762
31700	44,56545	-3,93227	43,91009	-4,58762
31720	44,56545	-4,58763	43,91009	-4,58762
31740	44,56545	-4,58763	43,91009	-4,58762
31760	44,56545	-5,24299	44,56545	-5,24298
31780	45,22081	-4,58763	44,56545	-5,24298
31800	45,22082	-4,58763	44,56546	-5,24298
31820	44,56545	-4,58763	41,94398	-4,58762
31840	42,59935	-4,58763	41,94399	-4,58762
31860	42,59935	-3,93227	41,94399	-3,93226
31880	42,59935	-3,93227	41,94399	-4,58762
31900	42,59935	-4,58763	41,944	-4,58762
31920	42,59935	-4,58763	42,59936	-4,58762
31940	42,59935	-4,58763	41,94399	-4,58762
31960	42,59936	-4,58763	41,28864	-5,24299
31980	42,59935	-4,58763	41,944	-4,58763
32000	49,15303	-3,27691	60,94973	-3,2769
32020	65,53733	-2,62156	64,22661	-1,96619
32040	64,22661	-2,62155	64,2266	-2,62155
32060	66,19268	-2,62156	65,53731	-2,62156
32080	67,50339	-3,27693	67,50338	-3,27692
32100	68,15873	-3,27693	68,15873	-3,93228
32120	68,81409	-4,58765	68,15872	-4,58764
32140	69,46944	-3,93229	68,81408	-3,93228
32160	69,46943	-3,27693	68,81407	-3,93228
32180	69,46943	-3,93229	69,46943	-3,93229
32200	70,12479	-3,93229	70,12479	-3,27693
32220	70,78015	-3,27693	65,53723	-3,27691
32240	50,46377	-2,62153	41,94398	-2,62152
32260	41,94399	-1,96615	42,59936	-1,96615
32280	43,25471	-1,3108	41,94399	-1,31079
32300	42,59934	-1,3108	42,59934	-1,3108
32320	43,2547	-1,96617	43,2547	-1,96617
32340	43,91005	-1,96618	43,25469	-1,96617
32360	43,91005	-1,96617	43,91006	-1,96616
32380	44,56542	-1,96618	44,56541	-2,62153
32400	44,56542	-2,62154	44,56542	-2,62154
32420	44,56542	-1,96618	43,91006	-1,96617
32440	44,56542	-1,96618	44,56542	-2,62153
32460	45,22077	-2,62154	43,9126	-2,62154
32480	44,56542	-2,62154	43,91005	-1,96617
32500	44,56541	-1,96618	44,56541	-1,96618
32520	44,56542	-1,96618	43,91005	-1,96617
32540	44,56542	-1,96618	43,25469	-1,96617
32560	43,91005	-1,96618	43,91006	-1,96617
32580	43,91006	-1,96618	43,25469	-1,96617
32600	43,91006	-1,96617	42,59934	-1,96617
32620	43,25469	-1,31082	42,59933	-1,31081
32640	45,87615	-0,65546	48,49764	-0,65543
32660	49,153	-9,0000000000146E-5	49,15299	-7,9999999996971E-5
32680	49,80834	0,65528	49,80835	0,65529
32700	50,4637	1,31064	50,4637	1,31065
32720	51,11906	2,62137	50,46369	2,62137
32740	51,11905	2,62137	50,46369	2,62138
32760	51,11905	3,27673	53,74051	3,27673
32780	68,81401	2,62134	74,71238	1,31061
32800	74,05701	2,62131	72,74627	3,2767
32820	73,40163	3,27669	72,74626	3,93206
32840	73,40162	4,58741	72,74625	3,93205
32860	72,74625	5,24276	72,09088	4,58742
32880	72,09088	4,58741	71,43551	4,58742
32900	72,09087	5,89813	67,50332	10,48571
32920	65,53724	12,45181	64,88189	13,10718
32940	65,53725	13,76252	65,53724	14,41789
32960	65,53723	14,41789	65,53723	13,76253
32980	66,19259	13,76252	66,19258	13,10716
33000	66,84795	13,10715	66,19259	12,4518
33020	67,50331	11,79642	66,19258	11,79643
33040	67,5033	11,14105	66,84795	10,4857
33060	67,50331	10,48569	66,84795	9,83034
33080	68,15867	9,83032	67,50331	9,17497
33100	68,81403	9,17496	67,50331	8,5196
33120	68,15867	7,86424	67,50331	7,86424
33140	68,15867	7,20887	67,50331	7,20888
33160	68,15868	7,20887	67,50332	6,55351
33180	68,15868	6,55351	67,50332	5,89815
33200	68,15869	5,89814	68,15869	5,89815
33220	68,81405	6,5535	68,15869	6,55351
33240	68,81405	6,55349	68,15869	6,5535
33260	68,81405	6,5535	68,15869	5,89814
33280	68,81405	6,55349	68,1587	5,89814
33300	68,15869	5,24277	64,22649	5,24278
33320	65,5372	5,24277	66,19257	4,58741
33340	67,50328	4,58741	66,84792	3,93206
33360	68,15864	4,58741	67,50328	3,2767
33380	68,814	3,93205	67,50328	3,2767
33400	68,81399	3,93205	68,15863	4,58741
33420	69,46936	5,24277	68,814	5,24278
33440	70,12472	5,89813	69,46935	5,89814
33460	70,12472	6,55349	70,12471	7,20886
33480	70,78008	7,20885	70,12471	7,20886
33500	70,78007	7,20885	70,12471	7,20886
33520	70,78007	7,20885	70,12471	6,5535
33540	70,12471	7,20886	69,46935	6,5535
33560	70,12472	5,89813	70,12471	5,89814
33580	70,78008	5,89813	70,12472	5,89814
33600	70,78008	5,89813	70,12472	5,24278
33620	70,78008	5,24277	70,12472	5,24278
33640	70,78008	5,24277	70,12473	5,24278
33660	70,78008	5,24277	70,12473	5,24278
33680	70,78008	5,24278	70,12473	5,24278
33700	70,78009	5,24277	70,12472	5,24278
33720	71,43545	5,24277	70,78009	4,58741
33740	71,43545	5,24277	70,78009	5,24277
33760	71,43546	5,24276	70,7801	5,24277
33780	71,43545	5,24277	70,12473	4,58741
33800	70,7801	5,24276	70,12473	5,24277
33820	70,78009	5,24276	70,12473	5,24277
33840	70,7801	5,24276	69,46937	5,24277
33860	70,12474	5,24276	69,46938	5,24278
33880	69,46938	5,24277	68,81402	5,24277
33900	69,46938	5,24276	68,81402	5,24276
33920	69,46939	5,89812	68,81403	5,24277
33940	69,46938	5,24276	68,81402	5,24277
33960	69,46939	5,24276	68,15866	5,24277
33980	68,81402	5,24276	68,15867	5,24277
34000	68,81402	5,89811	68,15867	5,24276
34020	69,46938	5,24275	69,46938	5,24276
34040	70,78009	4,58739	70,78009	4,5874
34060	72,0908	5,24275	71,43544	4,5874
34080	72,74616	4,58739	72,74615	4,5874
34100	73,40151	4,58739	72,74615	3,93204
34120	74,05687	4,58739	73,40152	3,93203
34140	74,05687	4,58739	73,40151	3,93203
34160	74,05687	4,58738	73,40152	3,93203
34180	74,05688	3,93202	73,40152	3,93203
34200	74,71224	4,58739	73,40152	4,58739
34220	74,71223	4,58738	73,40151	3,93203
34240	74,05687	4,58738	72,74615	3,93203
34260	69,46931	6,55349	68,81395	6,55349
34280	70,12467	6,55349	69,46931	6,55349
34300	70,12467	7,20884	69,46931	7,20885
34320	70,12467	7,20884	69,4693	6,55349
34340	70,12467	6,55349	69,46931	7,20885
34360	69,46931	7,20884	69,46931	7,20886
34380	70,12466	7,20885	68,81395	7,20886
34400	69,4693	7,86421	68,81395	7,20886
34420	68,81394	7,86422	68,15858	7,20887
34440	68,81394	7,86422	68,15858	7,86422
34460	68,81394	7,86422	67,50322	7,86423
34480	68,15858	8,51958	67,50322	7,86423
34500	68,15859	7,86422	66,84786	7,86423
34520	67,50322	8,51958	66,84786	7,20887
34540	67,50322	7,86422	66,1925	7,86423
34560	66,84786	7,86422	66,19251	7,20887
34580	66,84786	7,86422	66,19251	7,86423
34600	66,1925	7,86422	65,53714	7,86423
34620	65,53714	7,20886	64,88178	7,20887
34640	65,53714	7,20886	64,88179	7,20886
34660	65,53715	6,5535	64,88179	5,89814
34680	65,53714	6,55349	64,88178	5,89814
34700	65,53714	5,89813	66,19249	4,58741
34720	66,84785	4,58741	66,84784	4,58741
34740	67,5032	4,5874	66,84784	4,58741
34760	67,50319	4,58741	66,19247	3,93205
34780	67,50319	4,58741	66,19247	3,93206
34800	67,50319	4,58741	66,84783	3,93205
34820	67,50319	4,5874	66,84783	3,93205
34840	66,84783	4,5874	66,84783	3,93205
34860	66,84783	3,27669	66,19247	3,27669
34880	66,84783	3,27669	66,19247	3,27669
34900	66,19247	3,27668	65,53711	2,62133
34920	66,19247	2,62133	64,88175	2,62133
34940	66,19247	2,62132	65,53711	2,62132
34960	66,19247	2,62132	65,53711	2,62132
34980	66,19248	2,62132	65,53712	2,62132
35000	66,19247	2,62132	66,19247	1,96597
35020	66,84783	2,62132	66,19247	2,62133
35040	66,19247	3,27668	65,53711	3,27669
35060	66,19248	3,27668	64,88175	3,2767
35080	65,53712	3,27669	64,88176	3,2767
35100	65,53712	3,93204	64,88176	3,93205
35120	65,53712	3,93205	64,88176	3,93206
35140	64,88176	3,93205	64,22641	4,58742
35160	64,88177	4,58742	63,57105	4,58742
35180	64,22641	5,24277	64,22641	4,58742
35200	64,2264	5,24277	63,57105	4,58742
35220	64,22641	4,58741	63,57105	5,24278
35240	64,22641	5,24278	63,57105	5,24279
35260	63,57105	5,24278	62,9157	5,24278
35280	63,57106	5,24278	62,9157	5,24279
35300	63,57106	5,89813	62,9157	5,24278
35320	63,57106	5,24278	63,57106	4,58742
35340	64,22641	4,58741	64,88177	3,93206
35360	66,19249	4,58741	65,53712	4,58742
35380	66,84784	4,58741	66,19248	3,93207
35400	66,84784	4,58741	66,19247	4,58743
35420	66,84783	5,24278	66,19247	5,24279
35440	66,19248	5,24279	64,88175	5,89816
35460	62,91564	6,55352	62,26029	6,55352
35480	63,57101	7,86425	62,26029	7,2089
35500	62,91565	8,5196	62,26029	7,86425
35520	62,26029	7,86425	61,60493	7,2089
35540	62,26028	7,86425	60,94957	7,2089
35560	61,60493	7,2089	60,94956	6,55354
35580	60,94957	6,55354	60,94957	5,89818
35600	61,60493	5,89817	60,94957	5,89819
35620	61,60493	5,89818	60,94958	5,24282
35640	61,60493	5,24281	60,94957	4,58746
35660	61,60493	4,58745	60,29421	4,58746
35680	60,94957	3,93209	64,88178	4,58746
35700	66,84791	3,9321	64,88181	3,9321
35720	65,53717	4,58745	64,22645	3,9321
35740	64,88181	3,93209	63,57109	3,9321
35760	64,22645	3,27673	62,91573	3,27673
35780	63,5711	3,27673	62,91574	3,27674
35800	63,5711	3,93209	62,26038	3,27674
35820	62,91575	3,93209	62,26038	3,93209
35840	62,26039	3,93209	61,60503	3,9321
35860	61,60502	3,93209	60,94966	3,27674
35880	60,2943	3,93209	60,2943	3,93209
35900	60,2943	3,93209	59,63894	3,9321
35920	59,63894	4,58745	58,98359	4,58746
35940	60,29431	4,58745	59,63895	4,58745
35960	60,29432	4,58745	60,29432	3,93209
35980	61,60503	3,93208	61,60504	3,93208
36000	62,91575	3,93208	62,26039	3,27672
36020	63,5711	3,27672	62,91574	3,27672
36040	63,57109	3,27672	62,91574	3,27672
36060	62,91573	3,27671	63,5711	3,93209
36080	66,84795	6,55354	64,88188	5,89819
36100	64,88187	6,55353	64,22651	5,89818
36120	65,53723	6,55353	64,22651	6,55354
36140	64,88187	5,89817	64,2265	5,89818
36160	64,88186	5,89817	64,22651	5,24282
36180	64,88187	5,24281	63,57114	5,24282
36200	64,22649	5,24281	62,91577	4,58745
36220	63,57113	5,24281	62,26042	4,58745
36240	63,57114	4,58744	62,91578	4,58745
36260	63,57115	4,58744	62,91578	3,93208
36280	63,57115	3,93208	63,57115	3,93209
36300	63,57114	3,93208	62,91579	3,27673
36320	63,57115	3,93209	62,91578	3,93209
36340	63,57115	3,93208	62,26043	3,27672
36360	62,91579	3,27671	62,26043	3,27672
36380	62,91579	3,27671	62,26044	3,27672
36400	62,91579	3,27671	62,26043	3,27672
36420	62,26044	3,27671	61,60508	2,62136
36440	62,26044	3,27671	60,94972	2,62135
36460	61,60508	2,62135	60,94972	1,96599
36480	62,26044	3,27671	66,19268	2,62136
36500	68,1588	3,27672	66,84807	3,27671
36520	66,84806	3,27671	66,84806	3,27671
36540	67,50343	3,2767	66,84807	3,27671
36560	67,50343	3,2767	66,84808	2,62134
36580	67,50344	3,27669	67,50344	2,62134
36600	68,15879	2,62133	68,81416	1,96598
36620	70,12488	1,96597	70,12487	1,31062
36640	71,43559	1,3106	71,43558	0,65525
36660	72,09093	0,65524	71,43558	0,65525
36680	72,09094	0,65524	72,09094	-0,00010999999999939
36700	72,09093	0,65524	72,09094	0,65525
36720	72,09094	-0,00012000000000256	71,43558	0,65525
36740	72,09094	-0,00012999999999863	71,43559	-0,00011999999999546
36760	72,09094	-0,00012000000000256	72,09095	-0,00011999999999546
36780	72,09094	-0,00012999999999863	71,43558	-0,00011999999999546
36800	72,09095	-0,00012999999999863	71,43559	-0,00011999999999546
36820	72,74632	0,65523	75,36781	-0,00011999999999546
36840	75,36782	0,65523	74,71245	0,65524
36860	75,36781	0,65523	74,71245	-0,00011999999999546
36880	75,36782	0,65523	75,36782	-0,00011999999999546
36900	76,02317	0,65523	74,71245	-0,00011999999999546
36920	76,02317	-0,00012999999999863	75,36781	-0,00011999999999546
36940	76,02317	-0,00012999999999863	75,36782	-0,00011999999999546
36960	76,02317	0,65523	76,02318	0,65524
36980	76,67854	0,65523	76,02318	0,65523
37000	76,67854	0,65523	76,02319	0,65523
37020	77,33391	0,65522	76,67855	0,65523
37040	76,67855	0,65522	76,67855	0,65523
37060	76,67855	0,65522	76,02319	0,65522
37080	76,67855	-0,00014999999999787	76,02319	-0,0001399999999947
37100	76,67855	-0,00014999999999787	76,02319	-0,0001399999999947
37120	76,67855	-0,00014999999999787	76,02319	-0,6555
37140	76,02318	-0,00014999999999787	75,36783	-0,6555
37160	76,02319	-0,00014999999999787	75,36783	-0,0001399999999947
37180	76,67856	-0,65551	75,36784	-0,65551
37200	76,0232	-0,00014999999999787	75,36784	-0,6555
37220	76,67855	-0,65552	76,67855	-1,31087
37240	77,33391	-1,31089	77,3339	-1,96624
37260	78,64462	-1,96625	78,64461	-1,96624
37280	79,95533	-1,96625	79,95533	-2,6216
37300	80,61068	-2,62161	79,95533	-2,62161
37320	80,61068	-2,62161	79,95532	-2,62161
37340	80,61068	-2,62161	80,61068	-3,27697
37360	81,26605	-3,27698	79,95533	-3,27697
37380	81,26605	-3,27698	79,95532	-3,27697
37400	80,61068	-3,93234	80,61069	-4,58769
37420	81,26605	-3,93234	80,61069	-3,93234
37440	80,61068	-3,93235	79,29996	-4,5877
37460	80,61069	-4,5877	79,95532	-4,5877
37480	80,61068	-4,58771	80,61068	-5,24306
37500	81,26604	-5,24307	80,61068	-4,58771
37520	81,26604	-5,24308	80,61067	-5,24306
37540	81,26604	-5,24307	80,61068	-5,24307
37560	81,9214	-4,58772	81,26604	-4,5877
37580	81,26604	-4,58771	81,26604	-4,5877
37600	81,9214	-4,58771	80,61068	-4,5877
37620	81,26604	-3,93235	80,61068	-3,93234
37640	81,26604	-3,27699	80,61068	-3,27698
37660	81,26604	-3,27699	80,61068	-3,27697
37680	81,26604	-3,27698	80,61068	-3,27697
37700	81,26604	-2,62162	79,95532	-2,62161
37720	80,61068	-2,62162	79,95532	-2,6216
37740	80,61069	-1,96626	79,29997	-1,96625
37760	79,95533	-1,96625	79,29997	-1,31088
37780	79,95533	-1,31089	78,64461	-1,31088
37800	79,95533	-1,31089	79,30252	-1,31088
37820	79,95533	-1,31089	79,29997	-1,96624
37840	81,26604	-1,31089	80,61068	-1,96624
37860	81,92139	-1,96625	81,26603	-1,96624
37880	81,92139	-1,96625	80,61067	-1,96624
37900	81,92139	-1,96625	81,26603	-1,96624
37920	81,92139	-1,96625	81,26603	-1,96624
37940	81,92139	-1,96624	81,26603	-1,96624
37960	81,26603	-1,96625	80,61067	-1,96624
37980	81,9214	-1,96625	81,26603	-1,96625
38000	81,26603	-1,96626	80,61067	-1,96625
38020	81,26603	-1,96625	80,61066	-1,96625
38040	80,61067	-1,96626	83,23214	-1,96625
38060	93,71804	-1,31089	95,68418	-1,96624
38080	94,37344	-1,31089	93,06271	-1,31088
38100	93,71807	-1,31089	93,71807	-1,31089
38120	94,37343	-1,3109	93,71806	-1,31089
38140	94,37342	-1,3109	93,71807	-1,96625
38160	93,71806	-1,3109	93,0627	-1,96625
38180	93,71806	-1,3109	93,0627	-1,96625
38200	93,71806	-1,3109	93,0627	-1,31089
38220	93,0627	-1,3109	93,0627	-1,3109
38240	93,71806	-1,3109	92,40734	-1,96626
38260	93,0627	-1,3109	91,75199	-1,3109
38280	92,40734	-1,3109	91,75198	-1,3109
38300	91,75198	-1,3109	91,09661	-1,31089
38320	91,09662	-1,3109	90,44126	-1,96626
38340	90,44126	-1,96626	89,7859	-1,96626
38360	90,44126	-1,96627	89,13054	-1,96626
38380	90,44126	-1,3109	89,13055	-1,96625
38400	90,44127	-1,96627	90,44126	-1,96626
38420	91,09662	-2,62163	91,09662	-2,62163
38440	92,40734	-2,62164	93,0627	-2,62162
38460	98,30565	-1,96626	98,96103	-1,96624
38480	98,96103	-1,96625	98,30565	-1,96624
38500	98,96102	-1,31089	98,30566	-1,96625
38520	99,61637	-1,96625	98,96102	-1,96625
38540	98,96102	-2,62162	98,96102	-3,27697
38560	99,61637	-3,27698	99,61638	-4,5877
38580	99,61637	-3,93235	98,96101	-5,24307
38600	100,27173	-5,89844	99,61636	-6,55381
38620	100,27173	-6,55381	99,61636	-7,20916
38640	100,92709	-7,20918	111,41299	-5,24307
38660	120,5882	-5,24306	118,62211	-4,58771
38680	116,656	-3,93235	116,65599	-3,93234
38700	117,96672	-3,93235	117,96672	-3,93234
38720	118,62207	-3,93235	117,96671	-3,93234
38740	117,96671	-3,93235	117,9667	-3,93234
38760	118,62206	-3,93236	117,9667	-3,27699
38780	118,62205	-3,93235	117,96669	-3,93235
38800	118,62205	-3,277	117,96669	-3,93235
38820	118,62205	-3,93236	117,96669	-3,93235
38840	118,62205	-3,93236	117,96669	-3,27699
38860	118,62205	-3,277	117,96669	-3,93236
38880	117,96669	-3,93237	117,31133	-3,93236
38900	117,96669	-3,93237	117,31133	-3,93236
38920	117,31133	-3,93237	116,65597	-3,93236
38940	117,31133	-3,93236	116,65597	-3,93236
38960	116,65597	-3,93237	113,37913	-3,93236
38980	113,37913	-3,93237	113,37913	-4,58772
39000	114,68985	-4,58773	114,68984	-5,24308
39020	115,3452	-5,24309	114,68983	-5,89845
39040	116,00055	-5,89846	115,34519	-7,20917
39060	116,65591	-7,20918	115,34518	-8,51989
39080	116,00054	-8,5199	116,00054	-9,17525
39100	116,00054	-9,17526	115,34518	-9,83061
39120	116,00054	-9,83062	115,34518	-10,48598
39140	116,00054	-10,48599	115,34519	-11,14134
39160	116,00054	-11,79671	115,34518	-11,14134
39180	116,00055	-11,79671	116,00055	-12,45207
39200	116,00054	-11,79671	116,00055	-12,45207
39220	116,65591	-13,10744	116,00055	-13,10743
39240	116,65591	-13,7628	116,65591	-14,41816
39260	117,96663	-15,07353	117,31127	-15,07352
39280	117,96664	-15,07353	116,00053	-15,07352
39300	95,02877	-14,41813	68,81406	-13,10737
39320	55,05134	-10,48589	51,77454	-7,86443
39340	53,08529	-4,58763	53,08528	-2,62155
39360	53,08527	-0,65547	53,08526	0,65526000000001
39380	54,39598	1,31061	53,74062	2,62134
39400	54,39597	3,2767	53,7406	4,58745
39420	54,39594	5,89816	53,0852	6,55354
39440	53,74055	7,86426	53,08517	8,51962
39460	53,74052	8,51962	53,0877	9,17499
39480	53,08515	9,83036	52,42978	10,48573
39500	52,42977	10,48573	52,42977	10,48574
39520	52,42977	10,48572	51,77441	10,48574
39540	52,42977	10,48573	51,77442	9,83038
39560	52,42978	10,48573	51,77443	9,83038
39580	53,08516	9,83037	52,4298	9,17501
39600	54,39588	9,175	54,39588	8,51964
39620	55,7066	8,51963	56,36198	8,51963
39640	63,57107	7,20889	68,81409	4,58744
39660	68,15879	3,27667	64,88202	-0,00014999999999787
39680	64,88207	-1,96627	63,57138	-3,93236
39700	64,22677	-5,2431	64,22679	-5,24309
39720	66,19289	-4,58773	68,15897	-3,93235
39740	70,78042	-3,27699	71,43578	-2,62161
39760	74,0572	-1,31089	74,71254	-0,65551
39780	76,02323	-0,65552	76,67856	-0,65551
39800	77,98926	-0,00014999999999787	77,33389	-0,65551
39820	77,98924	-0,00016000000000105	77,33387	-0,65551
39840	78,64458	-0,00016000000000105	77,98921	-0,65551
39860	78,64456	-0,00016000000000105	77,9892	-0,00014999999999787
39880	79,29992	-0,00016000000000105	77,98919	-0,0001399999999947
39900	68,15868	-0,00012999999999863	38,01178	-1,96617
39920	9,83097	-1,96614	-5,24246	-1,31074
39940	-6,5532	-1,9999999999243E-5	-5,24246	-2,9999999995312E-5
39960	-3,27638	0,65532	-3,27639	0,65532
39980	-2,62102	1,31067	-1,96566	1,96604
