T	LX	LY	RX	RY
0	0	0	0	0
20	0	-1,0000000003174E-5	0,65535	-1,31074
40	-2,0000000006348E-5	-1,96613	0,65534	-2,62149
60	-2,0000000006348E-5	-2,6215	1,3107	-5,24296
80	1,3107	-7,20907	1,31069	-9,17517
100	1,31069	-9,83054	1,96606	-10,48589
120	0,65534	-10,48589	1,96606	-10,48588
140	0,65534	-10,48587	1,96606	-10,48587
160	1,3107	-9,8305	1,96606	-9,83051
180	1,96606	-9,17515	2,62142	-9,17516
200	1,96606	-8,51979	3,27678	-8,5198
220	2,62142	-7,86444	3,27678	-7,86445
240	2,62142	-8,51982	2,62141	-10,48594
260	2,6214	-11,14132	3,27676	-11,79668
280	2,6214	-11,79668	2,6214	-11,79668
300	1,96604	-12,45204	2,62139	-13,76277
320	1,96603	-14,41815	2,62138	-15,07353
340	1,96602	-14,41816	1,96603	-13,76279
360	1,96603	-13,76278	1,96603	-13,10742
380	1,31066	-13,76278	1,96602	-14,41816
400	1,31065	-17,03963	0,65527	-29,49158
420	-7,8643	-65,53672	-19,00512	-137,62709
440	-28,83492	-237,89824	-20,96966	-281,80824
460	-24,24548	-281,80834	-39,97454	-281,80784
480	-42,59653	-281,80733	-41,28588	-281,80754
500	-13,76021	-281,80795	3,27939	-281,80807
520	3,93446	-281,80796	4,58917	-271,32192
540	3,27766	-242,48578	0,6558	-212,99428
560	-4,58735	-186,12424	-6,55357	-161,2203
580	-9,1751	-138,28244	-8,51978	-118,62142
600	-7,86446	-102,23723	-6,55377	-87,81916
620	-5,89841	-75,36718	-4,5877	-66,19201
640	-4,5877	-57,67223	-3,27697	-52,42928
660	-3,27697	-46,53099	-2,6216	-42,59879
680	-2,6216	-38,6666	-1,96623	-34,7344
700	-1,96622	-32,11293	-1,31086	-30,14683
720	-1,31086	-28,18074	-0,00014999999999787	-28,83612
740	-0,65551	-28,83613	-0,00016000000000105	-29,49151
760	-0,00016000000000105	-29,49151	0,65519	-28,83615
780	-0,00017000000000422	-27,52542	1,31054	-26,87007
800	0,65517999999999	-24,90397	0,65516	-22,93788
820	-0,00019999999999953	-20,97179	0,65516	-19,0057
840	-0,00021000000000271	-17,69497	0,65514	-17,0396
860	-0,00023000000000195	-15,72888	-0,00023000000000195	-15,72888
880	-0,65559	-15,72888	-0,00023000000000195	-15,72888
900	-0,65559	-15,07352	-0,00023000000000195	-15,0735
920	-0,65558	-14,41813	-0,00021000000000271	-14,41812
940	-0,00019999999999953	-13,76276	1,31053	-13,76274
960	-0,00017000000000422	-12,452	1,31056	-11,79662
980	1,31057	-10,48588	2,6213	-9,8305
1000	1,96596	-9,17513	2,62133	-8,51976
1020	2,62133	-7,20903	3,2767	-7,20903
1040	2,62134	-5,89831	3,2767	-5,89831
1060	1,96597	-5,89832	2,62133	-5,24297
1080	1,3106	-3,93224	2,62132	-4,5876
1100	1,3106	-3,93225	1,96596	-3,93225
1120	1,31061	-3,93225	1,96597	-5,24298
1140	9,83038	-3,93227	23,5932	-3,93227
1160	25,55937	-2,62155	24,24863	-1,31082
1180	23,59327	1,31065	24,24864	1,96601
1200	23,59329	2,62139	24,24865	3,27675
1220	23,59328	3,93211	24,24865	3,93212
1240	23,59329	3,93212	23,59329	3,93212
1260	22,93792	3,93212	23,59328	3,93212
1280	22,93793	3,93212	23,59328	3,93212
1300	22,28256	4,58748	22,93792	4,58747
1320	22,28256	4,58747	23,59327	3,93209
1340	22,28256	4,58746	23,59327	3,93208
1360	22,28255	3,93207	20,31643	2,62135
1380	19,66107	2,62136	20,97181	3,27672
1400	20,97182	4,58746	21,62718	5,24283
1420	20,97182	4,58746	22,28254	4,58746
1440	21,62718	5,24282	22,28254	5,24282
1460	22,28255	5,89817	23,59327	5,89817
1480	22,93791	6,55353	23,59327	6,55353
1500	23,59328	7,20888	24,24864	6,55352
1520	23,59328	6,55351	24,24864	5,89814
1540	23,59328	5,24277	24,24865	3,93203
1560	23,59329	2,6213	24,24864	1,31055
1580	23,59328	1,31055	24,24865	1,31055
1600	23,59329	1,31055	24,24865	1,31055
1620	24,24865	1,31055	18,35032	-1,31091
1640	9,83053	-0,65551	9,83052	-0,00012000000000256
1660	9,83054	1,96598	10,48591	3,27672
1680	9,83055	3,9321	10,48591	3,9321
1700	9,83056	3,9321	10,48592	4,58746
1720	10,48592	5,24283	11,14129	5,24283
1740	10,48593	5,24284	11,1413	5,24284
1760	10,48595	5,24285	11,14132	5,24285
1780	11,14132	5,89822	11,14133	5,89823
1800	11,14134	6,55359	11,14134	6,5536
1820	11,14135	6,5536	11,14135	6,55359
1840	10,48599	5,89823	11,14135	5,24287
1860	10,48599	4,58749	5,24305	2,62141
1880	3,93233	2,62142	4,58769	2,62141
1900	3,93233	3,27678	3,93232	3,27678
1920	3,27696	2,62141	3,93231	1,96604
1940	3,27695	1,31067	3,93231	1,31066
1960	3,27694	0,65529	3,93231	-0,65544000000001
1980	3,27694	-0,65545	4,58766	-0,65545
2000	3,9323	-0,65545	4,58766	-1,31082
2020	3,9323	-1,96619	5,24303	-2,62156
2040	3,9323	-2,62156	5,24301	-3,27693
2060	4,58765	-2,62158	5,24302	-2,62157
2080	4,58765	-1,9662	5,24302	-1,9662
2100	4,58767	-1,9662	5,24303	-1,9662
2120	5,24303	-1,31082	5,8984	-0,65545
2140	4,58769	0,65526999999999	5,89841	0,65528
2160	4,5877	0,65528	5,89843	1,31065
2180	5,2431	2,62138	5,89847	2,62139
2200	5,24311	3,27675	5,89845	2,62139
2220	7,86454	3,27676	19,00581	5,24287
2240	22,93809	5,89823	22,28272	6,5536
2260	20,97199	7,86433	22,2827	8,51971
2280	20,97198	9,17508	22,28269	9,17507
2300	21,62734	9,17507	22,28269	9,17507
2320	21,62733	9,17506	22,28269	9,17506
2340	21,62732	9,17506	22,28269	8,5197
2360	21,62733	9,17506	22,28268	9,17506
2380	21,62733	9,17506	21,62733	9,17505
2400	20,97197	9,17506	21,62733	9,17505
2420	20,97197	9,17506	21,62733	9,17506
2440	20,97197	9,83043	20,97197	9,83043
2460	20,31661	10,48579	20,97197	10,48579
2480	20,31661	10,4858	20,97197	10,48579
2500	20,31661	11,14115	21,62733	10,48579
2520	20,3166	11,14115	20,97196	11,14115
2540	20,3166	11,79651	20,97196	11,7965
2560	20,3166	11,79651	20,97196	11,14114
2580	20,3166	11,14114	20,97196	11,14114
2600	20,3166	11,7965	20,97196	11,14115
2620	20,31659	11,14115	20,97196	10,48578
2640	20,31659	10,48578	20,97195	10,48578
2660	22,28269	11,14114	29,49176	11,79652
2680	28,83643	12,45188	28,18106	13,10725
2700	28,18105	14,41799	29,49178	15,07336
2720	28,18106	15,07336	29,49178	15,07335
2740	28,18106	15,07336	29,49178	15,07335
2760	28,83641	14,41799	29,49177	14,41798
2780	28,83641	14,41799	28,83641	14,41799
2800	28,18105	15,07335	28,83641	15,07335
2820	28,18104	15,07336	28,8364	14,41799
2840	28,18104	15,07335	29,49176	14,41799
2860	28,18104	15,07335	28,8364	14,41799
2880	28,18104	14,418	28,8364	13,76263
2900	28,18104	14,41799	28,8364	14,41799
2920	28,18104	14,418	28,8364	14,41799
2940	28,18104	14,418	29,49176	14,418
2960	28,83639	14,41799	34,07935	15,07338
2980	40,63311	17,69486	42,59925	18,35022
3000	41,28852	19,00559	41,94387	19,66096
3020	41,28851	20,31634	41,94388	19,66096
3040	41,94387	20,31632	42,59923	19,66096
3060	41,28851	19,66096	42,59923	19,66095
3080	41,94386	19,66096	42,59923	19,66095
3100	41,2885	19,66095	41,94386	19,66095
3120	41,2885	19,66095	41,94386	19,66094
3140	41,2885	19,66095	41,94386	19,66095
3160	41,2885	19,66095	41,2885	19,66094
3180	41,28849	19,66095	41,28849	19,66095
3200	40,63313	19,66095	41,94385	19,66095
3220	40,63313	19,66094	41,28849	19,00558
3240	40,63313	19,00558	41,28848	19,00557
3260	42,59922	19,00557	53,08514	19,66096
3280	56,36205	19,66097	57,01741	20,31632
3300	55,70668	20,97169	56,36204	21,62705
3320	56,36204	22,28242	57,67276	21,62706
3340	56,36204	21,62705	57,0174	20,97168
3360	57,0174	20,97168	57,0174	20,31631
3380	57,0174	20,31631	57,67276	20,3163
3400	57,01739	20,3163	57,67275	20,3163
3420	57,01739	20,3163	57,67274	20,3163
3440	57,01739	20,3163	57,67274	19,66094
3460	57,01739	20,97166	57,01738	20,3163
3480	57,01738	20,3163	57,67274	19,66093
3500	57,01738	19,00557	57,01738	19,00557
3520	56,36202	19,00556	57,67274	18,35018
3540	56,36202	18,35018	57,01738	17,69482
3560	56,36202	18,35018	57,01737	18,35018
3580	56,36201	18,35018	57,01737	18,35018
3600	56,36201	18,35018	60,9496	19,00557
3620	62,26039	19,66095	62,2604	19,66095
3640	62,2604	20,31632	62,2604	20,97168
3660	62,2604	20,97168	62,2604	20,31632
3680	62,2604	20,31632	62,2604	20,31631
3700	62,26039	20,31631	62,26039	20,31631
3720	62,26039	20,31631	62,91575	19,66094
3740	62,2604	19,66094	62,26038	19,66094
3760	61,60503	19,66094	62,26039	19,66094
3780	61,60503	19,66094	62,26039	19,66094
3800	61,60503	19,66095	62,26039	19,66094
3820	61,60503	20,31631	62,26038	19,66095
3840	60,94966	19,66095	61,60501	19,66094
3860	60,94965	19,66093	61,605	19,00557
3880	60,29428	19,66092	60,94964	19,00556
3900	60,29427	19,00556	60,94962	19,00556
3920	60,29426	19,66092	60,94961	19,00555
3940	59,63888	19,00555	60,29424	18,35019
3960	-42,59729	19,00555	60,29424	18,35018
3980	59,63887	18,35018	60,29423	17,69482
4000	60,29423	18,35018	60,94959	18,35017
4020	60,29423	17,69481	60,94958	17,03944
4040	57,67276	17,03944	58,32812	16,38408
4060	58,32814	17,03945	58,9835	17,69482
4080	58,32813	17,69482	58,98349	17,03946
4100	58,32813	17,03946	58,98349	17,03945
4120	58,98349	17,03945	58,98349	16,38409
4140	58,98349	17,03945	58,98349	16,38409
4160	58,98349	16,38409	59,63884	15,72873
4180	58,98349	16,38409	59,63884	15,72872
4200	58,98349	16,38408	59,63885	15,72872
4220	58,32813	16,38409	59,63884	15,72872
4240	58,98348	16,38408	59,63884	15,72872
4260	58,32812	15,72872	58,98348	15,72872
4280	58,32812	15,72872	58,98348	15,07335
4300	58,32812	15,07335	58,98348	15,07336
4320	58,98348	15,07335	58,98348	14,41798
4340	58,98348	14,41862	58,98348	13,76262
4360	58,32812	13,76262	58,98348	13,76261
4380	58,32811	14,41797	58,98347	13,76261
4400	58,32812	13,76261	58,98347	13,76261
4420	58,32812	13,76261	58,98347	13,7626
4440	58,32811	13,10724	58,98347	13,10723
4460	58,32811	13,7626	58,98347	13,10723
4480	57,67275	13,76259	58,98347	13,10723
4500	57,67275	13,10723	58,32811	13,10722
4520	58,98348	13,76258	62,91572	14,41798
4540	62,91575	15,07335	62,91574	15,7287
4560	62,26038	16,38408	62,91574	16,38409
4580	62,26038	17,03944	62,91573	16,38408
4600	62,26037	16,38407	62,91573	16,38407
4620	62,26036	16,38407	63,57109	16,38406
4640	62,91572	16,38406	63,57108	16,38406
4660	62,91572	16,38406	64,22644	17,03942
4680	63,57108	17,03942	64,22644	17,03942
4700	63,57108	17,69478	64,22644	17,03942
4720	63,57108	17,69478	64,22644	17,69478
4740	64,22643	17,69478	64,22644	17,03942
4760	63,57108	17,03942	64,8818	17,03941
4780	68,81404	18,35017	70,78019	19,00554
4800	70,12483	19,66091	70,12482	20,31628
4820	70,12482	21,62701	70,78018	20,97165
4840	70,12482	21,62701	70,78018	20,97165
4860	70,12482	21,62701	70,12482	20,97165
4880	69,46946	20,97165	70,78018	21,62701
4900	70,12482	21,62701	70,78018	20,97164
4920	70,12481	20,97164	74,05704	19,66091
4940	75,36782	19,66092	76,02317	20,31628
4960	74,71244	20,97166	75,36781	21,62702
4980	75,36781	21,62703	76,02317	20,97166
5000	75,36781	21,62702	76,02317	20,31629
5020	75,36781	20,31629	76,02317	20,31628
5040	75,36781	20,31628	76,02317	20,31629
5060	75,36781	20,97165	76,02317	20,31629
5080	75,36781	20,97166	76,02317	20,97166
5100	74,71245	20,97166	76,02317	20,97166
5120	75,36781	21,62702	75,36781	20,97166
5140	74,71244	20,97166	76,02317	20,97166
5160	74,71244	21,62702	76,02316	20,97165
5180	75,3678	20,97165	75,3678	20,97165
5200	74,71244	20,97165	76,02316	20,31629
5220	75,36781	20,31629	75,3678	20,31629
5240	75,3678	20,31629	76,02316	20,31628
5260	75,3678	20,31628	76,02316	19,66092
5280	74,71244	19,66092	75,3678	19,66092
5300	74,71245	19,00556	75,36781	19,00556
5320	74,71244	19,00556	75,3678	19,00556
5340	74,71245	19,00556	75,37036	19,00555
5360	74,71245	19,66091	76,02318	19,66092
5380	76,67858	19,66094	78,64469	19,66094
5400	77,98933	20,97166	78,64467	20,97167
5420	77,98932	20,31631	78,64467	20,97166
5440	78,64468	20,97166	79,30003	20,97167
5460	78,64467	20,97166	79,30003	20,97166
5480	79,30003	20,97166	79,30003	20,97167
5500	79,30003	20,97167	79,95539	20,97167
5520	79,30004	20,97167	79,9554	20,97167
5540	79,30004	20,3163	79,9554	20,3163
5560	79,30004	20,3163	80,61077	20,3163
5580	79,9554	20,3163	80,61076	20,3163
5600	79,9554	20,3163	80,61076	19,66094
5620	80,61076	20,3163	81,26612	19,66094
5640	79,9554	19,66094	80,61076	19,66093
5660	77,98932	19,66094	81,26612	19,00558
5680	80,61076	19,00558	81,26612	19,00557
5700	81,26612	19,66094	81,92149	19,66093
5720	81,26613	19,66094	82,57686	19,66093
5740	81,9215	19,66093	81,92149	19,00555
5760	84,54297	19,00556	85,85374	18,35021
5780	84,54301	18,35021	84,54301	18,35021
5800	83,88765	18,35023	84,54301	18,35022
5820	83,88765	18,35023	84,543	17,69486
5840	84,543	17,69485	84,543	17,69485
5860	84,54301	17,69486	85,19836	17,69486
5880	84,543	18,35022	85,19836	18,35022
5900	84,543	19,00559	85,19836	19,00558
5920	84,54299	19,00557	85,19835	18,35021
5940	84,54299	19,00556	85,19835	18,3502
5960	84,54299	18,35019	85,19835	17,69482
5980	87,81984	17,69484	98,3058	17,69488
6000	102,23808	18,35026	102,23809	18,35026
6020	101,58272	19,66099	102,89344	20,31636
6040	102,23809	20,97173	102,89345	20,97173
6060	102,89345	20,97173	102,89345	20,31637
6080	102,89345	20,97173	102,89345	20,97172
6100	102,23809	20,97172	103,54881	20,31635
6120	102,89345	20,31636	103,5488	20,31636
6140	102,23809	20,31636	102,89344	20,31634
6160	102,23808	20,31634	102,89344	20,31634
6180	102,23808	20,31634	102,89344	20,31634
6200	102,23808	20,31634	103,5488	20,31634
6220	102,89343	20,31633	103,54879	19,66097
6240	102,89343	20,31633	104,20415	19,66096
6260	103,54879	20,97169	104,20415	20,31633
6280	103,54879	20,31633	104,20415	20,31633
6300	103,5488	20,9717	104,20415	20,31634
6320	106,17028	20,97171	108,13641	20,31636
6340	107,48106	20,97173	108,13642	21,6271
6360	107,48107	22,28247	108,13643	22,28247
6380	108,13643	22,28248	108,79179	22,28247
6400	108,13643	22,28247	108,79178	22,28247
6420	108,13643	21,62711	108,13642	21,62711
6440	108,13642	22,28247	108,79178	21,6271
6460	108,13643	21,6271	108,79179	21,62711
6480	108,13642	21,62711	108,79178	21,6271
6500	108,79179	21,6271	108,79179	21,6271
6520	108,13643	20,97174	108,79178	20,97174
6540	108,13643	20,97174	108,79179	20,97174
6560	108,79178	21,6271	108,79178	20,97173
6580	108,13642	20,97173	108,79179	20,97173
6600	108,13642	20,97173	109,44714	20,31637
6620	108,13642	19,66099	104,20416	16,38411
6640	78,64468	5,89816	51,7744	-7,86451
6660	24,90424	-18,35033	15,07367	-19,66108
6680	17,69511	-17,03961	18,3505	-15,07351
6700	18,35048	-13,10743	19,66119	-12,45206
6720	19,00583	-11,14133	19,66118	-11,14133
6740	19,66118	-10,48598	20,31653	-10,48598
6760	19,00581	-9,83062	20,31652	-10,48598
6780	19,66115	-9,83062	20,31651	-9,83063
6800	19,66115	-10,486	20,3165	-10,486
6820	19,66114	-10,48601	17,69504	-13,10746
6840	4,58767	-19,00572	-1,96603	-22,28252
6860	-1,96603	-20,9718	-0,6553	-19,66107
6880	-1,31067	-19,0057	-0,65531	-18,35033
6900	-0,65531	-17,03961	3,9999999998486E-5	-17,03961
6920	-0,65532	-17,03961	3,9999999998486E-5	-17,03961
6940	3,9999999998486E-5	-17,0396	0,6554	-16,38425
6960	3,9999999998486E-5	-16,38424	1,31075	-16,38425
6980	2,9999999995312E-5	-16,38425	1,31074	-15,72889
7000	0,65537999999999	-15,72889	1,31074	-16,38426
7020	0,65537999999999	-16,38426	1,31074	-16,38427
7040	0,65537	-16,38427	1,31072	-16,38427
7060	0,65537	-16,38427	1,31072	-17,03964
7080	0,65537	-17,03964	1,31073	-17,695
7100	0,65537	-17,695	1,31072	-17,695
7120	0	-18,35037	1,31072	-18,35037
7140	0	-18,35037	0,65536	-19,00573
7160	-1,0000000003174E-5	-19,00574	0,65535	-19,00574
7180	-1,0000000003174E-5	-18,35038	0,65535	-18,35038
7200	0,65535	-18,35038	1,31071	-18,35038
7220	-0,65538	-16,38426	1,31074	-16,38423
7240	0,65539	-15,72887	1,31074	-15,07351
7260	0,65539	-14,41813	1,31074	-14,41813
7280	0,65537999999999	-14,41812	0,65537	-14,41813
7300	0	-14,41813	0,65537	-14,41813
7320	9,9999999960687E-6	-13,76276	0,65537	-14,41812
7340	9,9999999960687E-6	-14,41812	1,31074	-14,41813
7360	0,65537999999999	-13,76277	1,31074	-14,41813
7380	0,65537999999999	-14,41813	1,31074	-14,41813
7400	0,65537999999999	-14,41813	1,31074	-15,0735
7420	0,65537999999999	-15,0735	1,31074	-15,72887
7440	0,65537999999999	-15,07351	1,96609	-15,72888
7460	1,31074	-15,07351	1,31074	-15,72887
7480	1,31074	-15,72886	1,9661	-15,72887
7500	1,31074	-15,72887	1,9661	-15,72888
7520	1,31074	-15,72887	1,9661	-15,72888
7540	1,31074	-15,72888	1,9661	-15,72887
7560	1,31074	-15,72887	1,9661	-15,72887
7580	1,31074	-15,07351	1,9661	-15,72887
7600	1,31074	-15,72887	1,96609	-15,72888
7620	1,31073	-15,72888	1,31073	-15,72888
7640	1,31073	-15,72889	1,96608	-16,38425
7660	0,65535999999999	-16,38425	1,96608	-16,38426
7680	6,55367	-15,72889	10,4859	-15,72889
7700	9,83055	-15,07353	9,83054	-13,76279
7720	9,83054	-12,45206	10,4859	-13,10742
7740	9,83054	-12,45206	10,4859	-12,45206
7760	9,83054	-12,45205	10,4859	-12,45206
7780	9,83054	-12,45206	10,4859	-13,10742
7800	10,4859	-13,10742	11,14126	-13,10742
7820	9,83054	-13,10743	14,4181	-13,76279
7840	19,00573	-14,41815	19,00575	-15,07353
7860	17,695	-13,7628	18,35036	-13,76279
7880	18,35036	-13,10743	19,00572	-13,10744
7900	17,695	-13,10743	18,35036	-12,45208
7920	17,695	-13,10744	19,00571	-13,76281
7940	18,35035	-13,10745	19,00571	-13,10744
7960	18,35035	-13,10745	19,00571	-13,76281
7980	18,35035	-13,10745	19,00571	-13,76281
8000	18,35035	-13,10745	18,35035	-13,76281
8020	18,35035	-13,76281	19,00571	-13,76282
8040	18,35035	-13,76282	19,00571	-14,41819
8060	18,35035	-15,07355	19,66107	-15,07355
8080	19,00571	-15,72892	19,66107	-15,72892
8100	19,00571	-16,38429	19,66107	-17,03966
8120	19,66107	-17,03966	20,31644	-17,03967
8140	20,31644	-17,03967	20,9718	-17,03967
8160	20,31645	-17,03967	20,97181	-17,03968
8180	20,31645	-17,03968	20,97181	-17,69504
8200	20,31645	-17,69504	20,97181	-18,35041
8220	20,31645	-18,35041	20,31645	-18,35041
8240	19,66108	-18,3504	20,31644	-19,00577
8260	19,66108	-19,00576	20,31644	-19,00577
8280	19,66107	-19,00576	20,31644	-18,3504
8300	19,66108	-17,69503	20,31644	-18,35039
8320	19,66108	-17,69504	20,31643	-18,3504
8340	19,66107	-17,69503	20,31643	-18,35039
8360	19,66107	-17,69504	20,31643	-17,69504
8380	19,66107	-17,69503	20,31643	-17,69504
8400	19,66108	-17,03967	20,31643	-17,03968
8420	20,31643	-17,03967	20,31643	-17,03967
8440	20,31643	-16,38431	20,9718	-17,03968
8460	20,31644	-17,03967	20,9718	-17,69504
8480	20,31644	-17,69504	20,9718	-17,69504
8500	19,66108	-17,03967	20,9718	-17,03967
8520	24,24865	-15,72894	28,83626	-15,07356
8540	28,18092	-14,41819	28,83628	-13,10746
8560	28,18092	-13,10745	28,83628	-12,45209
8580	28,83628	-12,45208	28,83628	-12,45208
8600	28,18092	-12,45208	28,83628	-12,45209
8620	28,18092	-12,45209	28,83628	-12,45209
8640	28,18092	-12,45209	28,83628	-13,10745
8660	28,18092	-12,4521	28,83628	-13,10746
8680	33,42387	-11,14136	39,9776	-9,83062
8700	39,97764	-9,83063	39,97763	-9,17526
8720	39,97763	-8,51989	39,97763	-7,86453
8740	39,97762	-7,20917	40,63299	-7,86453
8760	39,97763	-7,86453	40,63298	-7,86453
8780	39,97762	-7,86454	40,63298	-7,86453
8800	39,97762	-7,86453	40,63298	-7,86453
8820	39,97762	-7,86453	40,63298	-7,86453
8840	39,97762	-7,86454	40,63298	-7,86453
8860	39,97762	-7,20917	40,63298	-7,86453
8880	39,32226	-7,86454	40,63297	-7,86455
8900	39,97761	-7,86454	40,63297	-7,86454
8920	39,97761	-7,86454	40,63297	-7,20918
8940	39,97761	-7,20917	39,9776	-6,55381
8960	39,32225	-6,55381	39,97761	-6,55382
8980	39,32224	-6,55381	39,9776	-7,20918
9000	39,32224	-6,55381	39,32224	-7,20917
9020	38,66688	-6,55382	39,9776	-7,20918
9040	39,32224	-7,20918	39,9776	-7,20918
9060	39,97759	-6,55382	40,63296	-7,20918
9080	39,97759	-6,55382	40,63295	-7,20918
9100	39,9776	-6,55382	40,63296	-6,55381
9120	39,97759	-6,55382	40,63296	-7,20918
9140	39,9776	-7,20917	40,63296	-7,86454
9160	39,9776	-7,20918	40,63296	-7,20918
9180	39,9776	-7,20917	40,63296	-7,86453
9200	39,32479	-7,20917	39,9776	-7,20918
9220	39,32224	-7,86454	39,97759	-7,20918
9240	39,32223	-7,20918	39,97759	-7,86454
9260	39,32223	-7,86454	39,9776	-8,5199
9280	40,63297	-7,86454	47,18667	-6,55379
9300	51,7743	-3,93231	53,08506	-3,27695
9320	53,08506	-2,62158	53,74042	-1,96621
9340	53,08506	-1,31084	54,39578	-1,31085
9360	53,74042	-1,31084	54,39578	-1,31085
9380	53,08506	-1,31085	54,39578	-1,31085
9400	53,74042	-1,31085	53,74041	-1,96621
9420	53,08506	-1,96538	53,74042	-1,96622
9440	53,08505	-2,62159	58,32801	-2,62157
9460	59,63878	-2,62157	59,63878	-1,96621
9480	58,98342	-1,31085	59,63878	-0,65548
9500	59,63878	-0,00010999999999939	60,29414	-0,65548
9520	58,98342	-0,65548	60,29413	-1,31084
9540	58,98341	-0,65548	59,63877	-1,31084
9560	59,63877	-0,65549	59,63877	-1,31085
9580	58,98341	-1,31085	59,63876	-1,31085
9600	58,9834	-1,31085	60,29412	-1,31085
9620	58,9834	-1,31086	59,63876	-1,96621
9640	58,9834	-1,96622	59,63876	-1,96622
9660	58,9834	-1,96622	59,63876	-1,96623
9680	59,63876	-1,96622	59,63876	-2,62159
9700	58,9834	-2,62159	59,63875	-2,6216
9720	58,98339	-3,27696	58,98339	-3,27697
9740	58,98339	-3,93233	59,63875	-3,93234
9760	58,98338	-3,93234	60,2941	-5,24307
9780	58,98337	-5,24308	60,29409	-5,24308
9800	59,63873	-5,24308	60,29409	-5,89844
9820	62,91558	-4,5877	65,53538	-4,58768
9840	64,22636	-3,93232	64,88171	-3,93231
9860	64,22636	-3,27694	64,88172	-3,27694
9880	64,22635	-3,27694	64,88171	-3,93231
9900	63,57099	-3,93231	64,88171	-4,58767
9920	64,22634	-4,58767	64,8817	-4,58767
9940	64,22635	-4,58767	64,88171	-4,58767
9960	64,22634	-4,58766	64,8817	-4,58766
9980	63,57099	-4,58766	64,22635	-4,58766
10000	63,57099	-4,58765	64,22634	-4,58765
10020	63,57099	-3,93229	64,22635	-4,58766
10040	63,57099	-3,9323	64,22635	-3,93229
10060	63,57099	-3,93228	64,22635	-3,27693
10080	63,57099	-3,27692	63,57098	-3,27692
10100	63,57099	-3,27692	63,57099	-2,62155
10120	63,57099	-2,62155	64,22634	-3,27692
10140	63,57099	-3,27692	64,22634	-3,27692
10160	63,57098	-3,27692	64,22634	-3,27692
10180	63,57098	-3,27692	64,22636	-2,62154
10200	63,57101	-2,62154	64,22637	-1,96617
10220	63,57101	-1,31081	64,22637	-1,31081
10240	63,571	-1,31081	64,22636	-1,31082
10260	64,22636	-1,31082	64,88171	-1,96619
10280	63,571	-1,31082	64,22635	-1,31083
10300	63,57099	-0,65546000000001	64,22634	-1,31082
10320	63,57098	-1,31083	64,22634	-1,31082
10340	63,57098	-0,65546000000001	64,22634	-1,31083
10360	63,57098	-1,31083	64,22634	-1,31083
10380	63,57098	-1,31082	63,57098	-0,65546000000001
10400	62,91562	-1,31082	64,22633	-0,65547
10420	62,91561	-0,65547	63,57097	-1,31083
10440	62,91561	-0,65546000000001	63,57097	-1,31083
10460	63,57097	-1,9662	64,22632	-2,62158
10480	63,57095	-1,96622	64,22631	-2,62158
10500	63,57096	-1,96621	64,22632	-1,9662
10520	64,22632	-1,31084	77,33371	-0,65543
10540	85,19826	1,3107	87,81979	2,62145
10560	87,16444	3,93219	87,82235	5,89829
10580	87,16445	7,8644	88,47518	9,17514
10600	87,81982	11,14123	89,13054	11,7966
10620	88,47518	12,45196	88,47518	13,10732
10640	87,81981	13,10732	88,47517	13,76267
10660	87,81982	13,76268	88,47517	13,76268
10680	87,81981	14,41804	88,47517	13,76268
10700	87,16445	13,76268	88,47517	13,76267
10720	87,81981	14,41804	88,47517	13,76267
10740	87,81981	13,76268	88,47516	13,76267
10760	87,81981	13,76266	88,47516	13,10729
10780	87,8198	13,10729	88,47515	13,10729
10800	87,8198	13,1073	88,47516	13,10729
10820	87,8198	13,1073	87,81979	13,10729
10840	87,81979	13,10729	88,47516	12,45193
10860	87,16443	13,10729	87,81979	12,45192
10880	87,16444	12,45192	87,8198	11,79656
10900	87,16445	12,45193	87,8198	11,79656
10920	87,16445	12,45193	87,8198	11,79656
10940	87,16444	11,79657	87,8198	11,79657
10960	87,16444	11,79657	87,8198	11,79657
10980	87,16444	11,79658	87,16444	11,79658
11000	87,16444	11,79657	87,8198	11,14121
11020	87,16444	11,79657	87,81981	11,14122
11040	87,16445	11,14121	87,81981	11,14121
11060	87,16445	11,14121	87,16445	11,14121
11080	87,16445	11,14121	87,8198	11,14121
11100	87,16445	11,14121	87,16444	11,14121
11120	86,50909	11,14122	87,16444	11,14121
11140	83,23222	10,48583	83,88759	9,83048
11160	85,85372	10,48585	85,85372	11,79658
11180	85,19836	12,45196	86,50908	12,45196
11200	85,85371	12,45195	86,50908	12,45195
11220	86,50907	12,45194	87,81979	12,45194
11240	87,16442	13,1073	87,16442	12,45194
11260	86,50906	12,45194	87,16442	12,45194
11280	86,50906	12,45195	87,16442	12,45194
11300	86,50906	13,10731	87,16442	11,79659
11320	86,50906	12,45195	87,16442	11,79658
11340	86,50906	12,45194	87,16442	11,79658
11360	86,50905	11,79658	87,16441	11,79657
11380	86,50905	11,79658	87,81976	11,79657
11400	86,50905	11,79657	87,16441	11,79657
11420	86,50905	11,79657	87,16442	11,1412
11440	86,50906	11,14121	86,50905	10,48584
11460	86,50905	10,48584	87,16441	9,17511
11480	86,50905	9,83048	87,16441	9,17511
11500	86,50905	9,17511	87,16441	9,17511
11520	85,85369	9,17511	88,47516	8,51976
11540	91,09667	8,51978	91,75204	8,51977
11560	90,44132	9,17514	91,09668	9,83051
11580	90,44132	9,83052	90,44132	9,83052
11600	90,44132	10,48588	91,09667	10,48587
11620	90,44131	10,48588	91,09667	10,48587
11640	89,78596	10,48588	90,44131	10,48587
11660	89,78594	10,48587	89,78594	10,48587
11680	89,13058	10,48587	89,78594	10,48586
11700	89,13058	10,48587	89,13057	10,48586
11720	88,47521	10,48586	89,13057	10,48586
11740	88,47521	11,14122	89,13057	11,14122
11760	87,81985	11,14122	89,13057	11,14122
11780	87,81985	11,14122	89,13057	11,14121
11800	87,81985	10,48585	88,4752	10,48584
11820	88,4752	9,83048	88,4752	9,83047
11840	87,81984	9,17511	88,47519	8,51974
11860	84,54298	9,1751	85,19833	9,17512
11880	85,19835	9,83048	86,50907	9,83049
11900	85,85371	11,14122	86,50907	11,14121
11920	85,85371	11,14122	86,50907	10,48585
11940	85,85371	11,14121	86,50907	10,48585
11960	85,85371	11,1412	86,50907	10,48584
11980	85,85371	10,48584	86,50906	10,48584
12000	85,8537	10,48583	88,47517	9,17511
12020	96,99502	9,17514	101,58266	8,51977
12040	100,27193	9,83049	100,92727	10,48585
12060	100,27191	10,48586	100,92727	10,48585
12080	100,27191	10,48585	100,92727	9,83048
12100	100,27191	9,83049	100,92727	9,83049
12120	100,27191	10,48585	101,58263	9,83049
12140	100,92727	10,48585	101,58263	9,83049
12160	100,27191	9,83049	101,58263	9,83049
12180	100,92727	10,48585	101,58263	10,48585
12200	101,58263	10,48585	101,58262	9,83049
12220	100,92727	9,83049	101,58263	9,83049
12240	100,92726	9,83049	101,58263	9,83049
12260	100,92727	9,83049	101,58263	10,48585
12280	100,92727	10,48586	100,92727	10,48585
12300	100,92727	11,14122	100,92727	11,79658
12320	100,2719	11,79659	100,92726	12,45195
12340	100,2719	13,10731	100,92726	12,45195
12360	100,2719	13,10731	100,2719	13,10731
12380	100,2719	13,10731	100,92726	13,10731
12400	100,2719	13,10731	100,2719	13,76267
12420	100,2719	13,76267	100,92726	13,1073
12440	100,2719	13,76266	100,2719	13,76266
12460	100,2719	13,76266	100,92726	13,1073
12480	100,2719	13,76266	100,92725	12,45191
12500	100,27186	10,48578	85,85366	4,58744
12520	62,26027	-1,31082	38,66693	-9,83052
12540	24,90415	-10,4859	27,52559	-7,86444
12560	28,18097	-5,89833	28,18097	-4,5876
12580	28,18096	-3,27687	29,49168	-2,6215
12600	28,83632	-1,31078	30,14704	-0,65541
12620	29,49169	-4,0000000005591E-5	30,14704	-4,0000000005591E-5
12640	29,49168	0,65532	30,8024	0,65532
12660	29,49168	1,31068	30,80239	1,31068
12680	30,14703	1,96604	30,14703	1,96604
12700	30,14702	1,31068	28,18092	-6,0000000004834E-5
12720	14,4182	-5,24294	6,55375	-8,51976
12740	5,243	-7,8644	6,55373	-7,20902
12760	6,55373	-5,89829	6,55372	-5,24294
12780	6,55372	-5,24293	7,20908	-5,24294
12800	6,55372	-4,58757	7,20908	-5,24294
12820	6,55371	-4,58758	7,20907	-4,58758
12840	6,55371	-4,58757	7,20907	-4,58758
12860	6,55371	-4,58757	7,20907	-4,58758
12880	6,55371	-4,58758	7,20906	-5,24294
12900	6,55371	-4,58758	7,86442	-4,58758
12920	6,5537	-3,93222	7,20906	-5,24295
12940	6,5537	-5,24295	7,20905	-5,24296
12960	6,5537	-5,24296	7,20905	-5,24296
12980	3,93223	-10,48588	1,96612	-14,41809
13000	2,62149	-13,10737	3,27685	-12,45201
13020	1,96612	-12,452	3,27684	-11,79664
13040	1,96612	-12,45201	2,62147	-13,10737
13060	2,62147	-12,45202	3,27683	-13,76275
13080	2,62146	-13,76276	2,62146	-15,07349
13100	2,62146	-15,0735	2,62145	-15,72887
13120	2,62146	-16,38424	3,27681	-17,0396
13140	2,62145	-17,03962	3,2768	-18,35035
13160	2,62143	-19,00572	3,93215	-19,00573
13180	3,27679	-19,00573	3,93215	-20,31645
13200	3,27678	-20,31645	3,93214	-20,31646
13220	3,27678	-20,31646	3,27678	-20,97183
13240	2,62142	-20,97183	3,93214	-21,6272
13260	3,27677	-21,6272	3,93214	-21,6272
13280	3,27677	-21,6272	3,93213	-21,6272
13300	3,27677	-21,6272	3,93212	-21,62721
13320	3,27676	-21,6272	3,93212	-21,6272
13340	3,27676	-21,6272	3,93212	-21,6272
13360	2,6214	-21,62719	3,27676	-21,6272
13380	3,27676	-21,6272	3,27675	-21,6272
13400	2,62139	-21,6272	3,93211	-21,6272
13420	5,24285	-21,62721	15,07339	-21,6272
13440	17,69492	-20,97184	17,03954	-20,97185
13460	16,38418	-19,66111	17,6949	-19,00575
13480	17,03954	-19,00575	17,69489	-19,00575
13500	17,69489	-19,00576	18,3528	-19,00576
13520	17,03953	-19,00575	17,69488	-19,00576
13540	17,69489	-19,00576	17,69488	-19,00576
13560	17,03953	-19,00576	18,35025	-19,00576
13580	17,03953	-19,00576	18,35024	-19,00576
13600	17,69488	-19,00577	18,35024	-19,00578
13620	18,35025	-18,35041	24,24857	-18,3504
13640	23,59325	-17,69503	22,93786	-17,03968
13660	22,2825	-17,03967	23,59322	-16,38431
13680	22,93786	-16,38431	23,59322	-16,38431
13700	22,93786	-16,38432	23,59322	-16,38432
13720	22,93786	-15,72896	22,93786	-16,38432
13740	22,93786	-16,38432	22,93785	-16,38432
13760	22,2825	-15,72896	22,93785	-15,72896
13780	22,28249	-15,72896	22,28249	-15,72896
13800	22,28249	-15,0736	22,28249	-15,0736
13820	21,62712	-15,0736	22,28248	-15,0736
13840	21,62712	-14,41824	22,28248	-15,0736
13860	21,62712	-15,07361	22,28247	-15,72897
13880	21,62711	-15,07361	22,28246	-15,07361
13900	21,6271	-15,07362	22,93782	-15,07362
13920	21,6271	-15,07362	22,28246	-15,07362
13940	21,62711	-15,07362	19,00563	-16,38433
13960	17,03953	-15,72896	19,00563	-15,72895
13980	18,35027	-15,07358	19,00563	-14,41821
14000	19,00564	-14,41821	19,00563	-14,41822
14020	19,00563	-15,07358	19,66099	-14,41822
14040	19,00563	-14,41822	19,66099	-14,41821
14060	18,35027	-14,41821	19,00562	-14,41821
14080	18,35027	-14,41821	19,00563	-14,41821
14100	17,69491	-14,4182	18,35027	-14,41821
14120	17,6949	-14,4182	18,35026	-14,4182
14140	17,69491	-14,4182	19,00563	-14,4182
14160	17,69491	-14,4182	18,35027	-15,07357
14180	17,69491	-14,41821	18,35027	-14,41821
14200	18,35027	-14,41821	19,00563	-15,07358
14220	18,35027	-15,72894	19,00563	-15,72894
14240	18,35027	-15,72894	19,00563	-15,72894
14260	19,00563	-15,07357	19,661	-15,72893
14280	19,00564	-15,72893	19,661	-16,38429
14300	19,00564	-16,38429	19,661	-16,38429
14320	18,35028	-16,38429	20,97173	-16,38429
14340	25,55936	-16,38429	26,21473	-16,3843
14360	24,904	-15,72892	25,55936	-15,07355
14380	24,904	-14,41818	25,55936	-14,41819
14400	24,24864	-13,76283	24,904	-14,41819
14420	24,24863	-14,4182	24,90399	-14,4182
14440	24,24863	-14,41819	24,90654	-14,4182
14460	23,59327	-14,4182	24,24863	-15,07356
14480	23,59328	-15,07356	24,24864	-15,07356
14500	23,59328	-15,07356	24,24863	-15,07357
14520	23,59328	-15,07356	24,24864	-15,72893
14540	23,59327	-15,72894	24,24864	-15,72894
14560	23,59328	-15,72894	24,24864	-15,72894
14580	22,93792	-15,72894	24,24864	-16,3843
14600	22,93792	-16,3843	23,59328	-16,38431
14620	24,24865	-16,38431	30,14697	-17,03967
14640	29,49165	-17,03968	30,14699	-17,03968
14660	29,49162	-16,38431	30,14698	-16,38432
14680	30,14698	-16,38431	30,80234	-16,38432
14700	30,80235	-15,72895	30,80234	-16,38432
14720	30,14699	-16,38432	31,4577	-16,38432
14740	30,80234	-16,38432	31,4577	-16,38432
14760	30,80235	-16,38431	31,45771	-16,38432
14780	30,80235	-16,38433	31,45771	-17,03968
14800	30,80235	-17,03969	31,45771	-17,03969
14820	36,0453	-15,72896	44,56515	-15,07357
14840	45,87592	-15,07357	45,87591	-14,41821
14860	45,22055	-13,76285	45,87591	-13,76285
14880	45,87591	-13,76285	46,53127	-13,76285
14900	45,87591	-14,41822	46,53127	-14,41823
14920	45,87591	-14,41822	46,53127	-15,07359
14940	46,53126	-14,41823	47,18663	-15,0736
14960	46,53127	-15,0736	47,18663	-15,72896
14980	46,53126	-15,0736	47,18662	-15,72896
15000	46,53127	-15,72896	47,18662	-16,38433
15020	46,53126	-15,72897	47,18662	-16,38433
15040	46,53126	-16,38433	47,18662	-16,38433
15060	46,53126	-15,72896	47,18662	-15,72897
15080	45,8759	-15,0736	47,18662	-15,72896
15100	46,53127	-15,72896	47,18663	-15,0736
15120	46,53126	-15,0736	47,18663	-15,72896
15140	46,53126	-15,72896	47,18662	-15,72897
15160	46,53126	-16,38433	46,53126	-16,38433
15180	45,22053	-15,72896	45,87591	-16,38431
15200	46,53128	-15,72895	47,18665	-15,07358
15220	46,53129	-14,41821	47,18665	-14,41821
15240	46,5313	-14,41821	51,77422	-13,10749
15260	62,91556	-11,79673	70,12469	-11,14135
15280	68,81398	-10,486	69,46932	-9,83065
15300	68,81396	-9,83064	69,46931	-9,83065
15320	68,81395	-9,83065	68,81394	-10,48602
15340	68,81394	-10,48602	69,4693	-11,1414
15360	68,81393	-11,1414	69,46929	-11,14141
15380	68,15856	-11,14141	69,46928	-11,79677
15400	68,81392	-11,14142	69,46928	-11,14142
15420	69,46928	-10,48605	69,46928	-11,14142
15440	69,46928	-10,48606	70,12463	-10,48606
15460	69,46928	-10,48606	70,12464	-10,48607
15480	68,81392	-10,48606	69,46928	-11,14143
15500	69,46927	-10,48607	69,46927	-11,14144
15520	69,46928	-10,48608	69,46927	-10,48607
15540	68,81391	-10,48607	69,46927	-10,48608
15560	68,81391	-11,14144	69,46927	-11,79681
15580	68,15854	-11,14145	68,81391	-11,7968
15600	69,46929	-11,14143	69,4693	-11,14143
15620	68,81394	-10,48606	69,46929	-10,48606
15640	68,15858	-9,83069	69,46929	-10,48606
15660	68,81393	-10,48606	69,46929	-11,14143
15680	68,81394	-10,48606	69,46929	-11,14143
15700	68,81394	-11,14143	69,46929	-11,14143
15720	68,81393	-11,14143	69,46929	-11,14143
15740	68,81393	-11,14144	68,81392	-11,7968
15760	68,81393	-11,7968	69,46929	-11,79681
15780	68,81393	-12,45217	69,46929	-12,45217
15800	68,81394	-12,45217	71,43542	-13,10752
15820	70,78007	-12,45217	70,78006	-12,45216
15840	70,1247	-11,79679	71,43542	-12,45216
15860	70,1247	-12,45216	70,78006	-12,45217
15880	70,1247	-12,45217	71,43542	-13,10753
15900	70,1247	-13,10753	70,78006	-13,10753
15920	70,1247	-13,10753	70,78006	-13,10753
15940	70,12469	-13,10753	70,78005	-13,10754
15960	69,46933	-13,7629	70,12469	-13,10754
15980	69,46932	-13,10754	70,12468	-13,10754
16000	69,46932	-13,10755	70,12468	-13,10755
16020	69,46932	-13,10755	70,12467	-13,10756
16040	69,46932	-13,10755	72,74617	-13,10753
16060	72,7462	-12,45217	72,74618	-13,10754
16080	72,09082	-11,7968	73,40154	-12,45217
16100	72,74618	-12,45216	74,0569	-12,45218
16120	73,40154	-12,45217	74,71226	-12,45217
16140	74,0569	-13,10754	74,71226	-13,10753
16160	74,0569	-12,45217	74,71226	-13,7629
16180	74,71227	-13,10754	74,71226	-13,7629
16200	74,0569	-13,7629	75,36762	-14,41827
16220	74,0569	-14,41827	74,71226	-14,41827
16240	74,0569	-14,41827	74,71225	-13,7629
16260	74,71225	-13,76291	74,71225	-13,7629
16280	74,05688	-13,10755	74,71224	-13,10755
16300	74,05687	-13,10755	74,71223	-13,10756
16320	76,02297	-13,10755	85,85354	-12,45216
16340	91,09657	-11,79678	92,40732	-11,14143
16360	91,75194	-9,8307	91,75194	-9,17533
16380	91,75195	-9,17533	92,40731	-8,51998
16400	91,09658	-8,51998	91,75194	-8,51998
16420	91,75194	-8,51998	91,75194	-8,51999
16440	91,09657	-8,51998	91,75193	-8,51999
16460	91,09657	-8,51999	91,75193	-8,51999
16480	90,44121	-8,51999	91,09657	-9,17535
16500	90,4412	-8,51999	91,09656	-9,17535
16520	90,4412	-9,17535	91,09656	-9,17535
16540	89,78583	-9,17535	90,44119	-9,17535
16560	89,78584	-8,51999	90,44119	-8,51999
16580	90,44119	-8,51999	90,44119	-8,51999
16600	89,78583	-7,86463	90,44119	-7,86463
16620	89,78583	-7,86463	90,44119	-7,86463
16640	89,78583	-7,20927	90,44119	-7,86463
16660	89,13047	-7,20927	90,44119	-7,20927
16680	89,13047	-7,20927	90,44119	-7,20927
16700	89,78583	-6,55391	89,78583	-6,55391
16720	89,78583	-6,55391	89,78583	-6,5539
16740	89,13047	-6,5539	89,78584	-6,55391
16760	89,78584	-6,5539	90,44119	-6,55391
16780	89,13048	-5,89854	89,78584	-5,89854
16800	89,13048	-5,89854	89,78584	-6,55391
16820	89,13048	-5,89854	89,78584	-6,5539
16840	89,78585	-6,55391	90,4412	-7,20927
16860	90,44121	-7,20927	91,09657	-6,55391
16880	90,44121	-5,89855	91,09657	-6,55391
16900	90,44122	-6,55391	91,75193	-6,55392
16920	91,09657	-5,89854	91,75194	-5,24318
16940	91,09658	-5,24318	91,75194	-5,89853
16960	91,09658	-5,24317	91,75194	-5,24317
16980	91,09658	-5,24317	91,75195	-5,24317
17000	91,09658	-5,24317	91,75195	-5,24316
17020	91,09659	-4,5878	91,75195	-4,5878
17040	91,09658	-3,93244	91,09659	-4,5878
17060	91,09659	-4,58781	96,33956	-3,27705
17080	102,23796	-1,96629	106,1702	-1,31092
17100	104,85948	-0,00019000000000347	104,85947	-0,00018000000000029
17120	104,85947	1,31055	105,51484	1,31055
17140	104,85948	1,31054	105,51483	1,31054
17160	104,20411	1,31054	105,51483	0,65517
17180	104,20411	1,31054	104,85946	1,31052
17200	104,85946	1,31052	104,85946	1,31052
17220	104,85946	1,31052	104,85946	1,31052
17240	104,85946	0,65515	99,61649	-1,31096
17260	91,09669	-3,27705	91,09665	-3,93242
17280	90,44131	-3,27705	90,44131	-2,62168
17300	90,44131	-1,96632	91,09666	-2,62168
17320	90,4413	-1,96633	91,75201	-2,62169
17340	91,09666	-1,96633	91,75201	-1,96633
17360	91,09665	-1,96633	91,09665	-1,96634
17380	91,09666	-1,96634	91,75201	-2,6217
17400	91,09665	-1,96634	91,75201	-3,27706
17420	91,09666	-3,27706	91,75201	-3,27707
17440	90,44129	-3,27707	91,09666	-3,93243
17460	90,4413	-3,27707	91,75202	-3,93243
17480	90,44129	-3,93243	91,75202	-3,93243
17500	90,4413	-3,27707	91,09666	-3,27707
17520	90,44129	-3,27706	91,09666	-3,27707
17540	90,4413	-3,27707	90,44129	-3,27706
17560	90,44129	-3,27707	90,4413	-3,27707
17580	90,4413	-3,27707	90,4413	-3,27707
17600	89,78594	-3,27707	91,09665	-3,27708
17620	90,4413	-3,93244	94,37348	-3,27707
17640	101,58264	-2,62166	106,82564	-1,96627
17660	106,82566	-1,31091	107,481	0,65519
17680	106,82565	1,31057	107,48101	2,6213
17700	106,82565	3,27668	108,13638	3,27668
17720	107,48102	3,93205	107,48102	3,93205
17740	107,48102	4,58741	108,79174	3,93205
17760	107,48103	4,58741	108,13638	3,93205
17780	108,13638	4,58742	108,13638	3,93206
17800	107,48102	4,58741	108,13637	3,93205
17820	107,48101	3,93205	107,48101	3,93205
17840	107,48101	3,93204	108,13637	3,93204
17860	107,48101	3,93204	108,13637	3,93203
17880	107,48101	3,93204	108,13637	3,2775
17900	107,48101	3,27667	107,48101	3,27668
17920	108,13638	3,27668	110,75788	3,93206
17940	111,41327	3,93207	111,41325	4,58744
17960	110,75789	5,89817	111,41326	5,89817
17980	110,7579	6,55354	110,75789	6,55354
18000	110,75789	6,55354	111,41326	6,55354
18020	110,10253	6,55355	110,75789	6,55354
18040	109,44716	6,55355	110,75788	6,5543
18060	109,44716	7,20891	110,10252	6,55354
18080	109,44716	7,2089	110,10251	6,55353
18100	110,7579	5,89817	115,3455	3,93208
18120	114,69016	3,93207	115,3455	3,93207
18140	114,69014	5,2428	115,3455	5,24279
18160	114,69014	5,2428	116,00086	5,24279
18180	115,3455	5,24279	116,00086	5,24279
18200	115,3455	5,24279	116,00085	4,58742
18220	114,69013	4,58742	115,34548	3,93206
18240	114,69012	3,93206	115,34548	3,93206
18260	114,69012	3,93206	115,34547	3,27669
18280	114,69011	3,27669	114,69011	3,27668
18300	114,6901	3,27668	115,34547	3,27667
18320	114,69011	3,27667	115,34546	3,27667
18340	114,6901	3,93203	116,00081	3,27666
18360	115,34545	2,62128	116,0008	1,31052
18380	115,34543	-0,00023000000000195	116,00079	-0,00024000000000513
18400	115,34543	-0,6556	114,03466	-2,62171
18420	95,68431	-9,17537	78,64462	-15,07364
18440	70,12479	-16,38438	70,78016	-15,07365
18460	70,78017	-13,10755	71,43553	-12,45218
18480	71,43552	-11,14144	72,74624	-11,14145
18500	72,09087	-10,48608	72,74623	-10,48608
18520	72,09087	-9,83072	73,40158	-10,48608
18540	72,09086	-9,83072	73,40157	-9,83072
18560	72,74621	-9,83072	73,40156	-9,83071
18580	72,7462	-9,83072	72,7462	-9,83072
18600	72,7462	-9,83072	73,40155	-9,83073
18620	72,74619	-9,83072	74,05691	-9,83073
18640	73,40155	-9,83072	74,05691	-9,17536
18660	73,40155	-8,51999	73,40155	-9,17535
18680	73,40155	-7,86463	74,05691	-7,86462
18700	73,40155	-7,20926	74,05691	-7,20926
18720	73,40155	-6,55389	74,05691	-7,20927
18740	73,40155	-7,20927	74,0569	-7,20927
18760	74,05692	-7,20927	87,16433	-5,24313
18780	102,23795	-3,93234	110,75786	-3,93232
18800	110,10251	-1,96624	109,44712	-0,65551
18820	110,10248	0,65521	110,75784	1,31057
18840	110,10248	1,31057	111,4132	1,31057
18860	110,75783	1,96593	111,41319	1,96592
18880	110,75783	1,96592	111,41319	1,96592
18900	110,75782	1,96593	111,41318	1,96592
18920	110,75782	1,96592	111,41318	1,96591
18940	110,75782	2,62128	111,41317	1,96592
18960	110,75781	2,62128	110,75781	1,96591
18980	110,75781	2,62127	110,7578	2,62127
19000	110,7578	3,27663	111,41316	2,62126
19020	110,10244	2,62126	111,41316	2,62125
19040	110,10244	2,62125	110,75779	3,27661
19060	110,10243	3,27661	111,41315	2,62125
19080	110,75778	3,2766	112,0685	2,62123
19100	111,41314	3,2766	112,0685	3,27659
19120	111,41314	3,93196	112,0685	3,2766
19140	111,41314	3,93196	112,72385	3,27659
19160	111,41313	3,27659	112,06849	2,62122
19180	110,10239	1,96586	108,79164	1,31051
19200	108,79165	1,96587	110,10238	2,62124
19220	108,79165	3,2766	110,10237	2,62123
19240	109,44701	1,96587	110,10236	1,96586
19260	109,447	1,96585	110,10235	0,65511
19280	109,44698	0,6551	110,10235	-0,00027000000000044
19300	109,44699	-0,00027000000000044	110,10234	-0,65564000000001
19320	108,79162	-0,65565	109,44697	-1,31102
19340	108,79162	-1,31102	110,10234	-1,96639
19360	108,79161	-1,31102	110,10234	-1,96639
19380	109,44697	-1,96639	109,44697	-2,62176
19400	109,44697	-2,62177	110,10233	-3,9325
19420	98,96106	-11,79689	75,36767	-26,8703
19440	48,49747	-39,32217	22,93806	-50,46333
19460	16,38433	-50,46335	19,66114	-48,49726
19480	19,00579	-46,53115	19,66114	-45,22043
19500	19,66113	-43,9097	20,97185	-43,25432
19520	20,31648	-41,9436	21,6272	-41,28824
19540	20,97184	-41,28823	21,62719	-39,9775
19560	21,62719	-39,32213	22,28254	-38,66677
19580	21,62718	-38,66676	22,28254	-38,0114
19600	21,62718	-38,66677	22,9379	-39,97749
19620	11,79667	-45,22038	1,96614	-50,46326
19640	-0,65536	-51,11864	0,65537	-50,46327
19660	0,65537999999999	-49,8079	0,65537	-49,15254
19680	0,65535999999999	-48,49717	1,31072	-48,49718
19700	0,65535999999999	-49,15255	1,31071	-49,80792
19720	1,31071	-50,46329	1,31071	-49,80794
19740	1,3107	-51,11866	1,3107	-51,11867
19760	1,3107	-51,11867	1,96605	-51,77404
19780	1,31069	-51,77405	2,62141	-52,42942
19800	1,96604	-52,42942	2,6214	-52,42942
19820	2,6214	-52,42941	3,27676	-52,42942
19840	1,96604	-51,77405	3,27676	-52,42941
19860	2,6214	-52,42941	3,93212	-52,42942
19880	3,27676	-51,77404	3,93212	-52,42941
19900	3,27676	-52,4294	3,93212	-52,4294
19920	3,27677	-52,42941	3,93213	-53,08477
19940	3,27676	-53,08477	3,93212	-53,08476
19960	3,27676	-52,4294	3,93212	-53,08476
19980	2,6214	-53,08476	3,93212	-52,4294
20000	3,27676	-52,4294	3,93212	-53,08476
20020	3,27676	-52,4294	3,93212	-53,08476
20040	3,27676	-52,4294	3,93212	-52,4294
20060	3,27676	-52,42939	3,93212	-52,4294
20080	3,27676	-52,4294	3,93211	-52,42939
20100	3,27676	-51,77403	3,93212	-53,08476
20120	3,27676	-53,08477	12,45192	-52,4294
20140	19,66103	-51,11866	21,62717	-50,46331
20160	20,31644	-49,80794	20,97179	-48,49722
20180	20,97179	-47,18648	21,62715	-47,18648
20200	20,97179	-46,53111	22,28251	-46,53112
20220	21,62715	-46,53112	21,62715	-47,18648
20240	20,97179	-46,53112	22,28251	-46,53112
20260	21,62715	-46,53112	22,2825	-45,87576
20280	21,62715	-45,87576	22,2825	-45,87576
20300	21,62714	-45,22039	22,28251	-45,22039
20320	21,62714	-44,56503	22,2825	-44,56378
20340	21,62715	-43,90966	22,2825	-43,90966
20360	21,62714	-43,90965	22,2825	-43,25429
20380	21,62714	-42,59892	21,62714	-42,59892
20400	20,97178	-41,28819	21,62714	-41,28819
20420	20,97178	-40,63282	20,97178	-40,63282
20440	20,97178	-39,97745	21,62714	-39,97745
20460	19,00569	-39,97744	16,38421	-41,28816
20480	16,3842	-39,97743	-41,94283	-38,66669
20500	17,69493	-37,35595	18,35029	-36,70059
20520	17,69493	-35,38988	19,00566	-35,3899
20540	17,69494	-34,73454	19,00566	-34,73455
20560	18,35031	-34,73456	19,00567	-34,07921
20580	18,35031	-34,07922	19,66103	-34,73459
20600	19,00567	-34,07923	19,66103	-35,38996
20620	19,00567	-36,04533	15,72883	-38,01142
20640	5,24296	-41,94357	3,93219	-41,94356
20660	4,58756	-40,63283	5,24293	-40,63282
20680	4,58756	-39,32209	5,24292	-39,32209
20700	4,58755	-38,66673	5,89827	-39,32209
20720	4,58755	-38,66673	5,24291	-39,32208
20740	4,58754	-38,66672	5,2429	-38,66671
20760	5,2429	-38,66672	5,2429	-38,66671
20780	4,58754	-38,66671	5,2429	-38,66671
20800	5,2429	-38,6667	5,89826	-38,66671
20820	5,2429	-38,01134	5,89826	-38,66671
20840	4,58753	-38,01134	5,24289	-38,6667
20860	4,58753	-38,6667	5,24289	-39,32207
20880	4,58753	-39,32207	5,24289	-39,32207
20900	4,58752	-39,32207	5,24288	-39,32207
20920	4,58752	-39,32207	5,24288	-39,32207
20940	4,58752	-39,32207	5,24287	-39,97744
20960	4,58751	-39,97744	4,58751	-40,6328
20980	3,93215	-39,97744	5,24286	-40,63281
21000	3,93214	-40,63281	4,5875	-41,28817
21020	3,93214	-40,6328	4,5875	-40,63281
21040	6,55363	-40,6328	8,51973	-41,28818
21060	7,86437	-40,63281	7,86437	-39,32208
21080	7,86437	-39,32208	8,51973	-39,32208
21100	7,86437	-39,32208	8,51972	-39,32209
21120	7,86437	-39,32209	8,51972	-39,32209
21140	8,51972	-39,32209	9,17508	-39,97746
21160	8,51972	-39,3221	9,17508	-39,97746
21180	8,51971	-39,3221	9,17507	-39,97746
21200	8,51971	-39,97747	9,83043	-39,97748
21220	9,17507	-39,97748	9,83043	-40,63284
21240	8,5197	-40,63284	12,4519	-39,97748
21260	21,62709	-38,66675	24,2486	-38,66677
21280	22,93787	-38,66677	22,93786	-38,0114
21300	22,93786	-36,70068	23,59321	-36,70067
21320	22,28249	-36,04531	22,93785	-36,70068
21340	22,28248	-36,70069	22,93784	-36,04534
21360	22,28247	-35,38997	22,93783	-35,38998
21380	22,28247	-35,38998	22,93782	-35,38998
21400	22,28246	-35,38998	23,59318	-36,04534
21420	22,28247	-36,04534	22,93783	-36,7007
21440	22,28248	-36,04534	22,93784	-36,7007
21460	22,28248	-36,7007	22,28248	-37,35606
21480	21,62711	-36,7007	22,28247	-36,7007
21500	21,62711	-35,38997	21,6271	-35,38997
21520	21,62711	-34,7346	22,28246	-34,07924
21540	21,62711	-32,76851	22,28247	-32,76851
21560	21,62711	-32,11315	22,28247	-32,11314
21580	22,28248	-31,45778	26,87007	-30,80241
21600	27,52547	-29,49168	27,52546	-28,83631
21620	26,8701	-26,87021	27,52546	-25,55947
21640	27,52547	-24,9041	28,18083	-24,90409
21660	27,52547	-24,24872	28,18084	-24,24872
21680	27,52548	-23,59335	29,49157	-23,59335
21700	28,18085	-22,93797	28,83622	-22,93797
21720	28,83622	-22,2826	29,49159	-22,28259
21740	28,18087	-22,28259	28,83622	-22,93795
21760	28,18086	-22,93795	28,83622	-23,5933
21780	27,5255	-23,5933	28,18087	-23,59331
21800	27,5255	-23,59331	28,18086	-23,59331
21820	27,5255	-23,59331	28,18086	-23,59331
21840	28,18086	-22,28259	28,83622	-22,28259
21860	28,18086	-21,62722	28,83621	-21,62722
21880	28,83621	-20,3165	30,14693	-19,66114
21900	29,49157	-19,00578	30,80229	-18,35042
21920	30,80229	-18,35042	31,45765	-18,35042
21940	30,80229	-17,69505	31,45765	-18,35041
21960	30,14693	-18,35042	31,45765	-18,35042
21980	30,80229	-19,00578	31,45765	-19,00578
22000	30,14693	-19,66114	28,18082	-21,62724
22020	26,87009	-22,28259	28,18084	-22,2826
22040	27,52548	-21,62723	28,18084	-21,62722
22060	27,52549	-21,62722	28,18084	-22,28258
22080	27,52549	-22,28258	28,18085	-22,28259
22100	27,52549	-22,28259	28,18085	-22,93795
22120	27,52549	-22,93795	27,52549	-23,59331
22140	26,87012	-22,28259	27,52548	-22,93795
22160	26,21476	-22,93795	26,87012	-22,93795
22180	26,21475	-22,93795	26,87012	-22,93796
22200	26,21475	-23,59332	26,87011	-23,59332
22220	26,21475	-23,59332	26,87011	-23,59333
22240	26,21475	-24,24869	26,87011	-24,24869
22260	26,21475	-24,24869	26,87011	-24,24869
22280	26,21474	-24,2487	26,21474	-24,24869
22300	25,55938	-23,59333	26,21474	-24,24869
22320	25,55938	-24,24869	26,21473	-24,90405
22340	24,90401	-24,90405	25,55937	-25,55942
22360	24,90401	-26,21479	25,55937	-26,21479
22380	24,90401	-26,87016	25,55937	-26,87016
22400	24,90401	-27,52553	24,90401	-27,52553
22420	24,24865	-26,87017	24,904	-26,87017
22440	24,24865	-26,87018	24,904	-27,52554
22460	24,24864	-26,87018	24,904	-27,52554
22480	24,24864	-26,87018	25,55936	-27,52555
22500	24,90399	-27,52555	25,55935	-27,52556
22520	24,90399	-27,52554	23,59326	-28,18089
22540	22,9379	-27,52552	24,24862	-26,87017
22560	-42,5981	-25,55943	24,90398	-25,55943
22580	24,24862	-25,55943	24,90399	-25,55943
22600	24,90399	-25,55943	25,55935	-26,2148
22620	24,90399	-26,2148	25,55935	-26,2148
22640	24,904	-26,2148	26,21472	-26,2148
22660	25,55935	-26,87016	25,55935	-26,87016
22680	24,90399	-26,87017	26,21471	-26,87017
22700	-42,5981	-27,52554	26,2147	-27,52555
22720	24,90398	-27,52555	26,2147	-28,18092
22740	31,45767	-26,21482	36,70066	-25,55945
22760	35,38993	-24,24873	35,38992	-23,59336
22780	34,73456	-22,28263	36,04529	-21,62727
22800	35,38992	-21,62726	36,04528	-20,9719
22820	35,38992	-20,9719	36,04528	-20,97189
22840	35,38992	-20,9719	36,04528	-20,97191
22860	35,38992	-20,9719	36,04528	-20,9719
22880	35,38992	-20,9719	36,04528	-21,62727
22900	35,38992	-21,62727	36,70064	-20,97191
22920	35,38992	-21,62727	36,04528	-21,62727
22940	35,38991	-21,62727	36,04527	-22,28264
22960	36,04527	-21,62729	39,32213	-20,31654
22980	41,94363	-19,66117	41,94363	-19,66118
23000	41,28826	-18,35045	41,94362	-18,35044
23020	41,28826	-18,35045	41,94362	-19,00582
23040	41,28826	-19,66119	42,59898	-20,31657
23060	41,28825	-20,97193	41,94361	-20,97194
23080	41,28824	-20,97194	41,9436	-22,28267
23100	36,04529	-24,90412	22,93789	-28,83627
23120	16,38419	-28,83624	17,03956	-27,52551
23140	16,38421	-26,21477	17,03957	-24,90404
23160	16,3842	-23,5933	17,03956	-22,93794
23180	16,3842	-22,28258	17,69492	-21,62721
23200	17,03956	-20,97185	18,35028	-20,97184
23220	17,69492	-19,66111	18,35027	-19,66111
23240	17,69491	-19,00575	18,35027	-19,00474
23260	17,69491	-19,00574	19,00563	-18,35038
23280	18,35027	-17,69502	18,35028	-18,35038
23300	18,35027	-19,00575	18,35027	-19,66113
23320	9,83049	-24,90401	3,93217	-26,87008
23340	3,93218	-26,21473	5,24292	-25,55935
23360	4,58755	-24,24863	5,2429	-24,24863
23380	4,58754	-24,24862	5,2429	-24,24863
23400	4,58754	-24,24863	5,24291	-24,904
23420	5,2429	-24,24863	5,2429	-24,90399
23440	4,58755	-24,24863	5,89826	-24,904
23460	5,24291	-24,904	5,89827	-25,55937
23480	5,24291	-25,55937	5,89827	-25,55937
23500	5,24291	-25,55937	5,89827	-25,55938
23520	5,24291	-25,55937	5,2429	-25,55938
23540	5,2429	-25,55937	5,89826	-25,55937
23560	5,2429	-26,21473	5,24291	-26,21474
23580	5,24291	-26,21474	5,89827	-26,21474
23600	5,24291	-26,21474	5,89827	-26,21474
23620	5,24291	-26,87011	5,89827	-26,87011
23640	5,24291	-26,87011	5,89827	-28,18084
23660	5,24291	-27,52548	5,2429	-28,18085
23680	5,2429	-28,83621	5,2429	-28,83622
23700	4,58754	-29,49157	5,89826	-30,14694
23720	4,58754	-30,14694	5,2429	-30,14695
23740	5,24289	-30,80231	5,24289	-31,45768
23760	4,58753	-31,45768	5,24288	-32,76841
23780	4,58752	-32,76842	5,24288	-34,07915
23800	4,58752	-35,38989	5,24288	-35,38989
23820	4,58752	-35,38989	5,24288	-35,38989
23840	4,58752	-35,38989	5,24288	-36,04526
23860	4,58752	-35,3899	5,24288	-36,04525
23880	4,58752	-35,3899	5,89823	-35,3899
23900	5,24287	-36,04526	5,89823	-36,04527
23920	5,24287	-36,04527	5,89823	-36,04527
23940	5,24287	-36,04526	5,89823	-36,70063
23960	12,45191	-35,3899	24,90397	-34,73453
23980	30,80236	-34,07917	30,147	-34,07918
24000	29,49162	-32,76845	30,14698	-31,45772
24020	29,49162	-31,45772	30,14697	-30,80236
24040	29,49161	-31,45772	30,14697	-31,45773
24060	29,4916	-30,80237	29,4916	-30,80237
24080	28,83623	-30,14701	30,14694	-30,80238
24100	28,83622	-31,45773	29,49158	-31,45774
24120	28,83622	-30,80238	29,49158	-31,45774
24140	28,83622	-31,45774	29,49158	-31,45775
24160	28,83622	-31,45775	30,14693	-31,45775
24180	29,49157	-30,80239	30,14693	-32,11312
24200	28,83621	-31,45776	29,49157	-31,45776
24220	28,8362	-31,45776	29,49156	-32,11312
24240	28,8362	-32,11312	29,49156	-31,45776
24260	28,8362	-31,45776	29,49155	-32,11312
24280	28,8362	-32,11312	29,49156	-32,11312
24300	28,83619	-32,11312	29,49155	-32,11312
24320	28,18083	-31,45776	28,83619	-32,11313
24340	28,18082	-32,11314	28,83618	-32,7685
24360	28,18082	-32,7685	28,18081	-32,76851
24380	28,18081	-32,11315	28,83618	-32,76851
24400	34,73451	-30,14705	43,25435	-28,83632
24420	43,25439	-28,18096	43,25437	-26,87024
24440	42,599	-26,21487	43,90973	-25,5595
24460	43,25437	-24,90413	43,90972	-24,24878
24480	43,25436	-24,24877	43,90972	-23,59341
24500	43,25436	-22,93804	43,90972	-23,59341
24520	43,25436	-22,93805	43,90971	-23,59342
24540	43,25435	-22,93806	43,90971	-22,93806
24560	43,25435	-22,93806	43,90971	-22,93807
24580	42,59898	-22,93807	44,56506	-23,59344
24600	43,90969	-23,59344	44,56505	-22,93808
24620	44,56505	-22,93807	44,56506	-22,93807
24640	44,56506	-22,28271	45,22042	-21,62734
24660	45,22042	-21,62734	45,22042	-22,2827
24680	45,22042	-22,28271	51,77412	-20,97198
24700	55,70639	-21,62734	56,36176	-20,97198
24720	55,70639	-20,31661	56,36176	-19,66124
24740	56,36176	-19,66123	57,01712	-19,66124
24760	56,36177	-19,00587	57,01713	-19,66123
24780	57,01713	-19,00586	57,01713	-19,00587
24800	57,01713	-18,35051	57,01713	-19,00586
24820	56,36177	-19,00586	57,01714	-19,00586
24840	56,36178	-19,00585	57,01714	-18,3505
24860	56,36177	-18,35049	57,01714	-19,00585
24880	56,36178	-18,35048	56,36179	-18,35048
24900	55,70643	-17,69512	56,36178	-18,35048
24920	55,70643	-17,69512	56,36179	-17,69511
24940	55,70643	-17,03975	55,70643	-17,03975
24960	55,70644	-17,03974	55,70643	-17,03974
24980	55,05108	-17,03974	55,70643	-17,69511
25000	59,63866	-17,03974	70,77998	-16,38434
25020	76,02302	-15,72897	77,33376	-15,07361
25040	76,02302	-13,76289	76,67838	-13,10752
25060	76,02303	-12,45215	76,67839	-12,45216
25080	76,02302	-12,45215	76,67838	-13,10752
25100	76,02302	-12,45216	76,67838	-13,10752
25120	76,02302	-12,45216	76,67838	-12,45215
25140	76,02302	-12,45215	76,67838	-13,10752
25160	76,02302	-12,45216	76,67838	-13,10752
25180	76,02302	-13,10752	76,02302	-13,10752
25200	72,09081	-14,41827	60,29415	-19,00581
25220	53,08507	-20,31653	53,08506	-20,97189
25240	53,08507	-19,66117	53,74042	-19,0058
25260	53,08506	-18,35044	53,74042	-18,35044
25280	53,08506	-17,69508	54,39577	-18,35045
25300	54,39577	-18,35045	54,39576	-18,35046
25320	54,39576	-18,35045	55,05112	-18,35046
25340	54,39576	-18,35045	55,05112	-18,35046
25360	54,39576	-18,35045	55,05111	-18,35046
25380	54,39575	-18,35046	55,05112	-18,35046
25400	55,05112	-18,35046	55,05112	-18,35046
25420	54,39576	-19,00582	55,05112	-19,00582
25440	55,05112	-19,00582	55,70648	-19,66119
25460	55,05112	-20,31656	55,70647	-19,6612
25480	55,05111	-19,6612	55,05111	-20,31656
25500	55,05112	-20,31656	55,05112	-20,97192
25520	54,39575	-20,97193	55,05111	-20,97193
25540	54,39575	-20,97193	55,05111	-20,97194
25560	54,39576	-20,97193	55,05112	-20,97194
25580	55,05112	-20,97194	55,05112	-20,97194
25600	55,05112	-20,97194	55,05111	-21,62731
25620	55,05112	-21,6273	55,05111	-21,62731
25640	54,39575	-22,28266	55,05111	-22,28267
25660	54,39576	-22,28266	55,70647	-22,28267
25680	54,39575	-22,28267	55,05111	-22,93804
25700	55,05111	-22,93804	55,70647	-22,93804
25720	55,05111	-23,59341	55,70646	-23,59341
25740	54,39574	-23,59341	55,0511	-24,24878
25760	54,39574	-24,90415	55,05109	-24,90416
25780	54,39574	-25,55952	58,32793	-24,24879
25800	68,15854	-22,93802	74,05693	-22,28264
25820	72,74622	-21,62728	73,40157	-20,97192
25840	72,7462	-19,66119	73,40156	-19,00583
25860	73,40156	-18,35047	74,05692	-19,00583
25880	73,40156	-18,35046	74,05692	-18,35046
25900	73,40155	-18,35046	74,05691	-17,69511
25920	73,40155	-18,35047	74,71227	-17,69511
25940	73,40155	-17,6951	74,71227	-17,69511
25960	74,71226	-17,03976	75,36763	-17,03976
25980	74,71227	-16,38439	75,36763	-17,03975
26000	75,36763	-16,38439	76,02298	-17,03976
26020	74,71227	-17,03976	75,36762	-17,03977
26040	77,9891	-17,03976	81,92135	-17,69511
26060	81,266	-17,03975	81,26599	-16,38438
26080	80,61063	-15,72901	81,92136	-15,72901
26100	81,266	-15,07365	81,92135	-15,07366
26120	81,26599	-15,07366	81,26599	-15,07366
26140	80,61063	-14,41829	81,26599	-14,4183
26160	80,61063	-14,4183	81,26599	-14,4183
26180	80,61063	-14,41829	81,26599	-15,07366
26200	80,61063	-14,41829	81,26598	-14,41828
26220	80,61063	-14,41828	81,26599	-14,41828
26240	80,61063	-13,76291	81,266	-13,76292
26260	80,61064	-13,76291	81,92136	-13,76291
26280	80,61063	-13,10755	81,266	-13,10755
26300	84,54287	-11,79678	85,85363	-11,79679
26320	85,85362	-11,14143	86,50898	-10,48605
26340	85,19827	-9,83068	86,50898	-9,83068
26360	85,85363	-9,83068	85,85362	-9,83069
26380	85,19827	-9,8307	86,50898	-10,48606
26400	85,85362	-10,48606	86,50898	-10,48607
26420	85,19826	-9,8307	85,85361	-10,48607
26440	85,19825	-9,83071	85,85361	-9,83072
26460	85,19825	-9,83072	85,19824	-10,48608
26480	84,54288	-10,48609	85,19824	-11,14145
26500	84,54288	-11,79682	79,29992	-14,41829
26520	75,36771	-15,72901	76,67845	-15,07366
26540	77,33382	-14,41828	77,33382	-13,76292
26560	77,33381	-13,76292	77,98917	-13,76293
26580	76,67845	-13,76293	77,98916	-13,76293
26600	77,3338	-14,4183	77,98915	-15,07367
26620	77,33379	-15,07367	78,64451	-15,72903
26640	77,98915	-15,07367	78,64451	-15,07367
26660	77,98915	-15,07367	78,64451	-15,07367
26680	77,98915	-15,07366	78,64451	-15,07367
26700	78,64451	-14,4183	79,29987	-15,07366
26720	77,98915	-15,07366	79,29987	-14,4183
26740	79,29987	-14,4183	79,29987	-15,07366
26760	79,29988	-15,07366	79,29987	-15,07366
26780	78,64451	-15,07366	79,95523	-15,07366
26800	79,29987	-15,07366	79,29987	-15,07367
26820	78,64451	-14,4183	79,95522	-14,4183
26840	78,64451	-14,41829	79,95523	-14,41829
26860	79,29987	-13,76292	79,95523	-13,76292
26880	79,29987	-13,10757	79,95523	-13,10757
26900	79,29987	-13,10756	79,95524	-13,76293
26920	79,29987	-13,10756	79,95523	-13,10757
26940	79,29987	-13,10756	79,95523	-13,10756
26960	78,64451	-13,10755	78,6445	-13,10755
26980	78,64451	-13,10756	79,29986	-13,76293
27000	77,98914	-13,76294	78,6445	-14,4183
27020	78,6445	-13,76293	78,6445	-13,76293
27040	77,98914	-13,10756	78,6445	-13,10756
27060	77,98914	-13,10756	78,6445	-13,10755
27080	77,98914	-12,45219	81,26597	-11,79682
27100	83,88751	-10,48606	84,54289	-9,83069
27120	83,23216	-8,51995	84,54288	-7,86459
27140	83,88752	-7,20922	84,54288	-7,20922
27160	83,88751	-7,20923	83,88751	-7,20923
27180	83,88751	-7,8646	84,54286	-7,8646
27200	83,88751	-7,8646	84,54287	-7,8646
27220	83,8875	-7,8646	84,54286	-7,86461
27240	83,8875	-7,8646	84,54286	-7,86461
27260	83,88749	-7,86461	84,54285	-7,86462
27280	83,23213	-7,20926	83,88748	-7,20925
27300	83,88749	-7,20926	84,54284	-7,86462
27320	84,54284	-7,86462	85,19819	-7,20927
27340	84,54284	-7,20926	85,19819	-7,20926
27360	84,54284	-7,20926	85,1982	-7,20925
27380	84,54284	-7,20925	85,85356	-7,20926
27400	90,44118	-5,24314	92,40732	-5,24314
27420	91,09658	-5,24314	91,75194	-3,9324
27440	91,09659	-3,27703	92,40731	-2,62167
27460	91,75195	-2,62168	92,40731	-2,62167
27480	91,75194	-1,96631	91,75194	-2,62167
27500	91,09658	-2,62168	92,4073	-2,62167
27520	91,09658	-2,62167	91,75194	-2,62167
27540	91,75194	-1,96631	91,75194	-1,96631
27560	92,40731	-1,31095	99,61641	-1,96628
27580	102,89331	-1,31092	102,89331	-1,31092
27600	102,8933	-0,00019000000000347	103,54866	0,65517999999999
27620	102,8933	1,31054	102,8933	1,31055
27640	102,89329	1,31054	103,54865	0,65517999999999
27660	102,89328	1,31054	102,89327	1,31054
27680	102,23791	1,31054	102,89327	1,31054
27700	102,23791	1,31054	102,89327	1,31054
27720	102,23791	1,9659	102,89327	1,31054
27740	102,89326	1,9659	103,54862	1,31053
27760	102,2379	1,9659	103,54862	1,9659
27780	102,2379	1,31052	102,89326	1,31052
27800	102,2379	1,31052	102,89325	1,31052
27820	101,58253	1,31052	102,23789	0,65514
27840	101,58253	0,65514	102,23788	0,65513
27860	101,58252	0,65512	102,23788	-0,00024000000000513
27880	101,58252	-0,00024000000000513	102,23788	-0,00025000000000119
27900	101,58252	-0,00024000000000513	101,58251	-0,65561
27920	102,89326	-0,65561	108,7916	-0,65559
27940	110,10239	0,65515	110,10239	1,31051
27960	109,44702	1,96588	110,10239	2,62125
27980	109,44703	2,62126	110,10239	2,62126
28000	109,44703	2,62126	110,75775	2,62126
28020	110,1024	3,27663	110,75775	2,62127
28040	110,75775	3,27663	112,06847	2,62126
28060	111,41311	2,62126	112,06847	2,62126
28080	111,41311	2,62126	112,06846	2,62126
28100	110,75774	2,62126	111,4131	2,62125
28120	112,72385	2,62126	116,65609	3,93202
28140	118,62223	5,24276	117,96687	5,24276
28160	117,31151	6,55349	117,96687	6,5535
28180	117,96687	7,86423	118,62223	7,20887
28200	117,96686	7,86423	118,62222	7,20886
28220	117,96686	7,20887	117,96685	6,55351
28240	117,3115	7,20887	118,62221	6,5535
28260	117,3115	6,55351	118,62221	6,5535
28280	117,96685	6,55351	118,62221	6,5535
28300	117,96685	5,89814	118,62221	5,89813
28320	117,96685	5,89813	117,96685	5,89813
28340	117,96685	5,89813	117,96685	5,89813
28360	117,31149	5,89814	117,96684	5,24276
28380	117,31148	5,24276	117,96685	5,24275
28400	117,31149	3,93202	117,96685	4,58737
28420	117,31149	3,93201	117,96685	3,932
28440	116,65612	3,932	117,31149	3,93201
28460	116,65613	3,93201	117,96685	3,93201
28480	116,65613	3,932	117,31149	3,27663
28500	111,41317	-0,00022000000000588	96,99496	-6,55389
28520	84,54288	-11,14145	80,61065	-12,45219
28540	80,61065	-11,14146	81,92138	-11,14146
28560	80,61066	-10,48608	81,26601	-10,48609
28580	81,266	-9,83073	81,92136	-9,83073
28600	81,266	-9,83073	81,92136	-9,83073
28620	81,266	-9,83073	81,92136	-10,48609
28640	80,61064	-10,48609	81,92135	-9,83074
28660	81,266	-9,83074	81,92135	-9,83074
28680	81,26599	-10,4861	81,92134	-11,14148
28700	81,26598	-11,14148	81,26597	-11,79685
28720	81,26597	-12,45222	79,29982	-15,07368
28740	74,05687	-16,38438	67,50316	-17,69508
28760	58,32801	-19,00578	56,36189	-18,35041
28780	56,36189	-16,38431	57,67262	-15,07358
28800	57,01725	-15,07357	57,67261	-15,07358
28820	57,6726	-14,41822	58,32796	-14,41822
28840	57,6726	-14,41822	58,32795	-14,41821
28860	57,67259	-14,41822	57,67258	-14,41822
28880	57,67258	-14,41822	62,26014	-14,41824
28900	79,95516	-10,48601	100,27174	-6,55375
28920	109,44709	-5,243	109,44711	-2,62155
28940	108,79171	-9,0000000000146E-5	110,10244	0,65528
28960	109,44708	1,31064	110,75779	1,31063
28980	110,75779	1,96599	111,41314	1,96598
29000	110,75778	1,96598	111,41314	1,96597
29020	110,75777	1,96597	111,41313	1,96596
29040	110,75777	1,96596	111,41312	1,96596
29060	112,0685	0,65523	119,93296	-1,31086
29080	121,24375	-1,31087	121,24373	-0,65551
29100	120,58836	-0,00014000000000181	121,24373	-0,00014000000000181
29120	120,58836	0,65522	121,24372	0,65522
29140	120,58836	0,65521	121,24372	0,65521
29160	120,58836	0,65521	121,24371	0,6552
29180	120,58835	0,6552	121,24371	0,6552
29200	120,58834	-0,00016000000000105	121,2437	-0,00016000000000105
29220	120,58834	-0,00016000000000105	121,2437	-0,00017000000000422
29240	120,58834	-0,65554	119,93296	-0,65555000000001
29260	114,68998	-1,31091	115,34535	-1,31091
29280	115,34537	-0,65555000000001	116,00073	-0,65554
29300	115,34536	-0,00018000000000029	116,00071	-0,65556
29320	115,34535	-0,65556	116,0007	-1,31092
29340	116,0007	-1,31093	116,65606	-1,31094
29360	116,0007	-1,9663	117,31141	-1,96631
29380	116,65605	-1,96631	116,65605	-1,31095
29400	116,65605	-1,9663	117,31141	-2,62168
29420	116,65604	-3,27706	115,3453	-7,20927
29440	96,33953	-19,00589	70,78	-33,42389
29460	43,25447	-47,84187	25,55948	-51,77405
29480	25,55945	-48,49723	27,52555	-45,87576
29500	26,87019	-43,25429	28,1809	-41,94355
29520	28,18089	-39,97746	28,83625	-39,3221
29540	28,18088	-38,01136	29,4916	-38,01136
29560	28,83623	-37,356	30,14694	-36,70064
29580	29,49158	-36,70064	30,14693	-36,70065
29600	29,49157	-36,70065	30,14693	-38,01139
29620	28,83619	-41,28822	15,07345	-52,42941
29640	1,31071	-58,98303	-0,65542	-58,98303
29660	-5,000000000166E-5	-57,01694	1,31067	-55,70621
29680	-7,0000000000903E-5	-53,74011	1,31066	-53,08474
29700	0,65528999999999	-51,77401	1,96601	-51,11864
29720	1,31065	-49,80791	2,62137	-50,46327
29740	1,31064	-49,8079	1,96601	-49,15254
29760	1,31065	-48,49717	2,62137	-48,49718
29780	1,31065	-47,84181	2,62136	-47,84181
29800	1,31065	-47,18645	2,62137	-46,53109
29820	1,96601	-46,53109	2,62137	-46,53109
29840	1,966	-45,87573	3,27672	-45,87573
29860	1,96601	-45,87573	3,27673	-45,22038
29880	1,96601	-45,22037	2,62137	-45,22038
29900	2,62137	-45,22038	3,27673	-45,22038
29920	1,96601	-44,56502	3,27673	-44,56501
29940	1,96601	-44,56501	3,27673	-45,22038
29960	1,96601	-44,56502	2,62137	-45,22038
29980	1,96601	-45,22038	5,24284	-45,87575
30000	7,20898	-46,53111	7,86435	-45,87575
30020	7,20897	-45,22039	7,86432	-44,56502
30040	7,20896	-43,90966	8,51969	-44,56501
30060	7,86433	-43,90966	7,86432	-43,90966
30080	7,86433	-43,25429	8,51968	-43,25429
30100	7,86432	-43,25429	8,51969	-43,25429
30120	7,86433	-42,59892	8,51969	-43,25429
30140	7,86434	-43,25428	8,5197	-43,25429
30160	7,86434	-43,25428	8,5197	-43,25428
30180	7,86434	-43,90964	8,5197	-43,90964
30200	7,86434	-43,90964	8,5197	-43,90965
30220	7,86434	-43,90964	8,5197	-43,25428
30240	7,86434	-43,25428	8,5197	-43,25428
30260	7,86434	-42,59891	8,5197	-42,59891
30280	7,86434	-42,59891	8,51971	-42,59891
30300	7,86434	-42,59891	8,5197	-43,25428
30320	7,86435	-42,59892	8,51971	-43,25428
30340	7,86435	-43,25428	8,51971	-43,25428
30360	7,86435	-43,25428	8,51971	-43,25428
30380	7,86435	-42,59892	8,51971	-43,25428
30400	9,17509	-42,59892	11,1412	-43,25427
30420	10,48586	-42,59891	10,48585	-42,5989
30440	10,48585	-41,28817	11,14121	-41,28816
30460	10,48586	-40,6328	11,14121	-41,28817
30480	10,48585	-41,28817	11,14121	-41,28818
30500	10,48586	-41,28817	11,14121	-41,28818
30520	10,48585	-41,28817	11,14121	-41,28818
30540	10,48585	-41,94354	11,14122	-41,94354
30560	9,83049	-41,28818	10,48586	-41,28817
30580	9,8305	-41,28817	10,48584	-41,28818
30600	11,79659	-40,63282	17,03955	-40,63281
30620	17,03958	-40,63281	16,38421	-39,97745
30640	16,38421	-38,66672	17,03957	-38,66672
30660	16,38422	-38,01135	17,03957	-38,66672
30680	17,03957	-38,66672	17,69493	-39,32209
30700	17,69492	-39,32209	17,69747	-39,32209
30720	17,03956	-38,66672	18,35028	-39,32209
30740	17,69493	-38,66673	18,35283	-38,66673
30760	17,69492	-38,66672	18,35028	-38,66672
30780	17,69492	-38,01136	18,35028	-38,66673
30800	17,69493	-38,66673	18,35028	-38,66673
30820	17,69492	-38,66673	18,35028	-39,32209
30840	17,69492	-38,66673	18,35028	-39,3221
30860	17,69492	-39,3221	18,35028	-39,32209
30880	17,69492	-39,3221	17,69492	-39,97746
30900	17,69492	-39,97746	15,07345	-41,94355
30920	14,41809	-41,94355	15,07345	-41,94355
30940	13,76273	-40,63282	15,07345	-40,63281
30960	14,41809	-40,63281	15,07345	-41,28817
30980	14,41809	-41,28818	15,07345	-41,28818
31000	14,41809	-41,28818	15,72881	-41,28818
31020	14,4181	-40,63282	15,07345	-41,28818
31040	14,4181	-41,28818	15,07346	-41,28818
31060	15,07345	-40,63281	15,72881	-40,63282
31080	14,41809	-41,28817	15,07345	-41,28818
31100	14,41809	-41,28818	15,07345	-41,28818
31120	14,41809	-41,28818	15,07346	-40,63282
31140	14,4181	-40,63281	15,72882	-40,63282
31160	22,28254	-36,70062	30,147	-34,07915
31180	31,45778	-33,42378	31,45777	-32,76842
31200	31,45776	-31,4577	32,11312	-30,80234
31220	31,45776	-30,14697	32,11312	-30,14698
31240	31,45776	-30,14698	32,11312	-30,80235
31260	31,45776	-30,14699	32,11311	-31,45772
31280	31,45775	-31,45773	32,11311	-32,1131
31300	31,45775	-31,45774	32,1131	-32,1131
31320	31,45775	-31,45774	32,11311	-31,45775
31340	31,45774	-31,45774	32,1131	-31,45775
31360	31,45774	-31,45775	32,1131	-31,45776
31380	31,45774	-31,45775	32,76846	-31,45775
31400	32,1131	-31,45776	32,76846	-32,11313
31420	33,42383	-32,11314	36,70069	-32,7685
31440	36,7007	-32,7685	37,35605	-32,11314
31460	36,70069	-30,8024	37,35605	-30,80239
31480	36,70069	-30,8024	37,35605	-30,14704
31500	36,70069	-30,14704	37,35605	-30,14704
31520	36,70069	-30,14704	37,35605	-30,14704
31540	36,70069	-30,14704	37,35605	-30,8024
31560	36,70069	-30,14704	37,35605	-30,14704
31580	36,70069	-30,8024	37,35605	-30,8024
31600	36,70069	-30,8024	37,35604	-30,8024
31620	36,70069	-30,8024	37,35605	-30,8024
31640	36,70069	-30,14704	36,70069	-30,14703
31660	36,70069	-30,14703	36,70069	-30,14703
31680	36,04533	-28,8363	36,70069	-28,83629
31700	36,04533	-27,52556	36,70069	-27,52556
31720	36,7007	-26,87019	36,7007	-26,21483
31740	36,04534	-25,55946	36,7007	-25,55947
31760	38,01145	-24,9041	41,2883	-24,24873
31780	40,63296	-24,24872	40,63295	-24,24873
31800	40,63296	-23,59336	41,28832	-22,93799
31820	39,9776	-22,93799	40,63296	-22,938
31840	39,97759	-22,938	40,63295	-23,59336
31860	39,32222	-22,938	40,63294	-22,938
31880	39,97758	-23,59336	40,63294	-23,59337
31900	39,97757	-22,93801	40,63293	-23,59338
31920	41,94368	-22,93802	51,77425	-23,59337
31940	53,08504	-23,59338	53,08503	-23,5934
31960	53,08502	-22,93803	53,74038	-22,93804
31980	53,08502	-22,93803	53,74038	-23,5934
32000	53,08501	-24,24876	53,74037	-24,24877
32020	53,08501	-24,90414	53,74037	-24,90414
32040	53,08501	-24,24878	53,74037	-24,90414
32060	53,08501	-24,24878	53,74037	-24,24879
32080	53,08501	-23,59343	53,085	-23,59343
32100	53,085	-23,59343	53,085	-23,59343
32120	52,42964	-23,59344	53,085	-23,59344
32140	53,085	-24,2488	53,74036	-24,24881
32160	53,08499	-24,24881	54,39571	-24,90418
32180	53,74036	-24,90417	54,39571	-24,90418
32200	53,74035	-24,90418	54,39571	-25,55954
32220	53,74035	-24,90418	54,39571	-24,90418
32240	53,74035	-24,90418	55,05108	-25,55955
32260	54,39572	-25,55954	55,05108	-25,55955
32280	55,05108	-26,21491	55,05108	-26,87027
32300	54,39573	-26,21492	55,05108	-26,87028
32320	54,39572	-26,87028	55,05108	-26,21492
32340	54,39572	-26,87028	55,05108	-26,87028
32360	53,74036	-26,21491	54,39572	-26,87027
32380	54,39572	-26,21491	55,05108	-26,21491
32400	53,74036	-26,21492	54,39572	-25,55956
32420	53,74036	-26,21492	54,39572	-26,21492
32440	53,74036	-25,55956	53,74035	-26,21492
32460	53,08499	-25,55956	54,39571	-26,21492
32480	53,08499	-25,55957	53,74034	-26,21493
32500	53,08498	-26,21493	53,74034	-26,21493
32520	53,08499	-25,55956	53,74034	-26,21493
32540	53,08498	-26,21493	53,74034	-26,8703
32560	53,08498	-26,8703	53,74034	-27,52566
32580	53,08498	-27,52566	53,74034	-28,18103
32600	53,74034	-28,18103	53,74034	-28,83639
32620	53,08498	-29,49175	53,74034	-30,14713
32640	53,08498	-30,80249	54,39569	-31,45786
32660	53,74033	-31,45786	54,39569	-32,11322
32680	53,74033	-33,42396	55,05104	-34,07933
32700	54,39568	-34,7347	55,7064	-35,39006
32720	55,05105	-36,04543	58,98324	-36,04543
32740	61,60476	-36,70078	62,26013	-37,35616
32760	60,9494	-37,35615	61,60476	-36,70078
32780	60,9494	-36,04541	61,60476	-36,04541
32800	61,60475	-36,0454	61,60475	-35,39004
32820	60,94939	-34,73467	60,94939	-34,73468
32840	60,94939	-34,07931	61,60474	-34,07932
32860	60,29402	-33,42395	61,60473	-33,42396
32880	60,94937	-33,42396	61,60473	-33,42396
32900	60,94937	-33,42395	60,94937	-32,7686
32920	60,94937	-32,7686	60,94936	-32,76859
32940	60,29401	-32,11323	61,60472	-31,45788
32960	60,29401	-31,45787	61,60472	-32,11324
32980	64,22623	-31,45786	67,50308	-30,80249
33000	66,19237	-30,14713	66,84772	-28,8364
33020	66,19236	-28,83639	66,84773	-28,83638
33040	66,19237	-28,18102	66,84772	-28,18103
33060	66,19236	-27,52566	66,84772	-27,52566
33080	66,19236	-27,52566	66,84772	-28,18102
33100	66,19236	-27,52567	66,84772	-28,18102
33120	66,19236	-27,52566	66,84771	-27,52567
33140	66,19236	-27,52567	66,19235	-28,18104
33160	70,12458	-27,52567	77,33368	-26,8703
33180	79,29983	-26,21494	78,64446	-25,55957
33200	78,64445	-24,24884	79,29981	-23,59347
33220	79,29981	-23,59346	79,2998	-22,9381
33240	78,64444	-22,93811	79,95516	-23,59348
33260	79,2998	-22,93812	79,95516	-22,93812
33280	79,95516	-22,28275	80,61052	-22,28276
33300	79,2998	-22,28275	80,61052	-22,28275
33320	79,2998	-22,28275	80,61052	-22,93811
33340	79,95516	-22,28275	79,95516	-22,93811
33360	79,95516	-22,93812	80,61051	-23,59349
33380	79,95516	-23,5935	80,61051	-23,5935
33400	80,61052	-23,5935	88,47498	-22,93811
33420	92,40727	-21,62737	93,71802	-20,972
33440	93,71801	-19,00592	94,37337	-18,35054
33460	93,71802	-17,69518	94,37338	-17,03982
33480	94,37338	-17,03982	94,37338	-17,03982
33500	93,71802	-16,38446	94,37338	-17,03982
33520	93,71802	-16,38446	94,37337	-16,38446
33540	94,37337	-15,7291	95,02873	-16,38446
33560	94,37336	-15,7291	95,02872	-15,72909
33580	94,37336	-16,38446	95,02872	-16,38446
33600	94,37336	-16,38446	95,02872	-17,03982
33620	94,37335	-16,38446	95,02871	-17,03983
33640	93,71799	-17,03982	94,37335	-17,69519
33660	94,37335	-17,03983	94,37335	-17,69519
33680	93,71798	-17,69519	94,37334	-17,69519
33700	93,71798	-17,69518	94,37334	-17,69519
33720	93,71798	-17,69519	94,37333	-17,69519
33740	93,71798	-17,69519	96,33946	-17,69518
33760	96,3395	-17,69517	96,3395	-17,03982
33780	95,68414	-15,72908	96,99486	-15,72908
33800	96,3395	-15,72907	96,33949	-15,72908
33820	95,68413	-15,72907	96,3395	-15,72907
33840	95,68414	-15,0737	96,33949	-15,72907
33860	95,68414	-15,72907	96,33949	-15,07371
33880	96,3395	-15,07371	96,3395	-15,72908
33900	95,68414	-15,72908	96,3395	-15,72908
33920	95,68414	-15,72908	95,68414	-15,72908
33940	95,68414	-15,72908	96,3395	-16,38444
33960	95,68414	-16,38444	95,68413	-16,38445
33980	95,68413	-16,38445	95,68413	-17,03981
34000	95,02877	-16,38445	95,68413	-17,03981
34020	95,02876	-17,03982	95,68412	-17,69518
34040	93,06265	-18,35054	90,44117	-19,0059
34060	89,7858	-19,0059	90,44117	-18,35053
34080	90,44116	-17,69517	91,09653	-17,69516
34100	90,44117	-17,69517	91,09652	-17,69517
34120	89,7858	-17,03981	90,44116	-17,69518
34140	89,7858	-17,03982	90,44115	-17,69519
34160	89,78579	-18,35056	90,44115	-18,35056
34180	90,44114	-18,35056	90,44114	-19,00593
34200	90,44114	-18,35056	91,0965	-18,35056
34220	90,44114	-18,35056	90,44114	-18,35056
34240	89,78578	-17,69519	90,44114	-17,69519
34260	89,78578	-17,03983	91,0965	-17,03982
34280	90,44114	-16,38446	91,0965	-16,38446
34300	91,0965	-16,38446	91,0965	-17,03983
34320	90,44114	-17,03983	91,0965	-17,03983
34340	90,44114	-17,03982	91,0965	-17,69519
34360	89,78578	-17,69519	93,06262	-17,69519
34380	95,02878	-18,35054	95,68414	-17,69519
34400	94,3734	-17,03982	95,68413	-17,03982
34420	95,02877	-16,38445	95,68413	-16,38446
34440	95,02876	-17,03982	95,68413	-16,38446
34460	95,02877	-17,03982	95,02876	-17,03983
34480	94,3734	-17,03982	95,02876	-16,38447
34500	94,37339	-16,38446	95,02875	-16,38446
34520	94,37339	-16,38447	95,02875	-15,72911
34540	94,37339	-16,38446	95,02875	-16,38447
34560	94,37339	-16,38447	95,02875	-17,03983
34580	94,37339	-16,38447	94,37339	-16,38447
34600	94,37339	-16,38447	95,02875	-16,38448
34620	94,3734	-16,38447	95,02875	-16,38447
34640	94,37339	-15,72911	95,02875	-15,72912
34660	93,71803	-16,38447	94,37339	-16,38448
34680	94,37338	-17,03984	94,37338	-17,03985
34700	93,71802	-17,03984	94,37338	-17,6952
34720	93,71802	-17,03983	94,37338	-17,03984
34740	93,71803	-17,03984	94,37338	-17,03983
34760	93,06267	-17,03983	96,33951	-17,69519
34780	96,9949	-17,03981	96,99492	-16,38445
34800	95,68419	-16,38445	96,33955	-15,72908
34820	95,02883	-15,72907	95,68418	-15,72907
34840	95,02882	-16,38443	95,68417	-16,38444
34860	94,37345	-17,0398	95,02881	-17,03979
34880	94,37345	-16,38443	95,68417	-16,38443
34900	94,37345	-16,38442	95,68417	-15,72907
34920	95,02882	-15,72907	95,02881	-15,72908
34940	95,02881	-15,72907	95,68417	-16,38444
34960	95,02881	-15,72908	95,68417	-15,72909
34980	94,37345	-15,72908	95,68416	-15,72908
35000	95,0288	-15,07372	95,68416	-15,07372
35020	95,02881	-14,41836	95,68416	-15,07372
35040	95,0288	-15,07372	95,68416	-15,72909
35060	95,02879	-15,7291	93,71804	-17,6952
35080	79,2999	-22,9381	70,12467	-26,21493
35100	68,81392	-26,21494	69,46929	-25,55957
35120	69,46929	-24,9042	70,12464	-24,90421
35140	69,46928	-24,24885	70,12463	-24,24886
35160	69,46927	-24,24885	70,12463	-24,24886
35180	69,46926	-24,24886	70,12462	-24,90424
35200	69,46925	-24,90424	70,12461	-26,21497
35220	68,81389	-25,55962	70,12461	-26,21499
35240	69,46924	-26,87036	70,1246	-28,18109
35260	68,81387	-31,45794	66,19237	-40,63309
35280	46,53131	-63,5709	28,18092	-77,98889
35300	12,45208	-87,16399	11,79666	-93,7177
35320	12,45203	-95,02847	13,10739	-93,71773
35340	12,45202	-91,75164	13,76273	-90,44091
35360	13,10737	-92,40701	14,41808	-96,99459
35380	13,76271	-103,54829	15,07343	-106,82514
35400	14,41808	-106,16978	15,72879	-104,85904
35420	15,07344	-102,23757	16,38416	-100,92684
35440	15,72879	-100,27147	17,03951	-98,96075
35460	16,38415	-96,99464	12,45195	-100,9268
35480	2,62144	-104,85894	2,6214	-102,89284
35500	2,62141	-100,27138	3,93212	-97,6499
35520	3,27675	-95,02844	5,24282	-92,40697
35540	4,58746	-92,40695	5,89818	-91,7516
35560	5,24281	-92,40697	6,55353	-92,40697
35580	5,89817	-91,75161	7,20888	-91,09624
35600	6,55352	-89,7855	7,20888	-89,7855
35620	6,55352	-88,47477	7,86424	-87,8194
35640	7,20888	-87,81939	7,86424	-86,50866
35660	7,20888	-85,8533	7,86424	-85,85329
35680	7,86424	-85,19792	7,86424	-84,54256
35700	7,20888	-84,54255	7,86423	-83,88719
35720	7,20888	-83,23182	8,51959	-82,57645
35740	7,20887	-82,57644	8,51959	-82,57644
35760	7,20887	-81,92106	7,86423	-81,2657
35780	7,20887	-81,26569	7,86423	-81,26569
35800	7,20887	-81,2657	7,86423	-81,26569
35820	7,20888	-81,26568	7,20887	-81,26569
35840	2,62131	-83,88713	3,93203	-82,57639
35860	3,93205	-81,26566	4,58741	-79,95492
35880	3,93205	-78,64418	4,58741	-77,98882
35900	3,93206	-77,33344	4,58742	-77,33344
35920	3,93206	-76,67807	4,58742	-76,02271
35940	3,93207	-76,0227	4,58743	-76,0227
35960	3,93206	-74,71197	4,58743	-74,71196
35980	3,93206	-74,0566	4,58743	-74,05659
36000	3,93207	-72,74587	3,93206	-72,74586
36020	3,93206	-72,74586	4,58743	-72,74587
36040	3,93207	-72,74587	4,58743	-72,74587
36060	3,27671	-72,0905	4,58743	-71,43513
36080	3,93207	-71,43513	4,58743	-70,77976
36100	3,27672	-70,77976	3,93208	-70,77975
36120	3,27672	-70,12439	3,93208	-70,77975
36140	3,27672	-70,77975	3,93208	-70,12439
36160	3,27672	-69,46902	3,93208	-70,12438
36180	3,93208	-70,12438	4,58744	-69,46902
36200	3,27672	-69,46902	4,58744	-70,77976
36220	3,93208	-71,43513	3,93207	-71,43514
36240	3,93208	-71,43514	5,24279	-71,43513
36260	4,58743	-71,43514	4,58743	-72,09051
36280	1,31061	-74,71196	1,3106	-74,71197
36300	2,62134	-74,05659	2,62134	-72,74585
36320	1,96598	-71,43512	3,2767	-70,77975
36340	3,27671	-70,12438	3,93206	-70,77975
36360	3,27671	-70,12439	3,93207	-70,12439
36380	3,27671	-70,12438	3,93207	-70,12438
36400	3,93207	-69,46902	3,93207	-70,12438
36420	3,93207	-69,46901	4,58743	-69,469
36440	3,93207	-70,12436	4,58743	-69,46901
36460	4,58743	-69,46899	5,24278	-69,469
36480	4,58743	-69,469	5,24279	-70,12436
36500	4,58743	-69,469	5,89815	-69,469
36520	5,24279	-70,12437	5,89815	-70,12437
36540	5,2428	-70,12437	5,89815	-70,12438
36560	5,24279	-69,46901	5,89815	-69,46901
36580	5,2428	-68,81364	5,89816	-68,81364
36600	5,2428	-68,81364	5,89816	-68,81364
36620	5,2428	-68,81363	5,89816	-68,81363
36640	5,24281	-68,81364	5,89817	-68,81364
36660	5,24281	-68,81364	5,24282	-68,81363
36680	4,58745	-68,81364	5,89817	-68,81364
36700	5,24281	-68,81364	5,24281	-68,81364
36720	4,58746	-68,81364	5,89818	-68,81364
36740	4,58745	-68,81364	5,24282	-68,81364
36760	4,58746	-68,81365	5,89818	-68,81364
36780	4,58745	-68,81365	5,24281	-68,15828
36800	4,58746	-68,15828	5,24281	-68,15828
36820	4,58746	-68,15828	5,24282	-68,15828
36840	4,58746	-67,50291	5,24282	-68,15828
36860	4,58746	-67,50291	7,20892	-66,84754
36880	9,83042	-63,5707	10,4858	-62,91533
36900	-42,59836	-61,6046	11,14116	-60,29386
36920	10,4858	-59,63848	11,14116	-59,63849
36940	10,4858	-59,63849	11,14115	-59,63849
36960	9,83043	-58,98313	11,14115	-59,6385
36980	10,48579	-58,98314	11,14115	-59,6385
37000	10,48579	-60,29386	10,48579	-59,63851
37020	10,48578	-60,29387	10,48578	-60,29387
37040	9,83042	-60,94923	11,14114	-60,94924
37060	9,83042	-60,94923	10,48578	-60,94924
37080	9,83042	-60,94924	10,48578	-61,60461
37100	9,83041	-61,60461	10,48577	-61,60461
37120	9,83042	-61,60461	13,10726	-62,25996
37140	11,79655	-61,6046	12,4519	-60,94924
37160	12,4519	-60,29387	13,10726	-60,29387
37180	11,79654	-60,29387	13,10726	-60,29387
37200	11,79654	-60,29387	12,4519	-60,29388
37220	11,79654	-60,29388	12,45189	-60,29388
37240	11,79653	-60,29388	13,10725	-60,29388
37260	11,79653	-59,63851	12,45189	-60,29388
37280	11,79653	-60,29388	12,45189	-60,29388
37300	11,79653	-60,94924	12,45189	-60,94925
37320	11,79653	-60,94925	12,45189	-60,94925
37340	11,14117	-60,94924	11,79653	-61,60461
37360	11,14116	-61,60461	16,3841	-60,2939
37380	24,24856	-58,98316	26,21469	-58,32781
37400	24,90396	-57,01708	25,55931	-56,36171
37420	24,90396	-55,05098	25,55931	-55,05098
37440	25,55931	-54,39562	26,21467	-54,39563
37460	25,55931	-53,74026	26,21467	-54,39563
37480	25,55931	-53,74027	26,21467	-54,39564
37500	25,5593	-53,74028	26,21466	-54,39564
37520	25,5593	-54,39565	26,21466	-54,39565
37540	26,21466	-54,39566	26,87001	-54,39566
37560	26,21466	-54,39565	26,87001	-54,39565
37580	26,21466	-53,7403	26,87001	-53,74029
37600	26,21465	-53,74029	26,87001	-53,08493
37620	26,21466	-53,7403	27,52538	-53,7403
37640	30,80224	-52,42957	35,38985	-51,77421
37660	34,07912	-51,77421	34,0791	-51,11884
37680	34,07911	-49,80812	34,0791	-50,46348
37700	33,42375	-49,80811	34,73447	-50,46348
37720	34,0791	-49,80812	34,73446	-51,11884
37740	34,0791	-50,46349	34,73446	-51,11885
37760	34,0791	-50,46349	34,0791	-51,11885
37780	34,0791	-51,11885	34,07909	-50,46349
37800	34,0791	-50,46349	34,73446	-50,4635
37820	34,0791	-50,4635	34,73446	-49,80813
37840	34,0791	-49,80813	34,0791	-49,15277
37860	33,42373	-49,15276	33,42373	-49,80813
37880	32,76837	-49,80813	33,42373	-50,4635
37900	34,73448	-49,15277	36,7006	-49,15276
37920	36,04524	-48,49741	36,7006	-48,4974
37940	35,38988	-47,18667	36,7006	-47,18667
37960	35,38988	-47,18667	36,7006	-47,18667
37980	35,38988	-47,18667	36,04523	-48,4974
38000	35,38987	-47,84204	36,04524	-48,4974
38020	35,38988	-48,4974	36,04524	-48,4974
38040	35,38988	-48,4974	36,04523	-48,49741
38060	37,35598	-48,49741	43,9097	-48,49741
38080	43,90973	-48,49742	44,56508	-47,84206
38100	43,25436	-46,53132	44,56509	-46,53132
38120	43,90972	-46,53132	44,56508	-46,53132
38140	43,90972	-46,53132	44,56508	-45,87596
38160	43,90972	-45,87595	44,56508	-45,87596
38180	44,56508	-46,53133	45,22044	-46,53133
38200	44,56508	-46,53133	45,22044	-47,1867
38220	44,56507	-47,1867	45,22043	-47,1867
38240	44,56507	-46,53135	45,87579	-47,18671
38260	45,22043	-47,18671	45,87579	-47,18671
38280	45,22043	-47,18672	45,87579	-47,84208
38300	45,22043	-47,84208	45,87579	-47,84208
38320	45,22043	-48,49744	47,18652	-47,84209
38340	52,42953	-46,53135	57,6725	-45,87598
38360	57,67252	-45,22062	58,32787	-44,56378
38380	58,32788	-43,25453	58,98323	-43,25453
38400	58,32788	-43,25453	58,98323	-42,59917
38420	58,98323	-42,59917	59,63859	-42,59917
38440	58,32787	-42,59917	59,63858	-42,59917
38460	58,98323	-42,59917	59,63858	-42,59918
38480	58,98322	-43,25454	59,63858	-43,25455
38500	58,98322	-42,59919	59,63858	-43,25455
38520	60,94931	-42,59919	66,84765	-41,94382
38540	66,19233	-41,28846	66,84767	-41,28847
38560	66,19231	-40,63309	66,84767	-40,6331
38580	66,19231	-40,6331	66,84767	-41,28846
38600	66,1923	-41,28846	66,84766	-41,28846
38620	66,19231	-41,28846	66,1923	-41,28846
38640	64,88158	-41,28847	66,1923	-41,28847
38660	65,53694	-41,28847	65,53693	-41,28847
38680	64,88157	-40,63311	65,53693	-40,63311
38700	64,22621	-40,63311	64,88156	-40,63311
38720	64,2262	-39,97775	64,88157	-40,63311
38740	64,2262	-40,63311	64,88156	-39,97776
38760	64,2262	-39,97776	64,88156	-39,97776
38780	63,57084	-39,97775	64,88156	-39,97776
38800	63,57084	-39,97776	64,2262	-40,63313
38820	57,67253	-43,90995	54,39568	-45,87604
38840	54,39568	-45,87605	55,05104	-45,22068
38860	55,05104	-45,22068	55,05104	-45,22067
38880	55,05103	-45,87603	55,70639	-45,87605
38900	55,70639	-45,87604	56,36174	-45,87605
38920	55,70638	-45,87605	56,36174	-45,87604
38940	55,70638	-45,87604	56,36174	-45,87604
38960	55,70638	-45,22068	57,0171	-45,22068
38980	55,70638	-45,87604	57,0171	-45,87606
39000	56,36174	-46,53141	57,0171	-47,18678
39020	56,36173	-47,1868	57,01709	-49,15289
39040	56,36173	-49,80827	57,01708	-50,46364
39060	55,70637	-50,46364	57,01709	-50,46364
39080	56,36172	-51,77436	48,4973	-56,36188
39100	39,97748	-57,67257	40,63283	-57,67258
39120	39,97749	-56,36184	40,63285	-55,0511
39140	40,63284	-54,39574	40,63284	-54,39574
39160	40,63284	-53,74038	41,2882	-53,74037
39180	40,63284	-53,085	41,2882	-53,74036
39200	40,63284	-53,085	41,2882	-52,42963
39220	40,63284	-53,08499	41,28819	-52,42963
39240	40,63284	-52,42963	41,2882	-52,42963
39260	40,63284	-52,42962	41,2882	-51,77426
39280	40,63285	-52,42962	41,2882	-52,42962
39300	40,63285	-51,77425	41,28821	-52,42961
39320	39,97749	-51,77425	40,63285	-52,42962
39340	39,97749	-51,77426	41,28821	-52,42962
39360	39,97749	-51,77426	40,63285	-52,42962
39380	39,97749	-51,77426	40,63285	-51,77426
39400	39,97749	-51,77426	40,63285	-51,77426
39420	39,97749	-51,77426	41,94359	-51,1189
39440	43,90973	-51,11888	45,22048	-50,46352
39460	44,56511	-49,80817	44,56511	-49,15279
39480	43,90975	-49,15279	45,22047	-49,1528
39500	44,56511	-49,1528	44,56511	-49,1528
39520	44,56511	-49,1528	44,5651	-49,1528
39540	43,90974	-49,1528	44,5651	-49,1528
39560	43,90974	-48,49744	44,5651	-48,49744
39580	43,90973	-48,49745	44,56509	-49,80818
39600	43,90973	-49,80818	44,56508	-50,46355
39620	41,94362	-52,42964	30,80233	-57,01714
39640	22,93791	-57,67247	24,90399	-56,36175
39660	24,904	-55,05102	25,55936	-53,08492
39680	24,90399	-52,42955	25,55934	-51,77418
39700	24,90398	-51,11881	26,2147	-51,1188
39720	25,55934	-50,46344	26,2147	-49,80808
39740	25,55934	-49,80808	26,2147	-49,80808
39760	25,55934	-49,80808	26,2147	-49,80808
39780	25,55934	-49,15271	26,2147	-49,15271
39800	25,55933	-48,49735	26,21469	-47,84198
39820	25,55933	-47,84198	26,21469	-47,84198
39840	25,55933	-47,84198	25,55933	-47,84199
39860	25,55933	-47,84198	26,21469	-47,18662
39880	25,55932	-47,18662	26,21468	-47,18663
39900	25,55933	-47,18662	26,21468	-47,18662
39920	25,55932	-47,18662	26,21469	-47,18663
39940	25,55932	-47,18663	26,21468	-47,84199
39960	25,55932	-47,18664	29,49152	-47,18664
39980	32,7684	-46,53126	34,07914	-46,53127
