T	LX	LY	RX	RY
0	0	0	0	0
20	0	-1,31073	-0,65536	-0,65535999999999
40	-0,65537	-1,31073	-0,65536	-1,96608
60	-0,65538	-1,96609	-1,31074	-1,96608
80	-1,31075	-1,96609	-1,31075	-1,31071
100	-1,31076	-1,96608	-1,31076	-1,96607
120	-1,96613	-1,96608	-1,96613	-1,96607
140	-1,96613	-2,62144	-1,96613	-2,62143
160	-1,96621	-2,62143	-1,96613	-2,62142
180	-1,96614	-3,2768	-1,96614	-3,27678
200	-1,96613	-3,27679	-1,96613	-2,62142
220	-1,96613	-1,96607	-1,96614	-1,96606
240	-1,96613	-2,62143	-2,62149	-2,62142
260	-2,62149	-2,62143	-2,62149	-2,62142
280	-1,96613	-3,2768	-2,62149	-3,27678
300	-1,96613	-3,2768	-2,62149	-3,27679
320	-2,62149	-3,93217	-1,96613	-3,2768
340	-2,62148	-3,93217	-2,62148	-3,93216
360	-1,96612	-5,2429	-1,96611	-5,89825
380	-1,96612	-7,20899	-1,96611	-7,86435
400	-1,96611	-7,86436	-1,96611	-7,86435
420	-1,96611	-7,86436	-1,96356	-7,20899
440	-1,31075	-6,55364	-1,31075	-6,55363
460	-1,31075	-6,55364	-1,96612	-5,89827
480	-1,31076	-6,55364	-1,96611	-6,55363
500	-1,31075	-6,55364	-1,31075	-6,55363
520	-1,96612	-6,55365	-1,96612	-7,209
540	-1,96612	-7,20901	-1,96612	-6,55364
560	-1,96611	-7,20901	-1,31076	-8,51972
580	-1,31076	-9,1751	-1,31076	-9,17509
600	-0,6554	-9,17509	-0,65539	-8,51972
620	-0,65538	-7,86437	-0,65537	-7,20899
640	-0,65537	-7,86436	-0,65536	-6,55363
660	0	-6,55364	9,9999999960687E-6	-6,55363
680	-1,31073	-7,86437	-3,27687	-7,20901
700	-3,27686	-6,55366	-3,27685	-5,24291
720	-3,27685	-4,58756	-3,93221	-3,27682
740	-3,93221	-3,93219	-3,93221	-3,27682
760	-3,93221	-3,93219	-3,93221	-3,93218
780	-3,93221	-3,93219	-3,93221	-3,93218
800	-3,93221	-3,9322	-3,93221	-3,93218
820	-3,9322	-3,9322	-3,93221	-3,93219
840	-3,9322	-3,9322	-3,27685	-3,27682
860	-3,9322	-3,27683	-3,27684	-3,93218
880	-3,27685	-4,58756	-3,9322	-4,58755
900	-3,27685	-5,24292	-3,9322	-5,24291
920	-3,93221	-5,24293	-3,93221	-5,24291
940	-3,93221	-5,89829	-3,93221	-6,55364
960	-3,93221	-7,20901	-3,93222	-7,86437
980	-3,93221	-8,51974	-3,93221	-9,17509
1000	-3,9322	-8,51974	-2,62145	-6,55363
1020	-3,2768	-6,55364	-3,2768	-5,2429
1040	-3,93216	-3,93219	-3,93215	-3,93217
1060	-3,93215	-3,93219	-3,93216	-3,93218
1080	-3,93216	-4,58755	-3,27679	-3,93218
1100	-3,2768	-4,58756	-3,27679	-4,58755
1120	-3,27679	-4,58757	-3,27679	-4,58755
1140	-3,2768	-3,93221	-3,27679	-3,93219
1160	-3,27679	-3,9322	-3,27679	-3,27682
1180	-3,27679	-3,27683	-3,27678	-3,27682
1200	-3,27678	-3,27683	-3,27678	-3,27681
1220	-2,62141	-3,27682	-3,27677	-2,62145
1240	-3,27677	-2,62146	-3,27677	-2,62145
1260	-2,62141	-2,62146	-2,62141	-1,96609
1280	-2,62141	-2,62146	-3,27677	-2,62145
1300	-3,27677	-2,62146	-3,27677	-2,62144
1320	-3,27678	-3,27681	-3,27677	-3,2768
1340	-3,27678	-3,27681	-3,27678	-3,93217
1360	-3,27678	-3,93218	-3,27679	-3,93217
1380	-3,27679	-3,93218	-2,62142	-4,58753
1400	0,65548	-3,27681	1,31101	2,0000000006348E-5
1420	0,65569	0,65537	0,00031999999999499	1,31074
1440	0,00031999999999499	1,9661	0,00032999999999817	1,31074
1460	0,00031999999999499	0	0,65568	-1,96608
1480	0,65567	-4,58755	1,31102	-7,209
1500	1,31101	-9,1751	1,311	-10,48581
1520	1,96635	-10,48583	1,96635	-10,48582
1540	1,96635	-11,1412	2,62171	-11,14119
1560	2,6217	-11,1412	2,62171	-10,48583
1580	2,62171	-10,48584	2,62171	-9,83046
1600	2,62171	-9,17511	2,62171	-9,17509
1620	2,62171	-8,51974	2,62171	-7,86437
1640	2,62171	-7,20902	1,96636	-7,209
1660	2,62181	-5,24293	4,58795	-2,62146
1680	3,27723	-1,9661	3,27723	0
1700	2,62187	1,31073	3,27724	3,27683
1720	2,62188	4,58755	1,96653	7,86438
1740	1,96653	9,83047	1,31118	12,45193
1760	0,65582999999999	14,41802	0,65585	15,72876
1780	0,65586	16,38412	0,65586	17,69486
1800	0,00050999999999846	17,69485	0,00051999999999452	19,00558
1820	0,00051999999999452	19,00558	0,0005299999999977	19,00559
1840	0,0005299999999977	19,00558	0,0005299999999977	18,35023
1860	0,0005299999999977	19,00558	0,00054000000000087	19,00559
1880	0,0005299999999977	18,35022	0,00054000000000087	18,35024
1900	-0,65484	18,35022	-2,62097	17,69487
1920	-2,62099	18,35023	-2,62098	19,0056
1940	-2,62097	19,66096	-2,62097	19,66097
1960	-2,62097	19,66096	-2,62097	19,66097
1980	-2,62097	19,66096	-2,62096	20,31634
2000	-2,62096	19,66096	-1,9656	19,66097
2020	-2,62096	19,66096	-2,62095	19,66098
2040	-2,62095	19,66096	-2,62095	19,66097
2060	-2,62095	19,0056	-2,62094	19,00561
2080	-2,62094	19,0056	-2,62094	19,00561
2100	-2,62094	19,0056	-1,96554	19,66098
2120	10,4865	21,62706	16,38486	22,28243
2140	15,72951	21,62706	14,41878	21,62707
2160	15,07415	20,9717	15,07415	21,62707
2180	15,7295	20,97169	16,38487	20,9717
2200	16,38487	20,97169	16,38487	20,9717
2220	16,38487	20,97169	16,38487	20,9717
2240	16,38487	20,31633	15,72951	20,31634
2260	15,7295	20,31633	15,7295	20,31634
2280	15,7295	19,66096	15,7295	19,66098
2300	15,7295	19,66096	15,7295	19,66098
2320	15,7295	19,66096	15,7295	19,66097
2340	15,7295	19,0056	15,7295	19,00561
2360	15,7295	19,0056	15,72949	19,66097
2380	16,38485	19,0056	15,72949	19,00561
2400	15,72949	19,00559	15,72949	19,0056
2420	15,72949	18,35023	16,38484	18,35024
2440	16,38484	17,0395	16,38484	17,03951
2460	16,38484	16,38414	16,38484	16,38415
2480	16,38483	15,72877	16,38483	15,72878
2500	16,38483	15,0734	16,38483	14,41805
2520	16,38482	13,76268	16,38482	13,10733
2540	15,72945	12,45195	15,72946	12,45196
2560	15,72945	11,79659	15,72945	11,14124
2580	16,38481	11,14122	16,3848	11,14123
2600	16,3848	10,48586	16,38481	10,48587
2620	16,3848	10,48585	16,3848	9,83051
2640	16,3848	9,83049	16,3848	9,17515
2660	16,3848	9,17513	16,3848	9,17514
2680	16,3848	8,51977	5,8989	7,20907
2700	-1,31025	7,20907	-0,65495	7,86445
2720	0,6558	9,17516	0,00045000000000073	10,4859
2740	0,00045000000000073	11,79661	0,0004599999999968	12,45199
2760	-51,77298	12,45197	0,0004599999999968	12,45198
2780	0,0004599999999968	12,45197	0,0004599999999968	12,45198
2800	0,65582	11,7966	0,0004599999999968	11,79662
2820	0,65582	11,7966	0,65582	11,79661
2840	0,65582	11,7966	0,65582	11,79661
2860	0,65582	11,14124	0,65582	11,14125
2880	0,65582	11,14124	0,65582	11,14125
2900	0,65582	10,48587	0,65581	10,48589
2920	0,65581	9,83051	-0,65486	9,17516
2940	-0,65483	9,17515	-0,65483	9,83052
2960	-0,65483	10,48587	-1,31019	10,48588
2980	-0,65483	10,48587	-0,65483	10,48588
3000	-0,65483	10,48587	-0,65483	9,83052
3020	0,00051999999999452	9,83051	0,00051999999999452	9,17516
3040	0,00051999999999452	9,17515	0,00051999999999452	9,83052
3060	0,00051999999999452	9,83051	0,00051999999999452	10,48588
3080	0,00051999999999452	10,48587	0,0005299999999977	10,48589
3100	0,00051999999999452	10,48588	0,00051999999999452	10,48589
3120	5,89887	11,79659	15,72943	14,41806
3140	16,38483	14,41805	15,72945	15,07342
3160	15,72946	15,72878	15,72946	15,72879
3180	15,72946	15,07341	16,38482	15,07341
3200	16,38482	14,41804	16,38481	13,76269
3220	17,04017	13,10731	16,38481	13,10732
3240	17,04016	12,45195	16,38481	12,45196
3260	16,3848	12,45195	17,04016	11,7966
3280	17,04016	11,79659	16,3848	11,79659
3300	16,3848	10,48586	16,38479	11,14123
3320	16,38479	10,48586	16,38479	10,48587
3340	16,38479	10,48586	16,38479	10,48587
3360	18,35089	10,48586	33,42429	13,10732
3380	39,97798	14,41804	39,32262	15,72878
3400	38,66726	16,38413	39,32263	17,03951
3420	39,32263	17,0395	38,66727	17,03951
3440	38,66727	16,38413	39,32263	17,03951
3460	39,32263	16,38414	39,32263	16,38415
3480	39,97799	15,72877	39,97799	15,72878
3500	40,63335	15,72877	40,63335	15,07342
3520	40,63334	15,07341	40,63334	14,41805
3540	41,2887	14,41804	41,2887	13,76269
3560	50,46382	15,72877	57,67288	17,69487
3580	58,98363	17,69486	58,32827	18,35024
3600	58,98363	18,35023	58,32828	19,00561
3620	58,98363	18,35023	58,98363	18,35024
3640	58,98363	17,69487	58,98363	17,69488
3660	58,98363	17,69487	58,98363	17,69488
3680	58,98363	17,03951	58,98363	17,69488
3700	58,98363	17,69487	59,63899	17,03952
3720	58,98363	17,03951	59,63898	17,03952
3740	59,63898	16,38414	59,63898	15,72879
3760	59,63898	15,07342	59,63897	13,7627
3780	59,63896	11,7966	60,29433	11,14125
3800	60,29432	10,48588	59,63896	10,48589
3820	58,9836	11,14123	58,9836	11,14125
3840	58,98361	10,48587	58,9836	11,14125
3860	58,9836	11,7966	58,32824	11,79661
3880	58,32824	12,45196	58,32824	12,45198
3900	58,32824	12,45197	58,32824	12,45199
3920	58,32824	12,45197	62,26044	14,41808
3940	66,84804	16,38416	66,84806	17,03954
3960	66,19269	17,69489	66,1927	18,35027
3980	66,19271	19,00562	66,19271	18,35027
4000	66,84807	18,35026	66,84807	18,35027
4020	66,84807	18,35026	66,84807	18,35027
4040	66,84807	17,6949	66,84807	17,6949
4060	66,84806	17,69489	66,84807	17,03955
4080	66,84807	17,03954	66,84807	17,03954
4100	66,84806	17,03953	67,50343	17,03954
4120	75,36785	19,66099	83,88769	21,6271
4140	85,85382	22,28244	85,19846	22,93782
4160	85,85382	23,59317	85,85382	23,59319
4180	85,85382	23,59317	85,85382	23,59319
4200	85,85382	22,93781	85,85382	22,93783
4220	85,19846	22,93781	85,19846	22,93782
4240	85,85382	22,28244	85,19846	21,62709
4260	85,19846	21,62708	85,19846	20,97173
4280	85,19846	20,97172	85,85382	20,97173
4300	85,85381	20,97173	85,85382	20,97173
4320	85,19846	20,97172	85,85382	21,62709
4340	85,19846	20,97172	85,85382	20,97174
4360	85,85382	20,97173	85,85383	21,6271
4380	85,85383	20,97173	85,85383	20,97174
4400	85,85382	20,97173	85,85383	20,97174
4420	86,50919	20,97173	86,50919	20,97175
4440	87,16455	20,97173	86,50919	21,6271
4460	86,50919	21,6271	86,50919	22,28247
4480	86,50919	22,93783	86,50919	22,93784
4500	86,50919	23,59319	86,50919	22,93784
4520	86,50919	22,93783	86,50919	22,93784
4540	85,85383	21,62711	87,16457	23,59321
4560	91,09679	26,21466	91,09681	26,87003
4580	91,0968	26,87002	91,09681	27,52539
4600	90,44145	27,52539	91,09681	26,87004
4620	90,44144	26,21466	90,44144	26,21467
4640	89,78608	26,21466	90,44144	25,55931
4660	89,78608	24,90393	89,78608	24,90394
4680	89,78608	24,24857	89,78608	24,24858
4700	89,78607	24,24856	89,78608	24,24857
4720	89,78608	23,5932	89,78608	23,59321
4740	89,13071	23,5932	89,78608	22,93784
4760	89,78608	22,93783	89,78608	22,93784
4780	89,78608	22,93783	89,78609	22,93783
4800	89,78609	22,93782	89,78609	22,93783
4820	89,78609	22,93782	89,78609	22,93783
4840	89,78609	22,93782	89,7861	22,93783
4860	89,7861	22,93782	89,7861	22,93783
4880	89,13074	22,93781	89,78609	22,93783
4900	93,7183	24,90391	104,20426	28,83611
4920	109,44729	30,80218	108,13658	31,45755
4940	108,79193	32,76827	108,13659	33,42365
4960	108,1366	34,07901	108,13659	34,07901
4980	108,13659	34,079	108,13659	34,73438
5000	108,13659	34,079	108,13659	34,07902
5020	108,13659	34,07901	108,13659	34,07902
5040	108,13659	34,079	108,13659	34,07902
5060	108,13658	34,079	108,13658	34,07902
5080	108,13658	34,079	108,13658	34,07902
5100	108,79194	34,079	108,79195	34,07901
5120	108,79194	34,73436	109,44731	34,73437
5140	111,41344	36,70098	114,03494	38,0112
5160	114,03494	39,32191	113,37957	40,63265
5180	113,37958	41,28801	113,37958	41,28802
5200	113,37958	41,28801	113,37959	41,28803
5220	113,37959	41,28801	112,72423	40,63266
5240	113,37958	39,97728	113,37958	39,32193
5260	113,37958	39,32192	113,37957	39,32193
5280	113,37957	38,66656	112,7242	38,66657
5300	112,72421	38,66656	112,72421	38,66657
5320	112,7242	38,66656	112,7242	38,66657
5340	112,7242	38,66656	112,7242	38,66657
5360	112,72421	39,32192	112,7242	39,32193
5380	112,72421	39,32192	112,72421	39,32193
5400	112,72421	39,32192	112,72421	39,32193
5420	112,72421	39,32192	112,06885	39,32193
5440	112,72421	39,32192	111,4135	39,32193
5460	112,06887	39,32191	112,06887	39,32192
5480	112,06887	39,32191	112,06888	39,97728
5500	112,06888	39,97727	112,06889	39,97728
5520	111,41353	39,32191	112,06889	39,97729
5540	112,06889	39,97728	111,41353	39,97729
5560	111,41353	39,97728	111,41353	40,63265
5580	112,06889	40,63264	111,41352	40,63266
5600	111,41353	39,97728	111,41353	40,63265
5620	111,41353	40,63264	111,41353	41,28802
5640	111,41353	41,28801	111,41353	41,28802
5660	112,06889	41,28801	111,41353	40,63265
5680	112,0689	39,97728	112,06889	39,97729
5700	102,89367	36,04511	81,92177	28,18077
5720	62,91604	24,90392	57,01774	25,55929
5740	57,01777	26,21464	57,01777	26,87001
5760	56,3624	26,21463	56,3624	24,90391
5780	56,36239	22,28244	57,01775	20,97172
5800	55,05163	18,35026	32,1138	14,41811
5820	6,55443	12,45203	1,96679	13,10739
5840	3,27756	15,07346	3,27757	17,03956
5860	3,27757	18,35028	3,27756	19,00565
5880	3,27756	19,00563	3,27755	18,35028
5900	3,27755	17,69491	3,93291	17,03955
5920	3,93291	16,38418	2,62215	16,38419
5940	1,96658	15,72882	0,65572	15,72884
5960	1,96645	17,03955	1,96649	18,35029
5980	1,96648	19,00564	1,96648	19,00565
6000	1,96649	19,00563	1,96648	18,35028
6020	1,96648	17,6949	2,62184	17,03955
6040	2,62184	16,38417	2,62184	15,72882
6060	3,2772	15,07344	2,62184	15,07345
6080	2,62183	14,41807	2,62184	13,76272
6100	-1,31042	11,14125	-5,24267	11,14126
6120	-5,24267	11,79661	-4,5873	11,79663
6140	-5,24266	12,45198	-5,24266	13,76272
6160	-5,24266	13,76271	-5,24266	14,41808
6180	-5,89802	14,41808	-5,89801	15,07345
6200	-5,89802	13,76271	-5,89802	13,76273
6220	-5,89802	13,76271	-5,89802	13,76273
6240	-5,89802	13,76271	-5,24266	13,76272
6260	-5,24265	13,10735	-5,24265	13,10735
6280	-5,24265	13,10734	-4,58729	13,10735
6300	-4,58729	13,10734	-5,24265	12,45199
6320	-4,58728	12,45198	-4,58728	12,45199
6340	-4,58728	12,45198	-5,24264	12,452
6360	-5,24264	11,79662	-5,24264	11,79663
6380	-5,24264	11,79662	-5,24264	11,79663
6400	-5,24264	11,14126	-5,898	10,48591
6420	-5,24264	10,48589	-6,55338	11,14127
6440	-6,55339	11,14126	-6,55338	11,79664
6460	-6,55338	11,79663	-6,55338	12,452
6480	-7,20874	11,79662	-7,20874	11,79664
6500	-6,55338	11,14126	-6,55338	11,14127
6520	-6,55338	10,4859	-6,55337	9,83054
6540	-6,55338	9,17516	-6,55338	9,17517
6560	-6,55338	8,51979	-6,55339	8,5198
6580	-6,55339	7,86443	-6,55339	7,20907
6600	-7,20875	6,5537	-6,55339	6,55371
6620	-7,20875	5,89833	-7,20875	5,24298
6640	-7,20876	4,5876	-6,5534	3,93225
6660	-1,31043	3,27688	0,65586	4,58761
6680	-0,65479000000001	3,93223	-0,6548	4,5876
6700	-0,65481	4,58759	-0,65481	5,24296
6720	-1,31017	4,58759	-1,31017	4,5876
6740	-1,31018	3,93223	-1,31018	3,27688
6760	-1,31018	3,27686	-1,31018	2,62151
6780	-1,31019	2,6215	-1,96555	1,96615
6800	-1,31019	1,96613	-1,31019	1,31078
6820	-1,31019	1,31077	-1,96555	1,31078
6840	-1,96555	1,31078	-1,96555	1,96691
6860	-1,31019	1,96614	-1,31019	2,62151
6880	-1,96555	2,6215	-1,31019	2,62152
6900	-1,31019	3,27687	-1,31018	3,93224
6920	-1,31018	3,27687	-1,96553	3,93225
6940	-1,31018	3,93223	-0,65485	5,24297
6960	-1,31021	5,89833	-0,65483	7,20907
6980	-0,65483	7,20906	-0,65483	7,20907
7000	-0,65483	7,20906	-0,65483	7,20907
7020	-0,65483	7,20906	-0,65483	7,20907
7040	-0,65483	6,5537	-0,65483	6,55371
7060	-0,65483	6,5537	-0,65483	6,55371
7080	-0,65483	5,89834	-0,65483	6,5537
7100	-0,65483	5,89833	-0,65483	5,89834
7120	-0,65483	5,24297	-0,65483	5,24298
7140	-0,65483	5,24297	0,0005299999999977	5,24298
7160	0,0005299999999977	5,24297	0,0005299999999977	5,24298
7180	0,0005299999999977	4,5876	0,0005299999999977	4,58761
7200	0,00051999999999452	3,93224	0,0005299999999977	3,93225
7220	-0,65476	5,24297	-0,65473	5,89834
7240	0,00062999999999391	6,55369	0,00063999999999709	6,55371
7260	0,00062999999999391	7,20906	0,00062999999999391	7,20907
7280	0,65599	6,55369	0,65602999999999	7,20906
7300	13,10807	10,48587	20,97255	11,14124
7320	19,00647	10,48587	19,00644	11,14125
7340	19,00644	11,14124	18,35108	11,14125
7360	18,35107	11,14124	18,35107	11,14124
7380	17,69571	10,48587	18,35106	10,48588
7400	18,35106	9,83051	18,35106	10,48587
7420	18,35105	9,83051	18,35105	10,48588
7440	18,35105	9,83051	17,69569	10,48588
7460	17,69569	9,83051	17,69569	10,48588
7480	17,69568	9,83051	17,04032	9,83053
7500	17,69568	9,83051	17,69568	9,83052
7520	17,69568	9,83051	17,69568	9,17517
7540	17,69568	9,17515	17,69568	8,5198
7560	18,35104	8,51978	17,69568	7,86444
7580	18,35105	7,86442	18,35105	7,86444
7600	18,35105	7,20906	19,00641	7,20907
7620	19,00641	6,55369	19,00642	6,55371
7640	19,66177	6,5537	19,66177	6,5537
7660	19,66177	7,20906	19,00641	6,5537
7680	17,69567	6,5537	16,38495	7,20907
7700	16,38495	7,86442	16,38495	8,5198
7720	16,38495	8,51979	15,72959	8,5198
7740	15,72958	7,86443	15,72958	7,86444
7760	15,72957	7,86442	15,07422	7,86443
7780	15,72957	7,20906	15,07421	7,86444
7800	15,07421	7,20907	14,41886	7,86444
7820	15,07421	7,20907	14,41885	7,86444
7840	14,41885	7,20907	14,41885	7,20908
7860	14,41885	7,20907	14,41885	7,20909
7880	14,41885	6,55371	15,07421	6,55372
7900	14,41885	6,55371	14,41884	6,55372
7920	15,0742	5,89835	15,0742	5,89836
7940	15,0742	6,55371	14,41884	5,89836
7960	15,0742	5,89835	14,41884	6,55372
7980	14,41884	6,55371	14,41883	6,55372
8000	14,41884	5,89835	14,41884	5,89836
8020	13,76348	5,89835	14,41883	5,243
8040	14,41883	5,24298	13,76347	5,243
8060	13,76347	5,24298	13,76346	4,58764
8080	13,1081	4,58762	9,83126	4,58763
8100	9,17589	4,58763	9,17589	5,243
8120	9,83125	5,24299	9,17589	5,243
8140	9,17589	4,58762	9,83125	4,58764
8160	9,83125	3,93226	9,17589	3,93227
8180	9,83124	3,93226	9,17588	3,27691
8200	9,83125	2,62154	9,17588	3,27691
8220	9,17588	2,62153	9,83124	2,62154
8240	9,83124	1,96617	9,17588	1,96618
8260	9,83124	1,96617	9,83124	1,31081
8280	9,83124	0,65544	9,83124	0,65545
8300	9,83124	0,65544	9,83124	9,0000000000146E-5
8320	9,83123	7,9999999996971E-5	9,83124	9,0000000000146E-5
8340	9,83123	-0,65529	-51,77261	-1,31064
8360	9,83123	-1,96602	10,48659	-1,96601
8380	26,87071	1,31081	46,53173	4,58764
8400	49,80861	5,24299	49,15323	5,243
8420	49,8086	5,89835	49,8086	5,89836
8440	49,8086	5,89835	49,8086	5,89836
8460	50,46395	5,24298	50,46395	4,58763
8480	49,80858	4,58762	50,46395	3,93227
8500	50,46394	3,93225	49,80857	3,2769
8520	49,80857	3,27689	49,80857	3,2769
8540	50,46393	2,62152	50,46392	2,62154
8560	50,46392	1,96616	51,11929	1,96617
8580	51,11928	1,96616	50,46392	2,62153
8600	51,11928	1,96616	50,46392	2,62153
8620	51,11928	1,96616	50,46392	2,62153
8640	51,11928	1,96617	51,11928	1,96618
8660	51,11927	1,96616	51,77465	1,96618
8680	51,11928	1,3108	51,11929	1,96617
8700	51,77465	1,3108	51,77464	1,31081
8720	51,77464	0,65544	51,77465	1,31081
8740	51,77465	0,65543	55,70686	1,96617
8760	58,32834	1,96616	58,32835	2,62153
8780	58,32833	2,62152	58,32835	2,62154
8800	58,32835	2,62153	58,98371	1,96617
8820	58,9837	1,96616	58,9837	1,31081
8840	58,98369	1,31079	59,63907	1,3108
8860	59,63906	0,65543	59,63906	0,65544000000001
8880	59,63905	0,65543	59,63906	0,65544000000001
8900	58,98369	0,65543	58,9837	1,3108
8920	58,9837	1,96615	62,26053	3,93226
8940	76,02327	11,79661	83,88778	15,72882
8960	84,54318	18,35026	83,88783	20,97173
8980	84,5432	23,59318	84,54321	26,21465
9000	84,54322	26,87001	84,54323	28,18074
9020	85,19859	27,52537	85,19859	28,18074
9040	85,19859	28,18073	85,19859	28,18074
9060	85,19858	28,83609	84,54323	28,83611
9080	85,19859	28,18073	85,19859	28,8361
9100	85,19859	28,18073	85,85396	28,18074
9120	85,85395	28,18073	85,19859	28,18074
9140	86,50932	27,52536	91,0969	27,52537
9160	92,40765	26,87	91,75229	27,52537
9180	91,75229	27,52535	91,09693	27,52537
9200	91,7523	27,52535	91,75229	26,87
9220	91,75229	26,86999	92,40765	26,21464
9240	92,40765	26,21462	92,40765	26,21463
9260	92,40765	26,21462	92,40764	26,21463
9280	92,40765	25,55926	92,40765	25,55927
9300	92,40764	25,55925	91,75227	25,55926
9320	91,75228	24,90389	92,40763	24,9039
9340	91,75227	24,90389	92,40763	24,9039
9360	92,40763	24,24853	92,40763	24,24854
9380	92,40762	23,59316	92,40763	24,24853
9400	92,40763	23,59316	92,40763	23,59317
9420	92,40763	23,59315	92,40763	23,59316
9440	92,40762	23,59315	92,40762	23,59316
9460	92,40762	23,59314	92,40761	23,59315
9480	92,40761	23,59314	92,40761	23,59316
9500	91,75225	23,59315	91,09689	24,24852
9520	91,75225	24,24851	91,09689	24,24853
9540	91,09689	24,90388	91,09689	25,55925
9560	91,09689	25,55925	91,0969	26,21462
9580	91,0969	26,21461	91,0969	26,86999
9600	91,0969	27,52534	91,09691	27,52535
9620	91,0969	28,83607	91,09691	29,49145
9640	91,09692	30,1468	91,09692	30,14681
9660	91,09692	30,1468	91,09692	30,80218
9680	91,09692	30,80217	91,09693	30,80218
9700	91,09692	30,80218	91,09693	31,45755
9720	91,09692	30,80217	91,09693	31,45755
9740	90,44156	30,80218	89,78621	30,80219
9760	90,44155	30,80218	89,7862	30,14683
9780	89,78619	29,49145	89,13082	28,18075
9800	88,47545	27,52538	87,82008	26,87003
9820	87,16471	26,21465	85,85397	24,90394
9840	85,85396	24,24857	93,06301	27,5254
9860	98,96139	30,14685	98,30604	30,80223
9880	96,33993	31,45758	96,33993	32,11296
9900	95,68456	32,76831	95,0292	33,42369
9920	95,02918	33,42367	95,02918	32,76832
9940	95,02917	32,11294	95,02918	32,11295
9960	95,02917	32,7683	95,02917	32,76831
9980	95,02917	33,42366	95,02917	33,42368
10000	95,02918	33,42367	95,02918	33,42368
10020	95,02917	33,42367	95,02918	34,07904
10040	95,02918	33,42367	95,02918	33,42368
10060	95,02918	32,76831	94,37381	33,42368
10080	94,37381	33,42367	94,37381	33,42369
10100	93,71845	33,42367	93,71845	33,42369
10120	93,71845	32,76831	96,9953	34,73442
10140	98,30608	36,04514	98,30608	36,70051
10160	97,65071	37,35587	98,30608	38,01124
10180	98,30608	38,01123	98,30608	37,35588
10200	98,30608	37,35586	98,30607	36,70052
10220	98,30607	36,7005	98,30607	36,70051
10240	98,30606	36,7005	98,30606	36,04515
10260	98,30606	36,04513	98,30606	36,04515
10280	98,30605	35,38977	98,30605	36,04514
10300	98,30605	35,38977	98,30605	35,38978
10320	98,96141	35,38977	98,96141	34,73441
10340	99,61678	35,38976	102,89364	36,04513
10360	102,89365	36,70048	102,89364	37,35585
10380	102,89364	37,35584	103,549	38,01121
10400	103,54899	36,70048	103,54899	36,70049
10420	103,54899	36,04511	104,20435	35,38976
10440	104,20434	35,38974	104,20434	34,73439
10460	104,20434	34,73438	104,20434	35,38975
10480	103,54898	34,73437	104,20434	34,73439
10500	104,20434	34,73437	104,20435	34,07902
10520	104,20435	34,07901	103,54899	34,07902
10540	104,20434	34,07901	104,20435	32,76829
10560	104,20434	32,11291	104,20434	32,11292
10580	104,8597	30,80218	104,85969	30,14683
10600	105,51505	29,49145	106,17042	27,52537
10620	106,17042	24,9039	106,17041	22,93782
10640	106,82577	21,62708	106,82577	20,31637
10660	106,82576	19,66099	106,82576	19,661
10680	106,82576	19,66099	107,48113	19,661
10700	107,48113	19,66099	107,48113	19,661
10720	107,48113	19,00563	107,48112	19,00563
10740	107,48113	19,00563	107,48112	19,661
10760	108,13649	19,66099	108,13649	20,31636
10780	107,48112	19,66099	108,13649	19,661
10800	108,13649	20,31635	108,13649	20,31636
10820	108,13649	20,31635	108,13649	20,31637
10840	107,48113	20,31636	108,13649	20,31637
10860	107,48113	20,31636	107,48353	20,31637
10880	107,48113	19,661	108,13649	20,31637
10900	-51,77134	19,661	107,48115	18,35028
10920	108,1365	17,03954	108,1365	15,72882
10940	108,79186	15,07344	108,79187	15,72881
10960	109,44724	15,72881	109,44724	17,03953
10980	109,44725	17,03953	110,10261	18,35026
11000	110,10262	19,0056	110,10263	19,66098
11020	110,758	20,31633	110,758	20,9717
11040	111,41337	20,97168	111,41337	21,62705
11060	111,41337	20,97168	111,41337	21,62705
11080	105,51503	24,90387	103,54893	26,86997
11100	104,20431	28,18068	104,85969	29,49142
11120	104,85969	30,80214	104,8597	30,80215
11140	105,51506	30,80214	104,85971	30,14679
11160	105,51506	29,49141	105,51507	29,49141
11180	105,51507	28,83603	106,17042	28,83604
11200	106,82579	28,18067	106,82579	27,52531
11220	107,48115	26,86994	108,13651	26,21458
11240	108,13651	26,21456	108,13651	26,21457
11260	108,79187	26,21456	108,79188	24,90385
11280	108,79188	24,90383	108,79188	24,24848
11300	109,44724	23,5931	109,44724	23,59311
11320	110,1026	22,93773	110,1026	22,93774
11340	110,75796	22,28236	110,75796	22,28237
11360	110,75796	22,28235	110,75796	22,28236
11380	110,75796	21,62699	110,75795	21,627
11400	111,41332	21,62698	111,41332	20,97164
11420	111,41332	20,97162	111,41332	19,66091
11440	104,20422	14,41798	94,37365	11,79652
11460	93,0629	13,10723	93,71829	13,76261
11480	94,37366	15,07332	94,37365	15,07333
11500	95,02902	15,07332	95,02902	15,07333
11520	95,02902	15,07332	95,68438	15,72869
11540	96,33974	15,72867	96,33975	15,07332
11560	95,68439	15,07331	96,33975	15,07332
11580	96,99511	15,0733	96,99511	15,07331
11600	96,99511	14,41794	96,99511	13,76259
11620	97,65047	13,10721	96,99511	13,10722
11640	97,65047	12,45184	97,65047	11,79649
11660	96,99509	9,17503	81,26621	3,93214
11680	48,49772	-3,27684	7,86504	-5,2429
11700	-0,65475	-4,58755	0,65600999999999	-2,62147
11720	1,31139	-1,31076	1,31138	-2,9999999995312E-5
11740	1,31138	-3,9999999998486E-5	1,96675	0,65533000000001
11760	1,96675	1,31068	1,96675	2,62141
11780	1,96676	3,27677	1,96676	5,24287
11800	2,62212	5,89822	1,96677	7,20896
11820	1,96676	7,86432	2,62213	9,17506
11840	2,62214	9,17505	-1,96547	8,52051
11860	-1,31031	7,20898	-2,62111	7,86436
11880	-1,96572	9,83043	-1,31035	11,14117
11900	-1,31035	11,79652	-1,31035	13,10726
11920	-1,31035	13,10726	-1,31036	13,10727
11940	-1,31035	13,10726	-1,31036	13,76263
11960	-1,96573	13,10727	-1,31035	13,10728
11980	-1,31036	13,10727	-1,31035	13,10728
12000	-1,31035	12,4519	-1,31035	11,79655
12020	-2,62111	10,48582	-6,55337	9,83047
12040	-7,20876	9,83046	-6,55338	10,48583
12060	-6,55337	10,48582	-6,55338	11,79656
12080	-6,55337	11,79656	-6,55337	11,14121
12100	-6,55337	10,48583	-6,55338	9,83049
12120	-6,55338	9,17511	-6,55337	9,17512
12140	-7,20874	8,51975	-6,55337	8,51976
12160	-6,55337	7,86439	-6,55337	7,20903
12180	-6,55337	6,55366	-6,55337	6,55367
12200	-6,55337	5,8983	-6,55337	5,89831
12220	-6,55337	5,24294	-6,55337	5,24295
12240	-6,55337	5,24294	-6,55337	5,24295
12260	-6,55337	4,58758	-6,55337	4,58759
12280	-6,55336	3,93222	-7,20873	4,58759
12300	-6,55336	4,58758	-6,55337	3,93223
12320	-7,20872	3,93222	-6,55337	3,93223
12340	-7,20873	3,93222	-3,27649	4,5876
12360	-1,31026	5,89832	-1,31019	5,89832
12380	-1,96556	5,24295	-1,96556	5,24296
12400	-1,96556	5,24295	-1,96556	4,58759
12420	-1,96556	3,93222	-1,3102	3,93223
12440	-1,96556	3,27685	-1,3102	2,6215
12460	-1,3102	1,96612	-1,31021	1,96613
12480	-1,3102	1,31076	-1,3102	0,6554
12500	-1,3102	0,65539	-1,31021	4,0000000005591E-5
12520	-1,31021	3,0000000002417E-5	-0,65485	-0,65533
12540	-0,65485	-0,65534	-0,65485	-1,31069
12560	-0,65485	-1,96606	0,00050999999999846	-1,3107
12580	-0,65485	-1,96607	0,00050999999999846	-1,96606
12600	0,00050999999999846	-1,96607	-0,65485	-1,96606
12620	-0,65485	-2,62143	-0,65485	-2,62142
12640	-0,65485	-2,62143	-0,65485	-2,62141
12660	-1,31021	-2,62142	-0,65485	-1,96605
12680	-0,65484	-2,62142	-1,3102	-2,62141
12700	-1,3102	-2,62142	-1,96555	-2,62141
12720	-1,96549	-2,62142	-1,31007	-1,96605
12740	-1,31007	-1,96606	-1,31007	-1,31069
12760	-1,31008	-1,3107	-1,96543	-1,31068
12780	-1,96544	-1,3107	-1,96544	-1,96604
12800	-1,96544	-1,96605	-1,96544	-2,6214
12820	-1,96544	-2,62062	-1,96544	-3,27677
12840	-1,96544	-3,93214	-1,96545	-3,93213
12860	-1,96545	-4,5875	-1,96545	-3,93213
12880	-1,96545	-4,5875	-1,96545	-5,24285
12900	-1,96545	-5,24287	-1,96545	-5,24285
12920	-1,96546	-5,24286	-1,96545	-5,24285
12940	-1,96545	-5,89822	-0,65471	-5,24285
12960	6,55436	-3,93214	8,5205	-3,27677
12980	8,5205	-2,62141	8,5205	-1,96604
13000	8,5205	-2,62141	8,5205	-2,6214
13020	8,5205	-3,27677	8,5205	-3,93213
13040	8,5205	-3,93214	8,52049	-4,58749
13060	8,52049	-5,24287	7,86513	-5,24286
13080	7,86513	-5,89823	7,86513	-5,89822
13100	11,14196	-4,5875	21,62785	-1,96603
13120	23,59397	-2,62141	22,28324	-1,96603
13140	22,93859	-1,31069	22,28324	-1,31067
13160	22,28324	-1,31068	22,28324	-0,65531
13180	22,28324	-1,31068	22,28323	-1,31067
13200	22,28323	-1,96605	22,93859	-1,96604
13220	22,93859	-1,96605	22,93859	-1,96604
13240	22,93859	-1,96605	22,93859	-1,96603
13260	22,93859	-1,96605	20,31713	-1,96604
13280	5,89905	-5,24286	0,00070999999999799	-3,93212
13300	0,65607	-3,27677	0,6561	-3,27676
13320	0,00072999999999723	-2,6214	0,00072999999999723	-1,96603
13340	0,00074000000000041	-1,96604	-0,65462	-1,96604
13360	-0,65463	-1,96605	-0,65463	-1,96603
13380	-1,30999	-2,62141	-1,31	-2,6214
13400	-1,31	-2,62141	-1,96536	-2,6214
13420	-1,96536	-3,27677	-1,96536	-3,27676
13440	-1,96536	-3,93213	-2,62073	-3,93212
13460	-2,62073	-3,93213	-3,27609	-4,58747
13480	-3,2761	-4,58748	-3,93145	-4,58747
13500	-4,58681	-4,58747	-4,58681	-4,58745
13520	-5,24217	-4,58746	-5,24217	-4,58744
13540	-5,24217	-4,58746	-5,24216	-4,58744
13560	-5,24216	-4,58746	-5,89752	-3,93208
13580	-5,89752	-3,93209	-5,89751	-3,93207
13600	-5,89752	-4,58745	-5,89751	-5,24279
13620	-5,89751	-5,24281	-5,89751	-5,2428
13640	-5,89751	-5,89817	-6,55287	-6,55353
13660	-6,55288	-7,2089	-6,55288	-7,86426
13680	5,8991	-3,93209	22,93867	-0,65525
13700	23,59407	-1,31063	21,62797	-1,31062
13720	21,62796	-1,31063	22,28332	-3,27671
13740	22,2833	-5,89818	23,59401	-7,86427
13760	24,24936	-9,83037	24,24935	-10,48572
13780	24,9047	-11,1411	24,9047	-11,14108
13800	24,9047	-11,1411	24,9047	-11,14108
13820	25,56005	-11,1411	25,56005	-10,48572
13840	25,56005	-10,48573	25,56005	-9,83036
13860	24,90468	-9,83036	24,90468	-9,17499
13880	24,90469	-9,17499	24,24932	-8,51962
13900	24,24932	-7,86427	24,24932	-7,20889
13920	24,24932	-7,2089	23,59396	-6,55353
13940	24,24932	-6,55354	24,24933	-5,2428
13960	24,24933	-5,24281	24,24933	-5,2428
13980	23,59397	-5,24281	23,59398	-4,58744
14000	23,59397	-5,24281	22,93861	-5,2428
14020	22,93861	-4,58745	22,93862	-3,93208
14040	22,93861	-4,58745	22,93862	-5,2428
14060	22,93862	-5,24281	22,93861	-5,24281
14080	22,93862	-5,24282	22,93863	-5,24281
14100	22,93862	-5,24282	23,59398	-5,24281
14120	23,59399	-5,24283	23,59398	-5,24281
14140	23,59398	-5,24283	23,59399	-5,24282
14160	23,59398	-5,24283	23,59399	-5,24281
14180	23,59399	-5,24283	23,59399	-5,24282
14200	23,59399	-5,24283	23,59399	-5,24282
14220	23,59399	-5,24283	24,24935	-5,89818
14240	22,93862	-5,24283	18,35108	-5,24281
14260	17,69571	-4,58746	18,35108	-3,93209
14280	18,35108	-3,27674	18,35108	-3,27673
14300	18,35108	-3,27674	18,35108	-3,93209
14320	18,35107	-3,93211	18,35108	-3,93209
14340	19,00643	-4,58747	18,35107	-4,58746
14360	18,35107	-5,24284	18,35107	-5,24283
14380	34,07979	-2,62139	55,05154	0,65544000000001
14400	60,94992	1,31079	60,94993	1,96616
14420	60,94993	2,62151	60,94994	3,27689
14440	60,94994	3,27688	60,94993	2,62152
14460	61,60529	1,96615	61,60528	1,31079
14480	61,60528	0,65542	61,60527	7,0000000000903E-5
14500	62,26063	-0,65531	62,26063	-0,6553
14520	62,91599	5,000000000166E-5	62,26063	7,0000000000903E-5
14540	61,60526	0,65543	61,60527	1,31081
14560	61,60526	0,65544	60,9499	1,31082
14580	60,94989	0,65545	60,94989	1,31082
14600	60,29453	1,31081	60,29452	1,31082
14620	61,60524	1,3108	66,84819	3,27691
14640	68,81431	5,24299	68,15896	6,55373
14660	67,5036	7,86445	68,15896	9,17519
14680	67,50361	9,83054	68,15897	10,48591
14700	68,15897	10,4859	68,15898	10,48591
14720	68,15897	10,4859	68,15897	10,48592
14740	68,15897	9,83054	68,15897	10,48591
14760	68,15897	9,83054	67,50361	10,48591
14780	68,15896	10,4859	68,15897	9,83055
14800	68,81433	9,83054	68,81434	9,83055
14820	68,81434	9,83053	68,81434	9,83054
14840	69,4697	9,17517	70,12506	9,83053
14860	70,12507	9,17516	70,12507	9,17516
14880	70,78043	9,17515	71,4358	8,5198
14900	71,43581	8,51979	70,78044	9,17516
14920	71,43581	8,51978	71,4358	8,51979
14940	71,43581	7,86442	71,4358	7,86443
14960	71,4358	7,86441	71,43579	7,86442
14980	72,09115	7,86442	72,09115	7,86443
15000	71,43579	7,86442	72,09116	7,86443
15020	71,4358	7,86442	72,09116	7,86443
15040	71,43579	7,86442	72,09116	8,51979
15060	72,09116	8,51978	72,09116	8,51979
15080	72,09116	8,51979	72,09117	9,17516
15100	72,09117	8,51979	72,09116	8,51981
15120	72,09117	8,51979	72,09117	9,17516
15140	72,74653	9,17514	72,74653	9,17516
15160	72,74907	9,17515	72,09116	9,83052
15180	72,74653	10,48588	72,74653	10,48589
15200	72,74654	10,48588	72,09118	10,48589
15220	72,74654	10,48588	72,74654	10,48589
15240	72,74655	10,48588	72,74655	9,83053
15260	72,74655	10,48588	72,74655	10,4859
15280	72,74655	9,83053	72,0912	9,83054
15300	72,74656	10,48588	76,67878	11,79663
15320	77,98954	12,45197	77,33419	13,10735
15340	77,98955	13,10735	77,33419	13,76272
15360	77,33419	13,76271	77,33419	13,10737
15380	76,67883	13,10735	76,67883	12,452
15400	76,67883	12,45199	76,67882	12,452
15420	76,67883	11,79663	76,67882	11,79664
15440	76,67882	11,79663	76,02346	11,79664
15460	76,02346	11,79662	76,02346	11,79664
15480	76,02346	11,14126	76,02347	11,14127
15500	76,02346	10,4859	76,02346	10,48591
15520	72,74663	10,4859	69,46978	10,48591
15540	70,12514	10,4859	70,12515	11,14127
15560	70,12515	11,79662	70,12515	12,452
15580	70,12515	12,45198	69,46979	11,79664
15600	70,12515	11,79661	69,46979	11,79663
15620	70,12515	11,79662	70,12515	11,79663
15640	70,12515	11,79661	70,12515	11,14127
15660	70,12514	11,14125	69,46979	10,4859
15680	69,46978	9,83052	70,12513	9,83053
15700	69,46977	9,17516	71,43586	8,5198
15720	83,2325	13,10733	92,40775	15,7288
15740	94,37391	15,72879	93,06317	15,7288
15760	93,06316	15,72878	93,06316	14,41807
15780	93,06314	13,10732	93,06313	11,14124
15800	93,06311	7,20904	92,40772	1,96614
15820	92,4077	-2,62142	92,40769	-3,93213
15840	92,40767	-4,58751	93,06304	-4,5875
15860	92,40767	-4,58751	93,06303	-3,93214
15880	93,06303	-2,62143	92,40767	-2,62141
15900	92,40768	-1,3107	92,40768	5,000000000166E-5
15920	93,06304	0,6554	92,40769	1,96614
15940	93,06305	3,27685	92,4077	3,93223
15960	92,4077	4,58758	92,40771	5,24296
15980	92,40771	6,55367	92,40772	7,20905
16000	92,40773	7,20904	92,40773	7,86441
16020	92,40773	7,8644	92,40774	7,86441
16040	92,40774	7,8644	91,75238	8,51978
16060	91,75238	8,51977	91,75239	9,17514
16080	91,75239	9,17513	92,40775	9,83051
16100	92,40775	9,17513	92,40776	9,17515
16120	92,40776	9,17513	92,40776	9,83051
16140	92,40776	9,17513	92,40776	9,17514
16160	92,40776	9,17513	92,40776	8,51978
16180	92,40776	8,51976	92,40776	8,51977
16200	92,40775	8,51976	92,40775	7,86441
16220	92,40775	7,20904	92,40775	7,20905
16240	92,40774	7,20904	92,40774	6,55368
16260	92,40773	6,55367	92,40773	6,55368
16280	92,40772	5,89831	94,37383	7,20905
16300	105,51517	13,10732	112,06897	15,07343
16320	112,06899	15,07341	111,41362	15,72879
16340	111,41362	16,38414	111,41362	16,38415
16360	111,41362	16,38414	112,06898	16,38415
16380	112,06897	15,72878	112,06897	15,72879
16400	112,72433	15,72877	112,72433	15,72878
16420	113,37968	15,72877	112,72433	15,72878
16440	113,37969	15,72877	113,37969	16,38414
16460	113,37968	16,38413	114,03505	17,03951
16480	114,03505	17,0395	113,37969	17,69487
16500	114,03506	17,69487	113,3797	17,69488
16520	114,03506	17,69487	113,37971	18,35025
16540	113,37971	18,35024	113,37971	19,00562
16560	113,37971	19,66097	113,37971	19,66098
16580	112,72435	19,66097	112,72435	20,31635
16600	113,37971	20,31634	112,72435	20,97172
16620	112,72435	20,97171	112,72435	21,62709
16640	112,06899	21,62708	112,72436	22,28245
16660	112,72436	22,28244	112,72436	22,28245
16680	113,37972	22,28244	115,34586	24,90391
16700	116,65663	25,55926	116,00127	26,87
16720	115,34591	27,52536	116,00128	28,18074
16740	116,65664	27,52537	116,00129	28,18074
16760	116,00128	28,18073	116,00129	28,18074
16780	116,00128	28,18073	116,00129	28,18074
16800	116,00129	27,52537	116,00129	27,52538
16820	116,00129	27,52536	116,00129	27,52537
16840	116,00129	26,87	116,00129	26,21466
16860	115,34592	26,21464	115,34592	25,55929
16880	114,69055	23,59318	118,62278	22,93783
16900	119,93353	22,28245	119,27817	22,28246
16920	119,27816	22,28245	119,27817	22,93783
16940	118,62281	23,59317	119,93353	22,93783
16960	118,62281	22,28245	119,27816	21,62709
16980	118,6228	20,97172	118,62279	20,97173
17000	119,27816	20,97172	119,27816	20,97173
17020	119,93352	20,97171	120,58888	20,97173
17040	120,58889	20,97172	120,58889	21,62709
17060	120,58889	22,28244	120,5889	22,93781
17080	120,5889	22,93781	119,93354	22,93782
17100	119,93353	23,59318	119,93354	23,59319
17120	119,93354	22,93782	119,93353	22,93783
17140	119,93353	22,93782	119,93354	23,59319
17160	119,93354	23,59318	119,93354	23,59319
17180	119,93354	22,93782	120,58891	22,93782
17200	120,58892	22,28245	121,24429	22,93781
17220	121,24429	22,28244	121,24429	21,62709
17240	121,89965	21,62708	121,89966	22,28244
17260	121,89966	21,62707	122,55502	20,97172
17280	122,55501	20,31634	122,55501	19,66099
17300	121,89965	18,35025	117,96737	13,76271
17320	105,51519	7,86441	97,65073	8,51977
17340	97,65076	10,48585	98,30615	12,45195
17360	98,96151	13,76266	98,96152	15,0734
17380	99,61688	15,72875	98,96153	17,03949
17400	99,61689	17,03947	99,61689	17,03948
17420	100,27225	17,03946	99,61689	17,03948
17440	100,27225	17,03946	100,27225	17,03947
17460	100,9276	17,03946	100,27225	16,38411
17480	100,9276	15,72873	100,9276	15,07338
17500	100,9276	14,41801	100,92759	13,76265
17520	101,58295	11,79655	101,58295	10,48583
17540	-51,7713	7,86436	94,37382	1,96611
17560	75,36802	-5,89824	55,70692	-7,86431
17580	51,11934	-6,5536	51,77473	-5,24287
17600	53,08547	-5,24288	53,74083	-5,24288
17620	54,39619	-6,55363	55,05155	-6,55362
17640	55,7069	-8,51973	56,36226	-8,51972
17660	57,01762	-9,83047	57,67298	-9,83046
17680	57,67298	-9,83048	58,32835	-9,83047
17700	58,32835	-10,48584	58,9837	-10,48584
17720	58,9837	-11,14121	58,98369	-11,79657
17740	59,63905	-13,10731	58,98369	-13,76266
17760	58,3283	-15,0734	39,978	-16,38407
17780	9,83116	-17,69478	5,24358	-17,03941
17800	7,2097	-16,38406	6,55434	-15,07333
17820	6,55433	-15,07334	5,89898	-15,07333
17840	5,89897	-15,72871	5,89897	-17,03943
17860	5,89896	-19,00554	6,55431	-20,97162
17880	7,20967	-22,93773	7,20967	-23,59308
17900	7,86503	-23,59309	8,5204	-24,24844
17920	8,52039	-24,24845	8,52039	-24,24844
17940	8,52039	-24,24845	7,86503	-24,90379
17960	3,27745	-25,55916	-2,62099	-26,86984
17980	-2,6211	-26,86985	-1,31036	-25,55912
18000	-1,31035	-24,90376	-1,31035	-23,59303
18020	-1,96571	-22,93768	-1,31034	-22,28231
18040	-1,31034	-22,28232	-1,31033	-22,28231
18060	-1,31034	-22,28233	-1,31034	-22,28231
18080	-1,31033	-21,62697	-1,31033	-21,62695
18100	-1,96569	-21,62696	-1,96569	-21,62695
18120	-1,9657	-22,28232	-1,96569	-21,62695
18140	-1,96569	-21,62696	-1,96569	-21,62695
18160	-1,96569	-21,62696	-1,96569	-21,62695
18180	-1,96569	-21,62696	-1,96569	-21,62695
18200	-1,9657	-21,62696	-1,96569	-21,62695
18220	-1,96569	-21,62697	-2,62105	-21,62695
18240	-2,62105	-22,28233	-2,62105	-22,28232
18260	-2,62106	-22,28233	-2,62105	-22,28232
18280	-2,62106	-22,93769	-2,62105	-22,93768
18300	-2,62105	-23,59306	-1,96569	-22,93769
18320	-1,9657	-22,93769	-1,96569	-22,93769
18340	-1,9657	-22,9377	-1,96569	-22,93769
18360	-1,9657	-22,9377	-1,9657	-22,93768
18380	-1,9657	-22,9377	-1,96569	-22,93769
18400	-1,9657	-23,59306	-1,9657	-23,59305
18420	-1,9657	-23,59306	-2,62109	-24,24842
18440	-2,6211	-24,24843	-2,62109	-23,59306
18460	-2,62109	-23,59306	-2,62109	-22,93769
18480	-2,62109	-22,9377	-2,62109	-23,59306
18500	-2,62109	-23,59307	-2,62108	-23,59306
18520	-2,62109	-24,24843	-2,62109	-24,24842
18540	-2,62109	-24,90379	-2,62109	-24,90378
18560	-2,62109	-24,9038	-3,27645	-24,90378
18580	-3,27645	-24,9038	-3,27645	-24,90379
18600	-3,27645	-24,9038	-2,62109	-25,55915
18620	-3,27645	-25,55916	-3,27645	-24,90379
18640	-3,27645	-25,55916	-3,27645	-25,55915
18660	-3,27645	-25,55916	-3,27645	-26,21451
18680	-3,27645	-26,21453	-3,27645	-26,21451
18700	-3,27645	-26,21452	-3,27644	-26,21452
18720	-3,27645	-26,86989	-3,27645	-27,52524
18740	-3,27644	-28,18062	-3,27631	-26,21452
18760	5,24356	-24,24845	4,58824	-24,24844
18780	3,2775	-24,24845	2,62214	-23,59308
18800	3,2775	-23,59309	2,62214	-24,24844
18820	2,62213	-24,24846	2,62213	-24,24845
18840	2,62213	-24,24846	2,62214	-24,24845
18860	2,62213	-24,90382	2,62213	-24,24846
18880	1,96676	-24,24847	1,96677	-24,90381
18900	2,62213	-24,24846	1,96677	-23,59309
18920	1,96677	-24,24845	1,96677	-24,24844
18940	1,96677	-23,5931	1,96677	-23,59308
18960	1,96677	-23,5931	2,62213	-23,59308
18980	2,62213	-22,93773	1,96677	-22,28236
19000	1,96677	-22,28237	1,96677	-22,28235
19020	1,96677	-21,627	1,96677	-21,62699
19040	1,96677	-21,627	1,31141	-21,62699
19060	1,31141	-21,627	1,31141	-20,97163
19080	1,31141	-20,97164	1,31142	-20,97162
19100	1,96678	-20,97163	1,31142	-20,31626
19120	1,31142	-20,31627	1,31143	-20,31626
19140	1,31142	-19,66091	1,31142	-19,6609
19160	1,31142	-19,66091	1,31142	-19,6609
19180	0,65606	-20,31627	0,65606	-19,66089
19200	0,65606	-20,31626	0,00069999999999482	-20,31625
19220	0,00068999999999875	-20,31626	0,00068999999999875	-20,31625
19240	-0,65468	-20,97163	-0,65469	-20,97161
19260	-1,31005	-20,97163	-1,31006	-21,62697
19280	-1,31006	-21,62698	-1,31006	-21,62697
19300	-1,31007	-22,28234	-1,31006	-21,62697
19320	-1,31006	-22,28235	-0,65470000000001	-22,28234
19340	-0,65470000000001	-22,28234	-0,65469	-21,62697
19360	-0,65469	-22,28235	-0,65469	-21,62698
19380	-0,65469	-22,28235	6,55436	-19,00552
19400	18,35099	-16,38408	19,00639	-15,7287
19420	19,66175	-15,72872	19,66175	-15,07334
19440	20,31711	-15,72871	20,31711	-15,72871
19460	20,31711	-16,38408	19,66175	-16,38407
19480	19,66174	-17,03945	19,66174	-17,6948
19500	19,66174	-17,69482	20,3171	-18,35017
19520	20,3171	-18,35018	20,3171	-19,00553
19540	20,31709	-19,66091	20,97245	-19,6609
19560	20,97245	-19,66091	20,97244	-19,66091
19580	20,97244	-19,66092	24,90463	-19,66091
19600	28,83683	-18,35019	29,49219	-17,69481
19620	29,49218	-17,03946	29,49218	-17,03945
19640	29,49218	-17,03946	29,49218	-17,03945
19660	29,49218	-17,69483	29,49218	-17,69481
19680	30,14754	-18,35019	30,14754	-18,35018
19700	30,14754	-18,35019	30,14754	-18,35018
19720	30,14754	-19,00555	29,49218	-19,00553
19740	29,49218	-19,00555	28,83682	-19,00554
19760	28,18146	-19,00555	28,18145	-19,00554
19780	27,52609	-19,66091	26,87073	-19,6609
19800	26,21536	-19,66091	25,56	-19,6609
19820	25,56	-19,66091	25,56	-19,6609
19840	25,56	-20,31627	25,56	-19,6609
19860	25,56	-19,66091	25,56	-19,6609
19880	26,21536	-20,31627	26,21537	-20,31626
19900	26,87072	-20,31628	26,87072	-20,31627
19920	27,52609	-20,97164	27,52609	-20,97163
19940	27,5261	-20,97165	28,18146	-21,627
19960	28,18146	-22,28237	28,18146	-22,28236
19980	28,18146	-22,28237	28,18146	-22,28236
20000	28,18146	-22,93774	28,18146	-22,93773
20020	28,18145	-23,5931	28,18146	-23,59309
20040	28,18146	-23,5931	28,18146	-22,93773
20060	28,18145	-23,5931	28,18145	-24,24846
20080	28,83681	-24,24847	28,18146	-24,24846
20100	28,18145	-24,90383	28,18146	-24,90382
20120	28,18145	-25,5592	28,18145	-24,90285
20140	28,18145	-25,55919	28,18145	-25,55919
20160	28,18144	-26,21456	28,18145	-26,21455
20180	28,18145	-26,21456	28,18145	-26,21455
20200	28,8368	-26,21456	28,83679	-26,21455
20220	28,8368	-26,21456	28,18144	-25,55919
20240	28,83679	-26,21456	28,8368	-26,21455
20260	28,83679	-26,21456	28,8368	-26,21455
20280	28,8368	-26,21456	28,8368	-26,21455
20300	28,8368	-26,21456	29,49216	-26,21455
20320	28,8368	-26,86993	28,8368	-26,86991
20340	28,8368	-26,86993	28,8368	-26,86991
20360	28,8368	-26,86993	28,8368	-26,86992
20380	28,18144	-26,86993	28,18144	-26,86991
20400	28,18144	-26,86993	27,52608	-26,86991
20420	28,18144	-26,86992	28,18145	-26,86991
20440	28,18144	-26,86992	28,18145	-26,86991
20460	28,18145	-26,86992	28,18145	-26,86991
20480	28,18145	-26,86992	28,18145	-26,21454
20500	28,18145	-26,21455	28,18145	-26,21454
20520	28,18145	-26,21455	28,18146	-25,55918
20540	28,18146	-26,21455	28,18146	-26,21454
20560	28,18146	-26,21455	27,5261	-26,21454
20580	27,5261	-26,21455	28,18146	-26,21454
20600	28,18146	-26,21455	40,63336	-23,59308
20620	50,4639	-21,627	51,11929	-21,62698
20640	50,46392	-20,97164	49,80856	-20,97163
20660	50,46392	-20,97164	50,46392	-20,97163
20680	50,46391	-21,627	50,46392	-21,62699
20700	51,11927	-22,28236	-51,77224	-22,28235
20720	51,11928	-22,93773	51,11927	-22,93772
20740	51,11928	-22,93773	51,77464	-22,93771
20760	51,77463	-22,93773	51,77463	-22,93772
20780	51,11927	-22,93773	51,11927	-22,93772
20800	51,12182	-22,93773	51,11927	-22,93772
20820	51,77462	-22,93773	51,11926	-22,93772
20840	51,11926	-23,59309	51,77462	-23,59308
20860	51,77462	-23,59309	51,77462	-23,59308
20880	51,77461	-23,59309	51,77461	-23,59308
20900	51,77461	-23,59309	51,77461	-23,59307
20920	51,7746	-23,59309	51,7746	-24,24844
20940	52,42996	-24,90381	51,7746	-24,9038
20960	51,7746	-25,55917	51,7746	-25,55916
20980	51,7746	-25,55917	51,7746	-25,55916
21000	51,11924	-25,55917	51,11923	-25,55916
21020	51,11923	-25,55917	51,11923	-25,55917
21040	51,11923	-26,21454	50,46387	-26,21453
21060	51,11923	-26,21454	50,46387	-26,86989
21080	53,74068	-25,55917	68,81418	-20,97161
21100	79,30015	-19,00553	79,95555	-19,66088
21120	79,30019	-19,00554	79,95555	-18,35016
21140	79,95555	-18,35018	79,95555	-18,35017
21160	79,30018	-18,35018	79,30018	-19,00553
21180	79,95554	-19,00554	79,95554	-19,00553
21200	79,30018	-19,00554	79,95554	-19,00553
21220	79,95554	-19,6609	79,95553	-19,66089
21240	79,95554	-19,6609	79,30018	-19,00553
21260	79,30017	-19,6609	79,30018	-19,00553
21280	78,64481	-19,6609	79,30017	-19,66089
21300	79,30017	-19,66091	80,6109	-19,6609
21320	84,54312	-19,66091	85,1985	-19,6609
21340	85,1985	-18,35019	85,1985	-18,35017
21360	85,1985	-17,69482	85,19851	-17,6948
21380	85,19851	-17,69482	85,19851	-17,03945
21400	85,19851	-17,03946	85,85387	-17,03945
21420	85,19851	-17,03946	85,19851	-17,03945
21440	85,19851	-17,03946	85,19851	-17,03944
21460	85,85387	-17,03946	85,85387	-16,38408
21480	85,85387	-17,03946	85,85387	-17,03944
21500	85,85387	-17,03946	85,85388	-16,38409
21520	86,50923	-17,03946	86,50923	-17,03945
21540	86,50923	-17,03946	86,50923	-16,38409
21560	86,50923	-16,38411	86,50922	-16,3841
21580	86,50922	-16,3841	85,85385	-15,72873
21600	85,85385	-16,3841	85,85385	-15,72873
21620	85,85385	-15,72874	85,85385	-15,72872
21640	85,85385	-15,72873	85,85385	-15,72872
21660	85,85385	-15,72873	85,85385	-15,07335
21680	85,85385	-15,72872	86,50921	-15,07335
21700	85,85385	-15,72873	85,85385	-15,07335
21720	85,85385	-15,07336	85,85385	-15,07336
21740	85,85385	-15,07336	85,85385	-15,72872
21760	85,85385	-15,72872	85,85385	-15,72871
21780	85,85384	-15,72872	85,85385	-15,72871
21800	85,85385	-15,72872	85,85385	-15,72871
21820	85,85384	-15,72872	84,54311	-14,41798
21840	85,19847	-13,76262	85,19848	-13,10725
21860	85,19848	-12,4519	85,85384	-12,45189
21880	85,85384	-11,79654	85,85384	-11,79653
21900	85,85385	-11,79654	85,19849	-11,79652
21920	85,85385	-12,4519	85,19849	-12,45188
21940	85,19849	-12,45189	85,19849	-13,10724
21960	85,85385	-13,10725	93,71829	-9,83041
21980	96,9952	-7,86432	95,02911	-8,51966
22000	94,37373	-8,51968	95,02909	-7,8643
22020	95,02909	-8,51967	95,02909	-8,51966
22040	95,02908	-8,51968	95,02909	-9,17503
22060	95,02908	-9,17504	94,37372	-9,83039
22080	95,02908	-9,83041	94,37372	-9,83039
22100	95,02907	-9,83041	95,02908	-9,17504
22120	95,02907	-9,83041	95,02907	-9,17504
22140	95,02907	-9,17505	95,02907	-9,17504
22160	95,02907	-9,17506	95,02907	-9,83041
22180	95,68443	-9,83042	95,02907	-9,83041
22200	95,68443	-9,83042	95,68442	-9,83041
22220	100,27201	-8,51969	104,85962	-6,5536
22240	105,51501	-5,89825	105,51501	-5,24287
22260	105,51502	-4,58752	106,17039	-3,93214
22280	106,17039	-4,58751	106,17039	-4,5875
22300	106,17039	-5,24288	106,17039	-5,24287
22320	-51,77137	-5,89824	106,17039	-5,89823
22340	105,51503	-6,5536	105,51503	-7,20895
22360	109,44724	-4,58752	114,69025	-1,96605
22380	114,69027	-1,96606	114,0349	-0,65532
22400	114,0349	3,0000000002417E-5	114,0349	0,65541
22420	114,0349	3,9999999998486E-5	114,0349	5,000000000166E-5
22440	114,03489	-0,65533	-51,77118	-0,65531
22460	113,37953	-0,65532	114,0349	-0,65532
22480	113,37954	-1,31069	113,37954	-1,31068
22500	114,03489	-1,31069	114,03489	-1,31068
22520	114,03489	-1,31069	114,0349	-1,31068
22540	113,37953	-1,31069	114,03489	-1,31068
22560	113,37954	-1,31069	113,37953	-1,31068
22580	114,0349	-1,31069	114,0349	-1,31068
22600	114,0349	-1,96605	113,37954	-1,31068
22620	113,37954	-1,31069	113,37954	-0,65531
22640	114,03491	3,9999999998486E-5	113,37955	0,65541
22660	113,37955	3,9999999998486E-5	113,37956	0,65541
22680	113,37955	3,9999999998486E-5	113,37955	5,000000000166E-5
22700	113,37955	-0,65533	113,37955	-0,65532
22720	113,37955	-1,31069	113,37954	-1,31068
22740	113,37955	-1,3107	113,37954	-1,96605
22760	113,37954	-2,62142	113,37954	-3,27677
22780	118,6225	-1,31068	122,5548	0,65542000000001
22800	124,52093	5,000000000166E-5	123,86557	0,65542000000001
22820	124,52093	1,31077	124,52093	1,96615
22840	124,52093	2,6215	124,52094	3,27687
22860	125,1763	3,27686	124,52094	3,93223
22880	125,17629	3,27686	125,1763	3,27687
22900	125,83166	3,27686	125,1763	3,27688
22920	125,1763	3,27686	125,83167	3,27687
22940	125,83166	2,6215	125,83167	3,27687
22960	125,17631	3,27686	125,17631	3,93224
22980	125,83167	3,93223	125,83167	4,5876
23000	125,17631	4,58759	124,52095	4,58761
23020	125,83167	4,58759	125,83167	5,24297
23040	125,17631	4,5876	125,83167	4,58761
23060	125,83167	4,5876	126,48704	4,58761
23080	128,45317	5,89832	127,79782	5,89833
23100	127,79781	6,55368	127,79782	7,20906
23120	127,79782	7,20905	127,79782	7,86443
23140	127,79782	7,20905	127,79782	7,20906
23160	127,79781	7,20906	127,79782	7,20907
23180	127,79781	7,20905	127,79782	7,20907
23200	127,14245	6,5537	127,79782	7,20906
23220	127,79781	6,55369	127,14245	6,55371
23240	127,79781	6,5537	127,79782	6,55371
23260	127,14245	6,5537	127,14245	6,5537
23280	127,14245	6,55369	127,14245	6,55371
23300	127,14246	6,5537	127,14245	6,55371
23320	127,14245	6,5537	127,14246	6,55371
23340	127,14245	6,5537	126,4871	6,55371
23360	126,48709	5,89834	124,52095	5,89834
23380	124,52095	6,55369	124,52096	7,20907
23400	124,52097	7,20906	125,17633	7,86443
23420	125,17633	7,86442	125,17633	8,51979
23440	125,17633	7,86442	125,17633	7,86443
23460	125,17633	7,20906	125,17633	7,20907
23480	125,83169	6,55369	125,83169	6,5537
23500	125,83169	6,55369	125,83168	6,5537
23520	125,83168	6,55369	125,83168	5,89834
23540	125,83168	5,89833	125,83168	5,89834
23560	125,83168	5,24296	125,17632	5,89834
23580	125,17632	5,24296	125,83168	5,24297
23600	125,83168	5,24296	126,48704	5,24297
23620	125,83168	4,5876	126,48705	5,24297
23640	126,48705	5,24296	126,48704	5,24297
23660	125,83169	5,24296	126,48705	5,24297
23680	125,83169	4,5876	125,83169	5,24297
23700	125,83169	4,5876	125,17633	4,58761
23720	126,48705	4,5876	125,8317	5,24297
23740	125,8317	5,24296	125,8317	5,24298
23760	125,83171	5,24297	126,48707	5,24298
23780	125,83171	4,5876	125,83171	4,58761
23800	125,83171	4,5876	125,83171	5,24298
23820	125,83171	4,5876	125,83171	4,58762
23840	125,83171	3,93224	125,17636	3,27689
23860	126,48708	3,27688	126,48709	3,27689
23880	126,48709	3,27688	121,89947	8,0000000004077E-5
23900	108,79197	-5,89821	97,65064	-7,8643
23920	96,99528	-5,89822	97,65067	-2,6214
23940	98,30604	3,9999999998486E-5	98,30605	3,27687
23960	98,96143	6,55368	99,6168	10,48587
23980	99,61683	13,76268	99,61685	16,38415
24000	99,61686	17,69487	100,27223	18,35025
24020	100,27223	19,66095	100,27224	19,66097
24040	100,27224	19,0056	99,61688	19,0056
24060	100,27224	18,35023	100,9276	18,35024
24080	100,9276	17,69487	100,9276	18,35024
24100	100,27225	18,35023	100,27224	17,69488
24120	100,9276	17,03951	101,58296	17,03952
24140	101,58296	17,0395	101,58297	17,03951
24160	101,58297	16,38414	101,58297	15,72878
24180	102,23833	15,07341	102,23833	14,41805
24200	102,89369	14,41804	110,75814	20,31633
24220	118,62268	25,55924	120,58885	26,21463
24240	119,93348	26,21461	119,93348	26,86999
24260	120,58883	26,21462	119,93347	26,21463
24280	120,58883	24,90389	120,58883	24,90389
24300	119,93346	23,59316	119,93346	23,59317
24320	120,58882	22,93779	120,58881	22,9378
24340	120,58881	22,28243	119,93345	22,28244
24360	120,5888	22,28243	119,93344	22,28244
24380	123,21029	23,59316	128,45332	25,55927
24400	128,45335	24,9039	127,79797	25,55927
24420	127,79796	26,21462	127,79797	26,21463
24440	127,79796	25,55926	127,79796	25,55927
24460	127,79795	24,9039	127,79795	24,90391
24480	127,79795	24,24854	127,79795	24,9039
24500	127,79795	24,90389	127,79795	24,9039
24520	128,45331	24,24853	127,79795	24,24854
24540	128,45331	24,24853	128,45331	24,24854
24560	128,45331	23,59317	128,45331	23,59318
24580	128,45331	22,93781	127,79796	22,93781
24600	128,45331	20,97171	128,4533	20,31636
24620	128,4533	19,66098	128,4533	18,35027
24640	129,10865	17,03953	126,48716	14,41809
24660	114,69037	3,93225	104,20438	0,65542000000001
24680	104,20438	1,96613	105,51515	2,6215
24700	104,85978	3,27685	105,51515	3,93222
24720	105,51515	3,93221	105,51515	3,27686
24740	105,51515	2,62148	105,51514	1,96612
24760	105,51513	0,65538	105,51513	3,0000000002417E-5
24780	105,51513	1,0000000003174E-5	105,51513	2,0000000006348E-5
24800	106,17049	-0,65535	106,17048	-0,65534
24820	106,82584	-0,65536	106,82584	-1,31071
24840	107,4812	-1,96608	106,82584	-1,96608
24860	107,4812	-1,96609	107,4812	-2,62144
24880	108,13655	-3,27682	108,13655	-4,58754
24900	108,13654	-5,89828	108,13654	-6,55363
24920	108,7919	-7,86436	108,7919	-9,17508
24940	109,44725	-10,48582	102,89354	-14,41797
24960	81,92165	-20,31622	58,98368	-24,24837
24980	51,11925	-23,59302	51,77464	-21,62693
25000	52,43001	-20,97159	52,42999	-19,66086
25020	52,43	-19,00551	52,43	-19,00551
25040	52,43	-19,66088	53,08536	-19,66088
25060	52,43	-20,31626	53,08535	-20,31625
25080	53,74071	-20,97162	53,74071	-21,62698
25100	53,08534	-22,93772	37,35652	-26,2145
25120	3,27749	-28,83592	-6,55307	-28,8359
25140	-5,89769	-26,21448	-5,89767	-25,5591
25160	-5,89768	-24,90375	-5,89768	-23,59302
25180	-5,89767	-22,93678	-5,89767	-23,59303
25200	-5,2423	-23,59304	-5,89767	-23,59303
25220	-5,2423	-24,24841	-5,2423	-24,2484
25240	-5,2423	-24,90377	-5,2423	-24,2484
25260	-4,58694	-24,24842	-4,58694	-24,24841
25280	-4,58694	-24,90378	-5,2423	-24,24841
25300	-4,58694	-24,90378	-4,58694	-24,24841
25320	-7,20845	-24,24841	-5,89781	-23,59302
25340	-5,24246	-22,28231	-5,24245	-21,62693
25360	-5,89781	-21,62695	-5,89781	-20,97157
25380	-5,8978	-21,62695	-5,24244	-21,62694
25400	-5,24244	-22,28231	-5,24244	-22,2823
25420	-5,24243	-22,28232	-5,24243	-22,93767
25440	-5,24243	-22,93768	-5,24243	-23,59304
25460	-5,24243	-23,59305	-5,24243	-23,59304
25480	-5,24243	-24,24841	-5,89778	-24,2484
25500	-5,24243	-25,55914	-5,24242	-25,55913
25520	-5,24242	-26,2145	-5,24243	-26,21449
25540	-4,58706	-26,2145	-4,58707	-26,21449
25560	-4,58707	-26,2145	-4,58707	-26,2145
25580	-4,58706	-26,86987	-4,58707	-26,21449
25600	-3,93171	-26,86987	-4,58706	-27,52522
25620	-4,58706	-27,52523	-4,58706	-27,52522
25640	-51,77298	-28,18059	-4,58706	-28,18058
25660	-4,58706	-28,1806	-4,58706	-28,18059
25680	-3,9317	-28,83596	-4,58706	-28,83595
25700	-4,58706	-28,83596	-5,2424	-28,83595
25720	-3,93159	-28,83596	-4,58692	-29,49131
25740	-5,2423	-28,83596	-5,89765	-28,83594
25760	-5,89765	-29,49131	-5,89765	-29,4913
25780	-5,89765	-29,49131	-5,89765	-30,14666
25800	-5,89765	-30,14668	-5,89766	-30,14666
25820	-5,89766	-31,4574	-5,89766	-32,11275
25840	-5,89766	-32,76813	-5,24231	-32,11276
25860	-5,2423	-32,76813	-4,58695	-33,42348
25880	-5,24231	-34,07886	-4,58695	-34,73421
25900	-3,9316	-35,38959	-3,9316	-36,04495
25920	-3,9316	-36,70032	-3,9316	-36,70031
25940	-3,27624	-38,01105	-3,27625	-38,01105
25960	-2,62089	-39,97715	-1,96554	-40,63251
25980	-1,96554	-41,94324	-1,96555	-42,5986
26000	-1,96554	-43,90934	-0,65483	-44,5647
26020	-0,65483	-45,22007	-0,65483	-45,22007
26040	0,0005299999999977	-45,87545	0,00051999999999452	-46,5308
26060	0,65588	-47,18618	0,65588	-47,18617
26080	0,65587	-47,84154	0,65587	-47,84153
26100	0,65587	-47,84154	3,93271	-47,18617
26120	18,35082	-44,56473	24,24918	-43,90936
26140	25,55991	-44,56474	24,90455	-43,90936
26160	24,90456	-43,25401	24,2492	-42,59864
26180	24,90456	-43,25401	24,90456	-41,94328
26200	24,90456	-41,94329	24,90456	-41,94327
26220	24,90456	-41,94328	-51,77256	-41,28791
26240	24,90455	-41,94328	24,24919	-41,28791
26260	24,24919	-40,63256	24,24919	-40,63254
26280	23,59382	-40,63256	23,59382	-39,32182
26300	22,93845	-39,97719	22,93845	-39,32182
26320	22,93845	-39,32183	22,93845	-39,32182
26340	22,93845	-38,66647	22,93846	-38,66645
26360	22,93846	-38,0111	22,93846	-38,01108
26380	22,2831	-38,01109	22,2831	-38,01108
26400	22,2831	-38,01109	22,28311	-37,35571
26420	22,2831	-37,35572	22,28311	-37,35571
26440	22,28311	-37,35572	22,28311	-36,70034
26460	23,59384	-36,70035	30,80285	-36,04498
26480	31,45822	-36,04498	30,80286	-35,38961
26500	30,80286	-34,73425	30,80287	-34,73424
26520	30,80286	-34,73424	30,80286	-34,73423
26540	30,80285	-34,73424	30,80286	-34,73423
26560	30,80285	-34,73424	30,80285	-34,73423
26580	30,80285	-35,3896	30,80285	-35,38959
26600	31,45821	-35,3896	31,4582	-36,04494
26620	31,4582	-36,70031	32,11355	-36,70031
26640	31,45819	-36,70032	32,11355	-37,35566
26660	32,11354	-38,01103	32,11354	-38,01103
26680	32,76891	-38,01103	32,76891	-38,01102
26700	32,76891	-38,01103	33,42428	-37,35566
26720	33,42428	-37,35566	33,42429	-36,70029
26740	33,42429	-36,70031	33,42429	-36,04493
26760	34,07965	-36,04494	33,42429	-36,04492
26780	34,07965	-36,04494	34,07967	-36,04493
26800	34,73502	-36,04494	34,73503	-36,04493
26820	34,73502	-36,04494	35,39038	-36,04493
26840	49,15304	-32,76813	60,94973	-29,49129
26860	62,91589	-29,49131	62,26052	-29,4913
26880	61,60515	-29,49131	62,26053	-29,49129
26900	62,26052	-29,49131	62,26053	-29,4913
26920	62,91588	-30,14668	62,91588	-30,14667
26940	62,91587	-30,14668	62,91587	-29,49131
26960	62,91587	-30,14668	62,91587	-29,49131
26980	62,91587	-29,49132	62,91587	-29,49131
27000	62,91587	-29,49132	62,91587	-29,49131
27020	62,91588	-30,14668	62,91588	-29,49131
27040	62,91588	-29,49132	62,26052	-29,49131
27060	62,26052	-29,49132	62,26053	-28,83594
27080	61,60517	-28,83595	61,60517	-28,83594
27100	61,60516	-28,83595	61,60517	-28,18058
27120	60,94981	-28,83595	60,94981	-28,83594
27140	60,94981	-28,83595	60,94981	-28,83593
27160	60,94981	-28,83594	60,94982	-28,83593
27180	60,94981	-28,83594	60,94982	-28,83593
27200	60,94981	-28,83594	60,94982	-28,83593
27220	60,94981	-29,4913	60,29446	-28,83593
27240	62,91593	-28,83594	69,46964	-26,86985
27260	72,09114	-26,21449	71,43579	-26,21448
27280	71,43579	-26,21449	70,78044	-25,55911
27300	71,4358	-25,55912	70,78044	-25,55911
27320	71,43579	-26,21448	71,4358	-26,21447
27340	71,43579	-26,21448	71,4358	-26,21447
27360	71,43579	-26,86985	71,43579	-26,86984
27380	71,43579	-27,52521	71,43579	-28,18056
27400	66,19282	-29,49129	62,26059	-29,49128
27420	62,26058	-29,49129	62,91595	-28,83592
27440	62,91595	-28,83594	62,91595	-28,83592
27460	62,91594	-29,49129	62,26058	-28,83592
27480	62,91594	-29,49129	62,91594	-29,49128
27500	62,91594	-29,4913	62,91594	-29,49129
27520	62,91594	-30,14666	62,91594	-29,49129
27540	62,91594	-30,14666	63,5713	-30,14665
27560	63,5713	-30,14666	64,22666	-30,14665
27580	63,57129	-30,14667	63,57129	-30,14666
27600	63,57129	-30,14667	63,57129	-30,14666
27620	63,57129	-30,14667	63,57129	-30,14666
27640	63,57128	-30,14668	63,57128	-30,14666
27660	63,57128	-30,80204	63,57129	-30,80202
27680	63,57128	-30,80204	65,53738	-30,14666
27700	74,71257	-26,2145	81,26632	-24,90375
27720	81,92171	-24,90377	81,9217	-24,90376
27740	81,92169	-24,90377	81,9217	-24,90375
27760	81,26888	-24,90377	81,92169	-25,55912
27780	81,92169	-25,55914	81,92168	-25,55912
27800	81,92168	-26,2145	81,92167	-26,21449
27820	81,92167	-26,86986	81,92168	-26,86985
27840	81,92167	-26,86986	81,92168	-27,52521
27860	81,92167	-27,52523	81,92167	-26,86985
27880	81,92167	-27,52523	-51,77178	-27,52521
27900	81,92167	-27,52523	81,92167	-27,52522
27920	81,92167	-28,18059	81,92167	-28,18058
27940	81,92167	-28,18059	81,92167	-28,18058
27960	81,92167	-28,1806	81,92167	-28,83595
27980	81,92167	-28,83596	81,92167	-28,83595
28000	81,92167	-28,83596	81,92167	-29,49131
28020	81,26631	-29,49132	81,26631	-29,49131
28040	81,92167	-29,49133	81,92167	-29,49132
28060	81,92167	-29,49133	81,26631	-29,49132
28080	81,92167	-30,14669	84,54569	-28,83596
28100	94,37369	-26,86989	98,30599	-25,55914
28120	98,30602	-25,55915	98,96137	-24,90378
28140	98,96138	-25,55915	98,96138	-24,90378
28160	98,96137	-25,55914	98,96137	-25,55914
28180	98,96137	-25,55915	98,96137	-24,90378
28200	98,96137	-25,55915	98,96137	-25,55914
28220	98,96136	-25,55915	99,61672	-25,55914
28240	99,61672	-25,55915	99,61672	-24,90378
28260	99,61671	-24,90379	99,61671	-24,24841
28280	98,96135	-24,24842	98,96135	-24,24841
28300	99,61671	-23,59306	102,89357	-20,97159
28320	104,20435	-19,66087	104,85972	-19,00549
28340	104,85972	-19,00551	104,85973	-19,00549
28360	104,85973	-19,00551	105,51509	-19,66086
28380	105,51509	-19,66087	105,51509	-20,31622
28400	105,51509	-20,31624	105,51509	-20,97159
28420	105,51508	-20,9716	105,51508	-21,62696
28440	105,51507	-21,62697	105,51507	-22,28232
28460	105,51507	-22,28234	105,51506	-22,93769
28480	105,51506	-23,59307	104,8597	-23,59306
28500	104,85969	-24,24843	104,85969	-24,90378
28520	104,85968	-24,90379	104,20431	-24,90379
28540	104,2043	-25,55916	103,54893	-25,55915
28560	104,20428	-26,21452	103,54892	-26,21451
28580	103,54892	-26,21452	103,54892	-26,21451
28600	102,89355	-26,86989	103,54892	-26,86988
28620	104,20428	-26,86989	104,20428	-26,86988
28640	104,20428	-26,86989	103,54892	-26,86988
28660	104,20428	-27,52525	104,20428	-26,86988
28680	104,20428	-27,52525	103,54891	-27,52524
28700	104,20427	-27,52525	103,54891	-27,52524
28720	103,54891	-27,52525	103,5489	-27,52524
28740	103,5489	-27,52525	103,5489	-27,52524
28760	103,5489	-27,52525	103,5489	-26,86987
28780	103,54891	-26,86989	103,5489	-26,86987
28800	103,54891	-26,86989	102,89355	-26,86987
28820	103,54891	-26,86989	103,54891	-26,86987
28840	103,54891	-26,21452	103,54891	-26,21451
28860	103,54891	-26,86988	103,54891	-26,86986
28880	103,54891	-26,21451	103,54891	-26,86986
28900	103,54891	-26,86987	103,54891	-26,2145
28920	104,20427	-26,21451	104,20427	-26,2145
28940	104,20427	-26,21452	99,61666	-28,83595
28960	92,40757	-30,14669	89,78608	-28,83597
28980	89,78609	-27,52525	89,7861	-26,21451
29000	89,7861	-24,90379	89,7861	-23,59306
29020	90,44146	-23,59307	91,09682	-22,9377
29040	91,09682	-22,28235	91,09682	-21,62698
29060	92,40755	-20,97164	92,40756	-20,31627
29080	93,71829	-19,66092	94,37367	-19,66091
29100	95,02904	-19,00556	95,68442	-19,66091
29120	95,68443	-19,66093	95,68444	-19,66091
29140	96,99517	-20,31629	96,33981	-20,97163
29160	96,99517	-21,627	96,99517	-21,62699
29180	96,99517	-22,28237	96,99517	-22,28235
29200	96,99516	-22,93773	96,99516	-22,93772
29220	96,99516	-23,59309	96,99516	-24,24845
29240	96,99515	-25,55918	89,78607	-30,1467
29260	68,81417	-39,97714	51,77447	-45,87538
29280	39,32247	-47,84149	39,32249	-49,15222
29300	41,28856	-52,42907	41,9439	-54,39517
29320	41,9439	-55,70592	42,59926	-55,70591
29340	42,59926	-55,70592	43,25463	-55,05055
29360	43,90999	-55,05057	43,25463	-55,05055
29380	43,90999	-54,3952	43,91	-53,73982
29400	43,91	-53,08447	43,91001	-52,4291
29420	43,91	-52,42911	42,59928	-52,42909
29440	22,28297	-51,77372	8,52028	-49,8076
29460	7,86492	-48,4969	8,52285	-46,53079
29480	7,86493	-45,22008	7,20958	-45,22006
29500	7,20958	-44,56471	7,20958	-43,90934
29520	7,20958	-44,56471	7,20958	-43,90933
29540	7,20958	-44,56471	7,20958	-44,56469
29560	7,86494	-45,22006	7,86494	-45,22005
29580	7,86493	-45,87542	7,20956	-45,87541
29600	-1,31023	-47,84149	-5,89783	-47,18612
29620	-5,24246	-46,53077	-5,24244	-45,87539
29640	-5,24245	-45,22004	-5,24245	-44,56467
29660	-5,24245	-44,56468	-5,24244	-43,90931
29680	-5,8978	-43,90932	-5,24243	-44,56467
29700	-5,24244	-44,56469	-5,24244	-44,56468
29720	-5,24243	-44,56469	-5,24244	-44,56468
29740	-5,24244	-44,5647	-5,24244	-43,90932
29760	-5,24244	-44,5647	-5,24244	-44,56469
29780	-5,24244	-43,90934	-5,89779	-43,90933
29800	-5,24244	-44,5647	-5,24243	-43,90933
29820	-5,24243	-44,5647	-5,24243	-44,56469
29840	-5,24243	-44,56471	-4,58706	-44,5647
29860	-4,58706	-45,22007	0,65589	-45,87543
29880	7,86496	-47,18619	7,20963	-47,18618
29900	6,55426	-45,87546	7,20963	-45,22009
29920	7,20963	-44,56473	6,55427	-45,22008
29940	7,20963	-44,56474	7,20963	-45,22009
29960	7,20963	-45,87546	7,20962	-45,87545
29980	7,20962	-45,87546	7,86498	-46,53081
30000	7,86498	-46,53083	7,86498	-47,18618
30020	7,86497	-47,84155	7,86498	-47,84154
30040	8,52033	-47,84156	8,52034	-47,84155
30060	8,52033	-48,49692	8,52033	-48,49691
30080	8,52033	-49,15229	8,52034	-49,15228
30100	9,17569	-49,80766	13,1079	-49,15229
30120	17,04011	-49,1523	16,38477	-49,15229
30140	15,7294	-49,1523	15,7294	-49,15229
30160	15,07405	-48,49694	15,72941	-49,15229
30180	15,07405	-49,1523	15,07405	-49,15229
30200	15,72941	-49,15231	15,72941	-49,1523
30220	16,38476	-49,80768	16,38477	-49,80767
30240	16,38476	-49,80768	16,38476	-49,80767
30260	17,04012	-50,46305	16,38476	-50,46303
30280	17,04011	-50,46304	16,38476	-50,46303
30300	16,38475	-51,11841	16,38475	-51,11839
30320	16,38475	-51,77377	17,04011	-52,42912
30340	17,0401	-53,0845	17,69546	-53,73985
30360	17,69545	-53,73987	19,00617	-54,39523
30380	34,07955	-53,08452	43,91005	-52,42914
30400	44,56543	-53,08452	44,56542	-53,08451
30420	44,56543	-53,08452	45,22078	-53,73988
30440	45,22079	-53,73989	45,22078	-54,39524
30460	45,87615	-55,05062	45,87614	-55,70597
30480	46,5315	-55,70599	46,53151	-56,36134
30500	46,5315	-56,36135	46,5315	-57,0167
30520	47,18686	-57,67208	47,18686	-57,67207
30540	47,84222	-57,67208	53,08516	-56,36134
30560	57,01737	-56,36135	57,01738	-56,36134
30580	57,01738	-56,36135	57,01738	-55,70597
30600	57,01738	-56,36134	57,67274	-56,36134
30620	57,67274	-56,36135	57,67274	-57,0167
30640	57,67274	-57,01672	58,32809	-57,01671
30660	58,32809	-57,67208	58,32809	-58,32743
30680	58,32809	-58,32745	58,32809	-57,67207
30700	58,32809	-58,32744	58,32809	-58,32744
30720	58,32809	-58,32745	58,32809	-58,32744
30740	58,32808	-58,32744	58,32809	-58,32743
30760	58,32808	-58,98281	58,32809	-58,32743
30780	58,32809	-58,32744	57,67273	-58,32743
30800	57,67273	-58,32744	57,67273	-58,32742
30820	57,67273	-58,98279	57,01737	-58,32743
30840	57,01736	-58,9828	57,67272	-58,98279
30860	57,67272	-59,63816	57,67272	-59,63815
30880	57,67272	-59,63816	57,67272	-59,63815
30900	58,32807	-59,63816	57,67271	-60,29351
30920	57,67271	-60,29352	58,32807	-60,29351
30940	57,67271	-60,29352	58,32807	-60,2935
30960	57,67271	-60,94888	57,67271	-60,2935
30980	57,6727	-60,94887	57,6727	-60,94887
31000	57,6727	-61,60424	57,01734	-61,60423
31020	57,01734	-61,60424	57,6727	-61,60423
31040	60,29419	-58,9828	60,94957	-57,67206
31060	60,29421	-57,67207	59,63884	-57,67205
31080	59,63885	-57,0167	58,98349	-57,01669
31100	58,98349	-57,67206	58,98348	-57,67205
31120	58,98348	-58,98278	58,98348	-58,98277
31140	58,98347	-59,63815	58,98347	-59,63815
31160	59,63883	-60,29352	59,63883	-60,94888
31180	59,63883	-61,60426	60,29419	-61,60425
31200	60,29419	-62,25963	63,57101	-61,60427
31220	73,40158	-58,32746	76,02314	-57,01673
31240	75,36779	-56,36138	75,36779	-56,36137
31260	75,36779	-56,36138	75,3678	-56,36137
31280	75,36779	-56,36138	74,71243	-56,36137
31300	75,36779	-56,36138	75,36779	-56,36137
31320	75,36779	-57,67211	75,36779	-57,01674
31340	75,36779	-57,67212	75,36779	-57,01675
31360	75,36779	-57,67212	74,71243	-57,01675
31380	74,71242	-57,01675	74,71242	-56,36138
31400	74,71242	-56,36138	75,36778	-56,36137
31420	75,36778	-55,70603	75,36779	-55,05065
31440	76,02317	-55,05067	76,67855	-54,39529
31460	77,33393	-53,73996	77,98931	-53,73995
31480	78,64469	-53,73996	79,95544	-53,08459
31500	79,95545	-53,08461	80,61083	-53,08459
31520	80,61083	-53,0846	80,61084	-53,08459
31540	81,26619	-53,0846	85,85378	-51,77385
31560	87,81991	-51,1185	87,16455	-51,11848
31580	87,16454	-51,11849	87,16455	-50,46311
31600	87,16455	-50,46312	87,16455	-50,46311
31620	87,16454	-50,46313	87,16454	-50,46311
31640	87,16455	-50,46313	87,8199	-50,46312
31660	87,81992	-50,46313	87,81992	-50,46312
31680	87,81993	-50,46313	87,81992	-51,11848
31700	87,81992	-51,11848	87,81992	-51,11847
31720	87,81991	-51,77384	87,81991	-51,77383
31740	87,16454	-51,77384	87,16454	-51,77383
31760	87,16453	-51,77383	85,85381	-52,42918
31780	86,50917	-52,42919	86,50917	-53,08455
31800	87,16453	-53,73992	85,85379	-53,73991
31820	81,26619	-55,05064	80,61081	-55,05064
31840	80,61082	-54,39529	80,61083	-53,73991
31860	80,61083	-53,73992	81,26619	-53,73991
31880	81,26618	-53,08456	80,61082	-52,42918
31900	80,61082	-53,08455	80,61083	-53,08454
31920	81,26618	-53,08455	81,26619	-53,73989
31940	81,26618	-53,7399	80,61082	-53,08453
31960	80,61082	-53,7399	80,61082	-53,73989
31980	80,61082	-54,39526	80,61082	-54,39524
32000	80,61082	-53,73989	80,61082	-53,73988
32020	80,61081	-54,39525	80,61082	-54,39524
32040	80,61082	-54,39525	87,1645	-52,42915
32060	92,40751	-50,46307	91,09681	-50,46306
32080	90,44145	-49,8077	90,44145	-49,15233
32100	91,09682	-49,8077	90,44146	-49,15233
32120	91,09681	-49,8077	91,09682	-49,80769
32140	91,09681	-50,46306	90,44145	-50,46306
32160	91,09681	-51,11842	91,09682	-50,46306
32180	91,09681	-51,11843	91,09681	-51,11841
32200	91,75217	-51,11843	91,75217	-51,77378
32220	91,75216	-51,7738	92,40753	-51,77378
32240	92,40752	-51,7738	92,40752	-51,77378
32260	91,75216	-51,77379	92,40752	-51,77378
32280	96,33975	-51,11843	98,30589	-50,46306
32300	97,65052	-51,11843	97,65052	-50,46306
32320	97,65053	-50,46307	97,65053	-50,46306
32340	97,65053	-50,46307	96,99516	-49,8077
32360	97,65053	-51,11843	97,65052	-50,46306
32380	97,65051	-51,11843	96,99515	-51,11842
32400	96,99515	-51,11843	96,99507	-51,11842
32420	96,33978	-51,7738	96,33977	-51,77379
32440	96,33977	-52,42916	101,58275	-47,8416
32460	106,82575	-46,53086	107,48115	-46,52973
32480	107,48114	-46,53087	106,82578	-46,53085
32500	106,82578	-46,53087	106,82578	-46,53086
32520	106,82578	-46,53087	107,48114	-46,53086
32540	106,82578	-46,53087	106,82578	-46,53086
32560	107,48114	-46,53087	106,82579	-45,8755
32580	106,82578	-46,53087	106,82578	-46,53086
32600	106,82578	-45,87551	106,82578	-45,8755
32620	106,82578	-46,53087	106,82578	-46,53086
32640	106,17041	-46,53087	106,17041	-46,53086
32660	105,51505	-46,53087	108,13652	-45,22013
32680	113,37952	-43,25406	114,03492	-43,25404
32700	113,37955	-42,59869	113,37955	-42,59867
32720	113,37955	-41,94332	113,37955	-41,94331
32740	113,37955	-41,94332	112,72419	-41,28795
32760	112,72419	-41,94332	112,72419	-41,9433
32780	112,72419	-41,94332	112,72419	-41,9433
32800	112,06883	-41,94332	112,06882	-41,9433
32820	112,72418	-42,59868	112,72418	-41,9433
32840	112,72418	-42,59867	112,72418	-42,59866
32860	112,72418	-42,59868	112,72418	-42,59866
32880	112,72417	-42,59868	112,72418	-43,25402
32900	112,0688	-43,25403	108,13658	-43,25401
32920	108,13656	-43,25402	108,13658	-42,59865
32940	108,13658	-42,59867	108,13658	-42,59865
32960	108,13658	-42,59867	108,13659	-41,94329
32980	108,79195	-42,59866	108,79194	-42,59865
33000	108,79194	-42,59867	108,13659	-43,25401
33020	108,79194	-43,25403	108,79194	-43,25402
33040	108,79193	-43,9094	108,13657	-43,25402
33060	108,79193	-43,9094	108,79193	-43,90938
33080	108,79193	-44,56476	109,44729	-45,22011
33100	109,44729	-45,22012	-51,77128	-45,22012
33120	109,44728	-45,87549	109,44728	-45,87548
33140	109,44728	-45,87549	109,44728	-45,87548
33160	108,79191	-45,87549	109,44727	-46,53084
33180	109,44727	-46,53086	109,44727	-47,18621
33200	110,10263	-47,18623	115,34559	-43,90939
33220	117,96711	-43,90939	117,31175	-43,90938
33240	117,31174	-43,25404	116,65639	-43,25402
33260	117,31175	-42,59867	117,31175	-41,9433
33280	117,31175	-41,9433	116,65638	-41,28793
33300	117,31175	-41,28794	117,31175	-40,63257
33320	117,96711	-40,63258	117,96711	-40,63257
33340	118,62246	-40,63258	118,62246	-41,28794
33360	119,27782	-41,28795	120,58853	-41,28795
33380	121,24389	-41,94333	121,24388	-41,94332
33400	120,58852	-42,59869	121,24386	-43,25404
33420	121,24386	-43,25406	121,24385	-43,9094
33440	121,24383	-43,90942	120,58847	-44,56477
33460	120,58846	-44,56478	119,9331	-44,56476
33480	120,58845	-45,22013	119,93308	-45,22012
33500	120,58844	-45,22013	119,93308	-45,22012
33520	119,93308	-45,22014	119,93307	-45,22013
33540	119,27771	-45,8755	120,58845	-45,22012
33560	129,10827	-43,25404	132,38516	-41,94329
33580	131,72981	-41,9433	131,07444	-41,94329
33600	131,07444	-41,9433	130,41908	-41,94328
33620	130,41908	-42,59866	130,41907	-41,94328
33640	130,41907	-42,59866	130,41906	-43,25401
33660	130,41906	-43,25402	130,41906	-43,25401
33680	129,76371	-43,90938	129,76371	-43,90937
33700	129,76371	-43,90938	129,76371	-43,90937
33720	129,76371	-43,90938	129,76371	-43,90937
33740	129,10835	-43,90938	129,10835	-43,90937
33760	129,10835	-43,90938	130,4191	-42,59864
33780	134,35134	-40,63255	134,35137	-39,97717
33800	133,69601	-39,97718	133,696	-39,3218
33820	133,69601	-39,32181	133,69601	-38,66644
33840	133,69601	-39,32181	133,69601	-39,3218
33860	133,69601	-39,32181	133,04065	-39,97716
33880	133,04065	-39,97717	133,69602	-39,97716
33900	134,35139	-39,97718	133,69602	-39,97717
33920	133,69602	-40,63254	133,04067	-39,97717
33940	135,00675	-39,32182	142,87121	-36,04498
33960	146,14815	-35,38962	147,45891	-34,73425
33980	147,45891	-33,42353	147,45893	-32,76816
34000	148,11429	-32,76817	147,45894	-32,76816
34020	147,45894	-32,76817	147,45894	-32,76816
34040	147,45895	-32,76817	147,45895	-32,76816
34060	148,11431	-32,76817	147,45895	-32,76816
34080	147,45895	-32,76817	147,45895	-32,76816
34100	147,45894	-32,76817	147,45894	-32,1128
34120	147,45894	-32,11281	147,45895	-32,76815
34140	147,45895	-32,1128	148,11431	-32,11279
34160	148,11432	-32,1128	147,45896	-31,45743
34180	148,76968	-32,1128	148,76969	-31,45743
34200	148,76968	-31,45744	148,76969	-31,45743
34220	148,76969	-31,45744	148,76969	-31,45742
34240	148,76969	-31,45744	148,76969	-31,45743
34260	148,76969	-31,45744	148,76969	-32,11279
34280	148,7697	-32,1128	148,7697	-32,11279
34300	149,42505	-32,76817	148,76969	-32,76815
34320	149,42506	-32,76817	148,76969	-32,76816
34340	149,42505	-32,76817	150,08041	-32,76816
34360	150,08041	-32,76817	150,08041	-33,42352
34380	150,0804	-33,42353	150,08041	-33,42352
34400	150,0804	-33,42354	150,08041	-33,42352
34420	150,73576	-33,42354	150,08041	-34,07889
34440	150,73576	-33,42353	150,73577	-33,42352
34460	150,0804	-33,42354	150,08041	-33,42352
34480	150,73577	-33,42353	150,73578	-32,76816
34500	150,73578	-32,76817	150,73578	-32,76815
34520	150,73579	-32,76817	150,73579	-32,11279
34540	150,7358	-32,1128	150,73579	-32,11279
34560	151,39116	-31,45743	151,39116	-31,45742
34580	151,39116	-31,45743	150,73581	-31,45741
34600	150,7358	-31,45743	150,08045	-31,45742
34620	150,7358	-31,45743	150,73581	-32,11278
34640	151,39116	-31,45743	150,73581	-31,45741
34660	151,39117	-32,11279	150,73581	-32,11278
34680	150,08045	-32,11279	146,14816	-35,38959
34700	132,38529	-39,32178	123,21007	-40,6325
34720	120,58858	-40,63252	120,5886	-39,97715
34740	121,24396	-39,3218	121,24396	-39,32179
34760	121,24396	-39,32181	121,24396	-39,3218
34780	121,89932	-39,32181	121,89932	-38,66644
34800	122,55467	-39,32181	122,55467	-38,66644
34820	122,55468	-38,01109	122,55468	-38,01108
34840	122,55468	-38,01109	122,55468	-38,01108
34860	123,21004	-38,66646	123,21005	-39,32181
34880	123,21004	-39,97718	123,21004	-40,63253
34900	123,8654	-41,28791	116,00093	-45,87543
34920	99,6166	-51,11833	91,09674	-52,42906
34940	91,09675	-51,11836	91,09677	-49,80762
34960	91,75214	-48,49691	91,75214	-47,84154
34980	91,75215	-47,18619	91,75215	-47,18619
35000	91,75215	-47,84156	92,40751	-47,18619
35020	92,40751	-47,18621	92,40751	-47,18619
35040	92,40751	-47,18621	92,40751	-47,1862
35060	93,06286	-47,18622	93,06287	-47,18621
35080	92,40751	-47,84159	93,06287	-48,49694
35100	93,71823	-49,80768	87,81989	-51,77374
35120	68,81408	-56,36125	47,84222	-60,29337
35140	38,01171	-60,2934	38,66711	-58,32731
35160	39,97635	-57,67197	39,32247	-57,0166
35180	39,32247	-57,01661	39,97783	-56,36125
35200	39,97783	-57,01662	40,63319	-57,01662
35220	40,63319	-57,672	41,28855	-58,32736
35240	41,9439	-58,98273	42,59926	-58,98273
35260	42,59926	-59,6381	43,25462	-59,63809
35280	42,59925	-60,29347	28,83657	-64,22562
35300	13,76315	-66,19172	11,14166	-66,84707
35320	12,4524	-66,19173	11,79704	-65,53636
35340	11,79703	-65,53637	11,79704	-64,881
35360	12,4524	-64,88101	12,4524	-64,88101
35380	12,45239	-64,88102	13,10776	-64,88101
35400	13,10776	-65,53639	13,76312	-65,53638
35420	13,76312	-65,53639	13,76312	-64,88102
35440	13,76312	-64,88102	13,76312	-64,22566
35460	13,76312	-64,22567	13,76312	-64,22565
35480	13,76312	-64,22567	13,76313	-64,22565
35500	13,76312	-64,88102	17,69531	-65,53639
35520	19,00605	-66,84713	18,35069	-66,84711
35540	18,35068	-66,84712	17,69533	-66,19175
35560	17,69533	-66,19176	17,69533	-66,19175
35580	17,69533	-66,19176	17,69532	-66,19175
35600	17,69533	-66,84712	17,69533	-66,84711
35620	17,69533	-67,50248	17,69532	-67,50247
35640	17,69533	-67,50248	18,35068	-68,15783
35660	18,35068	-68,15785	18,35069	-68,15784
35680	18,35069	-68,81322	19,00604	-68,81321
35700	19,00604	-69,46858	19,00604	-68,81321
35720	19,00604	-69,46858	19,6614	-70,12394
35740	38,0116	-68,15786	53,74044	-66,84713
35760	55,70658	-68,15787	54,39585	-68,81322
35780	55,0512	-68,81324	55,05121	-69,46858
35800	55,70656	-70,12396	55,70656	-70,12395
35820	55,70656	-71,43469	56,36191	-71,43468
35840	56,36191	-72,74542	57,01727	-73,40077
35860	57,01726	-73,40078	57,01726	-74,05614
35880	57,01726	-74,71152	57,67261	-75,36687
35900	57,67261	-75,36688	57,67261	-75,36687
35920	57,67261	-76,02225	57,67261	-76,02224
35940	58,32797	-76,02226	57,67261	-76,02224
35960	57,67261	-76,67761	57,67261	-76,6776
35980	58,32797	-77,33298	58,32797	-77,33296
36000	58,32797	-78,6437	58,32796	-79,29905
36020	58,98332	-79,29907	58,98332	-79,29906
36040	59,63868	-79,29907	58,98333	-79,29906
36060	59,63868	-79,29907	58,98332	-79,29906
36080	58,32794	-79,29906	45,22058	-79,95439
36100	22,93812	-79,95438	17,69517	-78,64364
36120	19,6613	-77,33292	19,66131	-76,02219
36140	19,00595	-74,71147	18,3506	-74,71145
36160	-51,77292	-74,0561	18,3506	-73,40074
36180	18,3506	-73,40075	18,3506	-73,40073
36200	18,3506	-73,40075	18,3506	-72,74537
36220	18,35061	-72,09002	18,35061	-72,09
36240	18,35061	-72,74538	19,00597	-72,09
36260	19,00598	-72,74538	19,00598	-72,09
36280	19,00598	-72,09002	19,00598	-72,09001
36300	19,00598	-72,09002	19,00598	-72,09001
36320	19,00598	-72,09002	20,97208	-72,09001
36340	22,93819	-72,09002	22,28284	-71,43464
36360	22,28283	-71,43465	22,28284	-70,77927
36380	22,28283	-71,43464	22,28284	-70,77927
36400	22,28284	-70,77928	22,28284	-71,43463
36420	22,28284	-71,43464	22,28284	-71,43463
36440	22,28284	-71,43465	22,93821	-71,43464
36460	22,93821	-71,43465	22,93821	-71,43463
36480	22,93821	-72,09001	22,93821	-72,08999
36500	22,93821	-72,09	23,59357	-72,08999
36520	23,59357	-72,74537	23,59357	-72,74536
36540	24,24893	-73,40074	24,24893	-73,40073
36560	24,24893	-73,40074	24,24893	-73,40073
36580	24,90429	-73,40074	24,24893	-74,05609
36600	24,90429	-74,05611	24,90429	-74,05609
36620	24,90429	-74,71146	24,90429	-74,71146
36640	25,55965	-75,36683	25,55965	-75,36682
36660	25,55964	-75,36683	25,55964	-76,02218
36680	26,215	-76,0222	26,215	-76,67755
36700	26,87036	-77,33293	26,87035	-77,33292
36720	26,87035	-77,33293	26,87035	-77,33292
36740	27,52571	-78,64365	27,52571	-77,98828
36760	26,87035	-78,64365	26,87035	-77,33291
36780	26,87035	-77,98829	26,87035	-77,98828
36800	26,87035	-77,98829	26,87036	-77,98828
36820	28,18108	-77,98829	50,46349	-73,40074
36840	63,57092	-71,43467	64,22635	-71,43465
36860	63,57097	-71,43467	62,91561	-70,77929
36880	63,57097	-70,7793	62,91561	-70,77929
36900	62,91561	-70,7793	62,9156	-71,43465
36920	62,9156	-72,09003	62,9156	-72,09001
36940	62,9156	-72,09003	62,9156	-71,43466
36960	63,57096	-72,09004	62,9156	-71,43467
36980	63,57095	-72,09004	62,9156	-72,09003
37000	62,91559	-71,43467	62,91559	-71,43466
37020	63,57095	-72,09004	62,91559	-71,43466
37040	63,57095	-72,09003	62,9156	-71,43466
37060	62,9156	-71,43467	62,9156	-70,77929
37080	62,9156	-70,7793	62,9156	-70,77929
37100	62,26024	-70,7793	62,91561	-70,77929
37120	62,91561	-70,7793	62,91561	-70,12393
37140	62,9156	-70,12394	62,26025	-70,12393
37160	62,26025	-70,12394	61,60489	-69,46856
37180	61,60489	-69,46858	61,60489	-69,46856
37200	61,60489	-69,46858	61,60489	-68,8132
37220	61,60489	-68,81321	61,6049	-68,8132
37240	61,60489	-68,81322	61,60489	-68,8132
37260	61,60489	-68,81322	60,94954	-68,8132
37280	61,6049	-68,81321	61,6049	-68,8132
37300	61,6049	-68,81321	61,6049	-68,8132
37320	61,6049	-68,81321	62,26026	-68,8132
37340	59,63878	-68,81321	56,36194	-68,15783
37360	57,01729	-68,15784	57,0173	-67,50246
37380	56,36194	-66,84711	55,70658	-65,53637
37400	55,70658	-65,53638	56,36194	-64,88101
37420	56,36194	-65,53638	56,36194	-65,53636
37440	56,36194	-65,53638	56,36194	-65,53637
37460	56,36195	-65,53638	56,36195	-65,53637
37480	56,36194	-65,53638	56,36194	-65,53637
37500	56,36194	-65,53638	56,36194	-65,53637
37520	60,29414	-65,53638	63,571	-64,22565
37540	64,22638	-64,22566	63,57101	-62,91492
37560	63,57102	-62,91493	63,57103	-62,91491
37580	63,57102	-62,91492	63,57103	-62,25955
37600	63,57103	-62,91493	64,22639	-62,91492
37620	63,57102	-62,91493	64,22638	-62,91492
37640	63,57102	-63,57029	64,22638	-63,57029
37660	64,22638	-64,22566	64,22638	-64,22565
37680	64,22638	-64,22566	63,57102	-64,22565
37700	63,57102	-64,22566	66,19248	-62,91493
37720	72,7462	-60,94884	76,02309	-59,63811
37740	76,67848	-59,63811	76,67849	-58,98274
37760	76,67849	-59,63811	76,67849	-58,98274
37780	76,67849	-58,98275	76,67849	-58,98274
37800	76,67848	-59,63811	76,02312	-59,6381
37820	76,02312	-60,29347	76,67849	-60,29346
37840	76,02312	-60,94884	76,67848	-60,94883
37860	76,02312	-60,94884	76,02312	-61,60419
37880	76,02312	-61,6042	75,36775	-61,60419
37900	68,81402	-64,88101	59,63882	-66,19171
37920	57,6727	-65,53636	58,32808	-65,53635
37940	58,32809	-65,53637	58,32809	-65,53635
37960	58,98345	-64,88101	59,63881	-64,881
37980	59,63881	-64,88102	60,29672	-64,881
38000	60,29417	-65,53638	60,29416	-65,53636
38020	60,29416	-65,53638	59,6388	-64,88101
38040	58,98344	-64,88101	59,6388	-64,22564
38060	59,6388	-64,88102	58,98345	-64,22564
38080	59,6388	-64,88102	58,98344	-64,881
38100	59,6388	-65,53638	59,6388	-64,88101
38120	59,63879	-65,53638	59,63879	-65,53637
38140	60,29415	-65,53639	64,88174	-64,22565
38160	66,1925	-63,5703	65,53715	-63,57029
38180	64,88178	-63,57029	64,88178	-62,91492
38200	65,53714	-62,91493	65,53714	-63,57028
38220	65,53714	-63,5703	-51,7723	-64,22565
38240	66,19249	-64,88103	66,19249	-64,88102
38260	66,19248	-65,53639	67,50321	-65,53639
38280	77,33375	-62,25958	86,50902	-58,98277
38300	85,85369	-60,2935	84,54295	-60,29348
38320	84,54295	-59,63814	84,54295	-59,63813
38340	85,1983	-60,2935	85,1983	-60,29349
38360	85,1983	-60,29351	85,19829	-60,94887
38380	85,85365	-61,60424	85,85365	-61,60423
38400	85,85364	-62,91497	85,85364	-62,91496
38420	85,19828	-62,91497	85,85364	-62,91497
38440	85,85364	-63,57034	85,85364	-62,91497
38460	85,85364	-63,57034	85,85363	-63,57033
38480	85,85363	-63,57034	85,85364	-62,91496
38500	85,19828	-62,91498	85,19828	-62,91496
38520	85,19827	-62,91498	84,54292	-63,57033
38540	85,19827	-62,91498	84,54292	-62,91497
38560	85,19827	-63,57034	84,54292	-63,57033
38580	84,54291	-63,57034	84,54291	-63,57033
38600	84,54291	-63,57034	84,54291	-63,57033
38620	84,54291	-63,57034	85,19827	-63,57033
38640	85,19827	-64,2257	85,85363	-63,57034
38660	85,85363	-62,25961	86,50902	-58,98277
38680	86,50902	-59,63815	86,50902	-58,98278
38700	85,85366	-58,98279	85,85366	-58,32741
38720	85,85366	-59,63815	85,19829	-59,63814
38740	85,85365	-60,29352	85,19829	-60,2935
38760	85,85365	-60,29352	85,85365	-60,29351
38780	85,85365	-60,94888	85,19829	-60,94887
38800	85,19828	-61,60425	85,19828	-60,94888
38820	85,19828	-61,60425	85,19828	-61,60424
38840	85,19828	-61,60426	84,54292	-61,60425
38860	85,19828	-61,60425	85,19828	-61,60425
38880	86,50902	-61,60425	91,09664	-58,98279
38900	93,06275	-58,98281	92,4074	-58,98279
38920	92,4074	-58,9828	92,4074	-58,32743
38940	93,06275	-58,32744	93,06276	-58,32743
38960	92,40739	-58,9828	93,06275	-58,98279
38980	93,06275	-58,9828	93,06275	-59,63815
39000	93,71811	-60,29353	93,06275	-60,29351
39020	93,7181	-60,94889	93,71811	-60,94888
39040	94,37346	-61,60426	93,7181	-62,25961
39060	94,37346	-62,91499	96,33956	-61,60426
39080	105,51477	-58,32745	110,10244	-57,67207
39100	110,75782	-57,67209	110,10245	-57,67207
39120	110,10245	-57,01672	110,10246	-57,01671
39140	110,10245	-57,01672	110,10245	-57,01671
39160	110,10245	-57,67209	110,10245	-57,67208
39180	109,44709	-58,32745	110,10245	-58,32744
39200	110,10245	-58,32746	110,10245	-58,32745
39220	110,10245	-58,32746	110,10245	-58,32745
39240	110,10245	-58,98283	109,44708	-58,98282
39260	109,44708	-58,98283	108,79172	-58,98281
39280	109,44708	-58,98283	109,44709	-58,32745
39300	108,79173	-58,98282	109,44709	-58,98281
39320	109,44709	-58,98282	109,44709	-58,32745
39340	109,44709	-57,01674	109,44709	-56,36136
39360	108,79174	-55,05064	109,44711	-54,39526
39380	108,79174	-53,7399	108,79175	-53,73989
39400	108,79174	-53,08454	108,79175	-53,08453
39420	108,13639	-53,08453	108,1364	-52,42916
39440	108,13639	-52,42917	108,1364	-52,42916
39460	108,79175	-52,42917	108,13639	-52,42916
39480	108,1364	-53,08453	108,13639	-52,42916
39500	108,13639	-52,42916	107,48103	-51,77379
39520	107,48104	-51,7738	-51,77143	-51,11843
39540	111,41326	-50,46308	110,7579	-50,46306
39560	110,7579	-49,80771	110,7579	-49,8077
39580	110,7579	-49,80771	110,7579	-49,8077
39600	110,10254	-49,80771	110,7579	-49,8077
39620	110,75789	-50,46308	110,7579	-50,46307
39640	110,75789	-50,46308	110,10253	-50,46307
39660	110,75789	-50,46308	110,75789	-51,11843
39680	110,75789	-51,11844	110,7579	-51,11843
39700	110,75789	-51,11845	110,7579	-51,11843
39720	110,7579	-51,11845	110,7579	-51,11844
39740	110,7579	-51,11845	110,10254	-51,11844
39760	110,10253	-51,11845	110,10254	-51,11844
39780	110,10253	-51,11845	110,10253	-51,11843
39800	110,10253	-51,11845	110,10253	-51,11844
39820	109,44717	-51,11845	109,44717	-51,11843
39840	109,44718	-51,11845	108,79182	-51,11843
39860	109,44718	-51,11844	108,79182	-51,11843
39880	108,79181	-51,11844	108,13645	-51,11843
39900	108,79181	-51,7738	108,13645	-52,42916
39920	108,79181	-52,42917	108,79181	-53,08452
39940	108,7918	-53,08453	108,7918	-53,73989
39960	108,7918	-54,39526	109,44715	-54,39525
39980	109,44715	-54,39526	109,44715	-54,39526
