T	LX	LY	RX	RY
0	0	0	0	0
20	1,0000000003174E-5	-3,27682	0	-2,62146
40	-0,65535	-5,24291	-0,65536	-5,24291
60	-1,3107	-7,86435	-1,3107	-7,20899
80	-2,62142	-9,83044	-3,93214	-9,83044
100	-3,93212	-11,14117	-4,58749	-9,83045
120	-4,58748	-11,14118	-3,93213	-10,48582
140	-4,58747	-11,14119	-4,58748	-9,83047
160	-5,8982	-11,1412	-5,8982	-9,83047
180	-5,89819	-11,1412	-5,24283	-9,17511
200	-5,89817	-9,17511	-6,55354	-7,86439
220	-7,20889	-8,51976	-7,2089	-7,86439
240	-6,55353	-7,86439	-7,2089	-6,55367
260	-7,20888	-6,55367	-7,2089	-5,24295
280	-6,55353	-5,89831	-7,2089	-3,27686
300	-8,51961	-1,96615	-8,51962	1,96602
320	-7,86425	4,58745	-5,24282	9,83034
340	-1,96602	13,76249	1,31077	19,66075
360	7,86438	28,83578	13,7626	37,35546
380	22,28231	43,90905	38,01109	52,42874
400	66,19165	51,11804	108,79003	52,42877
420	142,21338	51,11807	183,50102	52,42881
440	230,03155	51,1181	294,25677	52,42885
460	294,25669	51,11817	294,25654	52,42893
480	294,25635	51,11819	294,25611	52,42894
500	294,25597	51,11824	294,25596	52,42902
520	294,25597	51,11836	294,25596	52,42911
540	294,25597	51,1184	294,25596	52,42913
560	294,25597	51,11841	294,25596	52,42915
580	294,25597	51,11844	294,25596	52,42917
600	294,25597	51,11846	294,25596	52,4292
620	294,25597	51,11848	294,25596	52,42921
640	294,25597	51,11849	294,25596	52,42922
660	294,25597	51,11849	294,25596	52,42922
680	294,25599	51,1185	294,25599	52,42923
700	294,25601	51,11849	294,25603	52,42922
720	294,25604	51,11849	294,25604	52,42922
740	294,25606	51,11849	294,25604	52,42922
760	294,25607	51,11849	294,25608	52,42922
780	294,2561	51,11848	294,25611	52,42921
800	294,25613	51,11848	294,25614	52,42921
820	294,25616	51,11848	294,25618	52,4292
840	294,2562	51,11847	294,2562	52,4292
860	294,25622	51,11847	294,25623	52,42919
880	294,25626	51,11847	294,25626	52,42919
900	294,25628	51,11846	294,25628	52,42918
920	294,25629	51,11846	294,25883	52,42918
940	294,25631	51,11845	294,2563	52,42917
960	294,25632	51,11845	294,25633	52,42918
980	286,39203	51,11845	289,66883	52,42917
1000	285,08132	51,11845	289,01347	52,42918
1020	294,25635	51,11845	285,73666	52,42917
1040	281,80451	51,11845	283,77059	52,42918
1060	281,80452	51,11845	281,14916	52,42918
1080	281,80453	51,11845	283,11526	52,42918
1100	283,11546	51,11846	284,42632	52,42919
1120	289,0139	51,11847	286,39244	52,42919
1140	280,49422	51,11846	278,52815	52,4292
1160	279,18352	51,11847	277,87279	52,42919
1180	282,46031	51,11846	279,83885	52,42918
1200	275,90671	51,11845	283,77099	52,42917
1220	283,11563	51,11844	277,87272	52,42916
1240	277,21737	51,11843	277,21737	52,42916
1260	272,62986	51,11842	265,4209	52,42915
1280	259,52267	51,11841	256,24586	52,42915
1300	247,72619	51,11841	239,20651	52,42913
1320	230,03149	51,11838	216,26895	52,42911
1340	199,22962	51,11836	184,15635	52,42907
1360	170,39381	51,11833	157,94199	52,42904
1380	148,76698	51,11829	142,86875	52,429
1400	134,34909	51,11825	125,82943	52,42896
1420	115,3437	51,11822	109,44547	51,11821
1440	104,20261	48,49676	100,27047	47,84139
1460	104,20283	48,49672	115,34426	51,77352
1480	118,62129	49,80743	114,0338	50,4628
1500	108,13556	49,80744	105,51413	51,77352
1520	102,89272	48,4967	98,3052	48,4967
1540	95,02843	46,53062	90,44092	47,18599
1560	87,16414	45,87527	83,23198	48,49671
1580	78,64448	47,18599	75,36768	47,18601
1600	72,09089	45,87528	68,15874	45,21993
1620	63,57123	42,59848	60,29443	44,56458
1640	56,36228	43,90921	57,01768	44,56457
1660	57,01782	41,28776	54,39641	41,94314
1680	50,46426	40,63242	47,84282	39,97707
1700	45,2214	38,66634	43,25533	39,32171
1720	40,63391	36,0449	38,66784	36,04491
1740	36,70179	33,42345	35,39107	33,42346
1760	34,08037	31,45736	34,08036	31,45737
1780	33,42501	28,83591	32,11429	28,83592
1800	30,14823	27,52519	30,14822	29,49128
1820	29,49288	26,86982	29,49288	26,86983
1840	28,18217	23,59302	28,83752	24,24839
1860	28,83754	22,2823	27,52681	23,59303
1880	26,87146	21,62694	26,21609	22,2823
1900	26,21611	20,31622	26,21609	20,97159
1920	26,2161	19,00549	26,21609	19,66086
1940	25,56074	17,03942	25,56073	17,69478
1960	26,87145	15,72868	26,87142	16,38405
1980	28,18215	14,41796	36,70192	17,03941
2000	38,66803	15,72869	36,04655	15,7287
2020	36,04656	13,76261	35,39374	13,7626
2040	34,73583	11,79651	33,42509	12,45188
2060	32,76974	10,48579	32,76974	11,79651
2080	32,11438	10,48578	32,76973	9,83043
2100	32,11438	7,86433	31,45902	9,17506
2120	30,80367	7,20896	30,80366	7,86433
2140	30,14832	6,5536	30,14832	7,20896
2160	30,14833	6,55359	30,14832	7,86432
2180	29,49297	5,24286	28,8376	5,89823
2200	28,18225	4,5875	28,18225	5,89822
2220	28,83762	4,5875	28,83761	4,5875
2240	29,49298	3,27677	36,70201	5,89822
2260	43,91108	5,89822	45,22182	6,55359
2280	43,25573	5,24286	43,91108	6,55358
2300	44,56645	4,58749	43,91107	5,8982
2320	43,25572	5,24284	43,25571	5,8982
2340	43,91108	5,24282	44,56643	6,55355
2360	44,56645	4,58746	44,56643	4,58747
2380	43,91109	2,62138	43,91108	3,9321
2400	44,56645	2,62137	44,56644	3,27673
2420	43,91109	0,65528	43,91108	0,65528
2440	43,91108	-1,96619	45,22161	-6,55379
2460	50,4643	-26,21472	67,50307	-51,7737
2480	85,1974	-82,57532	93,71665	-95,02685
2500	91,75052	-102,2356	91,7504	-102,2355
2520	89,78427	-104,20156	85,85206	-97,64795
2540	80,60916	-87,1622	71,43416	-66,84622
2560	64,88078	-56,36064	55,05071	-39,97688
2580	41,28835	-24,24836	30,8028	-9,83043
2600	21,62792	1,0000000003174E-5	13,1083	9,17511
2620	6,55475	13,76267	5,24403	17,03949
2640	3,27798	17,0395	1,31189	18,35023
2660	-0,65418	17,03951	0,001179999999998	18,35024
2680	0,65655	17,0395	1,3119	17,03951
2700	0,65656	14,41805	0,65656	13,10734
2720	1,96729	10,48588	1,9673	10,48588
2740	-0,65419	6,55373	-9,17402	1,9662
2760	-15,07234	-1,31061	-15,07236	1,96622
2780	-15,07234	-0,65522	-15,07236	-0,65523
2800	-15,72771	-3,93204	-15,07235	-4,5874
2820	-15,07233	-5,89814	-14,41698	-5,89814
2840	-14,41696	-8,5196	-14,41697	-7,86423
2860	-15,72767	-9,83033	-15,07232	-9,17497
2880	-15,0723	-11,14107	-15,0723	-10,48571
2900	-15,07228	-12,4518	-15,72766	-12,4518
2920	-16,383	-13,10717	-13,10619	-9,83035
2940	-11,79543	-10,48572	-12,4508	-10,48571
2960	-12,45079	-13,10717	-13,10616	-12,45181
2980	-13,76151	-14,4179	-13,76152	-13,76254
3000	-14,41687	-15,72863	-14,41689	-15,07327
3020	-15,07224	-16,38401	-15,07226	-15,07328
3040	-14,4169	-15,72865	-15,07229	-15,72865
3060	-19,65995	-17,03935	-35,38885	-14,41788
3080	-39,97646	-15,07325	-39,97648	-11,79645
3100	-39,97645	-12,45182	-39,97646	-12,45182
3120	-39,97647	-14,41791	-39,97649	-13,10719
3140	-39,97649	-14,41792	-39,97652	-11,79647
3160	-39,97652	-12,45184	-39,97656	-9,83039
3180	-39,97655	-9,8304	-39,97657	-9,17503
3200	-39,97658	-10,48576	-39,9766	-9,83039
3220	-39,9766	-11,79648	-39,97662	-11,14111
3240	-39,97661	-12,45184	-39,97663	-12,45184
3260	-39,97662	-14,41793	-39,97664	-15,07328
3280	-39,97662	-17,03938	-39,97664	-17,03937
3300	-39,97663	-19,00546	-39,97664	-19,00546
3320	-39,97662	-20,97155	-39,97664	-20,97155
3340	-39,97663	-22,93764	-39,97663	-22,28228
3360	-39,97662	-24,24837	-39,97662	-24,24837
3380	-39,97661	-25,5591	-39,97662	-25,5591
3400	-39,97661	-26,86983	-39,97661	-26,21446
3420	-39,9766	-27,5252	-39,97661	-26,21447
3440	-39,9766	-27,5252	-39,97661	-26,86983
3460	-39,9766	-28,83592	-39,97661	-27,5252
3480	-39,97659	-29,49129	-39,97661	-28,83593
3500	-39,97661	-30,14665	-39,97664	-29,49129
3520	-39,97664	-30,80203	-38,66584	-28,18058
3540	-30,14603	-28,18058	-28,17989	-27,52522
3560	-30,80132	-30,14666	-32,11207	-30,14666
3580	-32,11207	-32,11275	-31,45672	-30,80203
3600	-32,11208	-32,76812	-32,11209	-32,11276
3620	-32,76744	-33,42349	-33,42281	-32,11277
3640	-33,4228	-32,76814	-33,42281	-32,11277
3660	-33,4228	-32,76815	-33,4228	-32,11278
3680	-33,42279	-32,76815	-33,4228	-31,45742
3700	-33,42279	-33,42351	-32,76744	-32,11279
3720	-33,42279	-33,42352	-33,4228	-32,76816
3740	-34,07815	-34,73424	-33,4228	-34,07888
3760	-33,42279	-35,38961	-32,76744	-34,07888
3780	-32,76743	-36,04497	-32,76745	-35,3896
3800	-32,76744	-36,70034	-32,1121	-36,04497
3820	-32,76745	-37,3557	-32,76746	-36,04497
3840	-32,1121	-38,01106	-32,11211	-36,04497
3860	-39,97643	-38,01106	-33,42284	-37,35569
3880	-33,42284	-38,01106	-32,7675	-36,70033
3900	-34,07826	-36,04496	-37,35514	-33,42351
3920	-37,35514	-32,76815	-36,6998	-30,1467
3940	-36,04443	-28,83599	-35,3891	-24,24846
3960	-33,42304	-20,97166	-30,14626	-13,10733
3980	-25,55875	-6,55373	-23,59269	0,65524
4000	-17,69447	9,17492	-10,48554	20,31604
4020	-3,27659	28,18037	6,55377	36,70007
4040	15,07344	40,63222	24,90381	47,84122
4060	45,21994	51,11803	72,74501	52,42877
4080	96,33794	51,11806	133,69338	52,4288
4100	154,66483	51,11808	174,98092	52,42882
4120	180,22379	51,11811	193,98646	52,42887
4140	209,71525	51,11817	215,6135	52,4289
4160	212,99204	51,11818	208,40452	52,42892
4180	201,19559	51,11819	189,39912	52,42891
4200	180,2241	51,11818	173,6705	52,42891
4220	162,52939	51,11816	150,07754	52,42888
4240	136,97036	51,11814	125,82925	52,42885
4260	114,68815	51,11811	103,54703	52,42882
4280	92,40594	51,11808	81,92018	41,94303
4300	74,05589	32,76797	67,5023	26,86972
4320	60,94873	19,00539	54,39513	13,7625
4340	48,49692	7,86425	43,25404	5,89817
4360	39,3219	1,31064	36,70046	-0,65545
4380	33,42368	-5,24298	30,80223	-5,89834
4400	28,83616	-7,86443	26,21471	-8,51979
4420	24,90401	-11,14124	22,28256	-11,14123
4440	20,31649	-12,45196	19,00577	-12,45196
4460	17,69507	-13,76269	16,38434	-13,10732
4480	15,07363	-15,07341	14,41826	-14,41805
4500	13,10756	-15,72878	11,79683	-15,72877
4520	9,83075	-16,38414	9,83078	-14,41806
4540	18,35058	-11,14125	22,93817	-9,83051
4560	21,62747	-11,7966	19,66137	-11,79659
4580	19,00603	-13,7627	17,6953	-13,76269
4600	16,3846	-15,72878	15,72924	-15,07342
4620	15,07389	-17,03951	14,41852	-16,38414
4640	13,10781	-17,69487	13,10781	-17,03951
4660	13,10783	-17,69488	13,10782	-17,69486
4680	12,45247	-19,66095	12,45246	-17,69486
4700	11,79711	-19,0056	11,14175	-18,35022
4720	11,14176	-20,31631	11,14175	-19,66095
4740	10,4864	-20,97168	9,83104	-20,97167
4760	9,83104	-23,59312	9,83103	-22,93775
4780	9,83104	-24,90384	9,17567	-24,24847
4800	8,52033	-25,5592	8,52032	-24,90383
4820	7,20961	-26,21456	6,55424	-24,24847
4840	6,55426	-25,5592	5,89888	-24,90383
4860	5,24354	-25,5592	5,24354	-24,90384
4880	4,58819	-25,5592	3,93283	-24,24847
4900	3,27749	-25,5592	3,27748	-23,59311
4920	2,62214	-25,5592	1,96677	-24,24847
4940	1,96679	-26,21455	1,31142	-24,24847
4960	1,96679	-26,21456	1,31141	-24,90383
4980	0,65605	-25,5592	0,65603	-24,24847
5000	8,5204	-24,90385	19,00633	-19,66096
5020	26,8708	-20,31633	27,52621	-20,31632
5040	24,2494	-22,2824	22,93866	-20,97167
5060	22,28332	-22,2824	21,62795	-22,28239
5080	20,9726	-22,93776	20,97259	-22,2824
5100	19,66187	-23,59313	19,66187	-22,2824
5120	19,00651	-23,59313	19,00651	-22,93777
5140	18,35115	-24,24849	18,35114	-22,93777
5160	17,69579	-24,2485	17,69578	-22,93777
5180	17,6958	-24,2485	17,69578	-23,59313
5200	17,04043	-24,2485	17,04042	-23,59313
5220	16,38507	-24,2485	17,6958	-22,28242
5240	22,93882	-22,28244	26,87102	-20,97171
5260	26,21568	-22,93778	24,90494	-22,28242
5280	24,90494	-24,24851	24,24958	-23,59314
5300	22,93886	-24,2485	22,93886	-22,28242
5320	22,93887	-23,59314	22,2835	-22,28242
5340	21,62815	-23,59314	20,97278	-22,93777
5360	20,31742	-23,59314	20,97278	-22,28241
5380	20,31743	-22,93778	19,66206	-21,62705
5400	19,00671	-23,59314	19,66206	-22,28241
5420	19,00673	-22,93778	19,00672	-21,62705
5440	18,35137	-22,93778	18,35136	-21,62705
5460	17,69601	-22,28242	17,69601	-20,97169
5480	18,35138	-22,28242	17,69601	-19,66096
5500	17,04067	-20,97169	16,38529	-19,00561
5520	16,3853	-20,97168	16,3853	-19,66096
5540	16,38532	-20,97168	16,3853	-19,0056
5560	15,72996	-20,31632	15,07458	-19,0056
5580	17,04071	-19,66097	18,35144	-17,69486
5600	17,69609	-19,00559	16,38535	-17,69486
5620	17,69609	-19,00559	16,38537	-17,69486
5640	16,38538	-17,69487	16,38537	-17,0395
5660	16,38539	-18,35023	16,38538	-16,38414
5680	17,04076	-17,69486	16,38539	-15,72877
5700	15,07469	-16,38414	15,07468	-15,72877
5720	15,73005	-16,38414	15,07469	-15,07341
5740	15,07469	-16,38413	15,07468	-14,41805
5760	15,07467	-15,07342	14,41929	-13,10733
5780	14,41929	-14,41806	15,07463	-13,7627
5800	15,07464	-13,7627	15,72998	-11,79661
5820	15,07462	-13,10734	15,72998	-11,14126
5840	15,72999	-11,7958	15,72997	-10,48588
5860	15,07462	-11,79661	15,07461	-9,83053
5880	14,41926	-11,79661	17,04071	-9,83053
5900	24,90515	-8,51981	32,76959	-6,55371
5920	32,11425	-8,51979	29,49278	-7,20906
5940	29,49279	-8,5198	29,49278	-8,51979
5960	29,49278	-9,83052	28,83741	-8,51979
5980	28,83742	-9,83052	28,18205	-8,51979
6000	28,18205	-9,83052	28,18204	-9,17515
6020	28,18205	-10,48587	28,18204	-9,83051
6040	28,18205	-10,48588	28,18204	-9,17515
6060	28,18205	-10,48588	27,52668	-9,83051
6080	28,18205	-11,14124	28,18204	-10,48587
6100	28,18205	-11,14124	28,18204	-10,48587
6120	27,52669	-11,7966	27,52669	-10,48587
6140	28,18206	-11,14124	28,83741	-10,48587
6160	28,83742	-12,45196	28,83742	-12,45195
6180	28,18207	-14,41804	27,5267	-13,10731
6200	27,52671	-14,41804	26,87134	-13,10731
6220	27,52671	-15,0734	28,18206	-13,76267
6240	25,5606	-14,41803	22,28372	-13,10729
6260	20,973	-14,41802	20,973	-14,418
6280	20,97301	-15,72873	20,973	-15,72873
6300	20,97302	-17,03946	21,62837	-16,38409
6320	20,97302	-17,03946	20,97302	-15,72873
6340	20,97303	-17,03946	20,97302	-16,38409
6360	20,31768	-17,03945	21,62839	-15,72872
6380	20,97303	-15,72873	17,0408	-16,38406
6400	3,27798	-18,35013	-9,17417	-15,72863
6420	-22,93696	-16,38397	-34,7336	-13,76252
6440	-36,69968	-13,76253	-36,04428	-11,79644
6460	-36,04427	-11,79644	-35,38892	-10,48573
6480	-36,04426	-11,79646	-36,04428	-9,83038
6500	-36,69963	-10,48575	-36,04429	-9,17502
6520	-35,38892	-8,51967	-35,38895	-6,55359
6540	-36,04432	-5,89824	-34,73363	-3,93216
6560	-34,73364	-4,58752	-38,01052	-2,62142
6580	-39,97677	-1,96605	-39,97688	0,65539
6600	-39,97688	0,65537	-39,97687	2,62146
6620	-39,97685	1,31072	-39,97687	3,2768
6640	-39,97687	2,62144	-39,97688	3,93216
6660	-39,97687	3,93214	-39,97688	5,24287
6680	-39,97687	5,24286	-39,97688	7,20895
6700	-39,97688	6,55358	-39,97689	9,17502
6720	-39,97688	51,11805	-39,97689	10,48574
6740	-39,97689	9,83037	-39,9769	11,79647
6760	-39,97689	11,14109	-39,9769	13,10718
6780	-39,97689	11,79645	-39,9769	12,45182
6800	-39,97689	11,79645	-39,9769	13,10718
6820	-39,97689	11,79645	-39,9769	13,76253
6840	-39,9769	12,4518	-39,97692	13,76253
6860	-39,97693	13,10717	-39,97702	16,384
6880	-39,97704	17,03935	-39,97705	18,35008
6900	-39,97702	16,38399	-39,97703	16,384
6920	-39,97702	15,07326	-39,97703	15,72862
6940	-39,97702	14,4179	-39,97703	14,4179
6960	-39,97702	13,10717	-39,97703	13,76254
6980	-39,97701	11,79645	-39,97702	12,45182
7000	-39,97701	10,48573	-39,97701	11,14109
7020	-39,97701	9,83036	-39,97701	10,48573
7040	-39,97699	9,83036	-39,97701	9,83037
7060	-39,977	7,86428	-39,977	8,51965
7080	-39,97699	7,20891	-39,977	7,86428
7100	-39,97699	6,55355	-39,97707	8,51966
7120	-39,97709	7,20893	-39,97708	9,17502
7140	-39,97705	6,55357	-39,97706	5,89821
7160	-39,97705	3,93212	-39,97706	4,58749
7180	-39,97704	2,6214	-39,97705	2,6214
7200	-39,97704	1,31067	-39,97704	1,31067
7220	-39,97703	-5,000000000166E-5	-39,97704	0,65532
7240	-39,97703	-0,65541	-39,97703	-3,9999999998486E-5
7260	-39,97703	-1,31078	-39,97706	-0,65541
7280	-39,97706	-2,6215	-39,97707	-1,96614
7300	-39,97696	-4,58761	-39,97694	-3,93224
7320	-39,97693	-5,24297	-39,9744	-5,24296
7340	-39,97694	-7,20905	-39,97695	-7,20904
7360	-39,97695	-8,51977	-39,97696	-7,20905
7380	-39,97694	-9,17513	-39,97697	-8,51977
7400	-39,97696	-9,17514	-39,97696	-9,17514
7420	-39,97695	-10,48586	-39,97696	-9,8305
7440	-39,97695	-11,14123	-39,97697	-9,8305
7460	-39,97696	-11,14123	-39,97697	-11,14122
7480	-39,97687	-13,76268	-34,07847	-12,45197
7500	-28,83548	-13,10733	-31,45694	-13,10733
7520	-32,76766	-15,07342	-32,76767	-14,41805
7540	-33,42303	-17,03951	-33,42304	-16,38415
7560	-33,42304	-17,03952	-32,76769	-15,72879
7580	-33,42304	-17,03953	-33,42306	-15,07345
7600	-33,42306	-16,38418	-33,42306	-15,07345
7620	-32,7677	-16,38418	-32,76772	-15,07346
7640	-32,7677	-17,03955	-32,76771	-16,38418
7660	-32,76771	-17,69491	-33,42307	-17,03955
7680	-32,7677	-19,00564	-24,24794	-15,72882
7700	-19,00497	-16,38418	-19,66033	-15,07344
7720	-21,62641	-17,03952	-21,62641	-18,35025
7740	-21,62639	-19,66097	-22,28176	-19,66097
7760	-22,93711	-20,9717	-23,59248	-19,66098
7780	-24,24783	-20,97171	-24,24784	-19,66011
7800	-24,24782	-20,9717	-24,24783	-20,31634
7820	-24,24782	-22,28243	-24,24783	-20,9717
7840	-24,24783	-22,28244	-24,90319	-20,9717
7860	-24,90318	-22,28243	-25,55854	-21,62707
7880	-25,55854	-22,28244	-24,90318	-21,62707
7900	-24,90318	-22,9378	-24,24783	-22,28243
7920	-24,90319	-22,9378	-25,55855	-22,28243
7940	-25,55855	-23,59316	-25,55857	-22,93779
7960	-24,9032	-24,24852	-25,55858	-23,59315
7980	-26,21393	-24,90388	-26,21395	-23,59315
8000	-26,86931	-24,90388	-26,86932	-24,24851
8020	-26,86932	-25,55924	-26,86934	-24,90387
8040	-27,52471	-25,55924	-27,52474	-24,24851
8060	-27,52474	-26,21461	-27,52476	-24,24852
8080	-28,18012	-25,55925	-27,52478	-24,24852
8100	-28,18013	-24,90388	-28,18015	-23,59316
8120	-28,8355	-24,90388	-28,83551	-23,59315
8140	-27,52477	-24,90388	-10,48524	-19,661
8160	5,89905	-18,35029	10,48667	-18,35027
8180	7,20986	-20,97171	5,24378	-19,00563
8200	4,58844	-20,31635	3,93307	-20,97171
8220	3,93308	-22,28245	3,27771	-22,28245
8240	2,62236	-23,59318	3,27772	-22,93782
8260	2,62237	-24,90391	1,31165	-24,24855
8280	0,65629000000001	-25,55928	1,31165	-24,90391
8300	1,31167	-26,21464	1,96702	-25,55929
8320	1,96704	-26,87002	1,31167	-26,21465
8340	1,31167	-27,52538	0,65631	-26,21466
8360	0,65633	-27,52539	1,31168	-26,87003
8380	1,96706	-27,5254	1,3117	-26,21467
8400	1,31171	-27,5254	6,55465	-26,21468
8420	11,79765	-27,52542	13,10839	-26,21469
8440	11,79767	-28,18078	11,79766	-27,52542
8460	11,79769	-29,4915	11,14231	-28,83613
8480	11,79769	-30,14686	11,14232	-28,83613
8500	11,79769	-30,14686	11,79768	-28,83614
8520	11,7977	-30,14686	11,14233	-28,83613
8540	11,14234	-30,14686	11,14233	-29,49149
8560	10,48698	-30,14685	11,14488	-29,49149
8580	11,14235	-30,14685	11,7977	-28,83612
8600	11,14235	-29,4915	11,7977	-28,18077
8620	11,14235	-30,14685	10,48698	-29,49149
8640	10,48699	-30,80221	10,48698	-29,49149
8660	10,48699	-30,80221	9,83162	-29,49148
8680	10,48698	-30,80221	10,48698	-30,14683
8700	10,48699	-31,45756	10,48697	-30,80219
8720	10,48698	-32,11292	11,14233	-31,45755
8740	10,48698	-32,76828	9,83161	-30,80219
8760	11,14235	-32,11292	13,76384	-30,14683
8780	13,76386	-31,45755	13,76385	-30,14682
8800	15,07457	-32,11291	14,41919	-31,45754
8820	14,41919	-32,76828	14,41917	-32,11291
8840	14,41916	-33,42364	15,0745	-32,76827
8860	14,41914	-33,42364	14,41912	-32,11291
8880	13,76377	-33,42364	14,41911	-32,76828
8900	14,41912	-34,079	13,76375	-32,76827
8920	13,1084	-34,079	12,45301	-32,76827
8940	9,83152	-32,76826	9,83151	-30,80218
8960	9,83153	-32,1129	9,83152	-31,45754
8980	9,83153	-32,11291	9,17615	-30,80218
9000	9,17617	-31,45755	9,17614	-30,14683
9020	9,83152	-31,45755	9,83151	-30,14682
9040	9,17615	-30,80219	9,17614	-29,49146
9060	9,17616	-30,80219	9,17615	-29,49146
9080	9,83151	-30,80219	10,48685	-29,49146
9100	10,48686	-30,80219	9,83149	-29,49147
9120	9,8315	-30,8022	10,48684	-30,14683
9140	9,83149	-30,8022	9,83148	-30,14683
9160	-39,97587	-31,45756	10,48684	-30,14684
9180	10,48684	-31,45757	9,83147	-30,80123
9200	10,48685	-32,11293	11,14219	-32,11292
9220	11,1422	-32,76829	11,79755	-32,76828
9240	10,48684	-33,42365	11,14219	-32,76829
9260	10,48684	-34,07902	11,14219	-34,07901
9280	11,79757	-35,38974	11,79756	-34,07901
9300	11,14221	-36,04511	11,79756	-36,0451
9320	12,45292	-38,01119	12,45292	-38,66653
9340	12,45292	-40,63263	13,10827	-41,28798
9360	14,41901	-44,56479	15,72971	-45,22014
9380	15,72973	-48,49695	15,72971	-48,49694
9400	16,38507	-51,1184	16,38506	-50,46303
9420	17,04042	-53,08448	18,35112	-52,42911
9440	19,66185	-54,39521	20,3172	-53,73983
9460	20,3172	-55,70592	21,62791	-55,70593
9480	21,62793	-57,67201	22,28328	-56,36128
9500	22,28329	-57,67201	22,28328	-56,36128
9520	22,28329	-58,32738	22,93864	-57,01665
9540	22,93865	-58,32738	23,59399	-57,67201
9560	22,93863	-58,98274	23,59398	-57,67201
9580	22,93862	-58,98274	22,9386	-57,67202
9600	22,93861	-58,98275	24,24932	-58,32738
9620	29,49229	-58,32738	30,14768	-57,01664
9640	29,49233	-58,32737	28,83696	-57,672
9660	28,83697	-59,63809	28,18161	-59,63809
9680	27,52626	-60,94881	26,87089	-60,29344
9700	26,21554	-60,94881	26,87089	-60,29345
9720	26,8709	-62,25953	26,21553	-60,29345
9740	26,87091	-61,60417	26,21554	-60,29344
9760	22,9387	-62,25952	20,97257	-60,94879
9780	20,31723	-61,60415	20,9726	-60,29343
9800	20,31725	-61,60416	20,9726	-60,94879
9820	20,31726	-62,91488	20,31725	-61,60416
9840	20,31726	-63,57025	20,9726	-62,25952
9860	20,97262	-64,22561	20,97261	-62,91488
9880	20,97262	-63,57026	20,31725	-62,91489
9900	20,97262	-64,22561	20,97261	-62,91488
9920	20,31727	-64,22561	20,97262	-62,91489
9940	20,97263	-64,88097	20,97263	-63,57025
9960	26,21557	-64,88097	38,66756	-60,94878
9980	47,18738	-61,60414	47,84278	-61,60412
10000	45,22133	-62,25949	43,25524	-61,60411
10020	42,59989	-62,91485	41,94453	-62,25948
10040	41,28918	-62,91485	40,6338	-61,60413
10060	39,97846	-63,57022	39,97845	-62,25949
10080	39,97846	-63,57022	39,97844	-62,91485
10100	39,32309	-64,22558	39,32308	-62,91485
10120	38,66773	-64,22559	39,32307	-62,91486
10140	38,66772	-64,88095	39,32308	-63,57022
10160	38,66772	-64,88095	38,66769	-63,57023
10180	41,28916	-64,88095	49,80895	-62,91486
10200	54,39655	-64,22559	54,39656	-62,91486
10220	53,7412	-64,22558	52,43048	-63,57021
10240	52,43049	-65,53631	51,77511	-64,22558
10260	51,77513	-65,53631	51,77512	-64,88094
10280	51,77514	-65,53631	51,77513	-64,88095
10300	51,11979	-66,19167	51,11977	-64,88095
10320	51,11977	-66,19168	51,11976	-64,88096
10340	51,11976	-65,53633	51,11976	-64,88097
10360	-39,97528	-66,19169	51,11975	-64,88096
10380	50,4644	-65,53634	50,46439	-64,88097
10400	50,46439	-65,53634	49,80902	-64,88097
10420	49,80903	-66,1917	49,15366	-65,53633
10440	49,80903	-66,84706	49,80902	-65,53634
10460	49,15367	-66,84707	49,80901	-65,53634
10480	49,80902	-66,84707	49,15365	-66,1917
10500	49,80902	-66,84707	49,15364	-65,53634
10520	47,8429	-66,1917	47,18753	-65,53633
10540	47,18755	-66,1917	47,18754	-64,88097
10560	47,84291	-66,1917	47,18753	-65,53633
10580	47,18754	-66,84706	47,18753	-64,88097
10600	47,18754	-66,1917	47,18753	-64,88098
10620	47,18754	-66,19171	47,18753	-64,88098
10640	46,53217	-66,19171	46,53216	-64,22562
10660	46,53217	-65,53635	46,53216	-64,22562
10680	46,53218	-65,53634	46,53216	-64,22562
10700	46,53218	-64,88098	47,18753	-63,57025
10720	46,53219	-64,88098	45,87681	-62,9149
10740	45,22147	-63,57026	44,5661	-62,25953
10760	45,22146	-63,57026	41,28923	-64,88096
10780	32,76937	-68,15776	30,14778	-70,77919
10800	35,39056	-80,60964	48,49752	-93,71688
10820	60,29383	-111,41161	70,12405	-125,17414
10840	76,02217	-137,62597	79,9542	-141,55805
10860	74,71113	-145,49012	68,15729	-144,83468
10880	62,25903	-140,90251	55,70548	-131,72754
10900	47,84128	-123,86332	38,66633	-114,03297
10920	26,87002	-102,89189	18,35048	-91,75077
10940	12,45237	-85,19715	5,89885	-77,3328
10960	2,62213	-73,40063	-0,65463	-68,15773
10980	-4,58676	-65,53629	-7,86354	-60,29339
11000	-9,82959	-59,63803	-11,79567	-58,3273
11020	-12,45101	-59,63803	-13,76174	-57,67194
11040	-13,76172	-58,32731	-16,3832	-56,36121
11060	-23,59231	-53,08436	-32,76746	-49,15218
11080	-35,38891	-48,49682	-34,73355	-47,1861
11100	-34,73355	-48,49684	-34,73357	-47,84147
11120	-35,38892	-49,80757	-34,73358	-48,49685
11140	-35,38894	-49,80758	-38,66579	-49,1522
11160	-39,97668	-47,1861	-39,97683	-42,59857
11180	-39,97684	-41,28785	-39,97681	-41,28786
11200	-39,9768	-42,59859	-39,97681	-43,25395
11220	-39,97681	-44,56468	-39,97682	-45,22005
11240	-39,97681	-45,87542	-39,97683	-45,87542
11260	-39,97682	-46,53079	-39,97684	-46,53079
11280	-39,97683	-48,49689	-39,97685	-48,49688
11300	-39,97684	-50,46297	-39,97686	-49,80762
11320	-39,97677	-49,80762	-39,97668	-46,5308
11340	-39,97664	-49,15226	-39,97667	-49,15225
11360	-39,97667	-51,11834	-39,97669	-51,11834
11380	-39,97668	-53,08444	-39,97669	-52,42907
11400	-39,97668	-53,73981	-39,9767	-53,7398
11420	-39,97669	-55,05054	-39,9767	-54,39516
11440	-39,9767	-55,05054	-39,97672	-55,05054
11460	-39,97671	-57,01663	-39,97672	-56,36126
11480	-39,97671	-57,67198	-39,97672	-56,36126
11500	-39,97671	-57,67199	-39,97672	-57,01663
11520	-39,97671	-58,32736	-39,97672	-58,32735
11540	-39,97671	-59,63808	-39,9768	-58,32734
11560	-39,97686	-58,32735	-39,97688	-57,67198
11580	-39,97685	-58,98272	-39,97685	-58,32735
11600	-39,97685	-59,63808	-39,97686	-58,98271
11620	-39,97685	-60,9488	-39,97686	-59,63807
11640	-39,97684	-60,9488	-39,97685	-59,63807
11660	-39,97684	-61,60416	-39,97685	-60,94879
11680	-39,97684	-61,60416	-39,97685	-60,29344
11700	-39,97684	-62,25953	-39,97685	-60,9488
11720	-39,97684	-63,57025	-39,97674	-61,60416
11740	-30,14618	-61,60416	-28,83541	-60,29343
11760	-30,80149	-62,25951	-32,11222	-61,60415
11780	-32,76758	-63,57025	-32,11223	-62,91488
11800	-32,76758	-64,22561	-32,11223	-62,91489
11820	-32,76758	-64,88098	-32,76759	-64,22561
11840	-34,0783	-64,88098	-33,42296	-64,22561
11860	-33,42295	-64,88099	-33,42298	-63,57026
11880	-33,42299	-64,88099	-33,423	-64,22563
11900	-32,76765	-64,881	-33,42303	-63,57028
11920	-33,42302	-64,22564	-33,42304	-63,57028
11940	-33,42303	-64,22564	-33,42304	-63,57028
11960	-34,0784	-64,22565	-34,07841	-63,57028
11980	-34,0784	-64,88101	-34,73378	-63,57028
12000	-34,73377	-65,53637	-34,73378	-64,22564
12020	-34,73379	-66,19172	-38,01065	-64,22564
12040	-39,97675	-64,881	-39,97675	-63,57028
12060	-39,97674	-65,53637	-39,32139	-64,881
12080	-39,32139	-65,53637	-39,3214	-65,53636
12100	-39,97675	-66,19173	-39,3214	-65,53636
12120	-39,32139	-66,84709	-39,3214	-66,19173
12140	-39,32139	-67,50246	-39,32141	-66,8471
12160	-39,32141	-68,15783	-39,32142	-66,8471
12180	-39,32142	-68,15783	-39,32143	-66,84711
12200	-25,55873	-68,15783	-9,82987	-66,84711
12220	-3,2761	-68,81321	-4,58682	-67,50247
12240	-7,20826	-69,46856	-7,20828	-68,15783
12260	-8,51899	-70,12392	-9,17437	-69,46855
12280	-9,17435	-70,77928	-9,82972	-70,12392
12300	-10,48508	-72,09001	-9,82973	-70,12392
12320	-10,48507	-71,43465	-11,14045	-70,77928
12340	-11,14043	-71,43466	-11,14045	-70,77929
12360	-11,14043	-71,43465	-11,14043	-70,12392
12380	-11,79579	-71,43466	-11,7958	-70,12393
12400	-11,79578	-71,43466	-11,79578	-70,77929
12420	-12,45113	-72,09002	-11,79577	-70,77929
12440	-11,79576	-70,7793	-11,79577	-70,12393
12460	-12,45111	-72,09002	-12,45112	-70,77929
12480	-12,45111	-71,43465	-12,45112	-70,77929
12500	-12,45111	-72,09002	-12,45111	-71,43465
12520	-13,10646	-71,43466	-13,10648	-70,77929
12540	-13,10647	-72,09002	-13,10648	-71,43465
12560	-13,10648	-72,74538	-13,76186	-72,09001
12580	-11,14038	-72,74538	-3,27592	-68,81321
12600	3,2778	-68,81321	3,93319	-68,15783
12620	1,31174	-70,12392	0,65636	-68,81319
12640	0,65637	-70,77928	0,0009900000000016	-70,12392
12660	0,65634	-70,77929	0,00095999999999918	-69,46856
12680	0,00095000000000312	-70,7793	0,00092999999999677	-69,46857
12700	-0,65443	-69,46858	-0,65445	-68,15785
12720	-0,65443	-69,46858	-0,65444	-67,50249
12740	-0,65443	-68,15676	-0,65444	-67,50249
12760	-0,65443	-68,15786	-0,65444	-67,50249
12780	-0,65441999999999	-68,15786	-0,65442	-66,84713
12800	-0,65441	-68,81322	-0,65442	-67,5025
12820	-0,65441	-68,81323	-0,65441	-67,50251
12840	-0,6544	-68,81324	-0,65441	-67,50252
12860	-0,6544	-68,81325	0,00094999999999601	-67,50253
12880	0,00097000000000236	-68,81325	-0,65441	-68,15788
12900	-4,58665	-69,46858	-7,86353	-69,46858
12920	-7,86353	-70,12396	-7,20817	-68,81322
12940	-7,20815	-70,12395	-7,20817	-68,81323
12960	-7,20816	-70,77932	-7,20818	-70,77932
12980	-7,20817	-71,43468	-7,20818	-70,77931
13000	-7,20817	-71,43468	-7,20819	-70,77932
13020	-7,20818	-72,09005	-7,2082	-70,77932
13040	-6,55283	-72,09004	-6,55284	-71,43468
13060	-6,55283	-72,09004	-1,96525	-70,12395
13080	3,27774	-69,4686	3,27775	-69,46859
13100	2,62239	-70,77932	1,96701	-70,12395
13120	1,96702	-72,09004	1,96702	-70,77931
13140	1,96702	-72,09004	2,62237	-70,77931
13160	1,96703	-72,09004	1,96701	-72,09003
13180	1,31167	-72,7454	1,31165	-71,43467
13200	1,96703	-72,09004	1,96702	-72,09004
13220	1,31167	-73,40076	1,31165	-72,09004
13240	1,31167	-73,40076	1,31166	-72,09003
13260	1,31166	-74,05612	3,93311	-72,09003
13280	17,0405	-69,46859	26,87106	-67,50249
13300	26,87111	-70,12394	24,24964	-69,46857
13320	22,93892	-70,7793	22,93891	-70,7793
13340	22,28611	-72,09003	21,62818	-72,09003
13360	22,28354	-73,40076	22,28352	-72,09003
13380	21,62815	-72,7454	21,62812	-71,43468
13400	21,62811	-72,74541	21,6281	-70,77932
13420	21,6281	-72,74541	22,28344	-70,77932
13440	21,62808	-71,43469	20,9727	-70,77933
13460	20,97271	-71,43469	20,9727	-70,77932
13480	20,31735	-71,43469	20,31734	-70,12396
13500	20,31734	-72,09005	20,31733	-70,77933
13520	20,31734	-71,4347	20,31733	-70,12397
13540	19,00661	-71,43469	15,72973	-70,77931
13560	14,419	-71,43469	15,07435	-70,12396
13580	15,07437	-70,77932	15,07436	-70,12396
13600	15,07437	-70,77933	15,72972	-70,12395
13620	15,72972	-71,43468	15,72972	-70,12395
13640	15,72972	-71,43469	15,07435	-70,77932
13660	15,07436	-71,43468	15,72971	-70,12396
13680	14,419	-71,43469	15,07434	-70,12396
13700	15,72971	-71,43469	15,7297	-70,12396
13720	16,38507	-72,09005	16,38506	-70,77932
13740	15,7297	-71,43469	15,72969	-70,77932
13760	15,7297	-72,09005	15,72969	-71,43469
13780	16,38505	-72,74541	17,04041	-70,77932
13800	19,66191	-70,77932	20,97264	-69,4686
13820	19,66193	-70,77931	19,66192	-69,46859
13840	18,35121	-70,77932	18,3512	-70,12395
13860	17,69586	-71,43468	18,35121	-70,12395
13880	19,00657	-71,43468	18,3512	-70,77931
13900	17,69584	-72,09004	18,35119	-71,43467
13920	18,3512	-72,7454	17,69583	-71,43467
13940	17,69583	-73,40076	18,35118	-72,09004
13960	17,69583	-73,40076	17,69582	-71,43467
13980	17,69583	-73,40076	17,69582	-72,7454
14000	18,35118	-74,05612	19,00653	-73,40075
14020	19,00654	-75,36685	22,28338	-72,09004
14040	29,49246	-71,43467	32,76931	-70,12393
14060	31,45861	-71,43466	30,14787	-70,7793
14080	30,14789	-71,43467	30,14787	-70,7793
14100	30,14786	-72,09003	30,14784	-70,77931
14120	30,80319	-72,09004	30,80317	-70,77932
14140	31,45853	-72,09005	30,80315	-70,77932
14160	30,1478	-71,43469	30,14778	-70,12397
14180	30,14778	-71,43469	30,80313	-70,12396
14200	30,14776	-70,77933	30,14775	-70,12396
14220	33,42459	-70,77933	39,32292	-69,46861
14240	41,28902	-71,43469	40,63364	-70,77933
14260	39,32293	-72,09005	39,32291	-70,77933
14280	39,32292	-72,09006	39,3229	-71,43469
14300	39,32291	-72,09006	39,32289	-71,43469
14320	39,3229	-72,74542	39,97825	-71,4347
14340	39,32291	-72,74543	39,32289	-71,4347
14360	39,3229	-72,74543	39,32289	-70,77934
14380	39,3229	-72,09007	39,32288	-70,77934
14400	39,3229	-72,09007	39,32289	-71,4347
14420	38,66754	-72,09007	38,66753	-70,77934
14440	39,3229	-71,43471	39,32289	-70,77935
14460	38,66755	-71,43471	38,01217	-70,77934
14480	38,01218	-71,43471	38,01217	-70,77934
14500	38,66754	-72,09006	41,94435	-70,77934
14520	50,46414	-69,46861	56,36247	-68,81323
14540	56,36249	-70,12396	55,05176	-70,77931
14560	54,3964	-72,09004	53,74104	-70,77932
14580	53,08568	-72,09004	53,08567	-71,43468
14600	53,08569	-72,74541	52,43032	-70,77931
14620	53,08569	-72,7454	53,08568	-71,43468
14640	51,77498	-72,09004	51,77498	-71,43467
14660	51,77499	-72,09004	51,77498	-71,43466
14680	51,775	-72,09003	51,77499	-70,77931
14700	51,775	-72,09003	41,94445	-73,4007
14720	20,97257	-76,67748	1,31136	-77,98817
14740	-12,45151	-79,29887	-20,31597	-75,36669
14760	-22,282	-74,71135	-20,97124	-74,05599
14780	-20,31587	-75,36671	-20,31586	-74,71136
14800	-20,31585	-76,02209	-20,31586	-75,36673
14820	-20,31585	-76,02211	-20,97122	-75,36674
14840	-20,97122	-76,02211	-20,97125	-74,05603
14860	-20,97126	-75,36676	-21,62664	-73,40068
14880	-26,86961	-72,74528	-37,35552	-69,46846
14900	-39,97703	-68,8131	-39,97706	-66,84701
14920	-39,97703	-68,15775	-39,97704	-66,84702
14940	-39,97703	-67,50239	-39,97703	-66,84703
14960	-39,97703	-68,15776	-39,97703	-66,84703
14980	-39,97702	-68,15777	-39,97704	-66,19169
15000	-39,97703	-68,15777	-39,97704	-66,84706
15020	-39,97703	-68,15778	-39,97705	-66,84706
15040	-39,97704	-68,15778	-39,97706	-66,84705
15060	-39,97705	-68,15778	-39,97707	-66,84706
15080	-39,97705	-67,50243	-39,97707	-66,84706
15100	-39,97706	-68,15779	-39,97706	-66,84707
15120	-39,97706	-68,15779	-39,97708	-66,84707
15140	-39,97707	-68,15779	-39,97708	-66,84707
15160	-39,97708	-68,1578	-39,97708	-66,84707
15180	-39,97708	-68,1578	-39,97709	-66,84708
15200	-39,97708	-68,15781	-39,97709	-67,50244
15220	-39,97708	-68,81317	-39,97709	-67,50244
15240	-39,97708	-68,81317	-39,97709	-68,15781
15260	-39,97709	-68,81318	-39,97709	-68,1578
15280	-39,97708	-69,46853	-39,97709	-68,81317
15300	-39,97709	-69,46854	-39,97709	-68,81317
15320	-39,97708	-70,1239	-39,97709	-68,81317
15340	-39,97708	-69,46854	-39,97708	-68,81318
15360	-39,97705	-68,81317	-39,97702	-66,84708
15380	-39,97701	-68,81317	-39,97702	-68,1578
15400	-39,97701	-69,46854	-39,97701	-68,1578
15420	-39,97699	-69,46853	-39,977	-68,81316
15440	-39,97699	-69,46853	-39,97699	-68,81316
15460	-39,97698	-70,12389	-39,97698	-68,81317
15480	-39,97697	-70,12389	-39,97698	-69,46853
15500	-39,97696	-70,77925	-39,97697	-69,46852
15520	-39,97695	-71,43461	-39,97696	-70,12388
15540	-39,97695	-70,77925	-39,97696	-70,12389
15560	-39,97694	-71,43461	-39,97696	-70,77925
15580	-39,97695	-72,08997	-39,97697	-70,77925
15600	-39,97698	-72,08998	-39,977	-70,77925
15620	-39,97701	-72,08999	-39,97703	-71,43462
15640	-39,97703	-72,08996	-39,97705	-70,77926
15660	-39,97706	-71,43463	-39,97707	-70,77927
15680	-39,97706	-72,74535	-39,97708	-70,77927
15700	-39,97708	-72,08999	-39,97709	-70,77927
15720	-39,97709	-72,08999	-39,9771	-70,77927
15740	-39,9771	-72,09	-39,97711	-70,77927
15760	-39,97711	-72,09	-39,97712	-70,77927
15780	-39,97711	-72,74537	-39,97712	-71,43464
15800	-39,97712	-73,40073	-39,97715	-71,43464
15820	-39,97714	-72,09001	-39,97714	-71,43464
15840	-39,97713	-72,74536	-39,32178	-71,43464
15860	-39,32177	-72,74537	-39,97715	-72,09
15880	-39,97714	-72,74537	-39,32179	-71,43464
15900	-39,32179	-73,40073	-39,3218	-71,43464
15920	-39,32179	-72,09	-39,3218	-72,09
15940	-39,97715	-72,74537	-39,97715	-72,09
15960	-39,97715	-72,74537	-39,3218	-71,43464
15980	-39,32179	-72,74537	-39,3218	-71,43464
16000	-39,32179	-72,74536	-39,3218	-72,09
16020	-39,32178	-73,40072	-39,32179	-71,43464
16040	-38,66641	-73,40073	-39,97714	-72,08999
16060	-39,32177	-73,40072	-39,32178	-72,74535
16080	-39,97713	-74,05608	-39,32177	-72,74535
16100	-39,32176	-74,05609	-32,76808	-72,09
16120	-28,18047	-72,74536	-28,83583	-71,43463
16140	-30,80191	-72,74535	-30,80191	-72,08998
16160	-31,45727	-73,40071	-31,45727	-72,08999
16180	-30,8019	-73,40072	-31,45727	-72,08998
16200	-32,76798	-74,05607	-32,11263	-73,40071
16220	-32,11261	-73,40071	-32,11262	-72,74534
16240	-32,76797	-74,05607	-32,76797	-72,74534
16260	-33,42332	-73,40071	-32,76797	-72,08998
16280	-33,42331	-72,74535	-34,07868	-71,43462
16300	-34,07867	-72,74534	-34,07867	-71,43462
16320	-34,07866	-70,1239	-33,42331	-66,19174
16340	-33,4233	-63,57031	-33,42332	-59,63815
16360	-33,42332	-57,67207	-38,01094	-52,42917
16380	-39,97711	-51,77381	-39,97715	-47,84165
16400	-39,97713	-46,53094	-39,97714	-43,90949
16420	-39,97713	-44,56486	-39,97714	-41,94341
16440	-39,32178	-41,94342	-38,66644	-40,63269
16460	-38,01107	-41,94341	-37,35572	-41,28805
16480	-36,70035	-44,56486	-36,70036	-45,22021
16500	-36,70035	-48,49702	-37,35572	-49,80773
16520	-37,35572	-53,08454	-37,35573	-53,7399
16540	-38,01108	-56,36134	-38,01109	-57,67206
16560	-38,01109	-60,2935	-38,0111	-60,94887
16580	-37,35574	-62,91495	-37,35574	-62,25958
16600	-37,35573	-64,22567	-37,35575	-64,22566
16620	-36,70036	-66,19174	-36,70037	-64,88102
16640	-37,35572	-66,19174	-37,35574	-64,88102
16660	-37,35573	-66,19175	-37,35574	-65,53639
16680	-37,35573	-66,84711	-37,35573	-65,53638
16700	-38,01108	-66,84711	-38,01109	-65,53638
16720	-38,66644	-66,84711	-38,01109	-65,53638
16740	-37,35572	-66,84711	-38,01108	-65,53638
16760	-38,66643	-66,19175	-39,32179	-64,88102
16780	-39,32178	-65,53638	-38,66642	-64,88101
16800	-39,32176	-66,19174	-39,97713	-64,88102
16820	-39,97711	-65,53638	-39,97711	-64,22566
16840	-39,97711	-64,88102	-39,97711	-64,22565
16860	-39,9771	-64,88102	-39,9771	-63,57029
16880	-39,97709	-64,88101	-39,97709	-63,57029
16900	-39,97708	-64,22565	-39,97708	-63,57029
16920	-39,97707	-64,22565	-39,97709	-62,25957
16940	-39,97708	-61,60422	-39,97711	-58,98277
16960	-38,66648	-60,29348	-20,31663	-71,43462
16980	6,55297	-98,95975	49,15132	-112,7222
17000	68,81213	-106,82379	61,60316	-99,61457
17020	52,42813	-96,33751	49,80668	-92,4052
17040	50,46205	-87,16221	50,46204	-81,91931
17060	55,04957	-80,6086	59,63708	-81,91931
17080	68,81213	-89,12828	85,85148	-82,57467
17100	110,09981	-65,53539	133,0374	-52,42833
17120	150,73213	-39,97659	168,42684	-24,24803
17140	203,81629	-5,89799	246,41468	16,38422
17160	265,42013	24,90388	279,83804	34,07893
17180	283,11485	38,66645	283,7702	47,18613
17200	285,73629	49,80755	291,63452	52,429
17220	290,32381	51,11828	292,94524	52,42901
17240	294,25597	51,11829	294,25596	52,42903
17260	294,25597	51,1183	293,6006	52,42904
17280	281,14877	51,11831	270,00764	52,42904
17300	264,76477	51,11832	257,5558	52,42904
17320	249,03613	51,11832	244,4486	52,42904
17340	241,82717	51,1183	239,86108	47,84151
17360	237,89501	47,8415	233,30748	48,49687
17380	230,68605	47,8415	230,03068	50,46295
17400	225,44317	47,84149	222,16636	50,46294
17420	220,85565	49,15221	223,47708	51,77365
17440	222,16637	51,11828	219,54492	52,42901
17460	222,16637	51,11828	220,85564	52,429
17480	218,23421	51,11828	216,26812	52,42899
17500	214,95741	50,4629	213,64668	51,11827
17520	211,68061	51,11826	209,71452	51,77363
17540	211,68061	50,46291	211,6806	52,42899
17560	207,74845	50,4629	207,74844	51,11827
17580	207,74845	49,80754	207,74844	50,4629
17600	205,78237	49,15217	204,47164	50,46289
17620	203,81629	48,49681	206,43772	50,46289
17640	206,43773	50,46289	205,78236	51,77362
17660	205,78237	51,11825	205,127	51,77361
17680	205,12701	51,11825	204,47164	52,42897
17700	202,50557	51,11824	202,50556	52,42897
17720	203,16093	51,11824	202,50557	52,42896
17740	201,19497	51,11823	201,19509	52,42894
17760	201,19516	51,11822	200,5398	52,42894
17780	199,88447	51,1182	199,88448	52,42893
17800	200,53986	51,11819	200,53986	52,42891
17820	200,53987	51,11818	200,53985	52,4289
17840	198,57377	51,11816	197,26303	52,42889
17860	198,57375	51,11815	200,53982	52,42887
17880	198,57373	51,11813	197,91837	52,42886
17900	196,60765	51,11813	194,64156	52,42885
17920	193,98621	51,11812	193,9862	52,42884
17940	192,67549	51,11811	192,02012	52,42882
17960	190,70942	51,11809	192,02014	52,42882
17980	191,36478	51,11808	190,70941	52,42881
18000	190,70941	51,11807	188,74332	52,42879
18020	188,09052	51,11806	188,08797	52,42878
18040	189,39869	51,11804	188,08796	52,42876
18060	187,43261	51,11803	186,77725	52,42875
18080	186,1219	51,11802	186,12189	52,42874
18100	186,12191	51,11801	185,46654	52,42874
18120	185,46655	51,11801	186,77726	52,42873
18140	186,12189	51,11799	185,46656	52,42873
18160	185,46661	51,11802	186,12197	52,42875
18180	184,81128	51,11802	184,81127	52,42874
18200	184,81128	51,118	185,46664	52,42873
18220	186,12201	51,118	186,77735	52,42872
18240	184,81129	51,11799	184,15593	52,42872
18260	182,18986	51,11799	183,50057	52,42871
18280	182,84523	51,11798	182,84522	52,42871
18300	181,53452	51,11798	181,53452	52,42871
18320	180,87918	51,11798	180,22382	52,4287
18340	179,56849	51,11798	179,56849	52,4287
18360	178,91315	51,11797	176,94707	52,4287
18380	170,39349	49,80724	163,83989	48,49653
18400	-9,17513	43,909	152,6988	39,97683
18420	145,48987	33,42323	138,93627	30,14642
18440	130,41663	26,21426	123,86303	22,93746
18460	116,6541	19,00528	112,06659	18,34993
18480	106,82373	14,41775	104,20229	13,10704
18500	97,64872	9,83023	90,43976	9,17488
18520	83,8862	5,89807	78,64332	5,24272
18540	75,36655	4,58734	75,36664	7,20879
18560	77,9883	9,17486	77,33309	11,14095
18580	74,71172	11,14096	67,50276	15,07314
18600	60,94919	17,69458	57,01704	22,93748
18620	53,0849	25,55892	48,49738	32,11255
18640	43,90988	34,07864	38,66701	39,97691
18660	33,42416	42,59835	28,18128	45,87517
18680	23,59378	47,18591	19,66162	49,80736
18700	17,0402	49,80735	14,41875	51,11809
18720	13,76343	50,46272	18,35109	50,46271
18740	20,31729	48,49662	19,00658	49,152
18760	16,38515	46,53057	14,41905	45,21985
18780	11,79762	41,94305	11,14225	42,59841
18800	9,17619	39,97697	7,86546	41,2877
18820	6,55475	39,32161	5,89937	40,63234
18840	4,58866	38,66625	3,27794	38,66625
18860	2,62259	36,70016	3,27794	36,70016
18880	3,27796	34,07872	2,62258	34,07872
18900	1,96723	32,11263	1,31186	32,11263
18920	0,65649000000001	28,18046	-2,62038	24,90365
18940	-4,58646	22,28219	-4,58647	21,62684
18960	-5,24182	18,35002	-4,58647	17,0393
18980	-5,24182	13,76249	-4,58647	13,10713
19000	-3,9311	8,5196	-4,58647	7,20888
19020	-4,58645	3,27671	-5,24183	2,62134
19040	-5,24182	-0,00010999999999939	-4,58647	-0,00010999999999939
19060	-4,58646	-2,62156	-3,9311	-3,27691
19080	-3,27573	-5,24301	-2,62038	-6,55372
19100	-3,27572	-9,17518	-3,27573	-8,51982
19120	-3,27572	-10,48508	-2,62037	-9,83053
19140	-1,965	-12,45199	-2,62037	-11,79663
19160	-2,62035	-13,76271	-2,62036	-13,76271
19180	-2,62035	-15,7288	-1,30965	-15,07344
19200	6,55477	-15,07344	15,07456	-11,79661
19220	20,97292	-12,45197	20,97294	-13,10732
19240	17,69613	-15,07342	17,04076	-15,07341
19260	17,04077	-17,03951	17,69613	-16,38414
19280	17,69613	-18,35023	17,04076	-18,35022
19300	16,38541	-19,66096	16,3854	-19,66096
19320	16,38541	-20,97168	17,04076	-20,97168
19340	17,69613	-22,28241	17,69611	-21,62705
19360	17,04078	-23,59314	17,04076	-22,28241
19380	18,35148	-24,2485	18,35146	-24,2485
19400	19,0068	-24,90388	19,00678	-24,24851
19420	19,66214	-24,90388	19,66211	-24,90388
19440	22,28357	-25,55925	28,83725	-25,55925
19460	30,80336	-26,86998	30,14798	-26,86997
19480	29,49262	-28,83606	28,83725	-27,52533
19500	28,1819	-29,49142	28,83724	-28,83606
19520	28,83725	-30,14679	30,14795	-29,49142
19540	29,4926	-31,45751	29,49259	-30,14679
19560	29,49259	-32,11288	29,49258	-31,45752
19580	30,14795	-32,11288	30,14793	-31,45752
19600	24,90497	-32,76823	19,66198	-32,76821
19620	17,69585	-33,42357	19,00658	-32,76821
19640	19,0066	-34,7343	19,66195	-34,07894
19660	19,66196	-36,04504	20,31731	-34,73431
19680	20,31731	-36,04504	20,97267	-35,38968
19700	20,31731	-36,04505	20,97265	-35,38969
19720	20,97266	-36,70041	20,97265	-35,38969
19740	20,97266	-36,70042	21,62801	-35,38968
19760	22,28339	-36,04506	22,28338	-35,38968
19780	22,28338	-37,35578	21,62802	52,42855
19800	21,62802	-37,35577	17,04039	-36,70038
19820	10,48666	-36,70036	8,52051	-35,38963
19840	9,83128	-36,70036	10,48664	-36,70035
19860	10,48665	-38,66644	10,48665	-38,01109
19880	10,48666	-39,32182	10,48665	-38,66645
19900	10,48667	-39,97718	10,48667	-38,66646
19920	10,48668	-40,63254	10,48668	-39,97718
19940	10,48669	-41,28791	11,14205	-39,97718
19960	11,14207	-41,28792	11,14207	-39,97719
19980	9,83136	-40,63256	10,48672	-39,97719
20000	11,79745	-40,63256	11,79746	-39,32183
20020	11,79747	-40,63256	11,79747	-39,32184
20040	11,79749	-40,63258	13,10821	-39,32185
20060	12,45287	-40,63258	12,45287	-39,97721
20080	11,79752	-41,28794	11,79752	-40,63258
20100	12,45288	-42,59867	12,45288	-40,63258
20120	12,45289	-42,59867	12,45287	-41,9433
20140	11,79751	-43,25404	15,07433	-40,63259
20160	17,69582	-41,28795	17,6958	-40,63259
20180	16,38508	-41,94332	17,04042	-41,28795
20200	16,38506	-42,59869	16,38505	-41,94332
20220	16,38506	-42,59868	16,38504	-41,94332
20240	16,38504	-43,25405	16,38503	-41,94332
20260	15,72968	-43,25405	15,72967	-41,94333
20280	15,72968	-42,5987	15,72967	-41,94333
20300	15,07432	-42,5987	15,72966	-41,28797
20320	15,72967	-42,5987	15,72965	-41,94334
20340	17,69575	-41,94335	29,49238	-38,01117
20360	42,59979	-38,01117	45,87666	-37,35579
20380	41,94449	-38,01115	41,28911	-36,70042
20400	40,63376	-38,66651	41,2891	-38,66651
20420	40,63375	-40,63261	39,97838	-39,97724
20440	39,97838	-40,63261	39,32301	-39,32189
20460	39,32302	-40,63262	39,32301	-39,97725
20480	39,32301	-41,28798	39,323	-39,97726
20500	38,66764	-41,28799	38,01227	-39,97726
20520	39,323	-41,28799	39,32299	-40,63262
20540	39,323	-41,94336	38,66763	-41,28799
20560	39,97836	-42,59872	39,97835	-41,94335
20580	39,323	-43,25408	39,97835	-41,94336
20600	39,323	-42,59873	39,97835	-41,94336
20620	40,63372	-43,25408	40,63371	-41,94336
20640	40,63373	-42,59872	39,97836	-41,94336
20660	39,32301	-43,25409	40,63372	-41,94336
20680	39,97836	-42,59873	39,32299	-40,63264
20700	39,32299	-41,94337	39,32298	-40,63264
20720	39,32299	-41,94337	38,66763	-40,63265
20740	38,66764	-41,28801	38,66763	-39,32193
20760	38,66764	-40,63265	38,66764	-39,32192
20780	39,32301	-40,63265	38,66764	-39,97728
20800	39,32301	-41,28801	39,32301	-39,97728
20820	38,66766	-40,63265	34,08004	-41,94334
20840	20,97256	-45,22012	5,24357	-43,90938
20860	-8,51927	-43,90937	-16,38369	-40,63257
20880	-15,0729	-39,97723	-13,76217	-39,32186
20900	-13,76217	-40,6326	-14,41755	-39,32187
20920	-15,07292	-39,32189	-15,07295	-38,01116
20940	-39,97664	-38,01118	-15,72835	-36,70045
20960	-15,72835	-37,35582	-15,72837	-34,73437
20980	-16,38373	-36,04511	-17,03911	-34,73438
21000	-17,03912	-35,38975	-17,03913	-34,07902
21020	-17,03914	-36,04511	-17,03916	-35,38974
21040	-17,69454	-36,70046	-24,24828	-34,07898
21060	-30,14659	-34,07897	-30,80198	-32,11289
21080	-30,14659	-34,73434	-29,49126	-36,04505
21100	-28,8359	-38,66651	-28,83591	-38,6665
21120	-28,83592	-39,97723	-28,83594	-39,32187
21140	-28,83594	-40,6326	-28,1806	-40,63259
21160	-28,18059	-42,59868	-28,18061	-41,94331
21180	-28,18061	-43,9094	-27,52527	-42,59867
21200	-27,52527	-43,9094	-28,18064	-43,25403
21220	-27,52527	-44,56476	-26,86992	-43,90939
21240	-27,52529	-45,22013	-28,18066	-45,22012
21260	-28,18066	-45,87549	-27,52531	-44,56477
21280	-27,52531	-46,53085	-26,86995	-45,22012
21300	-27,52531	-47,18621	-27,52532	-46,53085
21320	-26,86995	-48,49693	-27,52533	-47,18621
21340	-27,52532	-49,1523	-26,86997	-49,15229
21360	-26,86995	-49,80766	-26,86996	-48,49693
21380	-26,86995	-49,80765	-26,86996	-48,49693
21400	-26,86995	-50,46302	-26,86995	-49,80764
21420	-26,86993	-51,11837	-26,21458	-50,46203
21440	-26,86992	-51,11837	-26,86992	-50,46301
21460	-26,21459	-51,11836	-26,21465	-49,80765
21480	-26,21465	-50,46301	-24,90392	-49,80764
21500	-25,55926	-51,11837	-25,55926	-51,11837
21520	-26,2146	-52,4291	-26,21461	-51,77373
21540	-25,55923	-53,08446	-25,55924	-53,08446
21560	-25,55923	-54,39519	-26,21459	-53,73982
21580	-25,55922	-55,05054	-25,55923	-53,73982
21600	-25,55921	-54,39519	-25,55922	-53,73983
21620	-25,55921	-55,70591	-26,21458	-55,05054
21640	-25,5592	-56,36127	-24,90385	-55,05054
21660	-25,5592	-57,01663	-25,5592	-55,05054
21680	-25,55919	-57,01663	-25,55922	-55,70591
21700	-24,90386	-56,36128	-23,59317	-55,70592
21720	-24,24854	-57,01665	-23,5932	-55,70592
21740	-22,93784	-57,01665	-22,2825	-55,70593
21760	-19,66096	-55,70593	-4,58748	-52,42913
21780	-1,96596	-53,73986	-3,93207	-52,42912
21800	-6,55352	-54,39521	-6,55353	-53,73985
21820	-6,55352	-54,39523	-7,20891	-54,39523
21840	-7,20891	-56,36132	-7,86428	-55,05059
21860	-7,86427	-56,36133	-7,86428	-55,0506
21880	-7,86427	-56,36133	-7,20893	-55,70597
21900	-7,86428	-56,36133	-7,86429	-55,05061
21920	-7,86428	-56,36134	-7,86429	-55,05061
21940	-7,86428	-55,70598	-7,86429	-53,73989
21960	-8,51965	-55,05062	-7,8643	-53,73989
21980	-7,8643	-54,39526	-7,20895	-53,08453
22000	-7,20895	-53,73989	-7,20896	-53,08453
22020	-7,86431	-53,08454	-7,86432	-52,42917
22040	-7,86431	-53,08454	-7,20897	-52,42917
22060	-7,20896	-53,7399	-7,20898	-53,08453
22080	-7,86433	-53,7399	-7,20898	-53,08454
22100	-7,20897	-55,05062	-6,55362	-54,39526
22120	-7,20897	-55,70598	-7,20898	-55,05062
22140	-7,20897	-57,0167	-6,55362	-56,36134
22160	-6,55361	-57,67206	-7,20897	-57,0167
22180	-6,5536	-57,67206	-6,55361	-57,01669
22200	-3,93213	-57,67208	4,58767	-55,70598
22220	8,51991	-57,01671	7,20919	-56,36134
22240	5,89848	-58,32743	5,89847	-57,67206
22260	5,89848	-58,98279	5,89847	-58,32742
22280	5,89848	-60,29244	4,58775	-58,98278
22300	5,24313	-60,29352	5,24312	-58,98278
22320	5,24313	-60,94887	4,58776	-58,98279
22340	3,93241	-60,29352	3,93241	-59,63814
22360	4,58778	-60,29351	4,58777	-59,63814
22380	4,58779	-60,94887	3,93243	-59,63814
22400	3,27708	-60,29351	9,17538	-58,32742
22420	20,31673	-57,01671	26,87047	-56,36134
22440	24,90442	-57,67205	22,28296	-58,3274
22460	21,62761	-60,29349	20,97224	-59,63813
22480	20,97223	-60,94886	20,97222	-59,63814
22500	20,31685	-60,29351	19,66147	-58,98278
22520	19,66147	-60,29352	19,66146	-58,98279
22540	19,00609	-59,63816	18,35072	-58,32744
22560	18,35073	-59,63816	19,00608	-58,32744
22580	17,69537	-59,63817	17,69534	-58,32744
22600	17,69535	-58,98281	17,69534	-57,67208
22620	17,69535	-58,32745	17,69534	-57,67208
22640	17,69535	-58,98281	17,69533	-57,67208
22660	17,69535	-58,32745	17,03998	-57,01672
22680	16,38462	-57,6721	17,03997	-56,36137
22700	17,03998	-57,6721	17,03997	-56,36137
22720	16,38461	-56,36138	16,38461	-55,70601
22740	16,38462	-56,36137	16,38716	-55,05065
22760	16,38461	-56,36137	15,72924	-55,70601
22780	18,35072	-55,70602	22,93834	-53,73994
22800	22,94091	-55,70602	22,28299	-54,39529
22820	21,62763	-55,05066	21,62762	-54,39529
22840	22,28299	-55,70602	21,62763	-54,39529
22860	21,62764	-55,70602	20,97227	-54,39529
22880	20,31693	-55,05065	20,31691	-53,73992
22900	20,31693	-54,3953	20,31692	-53,73993
22920	20,31694	-54,39529	20,31693	-53,08456
22940	20,31694	-53,73993	19,66157	-53,08456
22960	19,66159	-53,73993	19,66159	-53,08456
22980	19,66159	-53,73993	19,00622	-52,4292
23000	19,00624	-53,73992	17,69547	-53,08455
23020	17,04011	-53,08456	17,04011	-51,77382
23040	16,38477	-53,08455	16,38477	-51,77382
23060	16,38478	-53,08454	17,6955	-51,77382
23080	16,38479	-53,08454	16,38479	-51,11846
23100	15,72944	-52,42918	16,3848	-51,11846
23120	16,38481	-52,42918	16,3848	-51,11846
23140	15,72945	-51,77382	16,38482	-50,46309
23160	15,72947	-51,11846	15,72946	-50,46309
23180	15,72949	-51,77381	15,72948	-49,80773
23200	15,07414	-50,4631	15,72949	-49,80773
23220	15,72951	-51,11846	15,7295	-49,80773
23240	15,72952	-50,4631	15,72951	-49,15238
23260	15,72951	-49,80774	15,72949	-48,49702
23280	16,38485	-49,15239	16,38484	-47,84167
23300	16,38485	-48,49704	15,72947	-46,53095
23320	16,38485	-47,18632	16,38483	-45,87559
23340	16,38484	-47,18632	15,72948	-45,87559
23360	16,38484	-46,53096	16,38483	-45,87559
23380	16,38484	-47,18632	16,38482	-45,22022
23400	16,38483	-45,87559	17,0402	-44,56487
23420	16,38485	-45,87559	16,38484	-44,56486
23440	16,38485	-46,53095	16,38483	-45,87559
23460	16,38484	-47,18632	16,38482	-45,22023
23480	16,38483	-46,53096	16,38482	-45,87559
23500	16,38483	-47,18632	16,38482	-45,87559
23520	15,72947	-46,53095	15,72947	-45,87559
23540	16,38483	-47,18632	16,38482	-45,87559
23560	15,72947	-47,84168	16,38482	-45,87559
23580	23,59387	-44,56488	36,0459	-40,63271
23600	43,25501	-40,63271	43,25502	-40,63269
23620	41,28893	-42,59878	40,63356	-41,94341
23640	39,32284	-43,9095	39,9782	-43,25414
23660	39,9782	-44,56486	38,66748	-43,9095
23680	38,01212	-45,22022	38,01212	-43,9095
23700	38,01213	-44,56487	38,01213	-43,25414
23720	37,35678	-45,22023	37,35677	-43,9095
23740	37,35678	-44,56488	37,35678	-43,90951
23760	36,70143	-45,22023	36,04604	-44,56485
23780	27,52621	-45,22018	17,69562	-44,56479
23800	13,76341	-45,87552	14,41877	-43,90943
23820	14,4188	-45,87551	14,4188	-45,22015
23840	15,07417	-47,18624	15,07417	-46,53089
23860	14,41882	-47,18626	15,07417	-46,5309
23880	15,0742	-48,49699	15,72955	-47,18626
23900	15,72956	-48,49699	15,0742	-47,18627
23920	15,07421	-48,497	15,72956	-47,84163
23940	15,72959	-49,15236	16,38494	-48,497
23960	16,38496	-49,80773	16,38495	-48,497
23980	17,04033	-49,80774	17,69568	-49,15237
24000	17,69569	-49,80774	17,69567	-49,15238
24020	19,0064	-49,80775	19,00638	-48,49703
24040	19,66174	-49,80776	19,66172	-48,49704
24060	20,31709	-49,80777	20,31707	-48,49704
24080	17,69557	-49,15238	15,07406	-47,18629
24100	15,72943	-47,84166	17,04016	-46,53093
24120	17,04017	-47,84167	17,69553	-47,1863
24140	17,69554	-49,15239	17,69553	-47,84167
24160	17,69554	-49,1524	17,69552	-47,18631
24180	17,69554	-49,1524	17,69552	-47,84167
24200	17,69554	-49,1524	17,69552	-48,49704
24220	17,69553	-49,15132	17,04015	-47,84168
24240	17,69552	-49,15241	17,69551	-47,18632
24260	17,69553	-48,49705	17,69551	-47,84168
24280	17,69552	-49,15241	17,69551	-47,84169
24300	17,69551	-49,15241	17,6955	-47,84169
24320	17,69552	-48,49705	17,6955	-47,84169
24340	17,69552	-48,49706	18,35086	-47,18633
24360	17,69552	-47,8417	17,69551	-46,53097
24380	17,69551	-47,8417	17,69551	-46,53097
24400	18,35089	-47,8417	17,69552	-46,53097
24420	17,69553	-47,8417	18,35089	-46,53097
24440	18,35089	-47,18634	18,35089	-46,53097
24460	17,69554	-47,18634	16,38477	-46,53096
24480	14,41865	-47,84168	15,07401	-46,53096
24500	15,07403	-47,18632	15,07403	-45,8756
24520	14,41869	-47,84169	15,07658	-46,53096
24540	15,07405	-47,18633	15,07404	-46,53096
24560	15,07406	-47,84168	15,07405	-47,18632
24580	14,4187	-47,84169	15,07405	-46,53096
24600	15,07407	-48,49705	15,07405	-47,18632
24620	15,07407	-48,49705	14,4187	-47,18633
24640	14,41871	-49,15242	14,4187	-47,84169
24660	15,07408	-49,15241	15,07407	-48,49705
24680	15,07408	-49,80777	15,07407	-48,49705
24700	14,41872	-49,80777	14,41871	-48,49705
24720	17,69556	-49,15242	20,97243	-47,18633
24740	20,97244	-49,15242	19,66171	-48,49705
24760	20,31708	-49,80778	19,66171	-48,49705
24780	19,00636	-50,46314	19,66171	-49,15241
24800	19,66172	-51,1185	19,6617	-49,80778
24820	19,00633	-50,46315	19,66166	-49,80778
24840	19,66165	-50,46316	19,66163	-49,15243
24860	19,66163	-50,46316	19,66161	-49,15244
24880	19,00626	-49,8078	19,6616	-48,49707
24900	19,00625	-49,80781	19,00623	-48,49708
24920	19,00624	-49,80781	25,55991	-46,53101
24940	28,83678	-47,18637	28,83678	-46,531
24960	27,52607	-47,84173	26,87069	-46,531
24980	26,21534	-47,84173	26,87069	-46,53101
25000	25,55998	-47,84174	25,55995	-47,18638
25020	26,87067	-49,80783	26,87064	-48,49711
25040	26,21529	-50,4632	26,21528	-49,15247
25060	26,21528	-50,4632	26,87062	-51,11856
25080	28,83667	-54,39538	34,73474	-60,29363
25100	47,18642	-77,98837	60,29337	-98,3045
25120	75,36656	-111,41156	91,09511	-107,47919
25140	109,44518	-104,2022	119,2756	-98,30383
25160	120,58633	-96,33765	116,65407	-96,99293
25180	114,03256	-99,61438	114,03262	-100,26982
25200	112,0667	-100,92535	104,20254	-94,3719
25220	95,02771	-88,47381	89,12963	-79,95423
25240	81,26542	-75,36679	75,36729	-67,50251
25260	68,81378	-62,25966	60,94953	-53,73883
25280	55,70673	-51,11854	53,74069	-47,18636
25300	51,11932	-45,87564	49,15326	-42,59882
25320	48,49793	-43,25419	47,84257	-41,28811
25340	47,18724	-40,63275	47,18724	-39,32202
25360	46,53191	-39,97739	45,87654	-38,66666
25380	45,2212	-38,66666	45,87656	-37,35594
25400	45,2212	-38,66666	43,91046	-36,70056
25420	42,59975	-35,38984	41,9444	-34,07911
25440	40,6337	-34,73448	40,6337	-34,07911
25460	41,28907	-35,38984	40,63371	-34,07911
25480	40,63372	-36,0452	40,63371	-34,73448
25500	40,63372	-36,0452	39,97836	-35,38983
25520	39,97838	-36,70056	39,97837	-36,70056
25540	39,32301	-38,01128	39,97838	-37,35592
25560	39,97839	-39,322	39,97838	-38,66664
25580	39,97839	-39,97737	40,63374	-39,97737
25600	39,97839	-41,28809	41,2891	-39,97737
25620	41,28909	-41,94346	41,94443	-41,2881
25640	41,28907	-42,59883	41,9444	-41,28811
25660	42,59976	-42,59884	42,59974	-41,28811
25680	42,59975	-43,2542	43,2551	-41,28811
25700	42,59974	-42,59884	43,25508	-41,28811
25720	43,25509	-42,59885	42,59971	-41,94348
25740	42,59972	-43,2542	43,25507	-41,94348
25760	43,25507	-43,2542	42,5997	-41,94348
25780	41,94434	-43,2542	41,94433	-41,94348
25800	42,59969	-42,59885	42,59968	-41,94235
25820	41,94433	-42,59885	41,94431	-41,28812
25840	41,94431	-43,25421	41,28891	-42,59883
25860	41,28891	-42,59884	41,2889	-41,94347
25880	41,28891	-43,2542	41,2889	-42,59883
25900	41,2889	-43,90957	41,28888	-43,2542
25920	41,94425	-44,56492	41,94423	-43,2542
25940	41,28887	-44,56493	41,28886	-43,2542
25960	41,28887	-44,56494	41,94421	-43,2542
25980	41,94422	-44,56493	41,94421	-43,2542
26000	41,28887	-43,90957	41,28884	-42,59884
26020	41,94422	-43,90957	51,77471	-39,32202
26040	64,22674	-37,35593	67,50361	-36,04519
26060	65,53755	-37,3559	63,57145	-37,35589
26080	62,91611	-38,66663	62,26074	-38,01127
26100	62,26075	-39,97736	61,60539	-38,66663
26120	60,95004	-39,97736	60,29466	-39,32199
26140	60,29467	-40,63272	59,6393	-39,97735
26160	59,63931	-41,94344	60,29466	-40,63272
26180	59,63931	-42,59881	59,6393	-41,94344
26200	60,29467	-43,25417	59,63929	-42,5988
26220	59,6393	-43,25417	58,98393	-42,5988
26240	59,6393	-43,90953	59,63929	-43,25416
26260	59,6393	-44,56489	59,63929	-43,90952
26280	59,6393	-44,56488	58,98393	-43,90952
26300	59,6393	-45,22025	58,98393	-44,56488
26320	58,98394	-45,87561	58,98393	-44,56488
26340	59,6393	-46,53097	59,63929	-45,8756
26360	59,63929	-47,18633	59,63928	-45,8756
26380	58,98393	-47,18633	59,63926	-46,53097
26400	60,29462	-47,18634	68,15898	-44,56488
26420	77,98951	-43,25416	80,61098	-42,5988
26440	80,61097	-43,90952	79,30022	-43,90951
26460	78,64487	-44,56489	77,98949	-44,56488
26480	77,33413	-45,87561	77,33412	-44,56488
26500	77,33413	-45,87561	76,67875	-44,56488
26520	76,0234	-45,87561	76,02338	-45,22024
26540	76,02339	-46,53097	76,67872	-45,22025
26560	76,02338	-46,53098	76,02336	-45,22024
26580	75,36801	-46,53097	75,36799	-45,22025
26600	75,368	-47,18634	75,36798	-45,87561
26620	75,36799	-47,18634	75,36798	-45,87561
26640	75,36799	-47,18633	75,36798	-45,87561
26660	74,71262	-46,53098	74,71261	-46,53097
26680	75,36798	-47,18634	75,36797	-46,53097
26700	74,71261	-47,18634	74,7126	-45,87561
26720	74,71261	-47,18634	74,7126	-45,87561
26740	74,71261	-47,18634	74,05723	-46,53098
26760	74,71259	-47,84171	74,71258	-47,18634
26780	74,05722	-49,15244	74,71257	-48,49707
26800	75,36793	-50,46317	76,67861	-50,46316
26820	84,54276	-60,29358	86,50855	-77,33291
26840	83,23128	-96,99362	80,60953	-104,85768
26860	93,06111	-106,16818	102,23617	-104,20193
26880	104,85765	-106,82336	102,89163	-102,89126
26900	98,9597	-97,64854	91,75101	-86,50755
26920	84,54225	-79,95412	79,29946	-72,08986
26940	74,71207	-62,91489	67,50318	-54,39522
26960	62,2604	-49,15236	57,01758	-43,2541
26980	55,05158	-39,32193	53,08555	-34,7344
27000	51,77486	-35,38976	51,11951	-34,07903
27020	50,46417	-34,7344	49,80881	-34,07904
27040	49,80883	-36,70049	49,80882	-36,70049
27060	49,80881	-39,32194	49,8088	-38,66658
27080	49,8088	-41,28802	50,46414	-41,28802
27100	50,46414	-43,25411	51,11948	-43,25411
27120	51,11949	-44,56484	51,11948	-43,25411
27140	51,77484	-45,2202	51,77482	-43,90948
27160	51,77482	-45,22021	52,43015	-43,90949
27180	52,43015	-45,22022	52,43014	-43,25414
27200	52,43014	-44,56486	52,43012	-43,25414
27220	52,43013	-44,56487	52,43011	-43,25414
27240	53,08548	-44,56487	53,08547	-43,25414
27260	53,08548	-44,56487	53,08547	-43,25414
27280	52,43012	-44,56488	52,4301	-43,90951
27300	52,43011	-45,22023	52,4301	-43,90951
27320	52,43011	-45,22024	53,08546	-43,90951
27340	52,43011	-45,22024	53,08546	-44,56488
27360	53,08546	-45,87561	52,43008	-45,22025
27380	52,43009	-45,87561	53,08544	-45,87561
27400	53,7408	-47,18634	54,39614	-46,53098
27420	51,77466	-50,46313	42,59938	-54,39527
27440	29,49194	-58,32743	20,97207	-60,94888
27460	20,3167	-60,94891	22,93816	-60,29352
27480	22,93818	-62,25962	22,28281	-61,60426
27500	22,93817	-62,915	22,2828	-62,25964
27520	22,28281	-62,91501	22,28281	-61,60428
27540	21,62745	-62,25965	21,62744	-62,25964
27560	21,62744	-63,57038	22,93812	-63,57037
27580	19,66117	-66,19176	15,07339	-68,81315
27600	11,14112	-71,4346	11,14114	-67,50244
27620	10,48584	-66,84709	9,8305	-64,88101
27640	8,51981	-64,22566	8,51981	-62,91494
27660	6,55374	-63,57031	6,55375	-61,60422
27680	5,8984	-60,94887	5,24304	-60,29351
27700	4,5877	-60,94887	4,58769	-58,98279
27720	2,62154	-59,63812	-4,58758	-55,70593
27740	-10,48586	-54,39521	-11,79659	-51,77376
27760	-11,1412	-53,73985	-11,14121	-54,39521
27780	-11,14121	-55,70594	-10,48586	-55,70594
27800	-10,48586	-57,01667	-11,14124	-57,01667
27820	-11,14123	-58,98276	-11,14125	-57,67203
27840	-11,79661	-58,98276	-12,45198	-58,3274
27860	-12,45199	-60,29349	-13,76272	-59,63812
27880	-12,45198	-60,29349	-6,55368	-56,36132
27900	-3,93216	-57,01668	-5,24288	-56,36131
27920	-6,5536	-57,67204	-7,20898	-57,67203
27940	-7,20898	-58,98276	-7,20902	-58,32739
27960	-6,55367	-59,63812	-7,20905	-58,3274
27980	-7,20906	-59,63813	-7,20908	-58,98277
28000	-7,20908	-60,29349	-7,20909	-58,98277
28020	-7,20909	-60,2935	-7,20911	-58,98277
28040	-7,2091	-60,2935	-6,55375	-58,98278
28060	-7,20911	-59,63814	-7,20912	-58,98278
28080	-7,20911	-60,2935	-7,20913	-59,63813
28100	-7,20912	-60,94886	-9,83062	-59,63812
28120	-16,38429	-59,63813	-17,69503	-57,67204
28140	-17,69501	-58,3274	-17,03966	-57,67205
28160	-17,69503	-58,98278	-17,03969	-58,32741
28180	-17,03968	-58,98278	-17,0397	-58,3274
28200	-16,38434	-59,63814	-17,03971	-58,98277
28220	-17,69508	-60,94885	-17,6951	-59,63813
28240	-17,03974	-61,60421	-17,03977	-60,94885
28260	-17,03977	-62,25957	-15,72908	-60,29348
28280	-15,72908	-61,6042	-15,72911	-60,29347
28300	-15,72911	-60,94884	-15,07377	-60,29346
28320	-15,72913	-60,94883	-15,72914	-59,6381
28340	-15,72914	-60,29346	-15,72916	-58,98274
28360	-16,38451	-60,29347	-16,38452	-58,98274
28380	-14,41837	-60,94884	-13,1075	-57,67203
28400	-6,55374	-57,01668	-5,89834	-57,01563
28420	-8,51978	-58,98276	-8,51979	-58,98276
28440	-8,51978	-60,94885	-8,51978	-60,29349
28460	-9,17513	-61,60422	-9,17513	-60,94885
28480	-9,83048	-62,25958	-9,83049	-61,60421
28500	-10,48584	-62,25958	-9,83048	-61,60421
28520	-10,48583	-62,91494	-10,48584	-61,60421
28540	-10,48582	-62,91494	-10,48583	-62,25958
28560	-10,48582	-64,22566	-10,48582	-62,91493
28580	-13,76264	-64,22565	-19,00307	-62,25955
28600	-20,97175	-62,25954	-20,97176	-60,94882
28620	-20,31636	-62,25955	-19,66101	-61,60418
28640	-19,661	-62,91491	-19,66101	-62,25955
28660	-19,66099	-64,22563	-19,661	-62,9149
28680	-19,66099	-64,22563	-19,661	-63,57026
28700	-19,00563	-64,88098	-19,00563	-63,57026
28720	-19,66098	-64,88099	-19,00563	-64,22562
28740	-19,00562	-66,19171	-18,35028	-64,88098
28760	-18,35028	-65,53634	-18,35031	-64,22563
28780	-18,35031	-64,881	-17,69498	-64,22563
28800	-17,69498	-64,881	-17,03963	-64,22564
28820	-17,69498	-64,22565	-17,69499	-63,57027
28840	-17,69498	-64,22565	-17,03963	-62,91492
28860	-17,69499	-64,22564	-17,695	-62,91492
28880	-18,35034	-64,88101	-17,03964	-62,91492
28900	-17,03963	-64,88101	-17,695	-63,57028
28920	-16,38435	-61,60417	-17,03985	-56,36126
28940	-20,97207	-55,70589	-20,31671	-53,73981
28960	-19,66132	-55,05055	-20,31669	-54,39518
28980	-19,66132	-56,36128	-19,66133	-55,05054
29000	-19,66133	-56,36127	-19,00598	-55,05055
29020	-19,66133	-56,36128	-19,66134	-55,70591
29040	-19,66133	-56,36128	-19,66134	-55,70591
29060	-19,66133	-57,01664	-19,66134	-55,70592
29080	-20,31669	-57,01665	-19,66135	-55,70592
29100	-20,3167	-57,01665	-20,3167	-55,70593
29120	-19,66133	-57,01666	-19,66135	-55,70592
29140	-20,31669	-57,01665	-19,66134	-55,70593
29160	-20,3167	-57,01665	-17,69522	-58,32738
29180	-16,38428	-60,29349	-5,24298	-58,98279
29200	-1,96608	-59,63815	-6,55363	-59,63815
29220	-7,86435	-61,60424	-8,51972	-60,94887
29240	-9,17507	-62,2596	-9,83044	-60,94888
29260	-9,83043	-62,91497	-10,4858	-61,60424
29280	-11,14116	-62,91497	-11,14117	-61,60424
29300	-11,79652	-62,91497	-11,79652	-61,60424
29320	-12,45188	-62,91497	-12,45189	-61,60424
29340	-12,45188	-62,91497	-12,45189	-62,25961
29360	-12,45188	-62,91497	-12,4519	-62,91497
29380	-12,45187	-63,57033	-13,76263	-62,25959
29400	-20,9717	-60,94883	-22,28252	-57,67201
29420	-21,6272	-57,01664	-21,62718	-55,05056
29440	-20,97181	-57,01665	-20,97182	-56,36128
29460	-20,97181	-58,32738	-20,31646	-57,67201
29480	-20,31645	-59,6381	-20,31646	-58,32738
29500	-20,31645	-59,63811	-20,31648	-57,67202
29520	-19,66113	-59,63811	-19,66115	-57,67203
29540	-19,66115	-59,63812	-19,00582	-57,67203
29560	-19,00582	-59,63812	-18,35047	-57,67204
29580	-19,00583	-58,98276	-18,35048	-57,67204
29600	-18,35047	-58,98277	-18,35049	-58,3274
29620	-18,35048	-59,63813	-18,3505	-58,32741
29640	-18,35049	-59,63813	-18,3505	-58,98276
29660	-18,3505	-60,29349	-18,35051	-58,98276
29680	-17,69515	-59,63813	-17,69515	-58,32741
29700	-18,35051	-59,63813	-18,35052	-57,67205
29720	-18,35052	-58,98277	-17,69516	-58,32741
29740	-17,69515	-58,98278	-18,35053	-57,67205
29760	-18,35051	-58,98278	-17,69517	-57,67205
29780	-17,69517	-59,63814	-17,69518	-58,32741
29800	-17,69517	-58,98278	-17,03982	-58,32741
29820	-17,69517	-59,63814	-17,03984	-58,32741
29840	-17,69519	-59,63814	-17,6952	-58,98278
29860	-17,03982	-59,63814	-17,03984	-58,32742
29880	-17,03983	-59,63814	-16,38448	-58,98278
29900	-16,38447	-59,63814	-17,03984	-58,32742
29920	-17,03983	-60,29351	-17,03984	-58,98277
29940	-17,03983	-59,63815	-17,03983	-58,98278
29960	-17,03975	-60,94888	-9,83064	-57,01671
29980	-1,31079	-57,67208	-1,96614	-57,01672
30000	-5,24294	-58,32744	-5,24295	-57,67208
30020	-6,55366	-58,98281	-6,55367	-58,32745
30040	-6,55366	-60,29354	-6,55367	-58,98281
30060	-7,20901	-59,63818	-7,86438	-58,98281
30080	-7,86437	-60,29354	-8,51974	-58,98281
30100	-8,51973	-60,29354	-7,86437	-58,98281
30120	-8,51972	-60,29354	-8,51973	-59,63817
30140	-9,17507	-60,9489	-8,51972	-59,63817
30160	-8,51971	-60,9489	-8,51972	-60,29353
30180	-8,5197	-61,60426	-8,51971	-60,29353
30200	-8,5197	-61,60426	-8,51971	-61,60426
30220	-8,5197	-62,91498	-5,89825	-60,29353
30240	-1,31063	-58,32744	0,65549	-57,01672
30260	-0,65523	-58,32744	-0,65525	-58,32744
30280	0,00010999999999939	-59,63818	7,9999999996971E-5	-58,98282
30300	7,0000000000903E-5	-60,29355	5,9999999997729E-5	-59,63818
30320	5,000000000166E-5	-60,29355	-0,65532	-59,63818
30340	-0,65531	-60,29355	3,0000000002417E-5	-59,63819
30360	4,0000000005591E-5	-60,29356	1,9999999999243E-5	-58,98283
30380	-0,65533	-60,29356	1,9999999999243E-5	-59,6382
30400	3,0000000002417E-5	-60,94892	0,65538	-60,29355
30420	3,0000000002417E-5	-61,60428	0,65538	-60,29356
30440	1,9999999999243E-5	-61,60429	0,65537	-60,29356
30460	0,65537	-61,60428	0,65536	-60,29356
30480	0,65536	-61,60429	1,31071	-59,63821
30500	0,65536	-61,60429	0,65535	-60,29356
30520	0,65536	-60,94893	0,65534	-60,29357
30540	1,31071	-61,60429	0,65534	-59,63821
30560	0,65535000000001	-60,94894	0,65534	-60,29357
30580	1,3107	-61,6043	1,31069	-59,63821
30600	2,62143	-60,94894	7,86441	-57,67214
30620	10,48592	-58,98287	10,48591	-58,3275
30640	9,83056	-59,63822	9,83055	-58,98285
30660	9,17519	-60,29358	9,17519	-59,63821
30680	9,17519	-60,94894	9,17518	-60,29357
30700	9,1752	-61,60431	9,17519	-60,29358
30720	8,51984	-62,25966	9,17519	-60,94893
30740	9,83057	-62,91502	9,83056	-61,60429
30760	9,17521	-63,57039	9,83055	-62,25965
30780	9,83057	-63,57038	9,83056	-62,91501
30800	9,17521	-63,57038	9,83057	-62,91501
30820	9,83058	-64,8811	9,83057	-64,22573
30840	9,83058	-65,53646	9,83058	-64,22573
30860	9,83058	-65,53646	9,83058	-65,53645
30880	10,48595	-66,84718	9,83058	-65,53645
30900	9,17524	-66,19181	9,17524	-65,53645
30920	9,17525	-67,50254	9,17524	-66,1918
30940	9,17525	-66,84717	9,17525	-66,19181
30960	9,17526	-67,50253	9,17525	-66,84717
30980	9,17527	-67,50253	9,17526	-66,84716
31000	9,17527	-68,15789	8,5199	-67,50252
31020	9,17528	-68,15789	9,17527	-67,50252
31040	9,17528	-68,81325	9,83062	-67,50252
31060	9,17526	-68,81325	9,8306	-67,50253
31080	9,83059	-68,1579	10,48592	-67,50254
31100	10,48593	-68,1579	10,48591	-66,84718
31120	10,48591	-67,50255	10,48589	-66,19182
31140	10,4859	-67,50255	11,14125	-66,19182
31160	10,4859	-66,84718	12,45197	-64,88111
31180	22,28255	-64,88114	31,45775	-62,91505
31200	34,07928	-63,57042	31,45783	-62,25968
31220	29,49175	-62,91505	28,83638	-60,94896
31240	28,18103	-61,60433	27,52567	-58,98289
31260	26,21497	-58,98289	24,24889	-55,05072
31280	22,28284	-53,73999	20,97214	-49,15246
31300	19,66146	-47,18638	17,6954	-42,59885
31320	15,074	-39,32204	13,76329	-34,7345
31340	11,79724	-32,76841	5,2435	-26,21475
31360	-3,27628	-22,28256	-4,587	-15,72893
31380	-7,86374	-13,10749	-9,82979	-9,17531
31400	-13,10657	-6,55292	-15,07263	-3,27705
31420	-17,03869	-1,96633	-19,66012	1,96586
31440	-22,28152	2,62122	-24,2476	6,55341
31460	-26,86902	7,20877	-27,52437	10,48559
31480	-29,49043	10,48559	-30,80114	14,41777
31500	-32,76719	15,72851	-34,73326	17,69461
31520	-36,04395	18,34997	-36,04395	20,97143
31540	-37,35463	21,6268	-38,66534	23,59291
31560	-39,32068	24,24828	-39,97602	28,83584
31580	-39,97598	29,49121	-39,97595	33,42342
31600	-39,97591	34,0788	-39,97588	38,01099
31620	-39,97584	39,9771	-39,97581	43,25395
31640	-39,97577	43,25396	-39,97578	45,22009
31660	-39,9758	43,90937	-39,9758	45,22011
31680	-39,97574	46,53085	-39,97572	48,49697
31700	-39,97568	47,84163	-39,97566	49,80774
31720	-39,97562	50,46312	-39,97561	52,42923
31740	-39,97557	51,11853	-39,97556	52,42927
31760	-39,97554	51,11855	-39,97552	52,4293
31780	-39,97549	51,11858	-39,97549	51,77396
31800	-39,97546	50,46324	-39,97544	51,11861
31820	-39,97524	49,80787	-35,3875	51,77396
31840	-34,0767	50,46326	-37,35352	51,11863
31860	-38,66425	48,49718	-38,66427	47,84181
31880	-38,66428	45,22034	-38,00895	44,56497
31900	-37,3536	42,59888	-36,69827	41,9435
31920	-36,04292	38,66668	-35,38759	38,0113
31940	-34,73223	34,73448	-33,42154	34,0791
31960	-32,76619	31,45763	-32,11086	30,80226
31980	-31,45551	28,18079	-30,80018	28,18079
32000	-30,14481	26,21468	-29,48948	25,55931
32020	-29,48949	24,24857	-28,83416	23,59321
32040	-28,1788	20,97175	-26,86809	20,31638
32060	-26,8681	17,03956	-26,21276	17,03955
32080	-24,90203	14,41809	-24,24669	13,76273
32100	-19,00377	13,10736	-17,03768	13,10737
32120	-17,69303	9,83056	-18,34841	9,83056
32140	-17,03769	7,2091	-16,38235	6,55374
32160	-15,72698	4,58764	-15,07164	3,93227
32180	-14,41628	1,96618	-13,10558	1,31082
32200	-13,10557	-0,65528	-11,79487	8,0000000004077E-5
32220	-11,13951	-1,96601	-11,13952	-1,96601
32240	-10,48415	-3,9321	-9,17344	-4,58747
32260	-8,51808	-6,55356	-8,5181	-5,89819
32280	-9,17345	-7,86429	-7,86274	-7,20892
32300	-7,86273	51,1181	-7,20739	-7,8643
32320	-6,55202	-9,83039	-6,55203	-9,17502
32340	-7,86274	-11,14112	-5,89668	-9,8304
32360	-5,89667	-11,79649	-5,89668	-11,14112
32380	-6,55204	-13,10722	-1,30914	-12,45186
32400	15,07506	-11,7965	32,11464	-12,45188
32420	36,70227	-15,72868	32,77006	-16,38403
32440	30,14861	-17,69477	30,80396	-19,0055
32460	31,45931	-21,62696	32,11465	-22,93768
32480	32,11464	-24,90379	32,11462	-25,55916
32500	32,76997	-28,18061	33,42531	-28,18062
32520	33,42531	-30,14672	33,42529	-29,49135
32540	34,08066	-31,45745	33,42528	-30,80209
32560	34,08065	-32,76817	34,08063	-31,45745
32580	34,736	-33,42354	34,08063	-32,11281
32600	34,08064	-33,42355	34,73598	-32,76819
32620	34,73599	-34,07892	33,42523	-32,76819
32640	30,80376	-32,76818	30,14836	-31,45746
32660	30,80373	-32,11283	31,45907	-31,45747
32680	32,11441	-32,76821	33,42511	-31,45749
32700	32,76975	-32,76823	33,42509	-32,11286
32720	34,08045	-33,4236	34,7358	-32,11287
32740	34,7358	-34,07897	34,73579	-32,76823
32760	34,7358	-33,42361	35,39114	-32,76825
32780	34,73578	-34,07897	34,73577	-33,42361
32800	34,73577	-34,73434	34,73577	-34,07897
32820	34,73576	-35,3897	35,39111	-34,07898
32840	35,39111	-35,38971	35,39109	-34,73435
32860	34,73574	-35,38971	35,39109	-34,73435
32880	35,3911	-36,04508	35,39108	-35,3897
32900	29,49276	-36,70041	17,04068	-36,045
32920	3,27787	-39,3218	-1,96514	-37,35571
32940	0,00097000000000236	-38,66645	1,3117	-38,66644
32960	1,3117	-40,63254	1,96704	-40,63254
32980	1,96705	-41,94328	2,6224	-41,28791
33000	2,6224	-41,94329	2,62239	-41,94329
33020	2,6224	-42,59866	2,62239	-41,94329
33040	2,62239	-42,59866	3,27775	-41,28794
33060	3,27776	-42,59867	3,27777	-40,63259
33080	3,27778	-41,94331	4,58852	-40,63259
33100	5,24391	-41,94333	9,17608	-39,32187
33120	17,69591	-37,35579	24,2496	-37,35578
33140	25,56037	-39,97723	26,21572	-38,6665
33160	26,87111	-39,32187	28,18183	-38,66651
33180	28,83723	-39,32188	30,14795	-38,01116
33200	30,80334	-38,66653	31,45871	-37,35581
33220	32,76945	-39,3219	34,08016	-37,35581
33240	34,08018	-38,66654	35,39089	-37,35582
33260	34,73554	-38,66656	35,39089	-38,01119
33280	35,39091	-38,66656	36,04625	-38,0112
33300	36,70162	-39,32193	36,04624	-38,66657
33320	36,04625	-39,9773	41,94454	-38,01121
33340	50,46435	-38,66657	54,39655	-38,66656
33360	53,08584	-40,63265	51,77508	-39,97728
33380	51,77508	-41,94338	51,77504	-41,28801
33400	52,43039	-42,59875	52,43036	-41,94339
33420	52,43035	-43,25412	52,43033	-42,59876
33440	51,77497	-43,25412	51,11958	-42,59876
33460	51,11959	-44,56485	51,11956	-43,90948
33480	50,4642	-45,22021	51,11954	-44,56485
33500	50,46418	-46,53093	51,11952	-45,87556
33520	50,46416	-47,1863	50,46414	-47,18629
33540	50,46414	-48,49702	50,46413	-47,1863
33560	50,46412	-49,1524	50,46411	-48,49703
33580	51,11947	-49,80776	55,70703	-47,84167
33600	57,01778	-49,1524	56,3624	-47,84167
33620	56,3624	-49,80776	56,36239	-49,1524
33640	56,36239	-50,46312	56,36238	-49,80776
33660	56,36239	-50,46313	57,01773	-49,80777
33680	57,01774	-51,1185	56,36237	-49,80777
33700	56,36238	-50,46314	55,707	-49,15241
33720	55,70701	-50,46314	56,36235	-49,15241
33740	55,707	-49,80778	55,70699	-48,49705
33760	55,707	-50,46314	55,70699	-49,15241
33780	55,70699	-50,46314	55,05161	-49,15241
33800	55,05162	-50,46314	55,05162	-49,80777
33820	55,05163	-51,1185	55,05162	-49,80778
33840	54,39626	-51,77387	55,05161	-51,1185
33860	54,39627	-51,77386	53,7409	-51,1185
33880	54,39627	-52,42922	53,74088	-51,77385
33900	43,91031	-55,0506	23,59374	-56,36129
33920	7,20937	-57,67199	0,65564	-55,05054
33940	2,62178	-55,05055	3,27716	-54,39518
33960	1,96647	-55,70592	1,3111	-55,05055
33980	1,31112	-56,36128	0,65575	-55,70593
34000	0,65576	-57,01666	0,00038999999999589	-55,70593
34020	-0,65496	-57,01667	-0,65498	-56,3613
34040	-5,24261	-57,67198	-11,79639	-55,70589
34060	-13,10714	-57,01663	-12,45176	-55,7059
34080	-12,45174	-57,01664	-12,45175	-56,36127
34100	-12,45174	-57,672	-12,45175	-57,01664
34120	-12,45174	-58,32737	-12,45175	-57,67201
34140	-12,45174	-58,98274	-12,45176	-58,32737
34160	-13,10711	-59,63811	-12,45178	-57,67203
34180	-12,45178	-59,63812	-12,45181	-57,67204
34200	-11,79645	-58,98277	-11,79647	-58,3274
34220	-11,14111	-58,98277	-10,48576	-58,32741
34240	-10,48576	-59,63813	-11,14114	-58,98277
34260	-11,14114	-59,63814	-14,41804	-58,98275
34280	-19,66099	-58,98276	-20,31639	-56,3613
34300	-19,661	-57,67204	-20,31636	-57,01667
34320	-20,31635	-58,98276	-20,31637	-57,67204
34340	-19,661	-59,63813	-20,31639	-58,98277
34360	-20,31638	-60,2935	-20,97176	-58,98277
34380	-20,97175	-60,2935	-20,97177	-59,63814
34400	-20,97177	-61,60423	-20,97178	-60,2935
34420	-20,97178	-62,25959	-21,62715	-60,94886
34440	-21,62714	-62,25959	-21,62716	-61,60422
34460	-22,28251	-62,91495	-21,62717	-61,60423
34480	-21,62716	-63,57031	-22,28254	-62,25959
34500	-22,93789	-63,57033	-22,93791	-62,91496
34520	-22,28254	-64,22569	-22,28255	-63,57032
34540	-21,62719	-64,88105	-21,6272	-64,22568
34560	-21,6272	-65,53641	-24,90405	-64,22566
34580	-26,21479	-64,22567	-26,21479	-62,91494
34600	-26,21478	-64,22566	-25,55942	-63,5703
34620	-25,55941	-66,19176	-25,55942	-65,53638
34640	-25,55941	-66,84711	-24,90406	-66,19175
34660	-26,21477	-67,50248	-25,55942	-66,19174
34680	-25,5594	-68,15783	-24,90405	-66,84711
34700	-24,90404	-68,15784	-24,90405	-67,50247
34720	-25,5594	-68,81319	-25,5594	-66,84711
34740	-25,55939	-69,46855	-24,90404	-68,81319
34760	-24,24867	-70,12391	-24,90403	-69,46855
34780	-24,90402	-70,12391	-24,24867	-68,81319
34800	-24,90401	-70,77927	-25,55939	-69,46855
34820	-24,90401	-70,77927	-24,90401	-70,1239
34840	-24,904	-71,43463	-24,90401	-70,77927
34860	-24,90399	-71,43463	-24,904	-70,77926
34880	-24,90398	-71,43463	-25,55935	-71,43462
34900	-19,00568	-72,08999	-5,24295	-68,81319
34920	0,65548	-69,46856	0,65551	-68,81318
34940	-1,96594	-70,12392	-2,62132	-69,46855
34960	-3,27669	-70,77928	-3,27672	-70,12393
34980	-3,27672	-71,43466	-2,62139	-70,12394
35000	-3,27675	-71,43467	-3,27677	-70,12394
35020	-3,93212	-70,77932	-3,93214	-69,46859
35040	-3,93213	-70,77932	-3,93215	-68,81323
35060	-4,5875	-70,12396	-4,58752	-68,81323
35080	-4,58751	-70,77932	-3,93216	-69,4686
35100	-4,58752	-70,12396	-4,58754	-69,4686
35120	-4,58753	-70,77933	-4,58755	-70,12397
35140	-4,58755	-70,77933	-5,89832	-68,15787
35160	-5,89831	-67,50252	-5,89832	-66,19178
35180	-5,24295	-68,15787	-5,89832	-67,50251
35200	-5,89831	-68,81324	-5,89832	-68,15787
35220	-5,89832	-69,4686	-5,89833	-68,15788
35240	-5,89833	-69,4686	-6,5537	-68,15788
35260	-6,55369	-69,4686	-6,5537	-68,15788
35280	-6,5537	-68,81325	-7,20907	-67,50253
35300	-6,5537	-68,15789	-6,55372	-67,50252
35320	-7,20907	-68,15789	-6,55373	-66,84717
35340	-7,20907	-68,15789	-6,55373	-67,50252
35360	-6,55373	-68,81326	-6,55374	-68,15789
35380	-7,2091	-68,81327	-7,86449	-65,53647
35400	-7,20915	-64,22576	-4,5878	-65,53646
35420	2,6211	-72,09006	17,69427	-80,60974
35440	36,69955	-87,16334	64,87996	-89,12938
35460	105,51229	-86,50787	123,86236	-82,57565
35480	131,07133	-80,6095	131,07132	-79,2987
35500	131,72669	-76,67718	129,7606	-72,08957
35520	135,65885	-70,7788	138,28028	-64,22519
35540	141,55709	-54,39483	147,45532	-45,87521
35560	154,66429	-39,97701	155,975	-32,76807
35580	161,21792	-30,80204	165,80544	-27,52524
35600	168,42691	-26,21454	172,35906	-24,24845
35620	172,35909	-22,28239	174,98052	-20,3163
35640	174,98055	-19,66096	173,66984	-17,03953
35660	173,66987	-19,66098	173,66987	-17,03954
35680	176,29134	-15,72884	178,91279	-15,07347
35700	183,50033	-13,1074	179,56816	-10,48595
35720	178,25746	-12,45205	182,84497	-10,48596
35740	179,56816	-10,48597	180,22352	-7,86453
35760	177,60208	-7,20919	177,60208	-5,89847
35780	179,56817	-4,58776	180,22354	-1,31096
35800	179,56828	1,31047	180,22372	3,93193
35820	182,18984	4,58727	180,87911	7,86408
35840	180,87913	9,17479	185,46666	10,48551
35860	185,46667	7,86406	180,87914	9,17478
35880	176,29164	7,86406	174,32555	9,83015
35900	174,98092	8,51942	174,98091	10,4855
35920	174,98092	9,83014	176,29163	10,48551
35940	178,91307	7,86406	178,2577	10,48551
35960	9,17483	9,17478	173,01484	10,48551
35980	172,3595	8,51942	171,04878	11,14087
36000	169,08272	10,4855	169,73807	11,14087
36020	171,0488	10,4855	170,39342	11,14086
36040	170,39344	10,4855	171,04879	12,45158
36060	170,39345	10,4855	168,42736	12,45159
36080	169,08274	10,4855	169,08273	13,10695
36100	167,77202	12,45158	169,08276	14,41766
36120	173,67047	15,72835	175,63665	19,00515
36140	173,67061	18,34979	172,35987	19,00516
36160	172,35989	17,69443	171,70453	19,00515
36180	172,3599	18,34979	170,39382	19,00515
36200	171,0492	18,34978	170,39383	19,00515
36220	171,0492	18,34978	171,70455	19,66051
36240	171,70457	18,34978	172,35992	19,00514
36260	172,35993	17,69442	170,39384	19,00515
36280	169,73848	16,3837	169,73848	18,34979
36300	168,42777	15,72834	167,7724	15,72834
36320	169,08313	15,07298	168,42777	17,69443
36340	168,42779	16,3837	167,77243	17,69443
36360	168,4278	15,72834	167,77237	17,0391
36380	167,11691	15,72838	168,42759	17,69447
36400	167,77226	17,69446	168,42762	18,34983
36420	168,42764	17,0391	168,42763	18,34982
36440	170,39372	17,03909	169,73834	19,66054
36460	169,73834	19,00517	170,39366	19,66054
36480	169,73829	18,34981	171,04899	19,00518
36500	173,01507	18,34981	173,67042	19,66053
36520	174,98114	19,00517	174,32577	19,00517
36540	172,35968	17,03909	170,39351	17,03911
36560	169,08275	14,41765	169,7381	16,38373
36580	167,77204	15,07301	167,77203	14,41765
36600	166,46132	11,14084	166,4613	11,14084
36620	165,15059	8,51938	164,49523	7,86402
36640	163,83988	4,58721	163,83987	5,89793
36660	163,18451	3,93184	163,18449	3,93184
36680	161,87377	2,62111	159,90769	2,62112
36700	159,90769	0,65503	159,90767	0,65503
36720	158,59695	-1,96642	157,94157	-1,31105
36740	158,59693	-4,58787	163,18442	-5,24322
36760	162,52905	-6,55395	164,49511	-5,24322
36780	165,80582	-5,89859	163,18437	-4,58786
36800	165,15044	-8,52002	168,42722	-6,55393
36820	168,42722	-7,2093	167,11649	-6,55393
36840	169,73794	-6,55393	168,42721	-5,2432
36860	170,3933	-7,20929	170,3934	-4,58784
36880	178,91325	-3,93248	188,08833	-1,31103
36900	192,02046	-2,62175	195,29724	-0,65565
36920	193,33117	0,65507	199,2294	4,58725
36940	205,78302	6,55332	212,99198	10,4855
36960	216,26879	13,10693	211,68126	15,07302
36980	204,47231	11,14085	198,57406	11,14086
37000	196,60798	9,17477	193,33117	10,4855
37020	190,05438	9,83013	188,74365	8,51943
37040	189,39902	7,86406	190,05436	8,51943
37060	189,39901	7,20871	186,77755	7,86408
37080	184,81148	4,58728	183,50075	6,55337
37100	182,8454	5,89801	182,84539	7,20874
37120	184,15615	6,55337	184,81169	11,14088
37140	186,12255	11,79624	187,43328	11,79625
37160	185,46718	9,1748	183,5011	9,83017
37180	182,19039	9,1748	184,15646	11,79624
37200	184,15646	11,14086	183,50107	11,79623
37220	181,53754	10,4855	182,19032	12,45158
37240	182,19032	11,79621	181,53494	13,10694
37260	180,22423	11,14085	181,53493	13,76229
37280	180,22422	13,10692	178,91348	13,10693
37300	176,94742	11,7962	177,60277	12,45157
37320	176,94741	11,7962	174,98132	12,45156
37340	174,98133	11,14083	173,6706	12,45156
37360	173,67061	11,14083	173,6706	12,45155
37380	172,35989	10,48546	171,70452	11,79619
37400	171,70453	10,48546	172,35988	11,79619
37420	171,04916	11,14082	169,73844	11,14082
37440	169,08309	10,48546	169,73841	10,48549
37460	169,08296	10,4855	167,7722	13,10694
37480	167,77224	11,79621	167,77224	13,10693
37500	167,77226	11,14083	167,77226	12,45156
37520	167,11692	12,45155	166,46155	13,76227
37540	166,46157	13,1069	165,80621	15,07298
37560	165,80624	11,14081	165,80622	12,45154
37580	165,80623	10,48544	164,4955	11,79617
37600	165,15088	9,83009	165,80623	12,45153
37620	164,49553	11,1408	165,80624	11,79616
37640	165,15091	11,14079	165,80637	13,76223
37660	166,46179	13,76222	166,46179	16,38366
37680	165,80645	14,41758	165,80644	15,07295
37700	165,80645	13,76222	164,49573	15,07295
37720	164,49574	12,45151	163,84038	14,41759
37740	163,18503	12,4515	163,18502	13,10687
37760	163,84039	11,79615	163,84038	12,45151
37780	162,52967	11,79614	161,8743	11,79615
37800	163,18503	11,79615	162,52966	13,10687
37820	163,18503	11,14079	163,18503	12,45151
37840	163,18504	11,79615	163,84038	12,45152
37860	162,52968	11,79615	162,52967	12,45152
37880	163,18504	10,48543	163,18502	11,79618
37900	161,21881	9,17478	157,94183	9,17482
37920	153,35418	7,86411	150,07732	6,5534
37940	148,76664	2,62122	148,11129	-0,65557
37960	143,52379	-7,20919	138,93625	-9,83063
37980	133,69336	-15,07353	129,10581	-17,0396
38000	123,20757	-21,62713	117,30932	-24,24858
38020	112,72181	-28,18075	108,78964	-29,49147
38040	104,20214	-33,42365	98,30389	-37,35581
38060	95,02712	-43,25406	90,4396	-45,8755
38080	85,85211	-49,80768	79,2985	-50,46304
38100	74,05565	-52,42913	69,46814	-51,11841
38120	66,19137	-53,08451	63,56993	-52,42914
38140	58,98243	-55,05059	56,36099	-55,05059
38160	53,73957	-57,01668	51,11812	-57,01668
38180	49,80741	-58,32742	53,73971	-52,42917
38200	59,63823	-48,49702	61,60449	-44,56484
38220	57,017	-47,18628	51,77411	-45,87556
38240	48,49733	-46,53092	47,18662	-45,87555
38260	45,87591	-47,18628	44,56519	-46,53092
38280	42,59912	-48,497	40,63304	-47,84164
38300	39,32235	-48,49701	38,66698	-47,84165
38320	37,35627	-48,49702	35,39018	-47,84164
38340	34,07949	-49,15237	34,07948	-48,49701
38360	34,0795	-49,15236	33,42414	-47,84164
38380	33,42416	-49,15236	32,11343	-47,84163
38400	30,80274	-48,49699	30,80273	-47,18627
38420	30,14739	-47,84163	34,07963	-49,15237
38440	34,73507	-53,08456	35,39045	-51,77381
38460	34,07974	-53,08453	34,07974	-51,7738
38480	33,4244	-53,73989	32,76904	-53,08452
38500	31,45834	-53,73988	31,45834	-52,42915
38520	30,80299	-53,08451	30,14763	-52,42914
38540	30,14765	-53,73986	29,49228	-51,77377
38560	30,14767	-53,08449	30,14767	-51,1184
38580	29,49233	-51,77376	29,49233	-50,46303
38600	29,49489	-51,77374	29,49234	-49,15229
38620	29,49237	-49,80765	30,14773	-49,15228
38640	29,49239	-50,46301	30,14774	-49,80763
38660	30,14775	-51,11836	26,21548	-47,84152
38680	22,93863	-46,53078	22,93862	-44,56469
38700	22,93866	-46,53078	24,24938	-45,87541
38720	24,2494	-47,18614	24,24939	-45,87541
38740	24,24941	-47,18614	25,56011	-45,22006
38760	26,21547	-45,87543	26,8708	-44,5647
38780	27,52617	-45,87543	27,52615	-44,56471
38800	28,1815	-45,22008	28,18149	-43,90934
38820	28,18149	-45,22008	28,83684	-43,90935
38840	29,4922	-44,56472	29,49219	-43,25399
38860	29,49219	-45,22008	30,14754	-44,56471
38880	30,8029	-45,22009	30,80289	-43,90936
38900	29,49218	-45,22009	29,49216	-43,90936
38920	30,80289	-45,22009	30,14752	-44,56474
38940	30,14752	-45,2201	30,14751	-43,90938
38960	30,14752	-45,2201	30,80287	-43,90938
38980	30,14753	-45,87547	30,14752	-44,56474
39000	30,14754	-45,22011	30,80288	-44,56475
39020	31,45825	-46,53084	32,1136	-45,87547
39040	32,11361	-47,1862	32,1136	-45,22012
39060	31,45826	-46,53084	32,11359	-45,22012
39080	32,76896	-46,53085	32,76895	-45,87548
39100	34,73506	-45,87548	44,56557	-40,63258
39120	51,77462	-39,32185	53,08537	-38,01111
39140	50,46393	-40,63257	48,49782	-39,9772
39160	48,49783	-41,28794	48,49782	-40,63257
39180	47,84246	-41,9433	47,18709	-40,63258
39200	47,84246	-41,94331	47,1871	-40,63258
39220	47,1871	-41,94331	47,18709	-40,63258
39240	46,53174	-41,28795	46,53173	-41,28794
39260	46,53175	-41,28795	47,1871	-40,63258
39280	46,53175	-41,28795	46,53174	-40,63258
39300	45,22103	-41,28794	45,87638	-39,32185
39320	45,87639	-40,63258	45,87638	-38,66649
39340	45,22103	-40,63258	45,22102	-38,66649
39360	44,56568	-39,97721	45,22103	-39,32184
39380	45,22104	-39,9772	45,22104	-38,66648
39400	45,87641	-40,63256	46,53176	-39,97719
39420	45,87642	-40,63256	46,53177	-40,63255
39440	46,53179	-41,94328	47,18714	-41,28791
39460	48,49786	-42,59864	48,49783	-41,28791
39480	52,43003	-41,94329	58,9837	-41,9433
39500	60,29443	-42,59867	60,29439	-41,28794
39520	60,29439	-41,9433	60,94973	-40,63258
39540	60,94972	-40,63258	62,26042	-39,32185
39560	63,57113	-39,32186	64,22646	-38,01113
39580	64,22646	-39,32186	64,8818	-38,01114
39600	65,53716	-39,32187	65,53714	-38,66651
39620	65,53714	-41,28796	66,19247	-41,28797
39640	66,84782	-45,87552	68,81382	-53,08451
39660	76,02262	-69,46859	89,78496	-88,47407
39680	99,6152	-106,16881	100,9257	-115,34377
39700	104,85777	-116,65436	109,44506	-108,78984
39720	105,51275	-100,26995	104,20196	-93,71618
39740	103,54652	-91,09466	100,26969	-87,81774
39760	100,2697	-87,81768	102,89108	-85,85157
39780	105,51251	-87,16224	109,44461	-84,54076
39800	111,41067	-85,19612	115,99817	-83,88539
39820	122,55177	-83,23004	129,10546	-79,95333
39840	130,41631	-80,60885	131,72717	-78,64293
39860	125,82918	-79,95381	114,0329	-75,36643
39880	103,54725	-71,43438	96,99376	-64,88083
39900	92,40632	-61,60407	85,85279	-54,3951
39920	79,29927	-49,15221	72,74574	-40,63251
39940	67,50293	-35,38962	63,57082	-29,49135
39960	61,60478	-27,52527	60,94945	-23,59309
39980	59,63877	-22,93773	57,01733	-19,66092
