T	LX	LY	RX	RY
0	0	0	0	0
20	1,0000000003174E-5	1,0000000003174E-5	1,0000000003174E-5	9,9999999960687E-6
40	-0,65535	0,65538	1,0000000003174E-5	0,65537
60	-0,65535	0,65538	-0,65535	0,65537
80	-1,31071	0,65538	-0,65535	1,9999999999243E-5
100	-1,3107	0,65538	-1,31072	0,65539
120	-1,96607	0,65539	-1,31071	0,65539
140	-1,96607	0,65539	-1,31071	0,65537999999999
160	-1,31071	1,31075	-0,65536	0,65539
180	-1,31071	1,31075	-9,9999999960687E-6	1,31075
200	-0,65281	1,31075	-0,65536	1,96611
220	-0,65535999999999	1,96612	-0,65536	1,31076
240	-0,65535999999999	1,96613	-0,65536	1,31076
260	-0,65535999999999	1,96613	-0,65537	1,31077
280	-0,65537	1,96613	-0,65537	1,96614
300	-0,65535999999999	1,96614	-9,9999999960687E-6	1,96613
320	-9,9999999960687E-6	1,96615	0,65534	1,96614
340	-0,65537	1,96615	-0,65538	1,96615
360	-0,65537	1,96616	-0,65538	1,96615
380	-0,65538	1,96616	-0,65538	1,96615
400	-0,65538	1,96616	-0,65539	1,96615
420	-0,65539	1,96616	-1,31075	1,96615
440	-1,31075	1,96616	-1,31076	2,62151
460	-1,96611	2,62152	-1,31076	2,62152
480	-1,96611	3,27688	-1,96612	2,62153
500	-1,96611	2,62153	-1,96611	2,62152
520	-2,62147	2,62152	-1,96612	2,62152
540	-2,62146	2,62153	-1,96611	2,62151
560	-2,62146	1,96615	-1,96612	1,96615
580	-2,62147	1,31079	-1,96611	1,31078
600	-2,62147	0,65542000000001	-1,96611	1,31078
620	-2,62147	0,65542000000001	-10,48589	1,31081
640	-19,66107	2,62157	-19,66109	2,62157
660	-19,00569	3,93231	-19,00569	4,58767
680	-19,66104	4,58768	-19,00569	4,58767
700	-19,00568	4,58767	-19,00569	4,58767
720	-19,00568	5,24304	-18,35033	4,58767
740	-18,35032	4,58768	-18,35033	4,58767
760	-17,69496	4,58767	-17,69497	3,9323
780	-17,03961	3,93229	-17,03963	3,27693
800	-17,03962	3,27692	-13,76281	1,96617
820	-3,93222	1,31079	1,31076	0,65542
840	0,65539	2,62151	1,31073	2,62151
860	0,65538	3,27688	1,96609	2,62151
880	1,31074	2,62151	1,96608	1,96614
900	1,31073	1,96613	2,62144	1,31077
920	1,96608	0,65541	2,62143	0,6554
940	1,96608	0,6554	2,62143	2,9999999995312E-5
960	1,96608	-0,65533	1,96607	-0,65533000000001
980	1,96608	-0,65533	2,62142	-1,31071
1000	5,2429	-2,62145	15,72883	-3,93221
1020	19,6611	-3,27684	18,35037	-1,96612
1040	17,695	-1,31074	18,35035	-1,31074
1060	17,695	-0,65537999999999	17,69499	-0,65538
1080	17,03963	-0,65537999999999	17,03963	-0,65538
1100	16,38428	-0,65537	17,03963	-0,65538
1120	16,38428	-0,65537999999999	16,38427	-1,31074
1140	15,72892	-1,31074	16,38427	-1,96611
1160	15,72891	-1,96611	15,07355	-1,96611
1180	15,07356	-2,62147	15,72891	-2,62148
1200	15,07355	-2,62148	14,41818	-3,27685
1220	13,76282	-3,27685	15,07354	-3,93222
1240	21,62727	-4,5876	28,83636	-5,24299
1260	28,83639	-3,93225	27,52565	-3,27688
1280	27,52565	-2,62152	27,52565	-3,27688
1300	27,52566	-2,62151	27,52565	-3,27688
1320	26,87029	-3,27687	27,52564	-3,93224
1340	26,87029	-3,93224	27,52564	-4,5876
1360	27,52564	-4,58761	28,18099	-5,89834
1380	32,76857	-7,86445	45,87596	-9,17522
1400	49,15287	-9,17521	46,53138	-7,86447
1420	45,22063	-6,55375	45,87599	-6,55375
1440	45,876	-5,89838	45,87599	-5,89838
1460	45,22063	-5,89839	45,87598	-6,55375
1480	45,22063	-6,55375	45,22062	-6,55376
1500	45,22063	-6,55376	45,22062	-7,20914
1520	44,56527	-7,20913	45,22062	-7,20914
1540	44,56527	-7,20914	45,22062	-7,86451
1560	44,56527	-8,51987	45,22062	-8,51988
1580	44,56526	-8,51988	45,22061	-9,83061
1600	46,53136	-11,14134	53,08506	-12,4521
1620	53,74048	-12,45209	53,08509	-11,14137
1640	51,77437	-9,83064	52,42972	-11,14137
1660	51,77437	-10,486	51,77435	-10,48601
1680	51,77436	-10,48601	51,77435	-11,14137
1700	51,11899	-11,14136	51,77434	-11,79674
1720	51,11899	-11,79674	51,11898	-12,4521
1740	50,46363	-12,4521	51,77434	-13,10747
1760	50,46362	-13,10747	51,11898	-14,4182
1780	52,42972	-15,72894	60,94956	-19,00581
1800	68,15872	-20,31656	69,46947	-20,97192
1820	67,50339	-20,31655	68,15873	-20,31655
1840	68,15874	-20,97191	68,81409	-20,97191
1860	68,81409	-20,97192	68,81409	-21,62728
1880	68,15873	-21,62728	68,15873	-22,28265
1900	68,15873	-21,62728	68,15872	-22,28265
1920	68,15873	-22,28265	68,15872	-22,93801
1940	68,15873	-22,28266	68,81408	-22,93803
1960	68,81409	-22,93803	68,81408	-22,93803
1980	68,81408	-22,93803	69,46943	-22,93803
2000	69,46944	-22,93804	70,12479	-23,59341
2020	69,46944	-23,59341	67,50329	-25,5595
2040	43,25453	-27,52554	9,83063	-29,49155
2060	-11,14124	-28,18079	-10,4859	-24,24859
2080	-9,17511	-20,97174	-8,51975	-19,661
2100	-9,17512	-17,6949	-8,51976	-16,38416
2120	-9,17511	-15,07343	-8,51975	-13,10733
2140	-9,17511	-10,48585	-8,51974	-8,51975
2160	-9,83045	-4,58754	-10,4858	-0,65534
2180	-11,14115	2,62151	-11,79652	2,62152
2200	-22,93779	4,58767	-30,14687	7,20917
2220	-29,49147	10,48601	-28,83609	12,45212
2240	-28,83608	15,07359	-28,8361	15,72895
2260	-29,49145	15,72895	-28,8361	15,07359
2280	-29,49145	15,07359	-28,8361	15,07359
2300	-29,49145	15,07359	-28,8361	13,76286
2320	-29,49146	13,76287	-28,8361	12,45213
2340	-28,8361	12,45213	-28,8361	11,79676
2360	-28,8361	10,48603	-28,18074	9,83065
2380	-30,80221	6,55383	-32,11298	5,89845
2400	-32,11296	6,55382	-32,11296	5,89846
2420	-32,11296	6,55383	-32,11296	5,2431
2440	-32,11295	5,2431	-31,45761	4,58773
2460	-32,11295	4,58773	-31,4576	3,277
2480	-32,11296	3,277	-31,4576	2,62164
2500	-32,11295	2,62164	-31,45759	1,96627
2520	-32,11295	1,31091	-31,45759	0,65553
2540	-32,11295	0,00017000000000422	-31,4576	-0,6552
2560	-31,45759	-0,65521	-30,80224	-1,96594
2580	-31,4576	-1,96594	-30,80225	-2,62131
2600	-30,80224	-2,62131	-30,14689	-3,27668
2620	-30,14688	-3,27668	-29,49153	-3,93205
2640	-29,49153	-3,93205	-28,83618	-5,24279
2660	-25,55932	-7,20889	-15,72876	-8,51966
2680	-11,79652	-8,51967	-12,4519	-8,51966
2700	-13,10726	-7,20894	-13,10727	-7,8643
2720	-13,10726	-8,51966	-12,45191	-8,51966
2740	-13,10726	-8,51967	-12,45191	-9,17503
2760	-13,10727	-9,83039	-12,45192	-9,83039
2780	-13,10727	-10,48575	-12,45192	-11,14113
2800	-12,45192	-11,14113	-12,45193	-11,14114
2820	-12,45192	-11,79649	-12,45193	-12,45187
2840	-12,45193	-12,45187	-11,79657	-12,45187
2860	-11,79657	-12,45187	-11,79658	-13,10724
2880	-12,45193	-13,10724	-11,14122	-13,7626
2900	-11,14122	-13,7626	-11,14123	-13,76261
2920	-11,14122	-14,41797	-10,48587	-15,07334
2940	-11,14122	-15,07334	-11,14124	-15,07335
2960	-11,14123	-15,07335	-11,14124	-15,72872
2980	-8,51975	-16,38409	-39,32147	-16,38412
3000	10,48606	-17,03949	11,79679	-17,03949
3020	10,48606	-16,38412	10,48605	-16,38412
3040	11,14143	-16,38413	11,14141	-16,38413
3060	10,48606	-16,38413	11,14141	-17,0395
3080	11,14142	-17,0395	11,1414	-17,69486
3100	10,48605	-17,69486	11,14141	-18,35024
3120	11,14142	-18,35023	11,1414	-19,0056
3140	11,14141	-19,0056	11,79676	-20,31634
3160	11,14141	-20,31633	11,79676	-20,9717
3180	11,1414	-20,9717	11,79675	-21,62707
3200	11,79676	-21,62707	11,79675	-22,28244
3220	11,79676	-22,28244	12,4521	-22,93781
3240	12,45211	-22,93781	13,10746	-23,59319
3260	13,10746	-23,59319	15,07355	-25,55929
3280	22,93801	-26,87006	27,5256	-28,83616
3300	26,21488	-27,52542	25,55949	-27,52541
3320	25,55949	-26,87005	26,21484	-28,18077
3340	26,21484	-28,18077	26,21483	-28,18077
3360	26,21484	-28,18077	26,21483	-28,18078
3380	25,55948	-28,83613	26,8702	-28,83614
3400	25,55949	-28,83614	26,87021	-29,49151
3420	26,21486	-30,14687	26,8702	-30,80223
3440	26,87021	-31,4576	27,52556	-32,11297
3460	27,52556	-31,45761	27,52555	-32,11297
3480	27,52555	-32,11298	28,1809	-32,11299
3500	27,52555	-32,11298	28,83626	-32,11299
3520	28,18091	-32,11298	28,1809	-33,42371
3540	28,18091	-33,42372	28,83626	-34,07909
3560	28,18091	-34,07909	28,83626	-35,38982
3580	28,18091	-35,38982	28,83626	-36,04519
3600	28,83626	-36,04518	28,83626	-36,04519
3620	28,83627	-36,04519	28,83626	-36,0452
3640	28,18092	-36,04519	28,83627	-36,0452
3660	28,18092	-36,04519	28,83628	-36,0452
3680	28,18092	-36,70056	28,18092	-37,35593
3700	28,18093	-38,01129	32,76849	-39,32205
3720	45,22056	-41,28819	51,77429	-42,59893
3740	50,46358	-40,63283	49,8082	-39,97746
3760	49,15285	-38,66673	50,46357	-38,66674
3780	49,80822	-38,66674	50,46357	-38,66674
3800	50,46358	-38,66673	51,11893	-38,66674
3820	51,11893	-38,66674	51,77428	-38,01139
3840	51,77429	-38,01138	52,42964	-38,01139
3860	51,77428	-38,66675	52,42964	-38,66675
3880	51,77428	-38,66675	52,42964	-38,66676
3900	52,42964	-38,66675	53,08499	-39,32212
3920	52,42964	-39,32212	52,42963	-39,32213
3940	52,42963	-39,32212	55,70647	-41,28823
3960	63,57098	-41,94362	67,50325	-41,94362
3980	66,84789	-40,63288	66,19251	-39,32215
4000	65,53717	-38,66679	66,19252	-39,32215
4020	65,53717	-38,66678	66,19252	-38,66678
4040	65,53717	-38,66678	66,19252	-38,66678
4060	66,19252	-38,66678	66,84787	-38,01143
4080	66,19252	-38,01142	66,84787	-38,01142
4100	66,84788	-38,01142	67,50323	-38,01142
4120	66,84789	-37,35606	67,50324	-37,35606
4140	67,50325	-37,35605	68,15861	-37,35606
4160	68,15862	-37,35606	68,15862	-37,35606
4180	68,81399	-37,35606	68,81399	-38,01143
4200	68,15862	-39,32215	53,08502	-43,90968
4220	19,66118	-47,18643	-5,24293	-45,87566
4240	-10,48591	-41,28809	-7,86442	-38,01125
4260	-7,86439	-36,04513	-7,86441	-34,7344
4280	-7,8644	-33,42367	-7,20904	-32,76831
4300	-7,20903	-32,11294	-5,89831	-32,76832
4320	-5,24294	-33,42369	-4,58759	-35,38979
4340	-4,58758	-35,38979	-3,93223	-36,70053
4360	-2,6215	-37,35591	-1,30824	-39,32203
4380	-0,65542	-39,97741	0,65529	-41,94352
4400	1,31066	-45,87572	-5,24307	-49,15253
4420	-13,10752	-49,15252	-13,10754	-47,84179
4440	-11,79679	-47,18641	-11,79679	-45,22031
4460	-11,79679	-44,56495	-11,79679	-45,22031
4480	-11,79678	-44,56494	-11,14142	-44,56494
4500	-11,14142	-44,56493	-11,14143	-44,56493
4520	-12,45214	-43,90956	-11,79679	-43,90956
4540	-11,79678	-43,90955	-11,79678	-43,90956
4560	-12,45214	-43,25419	-11,79678	-43,25419
4580	-12,45214	-43,25417	-12,45215	-42,59882
4600	-13,1075	-42,59882	-11,79679	-42,59882
4620	-13,1075	-41,94345	-13,10751	-41,94347
4640	-13,1075	-41,94346	-13,76289	-43,90956
4660	-15,72899	-43,90956	-15,07364	-43,25419
4680	-15,72898	-41,94345	-15,729	-41,28809
4700	-16,38435	-41,28808	-16,38436	-41,28808
4720	-17,03971	-40,63271	-16,38437	-40,63271
4740	-17,03972	-40,6327	-17,03973	-40,6327
4760	-17,69509	-39,97733	-17,03973	-39,97733
4780	-17,69509	-39,97733	-17,6951	-39,32197
4800	-18,35045	-39,97732	-17,03973	-40,6327
4820	-10,486	-41,28808	-0,6554	-43,25421
4840	1,31074	-41,94347	0,65535	-40,63274
4860	-0,65537	-39,32201	0,65535	-39,32201
4880	0,65535	-39,97737	1,3107	-39,32201
4900	0,65534	-39,32201	1,31069	-39,97737
4920	1,31069	-39,32201	1,96604	-39,32202
4940	1,96605	-39,32201	1,96604	-39,32201
4960	1,96604	-39,32201	1,96603	-39,32202
4980	1,31068	-39,32201	2,62139	-39,97738
5000	5,24287	-42,59886	16,38416	-46,53109
5020	22,28253	-47,18646	22,28253	-47,84182
5040	20,97179	-47,18646	21,62714	-46,5311
5060	20,97179	-46,53108	21,62714	-46,53109
5080	20,97178	-46,53109	20,97177	-46,53109
5100	20,31641	-45,87572	20,97176	-45,87572
5120	20,97177	-45,87571	20,97176	-45,87572
5140	20,97177	-45,22035	20,97177	-44,56499
5160	20,97177	-44,56499	20,97176	-43,90963
5180	20,31641	-44,56499	22,93786	-45,22037
5200	34,07916	-46,53114	41,94363	-47,18652
5220	39,97756	-45,22041	39,32216	-44,56505
5240	38,66681	-43,90968	39,97753	-43,90968
5260	39,32217	-42,59894	39,32216	-43,25431
5280	39,32217	-42,59894	39,97752	-42,59894
5300	39,32217	-41,94358	39,97753	-41,94358
5320	39,97754	-41,28821	40,6329	-40,63285
5340	39,97755	-39,97747	39,97755	-39,32212
5360	39,97756	-39,32212	41,28827	-39,32213
5380	41,28828	-39,32213	41,94363	-39,32213
5400	41,28828	-39,32213	41,94363	-39,32214
5420	41,94364	-39,32213	45,87584	-39,32215
5440	53,08493	-39,97751	55,05103	-38,66679
5460	54,39567	-38,01142	54,39565	-36,70071
5480	54,39567	-36,7007	55,05103	-36,70071
5500	55,05103	-36,04534	55,70639	-36,70071
5520	55,7064	-36,70071	55,70638	-37,35608
5540	55,70639	-37,35608	55,70638	-38,66681
5560	55,70638	-38,66681	55,70637	-39,32218
5580	55,70638	-39,32218	56,36172	-39,97755
5600	55,70637	-39,97755	56,36172	-39,97755
5620	55,70636	-39,32219	57,67245	-40,63292
5640	64,22619	-40,63294	68,81383	-41,2883
5660	68,15849	-39,97757	68,15847	-38,66684
5680	67,50312	-38,66684	68,15847	-39,3222
5700	67,50312	-38,66683	68,15847	-39,3222
5720	67,50312	-38,66683	68,15847	-38,66683
5740	67,50311	-38,66682	67,50311	-38,66682
5760	67,50311	-38,66682	67,5031	-38,66682
5780	67,50311	-38,66682	68,15847	-38,66682
5800	67,50311	-38,66683	68,15847	-38,66683
5820	67,50312	-38,66682	68,15847	-39,32219
5840	67,50311	-38,66683	70,77995	-39,97757
5860	78,64453	-39,97758	84,54291	-41,28831
5880	83,88757	-39,32221	83,23219	-38,66684
5900	83,2322	-37,35612	83,88756	-38,01147
5920	82,57684	-37,35611	83,23219	-37,35611
5940	82,57684	-38,01146	83,23219	-38,01147
5960	82,57684	-37,3561	82,57683	-37,35611
5980	81,92148	-37,35611	-39,32013	-37,35611
6000	82,57683	-37,35611	83,23218	-37,35612
6020	83,23219	-37,35611	83,88754	-37,35612
6040	83,88755	-36,70076	84,5429	-36,70076
6060	84,5429	-36,70075	84,54289	-36,04539
6080	83,88754	-36,04539	84,54289	-36,70075
6100	84,5429	-36,70075	84,54289	-36,70075
6120	83,88754	-36,70075	83,23214	-38,01148
6140	60,94942	-39,97753	24,24871	-41,28818
6160	-2,62149	-38,66666	-8,51988	-35,38981
6180	-7,86446	-30,80224	-6,55373	-29,4915
6200	-7,20909	-26,87003	-6,55373	-24,90393
6220	-7,20908	-22,28247	-6,55372	-20,97173
6240	-7,20652	-20,31636	-6,55372	-20,31635
6260	-6,55371	-19,66099	-5,89836	-19,00563
6280	-6,55372	-19,66099	-5,89836	-20,31635
6300	-5,89836	-20,31635	-5,24301	-20,97171
6320	-5,89836	-20,97171	-5,24301	-21,62709
6340	-11,7967	-24,24854	-21,62727	-24,90389
6360	-22,938	-22,9378	-21,62727	-22,28243
6380	-22,28261	-20,97169	-22,28262	-20,97169
6400	-22,93797	-20,31632	-22,28262	-20,31633
6420	-22,93797	-20,31633	-22,28262	-20,31633
6440	-22,93796	-20,31633	-22,93797	-20,97169
6460	-22,93796	-20,97169	-22,28261	-21,62706
6480	-22,93796	-22,28242	-22,28262	-22,9378
6500	-22,93797	-22,9378	-22,28262	-24,24853
6520	-22,93797	-24,24853	-22,28262	-25,55926
6540	-22,93797	-25,55926	-22,28262	-26,21462
6560	-22,28261	-26,21462	-21,62726	-26,86999
6580	-22,28261	-26,86999	-21,62725	-27,52536
6600	-21,62724	-27,52536	-20,97189	-27,52537
6620	-20,97189	-28,18073	-19,66118	-28,18074
6640	-20,31653	-28,83611	-19,66117	-28,83611
6660	-19,00581	-29,49148	-11,79673	-30,14688
6680	-4,5876	-30,14688	-3,27686	-30,14688
6700	-4,5876	-28,83615	-4,58761	-28,83615
6720	-5,24297	-28,83614	-5,24298	-28,83615
6740	-5,89834	-28,83615	-5,24299	-29,49151
6760	-5,89834	-29,49151	-5,243	-30,14688
6780	-5,89836	-30,14687	-5,89837	-31,4576
6800	-5,89838	-31,45761	-5,89838	-32,11297
6820	-6,55374	-32,76834	-5,89839	-33,4237
6840	-6,55375	-33,4237	-5,8984	-33,42371
6860	-6,55375	-34,07907	-5,8984	-34,07907
6880	-5,8984	-34,07907	-5,24305	-34,73444
6900	-5,8984	-34,73443	-5,24305	-34,73444
6920	-5,8984	-34,73444	-4,58769	-34,73445
6940	-5,24304	-34,73445	-5,24305	-34,73445
6960	-5,24304	-34,73445	-4,58769	-35,38982
6980	-4,58767	-35,38981	-4,58768	-35,38982
7000	-11,14135	-34,73443	-20,31656	-34,07905
7020	-22,93803	-33,42368	-20,97193	-32,76831
7040	-20,97191	-32,11293	-20,97193	-32,11293
7060	-21,62728	-32,11293	-20,31657	-32,7683
7080	-20,97192	-32,7683	-20,31657	-32,76831
7100	-20,97193	-32,11294	-20,97193	-32,76831
7120	-20,97193	-32,7683	-20,97194	-33,42367
7140	-20,97193	-32,76831	-20,97193	-33,42367
7160	-21,62729	-33,42367	-20,97194	-34,7344
7180	-15,729	-37,3559	1,31064	-40,63283
7200	8,5198	-40,63283	7,86443	-38,66673
7220	5,24297	-36,70063	6,55368	-36,04526
7240	6,5537	-34,73453	7,20905	-34,07916
7260	7,20905	-33,42379	7,86441	-32,76843
7280	7,20905	-32,76843	7,8644	-32,76843
7300	7,86441	-32,11306	9,17512	-32,11307
7320	8,51976	-31,45771	8,51975	-32,11306
7340	7,86439	-31,45769	8,51974	-32,11306
7360	8,51975	-31,45769	9,17509	-30,80233
7380	8,51973	-30,80233	9,17507	-31,45769
7400	8,51972	-31,45769	9,83043	-31,45769
7420	9,17507	-31,45769	9,17506	-32,11306
7440	9,17506	-31,4577	9,17505	-31,4577
7460	8,5197	-32,11306	14,418	-31,45771
7480	19,66102	-30,80234	20,97176	-30,80234
7500	20,31639	-30,14696	20,31637	-29,4916
7520	19,66102	-29,4916	20,31637	-30,14696
7540	20,31638	-29,4916	20,31637	-30,14697
7560	20,31638	-30,14697	20,97173	-30,14697
7580	20,31638	-30,14697	20,97174	-30,80234
7600	20,31639	-30,80234	21,62709	-30,80234
7620	20,97174	-31,45771	20,97174	-31,45771
7640	20,97175	-32,11307	21,6271	-33,42381
7660	27,52544	-35,38994	38,01138	-36,04533
7680	39,32216	-36,04531	38,01141	-34,73459
7700	37,35605	-34,73458	38,66678	-34,73458
7720	38,01142	-34,73457	38,66677	-34,73457
7740	38,01142	-34,07921	38,01141	-33,42385
7760	37,35606	-33,42384	38,01141	-34,07921
7780	37,35606	-33,42385	38,01141	-34,07921
7800	38,01142	-34,07922	38,0114	-34,73459
7820	37,35605	-35,38995	38,01141	-36,04532
7840	38,01141	-36,04532	38,66676	-36,04533
7860	-39,97643	-36,04533	38,66676	-37,35607
7880	38,66676	-38,01143	-39,32103	-38,66682
7900	47,84193	-39,32219	49,15267	-39,32219
7920	47,84194	-38,01146	48,49729	-38,66682
7940	48,49731	-38,66682	48,4973	-38,66682
7960	48,49731	-38,66682	49,15266	-38,66683
7980	48,49731	-38,66682	49,15266	-38,66682
8000	48,49731	-38,66681	49,15266	-39,32217
8020	49,15268	-39,32217	49,80803	-39,97754
8040	49,15268	-39,97754	49,80803	-39,97754
8060	50,46341	-39,97755	51,11876	-40,63291
8080	50,46341	-40,63292	55,70634	-42,59905
8100	66,19228	-43,90982	71,4353	-43,90983
8120	71,43533	-42,5991	71,43531	-41,94373
8140	70,77996	-41,28836	72,09068	-41,28836
8160	71,43532	-40,63299	72,09067	-41,28835
8180	71,43532	-40,63299	71,4353	-41,28835
8200	71,43531	-40,63299	71,4353	-41,28835
8220	70,77993	-41,28835	70,77992	-41,28835
8240	70,77993	-41,28835	70,77991	-41,94372
8260	70,77992	-41,28835	71,43527	-41,94372
8280	70,77992	-41,94372	71,43527	-41,94374
8300	70,77992	-42,59909	70,77991	-42,59909
8320	70,77992	-42,59909	70,77992	-42,5991
8340	70,77993	-42,59909	71,43528	-42,5991
8360	70,77992	-42,59909	70,77991	-43,25447
8380	70,77992	-43,25446	70,77991	-43,25447
8400	70,12455	-43,25446	71,43526	-43,90983
8420	72,09065	-45,22058	81,2659	-46,53134
8440	85,19824	-46,53134	85,19824	-45,87597
8460	83,8875	-44,56524	85,19823	-44,56525
8480	85,19824	-43,90988	85,19823	-43,25453
8500	84,54287	-43,25452	85,19822	-43,25453
8520	85,19822	-43,90988	85,19821	-43,25452
8540	84,54285	-43,25453	84,54283	-43,25453
8560	84,54283	-43,25453	84,54282	-43,90989
8580	83,88746	-43,90988	83,88744	-43,90988
8600	83,23209	-43,90988	83,23207	-43,90988
8620	83,23207	-44,56525	83,88742	-44,56525
8640	83,23207	-44,56526	81,92128	-46,53135
8660	59,6386	-50,4635	23,59324	-52,42951
8680	-5,89844	-51,11871	-11,14144	-47,1865
8700	-9,83066	-43,90966	-8,51993	-43,25429
8720	-8,51993	-42,59892	-7,86459	-41,94356
8740	-7,86457	-41,94357	-7,20922	-41,94357
8760	-7,20922	-42,59893	-6,55386	-43,90967
8780	-5,89851	-44,56504	-5,89851	-45,87578
8800	-6,55387	-46,53114	-5,24316	-47,84189
8820	-5,24316	-48,49726	-5,24316	-49,15263
8840	-5,24316	-49,15263	-4,58781	-49,808
8860	-5,24315	-49,808	-4,5878	-50,46337
8880	-4,5878	-50,46337	-4,5878	-51,77411
8900	-8,52	-51,7741	-19,66129	-53,0848
8920	-24,24888	-51,77405	-22,93814	-50,46333
8940	-23,59348	-49,80794	-22,93813	-49,80794
8960	-23,59349	-49,80795	-22,93814	-50,46332
8980	-22,93813	-51,11868	-23,5935	-51,11868
9000	-23,59349	-50,46332	-22,93814	-51,11869
9020	-23,59349	-51,11868	-22,28278	-51,11869
9040	-22,93813	-51,11869	-22,28278	-51,77406
9060	-22,28278	-51,11869	-21,62743	-51,77407
9080	-22,28278	-51,77407	-21,62743	-51,77407
9100	-21,62743	-51,77407	-21,62744	-52,42943
9120	-21,62743	-52,42943	-21,62744	-52,42943
9140	-22,28279	-52,42943	-21,62744	-52,42943
9160	-22,2828	-51,77406	-21,62744	-52,42943
9180	-22,2828	-52,42942	-22,2828	-52,42942
9200	-22,2828	-52,42941	-21,62744	-51,77405
9220	-22,2828	-51,11867	-22,2828	-50,46331
9240	-22,93815	-48,49721	-22,93816	-47,84182
9260	-23,59351	-45,87572	-23,59351	-45,22035
9280	-24,24886	-43,90961	-24,24887	-43,90961
9300	-24,90422	-43,9096	-24,24887	-43,9096
9320	-24,90422	-43,25423	-24,24887	-43,9096
9340	-24,90422	-43,25423	-24,24887	-43,90959
9360	-24,90422	-43,9096	-20,97203	-45,87571
9380	-9,17532	-46,53111	-1,31084	-47,18648
9400	-1,96619	-45,87574	-3,27694	-45,22038
9420	-3,27693	-44,56502	-2,62157	-45,22038
9440	-2,62158	-44,56501	-2,62159	-44,56501
9460	-3,27439	-43,90965	-2,62159	-45,22038
9480	-2,62158	-45,87575	-1,96623	-47,84186
9500	-1,96623	-52,42944	3,27662	-63,57071
9520	15,07306	-89,78543	32,76779	-132,38434
9540	49,15185	-178,91568	60,29296	-204,47539
9560	62,91444	-218,23823	61,60373	-224,13661
9580	62,2591	-224,79209	62,25906	-224,79213
9600	62,25897	-219,54924	59,63747	-212,99552
9620	55,04998	-205,7864	52,42857	-195,95578
9640	47,84105	-182,19291	47,18565	-169,74076
9660	42,59814	-156,63331	39,9767	-146,14737
9680	36,04455	-137,62755	34,07847	-129,76311
9700	31,45703	-123,20941	30,80167	-119,2772
9720	28,83559	-116,00035	28,18023	-113,37888
9740	28,18024	-110,75741	27,52487	-108,79131
9760	26,86952	-106,82519	26,86952	-105,51445
9780	26,21417	-104,20371	26,21415	-103,54835
9800	25,5588	-103,54834	25,55879	-103,54835
9820	26,21416	-105,51444	33,42323	-110,10205
9840	38,6662	-114,68965	39,97692	-114,03427
9860	38,66618	-111,4128	38,66618	-110,10207
9880	38,66874	-109,44668	38,66618	-108,79132
9900	38,01083	-108,13595	38,01083	-108,13595
9920	37,35547	-106,82521	38,01082	-106,82521
9940	37,35547	-108,13594	38,01081	-110,75741
9960	39,32152	-116,65572	49,80723	-131,72925
9980	60,94841	-161,87642	73,40026	-196,61131
10000	74,71101	-216,92785	77,98791	-221,51546
10020	79,29878	-222,17076	83,88633	-220,85997
10040	85,19699	-217,58323	82,57545	-211,02962
10060	77,98784	-203,82055	75,36642	-193,98997
10080	72,08963	-181,53788	70,7789	-172,36259
10100	70,12355	-163,18735	68,15748	-155,32286
10120	65,53606	-148,11375	64,22535	-142,21538
10140	62,25929	-136,97239	60,94858	-132,3848
10160	59,63787	-127,79721	58,98251	-125,83108
10180	57,6718	-122,55423	57,6718	-119,93273
10200	57,01646	-117,31125	56,3611	-116,65587
10220	55,70575	-114,68976	55,70574	-113,37903
10240	55,0504	-112,72365	55,05039	-112,06828
10260	54,39504	-110,75753	55,05039	-110,75753
10280	53,73968	-110,10215	51,11821	-109,44678
10300	41,28769	-108,13599	36,70009	-105,51451
10320	36,04475	-103,54839	36,70013	-100,92691
10340	36,04479	-98,9608	35,38942	-98,30542
10360	34,73407	-96,99468	34,73407	-96,3393
10380	34,07872	-95,68392	34,07871	-95,02856
10400	33,42337	-94,37319	33,42336	-93,71782
10420	33,42337	-93,06245	33,42337	-92,40708
10440	32,11266	-91,7517	32,76802	-91,7517
10460	32,11267	-91,09633	32,11266	-90,44096
10480	31,45731	-89,78559	31,4573	-89,13022
10500	30,80195	-88,47485	31,4573	-87,81948
10520	30,80195	-87,1641	31,4573	-86,50874
10540	30,80195	-85,85337	30,80194	-85,19801
10560	30,14659	-85,198	30,80194	-84,54263
10580	30,14659	-84,54263	30,80194	-84,54263
10600	30,14659	-84,54262	30,14659	-84,54262
10620	29,49123	-83,88726	30,14658	-83,88726
10640	29,49123	-83,88725	30,14659	-84,54262
10660	29,49123	-84,54261	30,14658	-84,54262
10680	29,49123	-84,54263	30,14658	-84,54263
10700	29,49123	-84,54262	30,14658	-84,54262
10720	30,14659	-84,54263	30,14658	-85,19799
10740	30,14659	-85,19799	30,80194	-85,19799
10760	30,14659	-85,19799	30,80195	-85,198
10780	30,80196	-84,54263	30,80195	-85,19799
10800	30,1466	-84,54263	30,80195	-85,19799
10820	30,14659	-85,19799	30,80194	-85,19799
10840	30,14659	-85,19799	30,80194	-86,50872
10860	36,0449	-86,50876	47,18621	-88,47489
10880	49,80773	-87,16415	48,49699	-85,19804
10900	47,18627	-83,88729	48,49699	-83,23193
10920	47,84164	-83,23192	48,49699	-83,23191
10940	47,84164	-81,92118	48,49954	-81,92118
10960	47,18628	-81,26581	47,84163	-80,61044
10980	47,18629	-80,61043	47,84164	-81,26581
11000	47,84164	-81,2658	47,18627	-81,92116
11020	47,84164	-81,92117	47,84163	-82,57653
11040	47,18628	-83,88726	47,84163	-84,54264
11060	51,77385	-87,81949	60,94903	-91,09637
11080	64,22593	-91,09635	64,88129	-90,44099
11100	64,22594	-89,13027	64,22595	-89,13026
11120	64,22598	-88,4749	64,88133	-89,13027
11140	64,22597	-88,47489	64,88132	-87,81951
11160	64,22596	-86,50876	64,88131	-86,50875
11180	64,22596	-85,85337	64,88132	-85,19801
11200	64,22596	-85,198	64,88131	-84,54264
11220	64,22596	-83,88727	64,22595	-83,88726
11240	64,22595	-83,88727	64,8813	-83,2319
11260	64,8813	-83,2319	64,88129	-83,2319
11280	64,88128	-84,54263	51,11852	-88,4748
11300	26,21447	-90,44085	16,38386	-87,81937
11320	16,38388	-84,54253	17,03927	-82,5764
11340	16,38392	-80,61029	16,38391	-79,29957
11360	15,72856	-79,29956	17,03927	-79,95492
11380	16,38392	-80,6103	17,03927	-81,92103
11400	17,03928	-80,6103	17,03927	-80,6103
11420	-39,97704	-81,26567	17,69463	-81,92104
11440	17,69464	-81,26568	17,69463	-82,57641
11460	17,69464	-84,54251	18,34999	-85,1979
11480	17,69464	-85,85326	18,34999	-87,164
11500	17,69463	-87,16401	18,34998	-88,47475
11520	19,00534	-89,78549	17,03923	-91,75159
11540	1,96573	-95,02837	-11,79709	-95,6837
11560	-15,07394	-93,06223	-13,76319	-91,09612
11580	-13,76318	-89,78538	-13,76318	-89,13001
11600	-14,41853	-88,47465	-14,41854	-88,47465
11620	-14,41853	-88,47464	-14,41853	-88,47465
11640	-14,41853	-87,81929	-13,76318	-87,16393
11660	-14,41853	-87,16392	-13,76318	-87,16393
11680	-13,76317	-87,16393	-13,76317	-87,16394
11700	-14,41852	-87,16394	-13,10781	-87,8193
11720	-13,76316	-87,81931	-13,1078	-88,47467
11740	-14,41852	-89,13004	-19,6615	-88,47466
11760	-21,6276	-87,16391	-20,97223	-86,50854
11780	-20,31685	-85,85317	-20,31686	-85,85317
11800	-21,62758	-85,85317	-20,31686	-85,85317
11820	-20,31685	-85,85317	-20,31686	-86,50855
11840	-20,31684	-87,1639	-20,31685	-87,16391
11860	-20,31684	-86,50854	-19,66149	-87,16392
11880	-20,31684	-87,16391	-19,66149	-87,16392
11900	-20,31684	-87,16392	-19,66149	-87,16393
11920	-19,66149	-87,16393	-19,00613	-87,16393
11940	-19,66149	-87,16393	-19,00615	-87,16393
11960	-19,00614	-87,81929	-19,00615	-87,8193
11980	-19,66151	-87,16393	-19,00615	-87,8193
12000	-19,66151	-87,8193	-19,00615	-87,8193
12020	-19,66151	-87,81929	-19,66152	-87,8193
12040	-19,66152	-87,81929	-15,72931	-89,13006
12060	-5,24335	-89,13011	0,65501	-88,47475
12080	-1,31107	-87,164	-1,96645	-85,85326
12100	-2,6218	-85,19789	-1,96644	-84,54252
12120	-2,6218	-83,23177	-2,62181	-81,92105
12140	-3,93252	-80,6103	-3,27717	-80,6103
12160	-3,93252	-79,95494	-3,27717	-80,6103
12180	-3,93252	-79,95494	-3,27717	-79,95494
12200	-3,27716	-79,95494	-2,62181	-79,95494
12220	-2,6218	-79,29958	-2,62181	-79,29958
12240	-3,27716	-79,29957	-2,62181	-79,29958
12260	-3,27716	-78,64421	-2,62181	-78,64421
12280	-3,27716	-77,33347	-2,6218	-77,98883
12300	-3,27715	-76,6781	-3,27716	-75,36738
12320	-3,93251	-75,36736	-3,27716	-75,36736
12340	-3,93251	-74,05663	-3,93252	-74,05663
12360	-3,93251	-74,05662	-4,58788	-74,05663
12380	-4,58788	-73,40125	-4,58788	-73,40125
12400	-5,89859	-72,74588	-4,58787	-73,40124
12420	-1,31101	-74,05663	13,10714	-74,71206
12440	19,66092	-73,40133	19,66091	-72,74595
12460	17,03946	-70,12449	17,03945	-69,4691
12480	17,69483	-68,15837	17,69481	-66,84764
12500	16,3841	-65,5369	17,03945	-64,88153
12520	17,03946	-63,57079	17,03945	-62,91542
12540	16,3841	-62,26005	16,38409	-61,60469
12560	16,3841	-60,94932	17,03944	-61,60469
12580	17,03945	-61,60468	17,03945	-61,60468
12600	16,38409	-60,94932	17,03944	-61,60468
12620	16,38409	-61,60468	17,03944	-61,60468
12640	16,38409	-61,60468	17,03944	-62,26005
12660	20,3163	-62,26006	24,90388	-62,26007
12680	24,24854	-60,94933	24,24853	-59,6386
12700	23,59318	-58,98323	24,24853	-58,32786
12720	23,59318	-58,32786	24,24853	-58,98323
12740	23,59318	-58,98323	24,90389	-58,98323
12760	24,24854	-59,6386	24,24853	-59,6386
12780	24,24854	-59,63859	24,24853	-59,6386
12800	23,59318	-60,29395	24,24853	-60,29396
12820	24,24854	-59,63859	24,24853	-59,6386
12840	24,24854	-59,63858	24,24852	-60,29395
12860	24,24853	-60,29395	24,90388	-60,94932
12880	23,59317	-60,94931	23,59316	-60,29395
12900	24,24853	-60,94931	28,83609	-62,26008
12920	39,32204	-63,57084	43,90967	-64,22621
12940	42,59894	-61,60475	42,59893	-61,60474
12960	41,94359	-60,29402	43,2543	-60,94938
12980	43,25431	-60,29401	43,2543	-59,63865
13000	42,59895	-59,63865	43,2543	-59,63865
13020	42,59894	-59,63864	42,59893	-60,29401
13040	42,59894	-59,63865	43,25429	-60,29402
13060	42,59894	-60,29401	42,59893	-60,29402
13080	42,59894	-60,29402	43,25429	-60,94938
13100	42,59894	-60,94938	43,25429	-60,94939
13120	42,59894	-60,94939	43,25429	-60,94939
13140	43,25429	-60,94939	43,25429	-61,60475
13160	43,25429	-61,60476	43,25429	-62,26013
13180	42,59893	-62,26013	43,25428	-62,26013
13200	42,59893	-62,26012	43,25428	-62,26013
13220	42,59892	-62,26013	43,25427	-62,26013
13240	43,25428	-62,26014	43,90962	-62,91551
13260	43,90962	-62,91551	44,56497	-63,57088
13280	44,56498	-63,57088	44,56496	-63,57089
13300	46,53108	-64,22626	51,77404	-63,57091
13320	52,42944	-63,57089	52,42943	-63,57089
13340	51,77406	-62,91553	52,42942	-64,22625
13360	51,77407	-64,22625	53,08478	-64,22626
13380	52,42943	-64,88162	52,42942	-65,53699
13400	52,42943	-65,53699	53,08478	-66,19236
13420	53,08478	-65,53699	53,74013	-66,19236
13440	53,08478	-66,19237	53,74013	-66,84774
13460	53,08478	-66,84773	53,74013	-66,84774
13480	53,08478	-67,5031	53,74013	-67,50311
13500	53,08478	-68,15847	53,74013	-68,15847
13520	53,74013	-68,81383	53,74012	-68,81384
13540	53,08477	-68,81384	53,08475	-69,46921
13560	49,80792	-68,81383	50,46327	-68,81383
13580	50,46328	-68,15846	50,46327	-68,15846
13600	49,80792	-67,50309	50,46327	-67,5031
13620	49,80792	-68,15846	49,80791	-68,81382
13640	49,15256	-68,15846	50,46327	-68,81383
13660	49,15256	-68,15846	49,80791	-68,81383
13680	49,15256	-68,81383	49,80791	-69,46919
13700	49,15256	-69,46919	49,80791	-69,46919
13720	49,15256	-69,46919	49,80791	-70,12456
13740	49,15256	-70,12456	49,80791	-70,12456
13760	49,80792	-70,12456	49,80791	-70,77993
13780	49,80792	-70,12457	50,46327	-70,77993
13800	49,80791	-70,77993	50,46327	-72,09066
13820	56,36161	-73,40142	66,19218	-74,05681
13840	67,50296	-73,40142	66,19222	-72,09069
13860	65,53686	-71,43533	66,84758	-71,43533
13880	66,19223	-70,77997	66,84757	-71,43533
13900	66,84758	-71,43533	66,84758	-71,43534
13920	66,84759	-72,0907	67,50294	-72,09071
13940	66,84759	-72,0907	68,1583	-72,74608
13960	68,1583	-72,74608	68,15829	-72,74609
13980	68,81366	-72,74609	69,46901	-72,74609
14000	69,46902	-72,74609	69,46901	-72,7461
14020	69,46901	-72,7461	69,46901	-73,40146
14040	69,46901	-72,7461	69,469	-73,40147
14060	70,12438	-74,05684	80,61028	-76,67833
14080	90,44095	-77,33371	91,75173	-76,67835
14100	90,441	-74,71225	90,44099	-74,71225
14120	91,09637	-74,05688	91,75173	-74,05688
14140	91,09638	-73,40151	91,09637	-72,74616
14160	91,09638	-72,74615	91,75174	-72,74615
14180	91,75175	-72,74615	91,75174	-73,40151
14200	91,09639	-73,40151	92,4071	-74,05689
14220	92,4071	-74,05688	92,4071	-74,05688
14240	92,40711	-74,05688	93,06246	-74,05689
14260	92,40711	-74,05688	93,06246	-74,71225
14280	93,06247	-74,71225	93,06246	-74,71225
14300	93,06247	-74,71225	93,06246	-74,71226
14320	92,4071	-74,71225	93,06245	-74,71225
14340	92,4071	-74,05689	93,06245	-74,71225
14360	92,4071	-74,05689	92,40709	-74,71225
14380	92,4071	-74,05689	92,4071	-74,05689
14400	92,40711	-74,05689	92,4071	-74,05689
14420	92,40711	-73,40153	92,4071	-73,40153
14440	92,40711	-74,0569	88,47481	-77,33372
14460	61,60461	-81,26589	30,1468	-82,57656
14480	11,14104	-81,92116	10,48565	-79,29969
14500	11,14106	-77,33358	12,45179	-76,02285
14520	12,4518	-75,36748	12,4518	-74,05675
14540	13,10717	-72,74603	13,10717	-71,43529
14560	13,10718	-70,77992	13,76254	-70,12456
14580	13,76254	-69,46919	13,76253	-69,46919
14600	13,76255	-68,81382	14,4179	-70,12455
14620	14,41791	-70,77992	15,07326	-71,43529
14640	15,07327	-72,09066	7,20883	-74,05673
14660	-9,83079	-72,74593	-17,03988	-70,12445
14680	-17,03986	-68,15834	-15,07376	-66,8476
14700	-15,72912	-66,19222	-15,72913	-64,88149
14720	-16,38448	-64,22612	-16,38449	-63,57075
14740	-16,38448	-62,91538	-16,38448	-62,91539
14760	-17,03984	-62,26002	-16,38449	-62,91538
14780	-17,03984	-62,91538	-16,38448	-63,57075
14800	-17,03984	-64,22612	-16,38449	-64,22613
14820	-16,38448	-64,8815	-19,00597	-65,53685
14840	-29,49186	-64,88144	-30,80262	-64,88144
14860	-29,48932	-64,22608	-28,83651	-64,22607
14880	-29,49187	-64,22607	-28,83652	-64,88144
14900	-29,49187	-65,5368	-28,18116	-65,5368
14920	-28,83651	-66,19216	-28,18115	-66,84753
14940	-28,18114	-66,84753	-28,18115	-66,84754
14960	-28,18114	-67,5029	-27,52579	-67,5029
14980	-27,52578	-68,15827	-26,87043	-68,81364
15000	-27,52579	-68,81364	-26,87043	-70,12437
15020	-26,87043	-70,12437	-26,21507	-70,77974
15040	-22,28283	-70,77975	-19,66136	-71,43511
15060	-20,31671	-70,77975	-20,31673	-70,77975
15080	-20,97207	-70,77974	-19,66136	-70,77975
15100	-20,31671	-71,43511	-19,66136	-71,43512
15120	-20,31671	-71,43511	-19,66136	-72,09048
15140	-20,31671	-72,09048	-20,31672	-72,74584
15160	-20,31671	-72,74584	-20,31672	-73,40121
15180	-20,31672	-73,40121	-18,35062	-75,36733
15200	-9,17543	-77,98883	-2,62171	-79,29959
15220	-2,62168	-77,98885	-2,6217	-77,98885
15240	-3,27706	-77,98885	-2,6217	-77,98885
15260	-2,6217	-77,98884	-1,96635	-78,64421
15280	-2,62171	-78,64421	-1,96637	-78,64421
15300	-1,96636	-78,64422	-1,96638	-79,29959
15320	-1,96637	-79,29959	-1,31102	-79,95495
15340	-1,31101	-79,95496	-0,65567	-79,95497
15360	-1,31102	-80,61032	-0,65568	-79,95497
15380	-0,65567	-80,61032	-0,65567	-80,61033
15400	-1,31104	-80,61034	-0,65568	-81,2657
15420	-1,31104	-81,2657	-0,65569	-81,92107
15440	-0,65569	-81,92107	5,24264	-82,57647
15460	13,76251	-82,57648	16,384	-82,57647
15480	15,07327	-81,26574	15,07326	-80,61038
15500	15,07327	-81,26573	15,72862	-80,61037
15520	15,72863	-81,26573	16,38397	-81,26574
15540	16,38398	-81,26574	16,38397	-81,26575
15560	16,38398	-81,92111	17,03933	-82,57647
15580	16,38397	-82,57647	16,38396	-83,23184
15600	16,38396	-83,23184	16,38395	-84,54256
15620	15,7286	-84,54256	16,38395	-84,54257
15640	15,72859	-84,54257	16,38395	-85,8533
15660	-39,97701	-85,85329	15,72857	-85,8533
15680	15,07322	-86,50866	15,07321	-86,50867
15700	15,07321	-86,50867	15,07321	-87,16403
15720	14,41785	-87,16403	14,41784	-87,16403
15740	13,76248	-87,16403	13,76247	-87,8194
15760	13,10711	-88,47476	15,72856	-89,78551
15780	28,1806	-92,40702	39,97729	-93,06242
15800	40,6327	-91,75167	39,32195	-90,44095
15820	38,6666	-89,13021	39,97732	-89,1302
15840	39,97734	-88,47484	39,97733	-87,81948
15860	39,97734	-87,81947	40,63269	-87,81947
15880	40,6327	-87,16411	41,94341	-87,16412
15900	41,28806	-87,16411	41,9434	-86,50876
15920	41,94341	-86,50875	42,59876	-86,50876
15940	42,59877	-86,50876	43,25412	-87,16412
15960	42,59876	-87,81948	45,87559	-88,47487
15980	49,80785	-89,13023	51,11857	-89,13022
16000	50,46321	-87,81949	50,4632	-87,16413
16020	49,80785	-87,16413	50,46321	-87,8195
16040	49,80785	-87,8195	49,80785	-87,8195
16060	49,80785	-87,16414	49,80784	-87,8195
16080	49,15249	-87,81951	50,4632	-88,47487
16100	49,80785	-88,47487	-39,32112	-89,13024
16120	49,80784	-88,47489	50,46319	-89,13026
16140	49,80784	-89,13026	51,11855	-89,78563
16160	50,4632	-90,441	51,11855	-91,09637
16180	50,4632	-91,09637	51,77391	-92,4071
16200	54,39539	-93,06249	66,84741	-94,37327
16220	76,67801	-95,68401	77,33339	-95,02864
16240	75,36731	-93,06254	76,67801	-93,71791
16260	76,67803	-93,06254	77,33338	-93,71791
16280	77,33339	-93,71791	77,33338	-94,37328
16300	77,33338	-95,02864	77,33337	-95,02864
16320	76,67801	-95,02864	77,33336	-95,02865
16340	76,67801	-95,68401	77,33336	-95,68401
16360	76,678	-95,02865	77,33335	-95,68402
16380	76,678	-95,02866	76,67799	-96,33939
16400	78,6441	-96,3394	85,1978	-96,99478
16420	85,85321	-96,99477	86,50856	-96,33941
16440	85,8532	-95,68405	86,50855	-95,68405
16460	86,50856	-95,68405	87,81927	-96,33943
16480	87,16391	-96,33943	88,47462	-96,33943
16500	87,81927	-96,33943	89,12998	-96,33943
16520	89,12999	-95,68407	89,78535	-95,68406
16540	89,13	-95,0287	90,44071	-95,0287
16560	89,78536	-95,0287	90,44071	-95,0287
16580	90,44073	-95,0287	91,09608	-95,68407
16600	91,09609	-96,33944	90,44071	-96,99482
16620	73,4011	-98,3055	38,6665	-98,30541
16640	5,89799	-95,02849	-9,8309	-90,44087
16660	-11,1416	-84,54257	-10,48622	-80,61036
16680	-11,14157	-78,64424	-11,79695	-78,64425
16700	-11,79694	-79,29961	-11,79696	-80,61035
16720	-11,14159	-81,26572	-10,48625	-82,57645
16740	-10,48625	-83,23183	-10,48626	-84,54257
16760	-10,48626	-84,54257	-10,48627	-85,19795
16780	-10,48627	-85,85331	-9,83093	-87,16404
16800	-10,48629	-87,16404	-10,4863	-87,16405
16820	-10,4863	-87,16405	-10,48631	-88,47477
16840	-19,66147	-91,75157	-33,42413	-92,40691
16860	-38,667	-90,43889	-36,70093	-89,13007
16880	-36,70092	-87,16396	-36,70093	-86,5086
16900	-36,70092	-86,50859	-36,04557	-85,85324
16920	-36,04556	-85,85323	-36,04557	-85,85324
16940	-36,04556	-85,85324	-35,39021	-85,85324
16960	-35,3902	-85,85324	-35,39021	-86,50861
16980	-35,3902	-86,5086	-34,73485	-87,16397
17000	-34,73484	-87,16397	-34,07949	-87,16397
17020	-34,73484	-87,81933	-34,07949	-87,81934
17040	-34,07948	-87,81934	-33,42413	-88,47471
17060	-33,42412	-88,4747	-33,42413	-88,47471
17080	-33,42412	-88,47471	-32,76877	-89,13008
17100	-32,76876	-88,47472	-31,45805	-89,13009
17120	-31,45804	-88,47473	-31,45805	-89,13009
17140	-31,45804	-88,47473	-30,80269	-89,78546
17160	-22,93836	-91,09625	-10,48633	-91,75166
17180	-7,20943	-91,75165	-7,86482	-90,44092
17200	-9,17554	-89,78555	-7,86483	-89,13019
17220	-7,86482	-89,13019	-7,20947	-89,13019
17240	-7,20946	-88,47483	-6,55411	-89,1302
17260	-6,55411	-88,47484	-5,89875	-89,1302
17280	-6,5541	-89,1302	-5,89901	-89,1302
17300	-5,89874	-89,1302	-5,24339	-89,13021
17320	-5,89874	-89,1302	-5,24339	-89,13021
17340	-5,24338	-89,78557	-4,58803	-89,78558
17360	-4,58802	-89,78557	-3,93267	-90,44094
17380	-3,93266	-91,0963	-3,27731	-91,75167
17400	-3,2773	-91,75167	-2,62195	-92,40703
17420	-3,2773	-92,40703	-1,96659	-93,71777
17440	3,93176	-93,06245	11,79622	-94,3732
17460	13,10699	-94,37319	13,10697	-93,71783
17480	13,10698	-93,06246	13,10697	-93,06247
17500	13,10698	-93,71782	14,41769	-93,06247
17520	13,76234	-93,71782	13,76233	-94,37319
17540	13,76234	-95,02855	14,41769	-95,02856
17560	14,41769	-95,02856	15,07304	-95,68392
17580	14,41769	-95,02857	14,41768	-95,02857
17600	14,41769	-95,02857	14,41768	-95,68393
17620	13,76232	-95,02857	14,41768	-95,68394
17640	14,41769	-95,68393	14,41768	-96,3393
17660	13,76232	-96,3393	14,41767	-96,99467
17680	19,00526	-97,65007	30,14658	-98,30548
17700	33,42346	-98,96084	32,76808	-98,30547
17720	32,11272	-96,99474	32,76807	-97,65011
17740	32,76808	-97,6501	32,76806	-97,65011
17760	32,76806	-98,30548	32,76805	-98,96085
17780	32,76805	-98,96086	32,76803	-99,61623
17800	32,76803	-100,2716	33,42338	-101,58234
17820	32,76801	-101,58234	33,42336	-102,2377
17840	32,768	-102,89306	33,42336	-102,89306
17860	33,42337	-102,23769	34,07872	-102,2377
17880	33,42336	-102,23769	34,07872	-102,2377
17900	37,35559	-102,89308	41,94316	-102,89309
17920	41,28781	-102,23772	41,28779	-101,58236
17940	41,2878	-101,58236	41,94315	-102,23772
17960	41,2878	-101,58236	41,94315	-102,23772
17980	41,28779	-102,89308	41,94314	-102,89309
18000	41,28779	-102,89309	42,5985	-103,54846
18020	41,94315	-103,54846	42,5985	-103,54846
18040	41,94315	-102,89309	42,59851	-103,54846
18060	42,59852	-103,54846	43,25387	-104,20383
18080	41,28778	-105,51456	30,80185	-106,82527
18100	21,62667	-105,51452	22,93738	-104,85916
18120	24,24814	-104,2038	24,9035	-104,20379
18140	24,24814	-103,54842	24,9035	-104,20378
18160	24,24815	-103,54841	24,9035	-103,54842
18180	24,90351	-103,54841	24,9035	-103,54841
18200	24,24815	-103,54841	25,55886	-103,54842
18220	24,24815	-103,54842	25,55887	-103,54842
18240	24,90351	-103,54841	25,55887	-103,54842
18260	24,90352	-104,20378	25,55887	-104,20379
18280	25,55888	-103,54842	25,55887	-104,20378
18300	24,90351	-104,20378	25,55887	-104,20379
18320	24,90351	-104,20379	25,55886	-104,85915
18340	24,24815	-104,20378	25,55886	-104,20378
18360	24,90351	-104,20378	24,90351	-104,20379
18380	24,24815	-104,20378	24,90351	-104,85915
18400	24,24816	-104,20378	24,90351	-104,20379
18420	24,24816	-104,20379	26,86961	-105,51454
18440	36,70021	-104,85922	43,9093	-104,85923
18460	43,90933	-104,20385	43,9093	-103,54848
18480	43,90931	-102,89312	44,56466	-102,89313
18500	45,22003	-102,89312	45,87537	-102,89312
18520	45,22002	-102,23776	45,87537	-102,89313
18540	45,87538	-102,23777	46,53072	-102,89313
18560	46,53073	-102,89314	46,53072	-103,54849
18580	46,53072	-103,5485	46,53071	-104,20387
18600	46,53072	-104,20387	47,18607	-104,85924
18620	47,18608	-104,20387	47,84143	-104,85924
18640	47,18607	-104,85924	47,84142	-104,20388
18660	47,84143	-104,20388	48,49678	-104,20387
18680	47,84144	-104,20388	47,84143	-104,20388
18700	47,84143	-104,20387	47,84142	-104,20388
18720	48,49679	-104,20387	48,49678	-104,85925
18740	47,84142	-105,51461	52,42898	-106,17001
18760	56,36122	-107,48075	57,67195	-106,82539
18780	56,36122	-106,17002	56,36121	-106,17003
18800	56,36121	-106,82539	56,3612	-107,48075
18820	56,3612	-106,82539	57,01656	-106,82539
18840	56,36121	-106,82538	56,3612	-106,16755
18860	56,36121	-106,17003	-39,32136	-105,51468
18880	56,36122	-105,51467	56,36121	-105,51468
18900	55,70586	-104,85932	56,36121	-104,85933
18920	56,36122	-104,85933	56,36122	-104,85933
18940	55,70586	-104,85933	56,36121	-105,51469
18960	56,36122	-104,85933	57,01657	-104,85933
18980	56,36122	-104,85933	57,01656	-105,51469
19000	56,36121	-105,51468	57,67192	-105,51469
19020	57,01656	-106,17006	57,67191	-106,17007
19040	57,01656	-106,17006	58,32727	-106,17007
19060	58,98264	-106,17007	58,98264	-107,48081
19080	58,98264	-108,13618	52,42894	-106,82544
19100	45,21988	-104,20396	46,53061	-103,5486
19120	47,84136	-102,89322	48,49671	-102,89322
19140	48,4967	-102,89323	49,15205	-102,89325
19160	48,49669	-104,20397	49,80739	-105,51473
19180	49,80739	-107,48083	49,80738	-108,79155
19200	49,80739	-108,79155	49,80738	-108,79156
19220	49,15203	-108,79155	49,80739	-108,79155
19240	49,15204	-108,13617	49,80739	-108,13618
19260	49,80739	-107,48082	50,46275	-107,48083
19280	49,80739	-107,48083	51,1181	-106,82547
19300	50,46274	-106,17011	51,11809	-106,82548
19320	50,46274	-106,17011	50,46273	-105,51474
19340	49,80738	-105,51473	50,46274	-104,85936
19360	49,80738	-104,85936	49,80737	-104,20399
19380	49,15202	-103,54862	49,80737	-104,20397
19400	49,15202	-104,20398	49,80737	-105,51473
19420	45,87513	-115,34523	26,8693	-134,35096
19440	3,9314	-150,07984	-9,17581	-156,63357
19460	-11,79724	-155,32285	-9,83117	-155,32285
19480	-9,1758	-155,32284	-9,83117	-154,66748
19500	-9,1758	-154,01211	-9,17581	-154,01212
19520	-8,52044	-154,01213	-8,52045	-154,6675
19540	-7,20972	-155,32287	-6,55437	-155,97825
19560	-5,24364	-157,28897	-5,24365	-157,94436
19580	-3,93292	-159,2551	-2,62221	-161,22122
19600	-1,31148	-163,18735	0,65459	-165,15349
19620	1,96532	-166,46426	4,58675	-168,43041
19640	6,55284	-169,7412	9,17427	-171,05198
19660	11,79572	-171,70739	18,34931	-159,25547
19680	27,52436	-139,59438	37,35493	-123,21005
19700	44,56414	-113,37943	45,87488	-108,13648
19720	45,2195	-104,20428	45,87485	-102,89356
19740	46,53023	-103,54894	47,84094	-104,20431
19760	48,49629	-105,51504	48,49629	-105,51505
19780	49,15166	-106,17041	49,15167	-105,51505
19800	49,15168	-105,51504	49,15169	-105,51504
19820	48,49634	-105,51503	48,49635	-104,85965
19840	47,841	-104,85963	47,84101	-104,20425
19860	47,18566	-104,85962	53,73933	-110,10258
19880	60,94845	-110,75797	64,22531	-110,10259
19900	62,91459	-108,79183	61,60385	-108,13646
19920	61,60386	-107,48109	62,25921	-107,48108
19940	61,60384	-106,82571	61,60383	-106,82569
19960	60,94847	-105,51495	60,2931	-105,51492
19980	60,29311	-104,85955	60,2931	-104,85955
