T	LX	LY	RX	RY
0	0	0	0	0
20	9,9999999960687E-6	0	1,0000000003174E-5	0
40	0,65537	0	0,65537	0
60	0,65538	1,0000000003174E-5	0,65538	0,65537
80	0,65539	0,65537	0,65539	0,65537
100	3,0000000002417E-5	1,0000000003174E-5	0,65539	0,65537
120	3,9999999998486E-5	1,0000000003174E-5	3,0000000002417E-5	0,65537
140	0,6554	1,0000000003174E-5	0,6554	0,65538
160	0,6554	0,65537	1,96611	1,0000000003174E-5
180	1,96612	0	2,62146	-0,65535999999999
200	3,27683	-0,65535999999999	3,27682	0
220	3,27683	0	3,27682	0
240	3,93218	0	3,27681	0,65537
260	3,27682	1,0000000003174E-5	2,62146	0,65537
280	3,27682	1,0000000003174E-5	2,62146	0,65537
300	1,96611	1,0000000003174E-5	1,9661	-0,65535
320	1,96611	-1,31071	1,96609	-1,31071
340	1,96609	-1,31072	1,31073	-1,96608
360	2,62145	-1,96608	14,41805	-1,96608
380	20,3164	-3,2768	15,07346	-1,31072
400	14,4181	-1,31072	14,4181	-1,31071
420	14,41811	-1,31072	13,76274	-1,31071
440	14,41812	-1,96608	13,76275	-1,31072
460	13,76276	-1,96608	13,76276	-1,96608
480	13,76277	-2,62144	13,76277	-2,62144
500	13,76278	-2,62144	13,10741	-2,62144
520	13,10742	-2,62144	13,10742	-2,62143
540	13,10742	-2,62144	13,10741	-2,62143
560	12,45206	-3,27679	12,45205	-2,62143
580	13,10742	-3,2768	9,83059	-3,93216
600	5,000000000166E-5	-5,89826	-0,65534	-5,89826
620	1,31078	-5,24289	6,0000000004834E-5	-5,24288
640	7,0000000000903E-5	-5,89825	0,65543	-5,24289
660	0,65543	-5,89825	7,0000000000903E-5	-5,89824
680	0,65543	-5,89824	7,0000000000903E-5	-5,24288
700	0,65543	-5,24288	6,0000000004834E-5	-5,24288
720	0,65542	-5,89824	6,0000000004834E-5	-5,24287
740	5,9999999997729E-5	-5,24288	5,000000000166E-5	-4,58751
760	5,9999999997729E-5	-5,24287	-0,65531	-5,24287
780	-0,65531	-4,58752	-0,65531	-4,58752
800	-0,65531	-4,58752	-0,65532	-5,24288
820	-0,65532	-5,24288	-0,65533	-4,58752
840	-0,65533	-5,24288	-1,3107	-4,58752
860	-1,3107	-4,58752	-1,31072	-4,58752
880	-1,96608	-4,58752	-2,62145	-4,58752
900	-2,62145	-5,24288	-3,27683	-5,24288
920	-2,62147	-5,24289	-3,27684	-5,24288
940	-3,27683	-5,24289	-3,27684	-5,24288
960	-2,62148	-5,24289	-1,96612	-5,24288
980	-1,31076	-5,2429	-0,65539999999999	-5,89825
1000	-3,9999999998486E-5	-5,89826	0,65532	-5,89827
1020	1,31068	-6,55363	1,96604	-5,89827
1040	1,96604	-6,55364	1,96604	-6,55364
1060	2,62141	-6,55364	2,6214	-6,55364
1080	2,62141	-7,209	2,62141	-7,209
1100	3,27678	-7,86436	3,27678	-8,51972
1120	2,62142	-7,86436	2,62143	-8,51972
1140	3,27679	-9,17509	3,27678	-9,17508
1160	3,27679	-9,17509	3,27678	-9,17509
1180	3,93214	-9,17509	3,93214	-8,51973
1200	3,93215	-8,51973	3,93213	-7,86437
1220	3,93215	-8,51973	3,93215	-7,86437
1240	3,2768	-8,51973	3,27679	-8,51973
1260	2,62143	-8,51973	3,93215	-8,51974
1280	13,76266	-7,86437	21,62711	-9,17509
1300	20,31639	-8,51973	19,00564	-7,86437
1320	19,00567	-8,51972	19,00567	-7,86436
1340	19,00567	-8,51971	19,00566	-8,51972
1360	18,35031	-7,86436	18,3503	-7,86435
1380	18,35031	-7,86435	17,69494	-7,20899
1400	17,03958	-7,20899	17,03958	-7,20898
1420	17,03958	-7,86435	16,38422	-7,86434
1440	16,38423	-7,86435	16,38422	-7,86435
1460	15,72887	-8,51971	15,72887	-8,5197
1480	15,72887	-7,86434	15,72887	-8,5197
1500	15,07352	-8,5197	15,07352	-7,86434
1520	15,07352	-8,5197	15,07352	-7,86434
1540	14,41817	-8,5197	14,41817	-8,5197
1560	14,41818	-8,5197	14,41817	-8,5197
1580	14,41818	-9,17507	13,76282	-9,17506
1600	13,76282	-9,17507	13,10746	-9,83042
1620	13,10747	-9,83042	13,10747	-9,83042
1640	13,10747	-9,83042	13,10747	-9,83042
1660	13,10747	-9,83042	12,45211	-9,83042
1680	12,45092	-9,83042	12,45211	-9,83042
1700	12,45212	-9,83042	12,45211	-9,83042
1720	12,45212	-9,83042	11,79676	-9,83041
1740	12,45213	-9,83042	11,79676	-9,83041
1760	11,79677	-9,83042	11,79676	-9,17506
1780	11,79677	-9,83042	11,79676	-9,17505
1800	11,79676	-9,83042	11,79676	-9,83041
1820	11,79677	-9,83041	11,79676	-9,83041
1840	11,14141	-9,83042	11,14139	-9,83041
1860	5,24309	-10,48578	5,24307	-10,48578
1880	5,89845	-10,48578	5,24309	-9,83041
1900	5,2431	-9,8304	5,2431	-9,17504
1920	5,24311	-9,8304	5,24311	-9,8304
1940	4,58775	-9,8304	4,58775	-9,8304
1960	5,24312	-10,48575	5,24311	-10,48575
1980	5,89847	-11,14112	5,89847	-11,14112
2000	6,55384	-11,79648	6,55383	-12,45184
2020	6,55384	-13,10721	5,89847	-13,76256
2040	5,89848	-14,41792	5,24312	-14,41792
2060	5,24313	-15,07328	5,24313	-14,41792
2080	4,58778	-15,07328	7,86461	-14,41792
2100	12,4522	-15,07328	9,83074	-14,41792
2120	9,17537	-13,76256	9,83074	-13,76256
2140	9,17539	-13,76256	8,52002	-13,76256
2160	9,17538	-13,76256	9,17537	-13,1072
2180	8,52001	-13,1072	8,52	-13,1072
2200	8,52	-12,45184	7,86463	-11,79647
2220	7,86463	-11,14111	7,86462	-11,14111
2240	7,20926	-10,48575	7,20925	-10,48575
2260	7,20925	-9,83039	7,20925	-9,83039
2280	7,8646	-9,17503	7,20924	-8,51967
2300	7,8646	-9,17504	7,86714	-8,51967
2320	7,20923	-9,17504	9,17532	-9,17504
2340	13,10754	-9,8304	11,14143	-9,17504
2360	11,14143	-9,17504	11,14143	-9,17503
2380	11,14144	-8,51967	11,14143	-8,51967
2400	11,14143	-9,17504	11,14143	-8,51967
2420	10,48607	-9,17504	10,48607	-8,51967
2440	10,48607	-9,17503	11,14143	-9,17503
2460	10,48607	-9,17503	10,48606	-8,51967
2480	10,48606	-9,17503	10,48606	-8,51967
2500	10,48606	-8,51967	9,8307	-8,51966
2520	9,8307	-8,51967	9,83069	-8,51967
2540	9,8307	-8,51966	9,83069	-7,8643
2560	9,8307	-8,51966	9,83069	-8,51966
2580	9,17533	-8,51967	9,17533	-8,51966
2600	9,17534	-7,8643	9,17533	-7,8643
2620	9,17534	-8,51966	9,83069	-7,8643
2640	9,17535	-7,8643	9,17534	-7,8643
2660	9,83071	-7,8643	9,17534	-7,8643
2680	9,8307	-7,8643	9,83069	-7,8643
2700	9,8307	-7,8643	9,17533	-7,86429
2720	9,17534	-8,51966	9,17533	-8,51966
2740	9,8307	-8,51967	9,17534	-8,51966
2760	9,17535	-8,51966	9,17534	-8,51966
2780	8,51999	-8,51967	9,17534	-9,17502
2800	9,17535	-9,17503	9,17535	-9,17502
2820	9,17536	-9,17502	9,17536	-9,17502
2840	9,17536	-9,17503	9,17535	-9,17502
2860	9,17536	-9,83039	9,17536	-9,17503
2880	9,17536	-9,17504	9,83071	-9,8304
2900	9,83071	-9,8304	10,48607	-10,48576
2920	11,14142	-11,14113	10,48605	-11,79649
2940	11,14142	-11,7965	11,1414	-12,45186
2960	11,14141	-12,45186	11,1414	-11,7965
2980	11,1414	-12,45186	10,48603	-12,45186
3000	10,48603	-13,10722	10,48602	-13,10722
3020	10,48602	-13,76259	9,83066	-13,76258
3040	9,83066	-13,76259	9,83065	-13,76259
3060	9,17529	-14,41795	9,17529	-14,41795
3080	9,17529	-14,41795	9,17529	-14,41795
3100	9,17529	-14,41796	8,51992	-14,41795
3120	9,17529	-14,41796	8,51992	-14,41796
3140	9,17528	-14,41796	10,486	-13,7626
3160	15,0736	-13,76259	13,76286	-13,7626
3180	13,1075	-13,7626	12,45214	-13,10723
3200	13,10751	-13,76259	12,45215	-13,7626
3220	12,45216	-14,41796	13,10751	-14,41796
3240	13,10751	-14,41796	13,10751	-14,41795
3260	13,10752	-14,41796	13,10751	-13,7626
3280	13,10752	-13,10724	13,10751	-13,10723
3300	13,76288	-12,45188	13,76288	-12,45187
3320	13,76288	-12,45188	14,41824	-11,79651
3340	14,41825	-11,79652	13,76289	-11,79651
3360	13,7629	-11,79651	13,76289	-11,14115
3380	13,7629	-11,14115	13,76289	-11,14115
3400	13,10754	-11,79651	13,76289	-11,14114
3420	13,10754	-11,14114	13,10753	-11,14114
3440	13,10753	-11,14115	13,10752	-11,14115
3460	13,76289	-11,14115	13,10752	-11,14115
3480	13,10753	-11,79651	13,10752	-12,45187
3500	13,76289	-12,45188	13,10752	-12,45187
3520	13,7629	-12,45188	13,76289	-11,79652
3540	13,76289	-12,45188	13,76289	-12,45188
3560	13,7629	-11,79652	14,41824	-12,45188
3580	7,2092	-13,10725	3,27694	-13,10727
3600	5,24305	-13,10727	5,24306	-13,10726
3620	4,5877	-13,10726	5,24305	-13,10727
3640	5,24305	-13,76263	5,8984	-14,41799
3660	6,55376	-14,418	5,89839	-14,418
3680	6,55375	-15,07337	6,55373	-15,07337
3700	7,86445	-15,07337	7,86444	-14,41801
3720	8,5198	-15,07338	8,51979	-15,07338
3740	8,51979	-15,07339	8,51978	-15,72875
3760	9,17514	-15,07338	9,17513	-14,41803
3780	9,17514	-15,07339	8,51977	-14,41802
3800	9,17513	-15,07339	9,17511	-16,38412
3820	17,69488	-15,72877	33,42384	-17,69484
3840	38,01165	-17,69484	31,45781	-15,72877
3860	30,14707	-15,72876	30,80245	-15,72876
3880	30,80246	-14,41804	30,14709	-14,41803
3900	30,14965	-13,76267	30,80246	-13,76266
3920	31,45782	-13,1073	30,80247	-12,45193
3940	31,45783	-12,45193	31,45784	-11,79657
3960	31,45786	-11,1412	31,45787	-11,14119
3980	32,11325	-10,48583	32,11326	-9,83046
4000	32,76864	-10,48582	32,76865	-9,83046
4020	33,42404	-9,83046	34,07942	-9,1751
4040	34,07944	-9,1751	34,73482	-9,17509
4060	34,73484	-8,51973	34,73485	-9,17508
4080	34,73487	-8,51972	34,73487	-8,51972
4100	35,39024	-8,51972	34,73489	-8,51971
4120	34,73489	-8,5197	34,73489	-7,86434
4140	34,7349	-7,20898	34,7349	-6,55361
4160	34,07955	-6,55361	34,07954	-6,5536
4180	34,7349	-5,89825	34,07953	-5,24288
4200	33,42418	-5,24288	33,42417	-5,24287
4220	34,73497	-4,58751	35,39037	-3,93214
4240	34,07963	-2,62142	33,42425	-1,96605
4260	33,42425	-1,31068	32,11351	-0,65532
4280	31,45812	-1,31068	30,14736	-0,65531
4300	28,83661	-1,96604	27,52585	-2,62139
4320	26,21763	-3,93212	24,24896	-4,58748
4340	22,9382	-5,24284	20,31671	-5,89819
4360	19,00594	-7,86428	17,03982	-7,86428
4380	16,38443	-7,86428	14,41831	-7,20891
4400	13,10756	-7,20891	12,45216	-7,86427
4420	13,10751	-6,55355	22,93811	-5,24281
4440	26,87041	-5,24281	23,59354	-3,93209
4460	22,93816	-3,93209	22,28281	-3,27672
4480	22,28281	-3,93207	21,62744	-3,93207
4500	22,28281	-3,93207	21,62746	-3,27671
4520	22,28284	-2,62134	22,93821	-2,62134
4540	23,5936	-1,96598	24,24897	-0,65525
4560	24,90435	-0,65525	26,21509	0,00010999999999939
4580	26,87046	0,00088000000000221	27,52583	0,65547
4600	28,18121	0,65547	27,52585	0,00010999999999939
4620	28,18122	0,00010999999999939	28,18122	-0,65525
4640	27,52586	-0,65525	27,52586	-0,65524
4660	26,8705	-1,31061	26,87049	-1,3106
4680	26,21513	-1,96596	25,55976	-2,62132
4700	25,55976	-2,62132	24,24903	-2,62131
4720	23,59367	-3,27667	23,59366	-3,93203
4740	22,9383	-4,58739	22,28293	-3,93203
4760	22,28293	-4,58739	21,62756	-4,58738
4780	21,62756	-4,58739	24,24905	-3,93201
4800	29,49212	-4,58737	28,18135	-3,27666
4820	26,87061	-2,62129	27,52598	-1,96592
4840	27,52599	-1,96593	26,87063	-1,96592
4860	26,87064	-1,96592	26,87064	-1,31056
4880	26,87066	-1,96592	26,87066	-1,96592
4900	26,87067	-1,96592	26,21531	-1,96592
4920	26,87068	-2,62128	26,21532	-2,62128
4940	26,21532	-1,96592	26,21532	-1,96592
4960	26,21533	-1,96592	26,21533	-1,31055
4980	26,21534	-1,31055	26,21533	-0,65519
5000	26,21533	-0,65519	26,21532	-0,65519
5020	26,21533	0,00017000000000422	26,21533	0,65553
5040	26,87069	0,65553	26,87069	1,31089
5060	26,87069	0,65553	26,21532	0,65553
5080	26,21532	0,00016000000000105	26,21531	0,65552
5100	26,21532	0,00016000000000105	26,21531	0,65553
5120	26,21532	0,65553	26,21531	0,00016000000000105
5140	26,21532	0,00016000000000105	26,21531	0,00016000000000105
5160	26,87068	0,00016000000000105	26,21531	0,00016000000000105
5180	26,21533	0,00016000000000105	25,55997	0,65553
5200	26,21534	0,00016000000000105	25,55997	0,00017000000000422
5220	25,55998	0,65553	24,90462	1,31089
5240	25,55998	0,65553	24,90462	1,31089
5260	24,90463	1,31089	24,90462	1,31089
5280	24,90462	1,31089	24,24926	1,31089
5300	24,90462	1,96625	24,24925	1,96625
5320	24,90462	1,31089	24,24926	1,96625
5340	24,24927	1,96625	24,24927	1,31089
5360	24,90463	1,31089	24,90462	1,31089
5380	25,55999	0,65553	26,21535	0,00016000000000105
5400	26,21535	0,00016000000000105	26,21534	0,00016000000000105
5420	26,21534	0,65552	26,87069	0,00016000000000105
5440	26,8707	0,00016000000000105	27,52605	0,65552
5460	27,52606	0,00016000000000105	26,87069	0,65553
5480	26,8707	0,65553	26,8707	0,65553
5500	26,21535	0,65553	26,21535	0,65554
5520	26,21537	0,65553	26,21536	0,65554
5540	25,56001	0,65554	26,87076	1,31091
5560	30,1477	1,31091	28,83694	1,96626
5580	27,52622	2,62163	27,52623	2,62164
5600	27,52624	3,27699	26,87088	3,277
5620	26,8709	3,27699	26,8709	3,277
5640	26,87091	3,93236	26,8709	3,93236
5660	26,87091	3,93236	26,87091	4,58772
5680	26,87092	4,58772	26,21555	4,58772
5700	26,87093	4,58772	26,21556	4,58772
5720	26,21556	4,58772	26,21555	5,24308
5740	26,21556	5,24308	26,21555	5,89845
5760	26,21556	5,24308	26,21555	5,89845
5780	26,21556	5,24308	26,21556	5,24308
5800	26,21557	5,24308	26,21556	4,58772
5820	26,21557	4,58772	25,5602	4,58772
5840	26,21557	4,58772	26,21555	3,93236
5860	26,21556	3,93236	26,21555	3,93236
5880	26,21556	3,93236	26,21555	3,93236
5900	26,21556	3,93235	26,21555	3,93235
5920	26,87092	3,93235	26,87091	3,93235
5940	27,52627	3,93235	27,52627	3,93235
5960	28,18163	3,27698	28,83698	2,62163
5980	29,49235	2,62163	28,83698	2,62163
6000	29,49235	2,62162	29,49234	2,62162
6020	30,14771	2,62162	29,49234	2,62162
6040	29,49235	2,62162	29,49235	2,62162
6060	30,14772	1,96626	30,80307	1,96626
6080	30,80307	1,96625	30,80306	1,96625
6100	30,80307	1,31089	31,45842	1,3109
6120	31,45843	1,96625	31,45842	2,62161
6140	32,11379	2,62161	31,45843	2,62162
6160	30,80307	1,96625	31,45843	1,96625
6180	31,45844	1,96625	30,80307	2,62161
6200	30,80308	1,96625	30,80307	1,96625
6220	30,80308	1,96625	30,80308	1,96626
6240	30,80309	2,62161	30,14772	1,96626
6260	30,80308	1,96625	30,80307	1,96625
6280	30,80308	1,96625	30,14771	2,62161
6300	30,80308	2,62161	30,80307	3,27698
6320	30,80307	3,27697	30,80307	3,27698
6340	30,80307	3,27698	30,80307	3,93234
6360	30,80307	3,93304	30,80307	3,93234
6380	30,80308	3,93234	31,45843	4,5877
6400	31,45845	4,5877	31,45845	5,24307
6420	32,11382	5,24306	32,11382	5,24306
6440	31,45846	5,24305	31,45846	5,89842
6460	31,45847	5,24306	30,8031	5,24306
6480	30,80311	5,24306	30,14774	5,89842
6500	30,14774	5,89841	29,49238	5,89842
6520	30,14774	5,24305	29,49237	5,24305
6540	29,49238	5,24305	30,14773	5,89841
6560	30,14773	5,24305	30,14773	5,89841
6580	30,8031	5,24305	30,14773	5,24305
6600	30,80309	5,24305	34,07993	5,89841
6620	38,01214	5,24306	36,04604	5,89842
6640	35,39068	6,55377	36,04605	6,55378
6660	36,04606	7,20914	36,70142	7,86451
6680	36,70143	7,20915	36,70142	7,86452
6700	36,70144	7,20915	36,70143	6,55379
6720	37,3568	6,55379	37,3568	6,55379
6740	37,3568	6,55379	37,35679	6,55379
6760	37,35681	5,89843	38,01216	5,89843
6780	38,01217	6,55379	38,01217	6,5538
6800	38,01218	7,20916	38,66753	6,5538
6820	38,01218	7,20916	38,66754	6,5538
6840	39,3229	7,20916	39,3229	7,20916
6860	39,97826	6,55379	39,97825	7,20916
6880	40,63362	7,20916	39,97826	7,20916
6900	40,63362	7,20916	40,63361	7,20916
6920	40,63362	6,5538	39,97825	7,20916
6940	40,63362	6,55381	39,97825	7,20917
6960	39,97826	7,20916	39,3229	6,55381
6980	39,97826	6,55381	39,97826	6,55381
7000	39,97827	5,89845	39,97826	5,89845
7020	39,97826	5,89845	40,63362	5,89845
7040	40,63363	5,89845	39,97826	6,55382
7060	40,63363	5,89845	40,63362	5,89846
7080	40,63363	6,55382	40,63362	6,55382
7100	40,63362	6,55381	40,63362	6,55382
7120	40,63362	6,55382	40,63616	6,55382
7140	40,63363	5,89846	40,63361	6,55382
7160	40,63362	5,89846	40,63361	5,89846
7180	40,63363	5,89846	40,63361	5,89846
7200	40,63362	5,89846	40,63361	5,89847
7220	40,63362	5,89847	40,63361	6,55383
7240	40,63362	5,89847	40,6336	6,55383
7260	39,97825	5,89846	40,6336	5,89846
7280	48,4979	5,24311	56,36217	4,58777
7300	55,70682	5,24311	53,74073	7,2092
7320	53,08538	7,2092	53,08538	7,86457
7340	53,08539	8,51993	53,08538	8,51994
7360	53,08539	8,51994	53,08539	9,1753
7380	53,0854	9,83066	53,08539	9,17531
7400	53,0854	9,83067	53,0854	9,83067
7420	53,08541	10,48602	53,0854	10,48603
7440	53,08541	9,83066	52,43005	10,48604
7460	53,08542	10,48603	52,43005	10,48604
7480	52,43007	10,48604	52,43006	9,83068
7500	52,43006	9,83068	52,43006	9,83068
7520	51,77472	9,83068	51,77471	9,83069
7540	51,77472	9,17533	51,77472	9,83069
7560	51,11937	9,8307	51,11937	9,8307
7580	51,11938	9,8307	51,11937	9,8307
7600	51,11938	9,17534	51,11938	9,8307
7620	50,46402	9,17534	50,46402	9,17534
7640	50,46403	9,17534	50,46402	9,17535
7660	49,80867	9,8307	50,46403	9,17535
7680	49,80868	9,17534	49,80867	9,83071
7700	49,80868	9,17534	49,80867	9,17535
7720	49,80868	9,17535	49,15331	9,17535
7740	49,80868	9,17535	49,15331	9,17535
7760	49,15332	9,17535	49,15332	9,83071
7780	49,15332	9,83071	49,15332	9,17535
7800	48,49797	9,83071	48,49796	9,83072
7820	48,49797	9,83071	48,49796	9,83071
7840	48,49797	9,83071	48,49796	9,83072
7860	47,84261	9,83072	47,8426	9,83072
7880	47,84261	9,83072	47,84261	9,83072
7900	47,84261	9,17536	48,49796	9,17536
7920	49,15332	9,17535	49,15331	9,17536
7940	49,15332	9,17535	49,80867	9,17536
7960	51,77475	9,17538	52,4301	9,83075
7980	51,11939	10,48611	51,11938	10,48611
8000	51,11939	10,48611	51,11938	9,83076
8020	50,46403	9,83075	50,46402	9,17539
8040	50,46403	9,17539	49,80866	9,17539
8060	50,46403	9,17539	50,46402	9,17539
8080	50,46403	8,52003	49,80866	9,17539
8100	50,46403	8,52003	49,80866	9,17539
8120	50,46403	8,52002	50,46402	8,52003
8140	51,11939	8,52002	50,46402	8,52003
8160	50,46403	8,52002	50,46402	8,52002
8180	50,46402	8,52002	50,46402	8,52002
8200	50,46403	7,86466	50,46402	8,52002
8220	50,46403	8,52002	50,46402	8,52002
8240	50,46403	7,86465	51,11938	7,86466
8260	51,11939	7,86466	51,11939	7,2093
8280	50,46403	7,86465	50,46403	7,20929
8300	51,11939	7,20929	50,46403	7,20929
8320	51,1194	6,55393	50,46403	6,55393
8340	50,46404	6,55393	50,46403	6,55393
8360	50,46404	5,89857	50,46402	5,89857
8380	50,46404	5,89856	50,46403	5,89856
8400	50,46403	5,89856	50,46402	5,24321
8420	50,46403	5,89856	50,46403	5,89856
8440	50,46404	5,2432	49,80868	5,2432
8460	50,46404	4,58784	49,80868	4,58784
8480	49,80869	4,58784	49,15333	4,58784
8500	49,15334	3,93247	48,49797	3,93247
8520	47,84262	4,58783	47,84262	3,93247
8540	47,84262	3,93246	47,18727	3,93246
8560	46,53191	3,93246	45,87655	4,58783
8580	45,87655	3,93247	45,87654	4,58783
8600	45,22119	4,58783	45,22119	5,24319
8620	44,56584	5,24319	45,22119	5,89855
8640	45,2212	5,89855	44,56583	6,55392
8660	45,2212	6,55391	45,22119	7,20927
8680	45,2212	7,20927	45,22119	7,86463
8700	45,87655	8,51999	45,87655	9,17535
8720	45,87656	9,83071	46,5319	9,83071
8740	45,87655	10,48607	46,53191	10,48607
8760	47,18727	10,48607	47,18727	10,48607
8780	47,18727	10,48607	47,18725	10,48607
8800	47,18726	10,48607	46,53189	10,48607
8820	46,5319	9,83071	47,18725	10,48607
8840	47,18725	9,83071	47,18724	9,83071
8860	47,18726	9,83071	47,18724	10,48608
8880	47,84261	9,83071	48,49796	9,83071
8900	48,49797	9,83071	49,15331	9,17535
8920	49,80868	9,17534	49,1533	9,17534
8940	49,80867	9,17534	50,46402	9,17534
8960	49,80867	8,51998	49,1533	8,51997
8980	45,8765	7,8646	46,53184	7,8646
9000	46,53186	7,8646	45,8765	8,51997
9020	45,87651	7,8646	45,87651	7,86461
9040	45,87652	7,20924	46,53187	7,20925
9060	45,87651	7,20924	45,87651	7,20925
9080	46,53188	7,20925	46,53187	7,86462
9100	46,53188	7,86461	47,18723	7,86461
9120	47,18724	7,86461	47,18723	7,86462
9140	46,53188	7,86462	46,53187	7,20926
9160	46,53188	7,20926	46,53188	7,86462
9180	46,53189	7,20925	46,53188	7,20926
9200	47,18725	7,20925	46,53188	7,20926
9220	47,18725	6,55389	47,18724	7,20926
9240	47,18725	6,55389	47,18724	7,20925
9260	47,18725	7,20925	47,8426	7,20925
9280	47,8426	7,20925	47,18724	7,20926
9300	47,84261	6,55389	47,18724	7,20925
9320	47,84261	7,20925	47,18724	7,20926
9340	47,18726	6,55389	47,18726	6,5539
9360	47,18726	6,55389	47,18725	6,55389
9380	47,18726	5,89853	47,18725	6,55389
9400	47,18725	5,89853	47,18725	5,89853
9420	47,18726	5,89853	52,43013	5,89855
9440	52,43014	5,89854	51,1194	6,5539
9460	50,46405	6,5539	50,46405	6,55391
9480	50,46405	7,20926	49,80868	6,5539
9500	50,46406	7,20926	50,46405	7,20926
9520	51,11941	7,20925	50,46404	7,20926
9540	50,46405	7,20925	50,46404	7,20926
9560	50,46405	7,20926	50,46404	7,20926
9580	50,46405	7,20926	50,46404	7,20926
9600	50,46404	7,20925	50,46404	7,86462
9620	50,46405	7,86461	50,46404	7,86462
9640	50,46405	7,20925	51,11939	7,20925
9660	51,1194	7,20924	51,77475	7,20924
9680	51,77475	7,20924	51,77474	6,55388
9700	52,43011	7,20924	52,4301	7,20924
9720	52,4301	7,20924	52,43009	7,20924
9740	52,4301	7,20924	52,43009	7,20924
9760	52,4301	7,20924	51,77474	5,89853
9780	51,77475	5,89852	51,77474	5,24316
9800	51,77475	4,5878	51,77474	4,58781
9820	51,77475	4,5878	51,11938	4,58781
9840	51,11939	4,58781	51,77474	4,58781
9860	51,77475	3,93245	51,77475	3,93246
9880	51,77475	3,93246	51,11939	3,93246
9900	51,1194	3,93246	51,11939	3,93246
9920	51,11939	3,93247	50,46403	3,93246
9940	50,46404	3,93246	50,46403	3,93247
9960	50,46404	3,93247	50,46402	3,93247
9980	50,46403	3,93247	49,80867	4,58783
10000	50,46403	5,2432	50,46403	5,2432
10020	50,46403	5,2432	50,46402	6,55392
10040	50,46403	6,55393	50,46402	6,55393
10060	50,46403	6,55392	50,46403	7,20929
10080	49,80868	7,20928	49,80867	7,20929
10100	50,46404	7,20928	49,80867	7,86464
10120	49,80868	7,86465	49,80868	7,86465
10140	49,80868	8,52001	49,80868	9,17537
10160	49,80868	8,52001	49,80868	9,17537
10180	49,80869	9,17537	49,80868	9,17537
10200	49,15333	9,17537	49,80868	9,17537
10220	49,80869	9,17537	49,15332	9,83074
10240	51,11941	9,17539	59,63912	9,17543
10260	57,67304	9,17542	53,74085	11,14149
10280	55,05159	11,1415	54,39623	11,79687
10300	54,39623	11,14151	54,39622	11,1415
10320	54,39623	11,1415	54,39622	11,14151
10340	54,39623	11,1415	54,39623	11,1415
10360	54,39624	11,79686	53,74087	11,1415
10380	53,74087	11,1415	53,74087	11,1415
10400	53,74087	11,1415	53,74087	11,1415
10420	53,08552	11,1415	52,43015	11,79686
10440	52,43016	11,79686	53,0855	11,79686
10460	53,08552	11,79686	53,08551	11,79686
10480	53,08551	11,79686	53,74087	11,79686
10500	53,74088	11,79686	53,74087	11,79686
10520	53,74087	11,79686	53,74087	11,79686
10540	54,39623	11,79686	54,39622	11,79686
10560	53,74086	11,79686	54,39622	11,79686
10580	53,74087	11,1415	53,74086	11,79686
10600	53,74087	11,1415	53,74086	11,14151
10620	57,67304	9,8308	58,98376	9,83079
10640	56,36232	10,48614	56,36231	10,48614
10660	57,01769	10,48615	56,36232	11,14151
10680	56,36233	10,48615	56,36232	10,48615
10700	57,01769	11,14151	57,01768	11,14151
10720	57,01768	11,79687	56,36232	11,79688
10740	57,01768	11,79687	56,36231	12,45224
10760	57,01768	11,79688	56,36232	12,45224
10780	56,36232	12,45224	56,36231	12,45224
10800	57,01768	11,79687	56,36231	12,45224
10820	56,36232	12,45224	56,36231	12,45224
10840	56,36232	12,45224	56,36231	13,1076
10860	56,36232	13,1076	56,36231	13,76297
10880	56,36231	13,1076	56,36231	13,76297
10900	56,36231	13,76297	56,3623	13,76297
10920	56,36231	13,76296	55,70695	13,76297
10940	55,70695	13,76297	55,70694	14,41834
10960	55,70695	14,41833	55,70695	14,41834
10980	55,70696	14,41834	55,05159	14,41834
11000	55,70696	15,0737	55,05159	15,72908
11020	55,0516	15,72907	55,70696	16,38444
11040	55,70697	15,72907	55,70696	15,72907
11060	55,70697	15,72907	55,70696	15,72908
11080	55,70697	15,72907	55,70696	15,72952
11100	55,70697	16,38443	55,70697	16,38444
11120	55,70697	16,38444	56,36232	17,0398
11140	56,36233	17,0398	55,70697	17,03981
11160	55,70697	17,69517	55,70697	18,35052
11180	56,36233	17,69516	55,70696	17,69516
11200	55,70697	18,35052	55,70695	18,35052
11220	55,70697	19,00588	55,70696	19,00588
11240	56,36232	19,00588	55,70696	19,00589
11260	55,70697	19,66125	55,70696	19,66125
11280	56,36233	19,00588	56,36233	19,00589
11300	56,36234	19,66124	55,70697	19,66125
11320	56,36233	19,00588	56,36233	19,00589
11340	55,70698	19,66125	55,70698	19,66124
11360	55,70699	19,66124	55,05162	19,66125
11380	55,70698	19,00589	55,70698	19,00589
11400	55,70699	19,00589	55,70699	19,00589
11420	55,707	19,00589	55,70699	19,00589
11440	55,707	19,00589	55,05163	19,00589
11460	55,05164	18,35053	55,70699	18,35053
11480	55,707	19,00589	54,39626	17,69515
11500	49,15335	15,72902	48,49798	15,72902
11520	49,80871	15,07366	49,15335	15,72903
11540	49,80872	15,07367	49,80871	14,4183
11560	49,80871	13,76294	49,80871	13,76295
11580	49,80871	13,10758	49,8087	13,10759
11600	49,8087	13,10758	49,15334	13,10759
11620	49,15335	13,10759	49,15333	13,10758
11640	49,15334	13,10758	49,15334	13,10759
11660	49,15335	12,45222	49,15335	13,10758
11680	49,80872	13,10758	49,15335	13,10758
11700	49,80872	12,45222	49,80871	12,45222
11720	49,80872	12,45222	49,80871	12,45222
11740	49,80872	13,10758	49,80871	13,10758
11760	49,80872	13,10757	50,46407	13,10758
11780	50,46408	13,76294	49,80872	13,76294
11800	50,46408	13,76294	50,46407	14,4183
11820	50,46408	13,76293	51,11943	13,76293
11840	51,11944	13,76293	51,11943	13,76293
11860	51,11944	13,10757	54,39623	13,76295
11880	62,91597	12,45225	61,60524	14,41833
11900	59,63914	15,72904	60,2945	15,72905
11920	60,29452	15,72905	60,29451	15,72906
11940	59,63915	15,72905	60,2945	15,72906
11960	59,63915	15,72905	60,29451	15,72906
11980	60,29451	16,38442	60,29451	16,38442
12000	60,29452	16,38442	59,63915	16,38443
12020	59,63916	16,38442	60,29451	16,38443
12040	60,29452	17,03979	59,63915	17,0398
12060	59,63916	17,03979	60,29451	17,03979
12080	59,63915	17,03979	59,63915	17,69515
12100	60,29452	17,69515	59,63915	17,69516
12120	59,63916	17,69516	59,63915	17,69516
12140	59,63917	17,69516	60,29452	18,35052
12160	60,29453	18,35052	60,29452	19,00589
12180	59,63917	18,35052	60,29452	18,35052
12200	60,29453	18,35052	60,29453	19,66125
12220	60,29455	20,31661	60,29454	20,31661
12240	60,29456	20,97197	59,63919	21,62733
12260	59,6392	20,97196	60,29455	20,3166
12280	60,29456	19,66121	61,60524	16,38437
12300	66,19268	3,93239	70,78001	-19,66081
12320	79,29942	-45,87551	86,50806	-72,09026
12340	85,19716	-96,33898	84,54172	-118,62158
12360	79,95433	-131,07359	74,71133	-141,55936
12380	68,15789	-148,11293	65,53659	-153,35556
12400	60,29409	-155,32082	55,05138	-155,97537
12420	49,80867	-157,28579	52,43018	-154,00892
12440	52,43023	-141,55716	56,36219	-123,86288
12460	66,84755	-105,51356	76,6778	-87,16407
12480	87,16358	-67,5034	94,37255	-52,43004
12500	98,30465	-39,97795	96,99384	-30,14732
12520	95,68322	-20,31672	93,71726	-11,14145
12540	91,75133	-4,58765	89,13004	1,31073
12560	87,16412	7,86446	84,54276	11,79672
12580	83,23213	14,41823	81,92148	18,35046
12600	79,95548	21,62731	78,6448	22,93808
12620	77,98949	24,24883	77,9895	24,90422
12640	77,33416	24,90423	77,33416	25,55961
12660	76,67882	26,21497	76,67883	26,21498
12680	76,02348	26,21499	76,02349	27,52573
12700	76,67887	27,52573	76,02351	28,1811
12720	76,02353	28,83646	75,36817	28,83647
12740	74,71282	28,83648	74,71281	30,14721
12760	74,71282	29,49185	73,4021	30,14722
12780	73,40211	30,14722	73,40211	30,14723
12800	72,74676	30,14723	72,74675	30,14724
12820	72,0914	30,14723	72,74674	30,14723
12840	72,09139	30,14723	74,05749	30,14724
12860	77,98972	27,52577	77,33434	28,18114
12880	76,02362	29,49186	75,36826	30,14723
12900	75,36826	29,49186	75,36825	29,49186
12920	75,36826	29,49186	74,71289	29,49186
12940	74,71288	28,8365	74,71288	28,8365
12960	74,71288	28,8365	74,71287	28,83649
12980	74,71288	28,18113	74,71287	28,83649
13000	74,05751	28,8365	74,71286	28,83649
13020	74,71286	28,18112	74,05749	28,83649
13040	74,71286	28,83649	74,71285	28,18112
13060	74,71285	28,18112	74,71285	28,83648
13080	74,71285	28,18112	74,71284	27,52576
13100	73,40209	27,52573	61,60537	25,55955
13120	55,05169	22,93805	57,01778	22,93806
13140	57,0178	23,59342	57,01779	23,59343
13160	57,0178	23,59342	57,01779	22,93806
13180	57,01779	22,93806	57,01779	22,93806
13200	57,01779	22,28269	56,36243	22,93806
13220	57,01779	22,93806	57,01779	22,93806
13240	56,36243	22,28269	57,01779	22,28269
13260	57,01779	22,28269	57,01779	22,28269
13280	57,01779	22,28269	56,36243	22,28269
13300	56,36243	21,62733	57,01778	21,62733
13320	57,67314	21,62732	57,67314	21,62732
13340	58,3285	21,62732	58,98385	22,28268
13360	58,98385	21,62732	58,32848	21,62732
13380	58,32849	21,62732	58,98384	21,62732
13400	58,98385	21,62732	58,32848	22,28268
13420	58,32849	20,97196	58,98384	21,62732
13440	58,32849	21,62732	58,32848	20,97196
13460	58,32849	20,31659	57,67313	20,3166
13480	58,32849	20,31659	58,32849	20,31661
13500	-43,25231	20,97196	58,32849	20,97196
13520	58,98386	20,97196	58,98385	21,62733
13540	58,98385	21,62732	58,32848	21,62733
13560	58,98385	21,62732	58,98385	21,62732
13580	58,3285	21,62732	58,98385	21,62733
13600	58,98386	22,28268	58,98385	22,28268
13620	58,98386	22,28268	58,98386	22,93805
13640	58,98386	22,93804	58,3285	23,59341
13660	57,67314	23,5934	57,01778	23,59341
13680	56,36243	24,24877	55,70706	24,24878
13700	55,05172	23,59342	54,39635	23,59342
13720	53,741	23,59342	53,74099	23,59342
13740	53,08564	22,93806	53,08563	22,93806
13760	52,43028	22,2827	52,43028	22,2827
13780	52,43029	22,2827	53,08564	22,2827
13800	52,43029	22,2827	53,08565	21,62734
13820	53,74101	20,97198	53,74101	20,97198
13840	53,74102	21,62734	53,74101	21,62735
13860	53,74102	20,97198	54,39637	20,97198
13880	54,39638	20,97198	54,39637	21,62734
13900	55,05174	21,62734	54,39638	20,97198
13920	54,39638	20,97198	54,39637	21,62734
13940	55,05174	20,97198	55,05173	21,62734
13960	55,05174	21,62734	55,05173	21,62734
13980	55,7071	22,2827	55,05174	21,62734
14000	55,05174	22,2827	55,7071	22,93806
14020	55,05175	22,93806	55,05174	22,93806
14040	55,7071	22,28269	55,70709	22,2827
14060	56,36246	22,28269	56,36245	22,93805
14080	57,01782	22,28269	57,01781	22,28269
14100	57,01781	22,28269	57,67316	22,28269
14120	57,01781	22,93805	57,01781	22,93806
14140	57,67316	22,28269	57,67316	22,2827
14160	57,67317	22,93806	57,01781	22,28271
14180	57,67318	22,28271	57,67318	22,28271
14200	57,01783	22,28271	57,67318	22,28272
14220	57,67319	21,62736	57,01783	22,28273
14240	57,01783	22,28273	57,67318	22,9381
14260	58,32854	22,9381	57,67316	22,93811
14280	58,32852	22,93812	58,32851	22,93812
14300	57,67315	22,93813	57,67313	22,93814
14320	57,67315	22,93814	57,67314	22,93814
14340	57,67314	22,93814	57,67314	22,93815
14360	57,67315	22,28278	57,67314	22,28278
14380	58,32851	22,93814	58,3285	22,93814
14400	58,32851	22,93814	58,32851	23,59351
14420	58,98387	23,59351	58,98387	23,59351
14440	58,98388	23,59351	51,11951	22,28273
14460	47,18733	20,97198	48,49805	21,62735
14480	47,84271	22,28272	47,84271	22,28273
14500	47,18735	22,28272	47,18736	22,93809
14520	47,18736	22,93809	46,53199	22,93809
14540	46,53201	22,9381	47,18736	22,9381
14560	46,53201	22,9381	46,532	23,59346
14580	46,53201	23,59346	47,18737	22,93811
14600	47,18738	22,9381	47,18737	22,9381
14620	47,18738	22,9381	46,53201	22,93811
14640	47,18738	22,28274	46,53202	22,28274
14660	46,53202	22,28274	46,53201	22,9381
14680	45,87666	22,28273	46,53201	22,28273
14700	48,4981	22,28274	55,05171	22,28278
14720	54,39636	22,93813	53,08562	24,24884
14740	53,74099	24,24885	53,74099	24,24886
14760	54,39636	24,24885	54,39635	23,5935
14780	55,05172	23,59349	54,39635	23,59349
14800	55,05171	23,59349	53,74099	23,59349
14820	54,39635	23,59349	54,39635	22,93813
14840	54,39635	22,93813	53,74099	23,5935
14860	53,74099	22,93813	53,74099	23,5935
14880	53,741	22,93814	53,08564	22,93814
14900	53,08566	22,93814	53,08565	22,93815
14920	52,4303	23,5935	52,4303	23,59351
14940	51,77495	23,5935	51,77494	24,90423
14960	51,1196	25,5596	51,1196	26,21496
14980	51,77496	26,21495	51,1196	27,52568
15000	51,77497	27,52568	51,77496	28,18103
15020	51,77497	43,2543	51,77496	28,18103
15040	51,1196	28,18102	51,11959	28,18101
15060	51,11959	27,52564	51,11957	26,87027
15080	50,46422	26,87026	50,46421	26,87026
15100	51,11957	25,55953	51,11956	24,90417
15120	51,11957	24,2488	51,11957	23,59344
15140	50,46422	22,93807	50,46422	22,93807
15160	49,80887	22,93807	49,15351	23,59343
15180	49,15351	23,59343	48,49815	23,59343
15200	47,84279	24,24879	46,53207	24,24879
15220	46,53208	24,24879	45,87671	24,90416
15240	46,53207	25,55951	46,53206	26,87025
15260	46,53207	28,18096	46,53205	29,49169
15280	47,84278	30,80241	47,84276	32,11314
15300	48,49813	32,7685	48,49812	34,07923
15320	49,15348	35,38995	49,15347	35,38996
15340	49,80883	36,04531	49,80881	37,35604
15360	49,15347	38,0114	49,15346	38,0114
15380	49,15346	38,66676	49,15346	38,66675
15400	49,15346	38,66675	48,4981	38,66674
15420	48,49811	38,66674	47,84274	38,66673
15440	47,84275	38,66673	47,84274	38,66673
15460	47,18739	38,66673	46,53202	38,66673
15480	45,87667	38,01137	45,2213	38,01137
15500	44,56593	38,01136	43,91057	38,01137
15520	43,91057	38,01137	43,91056	38,01137
15540	55,70705	37,35607	60,94997	38,01145
15560	57,67316	39,32217	56,36243	39,97755
15580	56,36245	39,97755	55,70708	40,63291
15600	56,36245	39,97756	56,36245	39,97757
15620	56,36245	39,32221	55,70709	39,32221
15640	55,70709	43,25437	55,7071	38,0115
15660	55,7071	37,35613	55,05174	37,35615
15680	56,36248	37,35614	56,36248	38,01151
15700	56,36248	38,01151	57,01785	38,01152
15720	57,01786	38,01151	57,01785	38,01152
15740	62,26078	36,70084	68,15911	36,04549
15760	64,88229	38,01156	64,22691	37,3562
15780	64,22693	36,70084	63,57156	36,70083
15800	62,91619	35,39011	62,26082	34,73475
15820	61,60546	34,73474	61,60545	34,73474
15840	60,9501	34,07938	60,29472	34,07938
15860	60,29473	34,07937	59,63938	34,07938
15880	59,63939	34,73474	59,63938	34,73473
15900	59,63938	35,39009	59,63937	36,04545
15920	59,63938	36,70081	59,63938	36,70081
15940	60,29474	36,70081	59,63938	37,35617
15960	59,63939	37,35616	58,98402	37,35616
15980	58,98403	36,7008	59,63938	36,7008
16000	58,98403	36,04544	58,98403	36,04544
16020	58,98404	36,04543	58,98403	36,04544
16040	58,98404	36,04544	58,98403	36,04544
16060	58,98404	36,04544	58,98403	36,04544
16080	58,98404	36,7008	60,95012	36,70082
16100	69,46993	35,39012	68,81456	36,70084
16120	66,84846	38,66692	66,84846	38,01157
16140	68,15919	37,3562	68,15918	37,3562
16160	68,15919	36,70084	68,15918	36,70084
16180	68,15918	36,04547	68,15918	36,70083
16200	68,15918	36,04547	68,15918	36,70084
16220	68,15918	36,04548	68,15917	37,3562
16240	68,15918	37,3562	67,50381	37,3562
16260	68,15918	36,70084	68,15917	37,3562
16280	67,50382	36,70084	67,50382	36,70084
16300	67,50382	36,70084	67,50382	36,70084
16320	68,15918	36,70084	68,15918	38,01157
16340	68,15919	37,35621	68,15918	38,01157
16360	68,81455	38,01157	68,15918	39,32229
16380	68,81455	38,66693	68,15918	39,32229
16400	68,81454	38,66693	68,15918	38,66693
16420	68,15918	38,66692	68,15917	38,01156
16440	68,15918	38,66693	68,15917	39,32229
16460	68,15918	38,66692	68,15917	39,32229
16480	68,15918	39,3223	67,5038	39,97766
16500	67,50382	39,97765	66,84845	39,97765
16520	67,50381	39,97765	67,5038	39,97766
16540	67,50382	39,97766	67,50381	39,97767
16560	67,50382	39,3223	67,50382	39,97767
16580	67,50382	39,97766	67,50383	39,97767
16600	67,50384	39,3223	67,50383	39,32231
16620	67,50384	39,32231	67,50384	39,32231
16640	67,50385	39,32231	67,50385	39,32232
16660	67,50386	39,32231	67,50385	39,32232
16680	67,50386	38,66695	66,84849	39,32232
16700	67,50386	38,66695	66,84849	38,66696
16720	66,8485	38,66696	64,88237	37,35622
16740	62,91624	36,70083	63,5716	36,70083
16760	63,57162	36,70083	63,57161	37,3562
16780	63,57163	36,70084	63,57162	37,3562
16800	63,57163	37,35619	64,22699	37,3562
16820	64,227	37,35619	63,57163	37,3562
16840	64,227	37,3562	64,22699	38,01156
16860	63,57164	37,3562	63,57163	37,3562
16880	62,91628	36,70084	62,91627	37,3562
16900	62,91628	36,70083	62,26091	36,70084
16920	62,26092	36,70083	62,91627	36,04547
16940	62,26091	36,04547	62,26091	36,04547
16960	62,26092	35,3901	61,60555	36,04546
16980	62,26091	36,04545	61,60555	36,04546
17000	61,60555	36,04546	62,2609	36,70082
17020	61,60555	37,35617	62,2609	36,70081
17040	62,2609	37,35616	62,26089	37,35616
17060	62,2609	38,01152	62,26088	37,35616
17080	62,91624	38,01151	62,91623	37,35614
17100	63,57159	37,35614	63,57158	37,35614
17120	63,57158	37,35613	63,57156	37,35613
17140	62,9162	37,35612	62,91618	37,35612
17160	62,91618	37,35612	62,26081	38,01148
17180	61,60544	38,01148	60,95007	38,01148
17200	60,29471	38,01148	59,63933	37,35612
17220	58,98397	38,01147	58,3286	37,35612
17240	57,67579	37,35612	57,01786	36,70075
17260	57,01786	36,04539	56,3625	35,39003
17280	56,3625	35,39003	55,70714	34,73468
17300	55,05178	34,73468	51,77495	34,0793
17320	49,80885	33,42394	51,11958	34,07932
17340	51,1196	35,39006	51,1196	36,70079
17360	51,77498	37,35616	51,77498	38,66689
17380	52,43035	38,66689	53,08572	40,63299
17400	53,7411	41,28836	53,74109	41,28836
17420	54,39647	41,94373	54,39646	41,94373
17440	54,39647	42,5991	53,74111	43,25446
17460	53,74112	43,25446	52,43039	43,25447
17480	51,77504	43,25447	51,77502	43,25447
17500	51,11966	43,25447	50,46429	43,25448
17520	49,80894	43,25447	49,15357	43,25448
17540	48,49822	43,25447	48,49821	43,25447
17560	48,4982	43,25448	47,84284	43,25448
17580	47,84285	43,25448	47,84284	43,25448
17600	47,84285	43,25448	48,49821	43,25448
17620	48,49822	43,25448	48,49821	43,25448
17640	48,49821	43,25448	47,84285	43,25448
17660	47,84286	43,25448	47,18748	43,25448
17680	47,18748	43,25448	46,53211	43,25448
17700	45,87676	43,25447	45,22139	43,25446
17720	44,56603	43,25446	43,91067	43,25447
17740	43,25531	43,25445	42,59993	43,25445
17760	41,28922	43,25444	41,28921	43,25444
17780	40,63386	43,25443	39,97848	43,25443
17800	39,32312	43,25442	44,56601	43,25446
17820	46,53211	43,25444	42,59992	43,25443
17840	41,94457	43,25443	41,94458	43,25444
17860	41,28922	43,25444	41,28921	43,25444
17880	41,28922	43,25444	41,28921	43,25444
17900	41,94457	43,25443	41,2892	43,25444
17920	41,28921	43,25444	41,2892	43,25444
17940	40,63384	43,25444	40,63383	43,25444
17960	39,97848	43,25444	39,97846	43,25444
17980	39,32311	43,25443	38,66774	43,25444
18000	38,01239	43,25444	37,35702	43,25444
18020	37,35702	43,25443	36,70165	43,25443
18040	36,04629	43,25443	35,39093	43,25443
18060	34,08021	43,25442	34,0802	43,25443
18080	33,42484	43,25442	32,76947	43,25442
18100	32,76948	43,25442	31,45875	43,25441
18120	31,45876	43,25441	30,14802	43,25441
18140	30,80339	43,2544	30,14802	43,2544
18160	34,0802	43,25443	35,39092	43,25444
18180	34,73556	43,25443	34,08019	43,25443
18200	34,08021	43,25443	33,42484	43,25443
18220	33,42485	43,25442	32,11413	43,25442
18240	31,45878	43,2544	30,8034	43,2544
18260	29,49269	43,2544	27,5266	43,2544
18280	26,87125	43,25438	25,56052	43,25439
18300	24,24981	43,25438	22,93908	43,25439
18320	21,62836	43,25439	20,97299	43,25439
18340	20,31764	43,25438	20,31763	43,25439
18360	19,66228	43,25438	19,00692	43,25439
18380	19,00692	43,25439	19,00692	43,25439
18400	19,66229	43,25438	19,66228	43,2544
18420	19,6623	43,25439	20,31765	43,25439
18440	20,31766	43,25439	20,97301	43,25439
18460	20,97302	43,25439	20,97302	43,25439
18480	20,97302	43,25438	20,31765	43,25439
18500	19,6623	43,25438	20,31765	43,25438
18520	19,66229	43,25438	19,66228	43,25438
18540	19,00693	43,25437	19,00692	42,59901
18560	19,66229	42,599	19,66227	41,94365
18580	19,66228	41,94364	20,31763	41,94364
18600	20,97299	40,63291	20,97297	40,63291
18620	21,62834	40,6329	21,62832	40,6329
18640	22,28369	40,6329	21,62832	39,97754
18660	22,28368	39,97753	21,62831	39,97753
18680	21,62832	39,32217	22,28367	38,66681
18700	22,28367	39,32216	22,28366	38,66681
18720	22,28366	38,6668	22,28365	38,01143
18740	22,93901	37,35607	22,93901	37,35607
18760	22,93901	36,7007	22,939	36,7007
18780	22,939	36,7007	23,59435	36,70069
18800	23,59435	36,04533	23,59435	35,38997
18820	24,24971	35,38996	24,2497	34,73461
18840	23,59435	34,7346	24,2497	34,7346
18860	24,2497	34,7346	24,24969	34,7346
18880	24,90506	33,42388	24,90505	33,42387
18900	24,90506	34,07923	24,90505	34,07923
18920	25,56041	33,42387	24,90504	34,07923
18940	24,90506	34,07924	24,90505	34,07924
18960	24,90506	34,07924	24,90505	34,7346
18980	24,90506	34,07924	24,24969	34,73461
19000	24,2497	34,07925	24,24969	34,73461
19020	24,2497	34,73461	24,24969	35,38997
19040	24,2497	34,7346	24,24969	35,38996
19060	23,59434	34,7346	23,59433	35,39
19080	23,59434	35,38997	23,59433	34,73461
19100	23,59434	34,7346	23,59433	34,7346
19120	23,59434	34,7346	24,24969	34,7346
19140	24,2497	34,7346	23,59434	34,7346
19160	24,2497	34,7346	23,59434	34,7346
19180	24,24971	34,73459	24,2497	34,7346
19200	23,59435	34,73459	24,24969	34,07923
19220	24,2497	34,73459	23,59433	34,07923
19240	23,59434	34,07922	23,59434	33,42386
19260	23,59435	34,07922	23,59433	34,07922
19280	22,93898	34,07923	22,93898	34,07922
19300	22,93898	34,07922	22,93898	34,07922
19320	22,93898	34,07922	22,93898	43,25426
19340	22,93898	33,42385	22,93897	32,7685
19360	23,59433	33,42385	24,24969	32,76849
19380	24,24969	32,76848	24,90504	32,11312
19400	24,90504	32,11312	25,56039	32,11312
19420	24,90504	32,11312	24,90502	32,11312
19440	24,90504	32,11312	24,90502	32,11312
19460	24,24967	31,45775	24,24966	31,45775
19480	24,24966	30,80239	25,56038	30,14703
19500	30,14791	29,49167	28,83717	29,49166
19520	28,18181	30,14702	28,1818	30,14703
19540	28,18182	30,80239	28,18181	30,80238
19560	28,18181	30,14702	28,1818	30,14702
19580	28,83717	30,14702	28,1818	30,14702
19600	28,83716	30,14702	28,83716	30,14702
19620	28,83717	30,14702	28,1818	30,14703
19640	28,18181	30,14702	28,83717	30,80239
19660	28,83717	30,14702	28,83717	30,80239
19680	28,18182	31,45775	28,83717	31,45775
19700	28,18181	30,80239	28,83717	30,80239
19720	28,83718	30,80239	28,18181	30,80239
19740	28,83718	30,80239	28,18181	30,8024
19760	28,18182	30,80239	28,18181	30,8024
19780	28,18182	30,8024	27,52645	30,80239
19800	28,83717	30,80239	28,1818	30,8024
19820	27,52644	30,80239	26,87108	31,45776
19840	26,87109	31,45776	26,87109	31,45776
19860	27,52645	30,8024	27,52643	30,8024
19880	27,52644	30,80239	27,52643	30,80239
19900	27,52643	30,14703	27,52642	30,14703
19920	27,52642	30,14703	27,52641	30,14703
19940	27,52641	30,14703	27,52641	30,14704
19960	27,5264	30,14703	27,52639	30,14704
19980	27,5264	29,49167	27,52639	30,14704
20000	27,52639	29,49167	27,52638	29,49167
20020	27,52639	29,49167	27,52638	29,49168
20040	27,52639	29,49167	27,52638	29,49168
20060	27,52638	29,49168	27,52638	30,14704
20080	27,52639	30,14704	27,52638	30,14705
20100	27,52639	30,14704	26,87103	30,14705
20120	27,52639	30,14705	26,87103	30,14706
20140	26,87104	30,14705	26,87103	30,14705
20160	26,87104	30,14705	26,21568	30,80242
20180	26,21568	30,14706	26,87103	30,80242
20200	26,21569	30,80242	26,87104	30,80242
20220	26,21569	31,45778	24,90496	31,45778
20240	23,59423	30,8024	24,24958	30,80241
20260	23,59423	30,80241	23,59423	32,11314
20280	23,59423	31,45777	24,24959	31,45777
20300	24,90495	30,80241	25,56029	30,80241
20320	25,5603	30,80241	25,56029	30,80241
20340	26,21565	30,14704	25,56028	30,14705
20360	25,56029	30,14704	26,21564	30,14704
20380	25,56028	29,49169	25,56028	30,14705
20400	25,56028	30,14704	24,90491	30,14705
20420	24,90492	30,14705	24,90492	30,80241
20440	24,90492	30,14705	24,90491	30,80241
20460	24,90493	30,80241	24,90492	30,80242
20480	24,90492	30,80241	24,90492	30,80242
20500	25,56028	30,80241	24,90492	30,80242
20520	24,90492	30,80241	24,90491	31,45778
20540	25,56029	31,45777	24,90492	31,45777
20560	24,90494	31,45777	24,90493	31,45778
20580	25,5603	31,45777	25,56029	31,45777
20600	25,5603	31,45778	24,90493	31,45778
20620	25,5603	31,45777	25,56029	31,45778
20640	25,5603	31,45777	25,5603	32,11314
20660	25,56031	32,11313	24,90494	32,11314
20680	25,56031	32,11313	24,90495	32,11314
20700	25,56031	32,11314	24,90495	32,11314
20720	25,56031	32,11314	24,90495	32,7685
20740	23,59423	32,7685	19,66205	32,11313
20760	20,97278	32,11313	20,97278	32,11313
20780	20,31742	32,7685	20,31742	32,7685
20800	20,31743	33,42386	20,31743	32,7685
20820	20,31744	33,42387	19,66207	33,42388
20840	20,31744	33,42387	20,31744	34,07924
20860	20,31744	34,07924	20,31744	34,7346
20880	20,31745	34,7346	20,31744	34,7346
20900	20,31746	34,7346	20,31745	34,73461
20920	20,97281	34,7346	20,31744	34,7346
20940	20,97282	34,73461	20,31745	34,73461
20960	20,97282	34,73461	20,31745	35,38997
20980	20,31746	34,73461	20,31745	35,38997
21000	20,31746	35,38997	20,31745	34,73461
21020	26,87107	34,73463	29,49251	34,73464
21040	24,90498	36,04534	24,24962	36,70071
21060	24,90499	36,70071	24,24963	37,35608
21080	24,24963	36,70072	24,24963	37,35608
21100	24,24963	37,35608	23,59427	38,01145
21120	23,59428	38,01145	22,93891	38,01145
21140	22,93893	38,66681	22,28355	38,66682
21160	22,28356	38,66682	22,28356	38,66682
21180	22,28357	39,32218	21,6282	39,32219
21200	21,62821	39,32219	21,62821	39,32219
21220	21,62821	39,32218	21,62821	39,97755
21240	21,62822	39,97755	21,62821	39,97755
21260	21,62822	40,63291	21,62821	40,63292
21280	21,62822	40,63292	22,93893	40,63292
21300	22,93893	40,63292	22,93892	40,63292
21320	23,59429	43,25436	22,93892	40,63292
21340	23,59429	40,63292	23,59428	40,63292
21360	22,93893	40,63292	22,93892	40,63292
21380	22,93893	41,28828	22,93893	41,28829
21400	22,28358	41,28829	22,93893	41,94365
21420	22,93894	41,94365	22,28358	41,94365
21440	22,93894	41,28829	22,93894	41,94365
21460	22,93894	41,94365	23,59429	41,94366
21480	22,93895	41,94365	22,93894	41,94366
21500	23,59431	42,59902	22,93894	41,94366
21520	23,59431	41,94365	22,93895	42,59902
21540	22,93896	41,94366	23,59431	42,59902
21560	22,93896	41,94366	22,93896	42,59902
21580	23,59432	42,59903	22,93896	42,59904
21600	23,59432	43,25438	24,24968	42,59903
21620	24,24969	42,59902	24,24968	42,59902
21640	24,90503	42,59902	24,90503	42,59902
21660	24,90504	42,59901	25,56039	42,59901
21680	22,93895	38,66682	-3,93122	28,83634
21700	-43,25359	20,31653	-43,25407	14,41821
21720	-43,25431	12,45206	-43,25436	13,10741
21740	-43,25432	13,10742	-43,25433	14,41814
21760	-43,25432	14,41814	-43,25434	15,0735
21780	-43,25433	15,07349	-43,25434	15,07349
21800	-43,25433	15,07349	-43,25435	16,38422
21820	-43,25434	16,38421	-43,25436	17,03958
21840	-43,25435	17,69494	-43,25435	17,69495
21860	-43,25434	16,38421	-43,25434	15,72885
21880	-43,25431	15,72884	-43,2543	15,72883
21900	-43,25426	15,72883	-43,25425	15,72882
21920	-43,25423	15,72882	-43,25421	16,38418
21940	-43,25418	16,38417	-43,25421	17,69491
21960	-43,25423	18,35027	-43,25423	18,35028
21980	-43,25421	19,00564	-43,25419	19,66101
22000	-43,25418	19,66101	-43,25417	20,97174
22020	-43,25417	20,97173	-43,25417	20,97174
22040	-43,25416	20,97174	-43,25417	21,6271
22060	-43,25417	20,97172	-43,25418	20,31636
22080	-43,25417	19,66099	-43,25418	19,00562
22100	-43,25418	17,69488	-43,2542	21,62707
22120	-43,25413	22,93783	-43,25413	22,93784
22140	-43,25412	23,59319	-43,25412	24,24856
22160	-43,2541	24,24856	-43,2541	23,5932
22180	-43,2541	23,5932	-43,25411	23,5932
22200	-43,2541	22,93785	-43,25411	22,93785
22220	-43,25411	22,28248	-43,25412	22,28248
22240	-43,25412	21,62712	-43,25413	21,62712
22260	-43,25413	21,62712	-43,25415	20,97176
22280	-43,25415	20,97176	-43,25417	20,97177
22300	-43,25416	20,31641	-43,25417	20,31641
22320	-43,25417	19,66105	-43,25418	20,31641
22340	-43,25418	19,66105	-43,25426	17,69495
22360	-43,25432	16,38419	-43,25433	17,03956
22380	-43,25432	17,03956	-43,25431	17,69493
22400	-43,2543	17,69493	-43,2543	17,03957
22420	-43,25429	17,03956	-43,2543	17,03957
22440	-43,25429	17,03957	-43,25429	17,03957
22460	-43,25428	17,03957	-43,25429	17,03957
22480	-43,25428	17,03957	-43,25429	17,03957
22500	-43,25428	16,38421	-43,25429	17,03957
22520	-43,25428	17,03958	-43,25429	17,03958
22540	-43,25428	17,03958	-43,25429	17,03958
22560	-43,25428	17,69494	-43,25428	17,69494
22580	-43,25427	17,69494	-43,25427	18,35031
22600	-43,25426	18,3503	-43,25171	18,35031
22620	-43,25425	19,00567	-43,25425	19,00567
22640	-43,25424	19,66103	-43,25424	19,00567
22660	-43,25423	19,00568	-43,25424	19,66103
22680	-43,25423	19,00567	-43,25423	19,66104
22700	-43,25422	19,66103	-43,25423	20,31639
22720	-43,25422	19,66103	-43,25423	20,3164
22740	-43,25423	20,31639	-43,25423	20,3164
22760	-43,25423	20,3164	-43,25424	20,3164
22780	-43,25423	20,31639	-43,25423	19,66103
22800	-43,25423	20,31639	-43,25424	20,31639
22820	-43,25423	20,3164	-43,25423	20,3164
22840	-43,25423	20,31639	-43,25424	20,3164
22860	-43,25424	19,66103	-43,25425	19,66103
22880	-43,25425	19,66103	-43,25425	19,66103
22900	-43,25425	19,00566	-43,25425	19,66102
22920	-43,25406	18,35029	-43,25397	18,3503
22940	-43,25399	19,66102	-43,25401	19,66103
22960	-43,25399	19,66103	-43,254	20,31639
22980	-43,254	19,66103	-43,254	19,66103
23000	-43,254	19,66103	-43,25402	19,66104
23020	-43,25401	19,66104	-43,25402	19,66105
23040	-43,25402	19,66104	-43,25403	19,66105
23060	-43,25403	20,3164	-43,25404	19,66105
23080	-43,25403	20,31641	-43,25403	20,31641
23100	-43,25403	19,66105	-43,25404	20,31642
23120	-43,25403	19,66105	-43,25404	19,66105
23140	-43,25404	19,66105	-43,25405	19,66105
23160	-43,25404	19,00569	-43,25405	19,00569
23180	-43,25404	19,00569	-43,25405	19,00569
23200	-43,25404	19,00568	-43,25405	19,00569
23220	-43,25404	19,00569	-43,25405	19,66105
23240	-43,25404	19,00569	-43,25405	19,66105
23260	-43,25404	19,00569	-43,25405	19,66105
23280	-43,25404	19,66105	-43,25405	19,66106
23300	-43,25404	19,66105	-43,25405	19,66106
23320	-43,25404	20,31642	-43,25405	19,66106
23340	-43,25404	20,31642	-43,25404	20,97179
23360	-43,25404	20,97178	-43,2541	21,62714
23380	-43,25408	21,62714	-43,25407	21,62714
23400	-43,25406	22,28251	-43,25406	22,93787
23420	-43,25404	22,93787	-43,25405	22,93788
23440	-43,25405	22,93788	-43,25405	22,93788
23460	-43,25405	22,93788	-43,25406	22,28253
23480	-43,25406	22,28252	-43,25407	22,28253
23500	-43,25407	21,62716	-43,25407	22,28253
23520	-43,25407	21,62717	-43,25408	22,28254
23540	-43,25407	22,28254	-43,25407	22,28255
23560	-43,25407	22,28254	-43,25408	22,93791
23580	-43,25407	22,93791	-43,25408	22,93791
23600	-43,25408	22,93791	-43,25408	23,59328
23620	-43,25407	23,59327	-43,25408	23,59328
23640	-43,25408	23,59327	-43,25408	23,59328
23660	-43,25408	23,59328	-43,25409	23,59328
23680	-43,25408	23,59328	-43,25408	23,59329
23700	-43,25408	23,59328	-43,25409	23,59328
23720	-43,25408	23,59328	-43,25409	23,59328
23740	-43,25409	22,93792	-43,25409	23,59328
23760	-43,25408	22,93792	-43,25409	22,93792
23780	-43,25408	22,93792	-43,25409	22,93793
23800	-43,25408	22,93792	-43,25409	23,59328
23820	-43,25407	23,59328	-43,25408	22,93793
23840	-43,25407	23,59384	-43,25408	23,59329
23860	-43,25407	22,93792	-43,25408	23,59328
23880	-43,25407	23,59329	-43,25408	24,24865
23900	-43,25408	23,59329	-43,25409	23,59328
23920	-43,25409	23,59328	-43,2541	23,59328
23940	-43,2541	23,59328	-43,2541	23,59328
23960	-43,2541	23,59328	-43,2541	24,24864
23980	-43,2541	23,59327	-43,25411	24,24864
24000	-43,2541	23,59327	-43,25411	23,59327
24020	-43,2541	24,24863	-43,25411	24,24863
24040	-43,25411	23,59327	-43,25412	23,59327
24060	-43,25412	23,59326	-43,25413	23,59326
24080	-43,25413	23,59326	-43,25414	24,24863
24100	-43,25414	24,24863	-43,25415	23,59327
24120	-43,25415	24,24864	-43,25417	24,24864
24140	-43,25417	24,24863	-43,25418	24,24864
24160	-43,25418	23,59327	-43,25419	23,59328
24180	-43,25419	23,59327	-43,25421	23,59327
24200	-43,2542	22,93791	-43,25167	23,59328
24220	-43,25422	23,59327	-43,25422	23,59329
24240	-43,25423	24,24865	-43,25424	24,24865
24260	-43,25423	24,24865	-43,25424	24,90402
24280	-43,25423	25,55938	-43,25424	25,55938
24300	-43,25423	25,55938	-43,25423	26,21474
24320	-43,25422	25,55937	-43,25423	26,21474
24340	-43,25422	25,55937	-43,25423	25,55938
24360	-43,25423	25,55937	-43,25424	26,21473
24380	-43,25424	25,55938	-43,25425	25,55938
24400	-43,25425	26,21473	-43,25426	25,55937
24420	-43,25426	26,21473	-43,25426	26,8701
24440	-43,25426	27,52545	-43,25426	28,18082
24460	-43,25425	28,83618	-43,25425	28,83619
24480	-43,25424	28,83619	-43,25425	28,83619
24500	-43,25424	28,83619	-43,25424	29,49156
24520	-43,25423	29,49156	-43,25423	30,14692
24540	-43,25422	30,14692	-43,25423	30,80228
24560	-43,25421	30,80228	-43,25423	31,45765
24580	-43,25421	31,45764	-43,25421	32,11301
24600	-43,25421	32,11301	-43,25421	31,45765
24620	-43,25421	32,113	-43,25421	32,76837
24640	-43,25421	32,76837	-43,25421	32,76837
24660	-43,25422	32,76837	-43,25423	32,76837
24680	-43,25422	32,113	-43,25423	32,113
24700	-43,25423	31,45764	-43,25424	31,45764
24720	-43,25424	30,80227	-43,25425	30,80227
24740	-43,25427	29,49154	-43,25435	29,49152
24760	-43,25433	29,49152	-43,25432	29,49153
24780	-43,25431	29,49153	-43,25431	30,14689
24800	-43,2543	30,14689	-43,2543	30,1469
24820	-43,25429	30,1469	-43,2543	30,80227
24840	-43,25429	30,14691	-43,2543	30,80227
24860	-43,25429	31,45763	-43,25429	30,80227
24880	-43,25428	31,45763	-43,25429	31,45763
24900	-43,25428	31,45763	-43,25429	31,45763
24920	-43,25428	30,80227	-43,2543	30,80227
24940	-43,25429	30,1469	-43,2543	30,1469
24960	-43,2543	29,49154	-43,25431	29,49153
24980	-43,2543	28,83617	-43,25431	28,83617
25000	-43,25431	28,18081	-43,25432	28,18081
25020	-43,25431	27,52544	-43,25432	28,1808
25040	-43,25431	27,52544	-43,25431	27,52544
25060	-43,25431	26,87008	-43,25431	26,87008
25080	-43,2543	26,21471	-43,2543	26,87007
25100	-43,2543	25,55934	-43,25431	26,21471
25120	-43,2543	26,2147	-43,25431	26,2147
25140	-43,25431	25,55933	-43,25431	25,55934
25160	-43,25431	25,55933	-43,25432	25,55934
25180	-43,25432	25,55933	-43,25433	25,55934
25200	-43,25432	25,55934	-43,25433	26,2147
25220	-43,25433	26,2147	-43,25434	26,2147
25240	-43,25433	26,2147	-43,25433	26,87006
25260	-43,25432	26,87007	-43,25432	26,87007
25280	-43,25431	27,52542	-43,25431	27,52543
25300	-43,2543	27,52543	-43,25431	27,52543
25320	-43,2543	27,52543	-43,2543	28,18079
25340	-43,25429	27,52543	-43,2543	27,52544
25360	-43,25429	27,52543	-43,25429	28,1808
25380	-43,25429	28,1808	-43,25429	28,1808
25400	-43,25428	28,83617	-43,25428	28,83618
25420	-43,25427	28,83618	-43,25428	28,83618
25440	-43,25427	28,83618	-43,25427	28,83672
25460	-43,25427	29,49155	-43,25427	29,49156
25480	-43,25427	30,14692	-43,25427	30,14692
25500	-43,25426	30,14692	-43,25426	30,14692
25520	-43,25425	30,14692	-43,25425	30,80229
25540	-43,25424	30,14693	-43,25424	30,14693
25560	-43,25424	30,14693	-43,25424	30,8023
25580	-43,25424	30,14693	-43,25424	30,14693
25600	-43,25423	30,14693	-43,25424	30,14693
25620	-43,25423	30,14692	-43,25424	30,14693
25640	-43,25424	30,14693	-43,25425	30,14693
25660	-43,25424	30,14693	-43,25425	30,14693
25680	-43,25425	30,14693	-43,25425	30,14693
25700	-43,25425	30,14692	-43,25425	29,49157
25720	-43,25424	29,49156	-43,25425	29,49157
25740	-43,25424	30,14693	-43,25425	30,14693
25760	-43,25424	29,49157	-43,25425	30,14694
25780	-43,25425	30,14693	-43,25426	30,14694
25800	-43,25424	30,14694	-43,25425	30,14694
25820	-43,25424	30,14694	-43,25425	30,14694
25840	-43,25424	30,14694	-43,25425	30,8023
25860	-43,25424	30,14694	-43,25425	30,14694
25880	-43,25425	30,14694	-43,25426	30,8023
25900	-43,25426	30,14694	-43,25427	30,14695
25920	-43,25427	30,14694	-43,25428	30,14694
25940	-43,25427	30,8023	-43,25428	30,14694
25960	-43,25428	30,14694	-43,25429	30,8023
25980	-43,25429	30,14694	-43,2543	30,80231
26000	-43,2543	30,8023	-43,25431	30,14694
26020	-43,2543	30,8023	-43,2543	30,80231
26040	-43,2543	30,8023	-43,25431	30,14694
26060	-43,2543	30,8023	-43,25432	30,14694
26080	-43,25431	30,14694	-43,25432	29,49157
26100	-43,25432	28,83621	-43,25433	29,49157
26120	-43,25432	28,83621	-43,25433	28,83621
26140	-43,25432	28,83621	-43,25434	28,83621
26160	-43,25433	28,83621	-43,25434	28,83621
26180	-43,25433	28,83621	-43,25434	28,83621
26200	-43,25433	28,18084	-43,25429	28,18085
26220	-43,25428	28,18084	-43,2543	28,18084
26240	-43,25429	28,18084	-43,25429	28,18085
26260	-43,25428	28,18084	-43,25429	28,18085
26280	-43,25428	27,52548	-43,25429	28,18084
26300	-43,25428	27,52548	-43,25429	27,52548
26320	-43,25428	27,52548	-43,25428	27,52548
26340	-43,25428	27,52548	-43,25428	27,52548
26360	-43,25427	27,52548	-43,25427	27,52548
26380	-43,25427	26,87011	-43,25428	26,87011
26400	-43,25427	26,87011	-43,25428	27,52548
26420	-43,25427	27,52547	-43,25428	27,52547
26440	-43,25427	27,52547	-43,25428	27,52547
26460	-43,25427	27,52547	-43,25428	27,52547
26480	-43,25427	27,52547	-43,25428	28,18083
26500	-43,25427	27,52547	-43,25421	27,52546
26520	-43,2542	26,21474	-43,25423	27,52546
26540	-43,25422	27,52546	-43,25422	27,52547
26560	-43,25421	28,18083	-43,25421	27,52547
26580	-43,25421	27,52546	-43,25421	28,18083
26600	-43,2542	27,52547	-43,2542	27,52546
26620	-43,25419	27,52547	-43,25419	28,83619
26640	-43,25419	28,18082	-43,25419	29,49155
26660	-43,25418	28,83619	-43,25419	29,49155
26680	-43,25418	29,49155	-43,25419	30,14692
26700	-43,25418	30,80228	-43,25418	30,80228
26720	-43,25417	31,45764	-43,25418	32,11301
26740	-43,25417	32,76837	-43,25417	32,76837
26760	-43,25416	32,76837	-43,25417	33,42374
26780	-43,25415	34,0791	-43,25415	34,73446
26800	-43,25415	34,73446	-43,25415	35,38982
26820	-43,25414	36,04518	-43,25414	36,04519
26840	-43,25413	36,04518	-43,25414	36,70055
26860	-43,25412	36,70055	-43,25413	37,35591
26880	-43,25412	36,70055	-43,2541	37,35591
26900	-43,25395	36,70054	-43,25392	38,01127
26920	-43,25393	38,01126	-43,25393	38,01127
26940	-43,25391	38,01127	-43,25391	38,01127
26960	-43,2539	37,35591	-43,2539	37,3559
26980	-43,2539	37,35591	-43,2539	38,01127
27000	-43,25389	38,01128	-43,2539	38,66665
27020	-43,25389	39,32201	-43,25389	39,32202
27040	-43,25388	39,97738	-43,25389	40,63276
27060	-43,25388	40,63276	-43,25388	41,28812
27080	-43,25388	41,94348	-43,25388	41,28814
27100	-43,25388	41,28814	-43,25387	41,28814
27120	-43,25387	41,28814	-43,25387	41,9435
27140	-43,25386	41,28814	-43,25387	41,94351
27160	-43,25385	41,94351	-43,25386	41,94352
27180	-43,25385	42,59887	-43,25386	42,59888
27200	-43,25385	42,59888	-43,25385	42,59889
27220	-43,25385	43,25425	-43,25378	43,25426
27240	-43,25376	43,25426	-43,25378	43,25426
27260	-43,25376	43,25427	-43,25377	43,25428
27280	-43,25376	43,25428	-43,25377	43,25429
27300	-43,25377	43,25429	-43,25377	43,25429
27320	-43,25376	43,25429	-43,25377	43,2543
27340	-43,25377	43,25429	-43,25377	43,2543
27360	-43,25378	43,25429	-43,25377	43,2543
27380	-43,25376	43,25429	-43,25377	43,2543
27400	-43,25377	43,25429	-43,25377	43,25429
27420	-43,25376	43,2543	-43,25377	43,2543
27440	-43,25377	43,25429	-43,25377	43,25429
27460	-43,25377	43,25429	-43,25377	43,2543
27480	-43,25376	43,2543	-43,25377	43,2543
27500	-43,25376	42,59893	-43,25377	42,59894
27520	-43,25376	43,2543	-43,25376	43,2543
27540	-43,25376	42,59893	-43,25377	42,59893
27560	-43,25376	42,59892	-43,25376	42,59893
27580	-43,25376	41,94356	-43,25377	42,59893
27600	-43,25376	41,94357	-43,25377	41,94356
27620	-43,25376	41,94356	-43,25377	41,94356
27640	-43,25376	41,94355	-43,25377	41,2882
27660	-43,25376	41,28819	-43,25377	41,28819
27680	-43,25376	40,63283	-43,25377	41,28819
27700	-43,25376	40,63282	-43,25377	41,28818
27720	-43,25376	40,63282	-43,25377	40,63282
27740	-43,25376	40,63281	-43,25377	41,28818
27760	-43,25376	40,63282	-43,25377	40,63281
27780	-43,25376	40,63281	-43,25377	40,63281
27800	-43,25376	40,63281	-43,25377	40,63281
27820	-43,25376	40,6328	-43,25377	40,6328
27840	-43,25376	40,63279	-43,25377	40,6328
27860	-43,25376	39,97744	-43,25377	40,6328
27880	-43,25376	39,97743	-43,25377	39,97743
27900	-43,25376	39,97742	-43,25377	39,32206
27920	-43,25376	39,32206	-43,25377	39,32206
27940	-43,25376	38,66669	-43,25377	38,6667
27960	-43,25377	38,01133	-43,25377	38,01133
27980	-43,25377	37,35596	-43,25378	37,35596
28000	-43,25377	36,70059	-43,25378	36,70059
28020	-43,25377	36,04522	-43,25378	35,38986
28040	-43,25378	35,38986	-43,25379	35,38985
28060	-43,25379	34,73449	-43,25378	36,0452
28080	-42,59827	36,04521	-34,73384	36,04522
28100	-37,3553	36,70057	-39,3214	37,35594
28120	-38,01066	36,70058	-38,01066	37,35594
28140	-38,01066	36,70058	-37,3553	36,70058
28160	-37,35529	36,04522	-37,35529	36,70058
28180	-36,69993	36,70058	-36,69993	36,04522
28200	-36,04457	36,04522	-36,04457	36,04522
28220	-35,3892	36,04522	-35,38921	35,38986
28240	-35,38921	35,38986	-35,38922	35,38986
28260	-35,38921	35,38986	-36,04457	35,38986
28280	-36,04457	35,38986	-36,04458	35,38986
28300	-36,69993	35,38987	-36,69993	36,04524
28320	-36,69993	36,04523	-36,69993	36,04523
28340	-36,69992	36,04524	-36,69993	36,7006
28360	-37,35528	36,70059	-36,69993	36,7006
28380	-36,69992	36,04524	-36,69994	36,70059
28400	-36,69993	36,04523	-36,69994	36,04524
28420	-36,69993	36,04523	-36,69994	35,38987
28440	-36,69994	34,7345	-42,59827	43,25417
28460	-43,2538	32,11302	-43,25383	32,11301
28480	-43,2538	32,11303	-43,2538	32,76839
28500	-43,25379	32,76839	-43,25379	32,76839
28520	-43,25378	32,76839	-43,25379	32,76839
28540	-43,25378	32,76839	-43,25378	32,7684
28560	-43,25377	32,76839	-43,25378	32,7684
28580	-43,25377	33,42376	-43,25377	33,42376
28600	-43,25376	33,42376	-43,25377	33,42377
28620	-43,25376	33,42377	-43,25377	34,07913
28640	-43,25375	34,07913	-43,25375	34,7345
28660	-43,25374	34,07914	-43,25375	34,7345
28680	-43,25374	34,7345	-43,25374	35,38987
28700	-43,25373	36,04523	-43,25374	36,04524
28720	-43,25373	36,70059	-43,25373	36,04524
28740	-43,25373	36,04524	-43,25373	36,04524
28760	-43,25372	36,04524	-43,25372	36,7006
28780	-43,25372	36,04524	-43,25373	36,7006
28800	-43,25372	36,7006	-43,25373	36,7006
28820	-43,25373	36,7006	-43,25373	36,7006
28840	-43,25373	36,04524	-43,25374	36,7006
28860	-43,25373	36,7006	-43,25374	36,7006
28880	-43,25373	36,7006	-43,25373	36,7006
28900	-43,25373	36,04523	-43,25373	36,04524
28920	-43,25373	36,04524	-43,25374	36,04523
28940	-43,25373	35,38986	-43,25374	35,38987
28960	-43,25374	34,7345	-43,25375	34,73451
28980	-43,25375	34,7345	-43,25376	34,7345
29000	-43,25375	34,07914	-43,25376	34,07914
29020	-43,25375	34,07914	-43,25376	34,07914
29040	-43,25375	34,07914	-43,25376	34,07914
29060	-43,25376	34,07914	-43,25377	34,07914
29080	-43,25376	34,07913	-43,25377	34,07914
29100	-43,25377	34,07913	-43,25378	34,07913
29120	-43,25382	34,07912	-43,25384	34,07913
29140	-43,25383	34,07912	-43,25384	34,07913
29160	-43,25383	34,07912	-43,25383	34,07912
29180	-43,25383	34,07912	-43,25384	34,07912
29200	-43,25384	33,42376	-43,25385	34,07913
29220	-43,25384	33,42376	-43,25385	34,07913
29240	-43,25384	33,42376	-43,25385	34,07912
29260	-43,25384	33,42376	-43,25385	33,42376
29280	-43,25384	33,42376	-43,25386	33,42376
29300	-43,25385	33,42376	-43,25385	34,07912
29320	-43,25385	33,42376	-43,25386	33,42376
29340	-43,25385	34,07912	-43,25386	34,07912
29360	-43,25385	34,07912	-43,25385	34,73448
29380	-43,25385	34,73448	-43,25386	34,73448
29400	-43,25385	34,73448	-43,25386	34,73448
29420	-43,25369	34,07912	-33,42312	35,38986
29440	-31,45698	35,38985	-34,07846	36,70058
29460	-33,42309	37,35595	-34,07844	37,35595
29480	-34,7338	37,35595	-34,73381	37,35596
29500	-34,7338	37,35595	-34,7338	38,01132
29520	-35,38916	38,01132	-36,04452	38,66669
29540	-36,04451	38,66669	-35,38915	38,6667
29560	-36,0445	39,32206	-36,0445	39,97742
29580	-35,38914	39,32206	-36,0445	39,97743
29600	-36,04449	39,97743	-35,38913	40,63279
29620	-35,38913	39,97743	-35,38914	39,97744
29640	-35,38913	39,97743	-34,73378	39,97744
29660	-34,73377	39,32208	-36,69987	39,97745
29680	-40,63209	40,6328	-40,63209	40,6328
29700	-40,63207	41,28817	-40,63207	41,28818
29720	-40,63206	41,94354	-41,28741	42,59891
29740	-41,2874	41,94355	-41,28741	42,59892
29760	-41,28739	42,59891	-40,63203	43,25428
29780	-40,63202	43,25428	-41,28738	43,25429
29800	-41,28737	43,25429	-41,28737	43,2543
29820	-43,25345	43,2543	-41,94272	43,25431
29840	-41,94272	43,25431	-42,59808	43,25432
29860	-41,94271	43,25431	-42,59807	43,25432
29880	-43,25343	43,25432	-42,59807	43,25432
29900	-42,59806	43,25433	-42,59806	43,25433
29920	-43,25341	43,25434	-43,25341	43,25433
29940	-43,25341	43,25433	-43,25341	43,25433
29960	-43,2534	43,25434	-43,25341	43,25434
29980	-43,2534	43,25434	-43,25341	43,25434
30000	-43,2534	43,25434	-43,25341	43,25434
30020	-43,2534	43,25434	-43,25341	43,25435
30040	-43,2534	43,25434	-43,2534	43,25434
30060	-43,25339	43,25434	-43,2534	43,25435
30080	-43,2534	43,25434	-43,2534	43,25435
30100	-43,25339	43,25435	-43,25339	43,25435
30120	-43,25339	43,25435	-43,2534	43,25436
30140	-43,2534	43,25437	-43,25341	43,25437
30160	-43,25341	43,25437	-43,25342	43,25438
30180	-43,25341	43,25438	-43,25342	43,25438
30200	-43,25342	43,25438	-43,25343	43,25438
30220	-43,25342	43,25438	-43,25343	43,2544
30240	-43,25342	43,2544	-43,25343	43,2544
30260	-43,25341	43,25439	-39,97656	43,2544
30280	-41,28728	43,25439	-42,59802	43,2544
30300	-41,94264	43,2544	-42,598	43,2544
30320	-42,59799	43,2544	-43,25335	43,2544
30340	-43,25335	43,2544	-43,25334	43,2544
30360	-43,25334	43,2544	-43,25334	43,2544
30380	-43,25333	43,2544	-43,25333	43,2544
30400	-43,25333	43,25464	-42,59797	43,2544
30420	-42,59796	43,2544	-41,94261	43,2544
30440	-41,28724	43,25439	-41,28725	43,2544
30460	-40,63188	43,25439	-40,63189	43,25439
30480	-40,63188	43,25439	-39,97653	43,25438
30500	-39,97653	43,25438	-39,32118	43,25439
30520	-39,97654	43,25438	-39,97654	43,25439
30540	-39,97654	43,25438	-39,97654	43,25439
30560	-39,97654	43,25439	-39,97654	43,25439
30580	-39,97653	43,25438	-39,32118	43,25439
30600	-38,66581	43,25438	-38,66581	43,25438
30620	-38,66581	43,25438	-38,01045	43,25438
30640	-37,35509	43,25438	-38,01045	43,25438
30660	-37,35509	43,25437	-37,35509	43,25438
30680	-36,69972	43,25437	-36,04436	43,25437
30700	-36,04436	43,25436	-36,04436	43,25436
30720	-36,04436	43,25436	-36,04436	43,25435
30740	-35,38899	43,25435	-35,389	43,25435
30760	-35,38899	43,25434	-35,389	43,25434
30780	-35,389	43,25435	-35,389	43,25435
30800	-35,38899	43,25434	-35,389	43,25434
30820	-35,38899	43,25434	-35,389	43,25435
30840	-35,38899	43,25435	-36,04436	43,25435
30860	-35,38899	43,25435	-36,04435	43,25435
30880	-35,38898	43,25435	-35,38899	43,25435
30900	-36,04434	43,25435	-35,38898	43,25436
30920	-36,04433	43,25436	-35,38898	43,25436
30940	-35,38897	43,25436	-35,38897	43,25436
30960	-35,38896	43,25436	-35,38896	43,25436
30980	-36,04432	43,25435	-35,38896	43,25436
31000	-35,38895	43,25436	-35,38895	43,25436
31020	-35,38895	43,25435	-35,38895	43,25436
31040	-35,38894	43,25436	-35,38895	43,25436
31060	-35,38895	43,25436	-35,38894	43,25436
31080	-35,38894	43,25435	-35,38895	43,25436
31100	-35,38894	43,25435	-35,38895	43,25436
31120	-35,38894	43,25435	-35,38895	43,25435
31140	-34,73358	43,25435	-35,38895	43,25434
31160	-34,73358	43,25434	-34,73359	43,25434
31180	-34,73358	43,25434	-34,73359	43,25434
31200	-34,73358	43,25433	-30,14603	43,25433
31220	-28,17993	43,25432	-29,49066	43,25432
31240	-30,14602	43,25433	-29,49066	43,25433
31260	-29,49064	43,25433	-28,83529	43,25433
31280	-28,83529	43,25432	-28,83529	43,25433
31300	-29,49064	43,25432	-28,83529	43,25433
31320	-29,49064	43,25432	-29,49064	43,25433
31340	-29,49063	43,25433	-29,49064	43,25433
31360	-28,83526	43,25432	-28,83525	43,2543
31380	-29,49061	43,2543	-29,49063	43,25431
31400	-29,49063	43,25431	-28,83528	43,25432
31420	-28,83528	43,25432	-28,17993	43,25432
31440	-28,17993	43,25432	-28,17993	43,25433
31460	-30,14602	43,25432	-35,38897	43,25432
31480	-34,07824	43,25432	-33,42288	43,25433
31500	-34,07824	43,25433	-34,07823	43,25434
31520	-34,73359	43,25434	-34,73359	43,25434
31540	-34,73359	43,25435	-34,73359	43,25435
31560	-34,73357	43,25435	-34,73359	43,25435
31580	-34,73358	43,25435	-34,73358	43,25436
31600	-34,73358	43,25435	-34,07822	43,25436
31620	-34,07822	43,25435	-34,07822	43,25436
31640	-34,07821	43,25436	-30,14603	43,25436
31660	-24,24771	43,25435	-26,21381	43,25434
31680	-27,52452	43,25435	-27,52452	43,25436
31700	-27,5245	43,25435	-27,52451	43,25436
31720	-27,52449	43,25436	-27,5245	43,25437
31740	-27,52449	43,25436	-28,17986	43,25436
31760	-27,52449	43,25436	-28,17985	43,25437
31780	-28,83521	43,25436	-43,25313	43,25437
31800	-28,83521	43,25436	-28,83522	43,25436
31820	-28,8352	43,25436	-28,83521	43,25437
31840	-28,8352	43,25436	-28,8352	43,25437
31860	-28,17983	43,25437	-28,17982	43,25437
31880	-27,52445	43,25437	-27,52446	43,25437
31900	-26,86909	43,25437	-26,86909	43,25437
31920	-26,86908	43,25436	-26,8691	43,25437
31940	-27,52445	43,25437	-28,17982	43,25437
31960	-28,83518	43,25437	-29,49055	43,25438
31980	-30,14591	43,25437	-31,45665	43,25438
32000	-32,112	43,25438	-32,112	43,2544
32020	-32,112	43,25439	-32,11201	43,25439
32040	-32,76736	43,25439	-31,45664	43,25438
32060	-26,86905	43,25439	-28,83516	43,25438
32080	-28,83517	43,25438	-28,17982	43,25438
32100	-28,83516	43,25439	-29,49054	43,25439
32120	-29,49054	43,25438	-29,49055	43,25439
32140	-30,1459	43,25439	-30,14591	43,25439
32160	-29,49055	43,25439	-29,49055	43,25439
32180	-29,49055	43,25439	-29,49055	43,2544
32200	-28,83519	43,2544	-28,17983	43,2544
32220	-27,52446	43,25439	-27,52447	43,2544
32240	-26,8691	43,2544	-26,8691	43,2544
32260	-26,21373	43,2544	-26,21374	43,2544
32280	-26,21373	43,2544	-26,21374	43,2544
32300	-26,21373	43,25439	-43,2531	43,2544
32320	-26,21374	43,25439	-26,8691	43,2544
32340	-26,8691	43,2544	-27,52447	43,25439
32360	-25,55837	43,2544	-22,28153	43,2544
32380	-22,93691	43,25439	-23,59229	43,2544
32400	-23,59227	43,25439	-23,59228	43,2544
32420	-23,59227	43,25439	-22,93691	43,2544
32440	-22,9369	43,25439	-23,59227	43,2544
32460	-22,9369	43,25439	-23,59227	43,2544
32480	-23,59227	43,25439	-23,59227	43,2544
32500	-22,93436	43,2544	-23,59228	43,2544
32520	-22,93692	43,2544	-23,59228	43,25439
32540	-22,93692	43,25439	-22,93693	43,25439
32560	-22,93692	43,25438	-22,93693	43,25439
32580	-23,59229	43,25438	-22,93693	43,25438
32600	-23,59229	43,25439	-23,5923	43,25439
32620	-23,59229	43,25439	-22,93693	43,25439
32640	-23,59229	43,25439	-23,59229	43,25439
32660	-22,93692	43,25438	-22,93693	43,25439
32680	-22,93693	43,25438	-22,93693	43,25439
32700	-22,93692	43,25438	-23,59229	43,25438
32720	-22,93692	43,25438	-22,93693	43,25438
32740	-22,93693	43,25438	-22,93693	43,25438
32760	-22,93693	43,25438	-22,93694	43,25437
32780	-22,93693	43,25437	-22,28158	43,25437
32800	-22,28157	43,25437	-22,28157	43,25437
32820	-22,28157	43,25437	-22,28157	43,25437
32840	-22,28157	43,25437	-21,62622	43,25437
32860	-20,97085	43,25436	-20,97086	43,25436
32880	-20,97085	43,25435	-20,97086	43,25436
32900	-19,66014	43,25435	-19,66014	43,25436
32920	-19,66014	43,25435	-19,00479	43,25435
32940	-19,00478	43,25434	-18,34943	43,25435
32960	-18,34943	43,25434	-18,34943	43,25434
32980	-17,69406	43,25434	-17,69407	43,25435
33000	-17,69406	43,25435	-18,34942	43,25435
33020	-17,69406	43,25435	-18,34942	43,25436
33040	-18,34941	43,25436	-19,00478	43,25436
33060	-19,00477	43,25436	-19,00477	43,25437
33080	-19,00477	43,25437	-19,00477	43,25437
33100	-19,00476	43,25437	-19,66012	43,25438
33120	-19,66011	43,25437	-19,66012	43,25438
33140	-19,66011	43,25438	-20,31548	43,25438
33160	-20,31547	43,25438	-20,31547	43,25439
33180	-20,31546	43,25438	-20,97083	43,2544
33200	-20,97083	43,25439	-20,97083	43,25439
33220	-20,97082	43,25439	-20,97083	43,25439
33240	-20,97082	43,25439	-21,62619	43,2544
33260	-21,62619	43,25439	-22,28156	43,2544
33280	-22,28155	43,2544	-22,93691	43,2544
33300	-22,93691	43,2544	-22,93691	43,25441
33320	-22,28155	43,25441	-22,93691	43,25441
33340	-22,9369	43,25441	-22,9369	43,25441
33360	-22,93689	43,25441	-22,93689	43,25442
33380	-22,93689	43,25441	-22,93689	43,25441
33400	-22,93688	43,25441	-22,93689	43,25442
33420	-22,93688	43,25442	-22,93689	43,25442
33440	-22,93688	43,25441	-22,93689	43,25442
33460	-22,93688	43,25442	-22,93689	43,25442
33480	-22,93688	43,25441	-22,93689	43,25442
33500	-22,93688	43,25441	-22,93689	43,25442
33520	-22,93688	43,25441	-22,93688	43,25441
33540	-22,93687	43,25441	-22,93689	43,25442
33560	-22,28151	43,25442	-22,93688	43,25441
33580	-22,28152	43,25441	-21,62616	43,25441
33600	-21,62616	43,25441	-20,97081	43,25442
33620	-20,9708	43,2544	-20,31545	43,2544
33640	-20,31545	43,2544	-20,31546	43,2544
33660	-20,31545	43,2544	-20,31546	43,2544
33680	-20,97081	43,2544	-20,97082	43,25441
33700	-21,62618	43,25441	-20,97082	43,25442
33720	-21,62617	43,25441	-21,62618	43,25442
33740	-20,97081	43,25442	-21,62619	43,25442
33760	-21,62618	43,25442	-20,97083	43,25442
33780	-20,97083	43,25442	-20,97083	43,25442
33800	-20,97083	43,25442	-20,97084	43,25442
33820	-20,97083	43,25442	-20,97083	43,25442
33840	-20,97083	43,25442	-21,6262	43,25442
33860	-20,97084	43,25442	-21,6262	43,25441
33880	-20,97084	43,25441	-20,97085	43,25441
33900	-20,31549	43,2544	-20,3155	43,25439
33920	-20,31549	43,25439	-20,3155	43,25439
33940	-20,31549	43,25439	-22,2816	43,25439
33960	-26,21383	43,25438	-25,55848	43,25437
33980	-25,55847	43,25437	-26,21383	43,25438
34000	-26,21381	43,25437	-26,21382	43,25438
34020	-26,21381	43,25438	-25,55846	43,25438
34040	-25,55845	43,25437	-25,55845	43,25438
34060	-26,21379	43,25437	-25,55844	43,25438
34080	-26,21379	43,25437	-26,21379	43,25437
34100	-26,86914	43,25437	-26,86914	43,25437
34120	-26,86913	43,25437	-26,86914	43,25437
34140	-26,21377	43,25437	-26,21377	43,25436
34160	-26,21376	43,25436	-26,86913	43,25436
34180	-26,21376	43,25436	-26,21376	43,25436
34200	-26,21375	43,25436	-25,5584	43,25436
34220	-24,90302	43,25435	-24,24767	43,25435
34240	-24,24766	43,25434	-22,93695	43,25434
34260	-22,93693	43,25433	-21,62622	42,59896
34280	-20,97086	42,59896	-20,97087	42,59896
34300	-20,31551	41,94359	-20,97087	41,94359
34320	-20,31551	41,28822	-20,31552	40,63286
34340	-20,31552	40,63286	-20,31553	39,9775
34360	-20,31553	39,32212	-19,66019	38,66676
34380	-20,31554	38,66675	-19,66019	38,0114
34400	-19,66018	38,01139	-19,66018	38,01139
34420	-19,00482	38,01138	-18,34946	38,01138
34440	-17,69408	37,35602	-17,03873	36,04529
34460	-15,728	34,73456	-13,10656	30,80239
34480	-11,14047	28,18093	-9,17439	25,55947
34500	-7,20831	23,59336	-4,58687	20,97191
34520	-2,62078	19,00581	-1,31007	17,03972
34540	-5,89767	15,0736	-5,24235	14,41822
34560	-1,31015	13,10748	-0,65479	13,10748
34580	0,65595	11,79674	2,62204	11,14137
34600	3,2774	10,486	4,58812	9,83062
34620	5,89884	9,17525	6,55419	8,51988
34640	7,20956	8,51987	7,86491	7,20914
34660	8,52027	6,55377	9,17561	5,8984
34680	9,83096	3,9323	9,83094	3,27693
34700	9,83093	2,62156	9,83091	1,96619
34720	9,83089	0,65547	9,1755	0,65546000000001
34740	9,17549	0,65547	7,86474	0,65547
34760	7,20937	0,65547	6,55399	1,31084
34780	5,24326	1,31084	3,93252	0,65548
34800	3,27716	1,31085	1,31106	1,31086
34820	0,6557	1,96622	-0,65501999999999	1,96623
34840	-2,6211	3,27697	-4,58718	3,93234
34860	-6,55325	4,58771	-7,86397	5,24308
34880	-9,83003	5,89845	-11,14073	6,55381
34900	-11,79605	7,20917	-12,45136	7,86454
34920	-13,10665	8,5199	-14,41731	9,83063
34940	-15,72797	11,79672	-17,69403	14,4182
34960	-19,66009	17,69504	-21,62619	20,31652
34980	-22,9369	22,28262	-25,55836	23,59337
35000	-28,17979	24,90411	-30,14588	26,21485
35020	-31,4566	27,52559	-34,07805	29,49169
35040	-36,69949	31,45779	-38,66558	33,42389
35060	-39,97629	35,38999	-40,63167	36,04536
35080	-40,63166	37,35609	-41,28702	38,01146
35100	-40,63166	38,66682	-40,63167	38,66683
35120	-39,32094	38,66683	-38,01022	38,66684
35140	-36,69949	38,66684	-35,38878	38,01147
35160	-34,07806	38,01146	-32,76734	38,01145
35180	-31,45661	37,35609	-30,1459	37,35608
35200	-28,83516	36,70072	-28,17981	36,70071
35220	-27,52444	36,70071	-26,21373	37,35607
35240	-25,55836	38,01143	-24,90301	38,01143
35260	-24,903	38,66679	-24,90301	39,32216
35280	-24,24764	39,32216	-24,24766	39,97752
35300	-24,24765	39,97752	-24,24767	41,28825
35320	-23,5923	41,28825	-24,24767	41,94362
35340	-24,24767	41,94362	-23,59231	41,94362
35360	-22,93694	41,94362	-22,93696	42,59898
35380	-22,28159	41,94362	-21,62623	42,59898
35400	-21,62622	42,59897	-20,97087	42,59898
35420	-20,3155	42,59897	-20,31551	42,59897
35440	-17,69406	43,25433	-15,72796	43,25433
35460	-17,03868	42,59896	-17,03869	43,25433
35480	-17,03868	43,25433	-17,03868	43,25433
35500	-17,03868	43,25433	-17,03869	43,25433
35520	-17,69405	43,25434	-19,66014	43,25434
35540	-20,97086	43,25434	-22,93696	43,25436
35560	-25,55842	43,25436	-28,83527	43,25438
35580	-32,1121	43,25438	-35,38895	43,2544
35600	-39,32115	43,2544	-41,28728	43,2544
35620	-40,63192	43,25439	-43,25089	43,25439
35640	-43,25348	43,2544	-43,25352	43,25441
35660	-43,25354	43,25441	-43,25358	43,25442
35680	-43,2536	43,25441	-43,25364	43,25441
35700	-43,25365	43,2544	-43,25367	43,25439
35720	-43,25369	43,25437	-43,25371	43,25438
35740	-43,25372	43,25436	-43,25375	43,25435
35760	-43,25376	42,59899	-43,25378	41,28826
35780	-43,25378	41,28826	-43,25381	39,97753
35800	-43,25381	39,97752	-43,25383	38,6668
35820	-43,25382	38,66678	-43,25384	38,01142
35840	-43,25383	38,01141	-43,25384	38,66677
35860	-43,25383	38,66677	-43,25383	38,66677
35880	-43,25382	39,32212	-43,25382	39,97749
35900	-43,2538	39,97748	-43,25379	39,97748
35920	-43,25377	40,63283	-43,25377	40,63282
35940	-43,25375	40,63282	-43,25375	41,28818
35960	-43,25373	40,63282	-43,25374	40,63281
35980	-43,25373	40,6328	-43,25374	39,97744
36000	-43,25374	39,97743	-43,25376	39,32207
36020	-43,25377	38,6667	-43,25379	38,66669
36040	-43,25381	38,01133	-43,25383	37,35596
36060	-43,25384	36,7006	-43,25386	36,70059
36080	-43,25387	36,70059	-43,25388	36,70059
36100	-43,25389	36,70058	-43,2539	36,70058
36120	-43,2539	36,70058	-43,25391	37,35594
36140	-43,2539	36,70058	-43,25391	36,70057
36160	-43,25389	36,0452	-43,25389	36,0452
36180	-43,25386	36,0452	-43,25386	36,0452
36200	-43,25382	35,38983	-43,25381	35,38983
36220	-43,25379	35,38982	-43,25378	35,38983
36240	-43,25376	35,38982	-43,25375	36,04519
36260	-43,25373	36,04518	-43,25373	36,04518
36280	-43,25371	36,04518	-43,2537	36,70054
36300	-43,25369	36,70054	-43,25368	36,70054
36320	-43,25366	37,35591	-43,25367	38,01127
36340	-43,25365	38,01127	-43,25365	38,01128
36360	-43,25364	38,66664	-43,25364	39,32201
36380	-43,25363	39,32201	-43,25363	39,97737
36400	-43,25362	39,97738	-43,25362	40,63274
36420	-43,2536	40,63274	-43,25361	39,97738
36440	-43,2536	39,97738	-43,2536	38,66666
36460	-43,25359	38,66666	-43,25359	38,01129
36480	-43,25359	38,01129	-43,25359	37,35592
36500	-43,25358	36,70056	-43,25359	36,04519
36520	-43,25358	35,38982	-43,25359	35,38982
36540	-43,25359	34,07909	-43,2536	34,07908
36560	-43,25359	34,07908	-42,59824	34,07908
36580	-42,59824	34,07908	-43,2536	34,07908
36600	-43,25359	34,07908	-43,2536	34,07909
36620	-43,2536	33,42372	-43,2536	34,07908
36640	-43,2536	33,42372	-43,25361	32,76837
36660	-43,2536	32,76836	-43,25362	32,76836
36680	-43,25362	30,80227	-43,2537	30,80228
36700	-43,25372	30,1469	-43,25372	29,49154
36720	-43,25371	29,49154	-43,25373	29,49154
36740	-43,25372	28,83617	-43,25373	28,83618
36760	-43,25372	28,18081	-43,25373	28,83618
36780	-43,25372	28,18081	-43,25373	27,52545
36800	-43,25372	28,18081	-43,25373	28,18081
36820	-43,25372	27,52545	-43,25372	27,52545
36840	-43,25372	27,52545	-43,25372	27,52545
36860	-43,25468	26,87009	-43,25372	27,52545
36880	-43,25371	26,87008	-43,25371	26,87009
36900	-43,25371	26,21472	-43,25371	25,55936
36920	-43,25371	24,90399	-43,25372	24,904
36940	-43,25371	24,24863	-43,25372	23,59327
36960	-43,25372	23,59326	-43,25372	23,59326
36980	-43,25372	22,93789	-43,25373	21,62717
37000	-43,25373	21,62716	-43,25374	21,62716
37020	-43,25373	21,62715	-43,25375	20,97179
37040	-43,25374	20,31642	-43,25375	20,97179
37060	-43,25374	20,31642	-43,25375	19,66106
37080	-42,59839	19,66106	-42,59839	19,0057
37100	-42,59839	19,00569	-40,63231	19,00569
37120	-35,38936	17,69496	-36,7001	17,69496
37140	-37,35548	17,69495	-36,70011	17,69496
37160	-36,7001	17,69496	-36,70011	17,0396
37180	-36,7001	16,38423	-36,70011	17,03959
37200	-36,7001	15,72887	-37,35547	15,72887
37220	-37,35547	15,07351	-37,35548	15,07351
37240	-37,35548	14,41815	-37,35549	14,41815
37260	-36,70012	14,41814	-36,70013	14,41816
37280	-36,70012	14,41815	-36,70013	14,41815
37300	-36,04476	14,41815	-36,04477	14,41815
37320	-35,38941	14,41815	-35,38941	14,41815
37340	-35,38941	14,41814	-34,73406	14,41814
37360	-34,07869	14,41815	-33,42334	14,41814
37380	-33,42333	13,76278	-33,42334	14,41814
37400	-33,42333	14,41814	-33,42334	14,41815
37420	-33,42334	13,76278	-33,42334	13,76279
37440	-33,42333	13,76278	-33,42334	13,76278
37460	-33,42333	13,10742	-34,0787	13,10742
37480	-39,97702	13,10741	-38,66632	13,1074
37500	-38,01093	12,45205	-38,6663	13,10742
37520	-38,01093	13,10742	-38,01093	13,10742
37540	-38,01093	13,10741	-38,01093	12,45206
37560	-37,35556	12,45205	-38,01093	13,10742
37580	-37,35556	13,10742	-37,35556	13,76279
37600	-37,35556	13,10742	-38,01092	13,76279
37620	-37,35555	13,76279	-37,35557	13,76279
37640	-37,35556	13,76279	-38,01093	13,7628
37660	-38,01092	14,41816	-38,01092	13,7628
37680	-38,01091	14,41816	-38,01091	14,41816
37700	-38,0109	14,41816	-38,0109	14,41817
37720	-38,0109	15,07352	-38,0109	14,41816
37740	-38,01088	14,41816	-38,01089	15,07353
37760	-38,01088	14,41816	-38,01089	14,41816
37780	-38,01088	14,41816	-38,01088	14,41816
37800	-37,35552	14,41816	-37,35552	14,41817
37820	-37,35552	14,41817	-37,35552	15,07353
37840	-37,35551	15,07352	-36,70015	15,07353
37860	-36,70014	14,41816	-36,70015	15,07353
37880	-35,38942	14,41816	-35,38942	14,41816
37900	-35,38941	14,41816	-35,38942	14,41816
37920	-35,3894	14,41816	-35,38941	14,41816
37940	-34,73404	14,41816	-34,73405	14,41816
37960	-34,73404	14,41816	-34,07869	14,41816
37980	-34,07867	15,07352	-34,07868	14,41816
38000	-33,42331	14,41816	-33,42331	15,07352
38020	-33,4233	14,41816	-33,42331	14,41816
38040	-32,76793	14,41815	-32,11259	13,76279
38060	-32,76794	13,76279	-32,11258	13,76279
38080	-32,11257	14,41814	-32,11258	14,41815
38100	-31,4572	14,41814	-32,11257	14,41815
38120	-32,11256	15,0735	-32,11257	15,07351
38140	-32,11256	15,72887	-32,76793	15,72887
38160	-32,76791	15,72887	-32,76792	16,38424
38180	-32,11254	16,38424	-32,76791	16,38424
38200	-32,11253	16,38424	-32,11253	17,69497
38220	-32,11251	17,69497	-32,11251	17,69497
38240	-32,11249	18,35033	-32,1125	19,0057
38260	-32,11248	18,35034	-32,11248	19,0057
38280	-32,11247	19,66106	-32,11247	19,66106
38300	-32,11247	19,66106	-32,11247	19,0057
38320	-31,45711	19,0057	-31,45712	18,35034
38340	-31,45712	19,0057	-31,45713	18,35034
38360	-31,45713	18,35034	-31,45715	18,35033
38380	-32,11251	18,35033	-32,11252	19,0057
38400	-32,11252	18,35034	-33,42325	18,35034
38420	-30,80179	19,66106	-19,66055	18,35034
38440	-21,62662	17,69497	-27,52494	18,35032
38460	-28,18029	19,00569	-28,83565	19,66107
38480	-29,49101	19,0057	-30,14638	18,35035
38500	-30,80173	19,00571	-31,45711	19,00572
38520	-32,11248	19,00572	-32,76784	19,00573
38540	-32,76784	19,66108	-33,42322	20,31645
38560	-34,07857	20,31645	-34,07858	20,97182
38580	-34,73393	21,62718	-35,38931	22,28255
38600	-35,3893	21,62719	-35,38931	21,62719
38620	-36,04466	21,6272	-36,04467	21,6272
38640	-36,70003	22,28256	-36,70004	22,28257
38660	-36,70003	22,28256	-37,3554	22,28257
38680	-38,01076	22,28257	-38,01076	22,28257
38700	-38,01076	22,28256	-38,01077	22,28256
38720	-38,01076	22,28257	-38,66613	22,28257
38740	-38,01076	22,28256	-38,66613	22,28256
38760	-39,97686	22,28256	-43,25371	22,93793
38780	-42,59833	22,93792	-42,59832	22,93793
38800	-41,94295	22,93794	-41,94295	22,93794
38820	-41,28758	22,93793	-41,28758	22,93794
38840	-40,63221	22,93793	-40,63221	22,93794
38860	-40,63221	22,93793	-40,63221	22,93794
38880	-39,97684	23,59329	-39,97684	23,5933
38900	-39,97683	23,59329	-39,97683	24,24866
38920	-39,32147	24,24866	-39,97683	24,24866
38940	-39,97683	23,5933	-39,97684	24,24866
38960	-39,97683	23,59329	-39,97684	23,59329
38980	-39,97684	22,93792	-40,63221	22,28257
39000	-39,3215	21,6272	-29,491	21,6272
39020	-22,93732	19,66111	-26,21416	19,6611
39040	-27,52489	19,66111	-26,86953	20,31647
39060	-26,86952	20,31647	-26,86954	20,31647
39080	-26,21417	20,31647	-26,86953	20,31647
39100	-26,21416	20,31647	-26,86953	20,97184
39120	-26,86952	20,97184	-27,52488	20,31648
39140	-27,52487	20,31648	-27,52488	20,31648
39160	-27,52487	20,31648	-27,52488	20,31648
39180	-27,52488	19,66112	-28,18024	19,66113
39200	-28,18024	20,31648	-28,83561	19,66112
39220	-28,8356	19,66113	-28,83561	20,31649
39240	-29,49096	19,66113	-29,49096	20,31649
39260	-29,49096	20,31649	-29,49097	19,66113
39280	-29,49095	19,66113	-29,49096	19,66113
39300	-29,49095	19,00577	-29,49096	18,3504
39320	-29,49096	18,3504	-30,14632	18,3504
39340	-30,80168	19,00576	-31,45706	19,00576
39360	-31,45705	19,00576	-32,11241	19,66114
39380	-32,1124	19,66113	-32,76776	19,00577
39400	-32,76776	19,00577	-32,76776	19,00577
39420	-33,42311	19,00577	-33,42311	19,66114
39440	-33,4231	19,66113	-33,42311	19,66114
39460	-33,4231	19,66114	-33,4231	19,66114
39480	-33,42309	20,3165	-33,42309	20,97187
39500	-32,76772	20,97187	-32,76773	20,97187
39520	-32,76772	21,62722	-32,76773	21,62723
39540	-32,76772	21,62722	-32,76773	21,62723
39560	-32,76772	21,62722	-32,76772	20,97186
39580	-32,11236	20,97186	-32,11237	20,97186
39600	-32,11236	20,97186	-32,11236	21,62722
39620	-32,11236	21,62722	-32,11236	22,28258
39640	-31,45699	22,28258	-30,80164	21,62722
39660	-30,80164	21,62722	-30,80164	22,28258
39680	-30,80163	22,28258	-30,80165	22,28258
39700	-29,49093	20,97186	-28,83558	21,62721
39720	-26,8695	21,6272	-26,21415	22,28256
39740	-24,90342	21,62719	-23,59271	22,28255
39760	-22,28197	22,9379	-21,62662	22,93791
39780	-20,97124	22,9379	-20,31589	23,59326
39800	-19,66052	23,59326	-18,3498	23,59326
39820	-18,34979	23,59325	-13,76225	24,90397
39840	3,9327	24,90398	12,45264	24,904
39860	-43,25304	26,2147	5,89894	26,87007
39880	7,20969	26,87007	7,20969	26,87007
39900	7,86506	26,21471	7,86506	25,55935
39920	8,52042	25,55935	8,52041	25,55935
39940	8,52041	24,90398	7,86505	25,55934
39960	8,52041	24,90397	7,86504	24,90397
39980	8,5204	24,90397	8,5204	24,90397
