T	LX	LY	RX	RY
0	0	0	0	0
20	-1,0000000003174E-5	0,65536	-1,9999999999243E-5	9,9999999960687E-6
40	-3,0000000002417E-5	0	-4,0000000005591E-5	9,9999999960687E-6
60	-0,65541	1,0000000003174E-5	-5,000000000166E-5	1,9999999999243E-5
80	-5,000000000166E-5	0,65537	-5,000000000166E-5	0,65537
100	-5,000000000166E-5	1,31072	-5,000000000166E-5	0,65537
120	0,6553	1,31071	0,6553	0,65535999999999
140	1,31066	1,31071	1,31066	0,65535999999999
160	1,31065	0,65536	1,96601	0,65535999999999
180	1,96601	1,31071	1,96601	0,65535
200	1,96601	1,31071	1,96601	0,65535999999999
220	2,62136	0,65535	2,62137	0,65537
240	2,62136	0,65537	2,62136	0,65537
260	2,62135	0,65538	3,27671	0,65539
280	3,27671	1,31074	3,93207	0,65539
300	3,27669	2,62147	2,6213	3,93222
320	3,27669	3,93221	3,93205	3,27685
340	4,58741	3,9322	4,58741	3,93221
360	5,24277	3,93221	5,89813	3,93221
380	5,89813	4,58756	5,89813	3,93222
400	5,89813	4,58757	6,55349	3,93222
420	6,55349	3,93221	6,55349	3,93222
440	6,55346	3,93222	6,55346	3,93223
460	6,55345	3,27686	5,89809	3,27687
480	5,89809	2,6215	5,89808	2,62151
500	5,24271	1,96615	5,2427	1,96617
520	5,24268	1,96616	5,24267	1,96617
540	4,5873	1,96616	3,93194	1,96616
560	3,93193	1,96615	3,93193	1,31079
580	3,27657	1,31078	3,27656	1,31078
600	2,6212	1,31077	1,31048	1,31077
620	1,31048	0,6554	1,31049	3,9999999998486E-5
640	0,65513	1,9999999999243E-5	0,65515	-0,65533000000001
660	-0,00021000000000271	-0,65535	-0,00019000000000347	-1,31072
680	-0,00018000000000029	-1,31074	-0,65553000000001	-1,96611
700	-0,65552	-1,96613	-0,6555	-2,6215
720	-1,31085	-1,96615	-1,31084	-1,96616
740	-53,73963	-1,96618	-2,62154	-1,31082
760	-3,2769	-1,31084	-3,27689	-1,31083
780	-3,93226	-1,96621	-4,58761	-1,96621
800	-4,58761	-1,96621	-5,24297	-2,62156
820	-5,24298	-1,96622	-5,89833	-1,9662
840	-5,89832	-1,96622	-5,89832	-1,9662
860	-5,89831	-1,31084	-5,89832	-1,9662
880	-5,89831	-1,31085	1,96612	0,65526
900	14,41825	0,65528	17,69512	1,31063
920	16,38437	0,65527	15,729	1,31064
940	15,729	1,31065	15,07365	1,31066
960	15,729	1,31065	15,729	1,31066
980	15,729	1,31065	15,729	1,96602
1000	15,07364	1,31065	15,07365	1,31065
1020	15,07365	1,31064	14,41829	0,65528
1040	14,41829	1,31063	14,41829	0,65528
1060	13,76293	1,31064	13,10757	1,31064
1080	13,10757	1,31064	12,45221	1,31065
1100	11,79684	1,966	11,14148	1,31066
1120	13,10756	3,27673	27,52575	6,55359
1140	38,01178	8,51968	38,01182	10,48579
1160	33,42425	11,79653	30,14745	14,41802
1180	26,21529	17,69486	23,59387	20,31637
1200	19,66173	22,93787	16,38495	24,904
1220	14,41888	26,87012	13,10818	26,21478
1240	11,79747	27,52552	10,48677	27,52554
1260	9,83141	28,18091	9,17606	28,18093
1280	8,52071	28,18093	6,55462	26,21485
1300	3,27777	23,59336	2,6224	22,93802
1320	2,62242	23,59338	2,62243	23,5934
1340	1,96707	23,59339	1,31171	23,5934
1360	1,31172	23,5934	1,31173	22,93804
1380	1,31174	22,93803	1,31174	22,28268
1400	1,31174	22,93803	0,65638999999999	22,28289
1420	1,31175	22,93804	0,65638999999999	21,62733
1440	1,31175	22,28268	0,65638	21,62733
1460	0,65638	21,62732	0,65638	21,62733
1480	1,31174	21,62732	5,24398	24,2488
1500	11,79769	26,21488	17,04065	24,90416
1520	18,35138	24,90415	17,04066	24,90417
1540	17,69601	25,55952	17,69601	25,55953
1560	17,69601	26,21489	17,69601	25,55954
1580	17,696	26,21489	17,696	26,21489
1600	18,35136	26,21489	18,35136	25,55952
1620	19,00672	26,21488	19,66208	26,21488
1640	20,31746	26,87024	28,83725	28,83634
1660	36,70172	30,14707	39,32321	30,14707
1680	39,32321	30,14707	40,63394	30,80244
1700	41,94469	31,45781	42,60006	31,45782
1720	43,9108	32,11318	44,56618	32,11319
1740	45,22154	32,11318	45,87691	31,45782
1760	45,87691	31,45782	46,53228	30,80247
1780	46,53228	30,80246	47,18763	30,80247
1800	47,18763	30,1471	48,49834	30,14711
1820	56,36278	31,45785	60,95038	30,8025
1840	61,60574	31,45786	60,95037	30,8025
1860	51,77532	31,45785	60,95036	30,8025
1880	60,95036	30,8025	60,29499	30,14715
1900	60,29499	30,80249	60,29498	30,14714
1920	59,63961	30,14713	58,98424	29,49178
1940	58,98423	29,49177	58,32886	29,49177
1960	57,67348	29,49177	57,67348	28,83641
1980	57,01811	29,49176	56,36273	29,49177
2000	58,98419	32,11322	73,40235	33,424
2020	82,57754	36,04544	81,92221	35,39009
2040	79,30073	36,7008	79,30073	36,04544
2060	79,95608	36,04541	81,92216	33,42395
2080	83,23287	31,45782	85,85431	28,18097
2100	87,82039	25,55946	88,47577	22,28261
2120	89,7865	20,97184	90,44187	18,35038
2140	91,09725	17,03961	91,75261	14,41813
2160	90,4419	12,45201	89,78654	10,48591
2180	89,78653	8,5198	90,44189	5,89834
2200	90,44188	5,24295	89,13115	3,27686
2220	88,47579	2,62148	87,82043	1,96612
2240	87,16507	1,31075	86,5097	1,31076
2260	85,85435	1,31074	85,85435	1,9999999999243E-5
2280	74,05774	-2,62144	39,32319	-12,45189
2300	-2,62049	-20,31627	-29,4906	-22,93772
2320	-30,14594	-20,97164	-27,52442	-19,6609
2340	-28,17978	-19,66091	-28,17978	-19,00554
2360	-27,52442	-19,00555	-27,52441	-19,66091
2380	-27,52441	-20,31629	-27,5244	-20,97165
2400	-27,5244	-20,97167	-27,52441	-21,62703
2420	-28,17978	-21,62704	-29,49051	-21,62704
2440	-30,14587	-21,62706	-30,80124	-21,62707
2460	-30,80124	-20,97172	-38,01026	-21,62707
2480	-48,49618	-20,97172	-50,4623	-20,31634
2500	-49,80691	-19,00562	-49,15153	-18,35026
2520	-49,80689	-17,03954	-50,46225	-16,38417
2540	-50,46225	-15,72883	-49,80688	-15,72882
2560	-49,80433	-15,07347	-49,80688	-14,4181
2580	-49,15152	-14,41811	-49,80688	-14,4181
2600	-49,15153	-14,41811	-49,15153	-14,41812
2620	-49,15154	-13,76276	-48,49618	-14,41812
2640	-48,49618	-14,41814	-47,84081	-13,76278
2660	-47,18545	-11,14132	-46,53008	-11,79668
2680	-45,87474	-11,14134	-45,21937	-11,14133
2700	-45,21938	-10,48597	-44,56401	-10,48595
2720	-44,56403	-10,48596	-43,90867	-10,48597
2740	-43,25331	-9,83062	-42,59795	-9,83061
2760	-41,9426	-9,83062	-41,9426	-9,83062
2780	-41,28724	-8,51991	-41,28725	-9,17527
2800	-40,6319	-9,17528	-39,97655	-9,17528
2820	-39,32119	-9,17529	-36,69973	-7,86457
2840	-23,59231	-5,89847	-14,41708	-6,55384
2860	-13,10636	-5,8985	-13,76175	-6,55385
2880	-13,1064	-5,24314	-12,45104	-5,89849
2900	-12,45104	-5,24315	-11,79569	-5,89851
2920	-11,14034	-5,24316	-11,7957	-4,5878
2940	-10,48498	-4,5878	-10,48498	-4,5878
2960	-10,48499	-3,93245	-10,48499	-4,58781
2980	-9,82964	-3,93246	-9,82964	-4,58782
3000	-9,17429	-3,93246	-9,1743	-4,58781
3020	-9,1743	-4,58783	-9,1743	-5,24319
3040	-8,51895	-5,2432	-8,51895	-5,2432
3060	-3,93138	-3,27712	9,83147	-2,62174
3080	15,72979	-3,27712	15,07697	-3,93248
3100	13,76368	-3,27712	15,07439	-3,93247
3120	14,41903	-4,58786	15,0744	-4,58785
3140	15,72975	-5,24322	15,72974	-5,24321
3160	16,3851	-5,24322	17,04045	-5,24322
3180	17,04045	-5,24323	17,04045	-5,89859
3200	17,6958	-5,8986	17,6958	-6,55396
3220	18,35116	-5,8986	18,35115	-6,55396
3240	18,35114	-6,55397	18,35114	-7,20932
3260	19,00649	-6,55396	19,66185	-7,20931
3280	19,66185	-7,20933	19,66185	-7,20932
3300	20,3172	-7,20932	19,66184	-7,20932
3320	22,28329	-6,55396	32,11386	-4,58785
3340	39,32299	-3,93249	40,6337	-3,9325
3360	39,32296	-4,58785	39,32295	-4,58785
3380	39,9783	-4,58785	40,63366	-4,58784
3400	39,97829	-4,58784	40,63364	-5,2432
3420	40,63364	-4,58784	40,63364	-5,2432
3440	41,28899	-4,58785	40,63363	-5,2432
3460	41,28899	-4,58784	41,28898	-5,2432
3480	41,28898	-5,24321	41,28898	-5,89856
3500	41,94434	-5,24321	41,28898	-5,89856
3520	41,28897	-5,2432	41,28897	-6,55391
3540	43,25506	-5,24321	48,49804	-5,24319
3560	50,46414	-5,24321	49,80877	-5,2432
3580	49,80877	-5,2432	49,80877	-5,24319
3600	49,80877	-5,2432	49,80876	-5,89855
3620	49,80876	-5,2432	49,80876	-5,24319
3640	49,80875	-5,24319	49,80875	-5,89854
3660	50,46411	-5,89855	49,80874	-5,89855
3680	50,46409	-5,89855	50,46409	-6,55391
3700	49,80873	-5,89855	49,80873	-6,5539
3720	51,77481	-5,24319	64,88224	-2,6217
3740	78,64504	-1,96633	81,92189	-1,96632
3760	81,2665	-1,96632	81,26648	-2,62167
3780	81,92184	-2,62168	82,5772	-2,62167
3800	83,23255	-3,27704	82,57719	-3,27704
3820	83,23254	-3,27705	83,23254	-3,93241
3840	83,23253	-3,27705	83,23252	-3,9324
3860	83,23252	-3,93242	83,23252	-4,58777
3880	83,88788	-4,58779	83,88788	-5,24315
3900	83,88788	-4,58779	83,88787	-5,24314
3920	83,23252	-5,24315	83,88788	-5,89851
3940	83,88787	-5,89852	83,88788	-5,89851
3960	83,88787	-5,89851	83,88787	-6,55387
3980	83,88786	-6,55388	84,54323	-7,20924
4000	83,88787	-7,20924	83,88787	-7,8646
4020	83,88787	-7,86462	84,54323	-7,86461
4040	83,88787	-7,86462	83,88785	-8,51997
4060	84,54322	-8,51997	84,54322	-9,17533
4080	84,54322	-9,17534	84,54322	-9,8307
4100	84,54322	-9,17534	85,19858	-10,48606
4120	87,82003	-8,51998	96,99523	-6,55383
4140	104,85968	-6,55382	105,51503	-7,20917
4160	104,85964	-6,55382	104,20426	-6,55381
4180	104,85963	-6,55382	104,85963	-6,55381
4200	105,51497	-5,89844	105,51497	-5,89844
4220	-53,73752	-6,5538	106,17032	-6,5538
4240	106,17031	-5,89845	106,1703	-6,5538
4260	106,1703	-6,55381	106,17029	-6,55381
4280	106,17029	-6,55382	106,17029	-6,55381
4300	106,17028	-5,89846	106,17028	-6,55381
4320	106,17028	-5,89845	94,37365	-8,51988
4340	56,36229	-13,76279	13,76324	-19,00569
4360	-15,07303	-19,66106	-15,72838	-18,35033
4380	-13,10688	-15,72889	-13,10688	-15,07351
4400	-13,10689	-14,41816	-12,45152	-14,41816
4420	-12,45151	-13,7628	-11,79614	-13,10744
4440	-11,79614	-13,10746	-11,79614	-13,10745
4460	-11,14077	-13,10748	-11,14076	-13,76284
4480	-11,14076	-13,10749	-10,48539	-13,10749
4500	-12,45149	-13,76286	-25,55885	-15,72892
4520	-31,4572	-17,03966	-30,80184	-16,38428
4540	-29,4911	-15,72892	-30,14646	-15,72891
4560	-29,4911	-15,72892	-30,14645	-15,7289
4580	-28,83572	-15,72892	-29,49108	-15,72891
4600	-28,83571	-15,72891	-28,83572	-16,38426
4620	-28,83571	-15,72891	-28,83571	-15,72891
4640	-28,83571	-15,72892	-28,83571	-16,38427
4660	-28,8357	-15,72892	-28,18034	-15,72891
4680	-28,18034	-16,38428	-28,8357	-16,38427
4700	-28,18034	-16,38428	-28,18034	-16,38427
4720	-28,18033	-16,38428	-27,52497	-14,41818
4740	-27,52495	-14,41818	-26,86959	-14,41818
4760	-26,86958	-14,41818	-27,52495	-15,07354
4780	-26,21422	-15,07354	-26,21422	-15,07353
4800	-26,21423	-14,41818	-26,21422	-15,07353
4820	-53,73934	-15,07354	-26,21422	-15,72889
4840	-26,21421	-15,7289	-26,21422	-15,7289
4860	-26,21422	-15,7289	-25,55886	-15,7289
4880	-22,28202	-13,76282	-10,48531	-13,10742
4900	-3,27622	-13,10745	-3,27621	-13,7628
4920	-3,27623	-13,10745	-3,27623	-13,7628
4940	-3,27623	-13,10744	-2,62087	-14,41816
4960	-3,27624	-14,41817	-2,62088	-14,41817
4980	-2,62088	-14,41818	-2,62089	-15,07354
5000	-2,62088	-15,07356	-2,62088	-15,72892
5020	-2,62088	-15,72894	-2,62088	-15,72894
5040	-2,62088	-16,38432	-1,96552	-15,72895
5060	-1,96552	-15,72896	-1,96553	-16,38432
5080	-0,65481	-15,72896	11,79727	-13,76285
5100	24,24935	-12,45213	28,18159	-13,10749
5120	26,87083	-13,10749	26,21545	-13,10748
5140	26,8708	-12,45212	26,8708	-13,10748
5160	26,87079	-13,10749	26,87079	-13,76285
5180	26,87079	-13,10749	26,87078	-13,10749
5200	26,87078	-13,10749	27,52614	-13,76284
5220	27,52613	-13,10748	27,52613	-13,76284
5240	27,52613	-13,10749	27,52612	-13,10749
5260	27,52613	-13,1075	27,52612	-13,10749
5280	28,18148	-13,1075	41,28888	-10,48602
5300	51,77488	-11,79674	52,43023	-11,14139
5320	50,46412	-11,79675	50,46411	-11,79675
5340	51,11947	-11,79676	51,11947	-12,45213
5360	51,77482	-12,45214	51,77483	-13,1075
5380	51,77483	-12,45215	52,43019	-13,1075
5400	52,43019	-13,10751	52,43019	-13,1075
5420	53,08555	-13,1075	53,08555	-13,10749
5440	53,08555	-13,76286	53,74091	-13,76286
5460	58,3285	-12,45212	60,94998	-13,10748
5480	60,29461	-13,10748	60,2946	-13,10747
5500	60,2946	-12,45212	60,2946	-13,10747
5520	59,63924	-13,10748	59,63924	-13,10747
5540	60,2946	-13,76284	59,63924	-13,76283
5560	59,63924	-13,76285	59,63924	-13,76285
5580	60,29459	-13,76285	59,63923	-14,41821
5600	60,29459	-14,41823	60,29459	-15,07358
5620	60,29459	-14,41823	60,29459	-15,07359
5640	60,29459	-15,07359	60,2946	-15,07359
5660	60,94995	-15,07359	60,29459	-15,72894
5680	60,29459	-15,72895	60,29459	-15,72895
5700	60,94996	-15,72895	60,29459	-15,72895
5720	60,94995	-15,72895	64,88215	-14,41822
5740	77,98956	-12,4521	90,44164	-11,7967
5760	93,71845	-12,45208	91,75234	-12,45207
5780	91,75233	-12,45207	92,40768	-12,45207
5800	92,40768	-12,45207	93,06304	-13,10743
5820	93,06305	-13,10744	93,7184	-15,07353
5840	95,02912	-16,38427	96,99522	-19,00572
5860	100,27202	-22,93792	100,92738	-24,90402
5880	100,92738	-24,90404	102,23809	-26,87015
5900	102,23808	-28,83625	102,23809	-29,49162
5920	102,23808	-30,147	102,23808	-32,11308
5940	104,20416	-31,45773	115,34547	-28,83622
5960	120,58843	-28,18085	121,24378	-28,18085
5980	120,58839	-28,18086	120,58838	-28,18084
6000	120,58837	-26,87012	120,58837	-26,87011
6020	120,58836	-26,21476	120,58836	-25,55939
6040	119,93299	-24,90403	119,27763	-24,90402
6060	119,27762	-24,24867	119,27762	-23,5933
6080	119,27761	-23,59331	119,27761	-23,5933
6100	118,62224	-23,59331	119,2776	-23,59331
6120	119,27761	-22,93796	118,62224	-22,93796
6140	118,62224	-22,2826	118,62224	-21,62724
6160	118,62224	-21,62724	118,62224	-22,28259
6180	117,96689	-21,62724	118,62224	-20,97187
6200	117,96689	-20,97188	117,96689	-20,97187
6220	117,96689	-20,31652	117,31153	-20,31651
6240	117,31153	-20,31652	117,31153	-20,97187
6260	117,31153	-20,31652	117,31153	-20,31651
6280	116,65617	-19,66116	116,65617	-19,66114
6300	116,65617	-19,66115	116,00081	-19,66114
6320	113,37934	-19,66114	111,4132	-19,66113
6340	111,41321	-19,00578	112,06857	-19,00577
6360	111,41322	-19,00577	112,72394	-19,00576
6380	120,58838	-17,03966	127,79747	-19,0057
6400	127,14209	-17,695	125,83136	-18,35035
6420	125,83135	-17,69499	125,83135	-18,35035
6440	126,48883	-17,69499	126,48672	-17,69499
6460	126,48671	-17,69499	126,48671	-17,69499
6480	126,48671	-17,03962	127,14207	-17,69499
6500	125,83135	-17,69499	127,14207	-17,69498
6520	127,14207	-17,03963	127,14207	-17,69499
6540	127,14207	-17,695	127,14207	-17,03963
6560	127,14207	-17,03963	127,14207	-17,69498
6580	127,14207	-17,03963	127,79743	-17,03963
6600	127,79743	-17,03963	127,14207	-17,03963
6620	127,14207	-17,03963	127,14207	-17,03963
6640	127,14207	-16,38428	126,48672	-16,38427
6660	127,14208	-17,03965	111,41323	-20,31645
6680	74,7126	-26,8701	35,39046	-33,42373
6700	16,38477	-34,07911	17,69551	-32,76839
6720	19,66163	-30,80232	20,31698	-31,45768
6740	20,31697	-30,80234	20,97235	-31,4577
6760	22,28307	-31,45772	22,28308	-32,11309
6780	22,93844	-32,1131	23,59381	-32,76846
6800	24,24917	-32,76849	23,59382	-34,07921
6820	22,28308	-34,73458	3,93276	-36,70065
6840	-7,8639	-39,32213	-11,14078	-39,32212
6860	-9,17467	-38,01141	-8,5193	-38,01141
6880	-8,5193	-37,35606	-7,86394	-37,35606
6900	-7,86394	-36,7007	-7,86393	-36,70069
6920	-7,20857	-36,04534	-7,86394	-36,04533
6940	-7,20858	-35,38998	-7,20858	-35,38997
6960	-6,55322	-34,73462	-6,55322	-34,73462
6980	-12,45153	-34,07925	-18,34987	-34,73459
7000	-19,00527	-34,07924	-17,69454	-33,42387
7020	-18,34991	-32,7685	-17,69455	-32,7685
7040	-17,69455	-32,11314	-17,03919	-32,11313
7060	-17,03919	-32,11314	-17,03919	-32,11313
7080	-17,03919	-31,45778	-16,38383	-31,45777
7100	-16,38383	-30,80241	-16,38383	-30,80241
7120	-16,38384	-30,80241	-16,38384	-30,8024
7140	-15,72847	-30,14704	-15,72847	-30,80241
7160	-15,72847	-30,80241	-15,72848	-30,80241
7180	-15,07312	-30,14706	-15,07312	-30,80242
7200	-14,41775	-30,14706	-14,41775	-30,80242
7220	-14,41775	-30,80242	-13,76239	-30,80243
7240	-13,76238	-30,80244	-13,10702	-30,14707
7260	-13,10702	-30,14708	-13,10702	-30,80243
7280	-13,10703	-30,80244	-11,14094	-30,14707
7300	1,96647	-27,5256	10,48634	-27,52558
7320	13,10781	-27,5256	11,79707	-27,52559
7340	12,45242	-27,5256	13,10778	-27,52559
7360	13,10778	-27,52561	13,10778	-28,18096
7380	13,10778	-28,18097	13,76313	-28,18096
7400	13,76314	-27,52561	13,76313	-28,18097
7420	13,76313	-28,18098	13,76313	-28,18098
7440	13,76312	-28,18098	13,76313	-28,18098
7460	14,41848	-28,18099	13,76312	-28,18099
7480	13,76312	-28,18099	13,76312	-28,18099
7500	13,76311	-28,181	13,76311	-28,83636
7520	13,76311	-28,18101	13,76311	-28,83636
7540	13,10775	-28,83637	13,76312	-28,83636
7560	13,76312	-28,18101	13,10776	-29,49172
7580	13,76312	-28,83637	13,76312	-29,49172
7600	15,7292	-28,83637	26,87054	-26,87027
7620	33,42684	-26,87027	33,42429	-27,52562
7640	32,7689	-26,87027	32,7689	-26,87026
7660	32,7689	-26,87027	32,7689	-27,52563
7680	33,42426	-26,87028	32,7689	-27,52563
7700	33,42426	-27,52564	32,7689	-28,18099
7720	32,7689	-27,52564	32,7689	-28,83636
7740	32,76889	-28,181	32,7689	-28,181
7760	32,76889	-28,181	32,76889	-28,83636
7780	32,76889	-28,83636	32,76889	-28,83637
7800	32,76889	-29,49173	32,76888	-29,49173
7820	32,76888	-29,49173	32,76888	-30,14709
7840	32,76888	-30,1471	32,76888	-30,14709
7860	33,42423	-29,49173	32,76887	-30,14709
7880	32,76887	-30,1471	32,76887	-30,14709
7900	32,76886	-29,49174	32,76885	-30,14709
7920	38,01179	-29,49173	45,22091	-29,49171
7940	46,53163	-28,83638	45,2209	-29,49172
7960	45,87625	-28,83637	45,87625	-29,49172
7980	45,87625	-29,49173	45,87625	-29,49173
8000	45,87625	-29,49173	45,87625	-29,49173
8020	46,53161	-29,49173	46,53161	-29,49173
8040	46,53161	-28,83638	46,5316	-28,83638
8060	47,18696	-28,83639	46,53159	-29,49174
8080	46,53159	-29,49175	47,18695	-29,49175
8100	47,84231	-29,49175	49,15304	-28,83639
8120	60,29436	-26,87028	66,19272	-27,52563
8140	66,19271	-26,87027	64,88197	-26,87027
8160	65,53731	-26,87027	65,53732	-26,87026
8180	66,19268	-26,21491	66,19268	-26,87027
8200	66,19267	-26,21491	66,19267	-26,21491
8220	66,19267	-26,87027	66,19268	-26,87027
8240	66,19267	-26,87027	66,19267	-27,52563
8260	66,19267	-27,52564	66,19267	-27,52564
8280	66,19267	-27,52565	66,19267	-28,181
8300	66,84802	-27,52565	66,84803	-28,181
8320	65,53729	-28,83637	57,67286	-30,14709
8340	56,36211	-30,1471	57,67283	-29,49173
8360	58,32821	-28,83638	60,94966	-28,18101
8380	78,64467	-24,24879	94,3736	-24,24876
8400	96,33972	-24,24876	94,37359	-24,24875
8420	94,37357	-23,5934	95,02892	-23,59339
8440	94,37355	-23,5934	95,02891	-23,5934
8460	94,37354	-22,93804	94,37353	-22,93803
8480	94,37353	-22,28268	94,37353	-22,93804
8500	94,37353	-22,28268	93,71817	-22,28267
8520	94,37353	-22,28268	93,71817	-22,28268
8540	93,71817	-22,28269	93,06281	-22,93804
8560	93,71817	-22,93805	93,71817	-22,93804
8580	93,06281	-22,28269	92,40744	-22,93804
8600	93,06281	-22,93805	102,23796	-20,31657
8620	114,03466	-20,97189	116,00073	-20,31654
8640	114,03463	-20,31654	113,37926	-20,97189
8660	114,03462	-20,9719	114,03462	-20,97189
8680	114,03462	-21,62726	114,03462	-21,62725
8700	114,68999	-22,28262	114,69	-22,28262
8720	114,68999	-22,28262	114,69001	-22,93797
8740	115,34537	-22,93799	114,69001	-22,93798
8760	115,34537	-22,93798	115,34537	-23,59334
8780	115,34537	-22,93798	115,34537	-22,93797
8800	116,00073	-22,93798	115,34537	-22,28261
8820	115,34537	-22,28261	115,34536	-22,93797
8840	117,31144	-21,62725	129,76348	-17,695
8860	137,62796	-15,72888	138,28329	-16,38423
8880	136,97255	-16,38424	136,97254	-16,38423
8900	137,62791	-15,72887	137,62791	-16,38422
8920	137,62791	-15,72887	137,62791	-15,72886
8940	137,62791	-15,0735	136,97255	-14,41813
8960	136,31719	-13,76277	136,97254	-13,76276
8980	136,31719	-13,1074	135,00647	-12,45202
9000	135,66182	-11,79667	135,00646	-11,14129
9020	134,35111	-11,1413	117,31147	-15,07344
9040	73,40435	-24,24854	19,66145	-31,45754
9060	-21,62677	-32,76827	-24,90361	-31,45755
9080	-21,62676	-27,52539	-20,97138	-26,87002
9100	-21,62676	-25,55931	-21,62675	-24,90394
9120	-20,97139	-24,24858	-20,31602	-23,5932
9140	-20,31602	-22,93784	-19,66066	-22,93784
9160	-20,31602	-22,28248	-19,00529	-22,93784
9180	-19,66065	-22,93785	-19,00528	-23,5932
9200	-18,34993	-22,93785	-19,00528	-24,24857
9220	-18,34992	-23,59321	-19,00528	-24,24857
9240	-18,34992	-24,24858	-19,00528	-24,90393
9260	-18,34991	-24,24858	-18,34991	-24,90394
9280	-18,34992	-24,90395	-19,00527	-25,55931
9300	-18,34991	-25,55932	-18,34992	-26,21467
9320	-18,34992	-25,55932	-18,34992	-26,21467
9340	-18,34992	-25,55933	-19,00528	-26,21468
9360	-19,00528	-25,55933	-19,00528	-26,21469
9380	-18,34992	-25,55933	-19,66065	-24,90396
9400	-19,66066	-24,90397	-19,66066	-24,90396
9420	-19,0053	-24,90396	-19,0053	-24,24859
9440	-19,0053	-24,2486	-19,0053	-24,90395
9460	-18,34993	-24,90396	-19,0053	-24,90396
9480	-18,34993	-24,90397	-18,34993	-25,55933
9500	-18,34993	-24,90397	-18,34993	-25,55933
9520	-18,34993	-25,55934	-18,34993	-26,21469
9540	-18,34993	-26,2147	-17,69457	-26,2147
9560	-16,38385	-25,55935	-1,96568	-22,93787
9580	13,76327	-21,62715	17,69549	-22,93788
9600	16,38474	-22,93788	15,72937	-22,93787
9620	17,04008	-22,93788	17,69544	-22,93787
9640	18,3508	-23,59324	18,35079	-23,59324
9660	18,35079	-23,59325	18,35078	-23,59325
9680	18,35078	-23,59325	19,00613	-24,24861
9700	19,66149	-24,24862	19,66149	-24,90398
9720	19,66148	-24,90398	19,00611	-25,55934
9740	20,31683	-25,55936	19,66146	-26,21471
9760	20,31683	-25,55936	20,31682	-25,55936
9780	20,31682	-25,55936	20,97218	-26,21472
9800	20,97218	-26,21473	20,97472	-26,21473
9820	21,62754	-26,21474	22,2829	-26,21473
9840	22,28289	-26,21474	22,2829	-26,8701
9860	22,2829	-26,21475	22,2829	-26,8701
9880	22,2829	-27,52547	22,28289	-27,52547
9900	28,1812	-25,55939	38,66719	-24,90399
9920	41,94404	-24,90401	40,63329	-25,55937
9940	40,63328	-25,55937	40,63328	-25,55936
9960	41,28864	-25,55937	41,28864	-26,21473
9980	41,28864	-25,55937	41,28863	-26,21474
10000	41,94399	-25,55938	41,28863	-26,21474
10020	41,28863	-26,21474	41,94399	-26,21475
10040	41,28862	-26,21475	32,11347	-27,52547
10060	27,52586	-27,52548	27,52585	-27,52547
10080	28,83658	-27,52548	28,83657	-26,87011
10100	28,18121	-26,87012	28,83657	-26,87011
10120	28,83657	-27,52547	28,83657	-27,52546
10140	28,18121	-26,87011	28,83656	-27,52547
10160	28,1812	-26,87011	28,83656	-28,18083
10180	28,83656	-28,18084	28,18121	-28,18083
10200	28,83656	-28,18085	30,1473	-28,18084
10220	43,91012	-26,21473	51,77459	-26,87009
10240	51,77458	-26,8701	49,80848	-26,87009
10260	49,80847	-26,8701	50,46384	-26,87009
10280	50,46383	-27,52546	50,46384	-27,52546
10300	50,46383	-27,52547	50,46384	-28,18082
10320	50,46384	-27,52547	50,46384	-28,18083
10340	50,46383	-28,18084	50,46383	-28,18083
10360	50,46383	-28,18084	50,46383	-28,8362
10380	50,46383	-28,83621	50,46383	-28,8362
10400	50,46383	-28,83621	50,46382	-29,49157
10420	51,11919	-29,49158	50,46383	-29,49157
10440	50,46382	-28,83622	51,11918	-29,49158
10460	50,46382	-29,49159	51,11918	-29,49159
10480	51,11918	-29,4916	51,11918	-30,14695
10500	51,11917	-29,4916	51,77454	-30,80232
10520	51,77454	-30,14696	51,77454	-30,14696
10540	51,77453	-30,14696	51,77453	-30,14696
10560	51,77452	-30,14697	51,11917	-30,14697
10580	51,77452	-30,14697	51,77452	-30,14697
10600	51,77452	-30,14698	51,77452	-30,14698
10620	51,77452	-30,14698	51,77451	-30,80234
10640	51,77452	-30,80235	52,42987	-30,80234
10660	60,94968	-27,52552	71,43564	-26,87013
10680	79,95545	-25,5594	79,30006	-26,21475
10700	78,64468	-25,55939	78,64468	-25,55938
10720	79,30004	-24,90403	79,30003	-24,90403
10740	79,30003	-24,90403	79,30003	-24,90403
10760	79,30003	-24,90404	79,30003	-25,55939
10780	79,30002	-24,90404	79,30002	-25,55939
10800	79,30002	-25,5594	79,30002	-25,55939
10820	79,30003	-25,5594	79,30003	-25,55939
10840	79,30003	-25,5594	79,95539	-25,5594
10860	79,95539	-25,5594	79,30003	-26,21476
10880	79,30003	-26,87013	81,26612	-26,87012
10900	93,71815	-23,59232	104,85945	-22,93787
10920	107,48339	-22,93789	106,17015	-23,59324
10940	106,8255	-23,59325	106,8255	-23,59325
10960	107,48086	-23,59326	107,48085	-23,59326
10980	107,48085	-22,93791	107,48086	-23,59327
11000	107,48085	-23,59327	107,48085	-23,59327
11020	107,48085	-23,59328	107,48085	-23,59328
11040	107,48086	-22,93793	94,37351	-26,87006
11060	57,67289	-33,42371	17,69532	-38,01123
11080	-5,89798	-38,66661	-5,24261	-36,70054
11100	-1,96577	-34,73448	-1,96579	-33,42375
11120	-2,62116	-32,11304	-3,27651	-30,14695
11140	-3,93187	-28,83623	-3,93186	-27,52551
11160	-4,58722	-26,21478	-5,24258	-25,5594
11180	-5,89793	-23,59332	-7,20865	-22,93794
11200	-7,20865	-21,62722	-7,86399	-21,62721
11220	-14,41765	-21,62719	-24,90356	-22,93791
11240	-28,18041	-22,93791	-26,86966	-21,62717
11260	-27,52501	-20,9718	-28,18037	-20,31642
11280	-28,83572	-20,31642	-28,83572	-20,3164
11300	-28,83571	-20,3164	-28,83571	-20,31639
11320	-28,8357	-20,3164	-29,49106	-20,31639
11340	-29,49105	-20,31639	-28,83568	-20,97175
11360	-28,83568	-20,97176	-29,49104	-21,62711
11380	-28,83568	-20,97176	-28,83568	-21,62712
11400	-28,18032	-21,62713	-28,18032	-21,62713
11420	-28,18032	-21,62713	-28,18032	-22,28249
11440	-27,52496	-22,28249	-27,52496	-22,28249
11460	-27,52496	-21,62713	-27,52497	-22,93786
11480	-26,86962	-22,2825	-26,86962	-22,2825
11500	-26,86963	-22,93787	-26,21427	-22,93787
11520	-26,21427	-23,59323	-25,55891	-23,59323
11540	-25,55891	-23,59325	-25,55891	-24,2486
11560	-25,55892	-24,24861	-24,90355	-24,2486
11580	-24,90355	-24,90398	-24,90355	-24,90397
11600	-24,90355	-24,90398	-19,00526	-22,28253
11620	0,00054000000000087	-19,66106	9,83114	-19,66106
11640	9,83115	-19,66108	8,52041	-20,31642
11660	8,52039	-19,66107	9,17575	-19,66106
11680	9,17575	-20,31643	9,17574	-20,31643
11700	9,83111	-20,31644	9,8311	-20,97179
11720	10,48647	-20,31644	10,48646	-20,9718
11740	10,48647	-20,97088	10,48646	-20,9718
11760	11,79718	-20,97181	11,14182	-21,62717
11780	11,79718	-21,62718	11,14183	-21,62718
11800	11,14182	-21,62718	11,79719	-22,28254
11820	11,79719	-22,28255	12,45255	-22,93791
11840	11,79719	-22,28256	12,45255	-22,93791
11860	12,45255	-23,59328	13,1079	-24,24863
11880	13,10792	-23,59328	22,28306	-20,97183
11900	38,01205	-21,62716	45,22112	-22,28254
11920	43,25502	-22,28254	43,255	-22,28254
11940	43,91035	-22,93791	44,56571	-22,9379
11960	44,5657	-22,93791	44,5657	-23,59326
11980	45,22106	-23,59327	45,22106	-23,59327
12000	45,22106	-23,59328	45,87642	-24,24863
12020	45,87643	-23,59328	45,87643	-24,24864
12040	46,53179	-24,24865	46,53179	-24,90401
12060	46,53179	-24,90401	46,5318	-24,904
12080	46,53181	-24,90402	46,53181	-24,90401
12100	46,53181	-25,55938	47,18717	-25,55938
12120	51,11941	-23,59329	54,39627	-24,90401
12140	53,7409	-24,90403	54,39625	-24,90401
12160	53,74088	-24,90402	53,74089	-25,55938
12180	53,74088	-24,90402	53,08553	-26,21474
12200	53,74089	-25,55939	53,7409	-26,21475
12220	53,7409	-26,21476	54,39626	-26,21477
12240	54,39626	-25,55942	54,39626	-26,21477
12260	54,39627	-26,21478	54,39626	-25,55942
12280	53,7409	-24,90407	53,7409	-24,90407
12300	53,7409	-24,90408	53,08554	-24,90408
12320	52,43019	-23,59337	50,46409	-22,28266
12340	51,11946	-20,97196	50,46411	-19,66124
12360	48,49803	-18,35054	47,1873	-17,03981
12380	46,53195	-16,38446	45,87659	-15,72911
12400	45,87661	-15,07376	45,87661	-14,41839
12420	45,87663	-14,41841	45,22127	-14,4184
12440	44,56592	-13,10768	45,22129	-13,76303
12460	45,22129	-13,10767	45,87666	-13,10766
12480	45,2213	-11,79694	45,22131	-12,4523
12500	45,87667	-11,79694	45,22131	-11,79694
12520	45,22132	-11,79695	45,22132	-12,4523
12540	45,22132	-11,79695	44,56596	-11,79693
12560	44,56596	-11,79694	43,9106	-11,79693
12580	43,9106	-11,79694	43,25523	-11,79693
12600	43,25524	-11,14157	43,25524	-11,79692
12620	43,25524	-11,14157	43,25524	-11,79692
12640	47,18743	-9,83084	62,91631	-7,20935
12660	73,40227	-7,20934	73,40227	-8,52007
12680	72,09152	-7,8647	72,09152	-8,52006
12700	72,74687	-8,52006	72,74687	-9,17542
12720	72,74686	-9,17543	73,40222	-9,17541
12740	73,40222	-9,17543	73,40223	-9,17542
12760	73,40222	-9,17543	73,40222	-9,83078
12780	73,40222	-9,83078	73,40221	-10,48613
12800	73,40221	-10,48615	73,40222	-11,1415
12820	73,40221	-11,14151	73,40221	-11,1415
12840	-53,73763	-11,79687	74,05758	-11,79687
12860	74,05757	-12,45224	74,71295	-12,45223
12880	74,71294	-12,45223	74,71294	-12,45223
12900	74,71294	-13,10759	74,71294	-13,76295
12920	74,71294	-13,76296	74,71294	-14,41832
12940	83,23269	-11,79686	97,65085	-11,14145
12960	102,89379	-9,83074	101,58307	-11,14145
12980	100,92768	-11,14145	102,2384	-11,14144
13000	102,89376	-11,79681	102,89376	-11,79679
13020	103,54912	-11,79681	103,54912	-12,45216
13040	104,20448	-12,45217	104,20447	-13,10753
13060	104,85984	-13,10753	104,85983	-13,76288
13080	105,51518	-13,10753	105,51518	-13,10751
13100	105,51518	-13,10752	106,17054	-13,76287
13120	106,17054	-13,76287	106,17053	-14,41823
13140	106,8259	-14,41824	106,8259	-15,0736
13160	107,48126	-15,07359	108,13662	-15,72895
13180	113,37955	-13,10749	126,48703	-11,79669
13200	133,69607	-11,14132	133,69604	-11,79667
13220	133,69602	-11,79667	133,69601	-11,79667
13240	135,00673	-12,45204	135,66209	-12,45204
13260	135,66208	-13,1074	136,31744	-13,1074
13280	136,31744	-13,76276	136,31745	-13,76276
13300	137,62816	-13,76277	137,62816	-14,41813
13320	137,62815	-14,41813	138,28351	-14,41813
13340	138,28351	-14,41814	137,62815	-14,41814
13360	138,28351	-14,41814	136,97279	-14,41814
13380	137,62815	-14,41814	137,62815	-14,41814
13400	138,28351	-13,76278	136,97279	-13,76278
13420	138,28351	-13,76279	137,62815	-15,0735
13440	125,17618	-19,00568	85,85409	-30,14686
13460	40,63363	-38,01122	11,14458	-40,63267
13480	10,48665	-39,97734	13,7635	-39,32198
13500	15,07422	-38,66664	15,07422	-39,322
13520	16,38495	-39,32202	17,04031	-39,97739
13540	18,35104	-39,9774	19,66176	-41,28812
13560	20,31712	-41,28813	20,97249	-41,94349
13580	21,62786	-41,94351	22,28322	-42,59886
13600	22,28322	-42,59888	22,93858	-43,25423
13620	23,59394	-42,59889	23,59394	-43,25424
13640	24,2493	-43,25425	16,38489	-43,90959
13660	1,96678	-44,56494	0,00063000000000102	-46,53104
13680	1,31136	-45,22032	1,96673	-45,87568
13700	1,96672	-45,22033	1,96673	-45,22032
13720	2,62209	-45,22034	2,62209	-45,87569
13740	2,62208	-45,22034	1,96673	-45,8757
13760	1,96673	-45,8757	2,62209	-45,8757
13780	2,62209	-45,87571	2,62209	-45,87571
13800	2,62209	-45,87572	2,62209	-45,87572
13820	2,62209	-45,87572	2,62209	-45,87572
13840	3,27745	-45,87572	2,62209	-46,53108
13860	3,27745	-45,87573	2,62209	-46,53109
13880	3,27745	-46,5311	2,62209	-46,53108
13900	2,62209	-45,87574	3,27745	-46,53109
13920	3,27745	-47,18647	3,27745	-47,18647
13940	3,27745	-47,18648	2,6221	-47,84184
13960	2,62211	-47,84184	1,96673	-46,53112
13980	1,96674	-47,18648	1,96673	-47,18648
14000	1,96673	-47,18648	1,96673	-47,18647
14020	1,96673	-47,84184	1,31137	-47,84184
14040	1,96673	-47,84185	1,31137	-48,49721
14060	1,96673	-48,49722	1,96674	-48,49722
14080	1,96674	-48,49723	2,62211	-49,15259
14100	1,96674	-49,1526	2,6221	-49,15259
14120	2,6221	-49,1526	1,96674	-49,15258
14140	2,6221	-49,15259	2,6221	-49,80795
14160	8,52042	-47,1865	15,72954	-47,18647
14180	19,66176	-46,53112	19,00638	-47,18647
14200	19,00636	-47,18648	19,00637	-47,18648
14220	19,66172	-47,18649	19,66172	-47,84185
14240	19,66173	-47,18649	19,66172	-47,84185
14260	19,66172	-47,84186	19,66171	-47,84185
14280	20,31707	-47,84185	20,31707	-47,84185
14300	20,31707	-47,84185	20,97243	-48,49721
14320	22,28316	-47,84186	28,18151	-47,84184
14340	31,45836	-47,18649	31,45835	-47,18648
14360	31,45835	-47,18649	31,45835	-47,84184
14380	32,1137	-47,18649	32,1137	-47,84185
14400	31,45834	-47,1865	31,45834	-48,49721
14420	32,1137	-47,84186	31,45834	-47,84185
14440	32,11369	-47,84186	32,11369	-47,84185
14460	32,11369	-47,84186	32,11369	-47,1865
14480	32,11369	-47,84187	32,76905	-47,84187
14500	32,76905	-47,18651	32,76905	-48,49723
14520	32,76906	-47,84188	32,76905	-48,49724
14540	32,76906	-47,84188	26,21538	-48,49722
14560	9,83115	-49,80795	3,27741	-51,11867
14580	4,58815	-50,46332	6,55424	-50,46331
14600	6,55424	-49,80796	6,55424	-49,80795
14620	7,2096	-49,80796	6,55425	-50,46331
14640	7,2096	-50,46332	7,2096	-50,46331
14660	7,2096	-50,46332	7,86496	-51,11868
14680	7,2096	-50,46333	7,86497	-51,11869
14700	7,86497	-51,1187	7,86497	-51,11868
14720	7,86497	-51,11869	7,86497	-51,77405
14740	8,52033	-51,77406	8,52033	-51,77406
14760	7,86497	-51,77406	8,52033	-52,42942
14780	8,52033	-51,77407	8,52034	-52,42943
14800	7,86498	-52,42944	8,52035	-52,42943
14820	8,52035	-53,0848	8,52035	-53,74015
14840	8,52035	-53,74016	9,17571	-53,74015
14860	9,17572	-53,74016	9,17572	-54,39552
14880	9,83108	-54,39553	9,17572	-54,39553
14900	9,17572	-54,39554	9,83108	-55,0509
14920	9,83108	-55,05091	10,48645	-55,05091
14940	9,83108	-55,05091	11,14181	-55,0509
14960	20,31702	-52,42944	30,80296	-53,08479
14980	31,45833	-53,74017	29,49223	-53,74016
15000	30,80294	-53,08481	30,80294	-53,0848
15020	31,45829	-53,08481	31,45829	-53,0848
15040	31,45828	-52,42944	30,80292	-52,42943
15060	30,80291	-52,42944	31,45827	-52,42943
15080	30,80291	-52,42944	30,8029	-52,42943
15100	30,8029	-52,42944	30,8029	-53,0848
15120	30,80289	-53,0848	31,45825	-52,42944
15140	36,70122	-50,46334	40,63345	-50,46332
15160	41,28882	-50,46334	41,2888	-50,46332
15180	40,63344	-49,80797	41,28879	-49,80796
15200	41,28879	-49,80796	41,28879	-49,80795
15220	41,28878	-49,1526	41,28878	-49,80795
15240	40,63343	-49,80796	41,28878	-49,80795
15260	41,28878	-49,80796	40,63342	-49,80796
15280	40,63341	-49,80797	41,28878	-49,80796
15300	41,28877	-49,80796	40,63341	-49,80796
15320	42,5995	-49,1526	55,70695	-47,18647
15340	64,22679	-46,53111	65,53751	-47,18647
15360	64,88212	-47,18648	64,88211	-47,18647
15380	64,88211	-46,53112	65,53746	-47,18647
15400	65,53746	-47,18649	64,88209	-47,18648
15420	65,53745	-46,53113	65,53745	-47,18648
15440	65,53744	-46,53113	65,53744	-47,18648
15460	65,53743	-46,53113	64,88208	-47,18648
15480	65,53743	-47,18649	64,88207	-47,18648
15500	65,53743	-47,18648	64,88206	-47,18648
15520	64,88206	-47,18648	64,88206	-47,18647
15540	65,53742	-47,18648	65,53742	-47,18648
15560	65,53742	-47,18648	64,88206	-47,84183
15580	64,88206	-47,18648	65,53743	-47,84184
15600	64,88206	-47,84185	64,88207	-47,84184
15620	64,88207	-47,18649	64,88207	-47,84184
15640	64,22671	-47,84185	64,22671	-48,49721
15660	64,22671	-47,18649	63,57134	-48,49721
15680	63,57134	-47,84186	66,19279	-46,53113
15700	84,54318	-41,94353	99,61669	-40,63278
15720	100,92742	-39,97742	98,96131	-41,28814
15740	99,61666	-41,28815	100,92737	-40,63279
15760	100,27201	-40,6328	100,92737	-40,6328
15780	100,92736	-41,28817	100,92736	-41,28817
15800	100,92736	-41,28817	100,92735	-41,28817
15820	101,5827	-40,63281	101,58269	-41,28817
15840	102,23804	-40,63281	102,89339	-40,63279
15860	104,20409	-39,32206	105,51479	-38,66668
15880	106,82549	-37,35595	107,48084	-37,35594
15900	107,48083	-36,04522	107,48083	-36,70056
15920	106,17011	-36,70057	105,51476	-37,35593
15940	103,54867	-38,01129	102,23794	-39,32201
15960	100,92721	-39,97737	99,61649	-40,63273
15980	98,9611	-41,2881	97,65037	-42,5988
16000	97,65034	-42,59881	96,99498	-43,25417
16020	96,99498	-43,25417	96,3396	-43,25417
16040	96,3396	-43,25417	95,68424	-43,25417
16060	99,61641	-41,28809	119,27749	-36,0451
16080	138,93854	-32,76825	144,83684	-32,76821
16100	143,52608	-32,76823	143,52606	-32,76823
16120	145,49214	-32,11288	146,14751	-32,76824
16140	146,80287	-32,11288	148,11359	-32,11287
16160	148,76894	-32,11288	149,4243	-32,11287
16180	150,07966	-32,11288	150,73502	-32,11287
16200	150,73502	-31,45752	151,39039	-32,11288
16220	151,39038	-31,45752	150,73502	-32,11288
16240	152,04574	-31,45752	151,39038	-30,80215
16260	152,04574	-30,1468	152,04575	-30,80216
16280	152,04576	-30,80217	152,04576	-30,14681
16300	152,04577	-30,14682	152,04578	-30,14682
16320	152,04578	-30,14683	152,04579	-30,14683
16340	152,04579	-30,14683	152,0458	-30,14683
16360	152,04579	-30,14683	152,04579	-29,49145
16380	152,04579	-30,14682	152,04579	-29,49144
16400	151,39043	-29,49144	151,39042	-29,49143
16420	152,04577	-29,49143	151,39041	-29,49142
16440	152,04577	-28,83606	151,39041	-28,83605
16460	151,3904	-28,83605	136,97234	-32,11284
16480	92,40735	-41,94329	40,63316	-50,46302
16500	-1,96579	-52,42908	-13,10703	-53,08448
16520	-8,51948	-50,46305	-5,89798	-49,80771
16540	-5,24265	-49,15236	-4,58727	-49,80772
16560	-3,27655	-49,15237	-2,62119	-49,15236
16580	-1,96582	-49,15237	-1,31045	-49,15237
16600	-0,65509	-49,15238	-0,65509	-49,80774
16620	0,00027999999999651	-49,1524	-0,65508000000001	-49,80776
16640	0,00028999999999968	-49,80777	-4,58727	-51,11848
16660	-12,45169	-51,77386	-13,10709	-53,08457
16680	-11,79636	-51,77385	-11,14099	-51,77384
16700	-11,79635	-51,77385	-11,14098	-51,77384
16720	-11,14098	-51,77385	-11,14096	-52,42921
16740	-11,14096	-51,77386	-11,14095	-52,42922
16760	-11,14095	-51,77387	-11,14095	-53,08459
16780	-11,14095	-53,0846	-11,14094	-53,08459
16800	-11,14094	-53,0846	-11,14093	-53,73996
16820	-11,14093	-53,0846	-11,14092	-53,0846
16840	-11,14093	-53,08461	-10,48556	-53,0846
16860	-10,48557	-53,0846	-9,8302	-52,42924
16880	3,93257	-47,84169	20,31691	-47,18629
16900	24,24912	-47,84168	22,28301	-47,84166
16920	21,62763	-47,84167	22,28298	-47,84166
16940	22,28298	-47,84168	22,28297	-48,49703
16960	22,28297	-48,49704	22,93833	-48,49704
16980	22,93832	-48,49704	23,59368	-49,1524
17000	22,93831	-48,49704	23,59368	-49,1524
17020	23,59367	-49,15241	24,24903	-49,15135
17040	24,24904	-48,49704	23,59367	-49,1524
17060	24,24903	-48,49704	24,24903	-49,1524
17080	24,24903	-49,15241	24,24903	-49,1524
17100	23,59366	-48,49704	24,9044	-48,49704
17120	38,01182	-45,87557	50,46391	-45,87554
17140	51,77464	-45,87557	50,46389	-46,53092
17160	49,80852	-45,87556	50,46387	-46,53092
17180	51,11923	-46,53093	51,11923	-46,53092
17200	51,11922	-46,53093	51,11922	-46,53093
17220	51,11923	-46,53094	50,46387	-47,18629
17240	51,11922	-47,1863	51,11923	-47,18629
17260	51,77459	-47,84167	51,77458	-48,49703
17280	51,11923	-48,49703	51,11923	-48,49703
17300	51,77459	-48,49704	51,77459	-48,49704
17320	51,77459	-49,1524	51,77459	-49,1524
17340	51,7746	-49,15241	51,77459	-49,80777
17360	51,7746	-49,80778	51,7746	-50,46313
17380	59,63902	-46,53096	76,6787	-45,22017
17400	86,50923	-44,5648	85,85385	-45,22017
17420	85,19846	-45,22018	85,85382	-45,22017
17440	86,50918	-45,87555	86,50917	-45,87555
17460	87,16453	-45,87556	87,16454	-46,53091
17480	87,81989	-46,53092	87,81989	-47,18628
17500	88,47525	-47,18629	87,81989	-47,18628
17520	87,81989	-47,18629	87,81989	-47,18629
17540	88,47525	-47,1863	87,81989	-47,84166
17560	88,47525	-47,84167	88,47525	-47,84166
17580	89,13061	-47,84168	89,13061	-48,49703
17600	89,13061	-48,49704	89,13062	-48,49704
17620	89,13061	-48,49705	89,13061	-49,15241
17640	89,13062	-49,15242	89,78598	-49,15241
17660	89,78598	-49,15242	89,78598	-49,15241
17680	89,13063	-49,15242	89,13062	-49,80779
17700	89,78599	-48,49706	89,13062	-49,80778
17720	89,13062	-49,8078	89,13062	-49,80779
17740	89,13062	-49,8078	89,13062	-49,8078
17760	89,13062	-49,15245	89,13063	-49,15244
17780	89,13063	-49,15245	88,47527	-49,15245
17800	89,13064	-49,80782	89,13064	-49,15245
17820	89,13064	-49,80782	89,13065	-49,15245
17840	89,13064	-48,49709	89,13064	-49,15244
17860	89,13064	-49,15245	88,47528	-49,15244
17880	88,47528	-48,49709	88,47527	-49,15244
17900	88,47528	-49,15245	88,47527	-49,15245
17920	88,47528	-48,49709	88,47528	-49,15246
17940	88,47528	-49,15246	88,47528	-49,15246
17960	88,47529	-49,15247	89,13066	-49,15247
17980	89,13066	-48,49712	89,13067	-49,15248
18000	89,78603	-48,49713	89,78603	-49,15249
18020	89,13067	-48,49714	89,13067	-48,49713
18040	89,13067	-47,84178	89,13067	-48,49715
18060	87,16458	-46,53107	68,15888	-34,73446
18080	41,28869	-26,21462	24,90437	-18,35025
18100	17,69526	-11,14122	17,69527	-10,48588
18120	17,0399	-7,20908	15,7292	-5,89833
18140	13,76312	-3,93224	13,10777	-3,93221
18160	12,45242	-2,62148	11,79706	-1,9661
18180	11,79707	-9,9999999960687E-6	11,79707	-1,0000000003174E-5
18200	11,14172	-0,65537	11,14171	-1,31072
18220	11,14172	-1,31073	11,14173	-1,31072
18240	9,17564	-0,65536	-8,51931	-0,65532
18260	-21,62672	3,9999999998486E-5	-24,24821	4,9999999994554E-5
18280	-22,28211	5,9999999997729E-5	-21,62674	1,31079
18300	-22,2821	0,65543	-22,2821	0,65544
18320	-21,62672	0,65544	-21,62672	8,999999999304E-5
18340	-21,62671	0,65544	-22,28207	8,999999999304E-5
18360	-21,62671	9,0000000000146E-5	-21,62671	8,999999999304E-5
18380	-20,97135	9,0000000000146E-5	-21,6267	8,999999999304E-5
18400	-20,97134	9,0000000000146E-5	-20,97134	9,9999999996214E-5
18420	-22,28206	0,65545	-28,18039	1,31083
18440	-29,49114	1,31082	-28,83578	0,65546999999999
18460	-28,18041	1,31082	-28,1804	0,65546
18480	-28,1804	1,31082	-28,1804	0,65546
18500	-27,52504	0,65546	-27,52503	0,65546
18520	-27,52503	0,65545	-28,18038	0,65546
18540	-27,52502	9,0000000000146E-5	-27,52501	-0,65527
18560	-27,52501	-0,65528	-27,525	-0,65527
18580	-27,525	-0,65528	-27,52499	-1,31064
18600	-27,52499	-1,31064	-27,52499	-1,96601
18620	-27,52499	-1,96601	-27,52498	-2,62137
18640	-27,52497	-1,96601	-27,52497	-2,62136
18660	-27,52497	-2,62137	-27,52497	-2,62137
18680	-28,18033	-3,27674	-28,18032	-3,93209
18700	-27,52496	-3,9321	-27,52496	-3,9321
18720	-26,21423	-3,9321	-14,41754	-1,96599
18740	-5,89769	-2,62137	-5,24233	-1,96601
18760	-6,55307	-1,966	-6,55307	-1,966
18780	-5,8977	-2,62137	-5,24235	-3,27673
18800	-5,24235	-3,93212	-3,93163	-6,55357
18820	-1,96556	-9,17505	0,65589	-11,79651
18840	3,27734	-12,45191	3,9327	-13,10727
18860	4,58806	-13,1073	5,24342	-14,41804
18880	4,58806	-14,41806	5,24343	-14,41807
18900	5,24343	-15,72881	5,24343	-16,38418
18920	5,24342	-16,3842	5,24342	-16,38419
18940	5,24342	-16,38421	4,58806	-16,3842
18960	3,9327	-16,3842	4,58805	-15,72884
18980	3,93269	-15,07348	5,2434	-15,07347
19000	16,38467	-10,48593	34,73514	-9,17515
19020	41,28883	-8,51981	40,63345	-8,51979
19040	39,97807	-7,20906	40,63343	-7,20905
19060	41,28879	-6,55368	41,94414	-6,55366
19080	41,94415	-5,8983	42,59952	-5,24291
19100	43,25489	-4,58755	43,91024	-3,93217
19120	43,91024	-3,2768	44,5656	-2,62142
19140	44,56561	-1,96606	45,22097	-1,96605
19160	46,5317	-1,31069	54,39619	7,9999999996971E-5
19180	58,32843	1,3108	58,32843	0,65546
19200	57,67305	1,31082	57,01766	1,31084
19220	56,3623	1,9662	55,05156	1,96621
19240	54,39619	1,9662	53,74081	1,31085
19260	53,08543	1,31136	52,43006	1,96621
19280	51,7747	1,96621	51,11934	1,31085
19300	51,11932	1,31085	51,11931	1,96622
19320	50,46395	1,31085	51,1193	1,31085
19340	51,1193	2,62157	51,1193	1,31085
19360	51,77467	1,9662	51,77468	1,31084
19380	60,29447	3,27692	74,71272	1,96624
19400	79,95567	1,96621	77,98959	1,31085
19420	77,98956	1,31084	78,64493	0,65548999999999
19440	78,64492	0,65548	78,64492	0,00011999999999546
19460	78,64491	0,00010999999999939	78,64491	-0,65525
19480	78,64491	-1,31062	78,64491	-1,96598
19500	79,30027	-1,96599	78,64491	-1,96599
19520	79,30027	-1,966	79,30027	-2,62136
19540	79,30027	-2,62137	79,30027	-2,62137
19560	79,30028	-2,62138	79,95564	-3,27673
19580	79,95564	-3,27674	79,95564	-3,9321
19600	80,611	-3,27674	79,95564	-3,9321
19620	83,23247	-1,96602	96,33989	1,31088
19640	109,44728	3,93235	111,41342	2,62164
19660	110,75802	3,27698	110,75801	3,27699
19680	111,41337	2,62163	112,06873	2,62163
19700	112,72409	3,27699	113,37945	2,62163
19720	113,37945	2,62164	113,37944	2,62164
19740	114,0348	3,27699	114,0348	3,277
19760	114,69015	3,93236	114,69015	3,27701
19780	114,69014	3,27701	114,69014	3,27701
19800	115,34549	3,93237	115,34549	3,93239
19820	114,69014	4,58773	114,69014	4,58774
19840	114,03478	5,2431	112,72407	5,89847
19860	112,06871	5,2431	89,78617	1,31097
19880	49,15327	-5,24271	4,5881	-9,17486
19900	-18,34981	-10,48562	-16,38371	-8,51951
19920	-14,41757	-6,55343	-15,07295	-6,55343
19940	-15,07295	-5,89807	-15,07294	-5,24271
19960	-14,41757	-5,24271	-13,7622	-5,89806
19980	-13,7622	-5,24271	-13,76219	-5,24271
20000	-13,10683	-5,24271	-12,45147	-5,89807
20020	-13,10683	-5,24271	-12,45145	-5,89807
20040	-17,03902	-6,55344	-24,24809	-8,51953
20060	-24,90348	-7,86417	-23,59275	-7,86416
20080	-23,59275	-7,2088	-23,59275	-7,20879
20100	-22,93739	-7,20879	-22,93738	-7,20878
20120	-22,93738	-7,20879	-22,93739	-7,20879
20140	-22,93738	-7,20879	-22,93738	-7,20879
20160	-22,28202	-7,20879	-22,28202	-7,86415
20180	-22,28202	-7,2088	-22,28201	-7,20879
20200	-22,28201	-7,2088	-22,28201	-7,86416
20220	-21,62665	-7,2088	-21,62665	-7,86416
20240	-21,62664	-7,20881	-22,282	-7,86417
20260	-21,62665	-7,86418	-22,282	-7,86417
20280	-21,62664	-7,86418	-21,62664	-7,86418
20300	-21,62663	-7,86419	-21,62663	-7,86419
20320	-22,28199	-8,51956	-21,62663	-8,51955
20340	-21,62663	-7,8642	-21,62662	-8,51955
20360	-20,97126	-8,51957	-20,97125	-9,17493
20380	-20,31588	-9,17494	-20,31587	-9,17494
20400	-15,07294	-7,86422	-1,96546	-7,20883
20420	4,58825	-6,55349	4,58826	-7,20884
20440	3,93288	-7,20885	3,93289	-6,55348
20460	4,58825	-6,55349	4,58824	-7,20885
20480	4,58823	-7,20886	4,58823	-7,20886
20500	4,58823	-7,86422	3,93286	-7,86423
20520	3,93286	-7,86423	3,93286	-8,51959
20540	4,58822	-7,86424	4,58822	-8,5196
20560	4,58821	-8,51962	4,58821	-9,17498
20580	5,24357	-9,17499	4,58821	-9,83035
20600	8,5204	-8,51964	22,93859	-7,86426
20620	31,45841	-8,51966	30,80304	-9,17502
20640	29,49229	-8,51967	30,14764	-8,51967
20660	30,14765	-9,17503	30,14764	-9,17504
20680	30,14764	-9,17505	30,14763	-9,17504
20700	30,80554	-9,17505	30,80299	-9,83041
20720	31,45834	-9,17506	31,45833	-9,83041
20740	30,80297	-9,17505	30,80296	-9,17505
20760	30,80295	-9,17506	30,80294	-9,17505
20780	30,80293	-9,17505	30,80293	-9,83041
20800	30,80292	-9,17505	33,42438	-7,86432
20820	44,56573	-5,24284	53,08559	-4,58747
20840	55,05168	-5,24285	53,74092	-5,8982
20860	53,74091	-5,89821	53,7409	-6,55357
20880	53,7409	-6,55358	53,74089	-7,8643
20900	53,74088	-7,86431	53,08551	-7,8643
20920	53,08549	-7,86431	53,08548	-8,51967
20940	53,08547	-8,51968	53,08546	-9,17504
20960	53,08546	-9,17506	53,08545	-9,17506
20980	52,43009	-9,17506	52,43008	-9,83042
21000	52,43008	-9,83043	52,43007	-10,48578
21020	52,43007	-9,83043	52,43008	-9,83043
21040	52,43008	-9,83044	57,673	-7,86433
21060	69,46972	-5,24285	81,26643	-4,58747
21080	83,23253	-4,58748	82,57715	-4,58747
21100	82,57714	-4,58747	83,23248	-4,58747
21120	83,23249	-4,58748	83,23248	-5,24283
21140	83,23248	-4,58748	83,23249	-5,24283
21160	83,88785	-4,58749	83,88785	-4,58748
21180	83,88785	-4,58749	83,88786	-5,24285
21200	83,88786	-4,58749	83,88786	-5,24285
21220	83,88787	-4,58749	84,54323	-5,24285
21240	-53,73773	-4,5875	84,54323	-5,24286
21260	84,54323	-4,5875	85,1986	-5,89821
21280	84,54323	-5,89822	85,1986	-5,89822
21300	85,1986	-5,89822	85,1986	-5,89822
21320	85,1986	-5,89823	85,1986	-6,55359
21340	85,1986	-5,89824	85,19861	-6,5536
21360	85,85396	-6,55361	85,1986	-6,5536
21380	85,19861	-6,55361	85,85397	-6,5536
21400	85,19861	-6,55361	85,19861	-7,20897
21420	85,85397	-6,55363	85,1986	-7,20898
21440	85,85396	-7,209	85,1986	-7,20899
21460	85,1986	-7,209	85,85396	-7,86437
21480	85,1986	-7,20902	85,1986	-7,86438
21500	85,1986	-7,20903	85,19861	-7,86439
21520	88,47543	-5,89831	103,54894	-3,93215
21540	112,06876	-3,27679	110,10265	-3,27679
21560	108,7919	-3,2768	108,79189	-3,93215
21580	109,44726	-3,93216	109,44725	-4,58752
21600	109,44725	-4,58753	110,10261	-4,58753
21620	109,44725	-4,58754	109,44725	-4,58754
21640	109,44725	-4,58756	109,44725	-4,58755
21660	110,10261	-4,58757	110,10262	-4,58756
21680	110,10261	-4,58757	110,10261	-4,58756
21700	110,10261	-4,58757	110,10261	-4,58756
21720	110,1026	-3,93221	110,1026	-3,9322
21740	95,6845	-7,20899	57,01775	-14,41798
21760	15,72941	-20,31626	-7,20854	-21,627
21780	-5,89779	-19,66093	-3,27629	-19,00557
21800	-3,27631	-18,35022	-3,93167	-18,35022
21820	-2,62094	-17,69487	-2,62093	-17,69488
21840	-1,96557	-17,03952	-1,96557	-17,03952
21860	-1,96557	-16,38417	-1,96557	-16,38418
21880	-1,96557	-15,72883	-1,96557	-15,72882
21900	-1,96555	-15,07347	-1,96555	-15,07347
21920	-5,24239	-14,4181	-18,34976	-17,03953
21940	-23,59275	-17,03954	-22,93739	-16,38416
21960	-22,28201	-15,72881	-22,28202	-15,07344
21980	-22,93736	-14,41808	-22,93735	-14,41807
22000	-22,93735	-14,41808	-22,93733	-14,41807
22020	-22,93733	-13,76271	-22,93732	-13,76271
22040	-22,93732	-13,76271	-23,59268	-13,7627
22060	-23,59268	-13,10735	-23,59267	-12,45198
22080	-23,59268	-12,45199	-23,59268	-13,10734
22100	-23,59267	-12,45199	-23,59267	-13,10734
22120	-23,59267	-12,45199	-23,59267	-12,45198
22140	-23,59267	-12,45199	-23,59267	-12,45198
22160	-23,59267	-12,45199	-23,59267	-13,10735
22180	-23,59267	-12,452	-23,59267	-13,10736
22200	-23,59266	-12,452	-22,9373	-13,10736
22220	-23,59265	-13,10737	-23,59265	-13,10737
22240	-22,93729	-13,10738	-22,9373	-13,10737
22260	-21,62657	-13,10738	-10,48526	-10,4859
22280	0,00071999999999406	-9,83055	1,31147	-10,48591
22300	0,00071999999999406	-10,48591	0,65607	-10,4859
22320	0,65608	-10,48591	0,65608	-11,14127
22340	0,65608	-11,14127	0,65608	-11,14127
22360	1,31144	-11,14128	1,31143	-11,14128
22380	1,31143	-11,14128	0,65862	-11,14128
22400	1,31143	-11,79665	1,31143	-12,452
22420	1,31142	-11,79666	0,65607	-12,45202
22440	0,65607	-11,79666	-53,73881	-12,45202
22460	1,31143	-12,45202	1,31142	-12,45202
22480	0,65607	-12,45203	0,65606	-12,45202
22500	1,31142	-13,10739	11,79732	-9,17519
22520	30,14777	-7,86443	37,35687	-7,86445
22540	36,04613	-7,86446	34,73538	-8,5198
22560	36,04609	-7,86446	36,70144	-8,51981
22580	36,70144	-9,17518	36,70143	-9,17518
22600	36,70142	-9,17519	36,70143	-9,17518
22620	37,35678	-9,17519	37,35933	-9,83055
22640	38,01214	-9,83056	38,6675	-9,83055
22660	38,01213	-9,83055	38,01213	-10,48591
22680	38,01212	-9,83056	38,01212	-10,48591
22700	38,01212	-10,48592	38,01211	-11,14128
22720	42,59966	-8,51983	57,67323	-6,55369
22740	66,84843	-5,89834	67,5038	-7,20906
22760	66,19304	-6,5537	66,8484	-6,5537
22780	67,50376	-7,20907	68,15912	-7,20906
22800	68,15911	-7,20907	68,15911	-7,20906
22820	68,81446	-6,55371	68,81446	-7,20906
22840	69,46982	-6,5537	69,46982	-7,86442
22860	70,12518	-7,20907	69,46981	-7,86443
22880	70,12516	-7,86444	69,4698	-8,51979
22900	70,12517	-8,5198	70,12517	-9,17516
22920	70,12517	-9,17517	70,12517	-9,82975
22940	70,12517	-9,17516	70,78053	-9,83053
22960	71,43589	-9,83053	70,78054	-9,83053
22980	70,78053	-10,4859	74,05736	-9,17517
23000	92,40769	-5,24294	112,06881	-4,58752
23020	117,96717	-3,93217	115,34567	-4,58753
23040	115,34565	-5,2429	116,65636	-5,24289
23060	116,65637	-5,2429	117,96709	-6,55362
23080	118,62244	-6,55363	119,2778	-7,20898
23100	119,27779	-7,20899	119,93315	-7,86435
23120	120,58851	-7,86436	121,24387	-8,51972
23140	121,89923	-8,51973	121,89922	-9,17508
23160	122,55458	-8,51973	122,55458	-9,83045
23180	123,20994	-9,83046	123,20994	-10,48582
23200	123,8653	-10,48583	123,8653	-10,48582
23220	124,52065	-11,14119	123,86529	-11,14119
23240	125,83138	-9,83046	127,7975	-9,17506
23260	128,45287	-9,83043	129,10821	-9,83043
23280	129,10821	-9,83043	129,10821	-9,17507
23300	129,76357	-9,83043	129,10821	-9,83043
23320	129,76357	-9,83044	129,76357	-9,83043
23340	129,76358	-10,4858	130,41894	-10,4858
23360	131,07431	-10,4858	130,41895	-10,4858
23380	131,07431	-10,48581	131,72967	-11,14117
23400	131,72967	-11,79654	132,38504	-11,79655
23420	133,0404	-11,79656	133,04041	-11,79656
23440	133,04041	-11,14122	133,69577	-11,79658
23460	133,69578	-11,7966	133,69579	-12,45197
23480	134,35115	-12,45198	133,6958	-12,45201
23500	133,6958	-11,79668	133,69581	-12,45206
23520	134,35117	-13,10746	134,35117	-13,76282
23540	134,35117	-13,76285	134,35118	-13,76285
23560	123,20987	-17,69503	83,88777	-26,21475
23580	34,07963	-35,38985	-7,86399	-38,01131
23600	-14,41768	-36,7006	-10,48545	-34,7345
23620	-9,17473	-33,42379	-9,17475	-33,42379
23640	-8,51938	-32,76844	-8,51938	-32,11307
23660	-7,86402	-31,45772	-7,86402	-31,45772
23680	-7,86402	-30,80237	-7,86402	-31,45772
23700	-7,86402	-30,14702	-7,86402	-30,80238
23720	-7,20866	-30,8024	-7,20865	-32,11313
23740	-6,5533	-31,45779	-6,55329	-32,76851
23760	-5,89793	-32,11317	-5,24255	-32,76853
23780	-5,24253	-32,76855	-4,58716	-32,76855
23800	-3,27643	-32,76857	-3,27641	-33,42394
23820	-2,62103	-32,7686	-1,96566	-33,42396
23840	-1,96565	-33,42398	-1,96564	-34,07933
23860	-1,96565	-34,07934	-1,96565	-34,07934
23880	-1,96564	-34,07934	-2,621	-34,7347
23900	-2,621	-34,07935	-2,62101	-34,07934
23920	-4,58711	-32,76862	-4,58711	-32,7686
23940	-4,58711	-32,7686	-4,58711	-32,11323
23960	-4,58711	-32,11323	-4,5871	-32,11322
23980	-4,5871	-31,45786	-4,5871	-31,45786
24000	-5,24245	-30,8025	-5,24245	-31,45785
24020	-5,24245	-30,8025	-5,24245	-30,80249
24040	-5,24244	-30,14714	-5,89781	-30,80249
24060	-5,89782	-30,14713	-6,55317	-30,80248
24080	-6,55317	-30,14713	-6,55317	-30,14712
24100	0,00050999999999846	-28,18103	11,79728	-26,2149
24120	15,7295	-26,87029	15,07412	-26,87027
24140	14,41875	-26,21491	14,41875	-26,87027
24160	14,41875	-26,87026	14,41874	-26,87025
24180	14,41874	-26,87027	14,41874	-26,87026
24200	14,41873	-26,87028	13,76337	-27,52563
24220	14,41873	-26,87028	14,41873	-27,52564
24240	13,76337	-26,87028	13,76337	-27,52563
24260	14,41872	-26,87028	14,41873	-27,52564
24280	14,41873	-26,87028	14,41873	-27,52563
24300	14,41873	-26,87028	14,41873	-27,52563
24320	14,41873	-27,52564	14,41873	-28,181
24340	14,41873	-27,52564	14,41873	-28,18099
24360	14,41873	-28,18101	14,41873	-27,52564
24380	28,18149	-23,59344	48,49805	-23,59339
24400	53,74101	-22,28269	51,77492	-23,5934
24420	51,11952	-23,59341	51,77488	-23,5934
24440	52,43024	-23,59341	52,43023	-24,24877
24460	53,08559	-23,59342	53,08559	-23,59341
24480	53,08558	-23,59342	53,08558	-24,24878
24500	53,74094	-24,24878	53,74095	-24,90414
24520	54,3963	-24,24879	54,3963	-25,55951
24540	55,05166	-24,90416	55,05165	-24,90415
24560	55,05165	-24,90416	55,05165	-25,55952
24580	55,05165	-24,90416	55,05165	-24,90415
24600	55,05166	-24,2488	55,05165	-24,90416
24620	55,05165	-24,2488	55,707	-24,90415
24640	55,70701	-24,24879	59,63919	-22,93806
24660	74,71275	-20,97194	82,5772	-20,31657
24680	82,57721	-20,97194	82,57719	-20,97194
24700	82,57718	-20,31658	83,8879	-20,97194
24720	83,88791	-20,97194	83,88791	-20,97193
24740	83,8879	-20,97194	83,8879	-20,97193
24760	84,54326	-20,97194	84,54325	-21,62729
24780	84,54325	-20,97194	84,54324	-21,62729
24800	84,54324	-21,6273	84,54325	-21,6273
24820	85,19861	-21,6273	85,1986	-22,28266
24840	85,1986	-21,62731	85,85396	-22,28266
24860	85,85396	-21,6273	85,85396	-21,6273
24880	85,85396	-22,28266	86,50932	-22,28266
24900	85,85396	-22,28267	86,50932	-21,6273
24920	86,50932	-20,97194	86,50932	-21,6273
24940	86,50931	-21,6273	85,85395	-20,97193
24960	85,85395	-20,97194	86,50931	-20,97193
24980	98,30593	-17,03973	116,00097	-14,41822
25000	125,17617	-12,45211	123,86543	-12,45211
25020	121,89932	-12,45211	122,55468	-11,79673
25040	122,55468	-10,48602	122,55468	-10,48601
25060	121,89931	-9,83064	121,89931	-9,83064
25080	121,89931	-9,17528	121,89931	-9,17528
25100	121,24395	-9,17528	121,24395	-9,17527
25120	121,24395	-9,17528	121,24395	-9,17527
25140	121,24395	-8,51992	121,24395	-9,17527
25160	120,58859	-9,17527	119,93323	-9,17526
25180	120,58859	-9,17527	120,58859	-9,17526
25200	119,93323	-9,83062	115,34564	-11,14136
25220	114,03489	-11,79673	114,0349	-11,14135
25240	114,0349	-10,486	113,37953	-10,48598
25260	113,37954	-9,83062	113,37954	-9,83061
25280	113,37955	-9,83062	113,37954	-9,83061
25300	113,37954	-9,17525	112,72418	-9,17523
25320	112,72418	-9,17524	112,06883	-9,17523
25340	112,06882	-8,51987	111,41346	-9,17522
25360	111,41346	-9,17522	111,41346	-8,51984
25380	111,41347	-8,51984	110,75811	-8,51983
25400	110,75811	-7,86447	110,75811	-8,51982
25420	110,75812	-7,86446	111,41348	-8,51981
25440	111,41348	-8,51981	95,68465	-11,14123
25460	57,67327	-17,03949	13,10809	-20,31627
25480	-14,41745	-22,28236	-13,76209	-20,97164
25500	-9,82987	-20,31627	-9,82989	-19,6609
25520	-9,8299	-19,66091	-9,17453	-19,6609
25540	-7,86382	-19,66091	-7,20845	-19,66089
25560	-7,20845	-19,6609	-6,55309	-19,6609
25580	-5,89773	-19,6609	-5,24237	-20,31625
25600	-5,24237	-19,6609	-4,587	-20,31625
25620	-3,93163	-19,6609	-3,93163	-19,66089
25640	-3,27627	-19,6609	-2,6209	-19,66089
25660	-2,6209	-19,66089	-2,6209	-20,31625
25680	-1,96554	-20,31626	-1,96553	-20,31625
25700	-1,96554	-20,31626	-5,24238	-20,97161
25720	-9,1746	-22,93772	-9,82999	-22,9377
25740	-8,51926	-22,28235	-9,17461	-22,28233
25760	-9,17461	-22,28235	-9,17461	-22,28234
25780	-8,51924	-22,28234	-8,51924	-22,28233
25800	-7,86388	-22,28234	-7,86387	-22,28233
25820	-7,86387	-21,62698	-7,20851	-22,28233
25840	-7,20851	-22,28234	-7,86386	-22,28233
25860	-7,2085	-21,62698	-7,86386	-22,28233
25880	-7,86386	-22,28234	-7,86385	-22,28233
25900	-7,20849	-22,28234	-7,20848	-22,28234
25920	-7,86384	-22,28234	-7,20849	-22,28233
25940	-7,20848	-22,28234	-7,20848	-21,62697
25960	-7,20848	-21,62698	-7,20848	-22,28234
25980	-7,20847	-22,28234	-7,20847	-22,28234
26000	-7,20848	-21,62699	-7,20847	-22,28234
26020	-7,20847	-22,2816	-7,20848	-22,28235
26040	-6,55311	-22,28236	-7,20847	-22,93771
26060	-7,20846	-22,93772	-7,20846	-23,59309
26080	-5,89774	-24,90383	-3,93151	-39,97719
26100	-5,2421	-55,05062	-5,24215	-53,73987
26120	-5,24214	-51,77379	-5,24216	-52,42914
26140	-4,58681	-52,42915	-4,58681	-52,42914
26160	-3,93146	-52,42915	-3,93146	-52,42914
26180	-3,93146	-52,42915	-3,93147	-52,42914
26200	-3,27612	-52,42914	-3,27612	-52,42913
26220	-2,62075	-51,77377	-2,62076	-52,42913
26240	-1,96539	-52,42913	-1,96539	-52,42913
26260	-1,96538	-52,42913	-1,31003	-52,42913
26280	-0,65465	-52,42913	-0,65465	-53,08449
26300	-0,65465	-53,0845	0,00070999999999799	-53,08449
26320	0,00071999999999406	-53,08449	0,00070999999999799	-53,08449
26340	0,00071999999999406	-52,42913	0,65608	-53,08449
26360	0,65609	-53,0845	0,65608	-53,08449
26380	1,31145	-53,0845	1,31145	-53,73985
26400	1,31145	-53,08449	1,96681	-53,73985
26420	2,62217	-53,08449	2,62217	-53,73984
26440	-9,8298	-60,29342	-47,18557	-79,29891
26460	-53,73947	-91,0954	-53,73949	-94,3722
26480	-53,73949	-92,40611	-53,73949	-92,40612
26500	-53,73953	-93,06149	-53,73953	-93,71685
26520	-53,73952	-93,71686	-53,73952	-95,02758
26540	-53,73952	-94,37224	-53,73952	-95,68295
26560	-53,73952	-95,68297	-53,73952	-95,68297
26580	-53,73952	-95,68299	-53,73951	-95,68299
26600	-53,73953	-98,30442	-53,73954	-101,58125
26620	-53,73956	-101,58125	-53,73954	-100,27053
26640	-53,73956	-100,27054	-53,73956	-99,61517
26660	-53,73956	-99,61519	-53,73957	-98,95983
26680	-53,73956	-98,95984	-53,73956	-98,30447
26700	-53,73956	-98,30449	-53,73957	-98,30448
26720	-53,73957	-97,64913	-53,73956	-97,64912
26740	-53,73956	-96,99377	-53,73956	-97,64913
26760	-53,73956	-96,99378	-53,73955	-96,33841
26780	-53,73954	-96,99379	-53,73954	-96,99379
26800	-53,73953	-96,9938	-53,73951	-96,9938
26820	-53,73951	-97,64918	-53,7395	-96,99383
26840	-53,73948	-97,64922	-53,73947	-97,64922
26860	-53,73946	-97,64924	-53,73945	-98,30461
26880	-53,73945	-97,64927	-53,73944	-98,30463
26900	-53,73944	-97,64928	-53,73944	-98,30464
26920	-53,73943	-97,6493	-53,73942	-98,30465
26940	-53,73941	-98,30466	-53,73939	-98,96001
26960	-53,73937	-99,61539	-53,73932	-101,58145
26980	-53,7392	-104,85819	-50,46229	-112,72245
27000	-37,35533	-121,89732	-24,24891	-125,82907
27020	-41,28843	-126,48407	-53,74027	-125,17314
27040	-53,74027	-112,72135	-53,74027	-102,23566
27060	-53,74027	-100,92514	-53,74027	-100,26995
27080	-53,74027	-96,9933	-53,74027	-96,99326
27100	-53,74027	-95,02721	-53,74027	-93,06087
27120	-53,74027	-96,33728	-53,74019	-93,06047
27140	-53,74027	-87,8176	-53,74027	-83,88543
27160	-53,74027	-81,91936	-53,74027	-80,60863
27180	-53,74027	-78,64256	-53,74027	-76,02111
27200	-53,74027	-74,7104	-53,74027	-80,60863
27220	-53,74027	-85,85152	-53,74027	-92,40522
27240	-53,74027	-94,37183	-53,74027	-93,06135
27260	-53,74027	-95,02765	-53,74027	-95,02783
27280	-53,74027	-91,75121	-53,74027	-88,47455
27300	-53,74027	-84,54242	-53,74027	-83,88705
27320	-53,74027	-81,26563	-53,74027	-78,64421
27340	-53,74027	-75,36744	-53,74027	-72,746
27360	-53,74027	-70,77992	-53,74027	-69,46921
27380	-53,74027	-68,15849	-53,74027	-66,84774
27400	-53,74027	-66,84773	-53,74027	-66,19237
27420	-53,74027	-64,88164	-53,74027	-63,57091
27440	-53,74027	-62,91556	-53,74027	-61,60482
27460	-53,74027	-60,94946	-53,74027	-60,29409
27480	-53,74027	-58,98337	-53,74027	-58,98334
27500	-53,74017	-57,67263	-49,80788	-57,01725
27520	-43,25415	-55,70652	-36,04507	-54,39578
27540	-28,83597	-54,3958	-24,24835	-52,42969
27560	-48,49705	-54,39568	-53,74027	-57,017
27580	-53,74027	-57,01686	-53,74027	-57,01665
27600	-53,74027	-52,42898	-53,74027	-45,87521
27620	-53,74027	-43,90902	-53,74027	-51,11789
27640	-53,74027	-49,15173	-53,74027	-48,4964
27660	-53,74027	-49,80719	-53,74027	-49,80725
27680	-53,74027	-45,87511	-53,74027	-43,25368
27700	-53,74027	-47,18572	-53,74027	-43,25327
27720	-53,74027	-45,2192	-53,74027	-51,77279
27740	-53,74027	-57,01568	-53,74027	-63,56927
27760	-53,74027	-54,39424	-53,74027	-55,04959
27780	-53,74027	-57,67132	-53,74027	-53,73928
27800	-53,74027	-53,73943	-53,74027	-50,46276
27820	-53,74027	-48,49682	-53,74027	-51,77375
27840	-53,74027	-55,05065	-53,74027	-56,36144
27860	-53,74027	-57,67222	-53,74027	-59,63836
27880	-53,74027	-58,98305	-53,74027	-58,98309
27900	-53,74027	-59,63848	-53,74027	-58,98314
27920	-53,74027	-60,29387	-53,74027	-60,94925
27940	-53,74027	-61,60462	-53,74027	-63,57072
27960	-53,74027	-62,91539	-53,74027	-63,57079
27980	-53,74027	-60,94929	-53,74027	-62,25993
28000	-53,74027	-58,9831	-53,74027	-57,01698
28020	-53,74027	-56,36167	-53,74027	-53,7403
28040	-53,74027	-56,36179	-53,74027	-58,32794
28060	-53,74027	-60,29406	-53,74027	-62,26018
28080	-53,74027	-62,9156	-53,74027	-64,22635
28100	-53,74027	-64,88173	-53,74027	-67,50319
28120	-53,74027	-68,15858	-53,74027	-70,12467
28140	-53,74027	-70,78003	-53,74027	-71,43539
28160	-53,74027	-72,09074	-53,74027	-72,74609
28180	-53,74027	-73,40145	-53,74027	-74,05681
28200	-53,74027	-74,71215	-53,74027	-74,71213
28220	-53,74027	-74,71211	-53,74027	-75,36745
28240	-53,74027	-74,71208	-53,74027	-75,36741
28260	-53,74027	-74,71204	-53,74027	-74,71203
28280	-53,74027	-74,05667	-53,74027	-74,05666
28300	-53,74027	-72,74595	-53,74027	-72,09058
28320	-53,74027	-70,77987	-53,74027	-70,77987
28340	-53,74027	-69,46916	-53,74027	-69,46917
28360	-53,74027	-68,15845	-53,74027	-68,15847
28380	-53,74027	-67,50313	-53,74027	-68,15852
28400	-53,74027	-68,15856	-53,74027	-68,81394
28420	-53,74027	-70,12472	-53,74027	-71,43549
28440	-53,74027	-73,40164	-53,74027	-75,3678
28460	-53,74027	-79,95545	-53,74027	-85,85383
28480	-53,74027	-91,75222	-53,74027	-98,96131
28500	-53,74027	-100,27219	-49,80752	-103,54902
28520	28,83692	-104,20444	88,47548	-96,34012
28540	133,69591	-89,78643	157,28911	-89,13097
28560	152,04616	-89,78635	141,56031	-91,75237
28580	136,31737	-91,09696	127,7976	-93,063
28600	116,65634	-92,4076	106,8258	-93,7183
28620	95,02918	-91,75216	82,57719	-91,09677
28640	70,78053	-90,44137	58,32853	-90,44133
28660	46,53187	-88,47523	34,73523	-89,13056
28680	23,59394	-88,47516	12,45266	-87,81978
28700	1,31138	-87,81974	-10,48527	-85,85361
28720	-22,28192	-84,54286	-33,42323	-83,88748
28740	-45,2199	-82,57676	-53,73978	-81,26601
28760	-53,73997	-80,61064	-53,74017	-80,61062
28780	-53,74027	-78,64452	-53,74027	-74,71235
28800	-24,90325	-78,64447	43,25557	-76,67832
28820	96,99561	-69,46924	135,00681	-68,81373
28840	164,49796	-62,25992	202,50859	-58,32743
28860	223,47968	-55,706	228,06708	-67,50246
28880	222,82425	-70,77916	212,99388	-76,67731
28900	204,47418	-78,64334	197,92061	-81,92009
28920	194,64386	-84,54153	190,71174	-86,5076
28940	186,77957	-89,12905	182,19199	-92,40583
28960	176,94907	-93,06118	173,01688	-96,33794
28980	170,39536	-100,27009	168,42919	-102,23614
29000	167,11839	-102,23606	168,42891	-106,16813
29020	173,67142	-108,13409	177,60335	-116,65359
29040	177,60223	-133,6928	178,25743	-150,07679
29060	163,18422	-159,25184	146,80013	-163,18399
29080	127,13921	-169,7376	105,51221	-170,39295
29100	83,88533	-162,52864	62,25845	-153,35359
29120	27,52437	-140,90176	-17,04011	-127,79455
29140	-53,74027	-115,99808	-53,74027	-102,23551
29160	-53,74027	-88,47296	-53,74027	-83,23007
29180	-53,74027	-77,9872	-53,74027	-77,33183
29200	-53,74027	-79,95328	-53,74027	-83,23007
29220	-53,74027	-81,91936	-53,74027	-81,26399
29240	-53,74027	-80,60864	-53,74027	-83,88543
29260	-53,74027	-83,88545	-53,74027	-81,91946
29280	-53,74027	-79,2981	-53,74027	-78,64279
29300	-53,74027	-77,98751	-53,74027	-76,67684
29320	-50,46347	-77,98759	-43,25451	-77,98762
29340	-37,35627	-75,36621	-30,14731	-76,02161
29360	-23,59371	-74,05557	-17,69547	-73,40021
29380	-11,14187	-73,40024	-5,24363	-74,05562
29400	0,65461	-74,711	7,20821	-75,36638
29420	13,10653	-76,02176	17,69415	-76,67712
29440	23,59249	-76,67715	30,14621	-78,64322
29460	36,04454	-78,64322	-53,73967	-79,95394
29480	47,18587	-79,2986	51,77351	-79,95397
29500	57,01649	-80,60935	61,60411	-80,60938
29520	66,19172	-79,29865	70,12395	-78,64329
29540	73,40082	-77,98793	76,67771	-77,33257
29560	79,95459	-75,36648	83,2314	-76,67718
29580	86,50821	-75,36647	88,47435	-75,36644
29600	91,75114	-76,02179	94,37249	-77,33247
29620	79,95416	-76,0216	31,45653	-73,39978
29640	-24,24907	-78,64256	-53,74027	-79,95327
29660	-53,74027	-82,57472	-53,74027	-87,16223
29680	-53,74027	-80,60864	-53,74027	-73,39967
29700	-49,80811	-72,08896	-45,87595	-68,15693
29720	-43,90987	-60,29288	-44,56523	-53,73954
29740	-46,53131	-47,18608	-45,87595	-40,6325
29760	-45,22051	-34,07887	-45,22051	-28,83599
29780	-43,9098	-22,28237	-43,25443	-18,35019
29800	-41,28833	-15,07338	-40,63296	-9,83047
29820	-38,66682	-6,55365	-36,04535	-3,27683
29840	-34,0792	-0,65536	-32,76841	0,65539
29860	-30,14689	1,31076	-35,38981	2,62153
29880	-53,74017	3,93226	-53,74027	4,58763
29900	-53,74019	5,89836	-53,08474	5,89839
29920	-51,77398	7,20912	-50,46322	7,20914
29940	-48,49711	7,20914	-47,18635	7,20914
29960	-46,53095	7,86451	-45,87556	7,86452
29980	-45,22018	9,17524	-43,90943	9,17525
