T	LX	LY	RX	RY
0	0	0	0	0
20	-0,65536	1,31073	-2,62148	2,62147
40	-3,27684	4,58757	-3,27683	5,8983
60	-3,93218	7,20905	-3,27682	7,20905
80	-3,27682	7,86442	-3,27682	7,20906
100	-3,27682	7,86442	-3,27682	7,20906
120	-3,27682	7,20906	-3,27682	7,20906
140	-3,93218	7,20906	-3,93218	7,20907
160	-3,93217	7,20907	-3,93217	6,55371
180	-3,93217	6,5537	-3,93217	5,89834
200	-3,93217	5,89833	-3,27681	5,24297
220	-3,27681	5,89833	-3,27681	4,5876
240	-3,27681	3,27686	-1,96609	0,6554
260	-0,65539	-4,58754	0,65529	-13,10731
280	3,27669	-23,59316	7,2088	-36,04509
300	9,17484	-41,28803	10,48556	-39,32192
320	9,83022	-34,07898	8,51951	-29,49141
340	7,20881	-24,24849	5,8981	-20,31629
360	4,5874	-15,72874	3,93206	-13,10727
380	3,93207	-10,48581	3,27672	-8,51971
400	3,27672	-5,89826	2,62136	-5,89825
420	3,27672	-3,93215	2,62137	-3,93216
440	2,62136	-2,62143	2,62136	-3,2768
460	2,62137	-2,62143	2,62136	-3,2768
480	1,96601	-2,62144	1,96601	-2,62143
500	1,966	-2,62144	2,62137	-3,93217
520	1,966	-3,27681	1,966	-3,93216
540	1,31065	-2,62144	1,31064	-3,2768
560	1,96601	-2,62144	1,96601	-3,27681
580	1,96601	-2,62145	1,96601	-2,62144
600	1,31065	-1,96608	1,966	-2,62145
620	1,966	-2,62145	1,966	-3,27682
640	1,31064	-2,62145	1,966	-3,27682
660	1,31064	-2,62145	1,966	-2,62145
680	1,31064	-3,27681	1,966	-5,24291
700	1,966	-5,89829	2,62136	-6,55365
720	2,62135	-7,20902	2,62135	-7,20903
740	2,62135	-6,55366	4,58744	-8,51975
760	9,1751	-8,51976	9,83062	-8,51976
780	8,51996	-7,20903	8,51994	-5,24292
800	7,86456	-3,27681	7,20917	-3,27678
820	7,20911	-3,93212	7,20907	-5,24281
840	6,55367	-6,55353	6,55364	-7,86423
860	6,5536	-11,14103	7,20892	-15,0732
880	7,2089	-15,07319	7,20889	-13,10706
900	6,55353	-10,48558	6,55354	-8,51947
920	5,89819	-5,898	5,24283	-3,93188
940	4,58747	-1,96578	4,58748	-0,65504
960	3,27676	0,65571	3,93212	1,31108
980	3,27676	1,96644	3,27676	2,62181
1000	3,27676	3,93253	3,27678	3,27717
1020	3,27678	4,58789	3,27679	4,58788
1040	2,62143	5,24325	3,2768	4,58788
1060	3,2768	5,24323	3,27682	5,24322
1080	3,27684	5,24319	3,27686	4,58781
1100	3,93224	3,93242	3,27695	1,31095
1120	5,2432	1,96628	7,20936	1,31091
1140	7,20939	3,93237	7,20941	3,93236
1160	6,55407	3,93236	7,20944	3,93235
1180	7,20944	4,5877	7,86481	3,93233
1200	8,52018	4,58768	9,17555	4,58767
1220	9,83091	5,24303	10,48628	5,24302
1240	10,48629	5,89838	11,14165	5,24301
1260	11,79701	5,24301	11,79702	4,58764
1280	11,79702	5,24301	12,45239	5,24301
1300	12,45239	5,89837	15,7292	5,89836
1320	45,22059	7,86447	62,26017	8,51983
1340	61,60484	9,83056	58,98337	10,48593
1360	58,98338	12,45202	59,63874	12,45202
1380	59,63874	12,45201	59,63874	11,79664
1400	60,2941	12,452	60,2941	13,10735
1420	60,2941	13,76271	60,94947	13,76271
1440	60,94947	14,41807	61,60483	14,41807
1460	61,60484	15,07343	62,26021	15,07343
1480	62,26021	16,38415	62,26021	16,38415
1500	62,26022	17,03952	62,26022	16,38415
1520	66,19241	17,69487	76,02298	19,00562
1540	79,95524	20,31635	77,98915	21,62708
1560	76,67842	23,59319	76,67844	24,90393
1580	76,02308	26,21467	76,02308	26,87003
1600	75,36773	28,18076	75,36772	28,18078
1620	74,71236	28,83614	74,05701	29,49152
1640	74,05702	30,14688	73,40166	30,14689
1660	72,7463	31,45762	72,74631	31,45762
1680	72,74631	32,11298	72,09096	32,11299
1700	72,74633	33,42371	72,09097	32,76835
1720	72,09098	32,76835	72,74635	32,76835
1740	72,74636	33,42371	72,74636	32,11299
1760	72,74635	32,76834	72,74636	31,45795
1780	72,74636	31,45762	72,091	30,80227
1800	68,15878	29,49155	58,32821	27,52545
1820	53,08526	28,18082	53,74065	28,18083
1840	54,39602	29,49155	54,39602	29,49156
1860	54,39602	29,49156	54,39602	28,8362
1880	54,39603	29,49156	55,70675	28,83619
1900	55,70675	28,83618	55,70676	28,18082
1920	55,70675	27,52546	56,36211	26,87009
1940	56,36211	26,87009	57,01747	26,87009
1960	57,01747	26,87008	57,67284	26,21472
1980	58,3282	26,21472	57,67284	24,90399
2000	48,49766	21,62717	39,32252	19,66107
2020	38,66716	20,31642	41,28863	20,97179
2040	41,944	22,28252	43,25472	21,62715
2060	43,91009	22,2825	45,22081	22,2825
2080	45,22082	22,28249	46,53154	21,62713
2100	46,53154	21,62713	47,1869	20,97177
2120	47,1869	20,97176	47,18689	20,3164
2140	47,18689	20,3164	47,84225	19,00567
2160	47,84224	17,69494	48,4976	16,3842
2180	49,80831	15,72883	45,22074	13,76274
2200	41,28854	13,76275	39,97783	14,41811
2220	40,6332	15,07347	40,63319	13,76274
2240	39,97783	13,10736	41,28855	11,79662
2260	57,67263	11,79661	85,85349	11,79663
2280	108,13617	15,07346	111,41312	15,07347
2300	107,48095	17,03957	106,82557	19,00567
2320	107,48093	19,66103	107,48093	20,3164
2340	106,82556	20,97176	107,48091	20,97176
2360	106,82555	22,28248	107,4809	22,28248
2380	106,82554	22,93785	106,82554	22,93785
2400	106,82554	23,59321	106,17018	22,93786
2420	105,51482	22,93786	105,51482	23,59323
2440	104,2041	24,24859	104,2041	23,59324
2460	104,2041	24,90396	104,2041	25,55933
2480	104,2041	26,87005	104,2041	26,87005
2500	103,54874	27,52542	103,54874	28,18078
2520	102,89338	28,18078	103,54874	28,83614
2540	102,89339	29,49151	103,54875	30,14687
2560	102,23804	30,80223	102,89339	30,80224
2580	102,8934	30,80224	102,8934	30,80223
2600	102,8934	31,45759	102,8934	30,80223
2620	102,23802	31,4576	101,58266	32,11297
2640	100,92731	33,4237	100,92731	34,07907
2660	100,92731	34,07907	100,27195	34,07907
2680	100,27195	34,07906	98,30584	32,76833
2700	79,30006	24,24864	46,53147	14,41821
2720	-3,27631	12,45212	-9,17456	14,41822
2740	-7,20841	17,04002	-7,20841	17,69503
2760	-7,20842	18,35038	-7,20842	17,69501
2780	-7,20843	18,35036	-6,55307	17,69499
2800	-7,20844	19,00571	-6,55309	18,35035
2820	-6,5531	19,0057	-6,5531	18,35034
2840	-5,89774	19,0057	-5,89776	18,35033
2860	-5,89777	19,00569	-5,24241	17,69497
2880	-5,24242	17,69496	-5,24242	17,03959
2900	-4,58711	15,0735	-4,58727	13,10739
2920	-5,89804	13,76275	-4,58729	14,41812
2940	-4,5873	15,07348	-3,93194	14,41813
2960	-3,93194	15,07348	-3,27659	14,41812
2980	-3,2766	14,41812	-2,62124	13,76276
3000	-2,62125	13,76276	-1,96589	13,1074
3020	-1,96589	13,10739	-1,31053	12,45203
3040	-0,65518	13,10739	0,00018000000000029	11,79666
3060	-0,65518	12,45203	0,65554	11,79667
3080	0,65554	12,45202	0,65554	11,79666
3100	1,3109	11,79666	1,31091	10,48594
3120	0,00016000000000105	10,48594	-0,65524	10,48594
3140	-0,65524	11,14131	0,00012000000000256	11,14131
3160	0,00012999999999863	11,79668	-0,65523	11,14132
3180	0,00012000000000256	11,14131	0,00012999999999863	10,48595
3200	0,00012000000000256	11,14131	0,00012000000000256	10,48595
3220	0,00012000000000256	11,14131	0,65549	10,48595
3240	0,65548	10,48595	0,65548	10,48595
3260	0,65548	10,48595	0,65548	9,8306
3280	0,65548	10,48596	1,31084	9,83059
3300	0,65547	10,48595	0,65547	9,83059
3320	0,65548	10,48595	3,277	7,8645
3340	16,38458	9,83058	52,4297	11,1413
3360	52,42976	12,45202	48,49758	13,1074
3380	47,84221	13,76277	49,15293	13,76276
3400	48,49756	14,41812	49,15292	13,76275
3420	48,49755	14,41812	48,49755	13,76275
3440	48,49755	14,41811	48,49754	14,41811
3460	47,84218	15,07347	47,84218	14,41811
3480	47,18682	15,07347	47,18681	14,41811
3500	-59,63687	15,07347	47,1868	14,41811
3520	46,53144	15,07346	46,53143	15,07346
3540	46,53143	15,07346	45,87607	15,07347
3560	45,22071	15,72882	43,90998	15,07346
3580	25,55978	12,45201	13,10783	11,79665
3600	11,79712	12,45201	13,10786	12,45202
3620	13,10785	13,76274	13,10784	13,10739
3640	13,10784	13,76274	13,10784	13,10738
3660	13,10783	13,76274	13,7632	13,10737
3680	13,10784	13,76273	13,10784	13,76274
3700	13,10784	14,4181	13,7632	13,10737
3720	13,10784	13,76273	13,76319	13,76273
3740	13,10784	14,4181	13,10784	14,4181
3760	13,7632	15,07346	13,7632	14,4181
3780	13,7632	15,07346	13,7632	14,41809
3800	13,76321	15,07346	14,41857	14,4181
3820	14,41857	15,07346	15,07393	14,4181
3840	14,41857	15,07346	15,07393	15,07345
3860	15,07394	15,07346	15,07394	15,07346
3880	15,07394	15,07345	15,07394	14,41809
3900	15,07395	15,72881	15,7293	15,07345
3920	15,72931	15,72881	15,72931	15,07345
3940	15,72931	15,07345	15,72931	15,07345
3960	15,07395	15,07345	14,41858	14,41809
3980	14,41859	14,41808	38,01164	14,41808
4000	67,50314	16,38417	84,54281	17,03952
4020	89,78585	17,69489	87,16442	18,35027
4040	85,85368	20,31636	86,50904	20,31636
4060	86,50904	20,97172	86,50903	20,97172
4080	85,85367	21,62708	85,85366	20,31635
4100	85,85366	20,97171	85,19829	20,31635
4120	85,85365	20,31634	85,85365	19,00561
4140	85,19829	19,66097	85,85364	19,00562
4160	85,85365	19,66098	85,85365	19,66097
4180	85,19829	20,31633	85,85365	20,31633
4200	85,85365	20,97169	86,50902	20,9717
4220	85,85366	20,97169	83,88755	20,31634
4240	79,95532	20,9717	79,95532	20,97171
4260	79,95533	21,62707	79,95533	21,62707
4280	79,95533	21,62707	79,95533	20,9717
4300	80,61068	20,31634	80,61068	19,66097
4320	80,61067	20,31632	81,26603	19,66096
4340	81,26603	19,66096	81,26602	19,00559
4360	81,26602	19,66095	81,92138	19,66096
4380	81,26602	19,66095	81,26602	19,66096
4400	81,26602	20,31631	80,61066	19,66095
4420	85,85359	21,62705	95,0288	22,93781
4440	97,65032	23,59317	96,99495	24,24855
4460	95,68422	25,55927	96,99494	24,90391
4480	96,33957	24,9039	96,33957	24,9039
4500	95,68421	25,55926	96,33957	24,90391
4520	96,33956	25,55926	96,33956	24,90391
4540	95,6842	25,55927	96,33956	24,90391
4560	95,6842	25,55926	96,33956	24,9039
4580	96,33956	25,55926	94,37346	23,59317
4600	76,67842	13,10738	45,2206	2,62157
4620	-1,31035	-1,96595	-5,89798	-2,62132
4640	-4,58719	0,00012999999999863	-3,27646	0,65549
4660	-3,27646	1,96622	-3,27646	1,9662
4680	-3,27646	2,62156	-2,6211	2,62156
4700	-3,27646	3,27692	-2,62109	3,93228
4720	-2,62109	4,58764	-2,62109	4,58765
4740	-2,62109	5,89837	-2,6211	5,24301
4760	-2,6211	5,89838	-2,6211	5,89838
4780	-2,6211	6,55374	-2,62111	6,55374
4800	-2,62111	6,55374	-2,62111	6,55374
4820	-2,62121	7,86449	-2,62126	9,17523
4840	-2,62124	9,8306	-2,62124	10,48597
4860	-2,62124	11,14133	-2,62124	11,14133
4880	-1,96589	11,14132	-1,96589	10,48596
4900	-2,62126	10,48596	-1,96591	10,48596
4920	-1,96591	10,48596	-1,96592	10,48596
4940	-1,96592	10,48596	-1,96593	9,8306
4960	-1,96593	11,14132	-1,96593	9,83061
4980	-1,96594	11,14132	-1,31058	10,48598
5000	-1,96594	11,7967	-1,31058	11,14134
5020	-1,31058	11,14134	-0,65523	10,48597
5040	0,6556	10,48596	11,79705	12,45205
5060	36,0456	13,10739	35,39026	12,45203
5080	32,11344	13,76276	32,7688	13,76275
5100	33,42415	13,76275	32,76878	13,10739
5120	32,11341	13,76274	31,45804	13,10738
5140	30,80267	13,76273	30,80267	13,10737
5160	30,14731	13,76274	30,80267	13,76273
5180	30,14731	14,41809	30,80267	14,41809
5200	30,80267	14,41808	31,45803	14,41808
5220	31,45803	14,41808	32,11339	13,76272
5240	32,11339	13,76271	32,76875	13,10735
5260	32,76875	13,10735	33,42411	13,10734
5280	33,42411	13,10734	33,4241	12,45197
5300	33,4241	12,45197	33,4241	11,79661
5320	34,07946	11,14124	48,49744	10,48587
5340	63,57091	11,79659	68,81388	11,14122
5360	67,50316	11,79658	67,50315	11,14123
5380	68,15852	12,45195	68,15852	11,79658
5400	68,81388	11,79657	68,81387	10,48585
5420	68,81387	10,48584	68,81387	10,48584
5440	68,81387	10,48584	68,81387	10,48583
5460	68,81387	9,83048	68,81386	9,17511
5480	68,81386	9,83048	68,81386	9,83047
5500	68,81386	10,48583	68,81386	9,17511
5520	68,81386	9,83047	69,46922	9,17511
5540	69,46922	9,17511	69,46922	8,51974
5560	68,81386	9,1751	71,4353	7,86437
5580	83,88732	9,17511	96,33941	9,83049
5600	97,6502	9,83048	95,6841	9,83049
5620	95,02873	11,14121	96,33946	10,48585
5640	95,68409	11,14121	95,68409	10,48584
5660	95,68409	11,1412	96,33945	9,83048
5680	96,33944	10,48583	96,33944	9,83047
5700	96,33944	10,48583	96,33944	9,83047
5720	96,33944	10,48583	95,68408	10,48583
5740	95,68408	11,1412	96,33943	10,48584
5760	96,33944	11,1412	-59,63624	11,1412
5780	95,68407	11,79657	95,68408	11,79656
5800	95,68407	11,79657	95,68407	11,79657
5820	95,68407	12,45192	95,68407	11,79656
5840	95,68407	12,45192	95,0287	11,79656
5860	95,68405	12,45192	95,68405	11,79655
5880	96,99478	12,45191	104,20386	12,45191
5900	106,82538	13,76264	106,82538	13,76265
5920	106,17001	15,72874	106,17001	16,38411
5940	106,17002	17,03947	106,17001	16,38411
5960	106,17002	17,03947	106,17002	16,38411
5980	106,17001	17,03947	106,17001	17,03947
6000	106,17001	17,69483	105,51465	17,03947
6020	106,17001	17,69483	105,51464	17,69483
6040	106,17	18,3502	106,17001	17,69484
6060	105,51464	18,3502	106,17001	17,69484
6080	105,51464	18,3502	106,17	17,69483
6100	106,17	17,69482	106,82536	16,38409
6120	107,48071	15,07335	108,13606	11,79651
6140	109,44676	5,8982	112,72352	-5,24302
6160	110,7573	-22,93784	93,71746	-51,11842
6180	67,50249	-70,77928	24,24834	-75,36676
6200	11,79635	-72,74531	12,45176	-66,19174
6220	12,4518	-59,63813	11,79644	-55,70596
6240	11,14108	-52,42915	11,14108	-50,46306
6260	10,48572	-47,84161	10,48573	-46,53088
6280	9,83037	-44,56478	9,83037	-42,5987
6300	9,83038	-39,97724	9,83038	-39,32187
6320	9,17503	-36,70042	9,17503	-36,04506
6340	9,17503	-34,07896	9,17504	-33,4236
6360	8,51967	-32,11287	8,51968	-32,11287
6380	8,5197	-28,83606	9,17511	-26,86994
6400	7,86439	-24,90385	7,8644	-23,59311
6420	7,86441	-21,62702	7,20905	-21,62702
6440	7,20906	-21,62702	7,20906	-20,97166
6460	7,20905	-20,97166	7,20906	-20,97166
6480	6,5537	-20,31629	7,20906	-20,97165
6500	7,20906	-20,31629	6,5537	-20,31629
6520	6,5537	-19,66093	7,20906	-20,31629
6540	6,55371	-19,66092	6,55371	-19,00556
6560	6,55371	-19,00556	7,20907	-19,00556
6580	7,20907	-19,00556	7,20907	-19,00555
6600	7,20907	-18,3502	7,20906	-19,00556
6620	7,86439	-19,00556	8,51969	-19,00555
6640	7,86433	-17,69482	8,5197	-17,03946
6660	8,5197	-15,72873	8,51969	-15,72873
6680	8,51969	-15,07337	8,51969	-15,72873
6700	8,51969	-15,07337	8,51968	-15,72873
6720	8,51968	-15,07337	8,51968	-15,72873
6740	9,17504	-15,72873	9,17504	-15,72873
6760	9,17504	-15,07337	9,17504	-15,72873
6780	9,17503	-15,07337	9,17503	-15,72873
6800	9,17503	-15,72873	9,17503	-15,72873
6820	9,17503	-15,72874	9,17503	-17,03947
6840	9,17502	-16,38411	9,17502	-17,69484
6860	9,17501	-17,69484	9,17502	-18,3502
6880	9,17501	-17,69484	9,17501	-19,00557
6900	9,17501	-19,00558	9,17501	-19,66095
6920	9,17501	-19,66095	9,17501	-19,66095
6940	9,17502	-19,66096	9,17518	-19,0056
6960	26,87017	-15,72881	32,11314	-15,72881
6980	28,18096	-14,41808	27,5256	-13,10734
7000	27,5256	-11,14126	28,18097	-11,79661
7020	28,18096	-11,79661	28,18096	-11,79661
7040	27,5256	-10,48589	27,5256	-11,14125
7060	26,87024	-10,48589	26,87024	-10,48589
7080	26,21488	-10,48589	26,21488	-10,48588
7100	25,55952	-9,83052	24,90415	-9,83052
7120	24,2488	-9,17516	24,24879	-9,83052
7140	24,24879	-9,83052	25,55952	-9,83052
7160	48,49724	-8,51981	63,57071	-8,51982
7180	-59,63692	-7,86446	62,91538	-7,86445
7200	62,26002	-5,89836	62,26003	-5,24299
7220	62,26002	-5,24299	62,26002	-5,89836
7240	62,26002	-5,89836	62,26002	-5,89836
7260	62,26002	-5,243	62,26002	-5,89836
7280	61,60466	-5,89836	62,26001	-5,89836
7300	61,60465	-5,89836	61,60465	-5,89835
7320	61,60465	-5,24299	61,60466	-5,89835
7340	60,29393	-5,24298	54,39563	-6,5537
7360	48,49731	-6,5537	47,84195	-5,89833
7380	48,49732	-4,58759	47,84197	-3,93223
7400	47,84196	-3,27687	48,49732	-4,58759
7420	48,49732	-3,93223	48,49732	-4,5876
7440	48,49731	-3,93224	49,15267	-4,5876
7460	49,15267	-3,93224	49,15267	-3,93225
7480	49,15267	-3,93224	49,80803	-3,93224
7500	58,98311	-3,27689	78,64418	-1,31079
7520	88,47482	-7,0000000000903E-5	89,13022	-7,0000000000903E-5
7540	87,16412	0,6553	87,16411	1,31067
7560	87,81947	1,96602	88,47482	1,31065
7580	87,81946	1,31065	88,47482	0,65529
7600	87,81945	1,31064	88,47481	1,31064
7620	88,47481	1,31064	88,4748	0,65528
7640	88,4748	1,31064	87,81944	1,31064
7660	88,4748	1,966	87,81943	1,31064
7680	87,81943	1,96599	87,81943	1,31064
7700	87,16406	1,966	87,81942	1,31063
7720	96,99457	1,966	106,82517	3,27673
7740	107,48059	4,58746	106,16985	3,93211
7760	106,16984	5,24283	105,51448	4,58747
7780	105,51448	5,24283	105,51447	3,93211
7800	106,16983	4,58746	106,16983	3,93211
7820	106,16982	4,58746	105,51446	3,9321
7840	106,16982	4,58746	105,51446	3,9321
7860	105,51446	3,93209	106,16981	3,27673
7880	105,51445	3,9321	105,51445	3,27674
7900	105,51445	3,9321	105,517	3,27674
7920	105,51444	3,9321	105,51444	3,27674
7940	104,85908	3,9321	105,51444	3,9321
7960	105,51445	3,93209	112,7235	3,27674
7980	118,62188	5,24283	118,6219	5,24284
8000	117,31116	6,55357	117,31116	7,20894
8020	117,31117	8,51966	117,31117	7,8643
8040	117,31117	7,8643	117,96653	7,8643
8060	117,31118	7,8643	117,31118	7,8643
8080	117,96654	8,51966	117,96654	7,8643
8100	117,96655	9,17502	117,96656	8,51966
8120	117,96656	9,17503	117,96656	9,17502
8140	117,3112	9,83039	117,96656	9,17503
8160	117,3112	10,48575	117,31121	9,8304
8180	117,31121	9,8304	116,65585	9,8304
8200	117,31121	10,48576	117,96657	10,48576
8220	117,3112	9,83039	109,44673	3,93213
8240	85,85332	-5,2429	55,70623	-14,41792
8260	12,45206	-19,66078	-3,93213	-20,97151
8280	-2,62136	-17,69471	-1,31061	-17,03935
8300	-0,65528	-15,72863	0,65543	-15,72864
8320	0,65543	-14,41792	0,65541	-15,07328
8340	1,31076	-15,07328	1,96611	-15,07328
8360	1,9661	-14,41792	1,9661	-14,41792
8380	2,62145	-14,41793	2,62145	-14,41792
8400	2,62144	-13,76256	3,2768	-14,41792
8420	2,62144	-13,76257	3,2768	-13,76257
8440	3,2768	-12,45185	3,2768	-13,10721
8460	3,2768	-12,45185	3,93216	-13,10722
8480	3,2768	-13,10722	3,2768	-13,76257
8500	3,93216	-13,10722	3,93216	-13,76259
8520	3,93216	-13,76259	3,93216	-13,76259
8540	3,93216	-13,76259	3,93216	-14,41796
8560	3,93216	-13,7626	4,58752	-14,41795
8580	3,93216	-13,7626	3,93216	-14,41796
8600	3,93216	-15,07333	3,27688	-15,72871
8620	4,58768	-14,41799	3,93232	-15,07336
8640	3,93232	-13,76262	3,93232	-14,41798
8660	3,93232	-14,41799	3,93232	-15,07335
8680	3,93232	-15,07335	4,58768	-15,72872
8700	3,93232	-15,72872	4,58767	-16,38408
8720	4,58767	-15,72872	4,58767	-16,38408
8740	4,58767	-16,38408	4,58767	-17,03944
8760	4,58767	-17,03945	7,20914	-17,03946
8780	22,28261	-15,72874	31,45776	-15,72875
8800	28,8363	-15,07339	28,18093	-15,07338
8820	28,18093	-14,41802	28,83629	-15,07338
8840	28,18092	-15,07338	28,83628	-15,72875
8860	28,83628	-15,72875	28,83628	-15,72876
8880	28,18092	-15,72875	28,18092	-16,38412
8900	28,18092	-16,38412	28,18092	-17,03948
8920	28,18091	-16,38412	28,18091	-16,38412
8940	28,18091	-16,38412	28,18091	-17,03949
8960	28,18091	-16,38412	28,18091	-17,03949
8980	28,18091	-16,38413	28,83627	-17,03949
9000	28,1809	-16,38413	28,1809	-17,69486
9020	28,18089	-16,38414	28,1809	-17,0395
9040	27,52553	-17,03951	28,18089	-17,69487
9060	28,18088	-17,03951	28,18088	-18,35024
9080	28,18088	-19,00561	28,83624	-20,97171
9100	28,83622	-22,28245	30,14693	-26,87001
9120	31,45763	-32,7683	33,42368	-41,28806
9140	35,38973	-50,46318	36,70042	-56,36147
9160	38,01112	-59,6383	49,80765	-58,32758
9180	66,19183	-54,3954	70,12409	-51,77393
9200	67,50264	-45,87564	66,19193	-40,63272
9220	64,88122	-36,70052	63,57051	-33,42369
9240	62,25979	-30,80223	62,25979	-29,49149
9260	61,60444	-26,87004	61,60444	-25,5593
9280	60,94908	-23,59321	60,94909	-22,93784
9300	60,29372	-21,6271	59,63837	-20,97173
9320	59,63837	-19,66101	59,63837	-19,661
9340	58,98302	-18,35028	59,63838	-18,35028
9360	-59,63714	-18,35027	62,25984	-17,69491
9380	76,67794	-15,07347	84,54243	-13,76274
9400	83,8871	-13,10737	81,92099	-12,452
9420	81,921	-10,48591	82,57636	-11,14128
9440	81,921	-11,14128	81,92099	-11,79665
9460	81,92099	-11,14129	81,92099	-11,79665
9480	81,92099	-11,14129	81,92098	-12,45202
9500	81,92099	-11,79665	81,92099	-11,79665
9520	81,26563	-11,79665	81,26563	-11,14128
9540	81,26563	-10,48593	81,26563	-11,14129
9560	81,26564	-10,48592	81,26563	-11,14129
9580	81,26564	-10,48593	81,26564	-11,14129
9600	81,26564	-10,48593	81,26564	-11,14129
9620	81,26564	-10,48593	81,26564	-11,14129
9640	81,26564	-10,48593	80,61028	-11,79665
9660	77,33342	-12,45201	76,67805	-11,79665
9680	76,0227	54,39472	76,67806	-9,83054
9700	76,02271	-9,83054	76,0227	-9,83055
9720	75,36734	-9,83055	76,0227	-10,48591
9740	76,0227	-10,48591	76,0227	-10,48592
9760	76,02269	-9,83056	76,02269	-11,14128
9780	75,36733	-10,48592	75,36732	-10,48592
9800	75,36732	-10,48593	75,36732	-11,14129
9820	75,36732	-10,48593	73,40122	-13,10737
9840	56,36162	-24,2485	16,38423	-30,80208
9860	-3,27681	-30,80205	-1,96606	-27,52524
9880	-0,65529	-24,24842	-0,6553	-22,93769
9900	-1,31066	-20,9716	-0,6553	-20,31624
9920	-1,31066	-18,35015	-1,30811	-17,03942
9940	-1,96601	-15,07332	-1,96601	-14,41796
9960	-1,96601	-13,10722	-2,62136	-11,7965
9980	-2,62137	-10,48577	-2,62136	-10,48576
10000	-2,62137	-9,8304	-1,96601	-9,83041
10020	-2,62137	-9,17504	-2,62137	-9,83041
10040	-2,62137	-9,8304	-1,96601	-9,83041
10060	-2,62137	-9,17505	-2,62137	-9,83041
10080	-2,62137	-9,17506	-1,96605	-10,48577
10100	-1,96608	-9,83041	-1,96607	-9,8304
10120	-1,96606	-9,17504	-1,96606	-9,17503
10140	-1,96606	-8,51968	-1,96606	-9,17504
10160	-1,96606	-9,17504	-1,96606	-9,17504
10180	-1,96606	-9,17505	-1,3107	-9,83041
10200	-1,96606	-9,17504	-1,3107	-9,83041
10220	-1,3107	-9,17504	-0,65533	-9,83041
10240	-1,3107	-9,83041	-0,65534	-10,48577
10260	-1,3107	-9,83041	-0,65534	-10,48577
10280	-0,65534	-9,83042	-0,65534	-10,48578
10300	-0,65534	-10,48578	1,9999999999243E-5	-11,14114
10320	-0,65534	-11,14114	1,9999999999243E-5	-11,79651
10340	1,9999999999243E-5	-11,79651	0,65538	-12,45187
10360	1,9999999999243E-5	-12,45188	1,9999999999243E-5	-13,10724
10380	0,65537	-13,10724	0,65538	-13,7626
10400	0,65538	-13,10724	0,65538	-13,7626
10420	0,65538	-13,76261	0,65538	-15,07333
10440	0,65537	-15,07334	0,65537	-15,7287
10460	0,65537	-15,07334	1,31073	-16,38407
10480	0,65536	-16,38407	0,65536	-17,03944
10500	1,31072	-17,03944	1,31071	-17,69481
10520	1,31071	-17,03945	1,96607	-18,35017
10540	1,96607	-18,35018	1,96606	-19,00555
10560	1,96606	-18,35019	1,96605	-19,00555
10580	1,96605	-19,00555	1,96605	-19,00556
10600	1,96605	-19,66092	1,96606	-20,31629
10620	5,24303	-20,31632	15,72894	-20,31633
10640	16,38433	-20,31634	15,0736	-20,31633
10660	15,0736	-19,0056	15,72896	-19,66097
10680	15,07359	-19,00561	15,07358	-19,66098
10700	15,07358	-19,66098	15,72894	-20,31635
10720	15,72894	-19,66099	15,07358	-20,31635
10740	15,07358	-19,66099	15,07358	-20,31636
10760	15,07358	-20,31636	15,07357	-20,31635
10780	15,07357	-19,66099	15,07357	-20,31636
10800	15,07357	-19,661	15,07357	-20,31637
10820	15,07357	-20,31637	15,07357	-20,97172
10840	15,07357	-20,31637	15,07357	-20,31637
10860	15,07357	-20,31637	32,11302	-19,66102
10880	51,77401	-18,35031	57,01699	-19,00569
10900	55,70626	-17,69496	55,70626	-17,03959
10920	55,70626	-16,38423	55,70626	-17,69495
10940	55,70625	-17,69496	55,70625	-17,69496
10960	55,70624	-17,69496	55,70625	-18,35032
10980	55,70624	-17,69497	55,70624	-18,35032
11000	55,05088	-18,35033	55,70624	-19,00569
11020	55,05088	-18,35033	55,70624	-19,00569
11040	55,70624	-19,00569	55,05088	-19,66105
11060	55,70623	-19,00569	55,70623	-19,66105
11080	55,05087	-19,66105	55,05087	-20,31642
11100	55,70623	-20,31642	55,05087	-21,62715
11120	52,42938	-21,62716	51,77402	-22,28251
11140	52,42939	-20,31643	51,77403	-20,97178
11160	51,77403	-20,97179	52,42938	-23,59324
11180	52,42938	-25,55935	53,08473	-30,1469
11200	55,05079	-36,04521	58,32752	-49,80787
11220	60,94887	-81,26528	67,50259	-131,72809
11240	79,95457	-180,22472	85,85293	-202,50677
11260	80,61017	-211,0259	74,0566	-214,95746
11280	70,77982	-212,99134	72,74588	-210,36989
11300	73,40126	-203,81646	72,74581	-197,26339
11320	74,71174	-184,15658	75,36689	-171,04959
11340	80,60963	-156,63176	77,98816	-143,5246
11360	73,40059	-131,72812	66,19158	-120,58695
11380	59,63796	-109,44578	55,05043	-100,92608
11400	51,11828	-91,09565	48,49684	-83,88665
11420	45,87541	-77,33303	44,56469	-72,09012
11440	43,25398	-66,84722	58,98272	-62,25968
11460	71,4348	-55,05069	71,43485	-50,46314
11480	67,50268	-44,56485	66,84733	-41,94338
11500	66,19198	-39,9773	66,19198	-38,66657
11520	65,53662	-37,35585	65,53662	-37,35584
11540	64,88126	-35,38975	64,88126	-34,73438
11560	64,22591	-34,07902	64,22591	-34,07902
11580	64,22591	-33,42366	63,57055	-33,42366
11600	63,57055	-32,11293	62,91519	-31,45757
11620	62,91519	-30,80221	64,22592	-30,80221
11640	74,71181	-28,18076	83,23167	-25,5593
11660	83,8871	-22,93784	81,921	-20,97174
11680	81,26565	-18,35027	81,26566	-17,69491
11700	81,26566	-17,03955	81,26566	-17,03954
11720	80,6103	-15,72881	80,61031	-15,72881
11740	80,61031	-15,72881	80,61031	-15,07344
11760	79,95496	-13,76272	79,2996	-13,76271
11780	79,2996	-13,10735	84,54253	-12,45199
11800	91,0963	-10,4859	92,40707	-9,17517
11820	89,78562	-7,20906	89,78563	-5,24295
11840	89,13028	-1,96613	88,47493	-3,0000000002417E-5
11860	87,81958	1,96607	87,81958	1,96608
11880	87,16423	3,2768	87,16422	1,96609
11900	87,16422	2,62144	87,16423	2,62145
11920	87,16423	2,62145	87,16423	2,62145
11940	86,50887	3,27681	87,16423	2,62145
11960	86,50887	3,27681	86,50887	3,27681
11980	87,16423	3,93217	96,3394	3,93218
12000	107,48075	5,89828	110,75765	5,89829
12020	108,79157	7,20902	108,79156	7,86439
12040	108,13621	8,51975	108,79157	7,86439
12060	108,1362	7,86438	109,44692	7,20902
12080	109,44691	7,86438	109,44691	6,55365
12100	109,4469	7,209	109,4469	6,55364
12120	109,44689	7,209	109,44689	6,55363
12140	109,44689	7,20899	109,44689	6,55363
12160	109,44688	7,20899	109,44688	6,55362
12180	109,44688	6,55362	110,10224	5,89825
12200	101,58242	-1,31073	77,98901	-13,10726
12220	47,84192	-20,31618	4,58778	-24,24831
12240	-8,51948	-22,9376	-7,2087	-21,62688
12260	-5,89797	-20,31617	-5,24263	-20,31617
12280	-4,58727	-19,66082	-3,9319	-20,31619
12300	-3,93191	-20,3162	-2,61864	-20,97156
12320	-2,62119	-20,31621	-1,96584	-20,97158
12340	-1,96584	-20,31622	-1,96584	-20,97159
12360	-1,96584	-20,31622	-1,31049	-20,31624
12380	-1,31048	-19,00552	-0,65512	-18,35015
12400	-1,31048	-17,69479	-0,65512	-17,69479
12420	-1,31047	-16,38407	-1,31047	-17,03942
12440	-1,96584	-16,38407	-1,96584	-16,38407
12460	-1,96584	-15,72871	-1,96584	-17,03944
12480	-5,89805	-19,00552	-7,20881	-18,35016
12500	-7,86416	-17,03943	-7,86415	-17,03942
12520	-8,5195	-17,0394	-8,51949	-17,69476
12540	-9,83018	-18,3501	-10,48552	-19,66081
12560	-11,7962	-19,66081	-12,45152	-22,28224
12580	-13,76219	-22,9376	-14,4175	-25,55904
12600	-15,72818	-26,86977	-15,72815	-28,83586
12620	-15,72812	-30,14659	-16,38345	-31,45732
12640	2,62212	-32,11271	36,04581	-30,14667
12660	45,87642	-30,80206	45,2211	-32,11278
12680	43,25502	-31,45742	43,91038	-31,45742
12700	43,91039	-31,45742	44,56575	-32,11278
12720	43,91038	-32,11278	43,91036	-32,76814
12740	44,5657	-32,76815	44,56569	-32,76815
12760	44,56568	-33,42351	44,56566	-33,42352
12780	44,56566	-32,76816	45,221	-32,76817
12800	45,87634	-32,76818	46,5317	-32,76818
12820	47,18706	-32,11283	47,84241	-32,7682
12840	48,49776	-32,11285	48,49776	-33,42358
12860	47,8424	-34,07895	47,18703	-36,04505
12880	44,56554	-38,01113	41,94404	-41,28794
12900	38,6672	-43,25402	35,39034	-47,18617
12920	32,1135	-51,77372	38,66719	-56,36125
12940	51,1193	-57,01663	56,36234	-58,32737
12960	52,43016	-58,32737	50,46404	-57,672
12980	50,464	-56,36128	51,77471	-56,36127
13000	52,43005	-55,70591	53,74075	-55,05055
13020	54,39609	-54,39519	55,05144	-53,73983
13040	55,05144	-53,08447	56,36216	-52,42913
13060	56,36216	-49,80771	57,6729	-49,15236
13080	58,98363	-47,18629	60,94974	-45,87558
13100	61,60511	-43,9095	63,57121	-43,25415
13120	64,88194	-41,94343	66,19266	-40,63272
13140	66,84803	-39,32199	68,15876	-38,66663
13160	68,81412	-37,35591	70,12484	-36,70055
13180	70,12485	-34,73447	71,43557	-34,07911
13200	72,74628	-32,11304	74,05701	-31,45768
13220	74,71238	-30,14696	75,36772	-30,14696
13240	76,02308	-28,83625	81,26601	-28,18088
13260	90,44121	-26,21479	99,6164	-24,24869
13280	100,92719	-21,62722	100,27182	-20,97186
13300	100,27181	-19,66113	101,58253	-19,66113
13320	101,58252	-19,00577	101,58252	-19,00578
13340	102,23788	-18,35042	102,89324	-18,35042
13360	102,89323	-18,35042	103,54859	-18,35043
13380	103,54859	-17,69507	104,20394	-18,35043
13400	104,85931	-17,69508	112,06839	-17,03971
13420	114,68991	-16,38434	114,68991	-15,72897
13440	114,03454	-13,76288	114,6899	-13,10752
13460	114,68989	-11,79679	114,68989	-12,45215
13480	114,68989	-11,14143	115,34525	-12,45215
13500	116,0006	-11,14144	116,65596	-11,7968
13520	117,31132	-11,14144	117,96668	-11,14144
13540	117,31132	-10,48608	117,96668	-10,48608
13560	117,96668	-10,48608	118,62203	-11,14145
13580	118,62203	-11,14146	114,68979	-16,38436
13600	93,71788	-27,52551	61,60466	-38,01121
13620	29,49153	-43,90941	-1,31058	-44,56477
13640	-6,55341	-42,59869	-5,24266	-41,28798
13660	-5,24268	-39,97726	-5,24269	-40,63263
13680	-4,58734	-40,63264	-4,58735	-41,28802
13700	-4,58736	-40,63266	-3,93201	-41,94339
13720	-4,58737	-42,59876	-4,58738	-43,25412
13740	-5,24274	-42,59876	-5,24275	-43,25412
13760	-5,89812	-43,25411	-5,89812	-43,90948
13780	-6,55348	-43,25412	-7,20885	-44,56485
13800	-13,76252	-47,18629	-15,72865	-46,53093
13820	-15,72864	-44,56483	-15,07328	-44,56483
13840	-15,07328	-43,90947	-15,07328	-43,90947
13860	-15,07328	-43,90948	-14,41792	-44,56485
13880	-14,41792	-43,9095	-13,76256	-44,56486
13900	-13,76256	-43,90951	-13,10721	-44,56487
13920	-13,10721	-43,90952	-13,10721	-43,90951
13940	-13,10721	-43,25416	-12,45185	-43,90952
13960	-12,45185	-43,25416	-12,45184	-43,25417
13980	-12,45184	-43,25417	-6,55356	-43,25419
14000	24,24858	-40,63277	41,94352	-39,32206
14020	41,94356	-38,6667	41,28818	-38,01133
14040	41,28819	-36,7006	41,94355	-37,35597
14060	42,59891	-36,70062	42,59891	-38,01135
14080	43,25427	-37,35598	43,25427	-37,35599
14100	43,25427	-36,70062	43,25426	-37,35598
14120	42,5989	-36,70063	43,25426	-37,35599
14140	43,25426	-37,35599	43,25426	-37,35599
14160	43,25426	-37,35599	43,25426	-37,35599
14180	43,25426	-36,70062	43,25425	-37,35599
14200	42,5989	-37,35599	51,77401	-36,04528
14220	62,91532	-34,07921	65,53684	-34,07921
14240	63,57073	-33,42384	63,57073	-32,76847
14260	63,57074	-32,11311	63,57074	-32,11311
14280	64,22609	-32,11311	64,22609	-32,76848
14300	64,22609	-32,76848	64,88145	-32,76848
14320	64,22609	-32,76848	64,22609	-32,76848
14340	64,88145	-32,11312	64,88145	-32,76848
14360	64,88145	-32,11312	64,88145	-32,76848
14380	64,88144	-32,11312	64,88144	-32,11313
14400	64,88144	-32,11313	64,88144	-32,11313
14420	64,88144	-32,11313	64,88143	-32,11313
14440	64,88142	-31,45777	64,88142	-32,11314
14460	64,88142	-31,45778	64,88142	-32,11314
14480	64,88141	-31,45778	64,88141	-31,45778
14500	64,88142	-30,80243	64,8814	-31,45778
14520	64,88141	-31,45778	64,8814	-31,45779
14540	64,22604	-30,80243	64,8814	-31,45779
14560	64,22603	-31,4578	64,22603	-32,11315
14580	64,22602	-32,11316	63,57066	-32,76852
14600	63,57066	-32,76852	63,57066	-33,42388
14620	62,91529	-34,73461	62,91528	-36,70069
14640	62,25992	-38,01141	62,25992	-41,28822
14660	60,94919	-43,25431	60,94918	-46,53111
14680	59,63846	-47,84183	58,98309	-50,46328
14700	57,67237	-53,08472	57,017	-56,36153
14720	56,36164	-58,98298	55,70627	-61,60443
14740	55,05091	-62,2598	54,39555	-62,2598
14760	53,08483	-62,91516	52,42947	-62,91517
14780	52,42947	-63,57054	52,42947	-64,88128
14800	52,42947	-64,88128	51,77411	-64,88129
14820	51,11875	-64,22594	51,11876	-64,8813
14840	51,11875	-64,22595	51,11876	-62,91521
14860	51,11876	-61,60449	51,11876	-61,60449
14880	51,11876	-60,94914	51,11875	-60,94914
14900	51,11876	-60,29378	51,11876	-61,60451
14920	51,11876	-60,94915	51,11876	-60,94915
14940	51,77412	-60,94915	51,77412	-60,94916
14960	51,77412	-60,29379	53,08485	-61,60452
14980	49,15264	-69,46886	28,18081	-93,71729
15000	-11,14119	-117,31038	-21,62723	-131,72835
15020	-15,07377	-139,59273	-13,1077	-141,55884
15040	-11,1416	-140,90347	-9,8309	-140,90347
15060	-8,5202	-140,90348	-7,20948	-142,86958
15080	-5,24341	-146,14641	-1,96662	-153,3554
15100	1,96551	-163,18585	7,20836	-174,98238
15120	13,10656	-184,15745	18,34941	-193,3325
15140	24,24763	-201,19683	30,80118	-210,37184
15160	34,7333	-216,92538	36,04403	-221,51286
15180	33,42256	-224,78956	32,11183	-227,41092
15200	31,4565	-225,44483	30,14583	-218,89127
15220	28,17976	-212,33774	27,52439	-207,75027
15240	26,86903	-206,43958	26,86902	-207,09497
15260	26,869	-207,09497	28,17971	-210,37175
15280	29,49048	-220,85743	27,52483	-245,10538
15300	25,55925	-256,90083	24,24872	-252,31293
15320	28,83646	-242,48254	32,76873	-235,92893
15340	35,39021	-230,0307	38,01163	-232,65213
15360	41,28836	-240,51646	41,28814	-247,72541
15380	36,045	-246,41494	32,76794	-242,48349
15400	27,52481	-233,30889	22,93711	-225,44482
15420	22,2816	-216,26992	21,62617	-208,40567
15440	19,66006	-200,5414	16,38324	-193,98782
15460	13,76179	-186,1235	9,8296	-178,9145
15480	5,89741	-171,05015	1,96523	-164,49652
15500	-0,00086999999999904	-158,59826	-2,62232	-152,70001
15520	-4,5884	-146,80176	-6,55449	-142,86959
15540	-7,20986	-139,59278	-7,86522	-136,31597
15560	-8,52058	-133,03916	-9,17594	-131,72844
15580	-9,17594	-130,41773	-9,83129	-130,41774
15600	-9,83128	-129,10703	-10,48663	-129,76239
15620	-15,07417	-134,34995	-18,35101	-136,31608
15640	-18,35099	-133,69463	-17,69562	-130,4178
15660	-19,00634	-127,14099	-19,00634	-125,1749
15680	-19,00634	-123,20882	-18,35097	-123,20881
15700	-18,35097	-121,89809	-18,35096	-120,58737
15720	-18,35097	-119,27664	-17,6956	-119,27663
15740	-17,6956	-116,65518	-17,04023	-117,31053
15760	-17,04024	-115,34446	-16,38487	-115,34445
15780	-17,04022	-114,03372	-16,38486	-114,03372
15800	-15,07414	-113,37836	-14,41877	-114,03372
15820	-13,76341	-113,37835	-13,10804	-113,37835
15840	-12,45267	-113,37835	-11,79731	-115,34445
15860	-10,48659	-115,99982	-9,83122	-116,65519
15880	-9,83122	-115,99983	-9,17585	-115,99983
15900	-7,86514	-114,6891	-7,2098	-117,96589
15920	-7,20983	-121,24272	-7,20982	-119,932
15940	-7,20982	-117,31054	-7,86518	-115,99982
15960	-7,86518	-114,03373	-8,52054	-112,723
15980	-9,17591	-110,75691	-9,17591	-109,44618
16000	-9,83127	-107,48009	-10,48664	-107,48008
16020	-10,48664	-106,82472	-10,48665	-107,48009
16040	-9,8313	-111,41228	-5,24379	-119,932
16060	9,17426	-126,48555	22,9371	-131,07296
16080	47,84104	-131,07287	57,6716	-136,97107
16100	57,67161	-146,80152	58,32696	-146,80155
16120	52,42876	-136,31572	43,90906	-125,17453
16140	36,04472	-112,72267	28,83578	-103,5476
16160	24,24827	-95,68326	20,97148	-91,09573
16180	19,0054	-88,47429	19,0054	-89,78503
16200	19,66074	-92,4065	19,66073	-91,0958
16220	18,35001	-87,1636	17,0393	-83,23141
16240	15,07322	-81,26532	11,14098	-74,05625
16260	19,66053	-58,98269	16,38368	-43,90922
16280	10,48548	-26,21435	7,20875	-11,79629
16300	3,27666	1,96638	0,65529	11,79687
16320	-2,62144	19,00589	-3,93212	23,59346
16340	-5,89816	28,18103	-6,55348	30,8025
16360	-7,20883	32,11323	-7,20883	32,11323
16380	-7,20882	33,42396	-7,86416	34,07935
16400	-8,51951	36,04544	-8,51951	35,39007
16420	-8,51951	36,04544	-11,79635	43,25443
16440	-15,72852	47,84194	-17,03921	49,80803
16460	-17,03918	53,08482	-17,69451	53,74019
16480	-17,6945	54,39554	-17,69449	53,74019
16500	-18,34985	54,39554	-18,34984	53,74019
16520	-17,69448	54,39554	-17,03913	52,42947
16540	-17,03914	53,08482	-17,03912	53,08483
16560	-17,03912	52,42946	-16,38377	49,80803
16580	-15,72843	48,4973	-16,38379	49,15267
16600	-17,03914	49,80802	-16,38379	47,18659
16620	-15,07311	41,9437	-10,48573	29,49186
16640	-3,277	4,58792	5,89798	-38,66617
16660	18,35002	-96,99349	43,25376	-138,28115
16680	64,88099	-159,90753	101,58166	-166,46077
16700	125,1751	-165,80542	138,2826	-168,42685
16720	148,76856	-167,7715	159,2545	-165,80541
16740	163,18674	-163,18398	165,15286	-163,18397
16760	167,11899	-164,4947	168,42972	-166,46077
16780	173,67268	-167,11614	176,29419	-168,42685
16800	180,88178	-167,7715	187,4355	-166,46077
16820	190,71243	-163,83934	190,05718	-160,56253
16840	184,81437	-154,6643	174,98398	-152,04285
16860	5,90111	-151,3875	169,7411	-150,07677
16880	162,53217	-144,17854	154,66787	-139,59101
16900	152,04643	-137,62494	150,73573	-136,31421
16920	148,76966	-134,34814	147,45897	-132,38205
16940	145,49291	-129,76062	146,80366	-131,07133
16960	146,80366	-132,38206	148,11439	-133,69277
16980	148,11439	-135,0035	148,76976	-141,55709
17000	152,70192	-154,00894	169,08587	-172,35901
17020	184,15912	-197,2627	188,7466	-224,78781
17040	185,46965	-245,10398	184,1587	-252,31317
17060	186,77998	-251,00325	188,74591	-246,41634
17080	188,09032	-237,2417	189,40094	-226,10086
17100	188,74549	-216,92598	188,09008	-209,06174
17120	187,43471	-201,85282	186,77933	-196,60996
17140	186,12396	-192,02246	185,46859	-188,0903
17160	184,81322	-186,12423	184,81321	-184,81352
17180	183,50249	-182,84742	183,50249	-180,88135
17200	182,84713	-178,91527	182,19177	-177,60454
17220	181,53641	-176,29382	181,53641	-176,29381
17240	180,88105	-174,9831	179,57033	-173,01701
17260	178,91498	-171,70628	178,91499	-171,70628
17280	178,91499	-171,70628	173,67207	-171,05089
17300	146,80199	-164,49708	111,41209	-155,97717
17320	88,47426	-148,11282	85,19749	-142,86995
17340	85,85288	-138,28243	85,85286	-136,31637
17360	85,1975	-134,35029	85,1975	-133,69494
17380	85,1975	-132,38423	85,1975	-132,38423
17400	85,1975	-131,72888	85,85286	-133,69496
17420	85,85286	-136,31642	86,50822	-136,31642
17440	85,85286	-134,35033	85,85286	-135,00569
17460	85,85286	-134,35034	85,85285	-134,35034
17480	85,85285	-133,69497	86,5082	-133,69497
17500	86,5082	-133,69497	86,50819	-133,69497
17520	86,50818	-132,38425	87,16354	-132,38425
17540	86,50817	-132,38425	86,50817	-133,03962
17560	87,16353	-132,38426	85,85279	-134,35033
17580	71,43467	-138,93779	53,73967	-141,55915
17600	42,59844	-140,24842	42,59846	-138,93772
17620	43,90918	-137,627	43,90917	-137,62701
17640	43,90916	-137,62701	44,56452	-138,28238
17660	45,21987	-138,28239	45,21987	-138,93776
17680	45,87522	-138,93776	45,87522	-138,93777
17700	45,87521	-137,62705	45,87521	-138,93777
17720	46,53057	-138,28241	46,53056	-138,93778
17740	46,53056	-138,28241	47,18592	-138,93778
17760	47,18592	-138,28242	47,18592	-138,93778
17780	47,18592	-138,28243	47,18592	-138,93779
17800	51,1181	-140,24853	60,94864	-143,52538
17820	62,91475	-143,52541	60,94866	-142,21467
17840	60,94865	-140,24858	60,94865	-140,24858
17860	61,60401	-139,59322	61,60401	-140,90395
17880	60,94865	-140,24858	61,604	-140,90395
17900	61,604	-140,90394	62,25936	-141,55932
17920	62,25936	-140,90395	62,25936	-141,55931
17940	62,25935	-141,55931	62,91471	-142,87003
17960	62,91471	-142,87003	63,57006	-144,83612
17980	64,88078	-148,11294	78,6435	-159,25416
18000	95,68312	-168,42929	103,54758	-175,63828
18020	104,20293	-175,63829	104,20291	-176,29365
18040	105,51362	-174,98292	106,16898	-174,32757
18060	106,16897	-174,98293	106,82432	-175,63829
18080	106,82431	-174,98293	107,47968	-174,98294
18100	107,47967	-174,32758	107,47967	-174,98294
18120	107,47967	-173,67222	106,8243	-174,32759
18140	107,47966	-172,36151	107,47966	-173,01687
18160	107,47966	-172,3615	107,47965	-172,3615
18180	107,47965	-171,70614	107,47965	-171,70614
18200	106,82429	-171,05078	107,47964	-171,70615
18220	107,47964	-172,36152	107,47964	-173,01688
18240	107,47963	-172,36153	107,47963	-173,0169
18260	100,27057	-168,42929	83,231	-159,90943
18280	68,81292	-152,70039	64,88075	-149,42359
18300	66,19149	-146,14679	65,53612	-146,14679
18320	65,53611	-145,49144	66,19147	-145,49144
18340	66,19146	-145,49146	66,84682	-146,14682
18360	66,84682	-145,49146	66,84682	-145,49146
18380	67,50217	-145,49147	66,84681	-145,49147
18400	67,50216	-144,18075	67,50216	-145,49147
18420	67,50217	-144,18075	67,50217	-144,83612
18440	66,8468	-143,52539	66,19145	-142,87002
18460	66,8468	-142,21466	66,8468	-142,87003
18480	66,19144	-142,21467	66,84681	-142,87003
18500	66,19144	-140,90394	66,8468	-141,55931
18520	66,19144	-140,90395	66,19144	-140,90395
18540	66,19144	-140,90395	66,19144	-141,55931
18560	66,8468	-142,21467	67,50216	-142,87004
18580	66,8468	-145,49149	66,19142	-152,7005
18600	66,19141	-153,35589	66,19142	-152,04516
18620	66,19142	-151,3898	-59,6377	-150,73443
18640	66,19142	-151,38979	66,19141	-152,04516
18660	66,84677	-152,04516	66,84677	-152,70052
18680	66,84677	-152,70052	67,50213	-152,70052
18700	67,50213	-152,04516	67,50213	-152,70052
18720	67,50213	-152,04516	67,50213	-152,70052
18740	67,50213	-152,70052	67,50212	-153,35588
18760	67,50213	-152,70053	67,50212	-153,35589
18780	67,50212	-153,35589	67,50212	-154,01125
18800	67,50212	-153,35588	67,50212	-154,01125
18820	67,50212	-154,01125	67,50212	-154,66661
18840	67,50211	-154,66662	72,08966	-154,66663
18860	90,44004	-152,04519	110,75658	-151,38985
18880	115,99962	-152,70061	113,37816	-152,04524
18900	113,37813	-150,73451	114,03349	-150,73452
18920	114,03348	-151,38989	114,68882	-152,70063
18940	114,68882	-152,04528	114,6888	-153,35601
18960	114,6888	-152,70065	114,68879	-153,35602
18980	114,68879	-152,70066	115,34414	-155,32212
19000	115,34414	-156,63285	115,34413	-156,63285
19020	115,34413	-155,97749	115,34413	-156,63286
19040	115,34412	-155,9775	115,34412	-155,9775
19060	112,06728	-158,59894	104,85819	-163,18647
19080	100,92597	-163,18647	101,58134	-162,53111
19100	101,58134	-161,22039	101,58133	-161,2204
19120	101,58133	-160,56504	101,58132	-161,87576
19140	101,58132	-161,22041	101,58132	-161,22041
19160	101,58132	-161,22041	101,58131	-161,22041
19180	101,58131	-160,56505	102,23667	-161,22041
19200	101,5813	-160,56505	102,23666	-160,56505
19220	101,5813	-159,90968	101,5813	-159,90969
19240	100,92593	-157,9436	100,92593	-157,9436
19260	100,92592	-157,28824	100,27057	-156,63287
19280	100,27057	-156,63286	100,27056	-156,63287
19300	100,27056	-155,9775	100,27056	-155,97751
19320	99,6152	-155,32214	99,6152	-154,66679
19340	100,27056	-154,66678	100,27056	-155,32215
19360	100,27056	-155,32215	100,27056	-157,9436
19380	100,27056	-157,9436	101,58128	-156,63288
19400	109,44575	-145,49168	117,31031	-134,35045
19420	119,93186	-130,41826	117,96578	-129,10754
19440	117,31041	-126,48608	117,31041	-125,17536
19460	117,3104	-123,86464	117,96576	-125,83073
19480	117,96576	-125,83073	118,62111	-126,4861
19500	118,62111	-127,14146	119,93184	-131,07366
19520	121,24255	-136,97193	123,86398	-148,1131
19540	127,14077	-163,84179	133,03898	-188,0902
19560	138,28183	-215,61535	136,97116	-239,86361
19580	128,4516	-263,45637	118,62142	-272,63106
19600	114,03401	-275,25204	110,75728	-273,94094
19620	116,00018	-269,35331	123,86448	-265,4214
19640	128,45193	-260,17892	133,69474	-254,93638
19660	138,28214	-240,51869	140,90348	-228,06697
19680	143,5249	-218,23665	143,52488	-211,68309
19700	141,55877	-205,12949	140,24802	-199,23125
19720	138,28192	-192,67764	136,31582	-187,43474
19740	134,34972	-182,19185	132,38364	-177,60432
19760	131,07292	-174,3275	130,41756	-170,39534
19780	129,10684	-165,8078	129,10684	-163,18636
19800	128,45148	-159,90955	128,45148	-158,59883
19820	128,45148	-155,97739	128,45147	-154,66667
19840	128,45146	-152,70058	127,7961	-152,04522
19860	127,79609	-150,73449	127,79608	-150,07913
19880	127,14071	-148,7684	127,14071	-148,76841
19900	127,1407	-147,45768	127,1407	-148,11304
19920	127,14069	-146,14696	127,14069	-146,80232
19940	126,48532	-144,83624	127,14069	-144,83624
19960	126,48533	-145,4916	127,14068	-145,49161
19980	126,48532	-144,83625	127,14068	-144,18089
